7048
1
7612
6235
7819
9745
5714
1039
4082
7952
1692
3262
4736
7038
6013
447
5506
7671
5176
6031
57
1675
7040
963
4050
9784
3513
1691
9036
4472
1356
4279
8526
695
7597
7589
2462
2664
1578
949
2834
1045
4316
4850
3916
1486
8998
8687
1087
2065
6440
1175
5153
9630
1142
6144
6337
5700
2623
2180
4835
3104
9849
1337
9374
6759
3208
7191
8003
2841
9360
9982
6556
3712
5205
625
2834
7210
7512
2776
7741
2608
8949
2363
9049
8471
7180
2390
4835
5751
9626
4912
3939
4308
2140
9448
6314
4327
8015
6790
8064
7033
9993
7962
63
2842
1381
6274
9225
7271
9793
799
2776
3895
3190
8303
7541
3167
1232
931
6258
3027
4179
5926
2881
46
2419
7390
9514
9399
5094
8276
7749
4075
1186
150
7522
6343
7706
574
2449
1670
7267
8309
2019
9958
8567
5895
3880
7877
2362
9255
1759
7059
7691
3763
3116
6961
1198
1579
9944
4408
937
9134
8463
7447
2248
5403
5848
9534
5583
2701
1687
1782
3528
5923
2944
1276
8540
1597
5423
9734
7950
2679
9953
6331
4215
7046
7559
7477
8208
8717
8026
4191
8230
1487
3293
5896
2611
3464
3334
3395
2479
6145
9793
6198
9001
1061
3823
6190
2271
9153
5763
4649
3363
6867
9148
8904
8281
4016
3236
8618
4952
1044
6409
8421
2021
1270
6994
7515
3397
306
3144
6501
5113
722
6591
7362
5361
9907
1440
8215
2466
7798
4177
9243
7512
6941
5982
6305
2570
1086
3152
707
8782
5957
7571
7540
5275
8577
8262
8458
1524
3553
418
3610
5937
7677
6181
6029
4104
5331
303
5779
1194
9223
4931
6107
8850
1380
2541
3075
598
4632
7895
2667
7200
7231
6646
8326
5198
2063
2213
666
8584
6136
9332
6110
4761
8700
2119
9191
268
8500
4167
5246
7950
9583
6749
7279
8729
3381
6489
9237
7840
4136
2225
9083
9349
1656
8925
4592
3393
9509
2843
5911
9010
1427
5231
1779
9443
4439
9615
7264
4246
7090
2171
3542
4518
2994
9355
1669
6440
9817
7481
190
2145
476
1808
818
7293
926
7826
455
2765
5763
5690
9493
3310
1068
3722
8771
2892
1817
1988
9570
8216
6553
6855
8
2053
9355
6114
8261
9368
6636
9480
8998
1261
1066
9069
2938
2437
8907
6811
6746
9837
8639
140
939
7110
4905
4552
9425
8317
9726
4629
6415
4670
8718
2943
7265
2633
2019
3555
9140
4707
5283
1619
9610
2366
2819
5898
6229
9427
8206
4913
7776
7633
9436
2373
2173
562
1422
4059
5490
2475
2219
3045
2725
4539
3656
8839
4508
9020
3894
3783
2108
410
8998
1898
5603
6573
9223
776
3519
4028
3273
3365
7374
5872
3408
7280
8503
4889
8164
4213
428
8078
1655
8227
8302
8779
637
1916
4728
4828
737
1096
6380
3255
2173
8641
4670
9412
7795
6569
6742
1945
3094
9231
2416
2422
160
625
1815
2531
438
8793
1197
6397
8471
722
1362
861
8376
2965
3837
4656
3882
8898
9376
4740
8371
696
2825
1769
4846
3323
8788
1076
3885
7471
7911
7065
2591
9342
3996
6429
1119
4695
1130
4356
6178
5466
4562
3280
9922
1850
6770
6249
5182
6756
6259
9146
9756
5924
9202
2280
5517
601
2391
4368
4718
4715
737
5983
4501
9544
7281
7517
4030
7933
7917
683
9247
1275
1227
5637
733
974
6049
9974
1612
3435
4227
7629
6425
3139
9025
7193
984
2479
6110
9537
4652
2992
9578
4136
2696
4730
3234
1569
5530
2146
5254
9597
8738
3923
112
2944
2581
3425
6791
2885
7753
7167
1190
2831
3239
8409
2667
2661
6239
320
1913
1907
550
7275
1316
484
7016
6488
9560
2448
4817
8843
3824
6851
1698
6682
3589
2955
8994
1281
2334
1557
2482
6457
4714
5863
555
7242
6399
338
3325
7630
954
9164
7043
2501
8770
5327
9814
4917
9003
8694
1714
650
7357
8268
1429
5189
8648
5529
3898
4545
1702
8770
3781
7656
6635
6251
9220
9927
3547
6939
6198
9390
2133
8006
7481
2283
8963
7074
3500
1320
2631
4518
7043
7140
6507
4806
3693
1475
3410
805
7552
3197
6090
4502
3581
2602
6385
5231
2556
2542
4235
8916
7543
3960
7559
7484
6245
7127
6868
5806
8936
8275
2273
3080
9668
1030
5865
4684
9525
9388
1479
2891
1259
9760
1322
8773
6940
120
168
7640
2061
4040
2487
2027
1222
8473
514
6017
4605
2744
4579
9482
4972
1757
8044
925
829
7610
577
6639
9103
4981
1389
5179
9115
843
5396
6440
2797
3923
658
1760
7713
7855
439
9253
7996
1602
6654
4715
6103
879
4900
2015
7566
9965
9648
595
8678
3788
5059
2229
1189
2881
4603
2855
6882
3909
1287
4377
737
7623
9515
3874
4543
8870
3557
8642
4608
4046
8061
3975
2028
7971
6228
638
9932
4515
9607
5829
4387
8432
7979
3287
5033
4155
6179
9184
2494
8295
8430
4584
5237
8607
7709
5406
478
3556
9906
8360
8907
6847
1906
3197
1728
428
6411
1282
3088
2023
3166
989
5771
1179
8105
3068
8127
734
8257
7469
7277
2652
1380
7719
4245
7098
1051
2859
7326
3550
5545
7567
4320
2477
2109
7707
9936
8882
9606
7143
5494
6526
9999
1976
8995
5020
1921
6102
4545
5133
4374
5150
3913
4207
1853
2963
7939
9577
9920
9361
7414
517
232
9243
4026
868
8850
913
122
3766
925
2993
3143
4997
7016
8222
3494
1211
6488
953
3398
8170
8383
7195
3648
5542
883
3513
3179
9084
7784
24
7941
8751
6858
527
5369
5042
8684
6906
6083
4165
553
3718
263
4336
683
6781
6783
2373
4108
7206
6924
4908
7952
4264
1285
1939
960
1629
8801
1219
1093
9511
163
7536
4147
5204
4812
1434
6692
2435
9968
972
4065
7829
7033
664
441
2528
2895
7564
2854
1104
432
190
9143
1376
1857
1877
4260
2383
9151
1947
4921
3357
2340
5400
9052
4074
7610
9294
3539
4558
1458
777
4623
3606
1263
3162
9638
499
8899
490
8430
1495
8590
2873
9430
4083
5730
6353
259
8090
9548
7396
7713
3294
5967
3773
943
2662
1901
8781
1077
8785
9865
4559
2810
1458
7637
4247
683
1364
4924
9509
1915
6391
9489
1427
9020
4885
6913
5777
8761
9664
2086
4323
3429
8244
8914
4789
7251
405
7944
9098
3328
567
5514
6561
2702
9962
3667
4206
1049
9416
2650
4833
5106
8647
2125
3537
4244
8845
3704
9955
9152
2438
7513
807
753
1075
6591
3298
677
7418
2537
2104
6191
3676
1167
6702
252
3107
1417
2927
5110
6347
1258
208
9525
5818
2750
5618
2967
1171
7313
654
4020
833
7439
6960
2974
6032
3580
104
2069
3309
4135
3001
2489
8402
7200
3931
5964
8626
7634
2930
4158
560
1849
1751
6857
8185
7077
5100
7948
3251
9506
8441
6533
1299
8051
4729
1144
7683
3061
4863
2130
6717
2560
8488
8777
1907
2810
5596
9642
4493
8001
7192
6946
8605
302
2056
5582
6736
5269
2489
5272
1864
4068
4359
3871
3924
7994
3765
2006
751
7717
3130
8855
8068
8127
1533
647
8806
8741
1393
950
1437
8007
3411
8627
5666
3556
6905
5267
4407
876
918
6798
4276
7662
6627
9054
4766
8126
1284
668
5553
4234
1271
6377
7086
358
8735
7622
7153
109
7835
3831
3674
6942
3480
9853
9189
728
9388
929
644
8445
3281
6744
7457
5744
2977
2146
2870
9644
8319
4774
8156
2831
4551
9657
4946
6594
7034
5728
1099
7269
6455
9229
7221
1596
7478
5111
1294
2525
6090
9581
6819
440
2845
4056
2605
5108
1618
3044
3173
2806
9779
6348
8777
4070
3312
5129
5405
4229
8407
7459
3534
4239
8988
7192
9420
4382
2268
4908
8581
1659
3001
7099
2070
1786
1368
1782
3019
8771
9692
9203
771
822
3365
4107
1375
3499
8047
5663
166
6228
9761
7596
7257
4347
4396
9983
8403
798
426
1334
407
4529
4008
4041
8374
6607
4027
4063
5038
1764
7811
3746
392
8773
8311
6231
347
6740
8874
2993
7564
3156
2892
4524
703
7056
6064
9371
1293
1191
7625
2886
7122
2220
9956
9810
4146
9540
150
5454
3753
1916
1251
4899
7759
1984
128
3078
6870
285
9010
9469
4143
493
8994
4077
3526
4979
9462
7334
645
5130
521
7466
4836
2070
5352
708
6870
7365
6552
4532
4349
4894
5648
3662
1779
7855
9936
9960
9218
2219
6591
3702
9679
9552
7641
9872
4335
7690
9690
4045
8666
4846
1903
2537
7147
6095
7563
9310
4587
4369
6420
3563
4374
569
5675
4663
4258
4129
3988
1145
7361
5866
5694
7727
885
3179
7788
2856
2611
8247
1742
1375
1451
8496
7455
9555
2991
9055
5881
7811
4262
157
3554
170
6003
6913
5286
4893
2980
500
762
4101
417
9892
8222
3836
9036
6670
5155
6992
8378
7976
5672
4226
2834
7644
1533
6922
767
5403
5836
237
8922
2293
551
9132
3157
7860
4298
4005
3205
5792
6320
762
3377
6258
716
2948
8340
6854
9782
1537
2983
8375
1517
9958
3657
7778
6757
4929
2362
8420
9374
1676
4809
1722
4658
2737
3730
3502
1057
7919
287
5393
2979
2835
9213
5376
7226
3451
2374
3082
3582
5574
6764
4517
5325
6253
204
9663
4422
7320
5513
6230
8534
9752
8836
7134
5067
9874
550
5410
6249
8818
4572
7893
4722
6974
32
2632
3235
4873
1244
6479
3521
9637
5708
4112
6700
2286
1420
3464
8525
1365
7753
446
1055
1102
8031
1599
1849
616
9601
9822
1909
3944
349
6267
4692
781
7915
9424
214
8561
2596
9864
4189
5482
2720
4295
3263
9656
2094
5441
6766
1005
2356
3215
7807
7672
859
9356
2198
5523
9698
9231
5546
5427
8304
2609
9230
9545
1044
7555
4794
6212
1817
7918
2392
812
1111
7259
2270
8867
4732
9663
5250
844
3603
1293
8990
1996
744
414
3004
1570
4005
1860
5642
9669
8701
5173
5921
18
8904
6187
9172
637
5916
9595
5368
3110
9449
5253
7044
8567
2106
254
4601
3238
1415
3190
3525
2420
6466
5995
813
6498
7278
3271
1383
1104
6020
857
7128
8942
1554
6197
4840
802
1008
7253
5491
4965
2500
1189
7485
458
3917
3048
1028
2644
5706
8356
1207
3916
2800
7360
3117
9226
8640
41
7404
4100
9171
5878
2066
4353
4898
7932
4147
7369
3467
4520
8361
660
1276
2513
7643
3407
9353
1243
4490
5518
2959
5299
6041
6191
8390
9617
5683
6273
3678
27
6865
5065
7560
9592
3720
4699
5541
4869
8037
6158
2392
6339
8736
9020
8308
5359
3410
2122
6926
6854
3664
3807
7501
2571
4505
1343
8033
4893
8451
5947
1480
2891
9312
5186
2151
7710
2086
5527
7632
3801
5171
4401
3460
3981
6024
4286
6523
169
3696
3318
9935
233
3430
9762
54
2284
3946
2303
5181
9498
5272
3292
3339
4951
495
3218
9736
294
11
4216
1349
8193
4419
1644
6765
1949
3306
3259
8635
8290
7792
5228
912
3508
3702
7064
2667
5355
9300
7417
2925
6716
2389
426
4218
9451
8672
1549
1915
713
7166
7479
4299
145
6858
5684
8359
8459
3029
2977
7222
3684
3124
6170
3055
94
9462
1472
4808
2742
5188
8487
8523
7091
1830
6534
8384
1612
6899
1050
5593
610
4202
519
935
5782
5868
9379
8487
8569
8711
238
5966
2007
3746
4226
2461
6114
4796
5696
5763
1660
9530
8957
8583
2434
9989
5453
254
3036
3274
7261
1903
8944
6150
2336
7337
8932
640
1113
4979
9971
1729
1459
1479
2273
7320
4888
981
7191
4609
534
9172
9350
8129
7125
3854
1367
6820
1480
7666
9670
8033
2779
1567
7257
9898
266
2613
7273
7347
4551
8710
9452
8084
6007
4693
4920
6646
4034
6756
3431
5006
4454
7802
1148
3089
3605
1724
7807
5938
8040
1281
860
8348
2505
1280
9645
3133
3846
3901
6656
4202
4874
4877
6955
9716
2586
6549
7348
9438
2233
9527
9751
3695
2574
2837
5238
5127
1535
6491
373
6993
4912
7233
4637
7498
6758
2032
3731
2836
538
9416
7982
1625
4919
5074
7256
9047
8792
5613
6548
8535
9491
7689
7871
3606
8564
8039
6205
2556
1953
9727
7777
7181
8925
8308
1792
9810
9504
3248
8058
2444
9025
2936
9756
3358
2147
7632
291
8381
8391
6545
4252
1613
1641
3867
4667
2732
4661
9850
6475
86
3330
151
9161
1490
2125
4803
8361
1359
9012
3210
2510
8103
6497
9504
7160
6309
5122
56
9130
9817
6915
9101
948
172
8894
5343
486
7256
8885
2768
7178
1817
3140
6813
4605
4783
3464
7491
3803
4368
590
3995
5336
220
8712
146
9872
8863
5256
5743
8657
798
7933
5718
5869
864
4207
5817
4494
8850
5468
7042
4965
9721
3566
1349
3951
1749
8467
9812
2519
7734
4352
798
2810
9971
6050
1967
202
9636
2095
9045
8762
9716
7644
6294
3790
7053
9899
3078
6919
6353
9002
5560
8869
10
6468
2570
434
9738
7360
2141
980
7169
2863
2193
4744
2859
5712
143
4971
6855
6023
5430
3558
5133
347
8938
546
4057
1500
5792
7729
4439
1796
5432
1116
8650
4909
8801
707
5716
5573
1189
4813
9183
3901
5317
7164
2948
2598
2327
624
4081
6808
8126
8709
3370
1356
6126
7429
4223
4305
4114
7727
6709
8401
7871
6884
551
7338
3873
5354
5247
4162
1378
703
3772
6448
6868
3522
2648
1312
4818
1381
6144
1350
8811
1155
859
6717
3155
299
2026
2310
9488
5282
6773
5496
4177
978
7082
1663
7885
9645
8230
7394
4917
5754
3721
5967
8528
9900
7712
3442
4857
9182
3198
8216
8739
1275
6101
3468
6158
2334
8618
7482
3092
1995
9560
3376
9586
3571
2233
2908
4146
6420
7071
1529
817
6799
8245
8980
2822
7891
1244
5395
4435
30
2210
3800
7587
2017
3143
5010
7801
6795
4883
8810
3222
2684
3731
2800
5270
498
2228
3311
1165
7106
5914
8190
868
4233
6966
8415
4927
6204
973
2402
5687
3074
8522
3790
5700
2693
5789
1382
8007
4258
8922
6520
5399
7489
3663
9958
5908
1583
2519
8582
3963
6890
9799
3663
8566
4199
1133
7312
9606
179
786
7560
7002
7856
4576
3929
6378
1045
2145
5993
1082
9273
858
6666
737
6573
9930
3924
5898
1902
8118
1830
7318
6226
6953
691
1576
3846
6522
9193
9349
3584
9140
3861
9420
5468
4270
4427
72
7765
2588
9309
4224
5926
6946
8096
1304
7279
6424
3390
9923
1623
203
6524
9460
3054
6314
750
3545
2746
6544
3290
6769
8980
251
5987
2341
3391
1528
6011
2209
3467
4029
4116
8155
5512
80
8723
1125
4959
8380
9402
3658
7710
7177
8811
245
9831
349
1123
1466
2512
2217
4331
5252
9290
1927
2032
55
5063
318
7943
3784
9564
6735
7348
1107
4268
6036
3805
2192
4268
7201
2123
5537
6820
9157
6342
3134
498
3482
3649
2262
9746
1065
330
2942
8408
6869
2889
3104
9477
4389
3918
882
6461
6187
6366
5100
6712
9066
8777
9591
5294
4761
7809
8090
2385
5672
6881
1889
9488
86
2976
38
5061
6805
1688
7528
3947
3917
5253
7073
3342
1978
8195
94
1455
4339
7757
5179
3785
204
5201
9155
8619
8245
7910
4463
8268
6675
1262
7631
4345
2954
3409
1859
9231
3822
343
9619
1659
87
2145
5911
513
9894
7565
211
9026
577
3708
8445
3618
7599
816
7129
3025
7476
1648
5242
9001
2577
4900
8245
4162
8136
4668
4699
3135
4496
4161
9041
6720
7849
4762
1081
3008
6408
9439
9909
9692
2723
3745
7178
6421
5736
4100
7027
4319
89
3988
8127
8684
5273
9518
1400
1303
3468
1377
8885
6900
6244
2680
2440
7810
1596
9568
7323
3742
7890
180
2894
3336
9937
6204
7092
5407
668
202
3122
5493
8374
3026
2222
1216
1593
2404
7979
9880
7089
9904
223
368
3149
7472
2093
4510
8996
3460
5419
1306
6789
4840
2392
2598
5401
8378
3932
1787
3484
4595
1896
2897
126
7215
5538
6040
2903
5535
1400
4374
1732
4043
864
9270
636
7938
3584
9700
8783
6863
4294
9868
6477
552
7058
4314
9243
6286
9679
8920
3761
394
4957
3736
407
6253
3434
4404
7757
2742
777
9503
622
6825
5663
3327
4134
3749
4662
5126
7208
4281
2816
4672
626
8480
1419
1114
6181
3258
627
9714
4311
3562
9055
2139
6374
2363
5953
5127
1031
7013
9938
17
4249
1426
1150
1821
4066
3355
258
5250
3595
138
753
9817
6939
2049
9783
1745
9009
130
663
1870
100
7116
3765
4447
4119
63
7331
7245
6401
8361
3900
7063
505
7061
5399
1485
2450
4135
7727
9926
4429
4631
3183
5027
4695
2536
7414
1643
2685
3047
5343
3915
2045
9668
6485
8911
7429
3694
1581
6820
4406
1175
4864
9004
6078
9775
2721
4533
3953
43
5270
1305
6198
5111
3247
9655
1393
4950
1581
9395
6542
2956
5360
4934
136
2019
5416
7770
3430
8397
6205
4507
6638
4692
4272
4064
2465
8610
3283
1025
9439
4653
647
8288
9520
8118
7849
1452
5569
7673
4787
5041
9216
4388
2707
9540
4619
3569
4231
7480
8338
3775
5710
1076
9378
7254
3762
7620
9832
4831
7536
9741
4469
4630
3842
3500
488
2135
3842
3549
9762
6623
1705
4866
3408
356
6988
338
8065
4547
2953
3390
980
9081
2665
1098
4212
2667
5518
8554
116
4765
3162
1616
3124
7340
7097
9477
2371
1131
7927
8382
9180
8698
1853
3502
7536
4531
581
2758
6873
4477
0
3457
8739
1970
4340
5783
4464
321
6904
396
6627
179
5271
3663
2513
4117
2484
3315
3649
7170
4207
5130
8817
8450
0
5101
2346
3741
5911
6705
3579
8574
6465
8497
1232
7456
1589
2708
3541
7268
8754
2405
3391
3182
1231
4488
7297
2497
2840
599
8737
9365
7079
6227
539
2961
4470
2037
6877
5050
4453
7590
8608
6036
469
4781
696
2399
1690
7279
8714
4666
8897
4460
6584
5375
6043
7807
5402
9146
5425
2828
9455
9464
3047
4930
7976
9833
1155
1095
714
5231
5049
1574
4982
5143
8281
5961
2446
3892
5402
1431
2492
4126
6024
1877
333
8139
2121
752
7582
26
9550
387
1806
2709
5792
2682
7221
9893
482
821
2307
7122
7817
8668
9313
8356
3414
9944
5666
6841
9306
7256
2269
9680
2576
1945
638
2144
3808
7237
9517
2595
9752
5252
5871
695
6371
8630
2320
9740
409
589
2306
5307
8312
4482
8611
7593
7273
7709
43
8245
6376
7530
3812
918
3737
3903
8498
6823
8484
1779
1638
8946
5816
1857
8065
1978
3205
591
6680
7647
7009
1642
8724
4040
9210
3607
5009
8644
125
5761
5532
7780
3300
4619
4380
200
1041
9838
8208
7267
451
1460
2157
6993
5402
522
2702
1957
965
6897
1698
4796
2064
9093
9542
4147
3793
2292
6590
6752
3890
9507
6698
1765
3435
9020
9317
7764
6075
1073
4880
5849
25
2569
6059
6766
8754
364
1041
5739
4606
6197
9042
8919
553
5653
7051
648
5413
5112
9519
3509
8683
7591
1925
5951
7249
5101
6065
1969
9056
4245
3451
3564
9386
7731
5711
8795
1046
463
9283
5664
8586
5685
1515
9866
3933
9765
709
5596
1987
4589
9555
6865
1665
4860
746
2888
8156
6078
160
4617
8437
6001
6227
9483
7889
4980
1133
3350
9015
186
8337
8796
9434
7914
9639
8714
7789
4656
324
5192
7969
3945
6769
3689
4827
4016
5087
1999
8652
2830
1013
5009
6532
4783
1999
4247
2382
7498
2585
3590
5263
1395
4978
4248
795
180
7240
5452
8140
1200
7261
6237
3519
5679
1608
8671
8346
6942
8013
226
9030
9986
6365
3763
6768
4562
8315
1389
7844
8973
24
9534
526
6075
6199
9614
1976
8031
4474
9905
1011
1526
1696
244
8354
695
7276
483
8693
563
2330
6150
8051
8986
8205
585
7504
4707
2713
4851
8646
7665
1806
3891
9329
9921
1570
4635
1321
7035
5238
1601
7656
5532
9798
6524
247
4434
3496
1391
2587
7991
8272
7240
7555
4252
3041
3409
5739
7707
2947
7835
8605
1070
5129
7081
7569
6955
4982
8091
8595
2978
8475
2549
2591
6017
177
2967
6923
6039
3654
118
8195
7345
2436
9313
6686
3198
6383
6412
8193
3176
2715
7977
5347
1635
4436
5742
3465
3156
3193
7528
1192
775
8214
2517
6923
4904
3161
4440
3599
7632
4544
6199
9465
7250
4223
4913
9528
2461
6845
2881
9483
3870
1227
4353
7632
263
597
1371
2321
6356
5520
9001
9339
7926
9750
4487
2263
1094
8505
676
1205
6452
1025
4337
6692
6338
4434
281
4140
4845
4360
5987
1749
7656
70
7387
3125
8241
7451
9508
2870
191
5600
3920
1166
8161
3290
647
5621
3297
9945
2816
9181
220
3812
9014
1778
2085
8118
533
7106
7725
3098
7286
6188
3824
1660
9929
5262
893
3894
8741
750
1534
1233
5446
6318
5623
7795
3121
7498
982
7164
1362
1882
4360
4576
9119
8585
5245
9135
2188
903
781
7075
3318
1936
134
4417
4355
5365
8393
124
6612
4423
7942
1913
1755
8953
4373
3337
54
5146
1194
4843
5026
5142
9507
6571
2308
3295
1235
1843
2994
3914
356
3783
7603
8153
4093
4246
4058
2414
8492
5785
632
2168
9810
4063
362
3224
7130
6787
9712
8264
4989
8781
649
9810
2203
3284
275
6009
6171
9840
7992
5698
6456
2642
6298
6063
2640
779
1852
9782
3940
7187
7915
2430
9326
4335
9874
2928
2540
6980
5300
2620
194
2088
6747
7776
5802
8715
4737
8095
4019
248
3404
150
8805
5074
2484
2587
7987
5443
6709
1646
51
2052
5603
3049
4853
6261
5450
7407
3423
2968
5516
9623
3991
7379
8004
8966
5518
1493
8299
9061
8960
6637
6314
515
5846
6162
1068
6003
286
3688
1910
3967
8980
7489
9048
9146
7294
8291
8168
3177
9277
9536
8303
4104
5643
3698
5089
55
3901
7332
9856
9059
4886
1074
8540
2072
5671
1107
4519
9241
3639
2605
4572
4784
8102
1152
7665
3522
3108
3999
8300
2847
2656
5619
6215
3437
2842
7724
6709
4179
3628
2579
6978
6095
1634
5892
9359
6069
8669
175
1175
1583
2048
8384
202
7588
2982
6844
5359
4126
3084
5435
4884
7618
968
3397
3392
9812
7320
3199
8797
1895
9804
7195
9570
9562
4579
8159
6542
9277
8668
596
3203
4803
4384
7256
6855
4575
5708
177
3838
8244
1894
6621
7371
364
286
7404
4815
3251
5775
2311
3167
8333
4730
231
5691
4926
6143
9760
9339
6949
8592
3682
379
3751
7562
3991
2114
478
6482
1381
8472
3759
553
3869
8573
5785
6360
9071
7593
3067
9062
3095
5855
1275
7194
9866
9654
7830
5704
5857
9644
5868
6121
1889
4398
1110
5051
6906
6677
4879
1589
8788
3987
2542
5045
6390
5850
8118
6004
8278
6832
2946
9067
2195
4418
5241
6841
3358
6713
8562
9590
6751
7676
5297
839
8356
5398
1190
1798
3497
3277
8026
1927
4818
4477
5810
8380
1796
2674
6731
5586
55
8463
2247
73
4989
2720
2141
7947
3335
3207
674
6735
6451
1201
6812
2779
5534
2416
2900
9731
4777
1825
1811
6795
2802
1867
6507
1827
9566
4572
4451
6934
4789
1822
4940
3884
6166
1759
1232
4786
385
2847
9930
702
7987
6584
157
5602
6662
3532
8686
8617
1543
8260
7568
9190
386
9545
52
3654
7404
20
5040
4955
6403
4155
3259
1064
8310
4370
943
8118
1118
6791
8979
1785
6065
7021
1233
5571
8647
3487
4409
734
5490
5816
5023
4438
9394
3897
4772
2821
7638
4407
5479
8401
415
6542
2102
2065
5352
6665
8878
9946
3288
8021
2458
3826
5975
3052
8865
3710
4375
9656
7573
4268
8127
6672
9654
8042
6500
1090
4610
4892
9801
4843
9874
7089
4494
4819
2521
3494
6782
6941
9958
7368
2185
9103
5925
8174
5195
2008
1392
5698
4535
1731
4675
1742
3479
7517
8386
3922
4775
977
704
6947
1871
8716
4372
3235
7623
9058
2277
6613
5570
5452
6045
8982
9413
4478
7727
1962
1571
7468
9065
770
1620
5308
7928
9759
3677
3057
9832
14
2014
9488
8007
2242
2437
8335
4948
5448
8968
5610
6352
871
1022
3754
5625
4444
4273
5386
2692
6406
1940
7729
9327
5319
7727
1520
1377
4066
3830
8591
5783
9593
621
1250
4562
7834
8946
1880
1482
5743
5740
35
565
8668
3441
7161
5144
4989
2395
6419
9812
6818
106
6905
6669
5710
4560
6859
9111
4352
3411
2198
3603
7658
1599
393
5254
2637
7944
2494
8346
8120
7917
2561
5961
8691
2291
2881
7239
9561
1365
9730
4201
1892
508
114
1519
439
991
3149
824
7773
4957
768
528
9002
4128
9037
7306
7040
3964
6650
3516
6042
8623
1515
4729
608
3574
9891
4801
9253
2735
9427
9487
3780
7497
1721
4638
1039
3986
6667
3355
2558
6520
5831
1207
3722
1854
486
2993
6355
1929
4854
6461
1125
4695
8978
4406
951
7550
4775
4980
2722
6993
3340
3861
7992
9929
4810
6228
5209
6908
1941
4610
6764
4843
7935
3229
4480
1782
9410
8180
8813
2243
136
1158
3417
3706
4093
9124
9494
7324
5772
2712
6672
1681
3948
3788
4667
7535
5009
8096
6645
532
1771
7501
3044
1722
7226
8177
4106
8920
5141
1714
5265
1816
1250
8670
1718
2316
3161
3927
6675
2219
3663
4488
3065
8531
9268
2735
7514
9716
2544
6365
1240
2699
2828
1801
6361
83
2612
9068
5706
3017
6140
3428
6920
2862
661
5246
9204
7966
8965
4825
5688
4710
5342
6446
3516
2145
7557
4094
7240
2364
2835
9405
116
8449
2358
3714
7242
7309
2357
5681
4526
1855
6304
7697
4785
959
9887
3107
2982
3189
2376
7029
8302
2624
5581
659
5537
9414
8827
2835
9698
184
2990
1398
4535
7302
6094
3293
3641
1682
2707
4496
9047
5556
5181
841
9863
2726
3444
2398
6755
6766
2925
6593
9059
820
9086
3117
1696
4805
9946
2357
1192
747
6776
1884
5066
8107
9715
9387
5342
534
6223
6479
5550
490
3886
2295
1409
9088
4603
6604
4473
1526
3063
7727
2360
4422
7444
9209
4516
7368
5215
4626
4143
8718
2439
656
3793
2862
5532
7728
1205
3160
5847
5576
7772
7742
9200
7922
3039
1772
4064
5117
2156
1035
569
3637
6518
5982
3743
4473
2289
6745
8809
7704
5308
8201
525
2582
2911
1460
5542
955
5170
7342
5583
502
7581
761
8735
7351
7038
2732
5117
8995
7170
9765
7926
4283
9835
9933
353
9959
2011
7814
4739
3185
7315
1465
6868
6620
366
6788
3555
3429
2307
9731
5542
4
6059
5103
5554
5105
2729
2091
6973
1519
730
2222
7634
1234
4184
5247
9190
6932
5942
88
7671
282
6581
6521
517
5586
6759
3438
4475
3206
3300
1732
9446
927
1914
2982
6134
1071
805
1779
2054
8626
4330
263
9080
5929
4080
6311
4173
2126
4121
537
863
6782
176
6417
3173
7150
9923
1446
7952
3471
1703
1106
5422
5433
2205
6980
1733
762
8434
9830
2989
842
5300
4823
8793
4305
913
614
8292
8100
7407
4856
7784
9626
5101
5394
9692
452
9326
8621
9403
5428
8318
2381
2503
7435
6900
7005
6027
3695
9318
810
5723
479
9313
457
5012
6600
4213
5650
8718
8446
9058
4966
1393
1056
8105
1900
5861
5014
729
1555
7046
6196
2955
5671
5982
6571
6601
9101
4092
7429
573
7766
5552
6063
3445
7784
4685
5163
4407
9861
9180
4067
1294
9162
7881
5672
9853
788
9943
3143
1513
7209
4449
1264
1363
4504
8758
3600
9285
9659
4807
4192
1543
8130
5435
6934
1786
2603
3845
7013
7065
2874
5440
8914
5186
6585
5587
8821
5326
1820
8453
367
191
6724
6343
4846
4920
5388
6672
4691
4476
2004
336
9972
7549
5987
7159
9575
7054
6159
3635
7476
860
1766
5745
8743
4426
9127
6620
241
2250
6575
1837
584
1273
3166
9026
5320
5099
7290
4697
4973
9269
5548
8280
5804
6960
4535
2674
4331
7436
9070
3001
9778
8056
7679
7983
5790
1228
3044
5866
6370
6077
9311
1032
1951
7871
7946
825
4814
8847
535
8949
5080
301
1908
1655
690
5575
6006
2455
951
5849
8118
1022
244
6853
7025
3329
2887
8690
3975
1992
978
2236
58
4532
634
8481
7626
7903
3106
6755
8276
3536
5160
1991
2627
3425
9825
6263
8345
9611
827
1732
554
1791
1006
8327
5374
7841
710
1960
1314
2145
4611
7454
8913
4041
2293
1235
1356
7088
766
1356
3193
6686
4862
9267
5706
7058
1346
1450
294
5023
9943
7856
7565
6137
2640
7602
2596
9856
8688
4993
5838
7489
4884
1299
579
3480
1053
293
3250
6032
838
8281
6978
6404
3752
1621
3355
7741
9286
9386
9703
2273
4482
4965
5433
9226
9492
4522
4006
7243
3858
2789
1782
3032
4027
332
178
6961
1163
1345
7777
2410
2114
8403
7368
2921
3514
6966
8366
3980
8034
5982
5132
6143
9241
9144
5521
6969
8808
5606
3641
6657
1137
2249
7137
1415
4769
4103
3272
8559
3566
7988
7323
8081
2158
5489
6486
9675
8007
5537
6465
3756
4539
235
9455
2720
7446
793
1532
6779
8795
2140
5396
8652
4169
5508
3536
3479
9867
5711
5086
8366
8528
5082
1702
763
5173
9109
6647
4351
2624
4046
4916
2032
1570
8366
811
6395
722
7815
2476
4117
2483
4317
2147
4448
1145
5174
7164
4830
6559
1031
288
822
2634
3712
1229
7427
425
8176
5530
8494
9381
8931
2162
9618
975
5707
246
3969
1085
3596
4018
6213
1307
267
6232
2204
8381
9635
1162
2855
9353
7879
2411
6560
5858
5881
8241
3448
6762
6661
2567
207
6831
7484
9339
7138
2263
2507
2432
4116
7542
9140
2936
53
1689
3897
7328
897
6763
6884
6151
6036
5151
9210
2099
7455
861
2905
5421
1169
444
8883
4787
2262
6610
6434
1022
5374
1406
7260
7943
9580
4503
1924
4072
3677
762
6598
7196
4035
7509
4589
9312
2995
70
3306
7243
8123
2681
6529
9878
8719
6299
8558
189
4860
5612
7786
7304
9963
3775
3653
3103
6790
9955
3772
6593
7798
5930
6151
4031
3682
5748
417
3814
1089
7795
3627
3625
8281
1240
8678
8086
415
3662
4297
9669
3996
3705
2251
2250
8396
8844
6111
7811
7631
4893
4299
975
4886
5202
1805
3690
3360
2145
6407
767
5845
9976
9164
5612
237
4765
3015
9557
5557
7588
3398
6736
9495
1647
2319
8667
9835
6074
4823
5792
8827
908
6996
1820
620
7675
8664
9214
2673
9793
4850
8083
3977
7481
4958
5461
3070
405
5852
7291
6766
8640
2457
4857
1602
7436
3900
570
7070
9523
8120
9098
5503
1494
2948
6471
5259
4375
3163
238
5136
7313
6642
436
4998
9795
1266
9194
9312
8877
8926
924
7977
7511
8360
7842
5654
178
786
2496
7693
3137
6612
8223
241
3049
50
7382
2711
2174
6769
9401
782
2948
854
9944
5809
5817
7286
2568
7044
8760
3159
948
1780
7312
8616
5073
1412
3431
7765
8732
6144
4897
7001
3962
7862
4398
9360
5688
9410
575
3321
3573
5034
2040
8433
3689
7375
8982
4455
4261
7560
2618
1512
3955
9163
5985
6544
5081
391
1655
4246
9918
1597
8472
9295
4221
4473
9403
7673
1503
1273
4506
9547
2059
7212
5673
5140
2490
6707
7055
2417
2804
5867
3243
6690
8719
4170
7533
7063
9474
1613
3421
5346
3742
1211
540
472
5092
9136
3604
6981
9575
1405
5111
2270
8886
8573
2563
808
1153
3181
5541
4414
3211
7529
9966
7741
6074
3460
8185
1490
1849
9417
9663
9960
3763
5499
5314
8662
6507
2499
6548
72
2437
3383
4656
8431
3520
3610
6549
1402
1235
8006
2714
6544
1951
9722
9081
9364
8309
6081
3340
611
3891
9913
2391
7453
9724
3157
2840
9754
410
8756
3671
5653
8234
9508
1922
8840
6051
159
2831
1635
536
5838
7943
2705
2929
97
5758
3371
1101
6922
8176
2946
6463
6757
7378
1962
707
6790
899
4829
7172
9997
3956
4607
303
2188
3832
1820
3915
7824
7879
8171
4574
9878
2230
79
5994
2312
8613
3043
3681
1662
2202
4429
2335
1504
3793
715
6102
3101
9282
5380
2556
9073
8805
34
4900
2913
1709
5129
3621
4204
8937
675
4859
1742
7544
3547
2530
4328
5320
467
4796
2029
2625
871
5807
9327
1659
8831
3929
7910
5036
3902
2351
2227
4471
6660
7857
4823
8383
851
7930
3629
1138
2287
2989
5871
7306
7168
1048
4264
3495
1427
7679
2927
1673
4898
9332
6248
3103
1504
6243
1399
7936
8883
5099
3631
4141
2971
7455
8517
172
7868
3184
1677
3758
8565
1352
3012
5540
4763
8382
1211
7117
738
3166
5071
6241
908
2137
3494
3841
1067
1487
3454
9817
6970
7914
4701
7087
1274
1275
6015
2983
636
8557
1421
9764
8006
1427
9046
9305
3280
810
7587
817
4371
624
6344
254
879
7587
1177
7562
9444
7497
2025
6839
2154
6376
6823
7511
7802
1745
6101
2848
7581
3645
3330
2749
9539
6061
7021
4419
651
1067
1357
4680
6974
2740
9696
9511
3774
1102
2258
9954
3169
4784
2616
9633
1991
5513
1
3110
8135
9910
4335
9360
9877
5253
3191
8776
8394
1437
3170
4026
96
474
948
9486
1100
9664
2254
8241
5389
3117
244
6450
4965
2842
2777
5881
7849
5226
8383
9493
2719
2600
7002
7244
2322
8140
2075
5628
7238
2048
3675
1706
1107
2167
5158
7507
4735
1440
8629
4424
5733
2229
1986
4577
1021
5313
5414
4532
3222
9087
3609
805
2391
7844
7802
2363
3240
2520
8694
3128
6938
3321
4940
1637
4690
4345
2892
5208
1700
1569
8576
4776
6277
8423
7904
1486
3836
5798
9392
3722
2420
8857
6975
9179
9021
3127
2079
766
1459
8163
2330
6351
281
4337
3613
8950
9564
3585
8741
7098
6885
3927
947
5507
4914
4388
1078
4512
1063
575
3467
4474
3924
3490
8784
3864
4933
4219
818
1370
5507
1853
867
1990
6639
1101
5246
6302
4519
9706
3952
9523
6888
6356
7325
2102
5800
5565
4125
5246
3000
4965
5661
8929
7253
6458
6942
5542
4830
376
5205
2974
826
2604
4531
794
4071
1460
7133
5683
7250
1973
5900
9785
2939
3336
9
9702
1665
4199
833
4108
8807
2970
2567
3141
6715
6759
5376
554
6588
8152
3239
3098
5143
5676
1814
5302
6466
3884
5169
3433
2826
84
3550
821
4908
9648
2399
3011
9109
6949
6604
2154
8864
3064
7303
3446
3116
6745
4642
3481
3272
7881
654
2325
6971
6123
4243
5264
6674
5301
9891
947
1006
5222
1955
8055
6917
4476
5429
1376
9885
2557
9249
7046
4962
655
9576
3322
2577
6928
6871
54
186
7042
5000
2585
2413
2233
8948
6150
1626
7327
848
4831
4202
2151
7331
3913
8099
8648
3350
436
5983
8629
3135
2346
334
5452
6677
1086
4015
2490
8749
520
7769
2532
8794
1070
1397
4994
2441
1757
7320
6839
4566
8253
4085
9589
3673
5504
8521
9186
7003
5553
1974
9382
8127
9585
459
5621
9552
5697
9990
6087
8692
3087
1079
2537
5202
8660
7365
9894
4792
3688
8925
4944
2893
7266
4680
1662
2482
7303
1508
8890
6782
6769
9667
5832
3027
1062
603
8782
6338
645
1974
9873
1737
1665
4134
5412
8199
4216
4333
4958
8114
6737
9772
328
8149
1598
3465
7264
8064
7749
4565
3046
2471
5156
1395
2340
416
5759
651
2449
1180
4341
1875
5890
6830
6082
5328
7086
2135
6061
9990
3892
1638
64
582
4066
2796
7528
118
3406
2960
2068
5990
5870
8924
3181
7444
568
5838
6142
4825
2754
3229
8397
9457
3074
8677
7444
7371
5361
9503
6118
4262
6672
7695
8287
2534
5089
2707
7706
7947
209
9341
3233
5180
7240
3743
8739
658
2229
7578
2544
5091
8832
995
4853
557
5950
6414
5257
1699
4268
4804
4042
4472
3321
9373
167
3499
3446
5977
5717
1665
4184
4424
5804
6145
5971
1898
1682
8743
580
401
329
5722
7485
5493
9221
5752
3168
2242
1273
414
2636
4073
8564
9111
2983
9812
9369
1372
4383
3983
2477
1159
4841
9069
7270
7542
9369
6787
9870
2811
4225
8585
7575
827
4808
3673
5493
659
7156
5969
9487
3990
8568
7722
5172
4031
4982
4375
6331
4135
3622
9036
8337
8319
2468
5028
9573
2759
3204
9535
6729
890
1510
3159
9151
8442
3157
5578
1678
9765
5615
7219
3303
1383
747
4971
439
9478
2777
9843
2593
992
6771
7213
2012
3263
68
7070
2122
1866
7286
7564
5628
1545
9828
5906
3731
8394
5646
1212
4647
4885
7567
4056
9603
4010
8413
2312
2297
3313
7728
9333
2067
2371
7112
4865
4564
2073
9331
8583
7539
5184
8677
6411
1607
1825
5612
3261
8032
5996
170
3419
8112
4914
3995
8113
3700
3364
5185
7494
8061
6759
8562
2215
4135
2393
9934
316
4295
4952
657
8582
4110
4067
469
9896
6284
2084
6183
9615
9566
4082
8695
3132
6935
2614
9034
1999
9614
5432
6405
4723
4658
1333
2388
2441
6082
209
4272
4669
8351
9360
7872
1912
754
3149
987
1623
5824
7388
6929
6795
9620
7083
4690
9239
6478
8431
2369
6459
4386
829
3327
6578
3346
3490
1421
2596
7765
6554
2142
1884
3997
4957
2749
7743
8902
5266
6664
5158
3096
8443
1760
1511
7672
4418
8917
5173
8200
5757
2786
4942
4417
8205
7511
628
9024
5379
1333
8481
7750
4190
4894
5584
5202
9500
7593
5189
3140
5587
3369
897
4327
9742
9674
9721
6975
9104
5565
1323
4781
5480
820
579
3696
3042
1745
583
8883
6530
9937
5959
1089
6009
8327
5475
1751
741
1489
1747
1055
7155
9441
4672
8381
7735
3288
7410
5637
9078
691
9992
6853
5961
353
71
5612
8888
2753
6457
5073
344
6810
5367
4970
3873
2391
878
3772
2751
3920
6357
9171
2241
6229
5777
9658
6787
9087
8726
2539
7557
3080
2902
5346
1369
3428
340
7059
2303
8669
8096
6427
6856
3509
1214
7450
6017
4911
6913
6572
2338
605
3066
2838
3846
8787
5563
8652
9657
4316
6603
3325
8563
8530
3383
19
6615
2879
3043
1721
282
3548
1963
3167
5934
6978
2257
564
2500
1072
7735
3590
4402
799
4687
5482
4575
4740
7765
5487
3537
9092
451
6390
5434
4535
8493
642
5710
6400
1861
4791
5246
6793
4004
2002
1558
3959
4507
1694
7302
6854
9351
9679
6105
4089
8260
4928
7574
7765
7742
5125
7623
1239
8503
3571
1647
8771
1407
4332
9694
2253
535
5481
2826
117
8050
6512
7335
8695
9905
547
749
7456
2410
3163
7235
1348
115
3454
8639
7063
5088
8546
5106
2914
9501
8043
6687
5966
9418
5522
6602
3959
5162
9674
4247
5952
9752
2310
8295
3270
6174
248
3792
1335
1708
5294
8917
9626
9786
4765
3693
817
9446
1615
9220
3365
8269
6899
3515
3021
7084
4373
8872
6792
9259
9799
7403
1558
106
4103
194
8852
8188
4020
363
1608
7487
4831
4388
6249
5137
1870
1429
5307
8525
1829
5609
8171
3059
3622
9971
3070
6858
5774
380
1253
4702
4886
8309
1514
7432
5251
8281
981
5996
4143
3978
5422
5784
2045
6191
3260
2060
9377
3985
7250
5181
2834
8293
333
5437
3570
3402
9579
5505
3955
5363
171
8221
8781
2335
252
8919
5243
9407
6038
8636
125
6686
8288
8864
5625
8610
6353
4263
4404
9177
6728
7324
2410
1791
6879
8907
3593
1949
8888
6760
7725
7691
9651
5572
4240
8001
6422
4466
2475
9083
4253
9217
8622
8972
4281
7830
1127
6848
1211
287
9841
1520
9545
381
341
7532
4527
5864
1411
1763
3367
685
5286
5420
3321
2827
2842
6072
6935
7424
3104
8689
4761
9633
1147
2526
9511
7197
3495
3506
9424
4741
9187
7051
5022
2090
1454
8347
8580
6251
2310
9062
6014
7303
8507
1904
7119
7239
6122
6755
6540
2733
6266
7308
4204
9619
2353
5575
9494
9238
4240
8388
7344
107
8269
7850
6988
7560
5980
8902
7876
3357
1538
8960
801
6220
8180
2116
6775
1635
5145
1495
1644
439
3632
7421
3676
3524
7465
1905
2109
7372
6777
7457
1588
9246
5358
4034
3806
404
2810
1371
7604
2627
4864
7702
4204
2692
520
5195
3025
7076
9698
7139
9533
3822
9357
5952
853
6704
1392
9570
8314
3552
3253
1409
8601
9656
3520
2989
3952
5507
8231
5651
5341
8336
254
7537
8351
3911
6770
8317
5891
5740
7229
6831
1209
493
5197
3452
7680
4609
2034
4862
6877
3138
6725
45
6340
7151
7816
8105
5633
2793
6658
1836
2602
4220
7195
2779
3565
2597
8652
4944
2910
6127
6247
3777
3753
3076
9500
2696
3698
9364
1476
3563
7700
6468
7358
8033
7511
2966
7328
3407
7708
3597
3651
2220
64
9971
9500
2530
8275
2698
5675
4855
308
5582
3127
89
9086
3090
7168
8287
3289
3940
1510
179
6969
5896
9711
1423
5497
9949
500
9883
4673
5495
5208
4861
7641
8444
1989
1425
6903
4324
8204
5636
7276
1244
2285
5439
6979
527
6400
4190
7677
2714
9502
5543
5300
4353
6610
2187
4707
2696
5774
3331
8559
6308
1508
1926
646
4052
7728
1851
2915
2528
2402
8522
135
6275
5643
9782
960
7195
7415
257
7884
9591
3927
6713
401
8734
842
3469
4520
6395
187
4507
6665
6620
4051
5224
674
6671
7810
9800
5889
3480
4549
9065
5981
4340
176
4575
2381
7462
6719
7093
1352
8048
2464
2691
3426
8864
7420
8338
8265
4732
8850
7673
6609
6729
9614
8917
6344
4003
9928
6576
9734
246
6586
8377
1086
3332
5357
5700
1959
6493
5514
77
3943
5779
6593
3584
7802
9556
8663
733
4126
4578
5767
9820
3854
562
7938
2482
7305
3542
9955
4516
7701
3842
7232
423
9829
7241
8768
4181
65
6350
4314
7342
5888
9038
3043
1048
1944
8775
7265
315
1548
7413
8432
1691
6346
9522
196
4184
2896
7791
8850
6882
7900
4833
1319
3486
9169
7358
9851
551
5480
4184
9081
2531
5105
5354
8003
6668
7179
4860
2291
9031
3502
2105
7471
3622
104
8415
3165
3200
1476
6128
9338
426
2131
5233
6025
4856
6788
3329
9103
8253
179
7324
3922
5543
1937
2879
8019
362
7456
9166
9394
9102
9439
8447
6593
6066
7415
7001
