6973
1
3622
5580
4391
9972
7294
6616
361
9858
8076
274
7687
5381
4239
6476
7587
2273
4659
7415
2476
5081
6990
813
2871
7424
9400
5475
1209
9235
6020
9811
2991
5415
4891
8241
9867
2054
7501
6518
3690
2250
3805
8130
4609
8772
6623
2003
9888
742
1691
9274
1197
1815
3553
2424
2798
5632
2857
578
7770
2962
8502
1092
8806
1681
6064
5602
4290
5730
8042
5318
3977
9426
9185
781
6728
7143
638
5053
9267
9412
3216
2987
718
5406
2052
1966
1150
6824
5636
6600
3546
2887
2570
5041
3251
4599
3851
4079
3072
3005
5679
9338
7112
97
615
7197
7307
7306
6472
45
2388
6333
3340
7741
7337
8629
4470
8189
2987
231
5915
1167
5672
3313
5869
8322
9274
395
3500
5731
4756
6782
7665
4505
2361
7634
3812
9478
488
7437
3900
2343
805
6474
1043
5080
5197
5073
1561
6769
7623
9733
2008
2247
8679
5951
9438
6300
2169
7346
9162
802
9064
5036
1825
263
9262
3517
5293
6690
436
4852
9592
7271
7344
2932
7991
7718
8104
6514
5292
3539
9399
467
4038
7860
5959
7238
9220
4050
2556
9373
2856
2212
5833
2751
8935
2094
7263
7043
4582
2873
3592
9777
1102
821
5321
5262
5215
6867
5710
4038
1060
7169
23
1826
2551
4961
1247
5607
5030
9934
601
7504
4633
5378
498
4471
9926
4604
2925
7308
2547
3661
8726
2948
7732
298
6168
2724
8236
7523
8689
3516
5886
9994
6528
902
9332
3379
6351
1923
2421
2117
6849
7041
6259
3887
3753
2624
7508
8577
7164
4803
6535
2631
79
7630
7501
7332
2624
9310
985
3749
7342
9599
9562
9270
2577
7888
952
7049
6995
574
1925
8047
9957
7789
1815
3696
2664
1982
7140
640
5448
3718
1054
9757
2702
3673
1283
4306
3535
6973
6182
8360
606
9522
7487
8045
7684
3183
5472
5393
4893
5002
4691
3317
1981
1718
794
7720
3283
9530
5623
333
4252
4897
9360
7831
1638
2104
3100
2269
8986
3193
8865
4665
7217
1734
7693
704
9244
4508
3742
2353
6794
3656
5254
5407
8428
2927
5911
4033
6801
6403
6015
2993
6636
4544
3684
1789
5210
9267
5019
9181
5626
9264
6854
9283
9818
8077
937
5072
5556
1777
6516
9791
8083
8147
2647
991
5538
2899
5355
3710
3615
9176
9247
3545
1395
2336
8778
3652
3782
5081
4121
2993
8351
8983
523
6600
5750
5261
379
8621
3614
1762
7356
7800
4572
8696
282
1869
3192
7734
810
339
3723
8172
8665
9344
6954
8545
152
3663
1246
9564
4684
2043
6936
9217
4706
7463
9693
3753
9612
2694
3553
1222
5332
4652
8656
9724
4781
4780
4418
9127
19
6991
3627
9933
8076
8131
4490
4733
6424
2800
1119
3124
7709
374
7559
6304
3700
2549
2428
8042
2114
9926
6831
659
43
7605
1776
4182
2830
7069
4552
8781
117
9366
7546
5408
5739
1030
1343
3794
3848
620
1457
3936
4358
9177
4167
3173
4580
7990
4155
8104
340
1687
5969
2618
4293
8382
6897
956
4118
6984
9264
5632
5409
1997
2359
6119
3992
9482
389
3890
746
3831
2054
7619
5777
122
7580
2088
8360
3971
2557
3635
1341
6131
5530
9004
8026
7316
3517
8927
6196
9936
2419
1007
1482
7070
2091
9966
87
9264
9713
2587
7990
2018
9718
5080
3566
1101
1354
7
5824
6575
2811
4770
6992
6155
2480
3901
7315
1629
7027
7136
8019
1242
9050
7144
6861
9153
2551
1372
6872
3164
4317
3288
3885
9584
1082
9128
452
9189
5740
1607
8987
5286
1480
1290
8164
1627
3115
3312
7542
806
5667
993
8856
5947
2214
679
985
2883
5633
3426
9039
1080
6826
4423
109
485
6506
2412
6152
7792
5201
1528
5911
1195
6316
5657
640
6503
1602
2700
3378
8669
8711
6655
1
1879
9816
7898
3732
3703
1957
5907
9736
6361
9254
6767
6620
3911
6668
6678
6363
9445
865
4737
8556
1086
8448
6724
2748
2651
6465
6128
4077
6250
5335
5985
7576
5490
1515
7358
3416
1888
3780
6218
7808
8325
4624
2195
8816
9679
3275
6269
6702
3817
9702
3837
4105
1807
4834
2990
4722
5178
786
2213
4561
684
8325
1627
2681
9846
5277
9955
9335
8954
5651
9500
6571
2244
1350
1888
2768
3229
8962
4107
4226
3687
9167
1289
1528
9369
1442
8352
936
6035
3612
164
8679
9598
6506
8543
2223
9661
3008
9820
3697
1074
6176
7634
8515
9208
1022
9940
3933
2169
7559
2778
6457
3878
5606
9416
3242
8684
8016
7700
3909
9414
1544
386
5130
5126
3246
2997
4276
3369
2987
6624
7648
8942
8876
3377
9025
3126
9431
9339
9739
1599
8636
2621
4715
3853
9897
4559
612
5337
1780
3143
1311
1611
6627
9573
5220
1912
3254
4568
3239
5265
5020
2166
5668
4331
3073
4730
3923
3059
3898
6942
6313
5073
1972
5458
6292
1912
8284
4706
8913
5931
7924
428
5107
992
9035
8348
3139
556
3054
1142
2429
1874
8961
4187
3886
4612
8499
3045
4581
4397
1838
195
2569
2704
8580
8882
2504
7272
9453
1076
1235
7037
9157
1274
9994
9459
4394
9351
1186
5546
7784
6553
9602
9607
3868
9824
5973
569
453
9464
3705
7531
8613
4952
8300
6648
6828
4428
4781
7665
1584
2794
4532
4898
7409
3518
2653
2661
5641
6148
6663
962
9299
7161
1609
5923
9363
2549
4176
3968
2674
3725
7960
9482
2624
213
363
9996
8311
3621
7254
4699
9751
4859
7935
1010
7166
5825
2818
8407
8791
9080
7055
3678
2738
4088
9683
7932
4741
6956
5302
4406
4404
6066
9471
9827
5522
6353
4320
199
7992
6834
7635
8455
1238
8497
3043
7032
6136
5415
5626
2194
3829
1300
2837
9037
5561
8926
2862
9975
6747
9528
9934
1261
1071
9953
4496
8543
914
5791
4361
1058
9993
9917
1668
3866
9008
5715
8275
9826
9560
5895
8848
6393
5482
6353
3095
2750
3000
8481
6618
7763
9355
3929
9186
9726
9828
1509
6421
1491
8398
1119
7425
708
8650
8845
8957
8169
2580
8790
6946
2867
8852
7774
8630
3280
8840
169
2840
4840
7585
9089
2930
5109
1031
8472
4278
697
8500
9968
438
7987
1388
4493
6467
4534
4471
1913
2625
8345
6399
8899
8886
5170
5808
4319
1779
1900
8370
4121
1884
4480
3925
6722
9646
4733
3709
8396
3999
2135
6606
5069
9226
6626
3684
5727
7678
3764
8745
8675
8669
1944
4067
5588
3656
5239
7582
1220
3060
2279
3438
6350
9301
3570
7963
8041
7864
249
907
7206
6045
9751
3374
7279
5997
6216
1195
7645
9026
7072
5749
865
4512
9961
7355
9581
172
4501
2660
38
3207
4467
3923
6143
3596
2867
3498
4750
898
6319
9927
2488
2265
9728
3181
4856
7229
7048
1144
3225
7095
7588
6380
8421
4282
8865
1539
6376
6611
5520
8974
7766
7890
9666
4799
8166
2509
5814
103
186
5577
4098
7391
8073
7208
2656
943
3365
7154
7859
4103
8553
1917
8023
1193
6898
8767
5246
5206
808
594
8875
1682
2156
9796
6420
1907
1177
5301
1713
1865
8273
1177
212
1030
9272
1577
2128
2746
5052
7507
9368
5672
9148
9786
6662
3912
7941
2051
3546
2268
4753
5757
5549
5124
5668
6208
7011
9538
6023
5394
7841
1312
4493
2576
2910
5219
5280
1035
9353
3908
5103
3357
6145
3066
5606
924
395
7411
3630
9812
6764
4246
9436
3612
9009
2512
7987
1852
2627
5662
485
6894
7568
9877
7360
788
531
1676
6137
789
3982
3762
4443
3771
7786
6713
7312
3073
9448
7506
2338
6619
1726
9143
5237
9285
3873
6248
8328
8385
6861
7770
6588
3572
2509
3177
5996
7837
6387
9226
3812
2880
8697
7937
2355
3528
4814
2402
2814
8527
7449
3083
2368
1850
4747
3448
8926
9949
8418
4012
6522
1071
6379
4534
6182
909
9565
4760
1741
2837
3081
5835
1689
9857
8521
9754
8428
3340
5913
7876
9350
3643
7914
8288
4348
7969
3977
762
6873
8024
2945
7539
8573
6651
4660
2069
2018
6433
1652
2210
6695
6734
7709
3683
5387
3561
923
3610
2876
7490
1929
9678
4596
4386
3156
4071
5316
6999
9603
4983
9356
381
9089
2244
626
1361
6046
5546
9860
2887
5091
9573
7002
4465
1619
1690
8425
9879
7668
3573
8642
7000
6179
5064
879
9531
5526
1711
2979
8993
8934
4276
1082
3807
7507
6400
7789
6305
3768
4639
7803
3344
9567
8600
5952
6270
131
1642
3969
7908
4478
6180
4164
2725
3650
9177
9408
3240
9281
7468
8381
3769
331
6047
7878
9461
9080
9055
2664
7139
9834
7895
3144
8054
8732
2842
1498
7523
6373
6372
5332
7656
8473
9446
655
3454
5038
9645
2029
4138
4316
5983
3230
1474
141
7407
3488
2929
5858
808
1915
5314
6417
3347
1192
1076
3494
3914
4221
9501
6538
2509
8240
5851
8542
529
1738
1381
7218
3263
5383
3407
713
9107
8171
3455
9060
7914
4822
2309
7178
9716
3926
1320
4697
3592
4113
4308
3153
1238
9061
2789
6154
7811
5609
7888
7092
5404
9311
3854
6741
7662
9137
1443
408
2010
3586
3252
4819
5632
4073
8249
8197
3260
3041
3666
7090
8944
4307
9919
7797
2261
1590
6886
7880
8552
6629
508
1255
8377
8539
573
5753
7773
6915
397
9638
8465
1074
9793
747
6580
7211
7071
8918
9167
8212
3641
8158
5738
5344
7321
485
9922
8448
6804
2955
1732
6046
9564
1616
2579
2727
2245
9639
6300
3422
1829
270
4388
8685
504
9938
2622
2229
9419
3552
3658
5743
7851
9438
617
536
5018
2653
647
9634
5631
7992
9760
6190
8699
6577
8367
8985
8969
3554
8658
6937
9154
8959
4867
5839
6379
6844
4947
5695
6157
6315
2701
1324
7291
4251
9779
4198
9507
5155
2133
2744
7933
95
5690
5428
3873
650
6724
8843
2740
9544
637
4086
2220
7207
6325
63
5925
1941
2154
887
52
8882
6315
2387
3456
9526
9309
718
5646
3074
6194
1616
7137
4395
5380
9243
8359
5724
5045
2671
6001
4714
4489
9420
7842
6669
4216
9316
6663
1560
5978
4369
2839
1434
6802
7841
3355
327
5148
2261
85
5686
9502
2796
9439
2632
7156
881
4740
917
6644
4947
8582
569
7242
1267
532
3312
3260
2105
2582
1339
9178
9658
778
6234
2249
5602
4044
8833
432
1723
9971
2361
6380
9153
9304
2324
9438
3243
9715
7096
2360
3084
9524
6666
6079
5597
2188
1997
1877
3644
6081
5662
4841
7316
8859
2356
5735
7066
2023
1104
9998
8803
9702
7601
1715
3268
1966
1686
7079
2008
9308
6082
9628
7729
986
6415
1594
9334
8398
634
9428
607
6929
7547
7876
5160
5736
4550
5833
9504
214
7358
5430
1744
6659
1320
751
4989
6911
3129
9613
2123
7211
9646
2677
4282
1452
8597
2148
863
6592
5709
1337
8198
2961
8750
7839
2117
1244
5650
5148
5815
4412
6196
3384
5024
7646
9437
3624
6928
3008
8920
7792
2743
8448
3994
7832
8192
8969
1691
7607
6596
4150
3804
8573
4117
1840
4587
8387
4284
9934
5700
5738
7972
1145
9096
7975
8399
7679
5675
516
8966
5393
4648
5789
6932
7290
2679
7563
7147
3239
6423
9143
6296
6379
4241
2801
7454
1471
1001
2350
4194
5802
2317
8466
772
8936
3035
6414
6761
6695
144
715
7997
50
8218
6001
2654
7959
3274
3355
4166
8192
6036
3488
2701
9469
6110
1912
1919
1873
1155
8312
7908
8841
5928
6960
678
386
3187
7339
517
9393
9876
3078
8850
5494
8735
1637
9060
7252
3848
4225
2908
434
7019
9517
9776
6096
5764
5685
2364
9720
2026
6514
1081
8269
2893
5238
3286
171
5514
8787
1873
7645
4623
6787
2111
4678
8536
3893
2761
9863
4050
2644
903
1563
6994
9085
2426
9608
6238
3959
5172
7593
2390
172
9426
8293
757
3577
3179
7281
6599
870
2747
9443
6835
8631
6304
165
1349
1932
6064
6054
8383
4160
8220
9380
1185
1278
9023
7803
3196
1184
2152
3918
488
3110
9916
9721
3125
3491
388
2970
1918
1146
3349
695
3084
1758
1898
2702
2933
538
9382
9053
1911
1487
9134
4388
9889
4597
9833
3074
1402
4160
6232
3178
1145
2223
5917
2263
4756
4922
1599
6517
9631
3456
2489
109
4084
4130
3395
8251
6515
475
2884
5491
703
5756
5980
1581
7583
5431
8182
5015
2042
6256
3956
9345
8650
737
8818
3009
6394
3230
9666
9760
9200
3704
8501
3878
6015
9906
5135
8660
759
6606
54
8156
8388
3083
2994
8007
6850
7783
2991
3891
1187
8650
787
9351
569
7748
3685
8181
8055
8835
6802
25
9100
7299
6684
9404
6408
9454
4344
6587
4541
5742
8601
275
9908
654
7895
9755
8662
3732
1543
1864
5945
4657
1896
6468
5182
5080
8486
4852
3915
9501
7266
9122
3918
5297
4447
9370
5750
8399
977
2415
9707
2158
3012
7130
6245
4953
4605
4856
1426
9848
1301
8211
2008
9953
6851
7445
8160
3451
4842
7155
7418
9660
5079
6763
7607
5122
6907
9254
4448
6552
9795
3186
8044
2779
1428
4479
6763
2281
7340
9316
4840
31
108
4574
5974
496
1772
8942
4269
3298
1015
6039
2451
3263
8627
5127
3564
8691
4452
3877
5078
3692
1389
9267
8190
4601
1008
8856
7032
6682
8925
5547
5170
6528
1899
6660
3579
4996
7421
215
8309
4043
5644
5588
3903
9081
2750
5265
6530
370
91
129
5541
6515
5156
3895
5086
7066
9069
4179
284
4534
9385
7273
5755
74
7556
1423
2776
1158
435
3899
1045
5359
8732
3722
7759
2796
3759
6732
3938
4043
3362
7268
3552
6210
9926
7522
1634
9454
2936
7841
4062
1910
3747
2234
1629
811
7310
8754
3387
4944
5545
1252
3446
2961
1863
438
5284
2888
5379
1504
9374
7281
9886
4933
3631
3306
8254
229
7358
2417
5920
2865
3417
6154
8116
569
139
5586
1543
3918
5813
654
8136
8339
8863
9924
6648
6660
6146
3285
681
7793
8067
4829
7978
2152
9835
1788
7964
203
3216
3449
7145
578
2481
948
7193
9025
2472
5418
6847
346
7935
7531
1948
6946
4821
1157
6434
9206
527
2658
3777
9647
4867
811
1276
2197
8860
1992
8437
5228
8577
9043
1307
5518
5954
1988
5995
5233
524
8561
833
5807
260
5641
6111
9273
6372
2841
978
1405
5989
666
3196
5783
1865
1380
4621
3456
1806
4304
6518
8963
7510
3185
4789
9831
9774
932
300
220
3346
3580
5473
5066
3464
2730
7891
377
4317
196
6439
9511
1276
5714
6448
8660
8849
53
9784
1706
9104
9738
8053
9819
8392
9935
6651
1572
2697
6582
9073
5302
6686
3870
3112
8710
6154
2864
813
1013
3496
9602
2096
6347
8337
8219
6529
5435
4631
5249
8263
9472
8868
8519
3592
3159
3410
316
8073
5140
2361
8538
4300
4670
2643
7997
9366
8008
263
7000
9422
4292
1356
9771
8675
7823
3130
2577
18
4177
8925
6884
2905
5938
7077
6240
8108
8509
8015
8995
9598
6101
4315
3871
2434
9773
1868
2271
8423
4065
6380
2458
2002
5870
4510
2924
7865
8856
1899
6452
382
7978
43
5339
2995
953
548
4779
3091
7863
1745
944
8004
5020
1029
3273
5799
7946
3776
1565
1880
5840
1240
8546
5711
9925
6051
8969
1685
3949
7750
7302
9768
9119
9148
2522
7484
5708
6285
7324
720
9573
5318
7566
5287
5312
523
542
5448
6255
3513
7144
5657
4536
8609
7297
6944
6891
9709
6319
2276
6871
4112
2109
586
5824
9938
3844
3170
5237
2062
5292
1243
575
874
9393
9416
7637
8171
7464
1524
1993
9781
2938
2674
2156
8328
572
2788
9641
3829
6416
4435
7461
5601
5663
4947
4494
2640
4857
4112
9526
450
7384
4899
9694
8391
8541
4460
5738
6507
838
8903
8718
9523
2324
2362
7385
4368
3066
4203
6705
8404
9812
7464
9213
5574
2604
8510
6480
9952
7878
7237
7075
9405
8357
4964
5063
3229
6035
6493
7737
4333
3306
7933
7656
608
8357
9381
2930
5556
8398
352
5118
8523
5669
3955
3207
6352
5561
3202
7099
4447
6423
6243
1374
1223
985
2347
7598
6975
1707
2048
9938
5159
1068
1714
7106
3356
8184
3378
2876
4469
5092
5608
8891
1364
527
3299
4871
5148
8828
9974
7076
8137
7479
5811
7070
6341
7766
3179
6924
7868
4342
6022
3590
9704
9963
1219
6147
1939
2298
8324
5598
7096
1882
6523
6737
736
5635
4417
1760
3245
8187
2349
4744
1361
6266
8131
247
2323
5054
7250
8371
4501
1962
7849
1855
8994
3282
3208
9176
113
5691
9587
9893
6252
1148
6835
2611
1528
4227
9330
69
1848
1127
9789
1641
3917
7764
2455
8029
5352
6152
4841
3560
485
2294
1950
1449
1759
6466
1484
2974
7320
3063
3744
5026
2885
1865
4769
8683
9349
5524
1362
2038
8795
3828
4278
77
885
2619
8600
8043
8709
3099
8298
5805
7472
7580
7576
9242
1860
6100
6376
6430
1260
1791
7281
8932
2599
9588
8013
8512
7604
6610
8999
6787
137
2317
327
1450
9987
2584
1049
5916
2627
2302
6398
259
8691
8867
8980
5525
185
4590
3915
4837
7968
2468
7978
7389
8958
4601
16
2
8814
1491
4219
4035
3429
6408
6659
1597
2435
7819
5699
6695
8623
5507
3546
4608
5311
5375
5751
4820
7648
1180
9951
3020
2245
9318
2197
5068
7356
767
3735
2657
3872
832
8522
3852
6789
2980
284
7600
2143
3303
4776
4972
8380
1099
3906
1479
1908
5885
615
4058
9844
6443
3667
5872
4517
1891
4208
4093
4524
2633
3423
3563
3664
9342
6435
2994
3756
1342
9660
8230
1747
9254
7072
4520
8669
1954
4001
948
4596
8142
7319
9145
856
4465
8224
9115
4388
2551
7341
3708
3678
2837
2482
3207
604
545
1388
5453
240
1492
6597
7879
1345
2664
1659
8705
8391
3700
3631
7009
7163
6350
9989
3332
282
7824
5808
2328
9105
5600
201
3921
5159
5876
9262
6094
1869
9141
7630
531
3327
3645
3377
5106
8743
59
559
9782
2407
2667
9288
8545
7537
659
508
3056
3235
946
4782
2507
6763
2214
5225
9928
2155
6200
7356
354
3790
102
2768
9981
1473
2669
720
8969
2118
8009
2600
4621
5854
7691
5908
2651
7976
7044
6648
9386
9357
5630
6406
3126
8757
6028
2106
5583
5288
4662
767
6658
9690
5895
5313
9594
3469
9395
3733
6846
5435
3494
3348
3138
9102
8971
9416
1708
900
9574
4628
4760
5846
3026
7857
8248
3779
9085
6816
6827
6356
5621
314
7663
5590
8170
66
7090
8074
9770
2402
4638
3830
444
1281
357
9468
6884
3614
5496
2159
2595
7431
1937
7864
7438
9670
5646
6747
1964
2520
1472
3048
3615
301
1595
4022
3900
4941
1432
7834
9422
2339
4591
6236
1950
5737
8908
5330
3481
8685
7017
1790
7826
2598
9386
3243
8571
5874
8191
7779
8828
8197
3350
6452
9530
195
8196
4841
348
6314
9294
6358
9925
2094
1961
2792
4546
2892
2856
6003
3680
8126
6754
2453
5087
4922
7811
4617
4033
6878
3045
1632
7594
5870
6417
5522
100
3953
9320
934
833
2191
1587
2850
1598
6344
6639
7712
7932
9714
6575
2914
6665
2487
7618
9993
3913
7280
4749
8376
7510
7726
5423
7072
4337
9915
3812
6536
5600
1006
6498
9398
1004
1491
3475
2950
3403
4440
4007
3300
8108
6856
3452
2231
7818
4419
8690
6797
4739
5972
6218
8135
8982
4306
5974
7727
510
7550
7053
6108
393
2717
9057
985
7913
6048
9725
5177
7757
4809
1847
8682
7794
9505
2758
6104
2047
2422
8943
4990
9196
1538
377
2580
5073
4194
4444
9528
1924
2733
3882
9020
8710
9845
1678
5882
5472
3743
1442
5201
1665
6176
9479
7087
4774
8899
8318
8548
1099
5505
6435
1575
160
7012
9225
7870
1389
8246
4424
3473
3496
9181
4466
8301
3092
8788
5309
743
4862
8970
3326
8478
2949
1775
1877
8599
2049
7734
2555
4906
1376
5447
6158
6252
2417
2561
7811
1128
845
8269
738
9881
3616
2584
7252
4906
2083
7991
8888
1663
455
4838
3870
5495
5651
1581
4872
5445
5114
6990
4114
1558
4572
4416
1120
4856
2556
4998
7724
1462
1027
2605
838
6407
5345
1872
2123
4798
6210
592
9527
1482
7758
9751
6568
2457
8288
2394
2439
145
5823
8837
2027
2814
7202
1468
4479
6102
3561
8096
797
1201
6848
3888
5357
2365
4384
1274
5146
6472
7501
6004
8469
8189
648
471
9972
3537
9679
3221
2840
5153
3714
5681
5391
272
798
5608
6709
4151
9873
192
8265
5026
8325
7306
3727
9594
8927
402
8264
2028
5085
5646
2538
9018
8383
272
6289
3570
157
8283
1741
8268
1209
1378
6546
9588
8784
2102
6167
8955
9796
3010
7428
4684
5793
7091
7266
8461
1103
2613
1731
776
8973
9032
9429
8979
1706
9843
8249
6260
6299
7672
679
7796
3507
1762
4118
4169
4503
4795
2939
8309
3623
4343
5381
4604
9396
2702
9509
9019
2519
2201
8463
5900
9085
886
6627
8188
1666
9628
1441
2243
7424
4375
1025
1684
5398
7473
491
230
3381
2536
8307
5205
5267
3819
3189
6680
9390
6297
7331
4726
5940
3665
1585
6546
3662
7274
7795
9994
7623
3537
3769
7855
9058
9446
9828
8116
67
469
8066
7293
4855
7568
733
9237
3987
3030
8749
733
9385
8338
6033
9306
5826
4972
6616
8870
2260
2665
2245
8337
1365
149
7848
1202
4086
8758
7370
4617
2013
9289
5527
8142
3853
2773
9822
1085
3711
8390
9534
7951
13
8516
6706
863
7945
5662
8806
2870
9967
4055
5392
8597
9701
7356
1432
6966
9224
8339
7244
5879
4452
714
5916
9942
8443
8723
1151
217
6194
8248
9204
5485
6845
6482
7764
3660
8174
67
5025
8405
4952
786
3750
2968
5782
1466
2851
479
1254
3150
3811
5257
8776
3218
8803
6782
6823
5429
7619
4089
2429
2254
6015
2727
3960
3794
5259
6144
7083
7658
4957
5054
3870
8456
5191
5295
6193
8808
6500
3051
6434
6004
3332
2232
1011
6013
7779
5226
3814
1008
3155
6814
2671
7451
5830
5270
3219
3128
9431
6876
7286
9552
6052
4605
3538
6172
5261
6918
3035
3060
9829
1981
9238
3373
4813
8164
1115
6173
1718
8014
479
1482
8206
2493
1748
9726
822
7622
9771
1772
5363
6781
4886
4460
4938
328
6091
5016
7763
6502
3571
575
9043
6809
5818
2026
6141
7436
6073
6028
3097
6890
1462
1245
4477
247
3969
9615
9639
6664
146
5639
5153
3798
4577
2165
8965
4182
9420
2496
3488
8639
5742
9258
8943
5440
8756
7870
7826
9332
1370
7722
2121
2194
8473
4300
4533
3729
6806
7342
661
7797
9890
6018
1597
1973
293
1073
3479
6088
1619
9740
8454
3821
3558
1393
2294
9202
834
6594
4905
3166
7274
4690
700
7163
2854
6539
4273
6390
1613
2840
8647
1359
7031
4514
1
3037
1793
7724
7033
9566
4794
1028
6562
4302
9332
9903
8362
516
321
4433
9749
4530
8501
3534
3027
9165
7106
4304
5535
9201
1205
7246
8470
3594
7566
8389
3413
4181
7008
8886
4627
7916
487
3236
1577
2280
5180
2429
1222
1351
5690
5958
2350
1994
5619
2818
335
1325
633
7971
955
5880
8913
872
187
895
8510
3317
319
9407
7940
2889
71
5614
8363
7328
9234
857
4647
6696
2554
9032
6880
2992
6468
4204
2277
413
1393
5226
740
5878
1480
7252
8272
5659
7357
7734
334
6052
5689
6887
273
8226
944
9908
2235
9090
2749
6710
2697
6518
6472
3982
6780
2525
3812
608
1835
7216
3158
7465
4938
2405
668
4098
4984
1234
8664
9310
8224
5544
9093
8642
7463
6416
828
1984
3645
2327
6223
7832
5798
5907
2942
8285
9283
6789
7135
6295
1274
5467
8808
4350
322
4719
5245
5222
469
6026
5992
5888
824
4172
3102
5518
9745
1714
9109
3030
3910
8438
5355
1696
6864
5809
1095
4
2985
6233
1509
7681
5715
6006
613
5664
8359
6492
2398
4637
5344
2410
8945
6471
3314
2060
4517
4485
7623
5624
4730
2305
1930
1045
4721
5354
7667
5525
4632
8030
2174
1256
661
6509
6787
9245
8185
5291
5498
2823
6130
6232
2978
4295
2886
7326
6300
6552
532
1945
4752
3907
4617
2977
7950
4986
4379
909
2620
4543
1372
2138
7685
333
5522
8054
6328
9323
5628
3897
7358
7287
630
6591
2220
6255
4801
6848
784
1230
919
7808
6344
8513
9902
8388
6593
10000
5859
3502
3186
7852
9639
639
287
7606
9020
6853
6726
7583
4540
298
5989
7207
3903
6255
9201
9884
8013
7662
8037
3197
857
2038
1236
605
8105
8001
4829
4465
1913
6968
7758
2009
1765
4195
6468
2583
1638
5173
8628
3277
3922
3384
8419
2156
1341
4359
9217
9988
4888
8940
7400
350
2614
9814
1962
9952
1289
9283
945
1161
8873
6656
1609
939
305
7297
8381
1966
9021
632
761
2646
7580
2285
9655
5860
4979
4198
2368
4736
738
2834
1017
2126
9799
937
1840
6695
1307
2141
8857
5676
9999
9613
3412
3486
6475
622
2160
191
3586
1353
7107
5779
4658
5407
7784
9450
5549
7514
1382
5621
9331
2521
4740
7785
7411
5906
554
7662
5183
1528
8906
8231
486
3489
7944
6716
5988
2657
4122
466
3879
3265
9391
9078
1807
2174
5879
8895
8238
3073
1865
3022
2878
5845
5977
7106
9628
9502
7328
8311
3616
6339
5972
3503
8165
1375
6673
2337
3769
5727
3526
4411
1030
590
2881
5223
5343
6011
6741
1927
1539
5526
170
9304
5012
9262
1482
2115
6875
3806
439
2628
4189
5005
2817
7499
7986
7442
1241
2818
3246
3854
7751
1218
7307
5297
209
8872
9511
1009
4347
5022
5169
2521
2827
7404
6514
9817
5336
7060
574
4052
9657
1252
8651
6531
4324
5993
9138
8460
4225
2296
4370
701
1318
7686
8949
649
9802
7440
5374
4343
7357
4308
4361
2307
1596
1810
2975
5630
7533
8294
9197
2935
5493
134
446
21
4732
1349
8486
7019
1352
3764
4055
6117
3441
450
1440
5674
142
4800
7340
3926
2979
7174
9488
7503
4320
7619
8849
4986
808
1244
8735
5145
987
7855
5513
7522
7143
776
7671
8396
3466
3445
1098
9641
2693
8676
7697
3881
6150
1766
1422
7911
9519
691
5697
7742
4843
5281
5051
4131
4054
9270
8842
551
1526
1006
7169
9046
9512
8285
5279
4569
3380
4827
5344
2331
5508
8985
3349
8524
3467
6056
8234
4421
8169
3295
1627
4862
6331
5836
1558
1241
243
7673
5322
5443
5314
2609
5487
894
1921
7753
430
3798
6434
2280
596
4291
5480
2113
6993
678
1948
1306
6086
6066
8560
1378
1592
77
4352
7956
474
3786
8616
966
9051
2353
7988
6443
8895
9075
8565
32
7190
2565
7579
3950
5596
3005
8552
1386
3300
2143
1891
5468
1392
6622
1802
7640
2292
1516
3648
197
8680
1440
8872
9469
7803
7897
5654
1830
7039
4842
8876
9368
4007
9245
3267
7052
2811
1847
3781
9195
9000
4256
8331
2091
3452
8711
4580
6369
5381
6483
3705
117
6632
872
1096
8689
371
1301
2906
2392
3861
5708
4470
492
609
9576
2257
7994
5368
2379
7834
3091
5451
4256
4370
6732
6323
1127
5619
4192
7976
696
1304
2802
279
7625
6565
2570
2327
6589
1727
5770
1174
3573
9174
5588
8776
8606
800
7156
7741
1500
304
9452
2671
3881
2889
718
3722
6178
9902
3435
6278
9956
9266
3629
6064
5442
9589
4297
1880
2646
5674
5109
5857
1135
4241
6571
9167
7871
2928
8314
5019
815
6899
7373
9605
3257
234
1226
560
9937
899
8628
909
9086
7480
432
4366
2580
9254
3258
361
1955
6317
1338
1501
7820
5678
8191
8794
4888
8067
3684
7288
3810
5769
3544
2118
5026
8069
2442
6030
5626
2430
6949
1320
8914
2517
5867
7787
6953
8335
2565
6402
451
1607
6936
2555
9713
2428
7842
104
8006
7424
5378
611
9467
7399
9312
8574
9825
6534
551
8519
2143
1066
6677
484
6023
1272
3241
7678
6212
6946
4956
488
3545
8194
5820
6317
7756
4305
4798
8500
7998
1833
3198
6428
850
9870
5787
4512
6920
4684
6266
9729
2174
4608
6180
149
7503
5038
2761
25
3516
2878
9349
2772
2042
6170
4453
815
3678
451
8388
5353
8458
1891
1335
3959
7871
9597
5100
519
5850
7342
9170
1054
4385
8756
8157
1460
5072
7556
9521
9704
1602
41
9372
194
2233
4345
9241
6905
8611
9046
5283
2325
6625
3027
9769
4791
6031
9449
1928
8677
8983
5080
4652
3187
9253
8579
605
7580
6114
4333
2179
9092
962
8249
2056
4968
4124
6363
1030
216
2855
5815
7245
7018
7375
8983
3812
1408
1733
2543
6352
6381
260
3089
4016
5293
7608
8122
6083
9431
8264
8619
1547
3764
3110
5226
1404
76
5170
9614
4567
7595
3796
4220
9141
7638
1139
1962
5591
6309
6209
3820
8394
4540
634
2948
7412
1135
6842
3698
6385
2841
6862
9748
1899
8019
6051
4000
504
9283
3756
3479
5806
405
6795
8013
8191
353
4434
5014
5017
5681
4509
237
902
4397
2599
4131
3785
9465
5416
6939
8467
6621
3843
7045
7775
3185
7363
4858
6254
7915
3732
9574
6698
4189
3060
4145
5404
806
5018
3609
9439
1420
330
9960
2436
53
1955
8377
2552
2075
9943
7095
468
6975
2919
5718
9703
3794
6017
6175
1001
6686
3947
3010
3447
794
5787
7283
5843
3574
2926
2524
1307
6251
483
6192
6391
2844
4363
9914
9516
5771
3462
411
526
3497
5572
2259
6087
8215
2383
2323
6063
2196
5596
5727
907
6161
3848
2497
8140
3504
6817
523
4259
1019
7988
4126
5622
4807
2533
2122
9837
9185
5903
7487
2260
8063
9294
1481
2501
7519
9503
350
2176
4912
8184
559
477
5174
7193
7259
5719
8120
9885
9732
5880
3222
4399
4993
9322
9231
8480
3602
9968
3421
8485
8675
9182
7847
5865
3836
3018
879
3497
5507
5563
7199
2329
9832
4338
9529
7624
7156
1064
600
7400
3969
5313
3831
4882
8529
453
3410
863
8035
6079
116
301
7466
4017
8278
9889
2623
3664
1994
7331
137
5989
2228
5171
6037
7756
9015
4830
424
1408
3039
2792
9650
7095
1668
5225
3862
2114
9741
530
8693
9556
3965
7935
1953
8580
1013
1546
7484
4148
7293
3650
1161
6708
4454
1697
2725
731
3764
8955
9850
6122
6884
306
3746
7606
2539
6771
5754
9321
2442
7741
1539
4719
2817
7714
520
7157
9360
9289
1254
6466
2011
8982
1036
7733
119
4123
548
4299
9577
1607
2525
5826
7866
6289
7480
4166
8675
5006
8884
2592
3490
340
4781
4193
2014
831
7703
3424
3963
5427
2620
3340
7414
7534
6661
8933
2906
9536
5987
2335
3108
8433
1838
2623
9356
9116
9733
787
5721
9498
7826
2944
9167
8601
2127
2608
5284
8001
8886
8604
4406
5239
8166
2321
4574
6032
5406
5393
1512
7328
4638
5738
6861
5194
4372
2687
5768
9512
7849
3814
8915
7551
2049
1090
3837
7206
2001
6131
9140
4162
6338
1709
2242
8089
9935
2557
4996
3149
8130
3975
256
6881
5187
7689
4150
2279
383
2347
4389
4798
1220
4399
9121
1211
6883
4355
928
7013
4339
5271
7382
1901
2724
6839
9566
3242
4743
8185
5742
5589
7228
9378
187
8760
1895
3656
459
3000
3723
5221
4648
3130
6668
6107
1376
981
8109
8813
174
9243
9754
7741
3274
771
8524
5011
4708
1620
3129
4085
7912
4060
4617
3181
9604
1120
3230
9806
9360
2009
1881
4597
393
9616
6139
9630
2213
8153
3898
6174
413
2528
4168
4856
2049
1159
6155
5020
64
2009
7173
1313
9138
2608
7150
319
8218
2080
3611
2885
637
6314
7436
8665
5815
5380
8419
660
7238
5538
5875
8468
2098
7636
6327
9106
1158
8935
3549
7506
6803
2633
4301
1992
5676
1671
3241
4285
4351
7354
2930
6070
5060
2774
4409
8573
394
3789
8710
3412
1191
3012
9663
7267
6735
8161
1957
5325
7690
5333
6028
5470
4255
9131
7404
9492
5595
7467
7207
9267
4492
7187
5937
8882
5191
7585
3094
5592
9648
4227
4817
11
196
5925
7204
155
3830
76
4644
1055
7674
4730
695
3035
3498
1070
9074
3361
5291
3524
4637
5116
1477
1297
4365
6695
8786
4931
1509
3762
3525
8595
9374
6069
6959
3370
7859
7776
7874
8600
5233
209
8145
2738
6527
4610
1683
6888
60
4051
9141
7835
5204
6750
3520
8749
9290
7388
8875
4641
7028
3752
806
6269
3587
8851
4253
5876
1543
7308
4794
3431
7614
5238
3937
4932
4371
1830
1856
6506
1629
6190
1493
2605
4554
5574
3298
1677
4066
1099
9962
3115
8896
9506
7709
9386
4433
6597
9694
4514
1744
676
3557
5523
5750
8866
8727
583
6999
1065
1101
648
9504
8578
2774
5767
2189
2294
9577
6692
3100
7909
792
9509
8218
837
7992
8740
4581
9476
3504
9398
6639
9505
4482
5317
9684
9688
6156
3976
9560
8179
4236
265
7998
6901
5204
6695
7455
2696
4293
1705
2692
6502
2264
4487
8230
767
8378
5679
1520
8561
8913
4012
4736
2855
1369
4209
70
6965
5447
2714
580
5980
1729
6070
5440
6306
7955
3448
1544
7369
6035
1123
4831
3757
6399
337
3620
80
6
4079
7131
8855
476
9844
518
9048
4664
247
104
4296
8417
4822
1703
4175
9890
8892
4854
3456
2323
4862
9066
220
1273
2255
7038
7399
8591
4265
8554
9785
9424
2223
3094
3995
1192
8591
1665
5861
5240
9225
1655
9260
1641
2803
6789
8983
9596
4180
6598
2948
1827
6290
4413
9196
6235
9729
6495
1075
8860
3726
1160
3880
1660
4924
298
412
712
2990
6405
545
6885
9938
7155
2380
2814
6862
8723
1817
6018
1946
135
2856
2335
910
9549
1604
1901
3938
1976
661
6284
8922
6124
368
156
56
8259
4548
9494
6910
4480
6211
6683
1456
2432
4022
1898
8380
6065
8118
7123
2154
6729
1838
1737
8182
1666
2834
3290
3185
1612
1971
5207
7635
5364
7702
8291
3986
3100
4096
7876
4201
2778
1167
4509
7899
1942
2053
1978
1094
1136
1146
7886
1456
2793
4537
8720
6758
7814
2684
4413
6641
7124
2178
9519
3772
3505
5590
4220
272
8779
5283
6871
2632
1456
9033
8766
6204
203
9002
8716
3498
1727
3994
7596
411
5705
9388
5816
4274
7046
4673
3914
9703
7067
5493
5028
5708
4275
3892
3526
8647
7988
5807
9846
3094
536
6442
1541
5005
4961
2288
6104
4021
6898
3190
1312
685
955
578
6097
1473
8117
7939
7815
385
8519
149
5486
1520
7861
8795
6751
902
5409
2457
2504
7233
5354
2395
8910
8981
5212
1294
5473
2804
9495
6589
7980
483
7778
1950
3488
905
9138
9490
6107
7588
4849
4785
3674
3439
5082
5013
8107
2588
1504
6182
9
2781
4420
5964
1750
3874
8864
8666
8530
4747
7086
7145
7463
3653
5569
7015
4988
4819
8171
5538
7546
8888
5572
8068
8465
4549
8083
674
313
7761
7486
6877
4824
4902
9300
66
7933
5054
7945
8604
2375
6977
1029
2609
1318
658
1991
826
9305
1533
5935
7614
4768
8691
9840
1120
7484
6557
4628
2236
8068
7933
9647
5366
4029
7709
1507
4690
746
7703
6598
2169
471
6833
3190
509
9256
7037
2707
3982
9164
4536
3738
5799
271
9335
229
9341
4300
4259
8089
5630
3750
3530
2191
9270
649
463
6702
6949
7427
2853
383
7214
6178
4742
3828
4590
7949
4798
509
5469
7164
752
89
155
7173
548
9503
5235
4890
9394
7728
3426
652
4327
2713
7455
368
461
3214
8013
4104
1190
5443
1111
8556
460
5388
8819
5742
491
1901
4011
9161
8768
7884
8850
2217
3210
4102
1900
7262
4808
4837
9139
7058
3553
4285
5905
2542
1105
7379
2728
4862
4940
5727
7326
7615
3525
1597
5235
9512
5935
54
3364
3365
9641
2626
5342
6423
9161
4689
8141
284
8814
6627
7018
8010
57
7326
296
9865
6818
7363
1155
3702
8396
1848
7830
5000
5720
9876
859
6979
3268
5290
2565
6012
3597
2407
8336
2193
1519
9337
7463
8239
6278
1825
8717
3869
8841
1711
465
2151
5269
2506
2072
3951
9489
6793
6067
9
3331
5099
2797
7094
9062
6879
613
1743
6455
683
5170
4963
5349
6777
1346
499
1305
666
8212
6556
3203
2199
1085
9082
7780
8505
9356
8715
2282
4260
42
4235
7190
4653
2215
1641
6940
3459
8879
9284
1304
9319
4480
4295
6300
2067
2680
4379
10
9290
7682
677
507
5065
1952
7122
6723
553
6191
4780
5972
5867
6921
7992
4524
943
1799
2402
908
7634
8362
1076
9243
3169
7507
3895
4075
5235
1219
7469
7408
8958
6762
2110
9136
114
8051
3164
9374
767
864
6369
7447
509
8641
9465
4578
2401
3503
2884
2109
7763
3357
728
7043
8504
7563
6598
7343
8982
3078
2315
222
8294
996
4874
8280
8996
6739
1443
9701
7299
1627
4863
2199
4120
8913
5089
6455
1270
9430
7094
325
4229
483
7429
714
8067
5359
4883
3975
9314
9191
1828
4698
3208
3879
243
1019
8449
555
2938
1681
2831
4257
8970
2261
8916
1755
3545
8973
2783
1744
6365
5744
5264
6016
2777
6883
972
9224
4986
8354
2676
4199
6586
4104
7098
1288
854
3415
9025
7535
1733
5067
2607
3884
3435
7219
8679
9060
7692
9912
357
9363
865
4312
4127
8299
1429
8963
533
5232
280
3492
8583
695
5694
9762
6900
7001
8661
1860
4158
7238
2477
9081
5023
862
6944
1472
2888
4624
9264
9718
7865
6759
5358
3740
1136
7505
1603
7864
9882
3421
5496
7899
4514
8533
4599
6439
8145
206
8284
6659
6891
4534
523
7754
6277
7367
6321
6887
3566
3987
9469
307
8104
2366
6148
5494
5210
552
2888
1829
9352
6380
6979
6591
9857
4737
2077
1890
3291
3975
5084
2835
8502
1048
1030
3939
5214
1316
6784
2178
1468
715
6558
2160
6797
5604
8932
5749
2729
1152
7150
7859
6371
6796
7856
5740
3343
8103
6812
382
1479
5408
8502
8780
8478
5115
6335
5089
3980
5615
6204
6198
6189
5752
978
9666
7667
2004
3915
8379
6690
5361
2395
3497
4697
3200
5038
765
9482
5257
1546
6267
3443
8289
4210
9960
893
701
1034
1261
887
7485
6560
5965
3532
3677
2984
6985
2902
9425
4379
1879
830
3124
786
9534
994
7057
3844
9309
1359
8934
4045
5555
4254
6412
8670
995
4660
122
5501
6302
2655
4975
2249
3885
3974
5473
920
3187
3365
5917
3486
993
5545
9786
7343
7671
8471
109
5310
6074
9909
3365
8064
4008
6821
1624
6446
5878
3719
8690
7187
406
8085
5973
4644
2860
7952
1319
5240
5758
1512
3787
8837
8230
4030
2873
8277
5221
9469
9240
1436
8394
9560
5655
4104
3464
4440
7574
7030
628
4310
7286
6889
1056
6361
2824
4025
4186
694
9177
9620
5174
2362
3835
223
5039
5415
5208
6816
2694
6773
316
5946
8310
4903
7667
3691
9789
9186
7107
6011
359
1360
9630
5461
8180
8486
7514
9211
9344
773
6073
5753
4649
4639
222
714
3800
1476
1970
6690
7343
4294
8236
8928
7233
5128
9194
3836
5993
6604
3003
1617
6648
3303
3051
9186
5668
1658
5253
1494
3590
915
3653
7756
1368
3090
4253
8261
2812
9963
2480
3669
3795
8438
1053
3622
4263
9895
5548
1791
709
7370
6663
5422
4646
8587
2324
4528
8389
1944
94
6827
6029
8839
9777
1376
9679
5612
4290
4460
1606
5789
1183
7189
6025
3383
7408
4386
6328
2729
2828
6716
113
3476
758
5192
4928
2800
2666
9855
5182
1309
6340
2115
4125
5108
9385
7876
2944
8227
2964
866
5594
8985
4960
4690
1402
5381
9542
9673
2584
5678
3180
6211
9535
2105
5272
8666
4108
6108
1979
8847
8946
4995
1395
9802
7175
94
9105
9561
2800
442
3579
6213
1388
1767
1698
6619
3173
3209
6757
5149
8334
5029
8147
8903
546
1932
2742
9010
4832
2112
489
9266
5858
9463
1076
2675
400
6518
2205
8907
5250
87
4582
6778
3302
7768
4620
9152
8501
671
8556
3853
5481
4769
2401
5421
8474
3661
2169
8551
3770
7566
7362
8012
8816
7534
1316
5887
2057
2881
5691
579
8971
7180
8901
1802
816
8347
8462
221
990
358
9123
3543
4290
2947
9428
792
1691
2791
3461
2009
9191
8402
8012
4848
3360
1458
8882
7041
272
3031
3810
20
7357
9958
8322
9266
7370
4218
3487
2385
1825
158
5944
3199
5971
2122
8083
9105
3498
964
2732
3517
9263
1133
3852
2718
4932
3751
1880
6200
7213
9934
4405
8128
1591
6178
5808
3112
9334
6683
9262
2331
4124
9034
8436
7071
9945
4483
6964
8175
1935
2962
2118
8134
4701
8641
9034
1246
2328
5414
1496
2782
9186
2631
6196
5186
4928
2928
5665
7722
3832
6409
2307
4951
8777
2474
500
4875
2097
6215
9465
4223
8862
7098
9602
9166
1433
7353
7754
2230
1036
4303
8143
3088
2097
5430
6301
7066
8604
4040
985
7188
4482
7590
7613
8197
447
9523
5673
7604
5411
3562
8272
6588
9529
9455
1406
3316
8442
7354
9580
7137
4946
499
7516
8342
8097
1941
4625
468
8889
1812
9326
655
9611
4590
6927
3585
9153
2591
2205
8339
6793
2297
4884
2418
6510
5811
2377
4169
8348
9075
3574
7062
3631
9497
6446
6491
475
9543
1967
5236
9131
1789
4796
7973
4009
7794
6550
9797
771
3925
8144
4144
6505
4525
1803
366
3080
8716
5614
1399
9539
6690
9943
4975
7223
408
5645
162
9754
4376
9949
809
6797
8858
4853
6605
636
4730
6952
3958
4436
1494
7084
9005
6508
3130
7406
4790
712
8151
9337
5235
3267
4738
5081
1207
3871
6439
1369
2999
4672
4401
9507
4287
1237
6490
2751
8619
