3635
1
8537
-6015
-9697
1204
-5030
-9438
9483
4083
-1035
-860
6706
9792
-7406
-8011
-6306
-757
-8668
-572
-6502
3387
-772
-3888
9263
5778
3547
1296
6878
2627
4246
2353
2244
6244
-209
5989
-9000
-9788
-992
2962
-7309
3385
4120
-5553
-9302
-7984
5606
-7260
-1408
8631
-3654
-4779
9843
-1820
7629
-7366
3086
-3560
8934
-2889
-7266
4785
8584
5630
1587
-9148
2354
-5970
-1793
1052
7181
-2332
3099
-4529
61
4691
820
5604
-6461
3805
-9980
2526
1380
-7355
-1747
3373
4332
5075
5644
-1186
5088
-9548
2635
3153
7981
8207
-1180
-7623
-6020
-4408
-9522
458
-6517
-6618
-1816
8013
-4960
-1676
-7305
-6590
-752
1075
6501
-8525
4705
5077
4853
9060
6077
8488
-1327
-7774
9897
-4868
5566
-7065
9759
-36
1118
-317
-590
954
-899
324
-7404
-4019
-9733
382
-4504
3291
2025
-9024
-7821
5667
6842
-9809
9742
4203
-4771
4592
-8830
-8517
-2969
8439
-7400
-5184
-6291
6237
9528
8879
-8107
3850
-6381
5238
-6046
1284
284
3022
2792
-2550
3159
-6123
7798
6734
6091
-2534
557
1333
-224
8782
396
6528
2355
-9700
5727
7459
-1437
-3697
895
43
-2892
-8665
418
-3967
2030
2018
6910
-4957
9403
-9413
-5006
-2975
-590
-6069
8830
6922
65
-3268
-8163
-1972
6673
1846
-1802
-3870
-7407
-2761
-5986
6245
-8926
1215
3931
-1614
-9973
-9452
6200
327
-4956
3541
6461
-6422
-6218
2450
7755
-6355
2169
9608
5035
8736
7883
3328
1562
7247
-7178
2573
2771
-2535
8420
2791
8723
-4082
9995
-3765
6891
5214
-3529
9827
5507
-188
6417
-2171
9639
-4246
5908
-19
-5864
-4670
3391
-8285
2850
1929
3212
1766
141
9048
-8386
968
-1073
-3718
-1635
-8992
4512
-1632
-7142
1637
-3638
-2194
8984
6709
-5532
-4303
2320
7471
7361
-4812
-2597
3383
3519
-4021
1323
2688
4152
-6113
-9030
-2828
-2422
5991
3924
3474
7862
-6561
-6861
-5525
-8190
-1373
2741
3273
9013
2765
3402
1085
-4090
-2310
9033
-2692
-2052
-8792
-5530
5557
-16
-4635
3481
-3717
6697
-2885
-1406
-4206
368
6621
6571
-9601
4760
615
1529
-9502
3125
2246
-5163
-453
9678
-5006
7486
1656
4294
4545
2721
7499
-9264
-7814
-6717
-4063
-4842
8492
-2538
-4825
7013
-2226
-2655
6110
-3371
3587
5988
-6441
-7505
-6712
4692
6741
-564
7693
-6380
1408
-6712
-5702
2583
5842
3280
-904
8080
492
-8489
-9160
-4552
6200
9205
-3058
-2044
7103
2927
8277
-7128
-8620
-9701
2141
1111
-5177
-9809
90
9659
-8582
-3074
-7292
379
-9310
-4237
3839
1734
9876
-7173
9526
9767
-2579
2178
-5996
-5284
4764
-9564
-1581
-668
7367
-786
-5511
-1914
122
-9317
1958
-6880
5544
-518
9439
-5874
9394
-7
7109
9822
-394
7693
7212
-5971
1898
9110
-9416
3724
-8350
2109
-2966
155
4692
-1895
-2293
310
8582
-2979
-7971
-5655
-3942
9218
-9789
6054
-1318
7873
-9454
6109
9585
-8361
7414
3189
3915
-6905
-943
1580
-8485
2718
-23
-6460
-977
-6646
3613
-2076
6203
7967
-6312
-9757
560
-404
-5498
5318
-2348
-9707
6065
9396
8458
6293
7401
-9829
-1752
-1823
9022
-93
-1886
805
-5979
1458
-5209
9981
81
-9589
-6308
-3712
5943
-8442
-6104
-2470
6962
-2587
-1081
-2432
-9926
-525
4858
7259
2965
5754
-7223
-3967
-8994
-285
28
-405
6200
342
-8415
6792
-2129
774
-6148
6607
-3217
4759
6903
-6254
8534
-8633
6105
-8163
2424
7681
-9114
9514
-4745
-5741
-8221
-3862
7537
2581
-7976
-7102
4428
-35
786
9433
4794
9457
4494
-4459
-5165
-1823
4427
1618
-8280
-3692
4481
-5232
5096
-6860
5731
3802
-1505
-1081
-1701
4014
3833
5491
-273
4253
-5122
1834
5382
-2466
1836
-5922
2741
-9195
643
5698
-5339
-818
5070
8086
-5122
-3531
9173
-8847
2017
9198
879
-9412
-5023
-7204
5216
4499
1812
-3088
-8137
5086
5976
-4560
8251
-9502
4507
-1244
-839
-7845
-9523
-8494
3458
-9371
196
8806
-3517
292
547
-8762
-7065
-2024
9210
5176
-2373
5277
3645
-9894
5687
-6253
-2223
-6377
4965
9936
-1672
9258
-7630
8533
611
8917
-4776
-9436
1967
7732
-1189
-1606
5552
-1504
-2526
-252
4920
5254
-6296
-8591
2069
4910
-5356
7673
4189
-3440
-2544
893
7009
2936
3447
-4164
-706
-9904
4030
8166
-3180
-6589
8418
-7793
1574
5375
8195
-9012
-9549
-9056
8782
-9330
6414
-691
-1295
9633
3543
-5239
-6922
6425
-2922
820
-1361
7763
-4082
1524
9711
2512
-1455
-7544
152
457
5358
-5586
1606
-5443
360
7639
-6943
-7349
-3345
-8624
2959
-4305
3053
-6961
9970
5208
-6725
-7566
7908
1195
1593
7560
-6596
5166
-7084
-8201
-7212
5584
3709
-1363
7351
-7564
-1390
7201
-896
-9981
-8404
-8462
84
-8556
8675
-1563
-4912
-9746
8107
1137
-9120
-6333
-3161
-9936
2995
4785
7528
-3376
-5586
-373
6207
-3267
5206
-8413
9444
-1375
-3652
-2354
5998
1119
-6873
6699
-2347
-4702
-4803
-1108
6840
6297
786
-406
-932
-5114
6530
26
1605
-539
-2123
-4728
-2515
-25
534
-7489
-4699
-4138
-349
1862
-7130
-3879
6324
6533
7001
-5782
-472
-6780
8100
1427
-2519
-8053
7784
-3418
-3212
-5186
2158
-150
5139
6192
-4536
-1324
2018
2022
-4903
8506
4296
8584
-1702
7881
3502
8780
4327
6457
8203
-1580
8684
-4469
5906
-7433
4977
1408
4549
-204
1019
763
-1932
3219
-2875
-712
-9375
4754
3869
-4649
8119
-8373
-1624
2659
-147
-5468
2580
1364
6720
-8965
-7786
-3242
9228
5166
1158
5253
-1007
604
-4569
9990
193
7197
2376
6581
9359
5267
-9992
3462
-5594
-5905
2334
-2907
-5354
-7206
3795
9694
5276
-5570
-2838
-3232
9982
-4060
6171
4534
-6150
-248
4069
5421
-6006
-6012
-1469
3726
5910
-5304
6624
-4319
-6585
1174
8039
-8040
8093
-9897
-5748
-5478
-9987
4013
-8744
-4666
3462
-309
7817
-1818
8221
6457
7844
-5388
8079
-4306
4207
-3370
-3176
9525
-9403
-5620
-4470
-1126
-486
-879
-3239
5660
-6670
-9769
-5095
-5321
9193
-3669
5105
-6187
-6754
-886
8615
-330
1950
8767
2407
-6979
135
-3252
-3528
4464
3721
4408
1098
-7057
9501
-610
-1758
-3041
-2272
-3097
283
9281
-8564
3023
1976
7610
-2622
2598
-6144
8167
7751
4236
4615
4122
4184
1684
2412
-7984
7597
5069
-5261
151
-6022
-8626
-5918
8305
8769
8139
-1297
-4320
2537
7991
-729
2230
-3916
-1307
6848
-2997
-9604
-7631
-5361
-4675
-1242
-19
6384
955
5303
-4082
567
-7619
5559
5941
-3784
-8360
3820
-355
4839
-2259
-8487
-255
4299
1539
-1528
3740
7121
-5670
-2201
-8077
1691
9053
-719
4489
2343
1524
4380
1080
6493
-1423
1195
4661
3588
-2855
-2129
6395
4163
-6946
-5443
-9062
-2438
-5885
-9561
6914
-4556
9348
8135
2712
-3638
5821
9188
8397
-8022
-6923
-6304
1349
-9972
6951
1384
-9154
2224
790
1448
-2906
-2434
1839
-8450
-9492
9787
3319
6886
2657
-556
6371
-7891
1448
-3554
-8861
-7653
3003
-5215
-7595
-41
-4417
2324
3119
3733
-3893
268
-6304
4849
6658
-842
-2931
4635
-399
-6302
6821
-8192
76
-3654
-5162
5208
6990
-2977
-5454
837
8596
-412
-1182
4144
4943
-3497
790
-9116
-3473
3820
-4687
2294
9695
-6428
7380
-947
-4532
-1585
1852
1416
7604
6986
-3863
-1739
8645
-3769
-6970
-7184
1540
-2500
-724
2169
7580
8777
2199
8240
-4372
8375
-1229
-7218
-4748
-2082
-856
-5563
-4379
-3847
-1456
-2810
-8676
-2775
-7660
-2623
-22
-1293
1090
5300
-3185
-4276
-2617
-3237
4317
7466
343
6568
-7285
-8069
3861
-7796
2268
7840
-3391
1734
-839
2691
6645
-7746
-753
440
-8970
6259
8667
4232
-4180
-246
-4082
-6749
-8090
4792
5011
4412
-8799
-333
-5010
-8993
-7156
7895
6567
612
-4643
2922
-7671
3981
1284
-9102
6794
-2161
7040
-9081
-3277
8461
4371
4390
-7555
-2032
-3957
-3793
-5966
-9001
-3103
7270
7883
-4031
-7168
-7224
3579
-2263
-7956
-1875
-8589
9765
-2690
-1108
4381
-551
-1324
-3730
-7142
8535
-5584
8958
-2433
6800
-4751
-493
3926
-2922
2379
-7319
-5406
8115
8231
-3968
2027
5740
4480
7951
-3073
-1843
4423
-3881
606
6423
6992
-8493
-5093
-5249
646
8784
5332
5427
-1205
5068
-2583
-2330
-2107
-605
-7843
8201
-2542
7101
6906
-5209
-2471
-3063
-4120
669
2123
-6059
-7839
-7540
735
-2747
-5868
-6491
-5767
-6619
-1924
-2130
2588
9011
-9952
1158
-2071
-9170
-6465
-546
-2915
-4
3644
-8944
-700
6341
757
962
-2763
7162
4715
-9659
5897
5184
-194
-9965
3968
9630
6887
-2647
2181
-826
2473
-3416
-3458
3464
7237
-5397
-2900
4826
4725
-1327
7842
-5131
2455
491
5749
9615
8821
-3844
7515
5228
2517
48
-9661
-3133
5363
-6691
-6637
4216
-1261
8552
-3268
677
9864
-76
-3630
5375
5067
-2976
-5185
-5913
-8475
-9380
6727
5845
2865
-135
670
6448
4121
-5396
1360
-7443
1909
-4795
-7465
-8184
8018
6247
-9929
7113
-435
-5683
9301
-2681
-2460
-4342
4477
6643
421
3197
-633
-2681
-6820
-4324
-4304
-265
-4269
1908
-846
7004
-1802
6860
3322
6765
4653
-9002
885
-3301
-6735
8743
186
-8672
1857
438
2755
-2334
864
7537
-1426
9492
1468
-6999
-1551
4009
4138
9006
5667
6036
-5509
2190
4158
445
9277
7279
-5864
489
5560
9100
-7315
-2499
-8081
917
2145
-1813
-3653
811
-2929
4204
-403
3503
-9671
7212
-333
-4800
-2766
6955
704
-2403
-8761
-5783
-1665
-3777
-5124
-5351
8534
-2889
1366
-6429
7854
-3190
-8246
-8271
5599
7264
-5932
-4979
5046
-2944
-3441
9776
-2850
2784
-1002
1406
6104
-1720
-8595
3965
6133
7774
-4401
6875
-7752
-5009
-642
-5429
4839
-6505
-4530
-8545
1853
4657
1354
3504
-2719
-8802
8593
-5717
-6598
-4648
5339
5519
5616
-5103
-9263
9410
-6693
-5549
9312
1614
6011
6516
8411
875
8839
-4693
-8587
7485
-579
2408
4318
-2616
3457
831
385
7456
-1232
-8611
-3117
-1166
-8543
-3648
9492
-1064
3306
282
7765
-647
2403
7181
9746
-8391
7425
9280
-9616
7280
-5627
5591
-3824
-964
-3863
3926
4120
3401
5766
-5159
2286
5716
-2341
6364
-9772
3024
528
-9219
-6865
-823
-2950
8442
-7029
-5634
1357
-8350
-6447
4936
6063
337
-2171
-2029
6140
2609
-1808
8641
8296
8427
7189
9099
9998
8753
8038
6834
-169
3374
1942
5133
-8842
3891
4326
-34
-2592
7691
930
2806
6908
8817
-2947
-9088
-2804
-2409
2540
2833
4560
-747
1730
259
-9067
-3639
-6915
-520
-1280
1794
4548
7458
-6653
-3013
-2150
-7741
9153
-3197
-4422
-4017
8887
3526
8201
3058
1427
-5000
5581
-4321
-3901
-5188
-3030
-7448
4924
-3687
187
130
8698
3860
9424
-2534
-9529
3770
1547
-4600
3915
1144
-3467
-8312
-924
7664
-7696
-8244
-5373
-4317
-1445
190
-8078
8945
-5366
-6804
8406
3246
-2974
6089
5499
2567
-542
6336
-6944
-391
7987
-9632
7371
-1018
-8898
4686
1893
701
8452
8484
-2111
164
7429
-8647
-9789
7021
813
-5577
-5872
382
2622
-6213
-697
-5640
4171
3276
-2521
-8716
5543
934
-2338
5788
5447
-2852
6310
-1451
3717
-2728
-9821
-2202
-4435
5166
-6042
-1698
384
-6877
4811
8420
210
-4490
8047
-3536
7473
2259
818
8333
3274
8686
120
5438
-8216
-9596
-7864
-3083
4321
3691
3473
-4996
-9427
-494
-1826
1764
8278
7563
7885
-9921
-2975
293
1461
-1452
-248
7052
4632
-2136
4455
-8724
-2646
1810
-7281
7632
-3308
-1164
9123
-7887
-7057
4054
-4850
-1006
8431
-4017
6476
-2540
5705
-5731
216
7630
-6671
7342
-9266
-5664
-1892
-6107
-9453
2992
-1700
-5421
-5505
-3553
9350
-3822
4090
9604
2869
-4340
-6861
4313
8591
-6424
-8946
3194
-2215
-5923
-1093
-4548
-6279
6017
9906
4343
-6813
-6697
-8059
-3796
-7949
-5354
-96
4274
3146
-4123
-4485
-9237
5479
4017
-5351
-1094
-531
-7784
-1161
8494
7867
-4187
-8648
-7669
-398
5646
6025
5475
-9483
6700
-5155
9566
-3386
9926
2708
-75
798
-2309
160
-4839
-3328
-7234
7612
-3997
6967
5855
9230
-5478
135
7272
-65
-693
-3429
9642
-7864
-1777
9428
-1341
-2494
2655
-8231
-9366
8718
-5777
-511
-1911
2254
4043
7306
-5843
-4268
-9721
7419
5959
580
7994
-1591
1866
-5283
1169
-1265
5082
883
-4025
-345
4196
-6669
-2662
-7836
5708
-2051
-4187
2734
5371
-4184
-9319
-8465
3728
8421
5329
8443
-1102
-185
4165
-2923
-2171
6539
5618
7835
7497
-7916
5185
7191
2380
5248
2767
2059
3048
-8283
3082
-7479
4673
5015
-1809
1133
2448
265
-8726
-6465
177
-4293
-1068
6063
0
-5522
1241
9831
-7964
1875
-7527
3123
-3248
2976
6531
-4331
-3515
-7066
-2707
-631
-399
5838
396
-5685
9667
4393
-8950
2875
400
-6935
3673
203
-810
-8572
5560
953
689
3685
9846
-6083
3567
9263
-9862
1053
3778
-3779
-9108
8556
-8024
7099
2427
3119
-9815
9444
2391
9700
-7174
-8008
-6067
3452
5167
6584
1756
-3163
-1573
-4825
1019
5553
7651
-3894
-261
-9191
9718
5702
-9879
743
9286
-44
4598
-4
419
-5755
9620
6812
1772
-1433
-4486
3833
-752
-772
-9620
958
-163
596
-4953
-8952
-5750
-5570
3295
-8172
5800
-6818
9209
-6077
4099
9076
2439
-7155
-7818
-4664
-8481
-1522
8928
7782
-2486
-5468
-6691
2320
4679
-267
4669
-8291
8179
-1249
4931
8369
-1787
-1107
6455
-2572
-5799
3659
-1382
-3222
7114
74
3005
3115
-4556
-6509
6538
-3889
8183
9895
5287
-2580
-7587
8499
8628
-6172
8964
868
-5547
2045
5192
-9526
-9210
9856
-1958
-3288
-2870
8046
5842
8639
2445
9535
-39
-1478
877
9388
-2942
4007
-4171
2232
-1988
-9904
5115
-9855
-9804
2701
-1549
-1768
-6846
-2170
7930
8070
7368
-9557
4986
-9046
-3225
-7560
3025
-3707
-1408
-8298
5566
-6151
-8683
-1127
-7900
9844
2016
-1189
-9249
-9368
-8506
-4838
-7877
7867
2607
120
9730
9952
1694
-6824
5067
-9415
-5598
-1314
-3484
-3519
-8633
-1081
-1624
-6080
-3898
-5530
3627
-875
8552
-2209
6413
3107
3153
1391
932
2479
-1118
1680
1277
-1562
4145
-2566
7187
-4361
5844
5447
-8130
5673
-5084
3820
-8148
4033
-644
-3369
3192
-9740
-7035
-9964
567
7619
-3478
-5336
-143
-6515
1007
3329
9634
-8792
-8355
5628
7189
3393
2673
1236
9534
-9848
5054
-5140
543
9329
-1404
8582
1301
-5876
-3500
-5566
-8946
7552
2514
2434
1535
1325
-7487
9037
4473
9842
-352
744
8828
-7324
9788
-965
-6150
-3874
-3259
-1785
-318
-4335
6032
8851
-9794
-5180
-6597
4441
-2059
-6863
-4514
9258
-8939
-2951
2924
-7380
7829
2394
2052
-8795
-4905
1540
1406
-6054
-4529
-5648
2840
-4122
-8275
5577
5748
-9067
344
1376
-8243
-1509
3121
-7993
9872
4734
-4348
4632
4761
-1533
-7498
-4355
-6007
-8644
-2790
-552
6289
1651
9258
8839
6459
-4461
4632
-5072
-8398
3203
3841
-6793
-8974
-6721
1216
-9895
561
-1465
-6075
4795
4352
9740
-1422
-2310
-2460
3008
-4118
8450
7150
-9462
-6253
9914
-6268
2435
3814
-2572
-5863
-3019
-5690
-3691
260
4242
-980
-1053
8742
9239
-7830
-3914
5037
5226
-4024
-2609
-2689
-439
-6180
-8370
-5592
2894
-2697
7731
-1357
-8159
4993
-6093
9296
6290
244
1364
3487
-8266
-568
4666
5251
-3903
-653
3333
-2358
-5576
2395
5237
7068
8921
-6150
6927
9020
416
-6904
-1219
1007
-4711
2688
7627
4510
1048
-1414
3357
4640
2883
9043
-4248
-4769
957
-9564
-5011
-1280
-8083
96
2250
333
8319
-6342
4925
1932
-9748
2624
4567
1408
6007
6150
-8057
5722
3733
8704
6973
-1839
-5112
-5389
1154
-9004
-575
8334
9167
-3853
-9116
2338
-6716
-2547
790
6080
5548
-8678
868
6014
115
198
-5122
778
7583
-5981
8493
-295
6132
-2693
4917
5991
-3602
6568
3790
-7180
-7795
-1856
-4090
-3851
-9009
-6806
-8504
7296
-8379
4764
2145
5862
-8208
-2693
1804
7658
-8295
8784
9005
-4808
-5151
2758
-9699
8603
-8207
-4452
5106
7396
-1860
1211
1137
-9739
8842
-4259
1335
3111
4658
8009
9924
7717
9741
-969
-7070
-7381
4150
-3026
-5170
-2912
-7694
-5984
317
-8917
-6583
6331
-582
-7900
-4337
-3311
-449
1158
2432
-8222
-7799
-4648
8281
1676
2311
6383
3427
-8592
4605
3052
1650
2130
-922
8276
7969
-654
-8554
-4018
-4393
7341
-2466
4587
-4768
9515
-1220
-7588
-3240
8396
-959
9037
-6865
4737
-2253
2614
3456
-1463
8221
-6607
7783
1049
196
-5668
-8660
171
6180
9281
-7958
-3771
88
-3068
-2711
-1078
9622
-6045
-5359
-1733
9951
-1329
-4928
-589
-7899
3241
-953
4552
8028
6727
171
2244
-1885
-4692
6458
-6068
-3717
-4802
-1755
7053
6779
4432
-8196
367
3276
4983
2830
9444
-7438
9830
3387
-2039
-4927
1310
4440
9064
-9083
1774
2180
245
4648
-9455
8445
-7023
-2145
2648
-6104
-5984
-9134
-8909
9651
3205
-1963
-8201
8399
-4394
2633
6070
993
-4457
179
8341
533
-7745
631
4133
-9197
-6234
3599
3242
-3143
7256
-7130
-3785
299
6495
2972
1491
5909
7533
1895
4136
-5712
6698
-8124
-651
-8188
-8258
-9586
8243
2252
-6424
6214
-3534
-9455
-4332
6486
9594
-5461
-5951
8031
-7013
3732
8413
-2815
-2159
5970
-3447
9884
-8156
3175
5121
-876
-7202
1977
995
-6721
8327
2065
8207
3698
-9978
-2670
9162
-941
-4438
-5743
-500
6467
5401
3716
8509
6065
-8516
-9513
6535
-7107
-9413
-5498
409
-6390
-7214
8656
4359
-6702
-8621
-4067
-4554
-3436
-2300
1843
6735
-9192
-6552
8446
-1119
8161
2794
1554
-8583
-7673
-6442
-8963
1752
7441
-6398
-8826
3449
-9079
8046
-4983
-5689
-2786
9400
-8194
-354
-7293
5345
3420
2139
1247
8574
1864
7183
8316
1598
2390
-7184
6855
-6710
9473
-2733
-9763
4074
-3188
-8093
-1383
3210
-955
-6204
-5398
2535
-3874
-8273
-4892
-2847
9052
733
-231
-3276
1494
-4543
9723
-5705
-3860
252
-5451
-2250
7580
-9792
-3556
5016
3206
5609
-5512
-1924
-3177
4440
-4288
8757
124
8932
-3358
-2443
266
706
-886
-4842
4349
-1429
-7328
-7811
4400
-1646
-1169
-1882
-1741
-5615
-3462
-435
5664
2333
4812
-1363
3806
8544
-1508
6930
2711
-8759
-1550
-8922
-1431
2002
-3494
2747
-8804
7089
5293
-1931
-5683
975
-7439
-6963
399
4151
3457
9540
-3574
-9565
3463
-26
6959
-1562
-3487
3803
7675
-830
3921
1877
-3687
4839
-2952
-4680
-854
-4170
-8499
-8395
3779
-9561
2272
1368
-5716
9632
5322
1612
499
-1937
-4449
-7803
5260
-4292
-4081
2767
6973
-2959
10
-5937
-1790
-9607
6855
-9472
3385
1236
984
-9481
3372
3078
7007
6156
-855
8705
4198
3552
4337
-3481
-743
-7403
6659
3880
-7267
5964
-9704
-7651
-4426
-4926
5223
9334
3693
-9606
-1227
-7059
2295
-4896
-5956
-9365
3915
2471
-1268
3269
-2802
2799
1100
-703
4926
-8233
6699
-9942
-3385
-679
6261
2179
-4055
5062
3524
2827
8339
-9291
-4120
-545
-6191
684
8620
4077
-7682
-8991
3667
-8230
1912
-97
6303
-8068
-1346
-8574
4391
1174
-462
6651
1769
-996
-7287
-5239
-7633
524
-2653
3839
-527
-9131
-1328
3497
896
-8764
-7767
-1727
-9875
3594
2200
7087
1836
-7997
3807
6773
-9293
8522
4464
925
-7788
2732
-4062
3200
-4566
-1803
-9318
35
3278
1094
-4528
-1924
-3351
2034
-9772
-9884
-5763
1320
-14
-5590
1692
8561
9515
-2902
-3109
8706
-7732
-3756
-3792
-1145
4273
3387
-4361
-7716
7715
-7651
4953
5772
-7848
5118
77
-2900
-4632
-9837
1416
-3657
-8224
8016
8692
7789
4110
-3947
-8810
-4914
-8012
-616
-3211
9222
7379
2903
6126
4880
7754
8830
9327
-8523
8332
-697
-2482
5630
-4916
-9899
-871
-6205
1867
4905
-4879
-1056
-3874
-3000
7504
7989
-6080
1737
-4447
5437
-2408
-8534
7628
-5417
-1433
3515
9714
-1315
9850
929
4288
8153
-7446
306
-2338
3643
211
2002
-3681
9043
4519
7302
6524
7303
3895
-7684
3996
9133
-633
-2325
-5753
-1627
-8216
1668
-6028
-2061
-9582
7454
-6265
-9163
-3610
-7136
-2726
-9433
-5356
2976
-2208
4731
9795
1086
1230
-8208
5068
-1083
2879
203
-7857
-8075
1529
5195
7350
-4501
7131
8800
-6966
4783
1442
2280
-5466
66
-4544
4278
2191
-9907
-3064
7595
2791
-5253
4835
-1773
-7952
-5380
-9337
5902
-4943
-4014
8101
9925
-5454
-3347
9190
-1715
4333
1892
3663
-4034
-3898
-3306
4974
-1436
1906
-4275
3556
3092
7019
-9586
-2386
5218
5465
-577
-1561
7875
-6472
-4248
8785
-8343
1068
-3721
8192
3429
6830
-9500
-3280
8233
-1462
-1780
6526
-9115
3630
5369
-6715
6676
7388
-9758
4890
-2186
2734
-8140
3061
7916
4612
9775
-7856
-8496
-2308
-5005
5679
8339
-6683
2663
-4147
2433
-2445
-2101
557
-154
-7511
-7556
8548
8468
2394
-7985
6856
-2607
-5020
8058
-1899
-8269
9644
1066
5044
6246
4694
-2368
-9053
-3995
7855
6003
-1527
-8584
93
725
2255
-9051
8918
-6606
8262
219
3708
4951
-1998
-9595
-9895
1338
5726
9536
-4307
-322
-9786
4432
-5347
606
-848
3729
4347
4279
293
1672
3783
5817
-2366
8380
-2594
5849
-6464
70
1511
-3934
-9603
-9130
9464
9675
2226
3582
5699
-1934
6666
-1157
-5225
9945
-2902
-6088
8757
1019
-3123
-3751
8488
-1216
2450
9157
-8962
-1582
-4288
-67
6053
854
7205
4474
-1181
-3653
-5717
397
-6523
4918
-3025
5062
-1140
-2180
6823
4936
7427
6484
-2310
2967
-6304
-3482
7245
-2012
-2496
-6620
9179
4487
2809
-9662
-3330
-2009
1530
5683
7519
6628
5963
3732
-7793
5666
-2936
-3766
7566
-4824
-7828
3301
-6614
9897
3719
5344
-4448
-9495
4996
-4590
-4528
-7654
-7078
1387
6581
4982
-108
-4116
321
-5701
4828
-7461
-1868
-8859
5896
2595
8753
2562
-934
8742
7790
-9947
-5420
-6084
-527
1264
5834
9403
-9969
-6017
9917
2830
4987
-6951
-8849
5072
-8494
4526
4250
-8981
7140
281
-7288
-7085
-9865
6046
-2684
4235
-6674
6243
-8442
-8447
-4683
-4835
-7580
7698
-6669
470
-8323
-618
8535
-7495
1290
-3238
-4084
8168
4256
-806
4095
8314
4330
-83
-9550
-6440
-1130
-9789
-9759
-7644
-4248
1336
6320
2505
-5510
-6815
-8690
812
-3766
-9402
-9354
3141
6191
-1767
8418
-9261
8222
1924
5079
3615
-6535
-7145
-7060
-443
-2403
815
3595
2051
-7983
9368
476
6944
-286
2047
-4420
-8481
-2157
4504
9265
8318
2007
7120
-7215
5596
9699
1905
1559
-3892
-6905
-8237
-6907
6590
-6057
6655
-137
-3568
8729
-6339
6861
-4271
2787
-1939
-7666
2325
7785
345
6680
-8373
-9169
2297
9109
312
1814
-9957
-1072
-7937
6434
-2209
-5053
5458
1817
-7303
-5206
-2589
-8080
-2194
-2702
-3588
8841
-1333
3497
5487
-329
-9911
8569
-9268
1455
-1491
4444
-8799
-790
-6244
-8593
-1839
-9202
