7330
0
6963
3124
-4637
-8044
-1040
3789
3941
1052
-6943
-7622
1986
-1319
1003
-5726
-7461
9299
-9850
5135
-43
6273
-3729
4127
-9480
1266
8597
-4465
-3906
-7848
-7862
6934
1489
4133
2005
7651
-5556
6214
1321
2130
-3600
6122
-9924
4685
2814
-9598
-6139
-4485
4389
4005
-8867
-4162
-8155
9994
3195
-1909
-1747
8240
5093
6283
-7491
3339
5284
-2111
-9988
2766
-731
4709
7400
2584
2597
-6835
-6274
-3952
3680
-3405
-5491
1462
-2161
-3854
1881
1131
6396
1300
6235
-521
-4881
-6535
-7493
-643
-2150
-4702
2948
5041
4554
-3388
2580
1922
-8341
-5112
-9947
2702
-3387
6205
3303
4636
8573
6192
-4520
-1087
-7625
5787
8671
-5140
9181
7209
9987
-435
9153
-5593
9586
7022
3782
-3349
8386
9925
-7335
5246
-8318
-5910
-3689
6265
-9264
-4192
747
-5215
2472
3961
-7029
-8719
-115
4163
9203
-3861
-1507
-7688
3303
9354
2458
-3279
-9802
-3219
8677
1274
-399
2513
-92
856
205
3225
3233
-8739
-7802
7495
-2083
-2333
1608
7630
-1189
1928
6155
5124
2238
-3986
2900
867
-536
-6742
1634
9046
6155
9114
-8157
512
-9305
-7586
5037
-4101
8384
4128
2048
-6160
4334
9628
-5566
-8506
-4199
-4287
6523
4120
-2083
-2420
896
7988
-5389
3126
-5855
796
1582
6382
9715
-9277
2103
-4454
488
-4774
-3790
-4636
7600
-1464
5
-8628
6823
6686
9180
-6535
-4069
2546
1383
1274
8359
5013
2297
4521
-4564
-3714
-2776
5802
8678
-9012
7454
-1962
8919
8027
4046
1889
1840
3106
-9452
1266
4016
-7279
-168
-5177
-5051
-4483
5000
-2848
-6786
-7954
6346
717
2323
-7130
3445
6644
8216
-1982
905
-5419
-127
-4393
-9661
8430
-9417
-3730
2731
-8742
5823
7737
-2025
8909
3707
7978
5400
1118
-7292
1109
1682
-1924
3935
-7636
-552
4480
-1443
4351
-5026
7859
6637
-5082
4930
-1366
-3940
-8685
3221
-1806
-1
2443
9401
-7519
130
6474
-2531
-5570
-5699
-1948
2459
-8854
-8565
118
-234
-743
-9262
-5242
5836
-408
1744
-9294
3398
-2948
-5121
8908
-2652
8704
-4763
-8847
5965
-9747
7736
-4929
-8035
4545
7392
-9836
-6347
2116
-5793
-7217
-4528
-3106
4881
2952
5243
-6309
3800
-2405
-4017
5589
6436
4710
-4513
-3001
-2033
-9110
8953
4438
9560
1026
2266
5956
-4000
7221
-4044
-7878
-5224
-2319
926
6328
-1144
-5555
9053
6391
6079
-1228
9286
497
-809
-8245
-9226
-700
5595
-3820
-7534
9264
-6721
-2178
6207
1808
-677
9791
-5447
6297
-3862
-1150
-7587
2184
1864
-1826
5948
7496
8493
2001
-4882
1668
-2300
-8873
7928
-5176
6893
-8518
4207
7721
-7511
1750
-7261
9796
-593
4190
-9798
-6935
3453
4118
1001
-5169
-1429
-8097
7424
-5744
-7032
-948
9895
-7302
4914
-3943
-4771
4535
1691
6696
-2803
-6641
1753
1561
-9149
-6393
734
2341
-5577
-4727
6650
8570
-7581
5387
-1404
9134
-4905
9100
4019
2193
-3536
3933
-4099
-4221
-4638
-6528
1953
-1611
3137
-5217
-1492
2173
3150
-2179
-6099
1032
-9788
-1299
6127
-3493
8254
1704
-2555
5604
-494
-9596
7737
-7751
7206
5121
9421
2312
-356
-2419
-842
-3737
-3809
186
-4686
5226
5218
8538
77
-3841
-7046
8150
9971
8932
-9485
9070
7212
1050
-6084
-7181
-4387
6151
-3186
175
9592
5343
7227
5759
-9715
-501
2316
-8566
-9768
-6618
2603
-278
-1167
5529
-9492
5469
5365
-2219
-6989
684
-4602
2008
-6769
3845
-8408
-2266
-2654
-8454
6135
-2843
-6915
168
281
7693
3245
-2704
-9479
-7759
-697
5304
-8388
-4422
-1925
-7822
2423
7142
4549
-2229
8647
3523
-231
-7059
-7350
-3065
-9274
1687
3021
-7524
-8887
8293
540
-7767
8960
-1213
-1379
5321
7094
-5027
-8299
7146
6688
1472
-7935
4073
-7540
-9894
9140
1794
-8645
653
-9969
-6507
3320
-3271
-8482
1895
-166
8505
-4465
9352
-4671
-2154
4034
5286
8946
-6099
-2781
6383
5866
-4163
-3619
4206
-3745
1904
-7053
3558
-2790
2232
-1170
9761
-1630
-7976
-7272
-1696
-6614
1561
2550
-2180
-7110
93
8127
8377
-3804
7807
-9829
-731
760
5394
1270
8901
-8751
-4840
-8837
-1899
-1207
-5052
-3397
-6966
-9337
9155
-3695
3422
-1744
3438
4244
6197
25
3650
-7831
8879
6209
-3522
-7217
-9024
-6097
5128
-7886
-2694
-5649
-9616
-8438
-8852
4996
-7693
2090
-6705
8710
7885
9128
4235
-7917
-9541
9292
1708
-3691
-1897
2773
939
492
9564
4293
2322
2592
-9927
-6493
865
5652
9144
-9547
-9083
-4440
-4670
-1794
-9419
950
-3214
5906
8391
3268
6512
-7008
9063
-2023
8956
-7175
3586
1430
-7819
-9445
-1991
-7166
-469
7115
6909
9997
4903
9279
-3163
5577
-4170
1662
6186
4415
-7460
-9377
2247
6118
3466
-9747
-5537
-9388
-6326
-2351
-45
-4226
-3448
-2776
-7450
139
2468
-1293
2415
-4830
5028
-1656
715
-6519
4247
4283
411
-560
-4928
-4946
724
6735
443
4255
-3037
-8696
9033
8417
3084
7930
8227
8392
-5434
5872
-5709
9891
7193
-702
-5431
2104
843
-5782
6983
-3395
4479
3307
4875
2774
-369
1212
5353
-6234
7986
-5999
9783
8579
-5063
8516
7734
3692
2497
9041
-2678
-9702
5549
348
-2208
9729
8238
-5038
146
1292
-9945
3389
-3222
8104
-5456
4214
1174
6288
3658
6801
3222
7179
-6838
4323
-6236
890
-5304
2722
166
-4554
1394
-9657
3110
-5758
-7343
-151
739
366
2249
-7196
-6241
7553
2907
-9905
2027
9401
-4762
7728
-5974
-2432
-7821
-2491
-3772
-1457
-5681
9789
-8199
-2828
9007
890
9642
7364
-3444
-7881
2619
-2718
3173
-4581
-2061
7794
6099
8759
-9864
-4413
1075
7107
-2616
924
383
-3726
8313
-9930
-10
6796
368
2212
4720
-7537
8361
-4564
-5370
-3230
-3251
4960
-1574
6349
536
3271
9015
-8255
5202
-7580
-1393
5822
2228
8917
5534
-3113
7133
2436
-3630
6930
364
5878
8516
-7524
5237
-23
-6783
9291
9934
-5016
8176
-8367
2791
2774
7637
-5091
8336
8890
-335
5495
-3603
-2489
9276
7143
7464
4737
570
536
4830
4615
-675
5694
9905
592
883
-147
31
-577
-9955
-3119
-880
307
-4036
-9515
4378
3927
-8735
7291
4208
6371
-5328
-5962
-6709
-4446
7409
-6475
1953
-2906
-2910
3747
-8752
-6557
4866
-8450
7236
9808
-1997
-4420
9169
-5811
2415
-7939
-9601
-3259
2825
-8733
-8890
6846
-637
-2114
-8178
-5022
7792
-3675
8788
5168
-9415
1075
7026
-7389
-3264
2837
3736
-3928
6457
1003
-2357
-9508
-7278
-8688
-5121
8737
4039
-3986
-3772
-6712
-1997
-6833
-9165
-1667
-8110
7452
-7280
2736
-5305
7753
1781
9087
6437
-1583
2522
-4720
-1778
1889
4709
5675
6913
-2663
9177
-5583
1118
-7368
-9459
-5041
9699
-1957
1164
-6697
-7553
-1374
-5512
-2400
2715
2446
-2501
2532
-5584
2072
-8069
9830
2429
-6638
-4094
-90
6928
-3067
-5795
-7086
4002
-3864
2410
-8806
4681
-3999
-5090
-6299
4531
7369
-3626
-7940
-7724
-4516
-8856
-6004
-4806
6365
9162
-6391
-4645
6433
-6401
2059
983
7514
7884
-9292
-4567
-7354
9858
2298
-597
-8183
-5645
338
-1375
-4777
-2217
-1969
-4205
-1851
-8157
5352
-5358
-1425
7213
-9163
8509
579
340
6907
-4371
-3050
4810
2763
6312
6196
-5633
9422
9634
4949
2480
9976
-9422
5342
4884
-2355
7844
7080
3813
-5482
7545
-1312
1400
5414
-7117
-73
-4094
-3262
6126
-1176
-7814
6174
9051
-3871
1097
1193
-6789
2321
-8529
-5087
1673
8949
-7935
2284
9587
-3149
-8320
-398
-2793
-2840
-7622
4223
9595
9722
4124
2875
4920
3170
5936
9364
-7217
8649
1912
-651
1069
-369
4006
8534
5809
7869
-2675
-1671
9061
2443
3860
-4942
-1811
-9856
-1815
-3851
-9213
-9069
-7620
6031
3924
-2363
-8167
-3326
8718
-9108
-1253
-2424
-6367
5305
-797
-7275
7384
7059
9773
-8357
4484
6664
-7897
-1793
7147
3754
5311
5583
-7478
7682
7290
-5375
-7193
-991
-6844
8842
6506
5895
7934
-1809
-7536
7805
3439
5197
-6104
-9204
-399
-2291
9751
1324
5508
5984
8173
3147
8107
607
9217
-4071
9830
5245
3244
693
-6208
4438
2926
7252
6615
9374
4603
-9739
3394
-8683
6530
-1432
6662
-5632
-573
1013
4755
-1626
3151
4508
4038
3709
-9779
6704
4008
-133
-4538
-897
392
2292
-8220
-3514
-7531
-2699
2674
6387
1728
7765
-3639
-6293
6783
-8999
-457
-24
-5889
-944
-4698
9857
-957
-3826
-7351
1700
-8242
-5094
-9044
-1669
-921
9291
6378
-6047
-1678
-3077
-810
7676
-7486
-8942
-4903
-8858
9703
-3641
-3888
5133
-9629
1121
-3489
-2226
-6238
-8655
-3697
9163
-2730
-6558
-5643
4517
-4951
7621
-7878
6140
5085
961
-5076
-3406
8516
2792
-3394
7957
-9099
-8579
4446
239
4552
55
-90
4402
-7748
6242
-2451
4047
-4407
315
7558
-8152
-22
4710
3845
8784
-9637
-2010
9095
5306
-195
3497
991
-1775
5497
-2835
-1223
2465
-8978
1771
-9350
7351
-4905
-145
2558
2012
9508
9193
-418
9433
5408
824
-8295
-2948
9690
-2204
8631
2517
-7693
-4496
3651
5526
5162
-5567
-3331
-8756
7567
-317
-4412
-1018
-4199
-2421
-5929
-4852
7546
-1211
-5763
4155
4004
-9264
9092
-6563
7386
1800
-8418
-3069
4578
1898
7753
8434
-4158
8711
-695
-1359
160
-4806
-3167
-1484
476
1997
8455
-1280
9872
-5506
-8329
6153
9592
-1764
-9236
2170
-4702
7287
-6720
7741
8459
-1342
-1003
151
9371
-9890
2709
2290
-7695
-7503
8167
6738
5727
5768
-7919
7877
-4969
5390
-8040
-6522
-2320
-3395
1003
480
-2580
-4009
-5916
-7077
7159
-3957
5868
-1781
-1271
6365
-261
171
-6243
-6196
-5823
7305
9669
-3693
7964
8046
-1060
7637
9968
8207
5141
5756
-7214
-6215
9945
4154
3516
-6012
6783
-673
-6272
-4515
-7608
-9531
6932
-3251
982
3232
-520
1469
8614
8823
-9837
-3294
841
970
-4892
-1655
-8146
-2345
2065
6737
8651
-2145
8704
-5913
-381
1205
2874
-7343
5353
-8215
8314
-3183
6091
5149
1836
-3964
9044
-1265
8384
-1872
3247
-4630
7559
-3343
-6015
-3434
-134
8240
-5742
1400
1761
-2438
-3560
3927
3330
-6165
2228
4636
-9611
-3473
-2311
2893
-6227
-144
6706
6847
-7923
-372
4641
-3849
926
366
-5532
-2144
-6532
1703
8722
1903
-3221
-2828
-7407
-7756
-3964
-4407
-1823
-9822
161
5560
6040
1361
8912
6050
7167
5727
4566
839
-5739
-973
-2004
6309
-1124
4936
6333
-2532
472
-9590
-4456
-74
2030
4407
2352
-7326
-7440
-3530
1264
-1175
-2094
-1595
2984
-5599
9260
658
879
-9109
-3020
4121
4831
-408
6921
-1348
5783
-6699
-1597
-548
2514
5954
-9706
3577
5021
-1619
-7591
3140
-613
-8093
4043
5837
1164
-6755
-5484
6709
3547
6418
1510
1099
2569
-5171
-3106
8648
-5293
-4584
-2409
8938
6354
1221
1243
967
-7704
4217
548
-3842
-8714
-8925
-8752
-6022
-2052
-2346
2759
4042
-6435
1194
-9555
-4894
-7410
5467
8484
6444
-8101
7351
3860
-8408
-7720
-1496
-4094
3928
-1498
-2459
1532
-4372
-155
-5115
3803
9358
5604
5321
7813
-9822
-4287
-1120
7872
1765
-5454
-2744
7940
-9684
-5491
6522
-8072
-8378
-3293
4407
2253
-3784
-9831
-772
-1331
-2497
6487
-1073
-4130
5351
-4773
-8734
2694
5915
-1855
-1961
-1791
1514
8341
8857
-1534
4621
-6025
-4685
-7120
-3591
457
-6386
1181
8780
-560
2276
-2324
-1004
1263
-6201
-6500
7473
-6977
8469
-6917
502
-6327
-2763
6330
-1896
7086
8762
-3572
6613
6308
-643
6276
-6682
6182
6611
-1445
-3500
8370
4951
-6858
3561
-3664
2645
-3748
-2030
-522
-3011
-4075
-2689
9651
-694
1224
3414
5621
-3524
1398
-689
6247
4416
-7854
661
2528
-7894
2885
-2666
-3764
1071
-9426
3870
5720
-3888
4964
-7188
5569
3483
-1360
-6487
3040
-503
-946
5867
-9552
-3960
9860
7838
-2216
-7188
1600
-761
-8906
-1081
5669
4029
1790
-7676
5804
-2043
-5412
-2424
-7682
1322
2303
4282
-532
8973
7016
-24
4409
-488
9774
-9770
-9926
-9497
-3052
-4486
-5625
6810
1265
9224
-1179
4744
-3192
6253
3704
9921
-7519
1340
-1404
3547
7831
5752
7304
-1053
7988
3641
-6263
-858
-7134
-5635
6391
5738
6323
5302
9500
-3841
-1418
-8309
6758
-9929
-4198
-2279
5128
2568
7537
5303
-8535
6200
9648
-3358
8362
6992
-6981
-9744
1074
-8313
8336
-7521
9098
5803
4134
9213
6855
7227
-7998
6022
-8
8506
-2642
-2663
2311
-6905
929
1607
6042
-7748
3490
9221
8227
7338
-6888
4612
-5152
-8572
7702
35
-9435
7769
-591
6946
522
3550
9809
6885
2546
2491
-529
9538
5201
-8407
6724
2151
-223
-9810
-8406
-5282
-6225
4074
7255
-4310
-8520
-3868
7307
-4337
-3361
7776
806
-8162
-3335
-1074
1476
5120
-9047
7225
7103
-9641
-9304
-700
2235
-8659
-1211
-7800
1202
-2474
-1762
-7467
4904
3366
4836
-762
715
8124
6101
1299
-1511
4206
-6548
-1767
-2175
-8509
-5935
-1333
-7411
-7990
-8523
6539
9475
-3344
1846
-7520
-5036
7758
-4894
5991
-8997
6774
7393
-9914
-2207
-8279
-4504
4871
8618
-979
2406
-3496
-4217
8280
7696
660
551
6366
728
-8444
6955
6904
8747
-5561
6863
6616
-2122
5636
7177
1448
223
-8699
-4408
-8243
6254
2698
-1836
-6123
-3038
8105
-7851
6376
-4326
5056
2628
4940
8747
2763
-60
-8408
3232
6181
-4620
3280
9238
-6838
-8801
1204
-2844
-2678
-4371
-6435
-4599
-5159
596
-8524
3777
-2038
-4634
3706
-3573
-3239
2081
2758
-9761
7819
385
6048
4967
9545
-2732
-5473
2196
-878
-1579
185
-9213
-8582
8944
2231
-5621
-6676
6400
2954
3290
-3261
5861
884
-8661
9543
2653
81
-3938
-7543
2949
-1597
-7385
-2290
8542
154
8250
7068
-3259
1441
-8443
4076
-4218
-5750
-2496
-255
-3256
2267
-5208
3633
9709
-2121
1452
-2542
-8421
-5064
-5212
-3738
686
8373
1124
4040
5089
-9202
-713
3892
650
7697
7537
-1478
6820
6768
-1534
-7660
5709
5777
-880
1825
1537
-7175
1782
9992
5825
-6662
-238
499
-777
5959
6793
-800
3583
1110
-8659
-19
744
7311
-4974
5757
-4432
-8545
1001
8655
-1012
-4903
3175
3909
6789
8909
-5337
1016
-5975
-1310
4926
-5445
5233
-137
-3544
8948
8638
265
-3176
-3254
-4260
-4655
-2203
-7362
655
6160
-5356
-3573
8431
-5818
-193
-6535
5231
-2879
-6158
-9814
1405
-3953
-5386
3549
5342
-7393
5450
9630
8797
-7994
-1341
-5330
177
-5029
-2942
5140
3028
-6896
-2794
6316
7314
4625
6888
2369
5213
-7617
421
4375
4015
6706
-4532
-9555
2685
-4632
2219
4499
-464
-11
2014
549
5568
-6340
7389
7672
-9767
-8346
-5414
2064
2161
-7505
-1940
-7003
2304
8568
-1730
4466
-6395
-7348
-2580
393
-6184
-9835
6944
7376
8491
2134
-7709
2196
8371
-329
-2716
1357
-2175
2533
-2733
-4398
2118
8347
9814
-4783
3392
1865
2113
2221
7281
-4903
-4624
3400
-1042
7323
169
3128
8638
681
1121
-3922
-2629
-7553
1790
-656
7850
1552
6326
9220
-272
8653
6937
-1563
-6814
-3585
8354
3582
-9325
1978
-7331
7202
8239
3470
234
-5955
-9859
8
5005
9730
356
-1982
9077
9546
-6578
4411
418
6939
-2406
4772
-3551
-1371
6369
1543
5258
-3007
7092
-8832
7994
-9766
4570
-743
-4634
1969
9748
991
-8772
-3205
-555
-6168
2253
2826
-8589
-2788
8289
-9725
8405
8102
4947
7928
-6481
317
5994
-6770
6553
2529
1524
2846
8044
-3853
136
-4109
7660
5589
-2678
9734
9002
1463
1608
9037
-3604
-2220
-4155
6316
-4668
-8634
-1198
-5373
-7032
-3464
-8299
7736
863
-7189
9424
-2070
-9412
5388
-5785
6339
9393
-7677
-8250
2962
4138
9351
-2940
-3410
9665
-2108
-7329
2662
-3360
-9461
9346
-3364
6301
-6014
3423
8760
-8775
-8706
-6712
-6679
-7154
-5617
-4097
-7214
4486
-672
5959
-6789
-748
4562
6559
-5626
5156
-8659
9746
-7547
282
9640
-6077
-6197
7957
-8073
-5598
-5944
1482
4750
-9636
-864
-1515
590
-4117
-7270
-7315
-2825
-4590
-5438
4350
2325
-1049
3621
-4675
9823
494
7852
3589
-1590
-5798
-1457
-4595
-720
-8569
-334
-6526
4632
-5343
-9169
-8403
1608
-4150
3449
3607
-9742
7232
-1177
8612
4115
747
3474
-4161
-6998
4927
-4115
-7352
7157
3977
-2570
-3241
8762
-1086
-5145
1693
5546
-1933
-59
4492
5948
-2742
-2719
170
9631
7354
-6029
9077
3575
2050
-4635
568
4631
6542
-7572
-2919
-4250
-112
-1590
3436
3349
2337
4657
-3378
-5147
-7718
754
1948
-538
4997
-7928
-9639
2213
-4610
-5598
2929
7361
9314
-4082
7854
-8622
9571
7941
5845
-5065
8031
6047
5825
2377
2275
-6764
1850
-4168
-9140
4519
-2842
-5037
-3544
2033
-7322
-7200
7553
7331
9886
-525
-1041
-424
4211
-7520
5798
5361
-7143
-8647
809
9500
6225
6169
5995
-2209
-5060
-7040
-8093
-1676
6265
8346
8390
9227
-4640
4384
-4231
5884
4816
-5500
-1727
9713
-5943
-4610
7623
4917
-9118
4657
6820
-8760
-8191
-421
9532
9130
8771
-591
9170
7901
-5552
-4415
7764
-5775
-1485
1404
-1432
6312
4567
-2291
4658
-2738
-7224
8886
8490
-9904
6593
3290
5220
3525
1822
-7904
-6730
-9462
-2233
523
-5796
-1538
3264
-5052
-4627
-5703
-8422
167
-9799
883
-8146
-6958
-2194
-8748
3260
1027
1843
-4230
8993
5492
643
3798
3170
5825
2842
-384
-7880
-118
7471
-4794
7202
-4300
6767
-5623
6616
6918
-5977
-3658
-1101
1520
6858
9532
3111
-7414
4321
-5930
1385
8980
-1273
-490
-4117
-6045
9846
-5179
-7356
1106
3177
-5995
5740
-9634
-1135
1431
631
-3807
-5822
5621
5031
3952
6517
-4242
6877
6456
-4730
9016
-6676
-9851
2733
2120
9520
2095
8534
3917
-1485
-4546
2560
-204
-9287
-2506
1900
6900
-5377
-4968
7621
4837
-7140
9612
7768
1376
-7319
-5088
-428
-5323
-8430
-6399
2110
-2043
-3122
-8369
4450
-4943
-1334
-5381
-8180
8027
4183
5673
-7309
-6050
-9647
3568
5690
-739
-3099
-413
-1169
5857
5240
9079
7160
-796
-2682
1755
1893
-9083
328
-3447
-3257
4731
-1542
7916
-2141
7826
-4734
7984
-9882
-8866
2622
-5627
5056
-6660
897
7055
1135
1085
3669
-3720
2805
-4174
-7576
-632
-9224
-501
2975
-5459
-3838
-9624
6850
-4140
-7330
-7826
8104
-6951
-2826
3672
-1175
9350
6885
-1467
-597
322
-7559
-140
8901
1767
4061
9833
1150
-4930
6596
-3057
8171
-2256
3885
-3914
-8007
-4428
111
3105
1328
-8051
3726
3680
5668
-9962
4021
-4599
2876
7540
9707
9928
-9600
6203
-9099
-723
-3140
-3617
4685
-2163
-3200
-3832
-8138
-6593
9533
-4695
2635
-4717
1809
8801
2645
-4029
-7986
-9838
-2738
5457
-7258
-7934
-8307
-2993
-4962
-4046
-648
-1450
-6724
-7423
-5916
8725
752
-4188
-9769
8889
-4874
733
-4043
9663
-2199
7264
-9078
2558
-337
2163
7575
-7329
4843
-2118
7798
5770
9129
-7894
-6948
-6912
8473
-7962
4721
8529
4650
4259
3183
8508
959
-9763
-2792
-6486
8148
7001
-785
-5033
-2510
8828
-9505
8750
-9588
-6196
-9786
6056
2127
6634
6855
-6340
-5862
1449
2744
-6128
8793
-1362
9784
6063
-2116
6940
-2361
8938
9977
-6520
-6173
-4254
1987
579
-4252
2412
-7509
5017
8516
4506
-3863
-1557
2726
-1470
3388
-8338
5302
1744
6706
-394
-3499
1580
1050
2956
-5855
1136
5715
-1952
-1108
-7771
9393
4677
9172
-8295
-9981
-617
-7948
323
-1601
-6248
-5315
-770
-2362
8010
-2024
3170
-7222
-6966
6644
3327
1305
3080
2831
-5235
8419
5705
-8407
-1123
-4058
-1467
599
-2586
3662
-124
-1980
-5475
2488
7906
5216
-7211
2149
549
4474
-5497
-8212
-3948
-6469
8948
9396
-219
-744
-5466
-7416
-44
-7003
-1014
-610
4606
8200
-3682
9455
-2303
-8806
4415
6142
2340
263
-9376
7963
4466
3593
3014
5045
-2614
3439
6826
11
7334
-61
-7159
6477
7256
20
-9726
632
-950
930
2379
-977
-6524
-7065
9112
-7640
2981
6407
-3638
-7323
-7153
3467
-2590
4243
9049
8693
8481
-4786
-1801
-9950
-2977
-1578
-2908
-9982
3577
3991
7537
-4609
-5598
5955
-4338
2421
-5746
-375
-8134
7485
-2591
7592
-4336
-5417
1387
-2480
-5233
788
-5833
7471
-2127
3089
8213
7134
1535
-7354
1272
2090
6037
8373
-7037
-2231
2779
433
-3908
-937
-8223
7836
-989
-1757
277
-3131
555
-4299
7988
682
-683
0
-9632
9630
-9755
6492
1296
-995
607
-6605
-2521
8257
4736
6096
-7769
-4443
7425
-2556
-1600
-1882
6160
5050
-8946
344
7530
-8559
24
-7612
-9068
4826
-7058
-260
7165
-833
1988
-4034
9816
-4417
-4354
-7243
3400
-543
-6116
7474
9935
-2550
-1158
-8757
-9994
-8043
-1172
5927
5080
-1535
-1594
-9124
3139
2273
6375
7872
2924
3718
2154
8549
1872
-3529
-7410
-8355
-6654
6289
-6334
-6783
-4902
891
2368
4069
9707
-835
-2464
403
6074
7055
6055
-995
1576
2163
-7028
-2247
-3115
-9575
3297
1609
-5751
-1848
-1388
9275
9506
-6408
4870
6657
-2976
1980
-379
9330
-6308
4153
-6287
868
-4542
-7963
9637
-5358
-9645
-1679
-881
5206
4199
-6803
-4660
6225
6648
-7465
-1091
5822
6100
7655
3712
6971
-5106
-6402
-5436
-553
9221
2026
-6844
-5314
4453
4899
8639
4249
2595
-723
5254
1205
-5490
3929
-1467
-8734
8275
6314
-2620
4256
-151
-1367
-2685
9609
5905
6468
-4061
9758
-9257
9398
4597
-2311
-3172
4963
-628
260
9446
-9322
-9712
3412
-541
-9480
-7429
4364
5834
-2620
4279
-5699
6540
1359
7857
-3311
-5616
-3289
-8684
8210
8121
-3463
-3624
3211
4942
-6590
581
1852
-8054
-1219
-4150
-3106
-9304
-8735
-5598
-9679
-6435
6840
-1650
8863
-8201
-6791
1149
-1850
-1717
371
-5988
-6291
-3236
8978
2770
2986
-1430
4907
-8626
-4915
8802
-7614
8978
-2601
-6560
-1070
4831
-1009
-7070
-6577
1160
5642
-2238
-4104
961
-6551
-7440
706
-6866
-5666
-3739
-9654
-2549
8651
-1986
1247
-6526
390
-1518
-8665
-4268
-4472
2528
-7357
-3295
5209
640
-158
4224
6689
-2634
970
-3398
5581
9232
-4774
7022
-7549
3432
-2122
-5795
2767
2292
-9453
8775
4337
731
7871
-6003
-1987
1479
648
-2936
-8553
8478
5015
-7331
-934
-6978
-1655
7537
-3845
-7041
5272
-2506
-8188
-2361
-3466
-2506
-8995
-1034
-1558
-6758
-4881
-2178
-9331
-320
7791
-3638
2290
-375
-2579
4240
2535
-884
-1094
3216
-7239
-3153
4721
3761
-525
-1882
-3158
-7668
6822
-9475
6536
-9994
562
2842
1245
6329
-848
4918
8373
-4189
-7976
1010
7903
4835
9977
6997
2528
4321
-2214
2383
-820
2609
-5886
5014
4845
2518
-277
-7860
3295
4652
8292
8607
-4507
3283
6323
8392
-2463
-397
5760
-1886
-5538
-8946
5828
-2759
1107
8173
-4614
-6781
1229
-7561
-4647
1527
-4897
8384
8042
-41
3797
-2107
-4954
6840
-7100
7224
-3177
-1612
-6929
6772
-1510
-2952
7174
7617
-1468
-1406
5977
-7986
-8208
-772
2194
3839
-1384
-936
4252
-3488
-1049
-7649
-2013
9566
-8506
464
386
9092
-5982
8524
-1371
4972
-783
-1460
-6293
-8442
1253
3000
-6978
3289
5293
-9478
-1829
-9121
2232
3224
1037
-9158
-4254
3687
7916
6416
7537
-4841
6816
-9070
-3200
7532
7216
-1409
6365
-7191
8470
-1251
-7964
5121
7390
-8339
4443
8272
7884
2360
-8162
-4014
2378
-1486
1868
-291
1133
-3668
-4501
-810
7146
7503
7286
-8223
-1644
-1589
5176
5956
4486
-7273
3012
-140
9287
8187
-5195
6189
-6200
-1420
-1139
-5488
-3310
5606
502
8883
3197
3528
-2514
401
-1316
-8254
-425
-4025
-9729
8091
-397
-5263
-3033
7294
-7547
5349
6387
-3432
3055
-6529
5522
-2360
658
-5417
805
7791
9931
1966
8766
3996
-7097
6747
-7112
8764
7872
1041
-4709
-3278
-2306
6498
9232
2896
-8981
5879
-5835
-6549
7146
4815
-9534
-9757
472
8908
-5314
9950
8299
-423
-5226
3046
-2611
9263
4983
-401
6093
1382
-8672
-3274
2232
6893
-4912
7088
-4511
-1507
-9847
-7963
544
6930
2241
-3458
9316
-5743
5187
-6184
5103
-9418
-4226
6025
6979
-22
-7605
9186
-4308
-7327
2521
-7933
-4188
-613
-3416
-6085
-6035
8334
4161
6949
-5665
1732
-7103
5935
-2421
1314
2458
-4989
-4229
-7961
7788
-3781
5330
-969
-6848
-9861
3332
-5223
6218
4201
7130
9067
511
-4427
-9452
-2258
-9141
274
-6318
4079
-191
6378
-5215
3817
8398
2683
-6047
-5943
-3734
7764
-1431
-2861
985
4443
-9027
-3584
9233
6763
1639
4631
222
8446
6256
-3224
4484
6766
8128
-4894
-7704
-9695
-9292
9713
4778
683
-8367
6392
4580
-9387
7176
2756
-6768
6601
-4579
-9884
1726
4719
8921
-9425
7428
-4929
7343
4178
-8940
-4499
9277
1340
-6054
7693
4733
3577
6099
8525
-8818
5078
-6446
2747
9544
-2796
-6695
-9221
852
7733
2541
-9014
6244
2611
-148
-8839
9102
-1447
-874
-4874
-1583
5681
-704
-4254
-7760
4612
7726
1109
2346
-2483
-6779
82
-2046
-8354
-9061
-8703
768
-8630
-8511
-3509
-6903
-2421
9013
-1920
3567
1671
2300
-7237
-432
-7772
3189
-8815
-9976
-1479
4429
-8622
9861
3985
9469
-7053
-9445
-1590
-2575
-6367
4458
-2047
5577
-9397
-5693
-5907
-725
3321
-9372
-1866
9937
7674
-9477
-7720
-8199
-9720
3531
-2380
-9772
-1759
-8451
6269
-2939
7165
4534
8576
4064
-9051
4778
4572
7596
-351
6461
6881
-7358
2181
1085
634
4904
-5402
133
-117
8519
-8595
5341
2183
8965
7453
-1334
6660
-3466
6960
-658
-6805
5513
-9191
6512
6068
-5579
-5021
-2471
3937
-2043
1198
6858
3651
7995
-4261
-4801
7389
8996
6565
-3482
5741
7999
-2292
-5968
1627
-8154
-8159
7355
9929
-3435
-8507
-2260
-5915
6908
6418
7887
-3688
-6648
-9671
5362
-1993
-9124
4235
4015
-9740
236
-2520
-2857
-1371
952
3160
8323
3457
6330
-7941
-3040
-1335
-369
1602
9738
1050
-8788
3656
-6306
1038
6763
9347
4720
-9962
-891
7674
-469
-6995
3737
-9108
-8144
3252
8588
3949
-9642
-986
-2739
-7577
41
-5953
9741
3035
-1645
6854
-9413
-8759
2104
-8549
3700
3522
9392
-8804
3194
-2084
7702
4730
4594
2137
427
5673
-9990
-7175
-5191
9267
2036
7407
-7648
-8960
-3744
4768
9271
-1105
-1840
-4517
55
5492
9147
4362
-8229
5035
-8281
-8231
-9758
-7732
8454
1080
213
5977
-8361
7945
2184
-9028
-4476
-4330
-6105
9693
722
5442
4045
2141
6533
-3421
-7183
380
-7331
-602
-1543
8060
6987
-8025
4913
5825
-2695
-6613
-4814
582
8687
-7313
-2962
465
-3925
670
182
121
-8667
9131
7659
-5335
5639
8541
6402
-4523
-1884
-8920
9075
1620
3729
-6929
6190
-2111
-825
3151
3557
-9585
-3539
9319
-1531
8972
-6467
-3275
-874
-9150
-1110
7357
9018
-5803
8376
-9942
-7195
9494
-6645
-9371
4550
-2289
-2137
5862
7580
5700
-3974
-1051
-5438
-2699
-3277
4728
-1374
7621
-9525
4798
5207
3015
4389
1929
8135
-2479
8168
5325
-5922
5526
8817
-6597
-878
3530
-1441
-6487
1974
-1376
8840
-4097
-2209
-5971
-872
-4309
-9902
-6613
4776
7077
-4328
-4776
7254
4977
6384
-7839
2696
9747
-1922
9680
9381
-1207
-5911
168
-4493
-5287
-588
7064
-283
-5384
5011
-1231
-6439
4178
5085
7599
3071
-4864
-9062
5953
3662
7066
3653
-4062
-1457
-3039
8030
-3275
-9263
2633
6328
9045
8847
8459
-8140
8962
-4000
-2817
-9151
7398
4207
9160
-4092
4806
-3629
1352
-5040
9985
-1065
-8389
-6123
-8308
3591
-373
3214
-6363
8792
9568
-3052
-1193
3919
6660
3717
9746
4323
-5919
-2223
-9556
-4146
-5527
-7566
-7229
-1408
-3039
-9965
8762
-4935
-5040
6930
9835
5796
6642
-9266
2884
3306
8674
358
-4624
-3879
6785
4978
-2181
3667
-9140
7219
3684
-1550
9246
8682
-2464
8762
-4491
7362
-17
-1983
-9505
-9901
-7425
-7637
3204
9271
-1924
-8426
-8707
3262
-9032
9144
4630
-5772
3619
9923
-1412
-3269
-8935
9850
3574
7767
-6149
170
5754
-1529
8154
6676
3551
9504
2938
-4522
963
-7005
1035
8968
8187
7106
-387
-6676
-7097
4739
7465
2558
-1863
-8881
4747
1622
2533
-7130
-5372
6349
-3002
-5903
-8901
-2100
4507
-3815
-1216
9488
6072
3196
-6571
-9874
4555
-1739
-7113
-1088
2957
-5720
1903
4286
7286
-4021
-1643
-8566
2147
8144
-3571
-3781
6464
-8091
2152
-4575
4553
1539
-3079
-8624
223
-8055
-8131
1297
469
-2950
-6554
-1792
7416
-7911
1667
-946
2406
3748
7157
2250
-2871
-7819
-8475
-8879
1403
1396
-4119
-8307
4858
9167
-9956
-8270
4868
-8635
5909
-4017
4555
-1466
-5334
1608
6208
-5334
-2335
1430
5050
-2271
-644
3970
3412
3290
5023
-518
-3588
-239
-4237
9933
-3582
5537
-1561
-8684
918
4407
6820
-3239
8154
-1408
6579
7987
-2786
-3126
-2124
6281
1283
4462
6668
-8243
6447
6509
8353
-4811
-6383
9005
3577
390
3135
7260
-6048
3833
-3634
-3608
3739
5670
-3203
-5305
-548
-1019
-4486
4591
2542
7020
-5777
-1694
5749
3204
5519
-9053
-7832
1509
6740
618
-1602
4867
9528
-5408
-1463
-9236
-3715
-7169
8468
7338
8023
-5327
-1355
6743
9332
-9816
8671
-2578
4565
-7656
-4285
7879
303
9885
6067
1667
6820
-171
-9396
-7953
-8148
-7857
-347
-4598
8683
6534
-4707
8450
7805
-6292
-2682
8407
-9744
5865
-8211
1768
-9662
-5751
8253
-6721
-1652
9566
-2277
-370
8290
-9446
-4075
2531
1346
8167
-4334
-7314
-5232
-4339
-5109
8747
4352
8200
1123
-8003
-7511
-3933
-1662
-7130
-959
-1858
7664
4559
-311
4910
8504
9368
-266
-6853
-8009
8370
-285
-1031
-8228
3387
6965
7746
6130
-6870
6206
8211
6912
4909
-7303
338
7458
8020
4127
-8553
-9785
3702
-7468
-5630
-3948
-7339
5999
2916
6261
7648
-5261
-4397
-1129
-3908
-8468
79
1368
-1015
-8910
-1648
-8086
-6672
-1121
-2421
-880
2828
7138
-4819
3527
-2045
-1420
4508
-1371
-6057
8216
5689
-3651
-7254
-4568
6969
835
8485
-3393
9410
1081
1252
7961
1063
-4560
3201
3827
-8645
-5951
-547
544
-2044
105
-3678
1276
-857
5528
-8247
4706
-2393
8036
3215
7780
3161
-5630
-6398
-4500
8918
9337
-8337
-4992
9933
827
-1559
5229
-2095
-570
932
-7975
4317
-4254
6046
-396
-174
1706
2592
9124
9460
-1116
-5544
-6265
-8136
-1996
4642
-329
-1760
-3829
-7650
-2825
-29
-9344
-4694
3371
4426
-5644
9336
8799
-6894
7161
-754
-2463
2864
2812
6851
-682
5727
-1913
-3496
8503
-6513
4350
-2347
4524
6753
1525
6275
-6420
-3496
5624
-7484
9189
9653
9275
7221
7803
-8527
-2634
-5981
-7057
8399
-8375
-8814
4181
780
-9029
157
-1857
1092
-660
-455
-6440
-2185
-715
4042
-6183
-2153
7340
-4625
6523
1436
-8017
1736
-6666
5885
-2666
-9964
5186
9651
3015
-4209
-3537
-2773
-8084
6902
-4792
9636
149
-5598
5655
2163
-1950
454
9851
6548
3478
9001
495
-4873
5053
-7972
9951
7638
-6321
-7906
-1043
5268
3864
-5201
-8452
4359
1770
5770
-7302
-7489
2923
7250
-5069
-3954
-7612
-839
-7198
5124
-4644
-8536
1467
5953
4415
8222
9854
1220
5391
8363
-28
-7897
-4287
6178
-5761
4375
8554
-2931
-5527
6932
-6517
4607
6571
7467
5930
-3988
-1038
-9081
1940
-8266
6624
6927
2909
3509
-8182
-3694
-9107
6972
-4420
4952
-8082
-2997
5941
-872
-6668
-5506
-2669
5417
7478
8261
9226
3267
-566
3713
-8775
-322
3994
3078
3546
-3754
-1716
-1542
2318
-8259
6662
599
4078
-3019
-5328
-3636
9621
7592
2405
2429
-3672
4766
5956
-2139
-5828
962
127
4600
1894
-3510
-7608
-8276
5397
-5293
4418
-5341
5738
-9200
-4713
5366
4531
4745
5139
-780
-5829
-8903
7692
7378
-5354
-2664
-4277
-2620
6421
-8291
1812
1859
-9928
-8361
5639
-1056
6470
-607
5301
-508
3584
-4331
7398
7076
9407
9915
-4558
-8514
-3248
-9465
4822
-2232
-5349
4718
5625
-2862
-5410
1377
-6909
1333
2832
-8258
9212
5497
9988
8934
-9369
-2269
-2587
3419
-8265
8103
1307
7360
4830
4012
-4696
-872
4142
-1889
3913
-1509
6011
3311
683
-1848
-3855
7564
-764
1802
-9430
4859
-4165
-778
5615
6300
-5803
-7643
6861
-5756
6243
5098
3015
-8878
-5855
6217
270
-7551
8603
-4937
4312
-1120
5023
-1456
9947
5688
7073
-6404
3805
-194
3632
4760
-5856
4750
7489
5509
-9218
-6590
-8916
5446
-9674
3066
1728
6924
-4822
7946
6461
927
4678
3084
-3523
3573
-4935
4211
4178
-1538
1258
7067
7190
3178
8182
8212
-1112
2121
-4845
-2390
-2944
3767
850
8001
-1866
-3350
4744
-8628
-3842
3044
-2451
7099
-1812
2538
-5223
-8763
-838
1281
5319
-2506
9594
7214
-4252
8611
65
-1430
8168
-7210
2795
2170
-5421
1609
-3831
-3368
-8990
-2664
-9529
-9979
-4414
4907
-5391
6385
9751
-8811
-230
2946
9778
3981
6373
8881
7166
7610
7304
-9356
-1128
8908
8534
2743
6778
6928
-9008
-407
-5132
-5861
3108
5825
7092
-625
826
7391
9397
401
-1296
5596
9516
-8172
-6632
-8233
6190
6630
1632
4520
-1390
-9104
-8264
4538
-4950
-1608
-5314
-9387
-6380
-2003
8135
5220
-6342
-4791
-9711
-813
6229
1026
1220
6105
4430
-3191
3391
-8232
-2170
-2452
-830
-64
6139
4827
-169
-9845
223
155
-7653
-9969
3510
-7203
-5687
-3032
8012
-9655
-8961
8627
4178
-8674
-5820
-4284
-9198
-4563
-9657
-3237
829
3509
3122
4176
3385
-9662
-8105
4484
237
-4091
5130
-5001
-4792
273
2562
2006
5658
8227
-1385
5328
8381
909
5919
-1023
-9635
-8566
-4841
-3699
9518
8975
886
1684
25
-6190
-8155
-6903
-4324
7528
-225
-3495
-5917
-1614
1226
-7214
3559
-9394
-2812
2745
7108
-9419
-6160
9896
-2508
7718
6946
-9523
4733
8137
823
4022
9888
5694
-497
4617
-1873
655
2605
-5157
7216
-9879
6930
-5753
2248
-3676
-6545
-3393
6242
7670
6055
2722
-1783
-2892
1230
7555
-8831
6343
5716
2505
-5567
2221
7995
-9455
7388
-9792
-6893
-656
-831
-6578
8230
9279
-2470
4038
-5622
-9814
1296
-4767
-4988
-8829
5854
-2750
-6233
-5316
2003
5891
-9274
-9237
-8934
-826
-4704
-1146
7436
-7287
-9463
-2875
8167
-4935
6467
-2047
-4174
8011
-6717
3995
-8324
-3563
2685
-1133
8253
-489
-1492
5331
4150
-9294
-1633
-8965
524
3525
9358
-7006
8489
9968
-5542
-9425
389
-1556
9140
181
6766
1383
-3272
-3611
-3900
2004
8341
9926
-5642
9695
7590
1006
6566
-9076
1173
-2575
-4243
1279
-1440
-162
-952
403
3652
-7275
4023
2432
6942
5337
-944
944
5243
860
-7582
-5851
-621
-9322
9401
-3251
8954
-6340
-3217
8978
2333
-4998
5288
5086
-253
-9981
9901
-6901
9831
-8123
-6358
6209
-1374
3344
-3848
-2128
-3507
6907
-5466
4030
9292
8407
-1891
8173
-7573
-6085
6694
7062
7078
-348
1768
-4117
-3037
1594
-868
-6043
-9389
6637
3719
-1188
-5224
-3554
-9371
6511
291
-998
2433
-8157
-8119
5043
2555
253
-6224
-7232
-3469
-9332
-2610
-8919
3027
4698
5193
-7799
9081
5651
-9600
2270
7181
-7362
5867
9783
2592
1608
-1285
-2027
4904
-3976
6019
-525
-5728
-7926
-3498
-6015
-41
7915
-377
6123
-5600
-6027
5107
-8381
-8691
6938
511
4643
8011
-9799
1124
7911
7837
1022
-6418
555
-7090
2259
5637
-4515
6862
-2157
9947
8466
2893
-9429
3893
-7669
-3984
3805
9602
452
3670
8687
403
-1498
5503
7745
1471
5049
-950
9908
-9538
3632
7185
-7977
-3514
1067
-7312
8328
6309
-3608
-8306
8425
7168
3977
2223
-364
-4899
4842
-2189
4444
-1832
7647
-7180
-2417
3400
2452
-7470
6571
-7256
-1884
-853
4419
6049
4673
1608
2964
1741
-1887
-8918
4380
-8595
8279
-3458
3066
9214
8430
1781
-5090
-4932
9496
-1437
-2591
-1611
6833
-1187
3911
7847
7502
-6206
-2111
7813
-231
6869
-7193
-3269
8050
-6739
8928
-4475
-7278
-960
-7012
-7017
-1874
-7658
-7637
-9245
3193
-8854
-7677
5133
6986
-1267
8068
2396
8974
1466
-9079
-9856
-7461
-3726
399
1236
9080
5332
-8451
8627
554
1769
-2128
126
-9276
8334
2745
-993
-2983
4959
-3496
-8049
1659
-184
-2760
6615
4303
4116
7057
1403
4477
2612
282
-3244
-7030
5206
-8968
-977
757
-5370
-4494
-2868
6190
-8158
-8855
4231
-339
-1051
-3816
2843
-4136
-4741
9018
8707
9404
3912
8600
-6494
-3149
1734
1867
-4125
8007
5994
4141
-6149
-7225
-2930
2469
-5982
-3615
3205
1968
-9382
6279
-9473
2281
-6192
-7841
-1776
2547
-6114
5754
-2661
1459
-7088
8530
3888
25
1750
3997
-6090
-1723
-6159
-3014
-9357
-7546
-4574
-2202
-5390
-4649
2978
-2327
4207
-9450
-6277
9877
-3946
-9556
-2658
7924
-2996
3143
-5826
-6167
6804
-8134
-4143
5215
4695
6560
-8517
5139
5261
6945
-5286
-7287
6690
-6599
-9021
2568
-6922
9230
949
-4097
6570
9272
6999
-8464
-2422
-4582
448
5681
677
-9231
-935
2546
8096
-2844
-5715
-1518
4635
-5459
1644
-8574
-3676
-3431
-981
-4905
-8664
-605
5763
-1731
4579
3757
8004
-6919
-1855
6969
-9040
345
331
7209
-5477
-2638
-7962
-4136
-919
7985
7731
-4464
-7232
-9122
-6004
4129
-332
-3282
-3910
-7897
-7869
-4332
8895
2144
6428
-364
1037
-8038
774
-1250
-7475
-2826
3121
-6481
-9137
-5191
5753
2550
-3183
1447
1942
2834
-227
-7607
8080
189
7854
4287
-3760
-8227
8728
-4241
-4002
7987
-1241
5967
5304
5120
-2045
7221
-4079
1546
5671
7460
3421
-2546
-1371
-8687
6524
-5622
-1179
-397
6128
7240
527
6727
213
-9545
5674
3184
62
1826
-1632
-5404
4179
-4026
-1607
-4678
-2831
4104
2627
-9426
1851
-139
-9958
-5354
7386
-6955
-2280
1969
-7613
8906
-9013
-7395
-1253
6330
-6248
5018
9167
8627
8991
5628
-1633
3830
7609
5670
-6933
-3637
7642
9432
8830
-1497
1923
-7809
982
-1430
-4670
5313
9248
2734
-1540
6898
-7758
-15
6638
848
2273
2693
4509
-1396
188
-1947
1426
2736
-3029
2018
180
1544
-3355
-5291
5102
9071
694
7012
7983
-2959
3988
-5667
3633
4805
6459
3030
-6527
5456
-3979
-8680
-5674
-3539
-4878
-7341
6640
7518
-6859
-6790
-9522
5225
9114
3231
-7633
8616
-3539
-2259
-4291
-8669
-538
8643
3715
7672
6326
-6666
5457
4163
-5716
-5414
-8938
-1343
-6056
-6416
-3198
4887
-8238
7099
-9345
-3008
-2592
7336
2548
-7117
-4879
-453
7990
5824
7332
6582
-973
-5768
-9881
-7301
-1310
4041
107
8707
4018
9755
1988
6724
-4179
4565
-3992
320
-1872
382
5942
-83
462
3850
7791
6787
3524
2180
7466
-7294
-2246
691
2269
-5662
356
3237
6901
-9954
-6064
6808
-6516
1780
3058
2244
-5266
8351
995
3100
-6259
5704
-3008
6593
-8124
5212
142
2524
-6748
448
6395
-2998
-173
941
-7544
4716
-6609
-7559
1982
4880
7443
-884
6003
-9985
-8363
-5977
7792
-7555
-8473
3921
-4956
-521
2042
-2400
-9605
7517
-2343
-1456
-5584
6353
-6156
-8794
-3978
-3835
1964
1288
-7880
-1065
-5721
-5338
4399
-8323
-466
-4163
7006
-4336
-8325
-2928
1775
9610
-2599
-1905
-7667
2391
2603
3136
-5271
-5461
-6892
-7808
217
-6261
-724
-5236
6747
-8924
4785
-3502
1427
8254
3482
7179
4082
2706
-8922
6188
736
-1828
9191
-9090
-9668
-1447
1581
5658
6421
4328
-459
-8382
2678
1654
-4580
9861
7146
-9688
-653
7797
-417
-7079
21
-3372
5819
4342
-3973
-5967
3607
4114
8934
-6567
9484
-2189
-4206
1136
2700
-5036
-1456
-2067
5894
1122
-8476
3571
-3030
-8987
-2788
-809
1214
-3602
8308
-9663
4399
-6966
9200
4040
-9695
-7364
277
-4631
4734
-4344
6742
-547
4383
-4106
-9284
-3748
-5086
4524
-5936
-3617
-7454
-3899
4692
8400
6566
-4427
5358
-9794
-3941
6548
-7733
3403
-6301
-5378
-4558
-8692
-2771
1208
-5791
9120
706
-9116
-3625
-645
7684
6883
-2361
-2385
-2959
8889
-2499
-4946
8803
-3840
1212
-8693
3129
7253
-7965
-7976
-6375
9373
-3666
-7875
4574
9902
-9833
2805
9285
2692
7981
-5713
-8107
5350
-2693
4127
435
449
-3956
-2388
-9478
-210
1660
-4163
-2528
-1296
-298
9163
1116
-8060
-5231
-9439
7818
-6505
4784
1777
-8482
-3014
8117
-3770
-8742
1327
5905
2032
8558
-6140
8568
-8613
-1148
4778
5246
-674
6574
183
6885
2400
877
7766
6053
438
-6196
-70
-8120
1229
-883
5085
8361
1325
-6940
-345
7567
-1911
-8581
-1640
1130
-58
-3365
-5446
-8365
3378
-9366
-3280
-4078
-8327
-9261
-7995
5791
5306
-8828
5069
1175
-7413
-8334
-5058
5438
-5628
-3452
6248
9030
638
-7369
1742
2227
-8096
-9545
-949
-8310
-1777
7604
3203
612
5525
-8392
-8490
8264
-2395
-7421
5405
-5656
-5485
4530
317
-3484
5963
7013
7286
3566
5829
-5323
8421
-426
495
-5823
-7697
8534
8973
-7430
-7325
-9261
5718
5245
9054
5920
-3082
-984
1275
592
8301
127
8333
9177
-8507
342
-7724
-3654
-7456
4340
-3562
-4876
1305
6783
-9690
5647
-1624
-2123
-7435
-8316
9720
-2198
-8956
19
1508
7606
-9053
9844
-6684
-1050
7221
7254
-5385
8371
-8358
7712
-8009
4731
9550
555
7297
-7909
-5953
-2863
-7625
7459
2671
3117
2050
-7834
-3928
-5180
-9047
143
-7113
-621
6511
9455
-8212
-7892
696
1688
-5113
-5955
4866
-6800
8728
-8062
-1756
-2655
-7350
9111
1061
-9510
1039
3453
3741
-3915
7588
3701
8808
4984
1396
7293
-8569
3755
-627
3824
-4584
-1054
7939
5321
-2028
-6786
4463
-3294
6746
8795
-6912
2086
6639
-959
8887
-223
-5600
4281
9208
3261
-3363
3046
-1109
1240
-3138
-8292
1430
-2780
-7644
-5195
-2068
-102
4542
-8841
5645
-1871
4980
-3470
-2091
-43
3289
5000
-617
7539
3667
-4799
7843
-7801
2256
-7827
-5387
-8142
3006
1783
-9838
6654
-8672
6044
9516
-2345
5798
-6795
1201
5154
-4985
3135
9273
558
1589
4433
5292
9546
7767
-7927
-3965
8025
-1609
-6080
-1063
-2221
-3617
-9640
-6606
-9126
-6802
9651
-9756
1629
7876
-910
-7121
-4201
5209
9107
5434
5058
-1573
-7297
-1050
2676
3925
2080
-9014
-9324
8791
-5693
-9368
-9861
4438
-990
9073
3047
8855
-2369
3789
-1564
1042
7168
-6865
-81
1263
-5603
-2097
-9681
-6460
1562
-2999
-6222
5214
2202
4950
9937
-2732
5670
4523
7275
-1500
5427
2556
-9796
-634
2658
-1987
-369
6927
9094
3998
-1482
-8616
726
-8885
5511
-8845
9794
-7185
6905
8486
-5021
-9598
-4509
2363
7807
-3992
5318
-3186
-384
-3089
6046
3429
950
6323
3919
7161
8549
-5706
6833
2536
-4339
6874
-2826
158
-4453
-4117
-9773
3082
7382
6812
9305
-4375
3588
-1116
-9555
-2508
1579
-9314
831
-4330
-4648
-3203
-899
-2557
7418
2329
2969
-9513
-4287
-3792
4914
-8384
6110
7447
-8656
-7243
623
7399
3675
-7106
808
-2519
-5507
-3743
2583
7014
-5953
-6476
-4098
-9451
5878
-7503
-8036
-5668
7422
7804
61
-360
-5834
6215
9679
-6624
-1551
-8123
7123
-310
-8796
-9616
6355
3670
3904
1011
1102
6941
-1561
-4569
9040
-3652
835
8601
2304
-9146
7071
7729
780
9030
-4786
644
-7468
1690
5884
4748
386
-9156
5983
-7246
-2422
6254
-2831
2255
-8218
-5835
-6034
-5905
5598
-2707
2573
-599
9382
1461
-9365
-1569
7332
-8856
7242
-259
7916
1264
4739
1077
-8441
-7046
4232
-95
-2991
-971
8941
4875
1298
1567
-8300
6721
5851
-4616
-8755
561
550
-3505
-5489
6429
-5024
-5038
5334
3558
7059
-656
2386
3770
-3362
4919
-8961
2326
-4303
-6115
-2064
7102
9976
6177
9584
-7440
-6612
-9801
4174
-8164
3243
2037
6033
845
9378
-265
-527
-9069
-6722
-3934
4590
8815
9812
-9321
6422
1434
757
-2265
-1326
9070
5625
3942
-8333
8199
6033
-65
-2052
359
-2210
2325
4774
116
-5299
9064
9511
1592
246
911
-4265
-5036
1733
241
-8564
-8119
8472
9232
7747
-8324
6455
2634
5846
-8080
3572
3928
4089
-633
4865
5322
-8783
7128
-6022
9670
7423
-1516
-5541
-4141
6375
9491
-8232
2271
-468
9770
-4409
7322
-3786
-5821
3395
6409
-2215
-7892
-8415
5690
-1125
5689
6822
-7704
-2534
-2303
-1396
-4759
1751
2475
9875
7813
-6970
9326
-8261
5478
-4416
-7427
9189
5083
5576
-3074
-9073
-2023
-46
1019
6087
2676
3914
-8303
1015
-3944
-8031
3481
-5428
-7129
-9320
946
-7006
-1901
2245
-9741
-3761
-8919
-6448
9762
-8018
-9048
-7574
1245
6594
-1648
5767
3602
-7563
5527
7351
-3154
8338
6796
-8430
3541
-2705
-6044
-4674
-2622
8604
8161
180
5988
-6474
5823
-7528
-6061
2223
-9042
-3349
7274
9171
9368
-8946
6165
-3624
8191
-2589
-3767
-5994
3110
-5032
-4484
9520
7295
-6209
167
-1483
7752
-1861
-7640
3090
5134
2340
2840
6551
-5606
8460
1957
-9094
-6923
-895
3131
-6010
-6298
9249
7243
6791
-2409
4558
8643
9196
3446
4941
-653
-6868
-8010
-6307
-1203
4363
4144
-6308
-9722
4900
-459
3599
-5449
597
8370
-188
4200
6194
1660
-4631
7097
2715
-8393
8934
-3089
-9963
-3912
-4544
1369
-6648
-6784
4522
-773
7522
3157
6545
3196
-1449
1369
-4067
-6194
-5541
8698
504
300
-4031
3019
3764
-314
5182
-4608
-7341
-9817
2088
302
3781
1913
-6528
8589
-1488
-9460
871
6965
-9348
9397
7509
1488
7278
-1521
-5280
-4923
-7492
-9071
1806
5704
-4289
9991
2480
229
9027
-1781
-5838
406
6860
-1482
1259
5291
-4168
-1885
-5762
6087
29
7803
347
-9856
9940
3557
-6584
-6176
202
4058
-4638
-6478
-2450
-6324
-1637
-2927
-6648
4211
-5504
7031
-9419
2561
2718
-6891
-5882
-3588
6454
-9219
2138
-7833
-588
-6403
2765
3206
1287
-5742
-6969
8031
9267
-6514
8931
6980
-1242
8874
6839
-6948
-7131
4580
4539
-4095
-6384
7403
5769
7390
1820
-6313
2984
1561
7546
2223
444
2397
-9649
-8732
-8062
-1864
3850
-269
8773
8652
2881
-4913
5833
-8524
4840
-2712
1037
4005
-2550
4528
-2419
-2366
-8480
2869
3739
-7831
9821
-102
5635
-9642
8536
1951
3079
8318
3926
-8730
6652
832
6267
1321
2275
-5262
4771
-6687
-5926
-6178
-408
8441
-5485
9738
-894
4424
4574
2203
4867
-4547
5068
4415
4591
3778
2834
-7349
8077
8465
3697
-4062
7796
4952
-2887
8248
-8314
1845
3966
-212
-8282
573
-8345
2905
