1299
1
-9338
-5249
9481
-4467
461
9189
-5822
-390
2129
-5747
-1921
8535
4187
7239
3305
-1108
-257
-7380
-6562
538
-6134
-9293
-8373
7165
-421
4501
-4866
-5182
237
5534
1480
4370
2715
-1971
5110
3350
6806
1096
-6384
-9743
-1397
8428
6447
1901
-8501
9837
7824
-3583
-8353
1918
-284
3745
-4473
-3480
5310
2704
-5889
-7542
-6718
-2619
-1921
5118
3356
-7530
-907
3153
6639
-2473
-2698
-9676
-8831
-2258
-8493
1201
3541
-8770
1531
7089
7555
-3514
2617
-4933
6646
7905
-8364
1053
5926
5998
-3035
2505
8096
8741
5093
-3292
-7813
-6365
2794
-39
8728
-1768
-8091
7167
-4240
-6468
4328
-5035
-7185
-5381
2716
9806
-8223
-9634
3976
9288
-8935
-4117
3059
-3972
-7438
9100
5532
9712
4964
-131
4176
-8361
-4025
-3120
-6157
-5191
8825
-7522
-5468
-3771
213
-267
-789
-2219
1179
-5066
-3772
6987
5823
1657
9107
-4256
8644
8023
6832
-3309
-3446
-4615
9648
-8086
3076
6403
2547
3998
4766
8855
4417
-9540
2538
3270
9765
8718
-4081
-3735
-7108
-4299
-6776
9520
6228
-816
6918
-4073
8884
-1575
-904
6403
7587
-4951
-5342
-4604
-2455
-5643
-6256
3135
-7437
3696
5939
7816
-5598
-7657
-9439
-863
3915
-8617
-4572
9742
8884
-4660
-1464
-3914
-795
8804
-1623
7287
-489
314
-3137
-4330
5258
5100
-8286
7320
-743
4801
2040
6420
1931
1510
1851
6970
7583
-4453
5251
-4109
-4957
-3615
8889
4737
2439
-3479
6693
-3812
-7740
5186
2624
7562
8644
-3114
1044
-6562
-2809
-5852
7185
-6113
-9345
-1095
9697
1357
3697
8656
-5140
7412
8503
9959
5840
2469
3033
6345
-6832
4666
7048
-9467
4669
-1307
5535
3453
8430
-2775
-8341
6290
-3313
-8701
917
-14
4944
2508
-2905
-1488
-2513
3087
-5276
4732
-4443
5099
5542
3385
5340
-2486
8175
9921
8657
-9360
2237
-4341
8990
-8715
3625
-5868
74
-9828
-3779
2274
-7569
7034
3577
8920
8587
1968
-2655
-5820
-9930
-5431
-14
-54
6852
-4571
6903
-3396
6464
5737
7977
2653
-560
3816
-899
2282
-5959
-5741
8748
-1750
1819
-3616
3664
-4772
-2066
-2137
9190
-6448
-7563
-4601
-823
-6295
-1596
8420
6280
-1471
3817
-1102
-603
-9804
9767
1116
3867
6888
-6297
-6997
-6207
2099
2608
-3023
-8250
9713
-8895
-5486
-206
9646
1252
8834
-713
7073
-5739
9600
-5559
5005
447
9133
6873
-7203
5874
-1422
-7782
-9959
-3075
-5673
-9218
-4184
-8868
-9800
5198
4609
-6712
1254
-74
6432
-3491
-7367
-5734
3399
4511
-3697
4201
119
-1355
9030
7039
-7231
6528
-3476
5452
1304
-2252
1496
-1778
3950
-415
651
-8735
4546
1976
413
-3282
-8546
-278
-3581
-4593
5039
-5820
-1777
1247
1752
-3218
-8749
-4498
4271
-8381
9429
-6434
-1517
-5496
-2644
-1032
48
-5626
3081
9469
-2620
2141
-206
5714
8967
-6632
-4415
-9322
4626
7572
435
-9271
-2994
6351
-1105
-24
3614
-703
3540
-1619
6085
-7913
5611
-9311
-6213
-1128
9480
7428
-6147
4700
-9169
259
9553
-6837
-9406
-1927
6303
6448
-2751
-9059
2500
3262
47
-2863
-4273
5789
3317
4545
-3817
4328
7876
-725
-4158
8195
2357
-6108
-9189
-4978
5236
-4818
-2876
-1961
-7647
-9886
-7603
4433
8273
-5858
577
-3479
-8572
6414
7150
-8547
-7095
4655
2228
-7136
-2353
4156
-9687
-6534
-1068
-2085
-7952
-7276
5225
7270
1848
5643
4374
5933
1761
2009
-36
-3386
96
2472
-7960
4533
-3069
7833
8820
-6844
715
-1926
-8825
-9364
3549
-9167
4530
-6816
2924
-2841
9317
3292
8835
-8840
-153
6658
-8512
3544
-8064
-5391
-7635
1758
8274
2068
-6314
5806
-3452
-8222
-1355
-4870
-5466
3496
88
5345
89
-63
-4405
7933
5889
6756
-5135
-7571
2459
8411
9158
-2584
9471
5084
5635
2701
-4134
-1073
-2083
-9674
854
6048
-1091
5630
-5048
-829
-5494
-883
3999
7087
-3602
-2722
-5624
-2248
-4377
-4649
1297
-6675
-1775
7904
5932
-8540
5516
-8931
7349
-6035
7062
9269
7282
4425
-320
7567
3513
8717
-5563
2602
-5214
-6302
-7849
9510
-5757
-3605
230
-4052
7013
2120
-9564
9600
-1432
-3011
322
-4033
-3921
-2279
-145
7758
284
772
1804
-2095
5440
9173
-7639
-8749
-4962
-2831
379
-5234
7419
6827
253
-4117
-3500
6359
-3801
4059
5651
-8410
9068
4077
806
-5563
8175
-7250
-5719
8031
-5435
-5796
-6000
6121
-8163
-7372
-792
-9318
-3257
5294
-5146
-8053
-3595
-1780
5890
-6419
1331
-1527
-9158
-5173
-6350
9077
-5600
9075
2414
-7082
-5780
9929
-4190
8386
-5447
3911
6022
-896
5882
1128
5204
4648
-8565
5707
9711
-5418
4554
4747
732
7271
8810
-3455
6069
-370
-7614
-7284
-5604
-1138
-7310
4723
1745
5475
5936
8778
3876
-3336
4547
-8199
-1476
3830
-2580
3344
9381
4026
-7095
4860
-3078
9643
-4564
-7596
5027
-1698
-9844
3762
6726
6663
8492
-3785
7675
5048
-3092
1959
8276
-8110
-9786
-7823
-90
1909
4058
-7443
3388
-513
3402
4046
1769
-6761
-4339
1870
-7403
5715
-7830
8374
-3357
-9936
-9576
6563
-3998
-647
-7923
-5892
2831
2003
-1157
-5057
-3239
7755
-395
-1892
396
-5277
9154
8436
-7454
5058
-2274
-6054
93
-6737
8723
-973
-2269
-1256
-6436
10000
-539
8949
-3631
-5209
-3723
994
4119
5526
7716
7724
-2932
9411
5174
-1064
-8204
-3951
-8750
-7036
-3435
2614
-3669
7045
-307
-5095
3487
-7823
-1214
5394
-5226
-2944
4505
6140
-548
9447
-602
9290
724
-4562
3709
-931
9821
3366
-8541
8127
5779
-3331
-3579
-3943
-2973
-4182
-4962
8770
5513
-98
-3733
-4015
2380
1463
-6346
9573
-7466
2791
-1440
-4698
-968
2366
-334
8463
1735
3395
9842
551
-1161
-9737
-4513
-4657
4696
8293
-5244
-1687
9709
4018
7032
-1388
-3213
-6097
572
-4070
6061
-1297
-6169
-2861
-6603
7118
495
-1555
-1268
8258
1438
8990
4044
5132
-418
-6867
-2649
3136
4787
-7055
-713
-8872
3013
1868
8026
3288
2032
2712
9199
-8314
-5278
-4286
1426
2920
-5156
5036
-4965
516
1131
5290
8721
843
-4147
269
542
-5694
1121
9113
-2522
-1969
4421
-5897
7466
8838
-2823
4576
-2372
2529
2469
7341
4086
-6711
-8063
7089
6231
-37
6154
-128
9014
-6038
-3511
8397
-5192
-6515
-3848
8124
9677
-4382
268
4905
-3962
-5470
512
2063
-3053
7873
8059
-4591
-4032
-1085
6837
4479
-1223
4392
3949
1523
803
-6955
-5280
7661
2330
3602
2346
-6547
269
-9644
-175
6926
-6118
2993
-3653
4729
4289
8627
-1605
-5016
8445
1337
6401
1148
-8581
-3164
4113
6043
-7164
-8247
12
-7470
5862
-1664
9570
7946
-948
-8407
9435
-4358
4041
3572
9496
-8785
6664
-8320
7969
-241
3045
391
-6362
-4314
4855
5457
1038
7348
-7370
-9303
-4187
8340
4343
1337
-5218
-5769
5198
7165
-4454
-3767
-9964
-4430
5739
-417
-5848
-1983
-8799
837
-1634
7430
7310
-5706
-7698
3957
-6634
-8291
-1809
-1170
-5108
-308
-4141
9781
-5264
7389
-3614
-2957
-6157
1968
7080
7906
3781
6499
-3531
1197
749
-5379
-7257
-1570
9160
-4270
-2121
-1928
2321
-4797
679
-1852
-9373
2649
-881
-6286
8321
6751
2657
627
-6869
2707
1552
1787
-7031
-2302
-1382
4655
-3502
2341
-7353
5545
-9343
-313
-1899
3980
-6139
-9392
-2398
-9095
-8401
-4118
-2074
8950
271
-9547
-680
-3497
1338
-5326
-2748
7025
3337
7209
-1393
6067
-9099
-8690
-2075
-3275
-1256
-7171
6580
70
-9016
2236
2406
2596
-4019
-1702
-9542
-7070
-7734
-8636
-7581
-1789
-4170
-8724
-4320
-4336
-2514
-9862
-8893
-8953
2256
-9175
-4765
276
3776
-9645
-9250
-7407
-2103
3906
-4101
3750
-8036
-7000
-8150
-6353
-9012
1859
-7641
-1891
-6643
9300
-5899
3263
-1109
-8366
-3757
6380
-1976
2895
1257
7058
-834
918
2920
3373
-8946
2030
-7451
6019
7813
7425
5058
2522
4895
9708
-6465
-1780
9658
-4871
-8889
-9046
-4734
-1363
-2281
-6553
-1514
-7620
9359
-4501
6469
4185
9564
-3753
9128
-2763
6509
-1690
-3415
4269
7659
-6219
1684
-5686
2932
-3875
9853
-2166
-9297
3926
-7881
-3795
873
-8049
1420
7178
4409
-5239
6911
-3770
-8624
1238
8393
9343
5979
-1362
