2187
0
512
1582
3051
510
4216
8769
6678
401
119
8763
9442
1321
6528
9745
5458
3707
1298
6047
8214
2500
4758
2005
9177
1676
6374
545
6322
6494
9968
7054
2826
3527
5859
9128
9683
8029
6357
3884
6037
509
6559
123
7583
4380
5713
7508
2559
9963
3743
6722
6609
7967
6986
3311
9216
252
5259
2167
9471
6879
6008
8580
5961
4082
3002
8377
521
6263
3009
4353
8176
9315
37
8935
971
1618
3424
1272
4594
938
4060
5638
8600
6629
886
9930
2830
1309
2478
4234
4075
4222
5785
7307
477
3350
8305
6396
1893
6119
2934
3345
8544
4142
9307
6605
9230
6396
8921
3781
4082
9000
5389
9675
5647
5199
7270
696
3277
6021
4013
4952
1162
5302
2981
7436
7564
7458
4182
9826
4327
6926
4055
5620
3867
656
402
5490
7482
5389
4034
3314
457
7720
787
3976
695
3712
7147
4273
4933
5659
6803
3704
523
9956
9874
9895
4638
8234
2739
8363
6654
8105
2967
5283
6578
5706
9067
2891
5334
1815
4379
6263
85
5233
690
3536
6521
6551
2177
118
6621
6134
6828
6617
7671
2744
6257
94
8420
7453
4933
408
7435
518
4637
9193
4131
8240
4373
8592
1247
4122
9446
7551
3713
6736
7822
706
9595
417
5091
5940
6654
9578
1407
7269
6118
8956
4731
2527
937
1544
788
7288
2557
171
8011
5225
9694
9673
129
9154
8906
432
3832
7315
7132
2995
958
7395
7243
3472
2252
3040
7608
2020
9109
1913
1084
2727
1525
5827
1456
4491
9881
8463
504
7506
5290
6306
5303
2056
3134
6579
7432
4443
4044
8125
5902
7990
3951
1400
8737
6619
6916
841
4831
4687
2593
7811
986
2297
1467
190
8653
9095
7361
1555
5835
5722
1318
3673
6112
1413
626
5000
5126
9171
6449
956
2412
2925
1461
5786
9072
2234
1429
3107
776
280
9627
9549
3240
5288
9887
858
1556
9494
3451
9166
2422
8779
4233
4116
7518
5043
148
9295
4170
9879
2726
2643
9451
8583
5212
901
8120
4807
1595
1153
3969
9164
6875
6426
5646
3259
4317
5246
9751
6028
8326
1398
2609
3404
6256
6994
1262
6036
4478
2199
5803
7362
3639
7888
9921
7510
6959
2924
4507
5299
5790
9772
3545
5119
3099
7237
415
2587
463
3769
91
3480
9477
8117
3888
5402
3998
9719
2758
2654
7673
9583
3918
8059
742
3690
7202
8675
4656
9028
2042
7342
2168
6610
361
1155
6427
6576
2784
5153
4148
249
900
8062
805
9407
5342
6020
1678
859
5693
4715
9990
9376
578
8494
899
2680
7140
8133
5396
6466
1157
9160
6355
1847
8490
261
8007
4598
5163
6235
9032
6183
2721
7627
9923
6657
7286
8671
2739
1317
5614
3173
7661
4455
275
3090
3481
2252
463
4014
181
3227
2420
1561
8612
6253
8786
1969
8635
8066
9647
2610
3066
9420
8508
2211
7007
9765
7835
7577
2542
2287
5836
4704
7597
2563
7090
956
5560
7620
3725
613
3003
3529
2086
1806
7803
7346
7233
9513
4951
4386
5696
1389
363
6287
1671
4307
2560
7260
9662
4658
7994
8262
7899
7628
3207
4780
8773
684
201
9544
6515
591
9832
6566
5426
2274
8886
8850
692
4124
978
4922
5836
2172
2768
9422
1319
7008
7030
2002
6067
872
2765
664
9513
7587
1585
4797
4202
2181
1943
1095
5545
6547
8245
9513
1455
4770
8034
7431
4615
5202
744
906
4960
6214
2010
2679
325
480
3531
406
1806
9680
9285
9433
3750
5805
7798
9358
9874
525
299
2768
3752
4512
6413
4136
5896
5197
7548
17
1916
7025
6977
3817
1296
4526
3090
9374
5256
5100
5086
3287
7163
625
3029
7839
3169
8764
6087
5059
3907
8669
9653
4106
5942
1753
7515
9156
3124
8972
7291
4496
209
2611
4760
2222
2170
6079
6914
5773
7006
7433
6740
1437
9211
2625
5598
5975
3267
8423
8963
3308
9791
6957
5837
5007
1195
6739
1645
3572
2112
2440
8930
1233
6049
3392
4435
5194
721
1654
2833
3775
84
1937
9219
8585
5639
7282
6269
5563
8540
7534
3153
3612
5437
7334
9438
734
8696
7642
1634
3512
6242
9724
4091
9435
1190
7148
3056
4344
4206
2258
434
6813
7321
9925
7267
8331
2065
1402
5548
3912
271
3240
6103
2762
9091
142
394
7641
2423
6965
6858
2104
6881
803
2463
2686
3756
1282
7031
1577
4546
9622
1222
3284
901
9181
3643
1087
303
8502
4166
4798
413
9445
2260
2170
5553
7359
5246
9802
6554
8251
9522
8955
150
2782
2115
7603
346
3788
1589
6832
8285
8856
2883
1052
2372
8798
4041
5256
5565
5009
8192
3936
6031
6054
281
7642
2535
8024
2160
8554
1967
2700
2050
1540
7230
1754
8404
2829
3673
491
6598
6991
5334
1336
203
3949
7274
5353
4097
8978
4605
1160
3228
786
8710
7199
4207
715
1001
461
1950
2630
4503
1003
3211
3628
9689
1146
8125
6316
274
5830
7563
4923
5367
5849
613
6505
3048
9692
6596
7321
5462
8888
3461
3776
9339
9403
2498
5308
6469
1936
1482
3777
8482
9151
6436
8332
2468
8271
5291
6504
2647
7535
1794
1349
8505
3441
880
2206
8217
5566
3155
9719
4666
7024
9423
8745
3975
7194
8429
1672
5591
8585
6482
2122
410
2877
406
6033
3472
7912
7759
3460
2002
9613
3502
1445
5753
4820
6006
3099
6813
3670
3816
8611
1890
171
4313
1048
4490
6384
2195
7052
8166
9044
4218
2921
5024
8574
8650
2921
6397
4281
1188
2392
7495
9432
9155
9542
8820
295
6106
260
8730
8821
2424
7618
6097
1402
8730
2673
4737
828
8387
1721
1159
4333
6875
3917
4590
2239
1944
5345
1756
9153
143
7565
9393
9455
8994
2802
4485
492
14
7093
974
780
591
1613
1597
7768
2874
2507
5955
8671
5494
3181
2337
2408
7504
1780
2677
9133
9543
2739
6049
8748
6408
1420
1616
6598
265
2122
9857
5876
1606
813
5568
1439
3747
7892
3007
6286
9623
9049
2510
3855
5896
4495
6179
9413
7108
2109
1934
9709
8699
4922
9146
2058
5990
771
6497
3197
5097
6867
281
6404
2707
9570
6162
2322
5459
958
8281
3010
7552
4385
5999
8040
914
7048
5280
4975
6730
5555
3774
3442
9091
7256
4197
5298
9435
7479
6267
5294
6357
7731
1773
5438
6577
9432
6424
4885
3776
8072
2591
9637
3773
7199
1732
2727
3665
6957
8279
3658
1050
8206
7670
2100
8975
6305
3493
3015
416
560
2020
8851
6549
5217
7600
9542
4587
2978
4608
7798
9245
4207
4305
1774
8824
2814
2827
4
3907
8248
6328
3547
1696
1823
9443
2895
9731
6042
8764
4215
1077
8525
9472
2440
1260
1954
8526
4484
5794
3386
1005
4751
8817
186
6355
3634
151
2025
395
3565
256
4478
9831
9053
5961
5555
3505
6197
2545
9085
1459
1745
6244
8189
7600
8493
2427
1007
9666
4463
7705
2540
7115
5721
3403
7282
786
36
3901
9874
9412
3627
96
2987
8182
9257
7997
8064
2675
1350
3381
304
8701
9780
16
1714
6106
3178
5739
2410
4696
6860
1328
3526
4979
8634
8693
7793
1233
3480
4847
2964
9610
2221
211
7554
8326
3287
2399
162
9930
2237
5144
1070
8109
7448
3364
6495
4665
3035
593
6640
2467
8091
2248
2488
5465
8182
6747
8971
5829
4027
385
3068
537
7004
3490
7185
9955
3794
4430
3071
3816
518
537
1874
9638
9314
6028
1753
5523
2268
5756
6473
4052
7526
9524
8054
3521
8910
9043
2800
8746
9494
6850
8004
3353
6552
5901
3263
3317
9976
4042
4268
2573
4836
2910
7126
4369
5021
5574
2780
2958
5230
6890
5539
4250
6438
3225
875
3186
6499
798
3026
6576
8004
7700
9482
1391
6758
6634
1066
9412
1667
8198
4951
3411
9155
1615
1923
1585
4134
8511
9324
2493
2742
8495
7103
2535
9237
9328
8759
2200
4252
748
2104
6741
3234
5775
3696
2770
2783
7368
5331
6165
5624
868
3501
9185
630
7519
6362
5349
2546
5466
3918
9552
4530
6862
7442
1823
6880
6489
6881
6247
3783
5351
6962
3047
4603
2491
9109
1570
6106
2940
3162
9606
7361
2283
5487
4076
297
3694
9925
1875
3774
5542
4330
5176
2053
3488
8514
7989
1468
745
7300
3435
5618
4342
1666
5994
6534
4518
3141
4242
9643
8086
9952
5050
801
3365
9903
5636
5364
8923
4779
407
4797
912
6186
7256
9050
3892
9351
6470
6869
9437
5009
5812
2967
2304
2595
2151
4705
7324
1306
2568
9611
1251
8874
9031
2316
5626
4449
2831
585
6690
8327
1048
7757
2189
9975
9483
1854
3723
1036
1623
8270
613
1814
605
6809
9108
573
624
8479
5763
278
4682
1085
818
5163
9598
6835
9398
3833
5101
5076
9645
3132
4098
7038
607
3024
8802
7480
1383
2655
8668
8344
2944
4587
4355
3652
3056
6643
8699
8134
6818
8423
5119
6801
2628
3692
9192
8166
8728
717
7785
6396
7846
2614
6630
375
1453
1990
6508
3471
3409
321
673
2592
8278
5439
5687
8625
1336
3413
6388
2365
2162
2890
8985
1703
1178
2071
1527
314
755
7034
1608
5823
721
3288
2215
9006
6802
3274
1888
6577
3128
2381
6598
4040
8771
77
8257
6157
8303
7061
7033
1134
4776
1559
6788
985
5334
5725
7593
6827
8760
3183
21
738
4447
7152
7768
9293
1488
4918
9755
4587
4713
5009
1238
3465
3622
1212
4092
1824
5025
8035
1368
2386
7509
855
7033
6507
9463
3267
1285
458
4826
1321
5819
5407
8672
6158
971
7467
9024
4593
8344
4303
6758
5295
6664
3730
8743
1441
4381
5167
8704
1535
5284
4181
5507
8186
2604
3969
96
1361
2397
9773
3777
1026
174
5318
9381
8320
479
4138
9007
8009
7315
3566
1545
8916
6064
5485
606
5149
2726
1248
8854
7809
9291
2380
1492
3889
1717
7057
7052
9069
9778
831
5981
1061
9971
4523
7872
9940
5875
8050
8201
2390
9098
774
6374
5797
1236
9292
3923
4292
7294
8493
3294
571
8501
2605
7315
9905
9847
8543
2079
7875
7715
4872
2094
7798
3528
5763
7024
7543
2702
5585
9660
4086
7816
8136
5021
804
2814
4420
6638
9789
3881
7111
6708
4305
703
7296
7211
5734
5464
8997
3000
2854
4986
2093
3702
2968
6944
9477
932
6116
883
2578
4544
4950
3624
7967
9146
6626
6759
946
9453
8056
9930
1658
7622
2027
5876
6480
6785
2030
8172
1613
9078
1288
6408
6907
6520
6450
5731
2350
2278
6498
6225
9223
9032
2607
7668
6157
3329
3141
3744
2361
9747
3784
9551
939
4275
8072
907
4113
1589
4279
4985
5960
653
4985
1467
4665
5280
239
8852
8737
4463
4542
5532
3642
5978
4839
2718
9451
8751
4685
1142
3149
5656
9796
1477
2020
8962
2798
5462
1983
6840
8979
7783
5670
6385
3640
9882
6064
3048
6446
4498
716
711
8358
2298
7841
5792
116
3536
2476
3516
9580
5290
1101
8947
7932
137
7154
6008
9863
7731
5924
9086
553
2284
7637
7022
8836
5259
4592
8892
6218
9988
1296
6628
3505
3163
6685
903
3094
1257
8531
9960
1383
1931
1614
9406
9305
3425
8590
6534
4832
6514
6693
1493
9988
2602
3714
3262
2695
7617
6265
8124
3640
9220
6065
9702
6880
7174
2746
728
6325
4112
8518
1227
1847
4181
1393
1210
1947
6009
9515
2230
8093
2741
2928
913
4264
9558
5914
2321
5234
1142
6134
5823
5005
2797
2113
5395
2001
4546
6139
5340
1234
8365
5557
5257
792
2032
4080
6231
2104
2089
5259
3728
1874
1485
2067
8629
6082
9209
5610
3068
5518
8851
7245
695
9323
547
4083
4524
2335
8017
7187
374
7751
7615
1921
9986
3578
7418
4379
5332
1352
7303
9871
4821
5321
7437
2835
4277
9155
6505
1700
2918
3324
4820
1416
6508
7381
5057
4723
5967
7652
6531
8286
7121
2859
7559
2919
5651
6821
7755
5493
6124
7561
8320
7299
7565
678
3687
8162
3382
2592
1662
3847
1930
2868
8536
302
3911
4763
2446
4760
7865
239
8718
4317
1748
3341
2850
637
4176
5987
1712
387
3359
2390
3203
5053
5523
4509
605
3984
7106
1908
4411
6809
7832
1845
6048
3847
4387
6718
9695
7514
3453
6728
6833
6760
3486
6546
3417
8946
3491
3703
4176
4882
886
5418
2931
9376
3390
5708
8089
3516
4375
6616
3204
1651
3579
1811
5371
4624
3291
6051
2527
3938
5528
8523
9000
7979
2953
5368
9888
4678
3441
5702
4250
3947
296
8035
421
5198
1786
9247
6870
4316
9558
2610
8244
754
1966
7203
5379
6427
2486
167
2820
6709
9434
8388
5355
671
120
5189
1434
1889
9063
6306
8884
5114
7305
3026
571
9756
6427
9895
8929
9830
5676
2872
3728
2436
7777
8262
4287
9504
7763
1869
5220
8252
5790
4564
2229
7517
445
8408
6947
916
7960
7111
7912
3305
2744
4249
4049
5927
6718
2704
6165
1473
4704
3403
4306
3830
7908
734
9995
1993
5888
5952
1384
3098
6225
2404
9585
2086
8859
8928
2497
8491
3001
1255
6101
74
6861
4464
8457
2673
7283
9846
3849
4193
6885
6886
4491
2726
9873
6192
525
