1273
0
3393
-3910
945
-7454
-6969
-6565
5810
-4621
1078
8244
-8132
6542
6802
301
4741
-6900
2651
7581
6736
2306
1811
3626
-8442
-8204
-3173
9840
7422
-9611
-3580
-3850
-563
-9890
-987
-6529
-8767
3102
8335
4678
-406
-942
-2798
3520
-9379
-3128
-6532
-3203
9211
-1109
1328
4148
2593
-7615
-9302
-6422
-5732
-1391
-306
8074
-4364
-3662
7828
-9669
-7679
-2317
-7137
388
6630
-2991
-7168
9614
-9632
-5772
7688
9476
6195
-5941
6938
691
1385
1718
-2637
-3116
8958
-1625
6363
-609
7975
-3407
-3442
-2338
-7486
9705
-2092
3138
-5801
4355
771
8649
5781
7159
2377
-930
7732
-4892
427
-6571
3666
3509
-9563
-1176
5937
4055
7135
-3057
560
7900
9508
-7935
642
4338
-4864
2014
4875
-8303
-7951
2732
-5744
-5673
-9747
9817
-1497
-3552
-3177
5382
-2092
-4671
9685
-4035
755
583
9259
6646
3260
5583
9434
2209
-9213
9086
-5994
-5691
6439
7296
-9537
2296
8588
-7827
1680
-9193
4919
7687
-1129
9041
5250
4626
224
9969
8577
-3018
-8015
-9150
-9160
-6946
-3820
-4219
8538
892
-1364
9743
2201
6121
8309
-6883
852
846
2806
-2537
-8386
-9533
4135
706
-7921
3015
-5400
-6113
-9000
-9506
-8467
8763
-5547
4951
-6798
2089
5733
-8401
9574
-5191
-3254
-7864
7772
4986
3407
8223
-5678
9721
5588
92
1217
2104
-8278
2992
-4634
2123
3756
-835
-8153
-3515
9825
7210
6743
-7802
3122
3976
-1297
2175
-4128
-2274
-3520
7816
-4754
-3176
6542
2525
-1428
-7487
-5803
-2330
-6691
-5000
-9008
4625
7673
378
3393
-4750
8889
3875
-1106
4130
-133
-8404
-9677
2225
469
-3610
1191
-921
8090
-2768
-7874
8717
-5053
7451
-9928
-2566
-3308
3279
5565
2582
7952
1986
-4781
1839
-4779
7661
-5869
-6725
7383
-2371
-5375
6213
-6721
-5108
4388
2557
-8396
-6970
327
4471
-4551
-499
-3398
6001
1219
-39
439
-9473
-383
-3804
3660
-3566
-4700
-2661
8464
7826
6237
-9569
4097
6207
2433
-757
4332
-7873
870
6616
-3121
-7211
-8298
8840
-2428
-1751
3127
6328
-8746
7449
9795
-8017
-9396
-2198
4099
5970
-7673
-1554
1898
5390
-7470
9424
9851
-2805
-4015
-7851
9950
9596
9340
-3961
443
-1667
6946
9221
4442
-542
985
1423
5286
6097
-2616
-4823
847
4206
2869
727
-9682
-8948
-1045
3741
253
-1181
6703
-9508
3488
-3371
-3622
4572
-1382
-2209
5158
8915
-8061
7862
7660
7235
-8245
-6738
-5190
8724
-9444
-8549
-3684
351
9901
9270
-6276
-6837
1094
4121
-9531
-5587
9507
-4606
7022
-490
2278
-6904
-4840
4807
-5758
587
-4894
-2834
-2024
-8155
-6488
6057
-4148
-3928
-6890
-4561
-6711
-956
2217
-4081
1839
-2536
8333
-8656
917
-4046
8240
9726
-265
-8661
-5408
7597
-7976
-7567
-1247
5675
4937
5823
1010
-2868
-5548
1426
751
9375
-8642
-6253
-6431
-5545
-5521
6883
5646
2211
1159
-1789
-4859
211
-739
7943
-4646
-6255
5780
1759
-1903
-9979
-2573
-5664
4005
5381
4470
-5416
277
-2442
8320
-6936
-3466
-9308
-7910
-8740
-6953
-9471
3490
5777
-8970
-3528
6924
-922
4314
4316
-5732
8008
-7051
2810
-730
8126
-8053
7866
-7892
6160
-3725
-9147
258
3314
-1424
9135
-3554
5736
1053
4367
-4597
302
-6385
1820
-8536
-9428
-8484
3781
5655
6899
6278
-4819
9768
-5003
9278
17
497
5292
8925
8564
4695
851
-3295
9767
9164
7232
9982
3806
-5992
-2489
-4041
-4281
7197
3099
-629
-6122
-6929
3950
7021
-1883
8429
322
8870
-1929
-5295
-7969
5959
5635
-6298
4719
190
9245
2944
4936
563
-9441
4814
-3918
9203
73
2393
4123
-5648
-1168
-4678
-8611
4111
-5740
3638
2999
2845
1957
-3791
6787
6909
3234
1922
732
-4913
3694
2594
2444
-8033
9612
-7561
-1457
4836
2310
-5418
6376
9809
8387
5142
8938
2095
6321
-1972
4776
8918
-3960
1608
7720
276
7408
946
-9407
6967
-7218
-6283
-3401
-9671
-9470
-999
3302
409
8109
-1894
905
6087
-855
9163
9738
2572
-6403
-5737
-3749
6119
7987
5911
9568
-1135
-4692
-1393
7751
8114
4621
-5630
-9518
3664
3988
-7658
7947
-6283
6230
8854
-9160
-1249
9578
-7797
8114
3944
-4758
-3891
-9571
-2866
-4266
-819
5132
-761
1679
-6677
-6125
9374
1247
4904
930
-6683
-5381
-8775
-9109
-1255
1210
-6108
-7574
734
-1294
1840
3600
-2952
4562
-1289
-8630
-1405
9799
9335
-7735
-1486
-6251
-5032
-4200
-4651
-9786
1795
592
3736
854
-382
-386
1363
-9152
2251
6944
2171
7753
4938
4757
8207
-643
-3869
6257
-228
-8675
-9229
101
-6658
-2489
-2820
6380
-9912
6987
7211
-4368
-2313
-4541
-9739
8803
4685
-2965
-1094
2199
-3381
483
7795
-7889
-3880
8003
-7508
-7861
-1102
-8525
-5894
3573
-1485
-435
-3723
-2492
325
9649
2230
-9539
-665
7400
6343
2274
5644
-3317
1298
8166
-2607
6926
-7976
-744
-1716
-3429
8007
4078
-3090
-4436
-4468
8219
8479
7063
2488
-4680
-4704
4240
10
-5456
-1030
-4388
9288
8542
669
7768
-1766
197
786
7776
-9936
2519
-9198
8245
3196
-1291
3236
9563
5222
4013
-6920
5129
-4040
-2052
2826
-64
-2754
-1473
-4809
-2480
-6717
4080
-790
-2581
6211
1605
-2795
-2990
4631
-4939
-576
-1083
-2360
5753
5959
-2812
8999
-1768
-4036
-2572
4615
-1398
-5436
6002
5094
-2825
-6938
-7138
-357
3373
-4735
-7322
4936
6337
-7525
8274
-9683
-8941
-3779
-8771
-5002
-7833
-3769
-1529
6599
219
3933
-459
-4843
-65
3484
-9829
-6089
-8990
-719
-3357
-7818
-8070
2494
5387
7580
-9373
8899
-9060
-3736
5862
9767
499
-4711
5388
3633
5207
1824
-5195
1386
6151
-7885
-742
-5166
5312
-1316
6409
3510
-8265
-5798
3882
-8475
1360
5577
3169
-5902
1994
-5697
-9161
9648
3687
-8787
-6661
8309
-3686
-9624
212
6707
7178
3086
-3289
1784
-2245
-167
6612
4406
9227
7965
-9725
85
4526
-2521
-561
-3614
2227
6778
-3594
-3665
7929
-5594
1164
5212
-8960
-3886
-5894
8011
8837
-8123
6717
-1421
50
-4660
-6756
870
5300
3980
-6425
5065
3861
-5693
2936
4080
-3161
7542
2740
2684
-2249
3921
2891
5486
1519
-8980
8499
-771
4454
9761
4433
-6313
2387
2167
-5850
1778
2157
-1352
5015
-8793
5970
-9922
-117
2678
-3746
1315
7422
-2364
-3801
9896
-7621
2530
13
-5201
3611
4464
-4816
1602
-8061
1105
3442
3802
3346
6008
4339
620
-5791
5951
-600
6947
-6501
-6909
-320
6728
8179
480
9010
-7448
-1989
9307
3232
2435
4945
6512
9389
2888
6981
7230
-3879
7110
-6858
6242
-8701
9360
1079
-6619
-4993
-8425
281
-5665
-4483
-6058
6424
-6171
8980
-4711
8045
8371
5514
-5134
6801
6698
2732
-9566
1901
5520
-3378
2467
5626
100
-8465
-3517
-1744
-8937
-1799
-1806
-3111
-3678
5098
-3572
9772
8
1936
-1511
-3583
-8643
1195
-4114
5132
6846
2302
-1571
-8693
-8255
-6005
-8058
8370
9112
-1976
-4786
-1364
7035
-4704
6431
627
-6347
7323
-6465
-4846
-7853
-662
5141
4082
2153
-3850
4814
4968
2474
1538
6841
-6872
4178
1555
1336
1774
-1782
4635
4016
-7489
-2355
2955
197
1929
-7577
5692
-2612
-2733
-7519
6949
-7890
-1861
2431
7351
-3904
-3885
9192
-5928
52
8950
-9794
1880
9727
-716
-6389
-3678
-4695
9842
-3623
3868
3274
-5234
5697
-4075
7610
916
140
-2326
8166
9837
7156
-1539
5644
3069
755
-2017
-6651
8445
-8807
4600
4435
3462
3994
-1924
1002
-3209
5430
2278
-3869
-1955
-163
-8063
-2487
-8052
-4008
-8573
-5163
-295
-7388
-6573
8534
8043
9827
1724
-2677
2114
-8932
-8065
5172
-5288
-8964
1058
691
-5038
5751
-5022
-7889
-8956
-5281
-5483
2411
8253
-5373
1577
8685
639
1579
8445
-9143
7194
2
-1036
2018
7914
-1448
-5541
1799
-2460
-7976
-1437
2665
3711
2000
-1478
6981
-9342
-6620
5755
8421
7868
-5918
-9462
-3862
895
2628
9629
-6415
3086
-6708
-660
-923
-7133
-4678
-382
190
-3402
4356
