7863
1
6124
2647
7285
5060
2018
7227
9838
6749
9535
1808
8717
259
7508
5757
8480
7861
1309
4679
725
7935
3921
7385
8081
9793
4104
6096
5704
7883
538
6663
2292
5486
5891
5168
2697
2382
5424
7387
9526
328
7218
9228
2031
2065
8890
2837
9501
1654
8768
8114
9597
8165
678
95
7002
8945
5586
629
261
3493
8755
1187
4215
9988
6689
167
43
5107
6125
4047
6391
7532
4281
2892
8005
1354
8879
4393
3461
6306
4456
9806
9816
1711
4148
7485
2051
9112
1462
2183
1560
9017
4611
5249
1483
7827
898
7231
8235
594
4491
9136
7673
1189
9927
683
3645
9258
9963
1082
446
7986
7333
4196
5959
926
6939
337
5404
1199
328
2205
6345
6621
7034
1308
7603
5311
5433
6146
5146
4560
557
1700
6740
1754
3416
1967
1050
8292
9214
7097
4243
4238
3984
1547
7707
5924
331
1145
4422
4092
5697
5539
2263
9910
3491
5776
1187
6553
1232
3351
9247
8134
3286
8439
9359
7788
8777
5218
1999
9444
2189
2645
2062
7618
2801
9379
1568
406
2036
7431
7374
9275
3941
6562
7047
1086
8156
738
6655
8460
4134
3553
1547
9461
3575
5824
8310
6882
237
919
4051
7729
2920
9539
2750
7842
8673
7097
9763
3636
4474
5583
702
4068
1344
8127
3183
2051
4342
8742
3277
5751
8331
2101
7536
2029
3909
2636
8825
7549
219
9337
2396
2607
5328
8785
9782
1243
9362
4754
6368
611
5070
9979
9665
2487
7404
4039
9788
5782
3249
1875
2802
465
4495
3795
9619
2902
4241
1468
6165
3145
3269
622
7975
3417
3235
846
3734
9506
9893
4477
5401
9476
4304
2650
5027
5988
5832
6172
8664
238
8646
9412
1924
436
1423
1368
3651
1037
9059
740
5258
5346
3788
6953
8154
535
7990
1157
7163
7309
5095
5235
9627
2263
9272
7803
7421
2907
6173
4822
1715
958
9343
7407
2255
7849
3789
5694
1402
3257
3503
4505
8479
7260
7774
9809
7096
840
9818
6039
3028
6952
3836
5683
793
603
2383
5804
1029
4113
2
1786
7310
3702
3449
5515
6932
329
5375
3605
7310
9156
8503
8403
6386
6089
4218
7369
4755
7949
2706
4270
2770
824
1734
4036
6431
8163
4428
334
6135
5410
4779
4853
4436
6242
2069
4416
4638
1101
6652
1746
865
8076
5844
6189
7956
9965
8718
6494
9494
1717
7979
6441
2027
2686
9593
4064
6177
7807
1768
7631
4564
318
5011
5887
8079
4932
2152
9036
6361
9492
2800
4085
7763
7283
6933
5705
3936
7122
946
2819
3429
5512
9888
8361
9412
8825
1530
1617
6594
400
6798
2971
457
5973
8372
3840
7432
2545
9309
6722
629
2800
158
2465
7483
5252
794
1796
5742
5447
8868
9761
8057
46
774
1256
6829
2342
4489
3659
416
5883
3929
3770
1822
9414
1879
9206
6855
2882
2318
5926
2053
9561
7747
5549
7907
2842
3968
493
6607
5222
313
9958
1678
7772
5868
3426
8028
853
9939
8510
8364
916
380
265
3702
9134
8924
5078
5606
1593
3750
5640
2037
6479
640
3663
9777
8287
1323
4891
3603
5703
5815
9692
7698
6335
411
2829
8799
7015
5600
4807
3824
4658
3673
9126
8400
8284
3828
3876
8094
6872
5085
4989
9052
1539
4749
2056
1429
6466
5347
8141
2134
9628
3675
6277
6543
43
7873
621
8000
5040
4385
481
9759
6782
5823
9181
9879
403
3169
3596
6484
8514
6542
1914
4246
4954
493
4491
8413
1584
8846
5400
2837
5511
6020
6839
7480
6477
4356
1319
1817
651
4777
2201
3437
1804
7178
5232
3250
1528
863
3914
6248
4218
6113
2448
9409
1822
3560
182
1326
7549
7318
6198
9773
1183
9346
1594
7920
6628
8943
7978
3756
9284
5138
1114
7327
7135
9925
7135
1743
4368
9457
7954
6112
4434
6641
522
2694
1306
9369
2459
4049
9109
246
5886
1122
4069
3882
2558
7930
6049
6193
8309
9378
802
1439
7643
3844
4919
2981
6677
66
1291
651
1813
6916
372
4749
4643
6653
6364
9749
1638
7248
1892
1063
2928
9717
6875
3597
2704
7578
4064
9144
3554
7077
2379
6
659
3425
126
578
7174
8345
8421
7172
6530
18
2916
2655
6834
443
1333
4576
8529
5832
4747
474
6872
8296
1286
5958
4515
1991
4498
3577
7543
9178
5456
7201
7066
8961
5166
4272
4861
1379
4536
5148
6123
6796
5627
6420
5367
884
7696
2041
4494
2453
7383
256
3458
5235
4798
9044
6957
1051
1093
1675
3137
7131
9583
5292
6495
9350
3804
4995
2784
2436
6537
9944
4134
9856
1263
4863
8332
4270
6768
673
4931
3507
6291
1199
1412
5137
2335
3197
8301
4053
4377
2112
5549
839
1018
1892
3739
3742
7815
2283
2952
4947
6742
5973
3667
8385
462
9010
4367
7945
121
5163
2752
5939
4372
3423
226
7553
8163
1482
6467
3673
6590
6803
6732
650
6913
1070
7467
3036
1515
1201
4453
4257
3656
3077
9760
6841
723
5026
8482
5389
3279
1268
6652
1204
234
8358
3784
7076
303
1200
1719
1103
8454
4184
2104
383
7799
9569
5448
8825
3889
4165
5449
4109
8350
9029
9117
9794
9772
9802
5861
828
3468
9259
7304
1354
5991
925
6638
7828
6569
9813
6620
4534
1715
7696
9420
3752
6029
9639
4285
5129
1982
5688
4258
3055
7691
5791
552
970
1042
8409
7555
9084
3813
2844
6276
7119
4346
777
5020
8661
7661
8310
9795
2888
2639
5092
1569
7920
5082
8712
5551
705
8622
1390
5417
3805
2457
5958
3617
3999
2154
9529
7465
2409
5223
4764
1955
8999
5449
801
3408
7696
9109
6687
4988
83
1235
8266
2406
5170
2792
6745
4468
4941
6542
6277
9423
3188
8633
1409
4401
667
1792
0
9076
5697
6623
8267
6393
7275
5773
2136
3912
2246
2617
2481
7679
3318
6333
4369
5015
8857
2068
5459
8202
8953
7075
5766
409
2937
9843
3725
293
49
8021
8431
9662
9163
5295
2370
940
1442
7263
5967
3717
9310
1281
6394
9926
5004
2043
792
6689
4535
4810
4786
8836
4686
2292
1520
8101
9136
374
7858
8382
9338
2136
4591
4454
5927
2720
798
8279
8011
4178
4031
7077
4929
3555
7204
1305
398
1091
4730
739
962
1595
9608
8535
2896
3154
1716
1890
2993
8546
4889
683
1400
4915
6736
9087
1427
4065
6078
5736
6005
8214
516
3518
5936
3850
8356
6937
3499
6469
857
6919
8449
1361
7327
292
106
7856
9130
5938
4685
705
9363
6226
1547
6139
5823
3955
5385
5361
446
5821
5958
5942
5175
3934
2000
666
2454
7405
7422
3899
7411
8266
3684
388
4346
4896
153
6042
1411
4618
5682
4335
7296
6726
9089
9236
8412
5028
4937
6985
1324
5115
607
3736
4133
4213
9099
8156
3279
1191
69
5390
2111
7527
7525
7354
5657
980
453
9669
9370
1787
207
2812
2181
1586
5016
5186
8657
5901
9870
4602
7099
9342
1265
824
5609
1760
365
4124
948
5746
7074
445
6592
73
81
4016
5075
1807
4489
3453
9427
9268
5579
721
5247
3338
8991
3861
2758
6914
2127
9265
6354
6969
7798
2458
1909
3005
2478
4684
5838
2227
6960
5309
5986
2118
6492
4760
1665
3152
7483
1930
3064
4354
5951
5693
3188
6530
4677
534
2649
735
6199
2274
168
3647
6944
9745
3064
2718
5908
428
4051
6660
520
271
8139
4831
6998
9311
53
954
6855
7099
7466
3918
2279
6620
7254
5752
4377
1276
6947
8669
8835
395
1399
9549
6646
4890
2028
6133
5099
9557
724
3055
5964
3158
9284
8774
2533
5672
7487
3467
4444
3999
4461
1155
6164
1113
5481
5058
2507
3451
3374
4495
4028
3011
4966
1435
1504
2867
2259
7079
6640
7530
768
5179
4278
8148
7506
5930
2837
8685
8619
4727
1956
5542
1031
9277
1184
594
8522
8936
9519
6242
5687
9741
5510
3097
1978
3509
9999
9938
2099
9795
8194
4925
8597
6716
4062
5477
3855
3159
1951
3550
4541
3568
6500
1530
9681
4059
9754
3846
9846
1541
4488
3652
5073
446
4864
48
253
1376
3990
6503
5927
1852
7689
1211
4200
4965
6850
2262
344
8918
6075
1538
8904
7403
1276
6110
913
2661
2889
4117
3246
4109
1938
7929
8417
4897
626
856
5420
8444
2032
1058
3026
3927
8752
4855
2624
8099
4859
3062
5514
3963
5181
6593
3070
1616
9671
2730
8519
7893
6975
6832
6055
1145
8285
9004
913
7420
8597
9523
2420
7924
1786
2275
8469
4511
7315
8906
8360
3135
634
3265
5718
8724
5877
416
7546
8360
3105
3159
6300
9530
7177
899
9702
8151
5139
8058
5993
1879
8760
9318
1168
5906
1822
181
829
9485
4869
8179
6968
9882
9267
4083
3066
2597
6334
3209
4209
3766
2317
7611
3112
6148
2076
4139
9375
125
8853
168
6337
1818
5545
47
5232
9992
7154
1086
6908
8284
3388
8313
4385
4052
9987
2561
7378
9126
4770
396
2408
1515
21
4669
9618
8445
7518
1519
8425
435
6490
7392
888
2759
9146
1171
7053
5566
4243
9534
8174
8644
3240
5018
9640
660
3268
8817
8448
5714
1301
5804
8563
5099
8777
3045
3536
1539
6225
1726
7274
7528
8245
6602
4969
6644
4616
9710
5081
5702
3708
9685
7945
8213
9634
4685
5501
254
809
8979
9006
8318
2097
4856
2819
3838
2282
5944
2210
851
6169
2848
2229
997
9972
5412
4936
780
3632
3436
332
1979
858
9020
3792
8913
8481
5505
9312
4278
3545
4835
8874
8298
4420
8798
27
244
2875
4628
6722
6979
7115
6750
9218
1574
6759
4194
1764
4424
1130
4525
7886
3099
6644
8337
9104
1209
678
6279
6458
4089
7838
8390
4340
1511
9535
8648
3497
5765
4935
7591
1250
7692
3477
5883
2501
5739
8198
4022
8669
6318
103
8457
7498
8842
6667
587
8164
5697
9260
490
4495
5089
9414
8573
683
2136
3683
344
8362
7160
8686
2156
8562
4079
1560
6039
5777
8283
6358
1376
4124
8536
2936
5118
8714
7224
3798
4870
3257
5849
9465
1254
7442
3315
1319
5233
584
2483
3304
1845
9949
450
2177
2263
528
2269
2461
2197
2580
3912
5495
9861
3956
4065
4948
3539
8363
6854
5408
2693
2621
4840
7495
1393
1315
3089
7905
4352
4120
8827
6713
2505
2159
4015
8647
9556
6717
7611
378
6570
5798
1493
4899
9629
5344
4543
7069
9333
2918
3019
9138
5127
6113
5678
9510
6125
2557
7186
8306
3893
899
405
4686
9329
2484
2516
266
6245
8560
4003
3762
8799
5759
8142
3008
2744
3708
3083
6608
5828
1065
5513
1481
3467
3940
6064
5662
9875
3732
2668
8433
630
5974
2195
3532
7050
8464
36
7219
3607
4142
323
3270
5639
8820
7015
5623
7488
1520
7952
3363
3376
6122
5772
8496
9744
250
1629
6954
871
7015
7537
6841
8462
3553
3576
9299
9170
6194
7126
3958
7807
9783
4689
9892
7311
1118
6239
4670
6916
2986
509
5273
1653
4181
1440
5323
2861
1012
2110
9178
1541
8486
4812
3453
4939
1282
1239
2045
8460
5474
206
4419
3607
476
1253
2983
8878
8813
8852
3861
4555
3037
1443
8869
804
2757
341
4333
4263
7544
654
1166
4301
7978
2820
7318
1039
9982
9677
1344
4674
8127
7454
4422
6219
6390
1971
1838
8112
5735
1610
6120
7789
3409
406
8432
5653
7524
3269
3125
6202
1818
5501
1623
1693
8844
2810
3391
6493
9207
1057
477
2675
8861
8265
3817
159
8799
5822
1263
7738
473
5553
2
2353
9240
463
2459
1959
8371
6627
9272
3774
8077
3942
1582
7244
1754
4476
5434
1732
268
6584
462
7109
4171
676
3465
7327
9832
7380
3328
1769
9677
981
3196
7265
2000
691
55
5243
1605
2325
7867
9803
5491
7709
3421
8111
5870
7323
3776
428
7312
6659
9738
8315
7769
3321
9223
9127
237
8231
6582
2020
1995
3379
663
3187
561
5442
6935
4733
794
8217
1352
1995
9631
175
2455
6931
6649
7415
3114
6751
1509
2464
4460
5401
5254
3982
4993
8205
339
5647
9726
2383
3960
8760
2357
9687
9888
6839
3563
9901
7100
5007
5597
3948
4582
7165
7975
4161
2431
3546
2684
3797
3188
4533
9902
3288
9934
5514
4047
9556
608
6882
8071
8614
3286
2074
3006
4327
4552
4298
3130
5453
4273
9739
1059
803
5886
5296
2499
527
6889
1309
3289
7918
2019
5121
3315
7885
3324
5011
2458
5918
180
2296
3792
3176
3261
8996
7826
2398
3439
4275
1514
4769
8395
5213
9684
5068
7824
1400
2055
790
2980
198
6047
6768
7754
2862
658
2240
7367
2560
2105
8506
6845
8590
2490
9910
8117
4277
1003
6762
8991
385
2160
5579
8787
7746
5195
6097
382
5659
6128
1781
7675
2781
9498
9525
1824
896
3833
9066
16
8
3788
7770
6959
5271
670
3312
2288
85
8666
278
6806
5738
4602
1038
7376
2472
1469
542
8860
5181
6695
45
3175
3752
3054
7256
855
7606
4477
2539
4010
4176
5010
4837
6787
1060
5909
4476
4522
101
1580
2140
6336
1376
7422
7985
1073
6556
1212
4920
6028
1738
1155
3427
1519
9758
899
3193
2476
2775
5689
72
224
942
3730
5972
1107
8839
4449
603
9048
8691
2980
4134
766
9738
7173
9810
5937
4493
2725
6432
3805
7915
6336
532
5628
3344
6114
1505
6184
8265
1911
2118
9153
6562
3785
8101
7182
4391
6914
9724
687
5971
9637
1506
7016
2657
6180
1082
7123
9007
7273
2599
4247
428
164
3108
889
1386
9547
6263
3322
258
7557
5687
8404
8210
6187
4034
7952
3013
136
4679
1527
3192
5596
8961
3656
4489
2703
4454
1499
2626
441
3583
5481
462
1539
8486
2018
9095
9021
1717
6570
3137
567
4243
1337
5330
7677
868
3395
1092
8742
3708
7366
3632
9693
1817
8736
6428
8158
7748
4594
8237
2655
7356
4864
7029
719
7108
1964
2490
1201
1388
5221
5443
3216
1965
8021
4830
1762
4836
981
2320
5678
3944
6358
1034
8815
1
8672
2099
769
521
7049
6967
9558
5576
1355
3286
9187
1328
7637
6831
6149
9450
4967
6863
2829
8841
8035
8575
3085
2407
7244
6750
1945
5402
6137
2151
3492
2408
9473
7974
4134
3305
6923
8045
546
4846
9094
6326
2368
552
1603
3060
7524
7155
5632
4277
8423
2025
3776
1062
893
517
6362
3471
3956
1389
9362
7333
5888
4155
4786
3270
9373
4718
3812
5366
6594
9557
4046
3857
3055
9622
8752
5883
6782
8437
216
8370
1800
5421
277
9380
7338
861
2830
7097
3331
7636
3948
1440
2441
6778
6551
6700
7762
7922
3233
8371
8481
8597
407
2836
8471
8762
525
8602
7270
2584
9664
8359
8805
1377
575
5380
4623
8295
8128
636
8833
3856
5073
3352
9488
6754
9317
3828
5116
187
6675
1638
3877
2304
9592
5812
2494
9956
3191
150
8756
1930
7240
8727
5326
7172
6564
8761
2569
8273
7934
8220
787
8956
8564
5121
5515
7621
9889
5434
7789
8702
3245
6361
3804
1190
2344
4139
8896
1205
160
7300
2116
3587
977
5473
9597
4932
1354
7128
5307
3172
2640
3931
6750
4502
2476
911
1546
3404
4279
9204
1204
2391
5557
2444
8004
1397
9538
7589
9599
1667
37
4754
275
4816
5226
8125
3308
7809
949
940
6870
1629
5214
2916
7775
2386
3757
6804
8053
1004
8381
1814
960
3821
4885
7847
7574
3304
4247
5524
3491
2755
5685
6886
3436
6064
3816
9228
5895
2077
3311
7187
8196
866
369
401
5003
8194
769
7826
8181
14
9235
6355
8437
1223
4548
9719
238
8439
5176
3207
4933
7544
8721
5582
7999
9874
4655
7391
1692
9985
560
7126
1639
3450
2697
3425
5545
9441
6177
1424
6054
8698
609
6171
5432
8833
9120
9121
5898
4377
5752
4660
126
2880
4096
4757
3865
1295
3587
217
7946
1425
6640
8967
5032
7746
6840
3411
755
2948
2595
7926
9697
4499
8230
6091
3883
6826
2005
1974
8767
5723
6468
3867
6739
7297
5381
7604
3133
1517
9045
3243
1699
709
2357
9358
8848
7694
268
1430
4453
2056
673
9841
4580
2493
9600
549
8972
2491
5476
4637
6689
8723
204
2249
159
6255
1749
1547
4849
9726
1198
1432
2907
9115
5224
263
8539
1251
9742
2363
2055
5780
8591
5045
1019
3889
8134
7907
5531
7208
9665
2857
8302
4745
6566
1482
7774
3751
1178
1230
7471
4848
2751
95
5385
5322
2542
5487
7957
9325
1879
3436
572
6146
4677
1148
1621
5418
4809
7714
9490
873
6615
5763
1329
3426
5455
4297
3468
4387
7727
6844
7248
2994
3317
1939
8366
4852
1329
3894
7575
9393
3985
8126
5745
6419
6685
6368
4118
6630
2565
7107
4049
2507
3454
3442
8123
4545
2025
3480
4158
6301
4565
8262
6733
1227
7994
8432
5138
2407
6539
9088
3062
8144
417
8506
414
4822
3346
3581
2667
2411
8799
1738
2577
8850
9515
8831
5789
2852
8986
1078
2508
9586
3594
4557
2373
8815
7490
8961
1700
2014
7903
8013
987
15
7109
3953
9289
2110
2553
5557
1638
3572
7220
2054
8858
1024
1147
5893
7654
520
319
7039
9024
8956
8886
1053
9112
8995
7560
326
291
1602
6318
7673
4054
9288
4361
2007
6201
2296
1113
8441
5462
4582
7151
9081
2368
3113
9183
8595
5692
5224
6907
4792
1514
6537
585
3251
4343
7429
1104
8936
4385
4911
3519
484
3356
9081
7187
6443
3891
5638
8906
7616
2096
1049
5434
7112
1734
5274
6358
4320
7468
2777
4724
2216
82
2102
6655
6268
247
1036
3525
5783
761
4081
3120
1671
1923
3494
4795
5006
2540
748
4335
409
7998
762
7073
7299
2887
9673
7473
1309
8658
9057
9992
2374
2345
7647
1555
8379
8768
6710
3950
8463
235
1496
2241
6613
4778
9298
940
9929
5545
2261
8720
4932
4648
6497
6969
1004
5784
2681
1441
3499
5455
806
4912
5725
5774
4117
7080
9317
6741
3974
1984
9737
3096
9674
5450
6299
4313
2126
4921
5126
4423
7796
7432
1357
4758
8394
2672
4862
9574
3837
613
6793
3047
6112
719
1021
1589
768
4415
7554
5478
5401
5979
6932
9418
1387
4346
2798
3586
4965
7994
8776
4238
7987
3442
2411
5890
4361
6361
4050
8635
1345
125
6870
3627
9245
3314
2430
3140
398
4337
7316
7467
5891
2158
4372
1172
6321
5457
2490
5552
1703
6754
1158
4988
4282
4173
7363
7402
9215
7474
3278
6330
4544
9284
2220
5556
8835
8192
8725
8784
2086
5489
5153
4192
6552
2668
3450
6233
8310
1803
6247
3893
7971
1737
1748
2822
6323
9249
9050
4728
4664
7745
7267
8019
5236
6348
9333
3282
6045
9350
8178
7008
7650
7060
2973
7598
7608
7646
9010
3564
3668
1112
6594
4755
3940
4929
1399
3256
5542
1338
5848
7990
6131
7151
2481
5721
8367
3609
8321
931
4431
2615
1567
27
7788
8346
1589
9597
7942
7303
2570
6805
4092
7707
5569
9578
8608
2306
3154
4289
2353
5831
2377
812
570
3248
4450
1968
3451
6106
8670
9058
7845
4904
6523
9708
2873
194
5314
8806
2745
1962
1058
3121
4169
6212
7416
754
9125
760
6491
5569
9157
9478
4354
8152
1677
6617
174
7979
5644
5453
3544
6366
6661
7667
5405
1585
9512
1496
2155
4273
5081
4633
5741
7650
7196
2974
1637
8041
721
5027
7978
1999
7060
1909
1324
3352
6600
1475
6605
1556
530
5840
6341
5009
7898
1347
5259
4001
9654
7891
8538
4572
2909
440
8154
1968
8307
3203
2600
3762
5286
4680
8581
5691
3887
3942
1504
950
2037
8448
940
4424
7315
9949
3254
9704
1858
3219
7225
1147
2030
5120
5528
6383
688
1531
873
4615
3653
8715
3789
4464
617
3988
728
9443
2256
5608
8313
3026
7990
8413
4717
9483
471
2124
5191
8956
2005
6195
8453
5715
6385
3278
8069
1588
6312
7777
8376
945
5403
2584
7843
9539
9798
7669
4350
4381
1313
4170
1367
1878
322
8272
6709
4697
29
1747
34
9560
6153
9740
2633
4578
5729
952
5442
6195
7160
9172
285
5016
4451
3490
3963
7459
6517
2978
5126
1158
939
8323
8007
3781
4295
1228
6641
5940
7134
6419
1402
608
1681
2097
6179
7155
9343
9020
9101
6099
1860
5725
9152
6581
9622
2315
7125
7643
360
3241
4670
2290
4862
243
682
229
5311
4515
3294
6605
2048
4746
5207
1525
3537
486
4543
876
6862
9939
1694
3259
3353
8994
289
8936
3903
657
3251
415
101
7832
6236
9221
1906
8323
7015
2184
3359
8907
5881
3856
9730
8040
52
3923
3467
1505
1958
2256
229
5795
2933
3707
4603
7922
8477
3251
8758
7816
7368
7724
4682
4715
6062
5571
5055
3900
7358
8263
5858
9919
3759
6575
3539
3958
1185
5760
3976
6638
1449
7977
7985
7248
1104
4477
6170
9901
559
8153
1105
4895
6998
5279
4997
5640
1363
5542
5303
7650
1664
9557
3335
9553
780
8554
5231
9373
3858
383
3047
2822
2549
1722
743
2622
644
4783
662
1172
7025
3385
7059
7250
1747
8151
5430
4140
6015
6691
7343
6019
5343
7808
4478
6780
3200
7383
2706
1021
3127
5166
4097
9499
4052
9096
8202
9212
3687
9625
9247
8085
7997
5141
8262
9007
3701
9254
4040
6062
6232
8561
9510
2137
4044
9623
8640
4891
6199
2618
7514
6305
7105
1141
3504
7865
1661
8363
5624
9394
4321
6395
1011
7590
3630
8992
6214
8457
5000
75
5364
7885
5652
8676
5315
6730
9583
3500
6303
1171
8734
2254
2168
6774
5011
615
8903
6259
5868
3118
6448
8705
7690
9939
3550
1925
3434
2825
7538
7553
5869
2184
7923
9384
2606
1453
9055
7024
6037
6066
9214
4022
2493
5149
3047
496
6758
9308
457
5449
5066
5903
5755
8287
7103
5598
7495
7698
3991
8107
3581
1282
7322
7127
685
753
4413
2775
7994
6213
8124
8891
2724
5266
8303
7289
6268
9767
162
1857
8159
5113
8804
9719
4079
3077
8772
3280
9716
3869
2099
4968
9555
3008
3931
3459
3516
3200
9801
7486
3314
6113
7154
4975
1698
1416
1589
6807
3605
9656
7896
7527
3464
4734
5212
538
416
6466
141
214
3865
1777
6928
110
803
2573
5092
5185
4482
9953
4758
5509
8290
7020
2512
4907
3372
1897
3535
8944
4087
1682
3658
9430
2324
5956
9675
1650
1476
7331
1883
6005
406
40
8996
748
9845
2654
2033
4676
8327
2206
294
8428
2564
2491
948
265
5234
2178
7561
8140
8877
8895
4351
9780
4799
476
1835
6897
7021
3899
1976
755
6501
1840
5691
504
2470
5972
829
3442
1946
7292
7294
6777
5588
3741
6186
2436
6463
8666
7560
6590
6906
3341
4389
4046
239
8813
5170
6982
7896
3553
7302
6805
2678
405
8910
4198
1667
1242
776
2331
2822
2010
7770
8175
6996
3551
4838
1732
8633
6752
9418
5628
8394
8214
1046
8232
7085
4758
351
7165
8676
9907
2857
8521
1951
9876
8811
458
7840
9749
7544
8540
9589
8367
6105
301
4016
7684
3898
3680
5851
6408
9278
4813
7614
2090
5363
1231
2069
1732
7156
9933
7854
2159
6790
3034
1719
171
3275
6896
8271
8191
8994
9139
177
5947
9985
4548
8188
5981
6366
9722
2843
5785
3436
949
25
1240
8558
2273
9084
2513
5017
3891
9768
8683
9357
1613
7881
160
9384
3014
2131
3620
191
1043
1234
5444
5707
7597
3113
3857
1196
1106
2959
1805
1883
5318
3317
9937
9038
7185
5942
7186
1974
8479
7449
6504
9247
6232
2141
3435
5144
1255
2421
2083
6499
711
9879
7600
1455
8419
9176
2344
10000
9625
2132
9872
5249
8087
5043
5858
5265
9393
262
7126
5911
3000
3363
1779
1092
6512
6074
9526
938
8941
2547
7927
3553
4292
8471
710
4463
5189
1596
9868
5109
7645
1522
8160
8181
7914
3787
6123
8967
1644
8774
1915
9658
7474
8062
2050
8304
9065
3643
137
7841
9085
5734
5813
9088
2189
3370
1528
5259
6818
6821
5230
1884
9605
635
2853
1886
9974
1558
7024
6815
8369
3090
87
5195
1782
2192
3736
1606
6747
4539
6330
334
7816
4013
6264
1639
3317
9590
679
9993
5888
2385
1716
3686
1424
7074
8159
8440
4467
9828
7727
7465
3615
8811
1662
2987
4364
842
6912
312
1068
6693
4316
8003
1739
1705
5938
4837
6316
7989
4417
4601
8937
3229
8836
6386
4320
1281
5260
6710
2893
1080
6246
2738
6829
245
3871
3195
5266
3143
3279
4212
7750
9546
2736
9009
8381
3858
3384
1256
9174
9022
1313
8617
3182
7016
1371
2752
3827
7459
5746
2700
209
2537
2122
1555
7242
5999
466
4084
6424
8590
7435
3696
159
5940
3026
7006
3422
6601
9706
3616
4397
9661
6076
8055
6393
2224
5856
5615
4408
6400
1953
7866
5240
3661
8691
4260
8401
4791
7014
5267
4724
1706
9978
4533
3018
5650
9187
4364
7804
9313
7850
262
8019
720
489
3208
8104
8338
2689
9845
6808
7616
8083
4782
5212
4411
7108
7597
9102
4484
945
7635
6878
6866
6416
6175
5694
6455
2607
2526
1920
9490
2975
4781
2570
990
9247
963
6030
4479
3855
6802
5620
6524
1062
4242
4031
1466
2365
8879
7904
3150
1351
5685
4094
6465
6341
7002
5550
1427
642
6774
5604
8946
2084
5992
49
62
3051
2733
5400
997
8378
1509
8007
3721
4019
1018
8025
9213
5576
3885
306
8430
3535
4374
4571
4840
9439
2527
4104
2621
7808
2377
942
6437
9431
8419
8363
7709
9406
4989
5836
340
1263
4809
9445
4059
8143
1899
8371
7526
4612
8567
5809
4386
170
624
6249
1603
9284
532
7618
7195
8971
9954
3694
2824
4662
4861
9287
7802
8400
502
1096
9426
2057
4425
9478
9855
1860
7028
7267
5799
5377
934
6176
635
2984
8698
2644
4537
3473
2351
3671
5585
3971
7375
3816
805
6106
9351
5627
3878
6746
607
7611
9915
7269
7664
4945
5928
1009
3299
9161
7481
2583
2750
2277
9614
2009
7073
1533
9312
1558
3765
1848
5328
607
3290
5124
8156
4711
5118
1089
8437
5157
1183
2127
4810
9677
5200
264
656
3378
2586
4888
8140
4827
5168
6739
8344
5689
4063
6066
8268
2243
3902
9752
5130
9122
4643
4749
4911
9851
890
3404
6681
2286
4579
6370
693
8928
3046
5314
1767
1609
9929
1568
8332
4058
1693
641
6616
6020
3095
6718
7605
8819
7051
9978
8815
5641
9253
6721
1785
5478
8528
6379
4246
3505
4878
7573
3082
1186
9450
2554
4645
4157
8264
4104
8839
5524
350
3259
2426
1371
9914
4636
6776
6113
3646
4255
1887
7369
9071
7396
6604
9476
7490
3994
3334
6230
6439
3791
8830
5459
3724
9257
4183
4727
6946
5557
1340
6732
2557
8481
633
4165
2642
975
143
333
2427
9172
6320
8278
7948
652
2911
3572
3382
3198
4727
7266
2126
3587
3436
9652
3262
2233
5512
9658
2774
7388
6811
6596
7900
9480
1473
9683
4192
2364
2020
5285
2854
9739
5652
9787
7130
2874
5718
3691
273
4468
6281
8967
1214
4773
8701
7022
9726
1126
9809
8130
3746
7792
2314
5527
8024
1456
8186
4133
4117
6101
5019
1032
1415
3110
8210
3931
4775
9428
4154
3614
6842
3040
3140
6513
9824
6401
6967
2755
8219
3143
8265
7728
3519
5899
5209
6082
6975
4947
191
2328
8322
518
2542
1968
5498
9150
4832
6577
3485
2982
7640
9829
5426
5541
6248
9147
6643
2741
7175
1976
258
3542
5131
820
630
8963
2974
6207
3563
1567
5990
5761
7924
9686
3013
920
1298
8063
2003
2463
9023
8318
7736
478
8174
1777
2492
4866
7684
2557
6254
5669
91
5819
9047
2499
2455
9451
8755
3227
9231
7308
3336
1686
7701
5721
4063
1662
5009
8061
4603
87
5886
3206
884
2785
3988
4944
3252
3215
4428
7416
8262
7054
131
2796
6726
3860
9266
5795
7948
3735
5638
2132
1599
7955
4677
8701
2372
4345
8552
3141
6419
9878
3103
8527
996
7737
2384
8516
6822
8722
1996
1097
5591
4103
7245
3462
4712
8260
110
4090
9545
1128
421
860
3749
1161
5709
6389
9358
7706
6122
2356
766
3221
9744
411
6183
7389
4542
1336
1322
1968
895
8813
8157
5475
1980
7832
9509
103
7488
1667
3337
9541
4026
9845
9627
6774
7247
7353
9152
5317
7559
4282
854
6162
3939
5599
4532
6973
6156
9043
5945
9097
3360
1738
8572
6829
3658
5070
6432
3595
2876
834
8149
9738
9386
2283
9851
9342
1461
3995
1514
9434
6111
5376
8135
8
5492
692
8892
3800
3761
7882
5401
8102
6738
3610
3341
5530
7863
1045
7786
3614
7883
3427
6574
9380
6392
7340
3778
2586
8806
6900
4876
6196
7437
4861
2450
7219
1114
1723
1696
9979
3250
4761
6819
9397
1927
1527
9916
1986
2974
8116
9281
8764
4804
1133
9044
8036
9305
7860
7399
9521
8068
4981
9772
8836
3356
4829
9492
8394
6119
6346
3949
2897
4040
1038
7074
4753
9843
5011
5083
4828
6490
8428
5540
7652
5955
6221
8555
434
1851
1722
3456
1875
4335
593
3468
7317
6724
4773
352
2616
3308
8866
5659
6723
97
2697
6823
1138
2970
4652
7565
891
6055
4525
3527
6028
758
5657
3034
4106
5738
7026
1547
5981
3668
9201
428
7958
5612
5992
3224
7284
6522
5734
7254
687
7500
1916
4681
8781
4520
1688
107
9264
7395
1374
5813
4767
8757
6327
5589
998
143
1038
94
8069
9159
3203
3669
8723
242
4003
2345
6548
7318
3195
377
120
4600
4766
6835
640
8319
4788
5582
5757
7202
3756
3068
8044
1608
2878
2577
8889
2849
1728
9362
9777
845
489
2713
6742
7369
8982
435
2958
7906
4401
6413
4089
7217
9854
4840
6446
7263
8349
8154
721
1969
9924
1999
9461
2941
4487
9684
1436
2898
3142
5244
4478
277
1477
819
7082
5526
8832
9190
6500
5147
1283
7718
7973
1651
8441
1838
3677
4639
7119
8032
5956
6084
597
388
2423
5353
10000
3698
662
2000
5837
3687
4762
6572
3231
1165
1907
223
3667
6846
6350
2248
5267
4804
276
4477
9793
8271
2755
1800
8822
8603
1960
6361
3969
4691
8247
4155
1288
6224
7772
2517
5133
7626
2899
2614
3876
4333
3688
119
977
9893
8704
3288
1034
411
8867
7704
5102
7151
2965
2780
6367
6001
1669
5459
5509
5419
9740
8872
8634
1434
1487
8178
1298
757
9735
2913
2003
7184
4490
817
5699
7596
1286
8565
6731
1499
7012
4727
9499
3250
907
4856
483
4986
2530
4802
587
9348
6480
6302
1463
7140
1668
3467
8565
442
2278
4226
5821
3613
9572
2207
5956
3081
5890
1933
7606
1565
5267
8281
191
3733
8977
2033
5159
1093
6468
6137
8754
3563
2347
2979
7506
402
1781
8063
5271
4611
8374
3251
3251
4581
9659
5180
7173
5279
8949
9704
2853
5909
469
8829
169
2490
5040
9237
1664
2092
3623
845
5150
7775
363
543
9020
5807
4514
8926
3942
1998
4398
4479
6590
2973
4200
9692
382
7600
7800
1892
8643
5341
8936
854
8996
9765
3132
1169
2918
6420
3991
501
1635
8490
1241
3526
2478
2318
4559
7634
80
2416
972
4219
6429
6237
3311
9947
3751
708
5473
9221
5164
4357
8236
1156
9524
2550
1589
1854
8664
238
9095
9521
4490
7265
575
3859
9119
4291
8828
1926
3814
7720
8528
5336
7875
2867
3
8299
6507
7773
4710
2197
8758
7890
8851
9446
4908
6094
6785
6681
3189
4786
7416
2082
5722
2085
371
4686
9480
7404
5562
4635
2578
2949
2709
9506
3857
792
486
9610
7595
9418
1912
848
3222
1550
1894
6733
8333
2127
9247
9214
7618
7603
4432
6017
2599
7715
5122
4792
7725
775
8689
5630
4208
5937
5500
7475
1680
610
767
9307
3608
2638
7041
5462
7389
9961
3222
6139
2234
2726
306
7239
6105
496
5482
4352
1818
4502
7710
9649
3761
6279
2385
2163
2544
4756
6790
5771
9788
8851
8962
4785
4142
5980
6238
3932
9227
6118
114
6367
7314
7181
6269
8525
5128
8923
8844
7255
4295
3622
4467
2922
2296
5548
8121
4929
5575
6469
325
8776
3482
5755
1305
5593
2538
6718
1504
5572
3995
7920
1973
7730
8918
3
6545
5344
323
9386
5308
3603
7113
4146
9206
3449
80
3662
1144
8516
2076
5971
8639
7995
4593
370
8697
5678
290
9156
9437
6061
7188
9106
9886
9125
2557
6476
318
5266
7102
2766
3089
8387
9798
3147
3770
9559
9041
8946
9449
2016
1620
9667
1127
3187
9896
1543
1593
1636
8752
4931
8180
4719
9799
602
19
3190
7016
6188
9348
2654
208
3103
4724
383
9048
6466
4442
1075
3683
9230
869
4711
9145
6726
8993
8203
3544
5326
5502
9941
1045
97
7623
8796
9396
8845
7401
1232
1472
9590
3843
237
7302
1672
5422
5718
481
6724
4293
9247
2957
5801
1986
3879
6883
2206
7433
4365
2947
9657
3645
8751
183
5242
605
5956
1271
5273
4896
7496
7411
1607
6319
6209
435
4758
771
9002
3884
1194
8169
3218
8145
2003
5212
3150
8972
912
4254
2731
1570
6137
2812
6186
510
3215
90
8550
773
3432
5115
4788
2596
8866
3610
1786
4598
2219
1153
8060
6813
5456
9308
2098
3274
5569
7297
8957
6178
9940
2853
2100
3538
330
6119
4694
53
454
970
9556
2141
9299
2332
5438
2188
7034
9667
8880
5952
6458
7935
6702
9334
8531
8088
8110
6244
3850
3347
3881
4502
1824
1706
55
834
6436
3370
2475
7290
4843
1005
2082
2892
698
4339
1460
9184
4533
5611
5163
4003
2025
5882
5704
8136
6096
4807
1381
9197
3515
9563
2189
7600
511
929
6976
5080
1730
1390
8893
7843
6720
6449
7287
3846
2460
7515
5166
8256
8886
4465
1604
5380
9525
5045
7329
7594
9411
6009
1942
3639
363
9772
6235
8359
4485
5408
2475
2232
1649
53
2344
5278
5282
5946
7915
9495
5140
906
8794
7695
8249
6123
2263
5314
9173
505
3001
8914
831
9409
6647
9884
8680
4697
3956
3625
9556
2078
1899
5584
4665
1677
6480
6015
4672
7543
8463
1466
2594
1754
3002
8297
8239
1182
1512
2084
5160
5202
7292
9355
6480
6352
6502
621
2312
9793
9239
2368
6153
5145
3149
2244
7768
3511
3786
3641
3892
290
1543
7755
3888
309
6459
8476
2624
8913
8602
4427
4559
1697
3476
3202
1226
6813
4292
4113
1549
1842
7183
1076
3044
4140
42
5529
3903
9508
1467
222
2521
3348
9181
3420
1616
9874
6998
3743
2753
7455
4090
3430
388
1972
8164
7983
655
4991
8740
609
8902
8605
44
6793
1095
9479
7516
4839
2835
2187
3624
1644
3470
2434
1346
3604
7449
9603
2921
6466
7020
5721
5280
7408
2722
2039
5590
8246
8013
2936
8419
7908
2149
2491
3745
8728
2650
1513
9077
8044
35
8507
9889
6500
3642
6955
1402
2590
9961
3769
8740
2642
2907
9448
1898
5647
6414
2288
2761
2117
5049
4188
6108
9740
2478
9909
4765
3817
3026
5843
9944
7113
9289
4163
1430
4301
622
2352
9187
3572
9558
9260
519
3101
4145
5345
5293
5186
7405
6561
8012
2867
9749
2441
4310
8469
4657
2842
2650
6146
2576
8268
8379
6297
3386
5567
6734
7470
9031
9179
8371
5365
3265
6182
251
3960
6644
9487
3816
8271
2486
4817
2264
5958
6646
6077
1235
3838
9921
9382
7263
5499
3009
5272
9411
5424
1450
3976
3763
9430
9670
9591
4579
9856
4434
8814
9912
6520
8433
3049
8466
5430
7012
1434
9319
3028
3399
9657
2215
2349
5672
8887
8348
462
2189
2708
4804
4085
1892
9602
8216
462
9493
5259
6483
2233
2183
6779
2398
236
8696
146
7123
3811
9871
9957
6742
4808
8269
8809
4284
7369
4682
8714
3403
6498
8820
636
7554
112
8106
2959
8413
2390
7045
4357
3678
6315
8116
6647
2539
5918
6447
8743
1039
1997
6784
9922
5580
7916
5847
4396
8429
7372
9484
7087
1953
9028
1858
4402
6583
9101
651
7531
6747
3511
6021
3068
1862
101
1451
1265
3096
5820
7447
6454
8721
9871
5085
2865
2439
8608
4256
8253
5706
7945
6882
9831
6744
5584
9782
3125
6181
8614
4406
3450
552
2551
5698
2657
280
7870
1165
1092
2056
397
2608
3419
7615
4697
3991
8292
4500
6963
1003
6134
1455
7435
3648
5643
2970
4472
106
8711
907
5899
3609
7619
6445
3286
9478
4229
5248
8618
6699
2136
5400
1785
1850
9679
8707
3538
7862
2872
5953
3500
8904
3341
7715
2835
7227
7980
1669
2828
2069
4464
1602
2431
4841
5752
552
18
1641
7774
1318
4752
9375
8815
3612
9485
2688
4570
9418
5116
3690
1466
9253
2853
7134
5503
9211
5808
7967
3228
5649
2045
9579
2183
4327
6330
2751
7726
8394
8483
6605
493
8062
3159
2224
4064
6969
5990
1264
3032
3839
947
5927
4906
7627
439
4771
9005
5535
7835
2392
2784
2219
4023
1030
5985
9768
6923
3798
8347
9061
7537
2425
3137
956
6135
9219
6760
3467
8359
3651
6637
9263
1064
3939
8465
1056
7263
3600
6889
6600
8928
3524
7584
4611
7379
3221
3813
4799
5597
892
8399
1614
4682
3241
1930
732
1316
1362
3873
848
3253
87
9639
8982
2265
8027
5219
7380
8110
72
2220
4213
1148
3827
2306
4096
1858
7348
4538
8234
7312
6079
6744
4676
8775
6851
7052
427
2432
6669
2503
5195
38
9729
6362
6843
9732
6157
997
4767
1252
2415
2507
4924
8489
1675
8525
8289
8375
7233
9942
9940
3147
5285
5251
1101
2989
2872
6698
4388
9456
4282
7364
7871
5672
1181
7312
1899
8653
846
4956
3594
1188
1090
4018
8514
3169
7783
2633
6122
4836
9561
2738
137
1441
8782
2210
6544
3021
6891
177
1564
6595
4535
794
8085
4543
7884
7808
1736
5687
8907
9226
3680
8282
2328
7998
4216
6158
8891
3207
1816
6701
3012
8367
4587
388
6600
8040
148
8167
5886
215
2689
8186
6083
7020
5416
6718
3577
9107
5630
3975
9007
5671
3911
4113
1279
6135
3182
9443
2165
5056
6927
2221
4890
2026
816
4926
2044
7068
2445
3391
6827
7420
1228
3407
8825
2568
9253
5099
2660
685
1714
3309
2360
8497
2254
7497
8086
9451
7811
2483
6362
5048
7192
7493
4433
2945
8367
2665
8426
4620
5317
6652
3973
9253
5042
6601
5903
7892
2233
4865
614
1531
5646
2579
658
2997
6559
4420
9125
7791
4681
1671
1344
847
6641
8295
2772
6080
9314
6363
3609
8456
86
9344
17
96
4927
2750
4014
6906
3624
3386
3549
7086
2507
9884
686
1047
8987
2231
9471
589
955
4387
8368
5074
3854
8901
5973
3651
1239
8829
1738
9123
3096
7619
1677
9064
1345
6885
5372
5309
6520
2440
1068
8488
3945
3436
9590
429
8130
2717
205
595
8849
2608
5325
7291
7938
8264
7524
6451
3074
6762
6890
8628
2148
5017
225
1392
9961
8052
6553
389
3465
8328
7998
9797
2334
318
3718
4830
4003
4815
2264
5320
1263
5929
3891
9218
6354
2937
9202
9064
5538
8474
8809
2822
2237
8446
9258
5042
8162
4569
3984
8854
3770
3207
2483
1429
6427
8959
730
228
7307
7997
3620
4547
8661
1252
1744
5239
1731
9286
4846
6552
8731
9101
1618
3062
1183
2442
6605
6750
5266
2447
8834
1820
8099
6039
5278
5813
4972
3100
4004
5324
175
6439
7795
7870
6989
9025
7346
6624
1182
8482
4165
2585
5331
6229
417
2514
2400
5754
2990
7898
8795
7674
7694
5220
5042
988
171
7312
604
429
9275
6952
8764
9571
4308
6146
6152
6749
7874
3076
1544
5491
4234
2596
2187
3205
6747
6301
9140
2583
1976
6996
8524
2757
3046
7019
473
7616
1422
655
6916
3891
5100
5700
5692
8399
5432
9627
4061
8090
7583
5936
9635
8669
3161
8578
4558
8982
955
5300
8344
8860
6269
4842
423
2431
3351
1540
2002
3585
612
4231
9713
1596
7029
3991
162
1080
9757
3555
5398
7125
1299
4604
7613
8953
3338
3238
549
2129
975
9580
6704
7076
6814
315
7998
9306
9563
7460
6226
8839
6988
3516
4009
9463
272
3949
3916
1465
6107
5453
5661
9784
4809
1462
6517
6909
9406
7009
7983
7309
5013
2812
5810
4371
8364
7827
1131
4917
9567
5744
8551
438
2799
5524
351
844
6726
1590
3141
7828
1353
7473
6455
720
9227
7377
5176
8939
1139
4021
6915
2361
3582
7422
7326
6142
1899
9173
8062
8459
933
3867
5254
5494
8389
394
6286
5736
8970
5672
1099
21
1791
5987
8079
4595
4410
9326
8259
8707
7849
5997
5912
1004
4330
760
3164
2622
3627
794
9519
7649
8487
3819
5205
1533
1921
8405
3066
147
6084
9258
5643
8178
7305
9194
10
417
1813
2185
5096
1047
9955
8215
1313
7945
9826
2762
5078
3787
5374
3833
1049
4051
438
2683
2296
9966
324
8127
3898
5973
460
2524
7434
934
4635
5400
4586
5895
4692
3788
2601
6477
4061
4534
5132
6157
3700
465
2911
750
9841
1508
7784
3948
8810
8772
4758
7031
7009
332
8437
4213
3960
8766
7438
7986
8127
4880
4175
8351
7805
1775
9977
3141
7088
1470
3651
3821
9355
2910
9373
6266
8646
8992
8152
3290
2718
7707
8029
8079
8664
7394
5851
2592
8878
7172
5645
4220
3526
7042
3658
6071
4730
5056
6746
7086
1793
8643
87
1492
4177
7883
448
1091
919
9092
3213
1111
4481
6298
9577
3041
5361
7076
3138
1100
3368
4
1793
9500
2952
1307
2253
4436
6524
5890
7616
1591
6545
8284
5920
1397
8078
9994
150
1348
9275
574
7171
7096
9368
9243
6804
6721
9912
8561
3495
4819
611
7454
5879
1431
3323
2949
3859
7408
6617
797
3109
5146
6902
7155
9057
7661
6778
9788
4519
849
6711
1961
6863
8686
2595
6522
4632
7303
2503
4866
31
5681
9625
4103
64
8239
5105
4509
532
8201
6887
8751
764
5081
2870
7900
5307
2145
8923
2672
3718
8953
7015
1175
5602
3032
4961
9926
7066
6159
4353
2187
5974
604
5231
5824
2543
5469
7367
5922
2603
7802
4384
8452
6
5011
3021
2757
3596
9136
3588
9309
2445
9212
4651
4021
3697
9201
1255
4796
8423
5861
1626
2387
2166
4718
1436
800
7254
3230
9163
8307
3308
2611
7822
4858
5467
1984
3758
2838
5040
6510
2243
4338
3145
1949
2999
4945
6065
4517
5740
5653
557
7846
3867
1105
2573
9
5674
857
6584
8274
9045
2099
8162
9132
199
9426
2943
1846
3408
2928
6301
1584
7811
6990
9149
7823
1220
6528
3688
8544
2247
8720
1884
2145
4230
2266
7038
1945
6177
8980
4438
9509
353
6850
3276
9887
3008
7668
7672
4710
2107
8611
4976
7613
2297
6624
3036
650
1721
9534
5995
987
5590
9330
5146
8872
2091
3465
8114
6389
5180
5163
167
7023
5248
1629
1783
6007
4696
8125
8252
1486
6758
8919
9939
1650
2348
9104
8132
7534
8332
1509
7646
894
6190
1461
10000
9479
2388
3151
574
2687
7655
5437
478
2809
7985
5609
6490
9520
5169
223
8562
9988
3048
4170
1257
599
9578
8161
655
9564
3067
8206
4132
5036
4019
7011
5306
4423
3179
4432
36
3778
9156
5722
4077
7639
3554
6136
6700
7491
3251
881
4938
6326
5270
3189
562
9187
5338
7488
2576
9608
186
4976
9426
1239
3474
2930
9122
352
8454
4440
2849
5947
2574
886
6349
1789
8068
1546
5717
9568
3256
3812
418
260
5271
4595
5153
7642
5500
8917
1671
3778
5963
8038
9913
9446
1127
4419
9469
8726
7842
2429
2587
7521
3066
5730
6496
9217
7521
8200
3878
1032
6462
7739
10000
3140
4060
723
3612
676
8157
2586
547
598
1444
2970
8564
6562
9352
4622
503
306
7718
814
5152
3713
6216
4736
7274
1235
5008
1474
9072
2471
849
4029
4151
9608
7750
7447
6886
1159
1141
721
7952
1413
488
7535
136
2020
5128
8215
5923
1530
3320
5423
7100
8355
9301
1885
5926
6134
187
7172
1055
7855
3877
1412
2561
1964
7772
4869
9325
3922
8106
815
7539
5183
1833
6106
9500
8913
307
6110
8169
1610
9989
7881
2645
7241
9478
1940
662
1321
9862
6796
7259
5190
5575
7637
4603
6947
7138
9986
8852
9409
9635
7006
6066
1267
99
925
8917
7217
6188
8034
4858
3601
6290
8713
4131
5413
683
1214
3441
6086
7627
4577
6620
1705
5160
9753
5665
300
3753
5030
1400
1298
1292
1879
178
3674
3358
8975
6332
6904
6469
3718
413
2348
7167
4659
8546
5287
6081
9806
6201
5157
2993
4994
8773
7591
6322
9440
4828
2279
1545
5717
4810
7159
9058
7316
5452
5275
3957
3330
2656
2212
732
6935
6935
5307
6146
576
1338
3255
5684
6870
3672
655
9779
9187
6421
403
9993
9782
3594
1601
5077
2366
3031
4989
1803
2861
4331
1809
1771
8382
5747
2024
9142
1876
6416
7245
8476
1152
5661
5505
2934
3486
7840
8608
2167
3695
9599
4104
9658
5647
4501
993
2499
2290
1156
4812
4677
2156
7064
3982
4399
1953
6079
4727
2083
9038
3718
4598
4169
5405
7144
5427
715
6434
2337
465
7097
4432
4759
7912
9192
1733
2857
6920
4042
9016
6385
3624
2535
4446
8378
8548
8304
5470
69
5909
1555
7649
713
8480
4057
6560
1195
2971
7305
5483
5894
4274
5231
7373
7864
3569
6927
9042
261
3089
5747
2546
2774
6636
9536
8639
3621
9765
7462
7647
9263
7393
6350
685
2978
8488
3061
6940
7725
9258
8862
111
556
9434
4414
8994
2201
3268
4279
9355
3903
8404
6766
6214
2272
312
3010
3548
62
2835
8397
9599
3897
475
4785
7618
764
7088
2704
8522
3598
6659
2480
724
5969
5857
6873
6786
7907
2323
1522
7615
3564
6337
4258
7209
6090
1186
5717
7794
6692
7348
2954
5693
8678
1409
8542
5150
5654
683
9613
9800
333
3219
6706
4641
7379
4751
4809
3912
2115
839
3786
4133
5052
1803
5510
8598
3161
1676
6427
9303
4138
2037
6357
3323
1164
5398
1213
2830
8611
1934
2771
2409
6699
9921
9955
8163
806
7497
8113
2303
157
9612
1513
6224
3532
47
9938
636
2888
1649
9400
9139
1454
7921
4589
1456
2988
5030
8736
2113
9827
5514
8842
3869
5708
9774
6069
8554
1939
2172
2742
2970
1408
1146
5676
1893
8017
6754
6609
4981
4689
665
4833
3719
8793
1063
1469
642
2713
8792
6751
9844
7011
6961
7226
1458
893
3169
4443
980
4571
5248
8807
2938
3207
4501
4323
767
3324
8328
7057
1403
1597
5124
6409
3972
8861
1775
8408
749
44
2447
6933
6075
8934
2841
9878
9512
5320
8890
2397
7533
8067
4145
4524
2473
1024
3744
4821
6410
2312
2952
2517
3398
2906
8550
931
5139
6335
9335
5984
1589
4475
9269
7429
5007
1442
1344
1242
3912
7920
6070
9128
5231
5684
974
3610
2453
2881
900
130
2633
9013
6772
6667
6996
1472
9762
8351
5567
4833
7820
7420
7706
5595
7137
2921
5654
127
6257
6624
8000
1353
6832
1288
5373
6072
1423
1272
598
7026
9340
518
2067
5152
1765
6503
4338
2947
9950
9728
1348
3848
643
2951
8074
4047
3285
6244
6481
7405
2306
8680
2834
5228
8437
