8853
0
8639
5603
2939
6057
5548
7330
4551
5477
7275
7203
4465
4194
3604
4484
5254
7108
2485
9986
6612
9279
6945
2726
6990
5530
5197
5352
7170
2158
9771
3966
7652
2545
2557
7422
3922
5725
2073
8169
9209
1164
4424
7505
3921
6402
6317
5536
1882
852
5959
1139
2258
8754
2599
1488
8873
7838
9357
4284
3934
5206
8048
6682
3242
5513
7067
8080
7003
6232
4315
6153
5178
2448
7824
4381
9856
1666
1068
2069
7193
4964
497
4976
7686
1396
8772
1799
5560
5461
3957
5401
478
366
7918
1476
2949
3310
1072
9605
6945
620
7396
2641
180
6799
5469
2287
4262
6224
7022
1923
1392
3129
3691
8928
9356
2474
766
4191
8522
1747
5282
6735
7845
7477
9409
8516
5062
5223
1663
7164
1836
244
7383
9618
6853
4450
6370
7104
1147
848
9052
7029
5861
737
9644
1669
7023
1067
2660
7888
1170
3721
459
8295
5119
5066
285
3354
6656
7929
1995
6604
168
6167
4679
7946
2341
3886
4244
2468
6825
6848
3733
3933
8277
6848
28
5621
9626
3181
2100
5083
7102
7811
5573
5790
8941
4180
4656
1072
9480
8621
482
8554
5828
1247
7182
9681
805
9952
343
2186
6831
6610
2536
5977
444
6161
9537
8700
9934
1812
3843
2239
6954
7763
905
7469
8243
5218
2519
6359
2786
6839
7268
8010
2636
9745
2830
8434
5609
1229
7114
1940
6122
8042
7295
2977
6506
4538
5797
7425
2936
303
309
5973
2564
4946
4176
7990
3921
4201
9784
4854
5711
8207
3570
7231
8863
5501
934
386
9903
9559
5679
8489
5220
9876
5314
9598
9543
8999
947
7148
416
8461
2066
7997
7666
3895
519
4672
3732
631
2508
8723
4905
4058
3866
5924
4116
8479
7924
5917
6987
6089
4384
8275
8539
1292
3339
2475
3622
5649
7495
7862
154
3056
3393
6154
1279
2052
5113
8372
4103
1360
9256
903
4466
5921
1624
9867
7190
6615
2270
2087
5919
2243
8951
9701
1041
3496
6072
1154
3984
1761
9650
1925
8820
7586
7495
5763
6854
8697
7678
9109
2356
2589
9356
7492
2404
6283
9716
3040
6545
7364
2704
8511
8575
2671
6888
828
9653
3216
4280
9167
6519
6184
6170
1917
1518
1469
8913
2856
9770
6044
3027
3674
8779
5023
2691
8526
2471
5098
5051
7206
7080
1290
6449
5849
5669
5381
7389
6249
4947
6316
7155
3714
8658
1700
7960
4521
779
1307
4370
9870
5576
4429
6211
8211
3977
6872
2095
172
7361
1509
9625
9648
2628
4458
7367
7613
3973
1185
3943
979
2510
9944
656
9272
4553
8937
6957
3081
9535
5954
2050
9317
8308
2193
6593
1309
4140
9956
2720
7962
8234
8272
4501
6963
4844
8645
6937
1738
2400
3416
7499
4491
8225
2801
8049
1447
2090
5290
6564
4612
5717
8521
2883
9805
6004
4802
2602
6705
1463
4372
9049
3219
5015
7696
5825
6247
7717
8925
8910
7077
9134
4286
475
5707
6399
4334
5246
336
6994
9088
7419
3590
5890
3036
9261
6343
9362
6644
7057
5898
8642
3568
7996
5074
5258
8343
5984
4984
1270
2445
6684
4239
2404
8412
904
4292
1469
1352
4610
7324
3961
2845
8387
8918
3421
7061
9841
5117
7094
1132
8734
8369
1912
7198
1019
5064
5838
2849
532
1097
6461
4581
2258
3834
5345
7579
6770
9981
5014
1653
4899
5062
7762
3820
2511
9800
7058
1082
7406
4338
2010
362
3163
2308
2325
4717
5861
173
7241
2729
8579
6138
5991
7384
6549
8365
2928
7005
6126
8982
6731
8635
7914
2585
6995
6089
7440
2306
8685
294
3687
8828
4553
4528
4823
4035
7245
3300
94
2607
8048
7765
6268
3666
6039
380
7108
5385
3904
7819
3837
9943
5303
6421
5032
19
3293
3826
4206
7025
7129
9114
6668
8291
9701
5403
314
8684
1403
134
7188
2893
69
3846
8732
8919
156
5261
1171
7754
9489
1836
5527
242
1819
881
6077
7370
2346
427
9203
3738
3996
1671
3415
8450
5816
3502
4322
1898
7213
380
306
1602
888
1252
6178
7350
4793
8227
4001
3243
3311
6062
7970
383
5106
9643
2765
7458
4191
1733
4555
6956
2671
4790
9955
803
3210
6965
7958
6951
3640
3307
951
5118
8073
3894
9175
8635
3107
8260
3248
1353
9609
1394
6396
3101
6654
7706
9770
9295
9384
5947
5753
428
9844
9667
2024
2576
523
9596
6267
722
2592
1107
5190
2856
6389
1866
2025
1974
6485
1916
1600
6219
4956
4302
51
5666
3381
49
450
1868
5288
2704
3531
1772
4737
5106
3886
1501
1071
9338
7254
8176
7437
9678
5395
1190
4489
4450
215
7694
384
4423
2774
2773
3669
3812
6951
1050
1484
3047
3250
4249
6930
2080
1262
4773
2241
944
5146
6098
1630
2211
3378
4688
8103
9444
6173
6562
7426
5082
3765
6376
1820
9949
5116
6912
75
3344
1438
1093
5795
7297
7710
6748
1006
4057
8799
469
5858
2030
5713
1251
7974
2976
7610
355
5405
4658
8630
7544
3115
4486
9203
2990
1100
334
752
2951
1226
6920
5921
351
9449
7104
2314
8412
8308
4792
8941
9637
1019
2114
4225
6899
940
4737
4919
6713
5913
4369
3020
5998
9547
6236
4542
354
9968
5026
4605
9854
769
617
2483
4206
4176
7959
8082
9981
6690
3135
8519
1249
6499
1551
7259
9984
6062
3980
2754
5798
950
3084
7213
8929
5722
1576
394
2514
7450
6260
3311
1632
5724
9627
1896
5645
7690
3009
5830
3533
8578
1111
4851
287
2180
7263
4892
208
1584
1724
470
2507
600
5604
4553
4035
9450
4205
1314
9903
744
3534
2876
8758
8933
5842
9852
9689
9244
6714
7930
5507
8557
6686
8011
181
3052
5781
4035
4486
1403
9471
9106
7141
9839
7040
4770
5676
6775
6027
9712
3983
1150
5567
438
8719
7754
7629
8051
9228
5093
6817
6642
2089
8307
5370
6627
8648
6851
71
8062
9468
4830
4628
8097
1989
4797
9227
3268
8056
2557
181
4730
8485
4274
8614
8043
4006
5807
9622
5555
6945
7756
686
1941
1839
5297
6385
9807
8523
969
8773
5623
5522
9520
3956
400
2531
591
2812
7365
4943
3138
1498
2241
5395
9034
6012
7876
323
262
8985
1396
5171
7029
4167
6069
1909
1977
4711
5540
9232
5097
2447
8168
7112
4831
206
2803
7060
9885
6040
5343
8671
2725
9216
3200
9205
7672
7475
9872
4916
7862
9830
2546
8366
7054
589
6144
2952
3000
9048
736
2185
9137
2137
2362
8616
934
3947
782
7860
2842
4518
5336
1688
3239
2186
7485
9021
3130
8771
7884
6844
101
6503
693
5844
4735
8105
3008
1198
8147
244
6549
9124
3673
6841
5570
7435
8910
9639
1388
431
5517
8701
4574
6585
6614
6603
7383
1497
6808
2995
8841
5849
3915
8044
4045
1343
7192
379
2348
885
431
1403
9582
9966
9136
1927
9327
9159
9022
1799
8853
7829
2540
4385
3698
8742
8953
2048
3072
491
5154
4725
3164
5088
5896
169
6417
8551
7042
7736
5106
8638
8557
4363
3509
7707
5979
6546
5272
3334
5424
2962
3881
1746
3586
9635
210
6487
4264
4622
1394
8083
1523
7452
1064
8522
1149
6882
2685
7712
5334
1460
4568
2566
3501
5490
2277
2070
3954
4493
9686
7076
7285
8728
312
6321
6359
1002
3797
3693
8568
2253
838
149
1569
4968
9901
4141
2456
209
4929
5630
1847
7420
5966
2686
8986
4564
1103
9041
2216
4929
7341
5243
7533
3467
904
1279
6151
6855
4638
7764
763
8225
3441
8777
5576
6715
7474
4335
4759
4312
2281
5816
5066
535
4022
7143
9229
5321
3382
4677
1067
4351
111
6159
6922
639
6917
7363
6333
5768
5202
3380
8970
480
8592
5663
4943
6885
1803
2014
580
1531
2912
5159
6876
49
8754
4572
4537
9467
6628
9206
3340
3034
1376
4820
9516
5046
9917
8007
9742
4400
2
8102
9583
5156
1053
1448
9718
698
1474
9206
6009
529
9390
5985
6459
2106
4999
3917
5920
5439
407
2536
5568
8945
6650
7188
2792
5538
5974
4066
5449
3084
2230
7897
7580
8945
5894
1531
4277
4472
6721
8605
7577
5047
1821
1635
6458
5491
9807
8420
3657
5252
5803
6784
6739
9780
2048
3807
7441
9488
3071
6820
5844
372
4071
7893
9124
1022
9891
9011
7927
9004
4841
4905
6107
708
7436
7865
8787
4612
5437
2854
3926
4504
5129
8476
1170
6877
9544
3134
1597
4192
7406
7111
6298
4722
4087
4245
6145
9036
7727
6294
6116
5930
9241
8037
4843
7995
7341
3533
7483
1874
3006
5523
485
5670
6932
985
2794
1745
6798
5295
551
9899
8506
6121
3186
9557
275
3151
196
4356
9850
4303
7142
3675
5275
632
1877
2037
6392
2124
2452
8402
4339
5794
4865
2276
6492
7479
6984
3942
3645
8755
530
112
6168
388
3742
514
9092
1037
4541
1003
409
324
8263
3416
9796
7855
4054
2794
1344
5289
1798
5878
2564
2902
9400
9603
8732
6194
7832
9422
9395
7945
6835
9459
6744
8640
263
5369
9025
5793
577
2740
7210
5387
2039
405
2603
5671
8482
3893
2322
8516
2151
3814
3320
5334
7381
6514
7431
9538
6327
4612
8040
8038
755
123
2973
7144
2052
5933
1584
866
7947
9593
9012
3997
4238
7277
4722
9456
8937
9927
6347
4296
4157
6573
8704
2892
6871
1096
1877
786
8182
144
2843
8145
2370
2179
8880
3541
5491
1484
8939
1840
2720
6410
1165
7556
9210
2783
5947
1054
1852
1115
2062
2847
3972
3971
3775
5358
8351
9822
1764
5338
6020
9655
4558
7605
4430
969
981
2099
4438
7761
9566
5305
4646
9570
399
5985
6314
528
7278
1297
6762
6836
7040
3074
7441
2802
1776
8486
2544
5913
197
4540
7537
8414
937
1036
5833
1614
3779
450
9389
5574
3707
1974
940
2572
7426
8998
547
4831
2991
7538
4951
9478
4847
5028
7038
8640
363
3229
8066
9053
884
3009
3036
3338
5856
3439
1324
4265
4455
872
4986
3238
4804
7936
2295
126
2341
5972
790
8248
9687
3668
3206
2692
6275
3386
4425
1163
3665
1967
2404
7982
395
6544
3745
5839
1485
5921
1183
3259
9905
1166
1496
852
2009
9809
9068
8711
8408
2949
5555
164
707
5982
9240
3510
5449
8458
3161
1407
62
5656
9086
809
6232
9468
3657
2241
9037
1805
8727
1163
6653
4672
1709
2081
2379
2161
9678
4027
8630
3325
4160
4211
7120
8902
5744
8059
8575
7410
5909
3322
5346
180
6281
3111
4631
9209
3348
9928
8546
5654
9936
2175
7015
6898
6124
6079
4750
4958
3306
7870
1316
2024
4685
6453
9073
2189
2703
1169
8294
2330
7782
8281
39
1042
7137
1127
4523
8756
2190
8623
248
3906
4903
9754
5584
7729
5343
1823
2049
1374
2789
2056
8887
1205
3469
8424
8053
5646
3967
6924
891
9862
3304
9595
9516
4060
5549
5206
787
8978
4023
4332
3623
9586
8701
6188
4151
1078
7553
819
9551
8567
3084
3532
7164
2959
8614
7662
5195
1897
4154
1214
3829
5441
3541
1045
8956
5442
8299
5710
7975
1215
694
4930
2634
7652
3279
9324
5601
626
9535
2431
3070
4350
1719
8463
1145
1128
6135
3130
7466
7423
2176
3691
1033
9290
6586
2709
1210
5301
2335
259
9112
5296
7620
5843
3232
456
5235
296
7706
1158
2710
4507
1688
9719
9597
8863
6926
6774
67
5008
5594
1373
6113
2318
5408
7520
599
5853
6437
8005
8263
326
5102
3280
9527
9109
9026
7955
7522
6831
3220
9425
6868
2167
1060
5855
1671
9697
9515
3672
10
8402
5491
8536
5269
9940
4298
2443
5533
9203
8346
7942
9206
4586
6448
3551
1273
4117
6510
9709
2791
4622
5940
4467
1764
1481
773
1812
1754
2481
9422
9753
3375
7201
8063
9167
3629
5644
1216
2762
9924
8868
794
5833
2813
2181
1742
5868
9607
9343
1142
5944
9110
3377
4672
5503
6248
9672
9225
9606
8564
4671
9355
8489
687
2102
2718
4428
8895
6056
9459
5756
2746
3634
5586
6106
2595
498
4729
2749
5477
8569
6123
9023
5984
4138
267
9841
1843
7001
7122
1234
1407
5600
732
9453
1265
9179
6733
1854
3595
7156
6627
7333
747
28
8628
2357
298
256
5286
2633
3099
3230
1776
2297
6166
7242
4326
6985
3165
5140
175
4432
1569
7959
5240
4679
4409
1297
3193
2091
8134
4811
8374
1770
4119
9081
6664
5994
3325
7906
1081
1670
6078
4341
7228
3391
1144
3440
295
7058
6934
8601
5821
6902
8228
2267
3342
7975
3591
9836
731
3289
7825
8522
1144
310
7593
5258
5438
7978
9851
9948
5969
2546
7206
4805
5084
1190
8457
8655
9164
8964
1150
8041
6050
5218
5007
7878
7866
1647
9391
3219
7225
1979
8711
1417
7931
8055
3890
1847
987
3834
9797
6972
8969
813
8039
9459
5215
1986
9421
665
7285
7203
4840
9914
8423
6372
2084
4350
3729
4823
1121
3451
3419
4340
3811
7473
6835
5637
4611
859
3265
78
5846
6654
5961
9338
8458
9921
1175
6091
490
2909
8781
9277
3943
4312
470
9801
4418
9006
1277
3147
9226
687
2101
1683
5617
7825
6088
2624
8772
9032
7698
5480
6868
7378
3599
6034
651
5639
6179
8746
8847
4179
563
1920
1391
9588
7385
7313
8381
1935
3134
9976
3901
4000
7092
6669
8169
4610
1549
3421
7561
5089
9944
4889
8181
9088
9087
6496
2330
2319
5898
5531
1185
2675
5630
5818
6113
5057
6303
7229
8672
8547
8602
4914
6003
5431
5774
2737
2187
989
9235
1604
7826
9551
3840
944
1759
1249
1244
4770
7425
5037
5161
3802
7297
560
3553
9465
7334
187
6222
878
394
9437
7022
7271
2127
8162
1780
8611
7039
2191
3885
8882
6970
4990
1486
8137
7999
7069
841
9363
5384
5946
5573
6955
2674
3885
521
2786
5261
2357
9079
6280
1525
7594
3325
2275
4619
1772
3047
2068
9559
1945
6739
8718
9037
1089
4624
6865
3634
7349
8478
400
3279
5895
5408
887
1552
8528
6960
8169
7934
1919
4413
7483
5257
286
7252
1285
1598
3112
7770
2855
7338
177
9567
8534
5506
7680
4016
3209
7840
8302
1543
4338
2392
4570
2326
1814
4439
1687
6758
1835
4151
6233
4262
8277
1249
3874
9989
6464
8650
5637
9079
8911
6777
212
7584
5282
4823
7856
8299
5862
7665
7153
4397
1522
4271
5602
7678
5216
6286
5696
3201
553
2421
3426
2508
5073
902
8236
5987
5748
882
4214
2483
1569
8500
2070
8918
4365
5214
2249
6718
3433
972
9197
6393
8279
2517
9599
311
4064
2814
4720
9196
4655
2162
1396
9160
1988
74
7211
4641
5172
9852
6972
6443
2551
4733
9358
8590
2586
2894
8436
3833
1274
1556
1144
3154
2481
2183
7076
340
1316
2793
125
4930
26
7843
5931
7998
3698
2811
4576
9551
5737
137
8073
8944
2793
1845
3669
3451
6462
5426
7890
761
2106
9904
6814
7751
6405
3576
1076
4777
5903
6087
6470
7172
6491
5209
7737
7355
6993
6294
8050
6129
8005
3414
3096
8551
6142
6745
7403
7040
4718
2033
1637
4832
2188
3483
3932
1333
6926
6275
7012
6103
8517
9
7464
5486
995
4952
7482
4058
8837
3314
1343
7772
857
1389
9143
8830
4096
5449
3503
8692
4560
371
7887
6404
2043
6932
2393
3042
1101
8426
714
6262
3036
860
1554
8261
8857
433
6837
6526
7244
8647
1807
269
326
7487
9675
9403
6645
1622
670
5778
1400
9260
307
7774
8858
899
9932
2088
2785
6089
507
3110
2477
6711
963
6969
8643
2100
3782
8440
4034
996
6568
920
2151
4093
7869
4748
6181
2459
1439
680
9927
9991
1572
1429
699
3863
1312
3463
2512
4832
7461
7823
3233
2040
5864
3884
7181
6263
8007
7629
425
8487
348
3021
4768
138
6547
1100
5857
3216
786
6537
8166
8059
3688
4467
674
6684
206
2680
3953
2435
2232
1950
3479
1404
4248
8762
1547
2227
6371
8663
5446
9593
9220
6309
6363
2948
2674
2987
590
8313
6398
6466
8219
7912
7731
416
5601
4648
9058
1006
9837
8382
5907
9046
7290
6992
373
6434
791
356
3567
1647
448
6321
3308
1889
6377
8030
1689
60
7282
9040
2883
580
1632
6756
5063
5619
4853
7372
981
1519
326
7801
2577
1088
4112
4186
7098
6134
5004
8042
4162
9060
3313
6369
2579
7999
6771
3132
943
9686
6352
8525
6083
6046
6637
4992
6108
9768
8989
1894
6325
6656
3875
9785
6378
7277
4398
9500
5748
2931
7504
9339
6622
4013
1685
6581
4324
9362
1995
1942
2534
7520
3252
6045
966
6018
6988
3141
4038
7843
4240
1286
919
9789
6036
6531
1167
448
4820
212
3688
9580
8460
4994
9504
9148
9323
8954
6396
4889
2234
6822
3984
3538
3555
6729
1826
9116
1355
3564
5582
7707
2755
6682
642
9181
5694
4673
6807
9917
895
3551
6772
5988
2175
6090
153
7330
1766
1913
3595
924
9510
283
8553
1430
8324
2132
5698
7714
7973
9891
7269
4322
2613
2452
1571
6432
7043
6993
6028
4375
9935
978
3640
7538
1066
7436
111
6339
6030
1550
3451
1330
6664
1405
9329
2298
4757
7256
7811
6996
8164
222
9703
3400
3507
3269
2003
3799
2967
3552
8217
86
283
8865
6715
6454
5534
4051
6981
1528
7758
1914
2589
1915
6584
8164
3415
658
3936
5189
6419
3671
6496
8759
1553
8180
3493
6890
1577
3292
6995
3597
4366
4204
1918
559
6376
3448
2131
1847
7623
7679
3447
6856
1556
887
1471
9045
5103
4638
1141
3636
6519
2274
7855
7837
254
7473
580
7678
5892
3645
5775
6062
9413
6207
2416
6725
1407
5237
7740
4689
6495
5790
3582
8007
7368
1427
3344
7806
3415
2046
1512
6769
6288
2175
4462
8558
290
3007
8104
8846
5490
9897
3923
6451
8945
5413
4597
9565
670
8705
8409
8720
6040
6601
6940
413
9298
5248
4767
7183
5461
1458
8007
8411
2134
6930
9262
5919
6275
6038
4429
8341
1103
8168
7529
3871
4016
9992
4409
3242
5859
4959
2065
6628
518
7007
84
8373
6996
5362
9399
7157
5078
6243
4270
3324
7457
2823
2886
2960
9396
3295
8473
7114
1094
4117
4004
1971
6345
7657
7361
1778
3269
1829
1565
9752
1003
4348
8
5731
4301
9872
3127
5429
3053
9406
5350
369
6979
1594
3456
8227
4122
2196
2969
3203
9403
2682
4476
6518
7265
210
2444
2995
8620
7474
2302
3664
5123
8449
9359
7654
4913
7085
6371
1481
2893
5576
8517
3592
9652
8296
3068
5726
3388
8299
5130
3133
2576
5744
8685
2755
8980
7382
112
5951
6608
6464
3024
3164
4995
9207
5457
8101
6739
2817
275
2087
2825
6547
2199
5452
8277
5769
6546
4990
7745
257
6280
8007
9137
7596
9136
5688
8277
4185
5571
7991
2378
7394
1539
9550
6963
1076
5556
4597
7024
4117
722
9415
1664
8341
521
6343
7285
5660
5974
5987
9353
5052
6033
8745
3511
875
7692
9316
6214
6426
7346
8837
1497
4291
856
5636
8485
3717
7450
211
6197
2941
1523
3746
4835
344
360
8580
1995
5761
6535
3964
1882
7893
7363
8048
1075
7432
2835
4869
5480
42
4437
413
1180
6915
4827
1847
4480
4380
771
7030
9372
8700
4019
3456
7319
6520
8515
3359
9483
8247
5843
7036
353
4617
5498
7045
7379
8315
5201
8939
3342
3694
4773
1999
2291
9228
3048
1268
6574
6768
7909
2721
1208
1821
7937
1475
1326
8314
5482
6119
5432
1697
8686
8005
2527
1014
3806
4344
2465
5651
9723
8575
9175
1382
5584
6364
6518
7702
3523
7037
9149
971
9117
6209
8517
3524
1322
9126
7873
3270
318
4706
6669
1500
3659
5500
4075
4947
9814
104
5300
3178
849
2598
2081
3936
9397
5040
1988
4681
2500
3088
1686
6455
2843
872
9056
1378
7495
2929
4600
6916
5974
3547
5070
7284
6116
7474
211
5581
2065
1192
7069
919
8799
3494
8126
7104
8085
6232
5282
8241
8203
8089
217
416
1519
9811
2654
7726
9876
7423
4644
5392
5930
9316
7648
2477
9714
4608
8468
1015
3975
8782
7754
7622
4098
6423
7521
6443
7188
581
2849
3752
8301
5826
191
5694
6047
5942
9574
1483
5842
146
3042
9806
3672
883
6476
2246
7724
5393
449
6007
6314
3050
1747
7909
746
3894
8855
187
9069
7505
2736
215
9134
8341
219
6345
3849
8233
7481
6872
1958
7857
6810
2667
8518
316
1032
4151
9793
8700
3758
7939
2656
2806
5783
5520
3921
9651
5084
6848
8321
550
3433
151
4979
7565
7519
6960
1546
2991
2584
5718
4347
2959
8582
1062
7185
878
190
9021
79
5694
81
7964
9825
3698
2276
1455
5742
5132
1042
6792
935
3481
2759
3953
3829
8711
784
3044
4250
8548
7074
537
4770
3291
9530
9557
7227
6757
9265
7835
3952
7757
375
823
2847
6317
8394
3485
2707
3468
6381
4610
918
1201
2322
9460
2566
832
4460
3337
6867
2715
2487
9745
3788
9524
5394
78
1798
9069
9001
7663
7579
6833
7598
8222
1944
4429
6272
3068
8849
6783
6759
1514
7413
3806
1426
3484
4979
766
8735
6492
1351
648
3078
7684
7606
3844
6370
9845
4780
6481
7667
5206
2939
8521
1357
898
8684
910
7113
4913
556
7888
3586
7348
3284
9948
8116
1457
8589
918
7421
1356
1802
9655
7912
9162
3773
4806
6782
4334
7155
3714
3185
1527
6986
2650
4382
5976
8456
3594
7794
4974
1646
4055
6320
7822
568
9147
8985
2446
9854
384
910
6451
1585
7747
7820
5543
1573
1403
5381
7851
9756
1921
6400
3607
7837
9108
9818
3200
8172
9624
580
5617
1036
5941
1550
1939
7404
192
3509
5219
3988
1419
8078
8744
3991
3223
976
4331
4869
3460
5807
6198
953
7411
2034
6703
1484
8491
7703
4756
705
6027
5775
9706
4662
4750
6676
4774
8552
4559
7155
7840
6609
9458
84
1869
9725
6147
4621
441
8991
7897
8256
770
1815
1773
1272
197
2030
3803
8722
3198
7231
5711
6730
1215
1761
6893
2994
2512
9316
4176
4743
3929
2708
3773
3449
7477
9064
3938
2099
7095
4522
9496
5538
5259
4516
9366
3866
9181
9877
3907
5495
9498
9259
7143
8549
6174
5802
9450
198
9842
2229
5919
8259
5290
9584
5012
6016
9617
3227
7639
8397
6272
7305
3089
1283
3222
3912
4338
9499
8475
5068
4307
1174
6050
4970
7491
1178
5520
6907
2233
9572
1691
2128
2587
4205
848
7759
9851
2191
4194
9680
6973
4241
7941
8350
8063
7674
2163
3509
9062
8091
7191
6471
283
3913
319
1116
9686
6525
6932
7453
7881
5805
8371
8033
2885
8783
1678
7685
9093
8875
5555
8195
2427
4757
6148
4116
6707
4756
4019
6163
5174
7549
2561
4583
1996
9643
9464
9101
8515
4307
1347
8921
6042
9140
8712
9613
7393
1250
2390
971
1448
5081
2758
5868
7206
978
3951
8458
8482
4170
8582
8286
7809
3680
9753
6364
9694
4306
5192
3307
8244
7323
2085
9101
4851
9675
4611
1803
721
1519
5489
888
4925
1482
5236
9792
7310
6535
7000
9745
9423
2963
8705
8622
2514
1678
3654
1578
1349
8708
1397
765
3254
2888
5073
7298
501
3347
9070
7313
2456
2347
3208
5974
4396
5015
39
4926
2356
902
7862
8218
9810
9957
7497
7103
43
519
5748
7886
4658
4848
2030
6576
39
6445
856
8366
3872
2016
9273
8744
5418
7183
7280
3930
8058
2258
6783
6692
8107
546
7748
7088
3813
3892
8852
6858
38
2910
9979
9748
2368
4513
8693
1364
2167
9514
1328
6869
5220
444
3840
1113
4260
5278
1615
5462
6204
1424
2208
5247
5797
8353
7744
4268
4841
9911
9102
1361
6210
7079
3578
1656
3861
2940
4564
6042
2530
5931
684
1568
4722
5298
2289
3500
8284
2421
6782
8952
6726
1221
490
911
2736
1239
171
5995
565
6005
3264
5968
8665
4006
9097
3127
7263
6310
6691
459
7279
5873
6786
5120
7696
6196
2756
3824
2329
4878
6082
9666
5327
1509
9414
4682
1183
7777
242
8760
4631
8637
7060
1919
6800
8709
5214
4286
3801
811
4914
3046
6768
4356
4910
5538
1596
4103
1764
1403
9843
6693
7646
1638
4128
6329
3951
2366
7347
2983
6293
9329
4721
7102
9728
4498
5233
4502
2694
7613
468
7350
6220
1670
3678
6197
613
3041
8378
4248
9900
9669
1749
9879
3855
6883
5494
1859
4404
5067
2513
6808
241
5991
2174
7724
5448
730
4477
3160
6577
5901
4520
8076
4861
5203
6271
1516
5544
1198
814
2872
8032
8499
6260
2097
2852
7304
6863
5856
8810
2532
256
5263
6943
2758
1038
6295
4987
8017
4433
738
366
3046
9708
881
7307
300
1807
728
6216
9929
4907
6935
2832
3499
224
7581
7866
8512
6152
5487
9906
7712
4838
5260
2406
3301
636
2880
2786
2193
7798
4475
6976
5686
8476
6786
6064
1595
943
4730
9209
8698
2216
9955
1774
3119
7995
939
9227
5541
8458
470
6416
6721
2425
5162
7282
4875
6407
942
3753
5426
2380
8666
7216
9325
528
897
9708
6419
1049
7837
1702
1267
5898
7757
480
770
2703
4404
9737
7303
7004
154
9295
1060
5018
6405
3576
3409
7138
3628
7355
6381
753
4649
100
4995
7377
4568
6304
7006
8023
4099
6885
383
1038
6111
6812
4522
4535
335
3284
9952
5759
9711
5194
841
8505
4618
1116
9702
2566
8569
4559
7541
2725
5683
6696
3845
1298
9938
616
4416
4189
7788
3552
360
4336
661
4142
6178
8646
6116
6389
8233
4709
8538
8468
9680
5825
3625
2142
8935
9043
1607
1165
2067
1806
814
1580
8245
1977
570
4396
2575
6972
945
2019
8771
5047
9109
3921
6241
4455
9455
8367
9401
8698
8705
8825
9680
4216
1870
448
635
8319
3413
4785
8488
1005
4805
4654
3820
3135
2057
5857
6626
2019
755
8453
8794
1901
4499
2248
8491
4132
4428
7340
9828
3306
3471
2564
7970
70
1031
1401
7807
8324
2038
7058
6516
5451
1408
9559
9046
6175
1579
1908
2319
6167
1641
9064
8815
8081
5362
9342
200
2465
5129
4895
9379
8848
3149
5377
7533
6710
827
6924
8888
1125
2704
1087
3498
8630
2911
3206
5749
6085
6056
6346
233
8786
2210
8885
6008
4186
9086
1179
7215
3497
3397
5373
2209
223
1589
5349
5262
833
3741
573
5279
3594
8650
3585
8985
6181
6622
4692
54
8676
6904
8420
4291
7780
4273
4467
393
3289
3323
4035
4192
7370
9489
7431
2620
4653
2232
4203
1509
8099
4115
3714
1428
797
5139
9688
8236
4627
4606
4162
6157
73
52
8648
9179
4990
9185
7924
929
9137
2804
7624
8197
1924
3179
6127
8668
7464
3390
4926
2236
8201
4772
9695
7634
2734
3609
2563
285
9945
9629
5347
3781
7210
8090
9189
4487
7424
5200
5266
4237
971
3478
377
4575
7524
3709
2063
7656
1696
6676
6047
3443
4978
9614
2949
7804
904
5421
8186
3318
2604
8499
6370
5164
963
179
1605
2446
9387
4550
7286
8957
1877
9814
3826
1903
3316
1992
1299
5089
2117
5484
2212
8965
2511
5651
9237
5948
3059
9403
2022
5749
9341
9525
8783
4604
5558
7821
939
3083
6969
8812
6312
2451
5472
4738
5442
9141
1991
7925
6022
4746
1055
1772
3642
7339
8841
6694
1757
4609
6065
581
3910
5902
3270
6087
5216
6931
7985
1286
3824
5378
8556
8811
4905
8852
8284
2707
3739
8471
6102
6976
1797
7757
1942
8726
3324
6164
2878
9327
8984
5397
3106
1334
672
7045
1405
7520
9385
8064
79
6311
4773
1151
4389
3471
8653
3739
4211
5807
5443
8533
5840
8682
1453
1601
9473
8163
3092
9911
5633
5914
8194
3180
9463
2594
7037
601
5663
9670
105
6381
8385
2233
9592
1533
372
8025
2675
2908
5529
2207
3811
4703
2819
5399
1602
2565
3255
9506
2504
9802
1784
1895
2595
3673
9518
6821
2630
8591
9028
2556
8591
9904
4626
1681
8670
8393
6972
9990
155
6023
2662
8253
2159
9138
5435
6655
2846
4746
8125
5749
7797
5210
7563
552
1248
5453
6190
997
4536
8753
3820
4043
4780
8983
1735
6991
3400
5686
5193
3259
3778
3718
3597
1913
1507
6312
8530
2436
2655
5921
356
4850
3115
1861
813
9073
1207
6992
2727
1875
4945
169
9060
6943
8575
1300
4298
3682
6630
590
7423
552
8855
9
1827
9377
2899
5254
7673
4015
7664
9953
7057
1096
2052
1710
333
8576
8620
1986
7983
4800
3271
6916
5798
9905
6792
4253
2696
1603
1744
7737
4949
9282
9064
4148
7656
7040
5241
6216
6982
8390
2485
7737
8888
6743
5862
1797
9448
1807
6373
9310
4313
2379
4544
4495
2454
4822
583
6192
8258
8353
1987
3022
8174
6342
2081
8164
1990
8786
7588
3688
3495
7952
3740
8454
8223
9477
5184
6725
2191
6980
6698
3450
7792
5858
7405
8393
1088
4318
3532
3222
7104
2694
7188
3755
1486
8593
2822
5856
2974
2421
9435
3041
6336
1202
1449
9777
4569
597
9353
8224
9239
2386
6894
3433
4720
5094
8679
7149
764
8237
6585
4424
1865
5911
6088
3756
5193
7482
6110
5569
571
3464
8946
1740
161
7953
667
7540
4425
9879
2378
8731
8643
5287
5341
4819
9983
2288
8010
8142
3146
238
9644
6376
9760
3136
1285
2210
1888
6524
9278
9902
4194
6970
253
4169
7189
6631
6550
7520
6285
502
8260
7878
7210
2867
1298
2118
1721
1582
9144
8945
8358
2154
7685
7843
4707
6242
5617
1671
1125
9677
543
1404
8611
3622
4087
9062
2134
9111
4278
3415
7027
7465
3633
2051
6428
3255
4041
1726
775
282
2330
2408
7507
7140
643
7173
5264
7964
2354
4831
2459
9472
3637
8178
3820
6753
9981
2186
5764
1851
5392
5627
2007
4323
4614
9268
5745
9472
6139
9724
6504
441
3976
3961
6423
8293
205
2560
3116
724
6542
3160
5630
1502
7947
3941
6615
4728
4902
1467
7812
8905
4968
4575
1598
4288
6063
9168
7490
5667
7463
4969
8752
6038
3455
4680
7247
9780
9721
6817
1516
7013
1922
5704
2375
1233
2647
7823
1411
9751
2507
7376
9802
2138
6123
5515
6816
6156
9791
9785
5239
4441
2964
1726
3195
8377
9088
5193
2893
5348
9632
5187
6787
4446
3399
8243
3914
1194
32
3915
7160
9136
6631
9040
7301
2187
3062
9038
5670
9078
1292
8709
5296
6322
2300
2234
9175
5027
7569
5221
5702
2149
7227
4874
5299
5685
9967
2403
2451
3859
3261
7692
9605
8213
1883
8668
1315
7029
1376
7046
6885
4245
891
3173
928
8669
2974
7394
6646
2407
8571
3548
9773
2536
523
6131
5362
7530
5501
4705
8230
3557
5180
7943
2477
7613
2789
5560
5867
7668
9250
3635
5948
2434
9470
4963
4923
330
1763
9839
7751
940
7707
6373
3241
7222
6264
1246
9495
6277
8506
1286
7380
9920
8210
4213
9757
9891
1206
336
5672
6978
803
3381
3966
4764
9866
4643
7404
8241
9972
9564
8750
4276
5634
8301
4855
9687
6021
6971
3874
8713
1122
8702
6406
637
9937
2194
4101
1334
7921
9177
8770
4317
235
1566
1109
825
9718
7836
9461
4475
7741
9539
7849
1266
1120
1393
344
6492
583
2161
8414
8849
7319
8472
2037
6535
5447
8074
8096
6006
389
6701
6962
2658
7107
138
3161
3517
7561
2666
5561
2888
5278
707
8449
8316
6365
8466
2951
352
8387
3142
4939
5450
56
1938
6988
9391
7615
7006
84
3190
937
3370
6634
5272
3230
6797
5792
4254
1673
2872
240
8556
4858
1963
8706
533
3368
8388
5375
3153
1941
5771
4486
3799
9473
4172
3374
4394
3162
7275
1684
7626
9278
4105
5326
891
6553
4908
1038
2241
8458
6130
7738
3267
3964
5743
9644
9234
3084
7342
8669
9266
946
5680
1746
6743
3002
2021
9453
1107
5942
6919
3271
1161
3855
3326
7371
4279
7234
1040
4678
1597
9981
4450
2551
3266
5151
559
4545
7837
4279
2347
4249
2371
2518
1388
5029
6880
329
2205
3030
4983
9173
7346
9031
1793
4986
9398
6287
9622
8591
5609
1466
9478
6928
3799
1292
4731
643
6753
629
4307
9027
8374
9722
2615
624
3325
6709
6765
2268
4953
644
5445
4196
5165
6993
5750
9491
5464
8028
7664
6992
5673
1052
9449
2612
7888
1982
4308
6061
6306
8599
7974
313
5907
7341
7289
2124
3507
207
7650
1229
867
9992
5396
8431
1634
3520
3530
1547
1949
5850
1772
2796
160
6778
6130
9323
4249
7295
7099
2752
8010
36
6673
8073
7465
5572
8656
4922
4983
9665
159
7631
4360
347
6403
7290
1121
5400
4309
7562
3496
4736
4051
9436
9317
5291
9914
2710
991
1913
1324
3407
109
1785
9529
4842
3267
263
4834
1294
3769
5917
9094
7331
7740
3340
2163
2150
8341
7415
9594
1871
8390
7178
5524
7949
5683
5058
1355
3096
86
4221
3651
288
3994
7439
8943
6063
640
2590
7188
8695
5633
4098
5946
5454
8828
2647
7227
5965
7673
8853
1809
6222
6898
2678
310
8882
2668
919
3457
3312
4230
8647
1233
4400
6646
9169
8540
445
9168
4169
6594
8062
6398
7317
3819
338
527
2441
7355
7935
4335
3512
985
7498
7210
4560
811
4492
8799
250
5248
4368
5825
9823
4153
1022
5915
489
2146
8910
667
7440
7758
9452
5375
4647
7888
5932
223
7084
3186
4816
2333
4061
4989
6450
3689
3067
2505
4393
4188
4554
6413
4822
2398
1637
6740
7609
788
8760
8834
4431
2572
5864
4122
3968
9454
7915
1167
2032
4563
2041
6133
5591
6176
9802
5901
3113
9593
8173
4032
1464
9122
1261
3515
3449
4641
2897
7093
2225
1853
7195
6658
3466
1266
1653
8871
8410
3883
4708
4291
3087
3842
2155
4748
8669
3935
5795
8897
4140
6327
2207
949
3467
9717
2482
3263
9243
670
7486
4317
5199
3349
1708
8112
871
8944
7566
9512
4190
1153
157
5687
9262
3729
4447
746
9633
387
7149
5322
4987
9106
4688
8465
1482
4446
8917
3292
1877
2071
4684
1334
8506
7860
1037
2137
474
5885
8080
3190
7
8094
9024
7398
4162
2656
5815
9803
1384
3938
37
1107
5601
3051
8156
2316
8775
8532
203
1133
47
4378
7733
2895
5392
553
4920
1486
9792
1247
185
7928
1951
4098
6596
3201
3212
3938
9617
9839
2467
3730
9359
4291
1432
1327
3521
6572
5720
9642
3706
5619
7674
5160
7189
251
4644
6074
9029
4532
3011
9280
3809
374
5239
4455
9067
3126
685
6306
6937
887
234
6520
9570
1634
9566
1751
8757
7264
1950
9844
8894
4607
6690
6249
6626
5446
9536
4102
42
1542
7601
9483
7952
1059
599
3156
6465
9558
4073
8310
9335
1715
3189
929
6759
8878
7996
3792
2666
2438
3740
4449
6258
7321
7641
4067
8567
4491
9000
3859
7241
261
1512
4777
1588
9782
9009
6186
4587
9001
591
1081
2214
6873
8584
2466
3712
8600
4312
1317
7947
9163
6877
757
3704
9611
4122
2131
7354
5053
5808
5013
5339
1922
9370
7586
4383
8365
7547
2687
3697
131
778
1611
5016
6216
8356
343
9181
6657
5658
5019
3822
6684
5165
2061
8938
9879
9596
44
5128
566
4436
6715
7430
2202
1611
8874
7350
374
8937
6057
5956
376
3215
5940
2559
1791
6295
7153
7567
6247
6976
7401
4814
7824
3696
9950
863
6588
819
9318
3241
5613
8575
5605
6504
3207
8021
4668
819
8660
3114
8490
2480
1401
6844
3754
613
7020
7586
6554
2005
3412
462
4188
3030
6120
4585
1402
2474
9756
3363
3637
3816
6729
456
3393
3463
4598
2426
4479
8977
9231
6433
7950
7161
2333
2624
3362
5980
625
3081
6398
434
7789
5422
2905
7841
1668
9204
2151
9680
2344
176
65
673
569
7660
115
8269
5438
5697
5913
8404
7320
1116
2223
2350
7423
35
7721
9309
3121
2008
4106
2033
1696
8149
3445
6158
8017
2994
5269
9959
7938
6543
788
725
9195
4427
3316
6540
790
7542
1654
5027
3718
2822
8388
1142
2660
1554
5244
9398
9058
516
4325
2445
7788
168
3736
9566
2386
7589
2097
6567
6187
8876
8610
5244
3114
8599
3097
9552
3269
3537
2303
8829
6103
2385
865
1546
9619
3554
9876
5623
4550
5699
3926
165
4031
9302
6701
9785
2823
5473
4632
5570
7409
1067
3962
5604
9305
446
2343
5660
199
2944
4871
9388
3940
7607
3476
4220
4975
5655
5084
5632
6519
7138
2901
2964
8200
6294
9972
7450
624
8533
4264
7812
6130
1553
8386
8801
8247
4966
4768
4023
3031
9162
6891
4025
8750
5446
7184
425
8695
2471
3660
9647
366
8633
6360
508
5438
3402
6664
2429
1896
7764
3537
787
3795
8634
9394
6037
4327
3277
2940
5380
3474
1593
4925
3024
7951
9817
7090
8933
6906
8600
4987
2005
2780
126
6960
9740
7046
3535
8751
7838
2630
7265
7504
7880
7888
2816
3970
1181
1002
5953
3687
3309
72
7271
3637
4285
7861
3519
5333
6629
3641
6764
9959
6004
7294
2734
6447
3737
7119
1849
2295
3711
3329
5114
5131
2486
5920
2176
4839
2564
6107
6375
9138
1171
8418
390
440
5898
1170
8801
4692
5851
5958
659
2677
2489
2142
7790
4043
816
9892
829
9881
1230
8721
9307
9561
1438
2260
2170
2399
8954
8443
1046
9608
2426
1630
4589
3646
6222
5564
9603
8557
6088
8813
5865
457
1018
8375
5906
6864
6290
5350
3687
677
6923
7007
978
8599
2027
3872
7735
4356
5799
5294
2509
8156
2788
3215
7116
7730
375
4057
6780
7965
286
4681
4873
689
6732
7421
6827
5141
8152
9247
9551
9667
2323
6567
6600
4162
7413
8692
6077
113
5173
3123
8080
2599
6600
7230
6309
9103
6102
1800
2474
1226
1433
9837
3433
128
1343
7781
6511
5133
4057
8595
826
2731
3207
6991
6353
8815
8887
82
233
8126
9043
2046
5866
5413
1895
3968
2142
5660
495
197
7650
8190
3886
4578
3612
7858
9238
8311
2983
9630
491
7582
3210
1820
6385
3828
3749
3946
7411
7766
889
2140
7991
4303
2447
6954
1840
849
7475
1689
9763
9832
1074
3727
459
7542
5480
8499
20
6644
9322
623
1473
6558
7554
2430
4026
743
3348
4726
8932
1173
9108
1636
9190
7407
7157
5662
3861
8899
4376
8058
481
860
4858
70
2405
1991
923
2456
4585
9769
6521
7916
6830
6157
8256
5279
7806
4970
8203
6477
7102
8811
4463
6690
498
5112
3154
7962
6549
6237
5777
4365
6522
6695
8831
9031
7785
2008
3022
8845
1313
1625
2865
5658
3515
1225
652
1708
1647
4172
3175
7616
1627
1777
1533
358
4169
8541
4542
7736
5420
4592
8751
3264
1624
216
4126
3637
9322
8373
2345
9044
3646
6880
3280
2969
2092
3781
9256
4286
1589
4490
9424
8897
4896
6704
9238
4513
736
9819
4838
8292
5548
759
2187
5888
8157
2118
8590
8749
5072
5316
7924
1804
6780
4180
273
9612
3977
7902
4635
6051
4001
359
7675
7708
7123
594
6922
1766
9263
7547
1969
2054
8090
2768
838
4461
7715
3730
4349
8016
9919
4184
8251
6421
3496
2559
1371
3283
9216
7956
7322
3693
6258
8246
7221
1199
2781
6737
3555
6349
4837
1271
2393
7685
2613
23
5240
2680
1879
4418
4694
822
2541
6600
6591
1538
9348
3552
5786
4150
1504
488
2436
613
9991
3222
4320
5793
716
3922
7136
3450
475
5604
1913
7510
9248
4760
2304
7374
2281
2908
8255
5760
744
5425
6551
9786
7360
1976
1338
2720
3652
3961
2845
5977
2865
6091
297
9508
2164
2358
6619
377
1343
3535
1065
9558
4997
4253
2829
8202
827
1777
9798
1613
5754
3764
2683
4299
7415
3805
8556
2636
4451
9191
7174
2414
1802
8860
8905
1351
211
3900
1992
1363
3479
3689
5662
700
8268
5014
8739
9141
6710
9999
5777
2390
335
2067
8117
8929
1731
6722
8045
3929
3662
7465
4033
3453
947
2819
8061
5888
1819
8485
2087
3909
9332
9
5413
6887
8585
186
3318
9566
7738
9245
9672
7367
7466
8495
640
6972
430
6831
3480
3907
3065
9025
5709
1138
2025
9366
3215
2415
599
8990
940
2248
2426
3243
8646
1276
6713
4486
1490
4001
954
6923
6804
9515
3614
6721
2291
152
4281
9104
6300
60
9591
2550
2831
3718
7593
5487
5691
615
5993
576
6400
3026
2600
5137
7025
7344
7282
6723
2492
6748
4989
9905
4044
2691
1811
944
8831
3289
8298
4654
7243
607
5684
5875
9930
8923
3211
8633
9110
1702
8098
9630
911
2352
1016
664
1478
8310
5362
5322
2619
6591
7414
514
4191
1206
9966
2179
8351
5723
4510
1709
2908
4283
167
1478
1567
4676
5099
6374
9423
1294
2650
3595
1890
7274
7728
7474
126
6490
2038
9249
2266
2953
1521
6700
817
4707
3807
9424
1915
9467
5435
533
6615
5409
1734
5297
9257
2512
4235
5656
305
3140
4936
2396
2296
2943
7275
9277
7022
3348
346
418
9133
1414
6337
7687
6735
1540
6454
5442
1359
4818
4212
6509
14
2977
5619
8270
5922
7382
8370
9423
2418
129
4535
2051
4686
5961
2786
7994
6363
1955
3427
4281
3723
9749
6103
7842
2788
176
770
5139
9398
6476
6280
9613
7849
6295
5282
7525
5237
4870
8548
1989
8554
7808
8738
5442
4064
3513
6064
2194
39
7356
3092
5898
3949
4545
5582
2403
5378
3728
7397
6284
3901
6026
6181
4278
3135
1392
6734
9211
9403
6133
864
266
5141
2105
3908
2131
515
5132
2363
6452
3461
1823
7503
8773
9530
6056
1926
9881
6393
1100
4342
1487
6857
5744
3838
4741
2439
1985
8054
9665
1822
6742
3279
6050
8005
8309
7406
4241
7173
5100
2729
2451
5765
5109
1967
6796
5946
5479
9277
930
5974
829
5734
6011
7793
7879
3484
7618
7817
390
7564
1307
9201
431
5051
8277
3387
1033
7146
721
4471
3717
5142
710
8262
7771
1130
4303
6203
5553
2953
9068
4645
2721
9981
3502
2873
3005
9680
3856
8219
1982
4822
2232
9510
9346
9110
7510
6353
7435
6784
803
1227
8425
3000
8162
1255
7515
5509
7913
1907
5051
6713
1321
2675
3179
6584
2159
6718
3338
8764
487
1116
6796
6059
8678
1950
8795
827
666
4153
6770
2555
9496
6780
3385
8220
6311
700
2594
6717
4628
2476
5736
155
835
9025
2909
928
2174
5773
6999
3909
4946
9612
3822
2454
438
9307
2672
4667
9544
5660
4247
9150
3878
4444
9540
7071
2688
6278
6586
7103
6347
2002
4410
9221
9386
5459
422
1383
1351
2947
9422
2013
9288
7288
896
5153
639
8184
5522
4765
738
7464
4806
5077
9306
8073
9659
4628
3672
329
3612
3989
6550
8808
2010
4443
6313
4338
6675
1445
3668
3036
5995
4460
8233
7211
6587
3428
3219
2989
450
4989
4939
5575
8060
6023
2193
1543
1792
6580
7340
4149
3942
2283
773
8648
5712
9576
6597
1469
991
8629
5267
9612
6030
5658
9597
7884
6632
5497
4719
7819
9101
8633
7200
3582
6384
376
7613
2493
5705
9610
6731
9035
4737
1978
910
137
3185
1591
3110
783
9761
1211
5269
8565
8788
9500
3760
6504
3145
7507
2103
6607
7557
1968
1794
5664
2883
8780
9808
8225
5078
6013
5883
9571
4962
4679
7218
5262
7970
7008
5061
5599
8919
7700
4584
4867
9890
5514
7123
2308
3612
3138
801
6004
6021
4513
5236
5324
9635
8273
2743
2248
1432
4637
9671
7508
2895
580
2005
7994
1978
2344
5075
3139
654
9174
6280
7372
9291
7917
8541
415
337
9716
9258
1414
4029
6519
6898
2305
2297
4559
2343
6031
3538
6266
3097
1030
4133
2451
2000
9176
738
7513
4453
7874
5683
7052
4579
3824
5355
4586
3381
6246
2964
7721
9568
4110
2591
1270
3765
8959
9816
5845
6052
7174
6885
5503
7116
7073
3427
2345
118
3087
6271
7754
84
2685
9392
1057
8722
7222
7805
2723
118
3663
6409
3498
7487
5011
8597
2871
2796
4726
452
2784
3754
4824
6620
9810
5183
1834
651
8660
5526
1537
3812
6366
9752
5205
8272
2958
8211
7118
5854
4188
1475
9497
3128
1182
8159
4801
7375
2789
3920
5943
8130
4615
9061
6150
7022
9049
9521
4026
8058
5643
4401
9433
5683
2389
4334
3091
3323
2274
6749
8749
1595
4665
5312
1102
1110
2215
7610
1652
8850
5409
7734
4527
8192
1824
4146
4047
1601
9801
1492
9035
1590
9434
4717
1562
4938
1111
5472
1482
8664
8268
6530
4551
285
3419
6227
9279
6611
6112
6968
2694
5704
9485
3249
253
4570
2895
7014
8584
5351
562
9778
1963
9119
9003
5470
2784
4288
9688
4642
3738
1057
218
6482
3035
8712
8665
6473
9591
717
1235
9874
2785
575
8108
961
5422
954
3876
4053
7923
9714
7191
3837
7470
4350
3870
5528
3249
9745
9059
6967
4487
831
2954
9158
643
1647
8689
6874
574
5183
1640
2126
8648
1261
2472
433
4782
8450
6313
6122
5444
5817
9324
6579
1130
5823
1567
7209
8220
306
6382
1934
8659
8895
7363
7527
135
435
210
8190
6713
4992
1096
2617
9542
5203
6322
745
6282
5977
3972
9331
6313
7382
182
9888
4870
1044
1142
6767
3410
7081
1154
759
3036
7373
6027
2100
940
5984
9140
6454
2809
3147
8749
242
8541
6656
4203
3581
7005
9959
9063
8341
890
6997
9312
1752
804
3201
9583
7629
3730
6010
988
858
7086
565
2834
5752
9943
2274
8649
1479
5557
7238
7577
8990
9689
2491
2418
6578
4237
5905
6339
6606
1937
899
102
7061
2334
9649
6995
3579
5507
5992
5748
780
2855
8243
2777
6955
5994
7224
6552
2263
4732
8529
3434
600
4796
148
5708
6254
9893
2196
846
3539
5221
9623
655
446
8469
5063
1560
5574
4339
9031
8143
3263
5588
7809
6713
8906
862
2005
1880
5675
8330
9857
914
6964
5140
4145
5959
9976
3640
7787
33
6020
7054
8954
2564
3067
1580
5614
5358
8462
319
3879
5088
3252
9119
2273
2953
6010
4689
3744
8898
4146
5891
3019
4919
5527
3365
2750
7719
6358
5527
6714
6237
9631
9068
1837
4782
150
7751
3587
7690
9345
5279
5404
7941
1970
2666
877
3407
7173
5769
7499
4837
6102
8673
1398
4874
1452
4959
6681
893
2441
9854
3164
3565
5154
9951
9125
7227
212
933
9393
2290
9651
1349
777
5744
7309
8790
2791
3877
1125
613
5780
408
7018
2098
9448
8012
7758
1786
7151
4884
9480
2491
1219
9992
6692
8630
8694
1781
6414
4004
7070
4078
2917
3607
381
825
831
771
4650
7315
9506
6609
3318
4582
9403
289
8996
6630
7593
3929
5029
3854
7231
4272
7238
7989
6884
5342
1326
2726
6888
9522
518
1844
8975
5398
327
5011
9860
5390
4860
5955
9375
5842
6844
6020
2928
1674
2280
7220
5094
1148
4913
1222
8016
2093
35
5251
1374
8976
9210
3229
5308
9164
5645
7916
6037
1990
1674
6262
9970
6466
6808
9035
4873
4721
2943
8655
1761
1030
4596
3193
1361
6349
4169
7738
2750
2065
2635
7043
5548
3311
2149
6034
3762
55
8695
1594
6561
115
6644
5959
9947
9485
6328
1539
4957
9604
5304
4940
5267
3900
7669
8525
373
2463
2787
10
3652
4168
4875
7809
7347
925
8494
5567
7746
5596
9133
6135
8309
9852
2554
7605
7955
8933
127
9846
1338
9435
7423
9970
1684
4300
3148
7903
9452
7295
8639
6225
1315
8052
7261
8530
749
5234
9578
2660
2772
4448
397
6884
4768
9229
8679
7688
8602
9322
5372
5374
3424
2088
7982
4587
3164
4878
562
3040
5850
2692
248
8172
1404
9298
6733
6864
5097
7361
5912
1860
270
1701
7911
6903
3771
1819
5852
9172
4879
6350
5180
3204
7479
9057
8903
7416
134
120
8510
2060
9221
4030
1645
7204
5174
5780
2782
7446
6615
4677
999
9227
5642
3977
3738
7232
810
7876
9238
7185
1863
426
7590
8613
39
6133
45
7776
6160
10000
6676
8796
9925
5187
2744
8845
2728
5746
4891
3263
338
9485
8324
1006
112
8868
6457
645
9739
4587
3834
7464
9856
4739
5677
7559
8875
892
1860
1879
2196
3489
9647
2235
5854
5525
3719
2082
1485
1696
1699
6661
5722
8159
3423
6255
5664
4436
5178
6907
8664
7897
7067
4113
1171
5333
4095
5850
9546
7400
2091
6585
995
4375
9878
6907
4046
844
5088
5905
8284
7473
8308
5989
2395
2781
2355
6560
2739
3978
6934
2783
2838
5983
5916
9341
7290
7112
4224
8518
3518
4526
8172
3695
874
5205
3471
2463
89
8055
2592
3537
9853
4424
8717
2989
8259
9300
2213
1250
6719
9053
7162
7555
1899
3201
9691
5166
8539
8290
691
7908
5695
4806
3372
1891
2701
6208
6321
3508
7876
774
2570
4293
8074
2045
3418
9256
1143
9476
8218
2772
9575
6291
8127
4429
7508
1331
5049
5968
3460
6306
2729
2696
6082
6032
1389
989
5514
3648
7976
11
2969
1693
9554
1724
823
816
6557
6031
5123
447
3293
931
2066
4210
789
8341
3334
341
7929
7207
6803
8006
3170
7614
6180
2625
4744
7156
7746
9472
8744
8399
8553
2768
3161
4700
1935
4099
6253
6716
6672
3878
9176
1764
39
1999
3080
4177
8038
8617
8832
355
3394
1215
6085
2447
3910
8269
6227
8226
3964
683
4171
5206
6186
7805
4721
6256
6951
3381
3537
8293
7503
8957
9544
9762
8497
8090
7348
8428
1136
4569
4521
1353
6251
3618
9793
2413
8659
1471
6548
6700
290
463
1213
371
3245
3424
5023
6180
6770
8160
780
2205
1823
9208
3665
5154
6244
4036
9804
6709
8931
9616
3315
9316
4765
6772
9175
3778
2673
3626
602
4463
861
2645
8834
1702
8469
2441
5
1722
84
5446
9818
3675
6372
3971
9716
166
3132
3177
3818
5903
8146
1469
2500
6249
3356
554
3058
3808
4180
3566
5132
7902
1459
3570
9834
2735
8700
338
5233
9924
5652
5
60
3518
9909
8812
618
3313
4129
6567
6804
3697
3481
4563
5098
8752
5022
8110
9075
2336
1460
5761
9359
3336
1648
6130
4068
1224
2345
7953
6948
2875
544
4491
1652
4955
7054
5963
1522
8313
4218
8054
6409
214
4985
402
2788
1446
50
355
4393
7681
9512
2166
1085
956
8699
2782
5235
505
3077
3141
8000
6505
9280
8484
1903
199
2188
7279
5784
3345
1185
1712
3529
6055
4515
6739
8696
4192
521
3286
1303
2813
4840
8139
2311
363
555
1253
6201
4137
1788
9563
5186
3698
9282
1323
9433
6655
6664
3425
9325
2162
5449
1967
8107
1903
8502
6950
5382
7665
3173
5811
3267
1954
8395
7231
428
1058
2749
1645
8257
8803
1964
569
6111
1707
2491
9944
7049
6282
1337
7853
5792
1436
9621
9779
7747
5529
2015
5559
6661
7925
3376
3248
6457
5049
5457
6121
7539
1613
5695
1639
668
6208
4606
7489
5910
6826
2443
6902
3111
1273
6013
6445
7913
9723
9502
203
176
6575
7178
9593
1453
9529
735
8310
6375
7373
9046
3602
8069
5654
493
1078
9851
4270
5861
8473
9546
2149
9365
8510
3588
1982
3065
7444
3696
3023
5085
553
9461
5477
8147
717
9680
9427
563
6275
7576
9159
8262
9849
7244
943
5330
6838
6831
6417
9050
1957
8376
7067
2982
1457
1944
2433
1129
240
4452
5458
6007
7897
6912
9621
9935
1001
4980
8977
5950
1030
1171
5454
8818
4144
45
2414
6921
4986
6739
4219
3195
7636
786
9731
6571
2899
8009
6082
3507
1191
597
9444
4214
1205
7379
6970
2153
9422
6149
2207
7076
1695
6877
1605
1961
2603
3454
9234
8479
1371
5977
1524
572
3626
6530
5367
9082
9304
1440
3933
9282
9983
2133
5195
6049
6409
7887
9417
4660
5072
8031
7620
1705
4991
8841
5274
2806
3380
494
1280
3293
1478
9154
3124
7747
810
8504
9336
1850
4329
1795
7681
7829
4415
3371
3112
2928
2038
8401
3121
7791
8081
691
1678
4180
922
6176
2347
9503
4416
6374
6446
9882
7237
5667
7267
1380
2982
7923
7322
7071
4764
4410
8830
1092
9135
1239
8277
3216
909
4871
5770
610
760
3148
4324
7037
38
2800
942
1670
3571
7557
6413
4479
1548
9126
4384
3816
5176
3413
5324
5429
2662
9581
1285
4016
4838
9517
5366
3920
9638
256
1984
317
3480
942
4366
2103
4021
4724
2408
3310
364
2459
165
6278
8324
7702
1053
8216
5934
2559
9417
8568
4893
8951
3276
1142
7101
4654
2767
3070
388
9130
4217
8928
3678
8287
4146
3044
358
7669
9502
4799
6018
2594
9569
3984
4832
9505
1132
8234
7204
325
3585
2728
5589
1731
1269
5633
3070
7836
1688
2165
4439
9066
327
2218
129
9322
1797
7853
9640
2703
1840
8498
2900
3595
1451
126
4975
6269
3706
9910
5056
4884
2437
8384
1010
8589
2022
3317
9040
8517
9832
1861
7312
3050
4225
4405
6912
7493
6786
3280
1449
5749
8210
8119
8996
2688
5207
8800
9990
50
6657
1320
5342
7267
5851
3526
3496
9088
8777
1269
2456
7793
7574
3878
8332
9443
5104
7471
467
1985
7327
9532
1104
1758
8108
2060
9206
7399
8454
7615
2254
7924
55
5590
8563
