442
0
3736
7715
1588
3311
1857
7419
7255
8993
6180
1507
2329
4891
2173
6776
8750
4070
5833
3147
4793
9707
1737
8738
7823
3787
4349
9225
426
1326
443
4758
4676
3176
363
7233
7953
1775
5216
1929
1133
1493
3743
1088
9190
9215
1034
9918
9970
9164
5714
360
1697
8068
4468
9636
7139
4448
3259
188
489
7429
6284
7235
7478
3786
3108
4528
4003
7748
7227
2360
3626
3051
4195
1943
9137
9460
9499
4760
7176
336
8495
7452
8273
2045
1658
6388
961
866
5009
7164
526
8485
5987
7871
5654
2264
8740
89
8642
1431
4699
2783
8396
5715
53
6701
546
6102
1748
1528
1045
1551
9544
5207
9621
2534
1956
3665
9748
1414
6877
5867
1797
800
4124
2070
1012
7965
1779
3211
241
2788
390
3088
5697
1405
848
4448
5221
8881
5568
4608
4970
1066
6421
2686
3146
9205
6334
446
7806
9545
8312
6300
9399
839
7716
6467
974
1195
7729
8650
7936
9031
6622
3112
3535
2143
3945
4833
5818
2520
2577
6571
3632
4279
5211
479
3209
7029
5278
2842
8055
144
638
8782
9540
5294
6414
8603
6767
8755
7350
5458
35
2088
4212
9060
7120
7912
7722
4024
115
2036
5194
5515
9479
1221
4157
2077
5407
3379
6128
6429
8470
8336
6509
2138
9230
5410
3936
3904
6280
9999
8963
924
6485
6392
9620
1586
3174
2699
1235
2038
886
4053
9677
9043
2690
1362
3077
1606
254
5967
8660
7553
9317
860
5773
9708
1617
7489
7898
8718
5621
2435
6008
7050
8221
5476
3356
9869
2556
8483
4914
3326
8937
705
6381
5642
2475
9180
4907
7244
7981
8423
4797
638
4736
5880
5861
9170
3632
5943
5836
263
4691
4694
3873
3266
6476
4230
3202
1475
3099
8427
8334
9310
3582
3989
9631
953
5524
7256
2391
7370
7765
7175
9023
9137
6355
9706
901
5052
6628
1008
1702
9619
6486
1604
2519
9287
1449
91
8526
1418
8489
4248
4301
264
8756
1181
9958
1438
3765
3121
1434
1043
8437
9255
5794
9009
4660
8762
48
2795
5881
6739
61
5264
3810
3405
5383
9730
8809
2813
5654
4713
4702
3506
4697
6704
8548
6634
5486
9836
1619
8976
2671
7370
1196
4208
1970
981
2609
2740
1324
3887
9163
3313
9753
6006
9016
4444
7396
9917
8390
9011
4165
5905
8955
4022
2809
5429
7025
5840
2391
9567
4856
5830
8180
3143
381
7135
6078
1246
1341
4553
5918
195
68
2486
4492
6531
3002
1856
2814
8779
4135
9157
9690
7806
4077
1505
2379
7735
459
6972
7163
9465
173
7945
495
9858
9104
5923
994
6402
4262
2680
3769
6537
