9733
0
336
8693
3501
6934
7674
7490
5187
4638
5950
4583
1329
9686
8540
462
489
8197
462
6802
6070
1915
948
8645
3200
2502
7775
315
1796
324
3542
1553
8602
7885
9186
7930
1232
2994
6435
1522
4934
7662
5018
9102
5672
7462
1429
3640
622
8893
7733
1203
1153
1395
8393
7809
9763
4131
6423
8666
5825
9804
8766
1801
3359
5514
9688
6093
7985
8715
6950
3872
4834
8250
8880
9844
9051
5605
4987
1680
3734
6061
4446
7416
4920
167
745
4488
8090
316
6801
6736
4571
8050
3491
8614
5208
5446
9829
3163
9349
8396
3624
242
6671
4512
5357
1188
4860
4700
1788
1334
7218
9156
4417
3668
8093
3745
3479
7230
4085
815
8717
7646
6274
3056
8083
9488
9670
597
9280
2168
9182
9312
3415
9334
253
1275
1305
3122
7112
2531
6903
6473
127
2385
1015
4106
863
5109
8811
4156
1959
8370
968
9062
655
4944
396
4425
734
7407
7622
1636
727
3256
1008
4149
5481
7779
6829
955
2700
6515
1411
9275
4453
1376
871
2065
8972
7972
1216
7685
1055
1161
2015
8848
9600
9379
9766
342
930
5413
7759
5539
2658
3506
3314
8662
3243
1905
7941
5771
1778
1567
8643
1493
6181
4262
6734
7785
1284
999
4161
6641
6960
9881
7462
1296
1360
3040
1064
7246
8660
9541
2882
6869
8647
3444
9521
3182
4939
6547
9002
897
5564
587
6674
6483
8039
1023
8316
3846
3574
7784
4916
8594
858
6940
5828
7501
5604
3086
4895
7048
9020
3559
5300
6137
6720
6230
8524
8867
3767
1470
3746
6620
2639
2565
222
9064
2150
9868
974
9230
370
6
4194
3039
7931
6893
2785
5811
1606
7622
4218
2832
6094
9453
8128
6511
5266
6614
3095
7581
8221
5434
7598
4359
2195
8991
1720
3773
1778
1996
3510
5708
5727
3528
2055
640
1216
8839
5751
4997
6511
3599
8600
5304
7774
3664
5356
8964
4018
3345
3932
6059
4118
1755
2461
1992
4478
6794
8493
8235
7576
8805
4842
4330
9617
1586
3711
1725
2132
2817
6077
7113
4282
8626
3827
3814
7002
8861
476
9426
9124
9391
3304
6692
3192
7400
6742
1242
848
601
2315
1869
9095
1228
7958
9484
4031
7230
9271
6320
7336
6935
8085
9823
221
886
9693
9918
5832
8177
6426
6545
1735
8724
16
4699
618
4614
1342
3595
3572
1424
5394
7811
1394
5417
3738
7575
629
3452
2958
2449
4116
5638
4392
9506
7406
2642
2600
5664
7662
6064
133
7504
5548
7296
9120
3733
1122
819
6384
5007
772
3164
2874
9602
967
4105
1659
5292
7172
8677
7927
9825
7907
8880
722
2054
4714
3314
2567
6362
6586
93
6347
8444
3406
2986
1110
8950
7264
6155
480
4796
7207
2169
2713
9797
6859
3202
4123
8085
5739
7542
9542
9215
7780
4392
8358
7686
9917
5709
2611
2463
7915
8412
5272
3152
7930
73
966
467
2462
7026
8616
8148
1336
1154
7276
7396
8976
6098
6893
4816
4242
5724
5622
8341
2504
715
6591
5473
7870
638
8653
2715
7663
1115
9319
9552
192
4538
6012
3513
5401
1714
6988
6365
9185
6954
6073
7153
1571
5435
523
2643
2340
973
9410
6627
5657
5219
6059
1774
5578
748
9551
7550
4531
2
4913
8508
9352
9764
6201
2115
6090
7095
1931
4167
3218
7631
5516
3402
3411
6574
8276
2872
5142
6455
3871
9673
1289
4589
5462
4383
2221
1859
5171
1012
21
8855
979
2515
3220
5259
8719
2702
6651
4000
3741
6709
2940
5799
440
9231
5157
3197
3815
6467
5418
4856
8532
1632
8717
8973
3161
6076
9595
3513
3047
4476
7109
4013
3723
9923
8704
7546
2757
76
5039
5661
9616
5260
4139
2909
5801
948
3043
3292
6916
3198
9998
3734
8262
1862
3613
7914
3064
4254
3897
5052
4017
3862
7048
9082
5621
9484
2244
5017
9003
3896
239
6732
2275
445
614
4365
1638
8359
77
1037
1464
2501
1482
1201
7626
8076
7244
7543
5883
2805
7045
164
4472
4173
4309
5494
2731
9277
5089
1310
5225
342
512
3341
3165
8050
4165
4017
2155
8934
4599
7288
3010
4204
5503
6172
8786
8820
9101
1816
5842
4926
5920
870
101
6531
6169
4410
5984
3891
1327
5009
8840
3548
166
4320
6208
7446
6191
339
3044
1655
7314
9286
2024
3971
8524
5161
6474
8698
1363
3478
3097
961
9116
6761
8100
7953
335
2594
1317
9210
4446
6360
301
3135
8414
2060
3420
1501
3415
2209
7427
2637
602
4215
9804
7745
401
2952
9441
4415
6575
6376
121
8717
131
4577
1663
2482
9807
5064
2518
6919
3568
4070
9237
4822
1093
6751
5906
4240
3670
1733
7092
2979
2586
4930
1881
7640
6408
1639
3598
4755
935
5897
8065
7196
7465
7983
2201
4870
2679
297
9571
4877
5526
5464
9304
917
9920
1761
1136
1195
8806
5025
8119
6014
6443
1151
8736
2246
9975
6183
5466
2971
9324
8222
7545
5581
9528
3005
5480
904
2915
2029
4380
6912
951
6651
3036
4466
2458
8114
1314
5790
3632
7126
3231
6420
9888
9050
8050
7822
5762
471
9472
3984
9121
3458
7866
6637
2690
2421
1484
2979
1235
5603
4537
3402
2820
676
2399
1407
4625
9377
8252
2702
9013
5029
770
214
4287
3851
7525
9072
2712
6567
2108
8765
5115
5866
1962
7742
977
3027
489
3697
3294
2042
7166
8358
1389
3617
8465
7757
3213
2811
9270
6848
1711
7067
7495
2225
5534
1323
8687
5956
2169
6455
1637
2583
1084
7023
2906
1765
6648
6982
1953
9180
8073
7199
6366
6124
3908
8997
2618
5480
3186
9396
7427
175
8691
6068
5094
2547
5688
5515
2700
7441
6950
6996
9182
7230
2633
1811
1886
2175
8063
6144
8961
7388
955
4595
2401
6223
992
8480
4536
689
4926
2624
5313
3269
1070
8834
1500
2892
341
5324
2594
8613
585
8520
871
3765
1884
7914
7358
2286
635
5063
6799
3181
6418
1733
3467
7806
9543
8226
8289
6306
8518
9063
8555
7388
6767
7777
2815
9312
1963
7386
2178
9997
5294
7111
8235
7338
3815
9059
1365
3744
7741
1825
1458
6128
4610
9223
1183
4860
8299
7352
1918
5673
3784
1034
6757
4377
3970
8834
2927
3688
4822
2869
6577
3045
1911
8640
1534
2306
6683
82
5452
79
9816
5542
4842
860
3287
2213
7423
9812
6205
396
8378
7934
5533
6479
1452
1191
7514
5736
8469
4036
4090
3156
3187
4039
460
1546
3381
1882
1777
2716
2814
3812
6300
3207
5420
1079
4239
1738
6061
6109
6064
2625
6934
5911
8593
4708
1448
7843
9949
7448
1250
3385
394
5098
3708
5018
3298
5806
7144
6064
3810
5347
1587
9598
1571
3308
8153
7099
9588
829
8567
4911
2211
6357
7716
3882
1125
6860
6083
6061
8359
4629
5823
6110
5597
444
8982
5747
4969
5676
5024
6588
7969
5593
9572
4635
552
6084
9987
3553
7525
7956
3171
1571
9274
3757
1532
6540
4656
1130
1963
8306
5850
6265
8547
9267
6548
9598
5653
2149
484
7994
8636
1214
9974
6746
5676
4434
6144
5777
6939
5858
3808
5660
5851
1924
2401
7806
6173
8383
5583
5583
9353
9872
5238
5054
1574
7108
7546
5836
4107
6258
7243
5534
7133
5014
8464
223
4296
8137
6261
6316
5140
3977
7077
4690
6913
55
5205
274
9079
4672
2580
1817
2472
4951
6027
1319
6304
1824
7135
7254
7323
1187
4896
5351
6780
5452
9436
1217
8895
7755
2257
5424
9131
7337
6794
5699
3270
2248
9244
2711
6903
1719
7417
9006
9422
3062
6618
5652
8028
4924
6061
7239
1096
155
887
9669
2718
4189
6544
9933
4798
1886
2836
3820
4610
8957
1329
512
518
2010
9004
8901
6462
2025
4951
348
5174
5170
5619
1688
2834
1278
4370
9705
5029
9206
759
9231
8591
7090
4267
1993
9902
8968
1500
5762
8695
6590
384
3272
7350
8429
209
4262
5143
8152
9212
655
5528
9635
2478
9708
8963
2428
2998
6449
3214
4627
2293
3964
6886
3310
7163
3121
6392
8338
606
9554
7384
5854
6391
6509
1721
1047
3870
3387
6418
2224
7071
845
7927
7941
1088
8223
4322
7226
9464
5476
8984
618
3569
6910
7243
2996
7
8459
5604
9378
5166
8805
6102
2655
7068
4041
2741
3813
2853
7794
4002
9729
1276
2031
7663
3111
6327
8152
7716
5124
2387
6595
5705
3594
7929
2449
9075
7680
136
9146
213
7173
2935
1123
9281
9077
1400
9775
256
2867
4593
8787
2788
9569
3513
3952
7001
1041
744
5099
7690
4626
8477
9345
1230
2185
928
7607
5331
1746
8007
2294
4738
6071
808
8313
8077
2866
2686
3983
3769
6689
1164
1938
2529
4532
8347
6525
6922
1000
3589
7052
9463
6381
2641
9731
445
3558
4314
9226
5644
2259
2231
4628
9610
7254
5538
2775
4381
9658
9096
9381
4284
6623
4449
8862
3838
540
9970
1337
7350
148
4888
686
5664
9982
1601
7523
5215
68
2629
3772
5370
7932
6091
4751
2050
2399
8672
8590
8258
2538
8869
6800
2299
2848
685
3627
3425
4568
6350
223
3139
2548
2376
8325
3975
9495
3327
4615
7338
8276
1006
7558
7203
167
655
5321
4301
4638
4579
2189
7832
5848
776
5698
7808
8277
2151
8003
7010
8998
2519
6458
9686
9935
2570
8511
3297
8982
8804
9044
3090
1609
483
4557
6309
633
2226
6493
821
8405
1853
6918
8220
6130
8785
6197
7858
8266
8959
1908
312
8457
2313
8838
5791
1415
8697
1051
2429
5537
2266
1653
4534
1670
1236
3461
9987
1117
523
1536
7970
7618
5373
3019
6060
1294
1652
7675
8488
3394
3034
5390
8057
9819
7781
738
912
4422
8944
4355
5626
8308
309
1509
6146
499
16
6654
9976
8512
7854
1091
1587
9852
8584
8433
3615
4194
1287
4400
114
2429
867
5935
864
2181
3622
7843
2896
636
3444
6067
5811
9498
7825
5544
7760
7468
9925
4558
8378
1245
2704
7324
3682
8472
9379
936
8339
1029
1982
5696
1858
8389
6590
5876
6624
7073
9562
2322
4464
1089
9044
7495
1283
5017
6586
2177
4014
2288
7731
1023
1754
9363
9908
9150
8681
738
5097
3238
8686
9384
7500
4756
4759
9677
7914
6040
9502
2412
8844
8961
1039
4909
917
63
7856
7420
7890
2675
3538
3381
1038
3057
3853
9320
4219
6648
4908
5338
9593
4634
249
1117
8767
7315
5614
8099
7477
5779
388
5434
2934
2575
311
6985
6529
8807
6220
9577
4851
1106
445
9941
7387
3773
5323
1598
3216
9748
8629
4211
5232
8309
633
5848
2460
263
3048
5138
6506
2533
257
7060
9108
2654
9615
1060
9361
7446
7881
2026
317
79
5065
2603
8667
8646
124
2216
8295
6984
7199
4497
9310
6031
4456
7229
6837
3240
3941
9457
7253
7190
7634
7406
6623
5468
7630
1696
9777
6081
4899
9508
7164
3270
9268
9563
8895
5186
9609
2726
6068
2019
5016
411
6069
4517
6901
5503
8246
4574
7147
8425
4672
9960
2099
6045
875
3669
8642
1052
7283
9845
6031
6689
2555
334
1675
9115
7791
4623
4687
8067
2110
5314
9680
1345
8699
5308
4584
5776
2855
7882
6801
4794
6355
4225
2072
1490
8070
6026
5740
5452
2903
471
9186
2936
160
5184
7590
2188
3200
8034
8772
3212
3684
8185
8410
311
5231
4988
5130
2154
8588
5030
5529
7546
6958
3882
9018
8189
7597
799
9063
1921
5271
764
3939
7913
5160
5229
272
1418
753
9070
3460
5307
3589
346
2696
8061
3461
5645
1937
7361
7000
3294
5987
9591
2012
7610
651
7553
7701
7973
62
5961
83
414
7539
5932
3125
6824
6919
6441
84
8025
2450
5363
2983
8175
9614
693
6053
5720
7538
3941
7272
7128
7831
9447
2610
2824
4008
3524
9960
8973
4318
4438
6277
6117
7967
9025
8802
45
9503
2701
5534
372
6552
4604
4890
8830
0
4720
7808
1236
3520
2386
8039
5724
218
7928
4992
6868
3137
5331
2945
7320
7908
5440
8718
2817
4731
2234
1035
3629
6162
2992
2359
105
8346
405
2458
2041
5283
8205
7082
3822
7808
6126
1537
7922
238
7904
7870
5480
7339
1722
8965
4365
1853
2315
517
4369
8389
4824
9034
4203
1285
7144
1827
4732
7001
291
612
2777
5144
1353
9172
4306
9711
5316
5168
9495
9755
8111
3643
5304
710
1556
5446
7215
1196
5903
5257
7500
4197
7839
6812
7374
7700
6155
4754
4496
4200
4907
2178
3192
4671
198
7743
228
1924
933
1904
3015
1054
9623
1284
8769
9963
223
666
4123
1785
9287
2485
531
3709
7568
6845
1557
682
845
1400
4923
2532
2617
2697
5672
2777
8004
8716
2576
2466
5584
7248
9148
1165
3764
6115
3206
4495
5452
17
3278
3657
682
3569
6391
648
3916
8195
5240
644
4510
1634
2686
3970
8462
7314
4236
1915
1036
4899
6102
7110
7689
9603
8582
133
5219
9576
3571
1872
8576
9561
5623
6591
5633
9755
6191
785
944
8195
4892
2438
4340
140
1530
3617
2229
1708
7855
6149
6197
8074
5279
8208
9701
4881
3373
7675
3271
2958
2617
8589
6462
5857
2354
5499
1558
2402
9482
490
8919
9291
7876
9296
1241
2832
6697
7228
9818
4448
7397
5754
2024
6222
1665
2939
7670
8971
4862
3207
9110
9813
316
2937
709
9619
1779
5283
6172
6792
9588
1354
3749
7331
8444
7397
2505
7416
2928
76
8685
8192
6075
1603
9305
9940
4188
4916
8755
6552
1536
4258
1532
2081
7467
6704
2054
7546
3450
2633
5683
4501
6035
3569
4668
4754
6918
3058
1320
2401
2360
139
2711
8898
290
1139
5321
3681
4185
3405
7802
4693
7778
2165
492
7151
2488
5135
2340
6050
1938
3861
2043
3090
2459
8332
7555
4502
5584
5227
4936
6443
6905
482
7475
2642
2887
4785
3993
7899
1842
4086
8326
7892
7341
3326
7616
3129
1265
1786
1790
8856
7906
4776
9551
6947
6097
9050
930
910
2697
3645
4510
8931
2994
9311
7421
4666
8146
3504
9180
142
3749
7145
68
464
6097
9839
3391
2589
265
6903
8423
3294
3272
1036
3692
9876
838
1229
2942
11
478
7902
9514
4734
6951
5488
1600
8388
3804
5365
132
6203
2268
4795
8122
4064
9437
8608
5905
542
4348
2962
9305
5255
6382
5169
6898
5969
8295
6232
6626
5146
3441
3281
5212
3164
735
2420
3733
821
4829
2200
4871
6126
5107
3632
2336
3285
1632
5532
4890
2253
8754
9426
1961
1733
22
2940
9286
6384
4743
2966
2077
7840
7995
2290
604
4105
4109
4152
9275
2598
439
272
6583
4268
7574
7448
984
9763
8941
4246
4467
9982
318
8476
5970
4972
2136
7398
2486
9757
1408
9072
7007
7097
463
4297
2923
6533
5986
8472
1176
2589
9719
5788
1854
8452
871
1593
7096
7155
2649
6402
560
8176
94
8731
234
8855
7898
2633
7141
3553
5548
2861
6194
5462
3666
5890
786
6773
7736
5375
7722
7915
3059
1341
2646
4205
2450
9596
5025
2982
1478
2942
4498
3696
5312
7876
459
5982
360
7478
2058
8017
4335
5717
2193
2399
3708
9227
8220
5321
2876
8808
1044
5330
7964
5624
4643
397
3397
176
2009
8821
9947
9868
1275
2396
9372
8193
7989
8779
8089
8806
8856
4192
729
3229
628
83
6085
7233
538
2469
9714
8521
4561
9094
5818
7699
5890
9970
3113
3479
9105
342
4065
8496
3454
8112
1895
7161
4045
293
2952
4246
6683
65
7013
1527
765
8634
9993
9604
7595
4351
1731
5394
9256
2741
1073
6789
4910
9562
9745
4415
3640
7390
1213
7797
654
8667
4844
4396
1298
7658
9734
1607
5247
2024
409
1775
1147
7631
2479
2978
859
1063
5174
5813
8305
2179
9330
7596
5505
949
5088
9638
1869
1052
2175
3605
2785
8038
3540
9798
8524
8907
8203
3833
2615
5159
9135
6490
499
2378
9913
5242
5700
8947
4288
7233
6668
6883
9083
1340
5902
4810
1721
6439
5117
8548
2737
5486
6755
8529
9124
2528
9547
1804
7543
3419
9180
9510
3987
6961
2003
9485
3484
2852
5328
8820
3895
1309
9461
4243
8832
8933
2805
5210
4752
4270
1593
1831
1574
2408
4678
9510
7317
43
8513
6001
8988
4594
9539
9096
3520
7600
3671
4544
7213
9655
7187
5156
8795
7708
3154
1967
5560
3190
7576
4560
7174
524
3181
5089
6805
2917
9420
5531
401
9128
8853
539
1787
795
8729
9748
7986
2900
5449
3011
3300
2024
4051
2780
6841
413
2627
1339
732
1452
5201
5908
2127
5159
7892
1193
8130
9330
3164
2580
8243
263
3944
5112
6093
2665
3536
3695
3639
6243
3355
6226
7706
7664
3201
5696
5891
3489
3763
2736
1344
9774
4227
3766
7009
6868
3011
7346
2231
8108
7514
8441
8070
6605
9340
7627
2505
9838
1490
1636
6579
9671
318
1047
108
4289
31
3110
7769
597
8983
8535
798
2589
6469
2042
2105
5501
1854
7804
1994
7532
1286
9439
403
8426
2284
432
7996
9832
1605
3992
8509
1539
1010
5138
8075
3976
3173
6812
6489
9333
9770
6723
1666
6290
764
3088
3172
383
7261
9393
7385
5887
2198
3336
2048
6554
3951
6571
2617
3069
9788
3295
702
7902
8540
8726
9594
5039
6847
3278
5533
4791
9400
4557
9221
8214
3868
8903
5305
3178
1873
1862
4007
2004
1787
6251
1111
6219
8050
619
7046
82
305
7882
5199
2015
4221
4852
8703
8112
6088
8341
9357
9527
971
8098
5291
8481
1778
1498
1761
5983
3945
3230
7044
7450
5688
2692
4523
9478
3922
5389
964
864
7442
5596
3539
2600
2764
9384
7888
9173
590
9112
461
5485
6368
5472
7302
2248
8702
7194
8650
6705
1265
3715
4210
8498
9048
97
3697
6851
2449
7653
3632
1524
2831
8417
3459
5628
6730
35
3108
4197
4909
8722
8384
1545
1427
1896
4727
9734
564
9631
2796
5737
3870
993
4292
7800
3777
965
2624
7
1764
2171
254
6328
4787
5278
9229
7865
9344
2341
1702
8186
548
1905
5379
9993
9149
5554
2745
470
7541
1053
7011
9476
2744
3232
1494
6601
1402
6694
5120
6475
827
8938
2130
912
8428
4431
8097
3671
2547
5368
7339
5356
6230
5552
5121
4636
3565
8276
1281
2621
6302
1530
5516
9361
8489
8251
6644
9587
4471
9529
6579
2294
6225
1246
8178
7692
7754
4611
696
2674
6901
5395
9688
5983
6157
6451
2803
6315
2351
3733
5861
9803
5500
6332
6021
8380
8653
2796
5198
1779
2964
8472
951
8666
2896
236
1612
8058
8613
2269
9286
7002
8652
8723
8874
3913
6314
5092
572
684
6526
4279
8665
6679
5366
5657
4551
9610
7188
2423
9980
8821
8838
5319
1351
5542
9105
4783
4200
9677
3570
412
4829
9468
102
3886
4158
622
3597
3834
6229
8211
808
3160
5702
4326
689
1560
8390
1939
298
5182
1868
5949
9252
3982
2187
6318
6860
9019
2119
6338
9129
1082
8928
2954
9956
4293
9153
222
5496
7779
5757
1224
4531
6762
7680
1084
1503
5597
7515
562
6058
6693
1148
508
6611
7987
4762
7984
5430
7655
8523
2099
5739
4050
5852
1689
676
5303
9224
282
7813
3136
9086
7473
4636
2691
3895
4460
9190
8506
3966
9456
5678
1420
6083
2995
149
1333
4745
2953
6152
3136
9076
9541
9582
2358
6665
2177
6538
5033
1992
9359
5698
5517
9207
6597
2430
954
5153
7626
3398
1621
1997
3704
8314
7486
9363
3204
126
5733
2005
3851
5291
2830
4318
3131
6267
2558
4829
1278
8872
5652
1335
4861
4677
349
4595
90
7251
6184
7437
1051
3520
5916
7422
9011
4642
9996
9580
6373
4652
1105
5885
466
1703
6613
241
9973
7648
1719
6682
4735
2218
9258
5909
1642
6590
8312
2992
2415
3373
8717
2571
9755
5843
4719
3354
8890
6704
2738
6734
9941
7886
6442
6751
4332
4926
7779
2584
142
8748
1600
2641
4264
7878
9725
1594
6982
3402
1988
1118
6909
8067
6261
1606
5458
9049
1841
6224
4847
8547
4660
6181
3017
9822
9731
4479
7868
5680
5339
6709
3023
7942
4574
257
1067
9390
4909
939
3267
3437
4424
4263
723
2863
3031
3197
6205
8125
5959
9348
3755
5679
853
9908
3436
6533
9949
7672
414
586
8511
935
279
1152
5183
9495
5826
2076
4688
5434
3341
3526
762
6871
7220
3703
1598
1257
1486
7652
6546
1550
9237
4163
8574
5266
3577
1659
1837
2770
7065
4256
2864
2816
3181
6303
3043
9382
5034
9284
433
5422
5510
1577
9257
8071
8350
6555
2386
9249
6054
2964
4665
952
6641
9644
9310
5067
8098
6520
4917
6543
5776
7393
7020
1192
4993
4372
971
8884
3384
4574
5967
2894
1333
7439
3294
5425
1677
5035
4705
4830
238
3413
1047
2277
2864
2427
2558
5892
4158
2049
1634
3197
7062
918
9466
3658
7048
6407
3149
5556
2576
290
4213
5440
5734
311
9474
2471
2024
4184
1307
4531
1657
1318
9916
1375
7580
2953
7005
3294
1116
4291
4000
8016
3149
8380
5131
5416
4094
6407
1982
3179
1287
338
3222
6740
7541
8351
6969
3995
7133
9183
8869
5810
8889
1800
5378
7281
2947
7074
5716
4386
2655
645
2334
9034
1564
4289
9335
3825
1869
2891
3039
1045
7210
5715
7807
5413
7698
2569
2813
8717
1571
9751
9998
8043
7461
8062
3406
9584
3159
2442
2930
9034
814
2761
5990
6770
8044
7732
7442
3991
6769
1120
9853
2113
3609
9582
6925
9746
1725
7029
1548
3631
2938
7963
7336
8409
5215
9955
2584
225
2030
7369
6383
2871
5183
1374
8585
9893
8582
1818
6188
3850
9383
1582
2720
4176
9555
1012
6324
9990
4621
5477
7096
928
2981
6871
7091
689
5525
5223
7174
1157
5393
7415
1835
2608
4553
8923
5262
5302
4952
978
70
1642
7946
740
7476
3822
8157
940
4506
297
3829
1121
751
5816
8858
95
5511
3215
4471
1271
3142
6175
6862
8092
9169
8394
4219
9210
5553
3271
7627
5216
6982
3260
1124
8147
7574
8561
3316
3237
1257
9005
4507
2139
4096
4761
585
3845
4475
6780
4077
7308
2463
4212
8998
7034
4157
2535
789
6634
2074
1415
4468
6508
8361
9592
2959
4663
121
3196
7773
2129
2773
9815
1258
850
7834
5735
4500
2788
7725
7896
8996
3533
1072
3152
5070
5087
3458
2644
3317
315
7396
4062
6637
3559
7273
7480
271
5726
6540
5307
9755
7526
7405
7764
4740
8581
7929
8074
4149
6224
5127
8385
6449
7692
6099
3239
8490
6385
9368
5849
7124
7512
451
1992
2035
2849
8991
3840
5054
798
9354
4400
3491
8949
9406
394
3623
856
1467
6886
2272
2500
2466
3798
826
4815
4158
2154
8186
4170
6899
2214
3315
2021
7788
5553
813
9735
8016
9625
1631
8318
7338
7273
4574
4439
4209
6480
2589
6002
8078
1103
4764
9015
8509
8383
6139
9336
377
706
9317
9289
7868
5388
8519
2445
2808
8744
6245
6525
6358
6783
8136
3737
9090
5866
214
8850
1581
3966
7142
6941
4683
7995
2412
9394
3466
8113
7788
869
4124
8994
2145
4072
3456
4803
9888
73
9349
3764
6911
3027
254
9224
364
9882
5043
975
3909
4337
4824
8782
4402
7200
6095
716
4360
8469
4810
8965
2856
1215
6450
482
6
4314
3393
2557
8190
7241
491
4912
2183
1564
2245
726
461
2292
3682
9347
178
6889
4759
2464
3472
5274
6343
5409
4100
5493
6862
7767
944
6159
9554
8495
5949
3725
5164
4566
7521
1629
4129
572
5331
7187
776
4416
8657
7406
465
4095
6198
4402
4109
1147
9036
4290
3697
1209
5413
3222
4856
3453
1760
2053
4183
6578
3750
3514
6952
8765
1243
3127
4644
8403
7101
1980
9942
1311
5722
9248
1708
5928
2402
7835
9623
7332
1516
3388
4873
3723
4291
328
1381
1750
7518
4965
1775
5498
544
1611
3442
7958
2913
2523
9720
7627
947
6658
9625
8470
7232
6211
5336
6184
991
2492
2846
122
878
1651
6454
979
5480
9773
8136
178
1903
6388
7085
8485
1391
1479
5810
445
3723
3672
6838
4285
1242
9698
3249
384
5888
8699
1616
9259
6672
6708
2715
2862
2270
6689
8034
7137
6396
526
4757
72
4762
3407
3907
2069
7253
303
3966
7943
1936
6389
4946
4564
4810
9931
7903
2596
7081
7890
9530
5469
1776
5128
873
6410
7965
8084
3257
6952
1986
8820
2650
2178
2173
8567
312
6350
9639
6674
7095
1649
8874
7362
7521
4508
6769
470
7451
7425
1769
2301
2970
899
8159
8345
5413
8104
3567
3819
5107
7911
4011
216
5602
4038
5211
4710
8795
4322
7193
785
4577
537
283
5406
7581
4404
2777
7317
3259
3070
8728
1974
128
2265
6694
5660
5257
7361
9397
4339
5159
6607
6422
8678
8371
9221
2551
1690
157
5887
9833
2642
3042
9904
5903
3074
7784
4758
1531
8295
825
7698
4367
2110
6338
4137
464
6222
8882
2704
1652
9921
7033
9128
6209
2323
2729
1748
8672
6634
2432
290
9347
7938
611
4528
6550
151
3623
8982
3227
4309
6155
142
1597
2934
9971
7349
2512
602
2146
3592
396
3900
618
7415
7631
1313
9303
165
3302
2358
8709
308
6937
3810
3418
1977
8709
5269
4224
1415
9684
5248
5698
8345
1332
8229
9142
5953
7215
702
8217
4802
7580
1408
2642
4059
8200
8788
9174
8731
5814
2502
1105
9114
6766
8144
9741
5129
1264
9782
216
2375
7259
7724
5486
3027
9544
6240
614
4194
7416
25
6430
3618
4908
4378
5297
8902
5243
7544
6738
4142
1591
683
8814
1462
6530
8311
2384
3325
385
1791
3589
4067
5216
7669
5722
140
405
961
2418
3151
2056
903
862
3841
8612
7381
9464
7056
1493
4104
874
6678
1079
9815
6919
6695
5996
87
9755
1058
4975
4497
1851
4806
1534
84
3279
904
6444
7424
2577
3688
320
2791
3990
595
1786
7400
7727
4776
8781
1535
6542
6192
7988
9727
2563
2792
1072
8542
682
8119
294
8490
7451
7665
9235
3507
89
9501
683
2390
2248
6401
3264
6794
2322
5237
5380
7015
2302
697
44
863
265
9846
5994
7152
3050
3343
2138
2781
7216
1174
5479
9130
921
3733
5248
4260
8252
2840
868
1010
8939
3442
1651
2612
566
3557
1474
282
9744
8208
3107
7342
245
6083
8286
8645
6696
9288
3523
731
6808
4213
5592
3228
1815
8264
8061
334
3047
7239
5979
1522
2736
8017
8265
4321
6079
9642
1670
6404
5685
4317
6757
5558
6797
860
782
8576
7468
9527
9409
1278
1001
8446
6941
8265
7323
1339
4390
902
671
8651
6456
9328
4700
9877
3460
2905
4116
7906
2496
4069
7218
8477
2362
3772
6278
2345
3541
7919
1227
3937
5115
3258
9913
8730
5320
6168
3084
3435
6779
3971
5721
2045
2572
1206
1714
9032
2353
4119
5612
5335
1978
8457
9099
4891
7018
9114
3316
3366
958
8411
2541
4431
9553
1140
2347
6917
1298
1087
8076
8952
3848
9583
4136
3294
191
527
1382
4994
257
2164
7097
1058
9351
7138
2967
4788
6451
5365
5727
7714
5649
4011
4868
9564
6712
8469
7410
5482
8910
475
1064
7458
1654
2241
390
4352
4672
615
2369
4231
2478
1966
4673
2310
383
2374
5488
8392
8172
3513
5132
1580
2010
344
2759
8816
8014
2730
6126
4831
6843
7654
6656
9673
938
834
6000
6560
4550
4811
8886
2521
4901
4742
8734
511
3907
5584
9837
2500
3853
9815
3357
2707
5419
567
6125
9438
389
9106
1228
348
2016
1410
5202
6302
1664
6604
4244
8415
3493
2832
4725
5396
1362
532
311
2697
1472
2948
9367
1881
825
4657
6582
1332
1006
8572
4508
6010
4058
552
4938
3288
4248
8022
1912
9033
4554
9822
9927
2369
1641
3924
1271
431
4635
8047
1449
203
1620
9303
8924
9230
1923
4705
4271
8578
2081
9332
2559
6974
7476
8574
8428
4132
4227
7214
4332
9586
3726
9653
8900
7507
2452
8127
1254
9340
9053
3529
9684
4485
4184
910
3891
3760
1590
1949
4060
8118
8351
5603
9123
1828
9826
5162
3147
3370
1861
1771
7806
5620
2675
2026
1660
5173
6687
9743
8471
4905
2032
5919
3980
5159
9501
4342
1020
5699
3074
5007
5799
1549
6715
5377
613
5646
3749
8892
8093
1307
2064
6903
4311
6161
9996
2255
4972
1931
5881
1544
2634
2163
8745
9214
8929
373
2095
3201
3559
7123
1305
3358
1737
2527
8121
536
6295
3641
504
3162
3952
7871
6928
8903
5906
1964
3896
5953
2152
9934
4878
2458
9876
1621
140
9514
5874
5321
9244
8654
2528
935
9057
478
69
9472
6662
8085
3056
7790
9211
7044
2983
8037
1742
3175
9274
3544
4478
5676
3890
4965
82
9276
5611
4369
7663
8426
3836
2945
3986
5418
9742
2742
4146
3208
5122
1661
8733
1404
2733
3530
7230
9188
5671
487
4816
905
1263
9400
7670
8888
853
9136
9955
6788
909
773
3993
3580
9451
8347
9792
1800
4074
652
8063
1184
6986
7419
2126
6925
817
8844
2162
3100
3937
163
4491
1017
3048
8925
9244
808
4609
5294
6593
7172
6234
3667
8337
8589
3770
3201
4121
6849
7743
4894
4471
2901
449
4734
3146
9920
7524
5988
8405
2333
8149
3740
4200
2388
7527
5809
1936
5520
9662
890
432
1615
3782
1241
9951
3032
959
7886
6239
2647
8514
5621
3430
3444
7599
7463
6385
5726
9820
8572
5715
3686
574
4600
7140
5643
642
828
5628
9979
6434
8744
5089
4304
7225
9575
8405
7919
2774
7557
3528
7369
1021
5968
9183
8987
6865
7430
4640
1093
1228
1659
507
6366
862
3718
4803
1483
6264
5403
3335
8069
2886
5456
8840
2531
1681
4109
5227
9177
2588
9258
1146
6935
2717
1879
8
1319
2106
7367
1375
4600
5317
2565
2941
7044
4990
2355
5215
6607
653
7758
9398
30
1610
1996
8590
6402
721
7193
5533
9074
3893
6074
7914
7587
5148
3592
9919
4484
6393
6580
1264
4788
64
9912
1620
2335
8291
2303
5435
2560
4086
1651
2441
7328
7792
6872
4031
3125
2840
6875
2759
3281
2347
2698
1682
5354
5170
4231
4637
3757
3184
3790
5323
5991
3810
7695
3461
6647
7813
8652
188
3267
2911
9580
837
1159
7052
3588
5620
5624
2390
5247
2380
902
1225
8423
3131
6651
2933
9706
2772
9105
6619
3087
4672
1158
6493
5515
3320
4966
7105
3781
6378
3496
8888
1006
3813
5299
6216
2996
3327
6986
4326
1987
1314
6297
9443
7640
3485
2054
5914
9596
1182
6321
9360
7185
2737
375
2196
1025
776
9830
5718
2549
4966
785
5388
271
1322
4170
8683
2680
2196
1222
2410
9372
6116
3965
2095
6584
6813
6164
5238
4877
7054
6933
1670
7477
9935
2408
705
2319
6463
1268
6087
959
1372
121
8568
9992
8000
1260
444
444
2570
4649
5418
8783
8433
8791
5612
5374
3877
8114
7655
470
1011
9296
4815
1886
3403
2411
7317
2826
1715
5220
8274
2778
2654
7743
9798
1956
3416
2381
6059
3845
8345
3547
8878
1518
7808
856
4885
1948
167
1158
5391
4959
6745
4864
5731
2925
147
503
9147
8222
9087
4857
3648
8278
7128
4631
9213
1182
3822
9589
1007
1251
1603
3532
4154
7260
5909
3301
6912
2488
9022
3899
9825
1253
7538
2701
605
6890
3367
801
5146
4898
3900
9929
7924
4864
8064
8168
5464
6703
8881
5656
9660
9799
5530
2452
6792
296
6568
341
4662
1972
4117
2937
5418
7031
1339
9506
4227
9188
6067
7368
7032
6640
8986
3416
9742
7423
3019
1563
3724
2473
5871
7990
6329
6571
959
1264
8085
2750
9000
1462
8415
9902
3556
4464
8233
6342
3051
2566
8336
7459
9435
8297
3552
3724
5378
2006
751
6008
5458
9248
212
2845
9530
1753
4240
5026
2522
4915
4529
6597
6142
9309
8260
5239
5540
9457
3241
481
2412
678
7448
5336
4436
1724
6365
6080
1488
5672
8439
9229
4509
7356
4994
6841
752
3295
4471
8641
875
4258
1550
3564
1162
4475
1015
7156
5226
5613
2197
953
8493
5755
3805
7493
294
3074
6329
20
7884
4587
3622
4302
1486
6645
9499
7556
6346
6105
566
8241
6557
4112
8819
9148
3840
1479
9798
4193
6764
5668
4226
2466
1217
4362
710
1333
5530
3221
5689
8319
8354
3737
9970
6420
2127
2288
1026
8837
7236
4440
756
4280
7765
2145
5981
1384
3174
9489
9625
6542
1824
1932
107
5456
498
591
2077
1917
2927
5713
3714
2346
7688
1354
2389
23
437
8009
7909
7108
3346
6636
1532
3551
7717
834
4188
9299
3573
4743
4655
6174
284
5532
4456
9827
9485
6855
46
7891
8861
1296
2638
2402
555
3878
4254
6929
3909
3697
6283
9041
1216
2388
6892
4845
3754
3778
9351
7607
3664
7072
4396
6388
1167
479
2929
7169
4448
7218
1670
8914
1949
9425
6617
5539
2348
6842
3097
172
536
875
3317
1769
4177
3283
9773
5360
4426
5842
1236
1153
8624
7006
2191
4464
2412
2464
5767
9865
4573
530
3068
9774
8192
5187
8642
8229
483
5301
858
530
4720
1057
8751
5981
7950
6269
3607
9268
6472
6067
1311
9723
1541
9665
9884
6227
2155
1341
6209
7741
2697
1123
6720
5266
5100
6353
749
2233
9928
5880
9403
1385
5411
829
3049
4652
8619
7830
5390
4805
9335
6036
6030
1720
4433
4016
5566
7533
130
8535
4930
546
3307
654
7751
6409
6528
4096
1576
6276
8474
6767
9337
721
4496
210
7854
470
5374
2306
3240
4885
8358
4261
5962
6442
2968
5741
345
6267
8667
2295
4510
5638
289
343
2130
72
2556
5344
7892
6698
1127
5585
6714
5444
4784
5060
8290
4570
9746
4765
6513
8629
9876
3653
8868
8418
2931
5771
7705
9754
3293
1252
4824
869
2531
7944
8135
258
464
6414
7573
214
3620
1981
7476
9119
1586
4144
996
9421
5688
3479
1893
2377
8916
9054
977
6723
3694
9140
8103
4595
4853
6868
433
9774
3932
8242
1519
878
2509
4617
8327
7330
3528
4691
1948
2917
8202
6202
5544
8098
310
494
6912
4103
6077
367
8091
2370
4037
5525
5221
8148
195
7878
9123
907
9585
6416
7871
9844
930
9787
2824
2271
4135
6922
5152
3611
9432
9436
5684
2489
2956
6697
9193
9021
2178
2730
8076
5140
4071
714
1180
3759
7767
1461
4607
2565
4893
8202
4250
3136
2761
9773
1915
9646
2696
659
8349
4066
743
878
5002
3589
4070
9672
4719
5925
2471
5401
8093
2521
466
1705
8766
4875
6192
704
5210
5582
3018
9320
9695
2013
3881
8111
5448
2671
5796
4520
4724
8397
7984
2661
6653
8700
2977
2999
6665
784
6303
4147
1920
4422
3786
8929
5127
5881
704
5457
8037
5511
8424
5729
7822
8729
9322
1402
3537
4771
3401
2464
8184
1354
4789
2692
5974
647
3591
179
2102
2876
5114
6964
4834
6935
8721
8531
8935
5748
8039
6884
5713
5494
7296
2829
5932
8192
5894
5075
9132
2607
231
3719
7631
2056
2939
3451
6130
6307
6331
444
7001
2035
9832
8003
1305
5952
192
2167
9848
9082
8605
8365
6440
1551
9658
9526
3670
1731
3534
5918
8102
1369
8843
8378
4506
5074
4873
9824
6184
7279
5306
3616
1003
6416
8561
2493
9089
3317
176
3233
2106
6008
3065
6677
443
8856
8930
4637
8925
9238
9643
1212
1375
4402
9661
2072
8034
4313
1859
7883
8276
1343
6266
7900
6622
1972
5243
6246
1072
35
7945
5920
8633
4248
6857
8836
5547
5357
9718
6308
2079
7089
9260
1669
3701
5670
9600
3742
166
4518
9652
8661
4548
9902
7337
5291
7043
8018
4569
4432
7436
7854
5020
4919
8708
9896
7247
8918
3199
6890
5892
2884
7070
1339
1588
1013
9739
5538
7759
1963
8425
9503
1007
5389
2896
37
4367
8204
4567
2986
457
1793
1254
5827
8707
4546
6324
140
1819
9814
1587
2026
1517
3966
4152
3857
8793
3160
8131
2594
5301
3004
8479
8891
5388
4609
93
7512
1654
9909
6783
7568
9203
3346
8775
9685
4458
1442
4142
7410
9925
4172
7707
6933
606
9848
1828
5330
3927
7407
1129
1130
7282
6327
2826
4160
2721
6625
6064
9848
7219
382
8298
1158
39
3381
1071
6141
3893
8009
4825
9231
9556
1829
4706
8851
4107
7287
5035
1286
4213
639
1687
865
5100
8058
5355
164
2290
8164
3628
3067
6189
456
2892
2194
18
4197
3935
5524
5615
4275
548
4572
4820
6189
7870
4085
9422
9125
9347
4924
5569
3202
4015
5030
1180
2919
5207
7698
6919
7836
7073
7119
203
5661
9298
2213
2239
9590
2593
1562
4778
2605
722
7170
8353
4902
2246
7069
6360
2173
9903
1232
6133
7064
3152
7705
8897
3906
4400
6239
2849
2593
6482
5706
3605
1326
9505
7470
8188
7033
5143
8694
7742
4009
5288
6848
577
673
7001
86
2166
3717
7770
4022
909
6812
5495
8810
7554
4286
1853
3624
4500
962
4109
7994
4352
2602
9313
4533
333
5657
980
25
7736
8982
3723
8740
1822
496
3037
9499
1073
2503
1024
5522
7300
3247
5290
7560
3886
3720
4375
13
4863
5674
441
7208
8932
6734
4955
9691
8763
3308
2578
8558
2307
7699
8100
9550
9887
9979
9363
1799
19
8778
1593
2738
379
156
4584
8735
5891
5745
7488
2636
2362
5542
110
1439
2667
7166
9262
9287
2909
5654
9323
7841
5453
4320
8458
5510
6881
8290
8906
6739
5991
3240
5147
6278
6700
8447
2878
2624
5730
273
3573
1043
6738
466
1905
1422
1833
135
6645
7436
4781
8825
8127
4605
3649
5062
3022
9905
355
7920
3943
9878
3028
8905
9624
8299
8393
8366
9338
2353
9417
7354
2086
3956
7729
7660
6249
3218
7528
6252
902
4646
654
9812
3341
9652
3524
9661
6343
2348
998
5426
7004
261
4588
9297
8830
3545
1350
2374
7185
6519
5042
7596
6449
9532
3824
2708
4949
5371
5256
7178
2396
7891
2857
8323
9429
9691
3821
6776
7365
7131
4391
4057
1908
9456
9298
8620
6775
4798
8907
9815
1039
5875
1418
7315
4378
6686
295
1832
6965
207
1389
7308
8248
991
4335
5084
8594
1043
7460
3653
2908
3228
2843
3134
6914
2736
1648
6200
3540
6002
8153
7669
5363
9234
6762
8780
8797
7393
3699
9003
5537
2384
3796
580
3343
7965
2939
7388
1070
7423
6270
5548
7845
385
9212
6489
5742
7641
8075
2889
1802
9210
8021
5013
8286
5899
4699
7026
3336
9108
1314
961
1172
153
9098
1281
7436
8314
4273
3048
3294
6163
2027
2461
8480
9834
3725
7575
29
247
5880
2149
2378
4927
7831
1664
4555
3089
576
1004
23
4076
8323
7497
892
2428
4985
4188
7643
5710
7546
1523
7219
733
1783
827
9297
8651
7486
3210
5187
2189
2983
8669
869
3159
5656
6901
9509
6582
9634
4972
2500
58
1510
2936
7498
3049
8938
1986
5374
4531
8550
7959
5581
9697
4455
6147
4411
3700
5461
4125
5158
8067
9796
767
4437
4024
5920
2334
3316
9021
3284
8223
6023
5205
9707
3804
9539
4337
6221
6558
4568
7490
5129
9122
9090
2035
179
2793
7226
6542
9880
4369
8004
8993
3003
1084
9745
5194
1665
8576
4742
2604
7474
4062
2945
768
8942
3290
7637
4440
4605
426
7416
5688
4340
612
1437
8393
5954
4213
5075
8797
2748
116
1018
7042
5235
8074
4539
3320
1192
5745
7204
9937
2985
790
253
4906
3956
9510
8544
1024
5708
9785
5407
9551
3405
2969
9001
7083
6199
3973
3903
8465
7142
913
4991
3203
8730
8699
754
7741
8935
8910
6050
9209
1427
4001
3993
2777
6942
4478
4832
3338
6539
5779
1952
1596
4393
6081
6675
4023
4149
2092
6700
11
8983
6009
4444
4034
9486
30
2200
7217
1502
2231
3187
8303
7555
3518
916
4119
6847
5524
4555
677
7709
1423
9596
491
1936
7036
2127
6331
7357
9631
873
975
7178
9486
6987
2614
2443
6081
5468
5816
9669
5321
9903
7057
5476
6435
4102
2542
2463
6185
5546
9135
2966
5534
3093
2587
413
3485
2221
104
334
3563
3731
1740
4430
9667
6962
5843
8906
9900
462
7144
4656
6729
3101
4747
9374
7023
6807
7257
5112
8389
3698
9910
6432
4490
332
9922
8484
604
5766
7130
465
4491
4486
699
8436
107
3932
335
7167
4245
8504
5027
5582
9406
1747
9528
8978
6158
7885
5233
5160
2701
4755
573
5669
7939
2653
7115
6918
8104
1674
6037
4532
1038
3981
8102
3890
7196
3634
1708
4929
7839
8866
9161
1570
9537
2052
6299
3506
5913
2676
4724
9537
3268
7392
2139
2657
6432
4646
8961
547
9991
6620
8322
590
4172
6995
2591
4765
1941
2880
9586
4279
7622
7123
9243
9533
3732
1700
2
6567
5044
7330
9898
3803
5637
5593
9293
7105
4309
3439
1729
8540
3565
6013
1436
2981
5300
1461
9712
4701
7593
7236
116
3965
9459
9934
8388
4242
111
6271
6336
7038
7328
7964
7932
2919
4998
8744
2108
8160
4081
1219
5633
6806
8933
230
1659
8503
1109
401
2818
459
4851
9118
4432
4060
2444
9719
1696
8061
6900
4056
1364
5381
5201
1164
2171
1511
5754
5478
3838
5541
5673
4305
8378
3218
2084
7248
6654
1205
2012
9466
9694
5378
3080
7379
3540
5519
2306
2515
8137
3915
7086
7541
693
7765
732
583
2698
8604
5002
1532
8603
5240
68
6745
4874
7339
8846
3777
7186
5996
8430
6870
6405
8910
1727
3126
4772
2483
8173
3037
6495
2119
7781
8182
7595
8470
4432
5710
7694
9056
8893
7866
6243
8464
6309
9279
4566
7949
4476
2214
8467
6102
3964
2390
3031
907
1574
5030
8006
4528
8858
236
6035
8859
4637
7645
5279
9910
518
3868
8604
8250
9854
716
4167
4695
9782
7662
6432
7881
9473
8373
499
3231
3444
8985
7877
1705
8727
6146
8294
7864
3740
8683
6189
9509
6187
5732
9411
5230
7763
4586
1293
5179
421
9421
9354
1148
1576
7367
4762
5091
1361
7327
720
1683
5474
1507
3239
1997
198
167
89
4344
2915
9039
3391
6824
9419
1744
5621
2885
5814
7810
7763
5637
3111
3752
5886
4412
8405
6205
7265
8820
4625
7485
538
6409
2934
7793
8885
9521
1660
2290
4972
3858
661
4456
6522
4585
4806
838
1143
4025
7622
8980
5147
1437
3110
2069
3748
6030
7981
1556
4339
409
3139
8889
9213
7715
2413
3738
6701
2066
4417
3132
237
4042
2922
7772
4406
3732
2636
5540
2734
1948
1908
8745
7899
1219
3795
6187
855
7417
3295
7068
2768
816
9293
3051
2136
1301
3270
4373
5382
2273
6301
5989
4127
653
7822
8470
8830
3209
6693
7646
1247
4539
5216
5850
3520
629
6642
2447
6978
5227
877
8514
7406
326
3587
3670
8969
8079
7630
7057
8178
6317
278
347
2962
6409
8567
7975
739
3445
1167
6318
7526
7049
9400
9036
5826
2947
5467
4954
5160
2488
548
2030
1431
542
9238
5488
1676
9099
170
9498
1679
943
5884
7151
3820
1467
1449
8074
8831
5009
8456
390
7368
9049
811
23
7877
7274
3494
1
2608
1004
5627
6785
6120
6007
3460
9102
5012
1411
7278
3571
8912
8284
2785
2537
9803
9695
1534
1107
8608
9621
2719
2425
5355
1243
330
4352
640
9248
4346
2550
9401
9087
878
4030
3511
9971
7311
4454
4367
86
1770
7625
6169
9823
589
7239
6891
2549
6433
4132
425
7674
2261
5659
7465
6394
5483
2915
4455
7394
6663
6372
220
7712
931
8760
1270
2767
7419
7665
3214
8157
2221
7419
3157
1818
912
2689
1243
1745
6076
6933
3665
3301
4841
5769
9039
9411
3433
172
7308
5167
135
6407
3236
1001
7940
73
947
6969
9210
5149
3974
9079
3940
3823
2610
6673
7038
4165
7148
373
6370
1895
9474
677
6203
3588
9696
9795
6019
2417
8127
8815
4974
2133
6997
7593
7562
2760
415
8316
3744
438
2736
5781
6633
4890
7394
1818
4484
4496
6717
4448
3723
2491
936
161
2062
6337
2826
2823
4686
4610
542
9191
2065
9791
8171
9377
5190
3176
2385
5979
6530
8912
5932
1102
561
6416
8658
3131
5360
20
8317
356
9673
7051
2474
7275
316
406
2838
7389
8162
4978
4696
1380
5785
2559
6384
3807
8116
5849
9426
5266
3981
8194
7283
2841
6133
419
5118
9423
3804
7271
7028
9667
5188
1850
1995
9014
8969
1090
4945
6849
3335
8732
7539
3453
6037
8230
2539
9640
3810
2214
2386
1237
9355
9008
970
7965
8387
8094
3710
805
4650
6776
3489
6985
5180
4170
8446
5600
6101
7982
822
7259
4566
7970
3963
4666
317
7741
4209
8361
6246
1494
8808
3329
2194
5754
9633
2925
5867
4943
6758
8874
8636
4965
5653
1030
3871
3292
1754
3918
4799
6789
618
5054
2175
2522
3110
6969
4576
2944
8186
3235
4938
3075
9914
1175
1615
9217
4617
9935
4434
725
3372
7562
5730
213
4545
6310
4108
1966
2975
14
2125
9107
3484
1903
854
5810
6087
4495
3226
847
9682
8335
923
8423
5440
7429
776
2432
781
8585
5086
271
7833
9351
3361
3771
8460
3901
2570
7680
4660
1551
5334
6517
5283
9452
6186
5183
3562
6414
4454
145
7151
1263
7809
9845
7016
403
8856
4504
2229
1419
5075
1179
6182
5330
7731
7510
4479
6259
1921
7026
7906
7463
5908
4445
6325
6841
2957
3264
1139
1329
8660
4850
7357
7713
4127
5516
7989
8894
3123
4586
1816
4826
5114
9331
4255
5846
4739
4845
8021
9200
1698
6687
7080
4817
8950
6971
4008
5748
9060
6182
6659
8549
4069
5209
266
1356
6821
3474
7178
8083
7981
1344
7392
5473
326
4573
1144
4305
4256
9200
6377
7225
5527
8606
4692
2298
7255
7339
2964
8950
1441
716
7677
4902
9969
3319
494
4204
2888
3947
918
5086
220
5308
154
3144
3810
9810
985
769
2973
5522
7602
2761
6992
8900
9184
2857
9873
7241
4204
1288
7430
9805
6941
738
3304
9210
4305
964
2463
7686
2497
9826
2599
7671
6288
1368
8062
5381
6025
7655
5629
8007
5759
4435
6847
5990
8726
8937
2054
5453
7997
3655
9338
2410
6306
5646
8212
5842
4320
5011
1309
9703
7279
1275
9392
1694
9886
1443
383
3608
1944
2033
1457
2512
5217
4501
8059
3814
3291
2424
5870
7268
9904
9150
3172
3971
4385
2292
5642
4855
2853
5244
3353
3792
9803
8541
4480
9250
7432
7362
2802
3316
760
6546
485
8747
16
474
8935
1463
5198
3659
8991
7031
6846
3781
9438
7674
4972
2449
5291
8196
2320
9765
2814
3616
9518
7661
1927
8907
2154
1448
1229
2160
3353
1570
1918
1227
9675
5979
1565
6443
9663
1761
7937
3113
1628
4522
6596
120
3934
5373
1773
9954
7628
9410
8706
2600
3325
3723
9379
8179
2461
4385
6707
1034
1687
4856
7135
9399
7842
8920
7509
3366
6922
2476
1816
7300
125
6728
8810
3213
9989
7616
7981
2291
5681
2401
2122
7192
3363
9298
6958
5103
2990
5122
6083
7967
596
8577
731
6402
4044
2593
8782
6641
8144
1310
6698
1758
7605
4124
1939
6948
4625
7737
9753
2531
5529
5034
6781
6460
9506
6981
5153
1678
3535
4196
3592
2455
5181
8595
7453
5879
6291
3902
4540
5403
6602
1652
6862
2777
2141
7370
5964
3181
1924
838
239
9787
3253
7525
1219
9586
3381
5295
9630
1640
1884
1576
3277
5898
6856
5866
3529
1865
1653
2555
2660
4720
3827
280
7081
3185
1297
3587
7702
9441
799
1959
9398
7188
2337
5300
4811
1881
8347
2469
5209
9862
727
9447
4676
6133
6008
7099
1973
8784
5313
1012
1119
7310
4213
7036
311
4816
8799
7332
6562
2025
547
184
2655
4000
650
4425
2699
3561
2508
3738
800
2307
1141
5393
4152
8813
8651
5695
9819
7577
4153
8258
5212
1345
998
5354
3999
5470
3869
4066
9679
1458
2047
5703
1326
8380
6726
205
3914
1260
1567
1446
8681
619
6613
1081
5777
6193
872
3366
6270
8834
9050
328
7312
5536
7712
9657
9862
6855
1578
6641
8596
5900
2835
3541
8652
1701
4468
5711
7716
7836
6104
1619
8731
5679
5068
7755
3652
6616
7449
188
6968
2933
7145
7234
1204
1914
6448
3277
1130
7124
9859
8638
221
7058
7227
7334
2931
7318
1360
8346
5307
3320
1900
1875
3398
8137
735
3332
9617
1381
8717
839
6876
9916
7317
8652
4049
1081
4475
4649
3550
5714
3390
4480
9092
6489
2339
6429
4498
761
2226
1133
5577
1361
7458
8471
4614
596
4020
4268
5854
4300
9895
2607
659
172
1509
2474
3387
7529
6177
7262
7347
9174
3644
319
2858
1711
6335
1535
9261
149
7225
1522
6072
5562
350
9559
9795
1784
9921
7572
6426
3778
8368
3328
2526
418
2440
8814
3125
2318
1116
7635
3239
1476
9414
3371
4955
5215
3206
4190
2630
8443
5076
9195
3967
7484
9505
2539
2607
8265
8410
2699
3911
6431
1982
8010
7170
1667
2952
239
5734
9786
740
4129
3538
2244
9585
7834
357
2786
4132
245
4565
6044
8062
6386
4412
5934
5095
5985
8790
9421
9909
5535
264
9018
4028
1022
7138
7677
9368
934
1252
4765
6274
6171
6670
3662
2442
1009
7260
1399
7657
1765
7614
5297
3138
9028
7312
4165
830
4885
7238
7566
9778
4497
8411
1317
2862
7785
3398
842
5025
1104
2983
1674
6416
4823
6242
5660
5861
2542
2993
8027
5089
6892
9048
8604
2513
2308
9705
1599
5054
3060
1988
5144
3042
7080
5364
9288
7689
1921
6310
9907
1462
1849
242
4768
3177
7010
3451
495
7542
6683
9915
1742
8971
4830
6069
6492
2372
8367
9432
4394
5104
5405
3796
5074
1618
3419
855
7557
4550
8600
2199
8769
8743
2585
1388
6298
9387
2830
9284
3261
7783
6600
6022
9690
89
9202
3759
1232
2209
427
363
9388
4339
9201
5574
3276
6453
7450
7900
9028
8021
2512
7989
6519
9411
5855
8332
5203
4775
2167
2316
5818
7979
4105
1764
1576
680
316
6829
7832
3381
8310
5350
1843
4458
4160
3031
6395
2861
4577
2663
3424
4381
5889
3341
2138
6459
3532
5591
5659
9008
1500
5326
428
1884
3706
4602
2321
9101
3483
7264
3124
3466
7802
2918
4760
8439
2825
9557
8401
9891
5150
5039
9994
2933
7804
6270
2275
954
6664
8665
3437
7918
9764
3947
3236
8786
2243
5826
6721
6525
3760
4272
9846
1403
7910
9794
1476
6466
8979
4720
7321
6092
5871
4709
5797
2233
1253
7881
7053
3952
1083
7029
404
9624
8106
3746
3173
8332
7853
6198
652
7093
877
2772
1696
8155
7433
2774
8033
5977
2749
6459
734
5229
5351
330
2226
4431
746
576
3407
6709
738
5522
2377
9113
6096
6079
2607
3407
4216
4943
1840
9640
3606
2829
5564
2122
3148
9182
3797
5623
4438
7140
5724
3126
8007
3168
3388
6712
731
2742
4756
2252
3193
6807
9700
8299
4918
2771
2607
2398
2835
4948
7603
737
6678
2982
2996
2568
2116
3186
2444
4805
9509
9656
4433
5828
4997
5205
7881
3007
331
6896
8267
4496
62
263
7888
7832
807
5382
7228
6896
8610
2057
9905
6421
864
1261
3548
2194
1729
7283
8932
1426
134
8262
8327
6664
6753
9054
8325
1864
8554
5582
4571
4641
2410
4396
6511
8536
9826
9382
4094
4043
7194
6883
9653
5954
9237
5144
4047
4970
786
8159
810
4984
2289
420
7417
5743
4283
3770
841
2805
658
9772
9865
6349
6091
9014
1781
2453
7718
4580
8940
3224
9739
245
4166
2472
8806
2195
5276
5759
5858
3493
5963
7791
792
6356
963
6711
4202
1806
1115
6156
6226
8711
678
8666
33
7805
288
4022
4826
4989
3121
1383
8792
3401
2954
5493
1074
9485
646
7575
2099
1192
4745
7581
5057
4164
1425
3242
1661
1242
1495
4920
7180
481
6443
5931
9141
93
9343
8014
4596
5133
4030
9570
9271
6121
3080
9138
4083
4311
4218
8954
2867
7746
7475
8407
5908
4074
9765
5156
4830
9542
8426
436
1031
2868
1730
4715
2119
2012
4612
2193
5146
453
7008
7281
2831
1014
7550
3751
8542
295
4595
483
7174
5446
6580
6530
7703
9895
3488
592
7819
6361
3914
507
9000
27
3620
5094
5349
5577
3175
2769
9509
4872
7608
2324
3280
2332
3105
1372
9892
602
1469
7521
5636
3390
9790
8405
5493
6970
952
387
3362
9475
8903
2270
6902
2389
6367
3042
351
5114
1314
4427
7913
5665
9545
5801
4066
7317
2018
5241
5908
2379
7393
8399
1703
124
6773
768
2609
9387
2127
6167
803
2644
276
5931
9504
5938
8463
2092
4373
188
2858
8528
2338
64
621
1213
7069
3739
3354
7086
8610
4934
2712
5827
9403
657
5540
7642
5439
5561
1657
7351
5259
2520
8390
8786
2718
9746
499
5329
458
4620
4469
1039
97
3379
1047
9194
3309
5557
8847
374
5963
3952
6725
9858
5740
7370
5949
6083
1504
2354
7793
4372
1878
7341
4520
3653
8022
5256
116
4940
415
1604
1787
4003
9678
5604
6725
4154
4973
910
9318
4974
4245
2890
3640
4252
3497
792
5986
6342
3524
3518
7225
8931
3562
7694
3777
4257
2443
3889
7706
7622
6778
7456
7004
723
6820
8563
6192
3498
9065
6036
5
3535
6209
1338
4112
3980
7227
5419
2545
9667
3116
391
7406
3885
6297
8135
5502
7853
6616
7704
2561
1623
8643
9867
3616
8142
1270
5130
3331
8569
2955
2974
6216
4340
662
2862
6040
6262
4033
723
4227
3296
2933
2609
7739
2107
985
4941
1554
6977
4307
3263
2282
9069
7353
8662
1763
6595
1131
1306
7348
7374
9425
649
9432
8448
5874
1817
185
4849
1500
9707
612
828
8174
8648
4422
1119
4149
9915
4395
2552
257
275
5214
6449
5708
1607
1939
2554
3257
8434
7211
8539
9202
7663
5299
463
5769
8214
7418
2549
6167
1234
4055
8325
3681
5936
4971
1786
8832
4298
5150
7008
5282
3062
325
5448
8438
4389
3693
1467
7256
8271
1849
2370
3168
276
415
5810
8559
5481
3377
623
4565
8156
8940
6291
8370
280
9872
4332
4830
9568
7213
447
9546
936
8502
8463
2462
2258
9043
2797
3211
3832
2517
1569
5362
6538
2738
5272
7546
718
2604
995
1138
136
4128
6168
4412
9652
6765
2557
8147
8078
2587
8012
791
3257
75
7003
5968
4516
8686
9718
8009
2660
5173
1114
5303
5851
193
1167
3513
991
2020
6043
9373
2553
2539
2376
3999
3182
2886
5774
8631
992
1020
4975
9550
9515
6685
3795
2214
2976
7056
365
2640
9865
2689
4553
5896
3801
7782
2834
7313
3023
8146
0
9676
7181
9442
715
8658
7725
3090
7248
7429
8717
4104
7306
6085
2606
2342
1781
8493
7864
5250
2186
1655
6422
5172
9672
3022
2619
2112
2626
5073
8437
4135
3789
2904
2066
4820
1058
9752
6230
6069
2528
8245
6943
3633
8746
7843
5689
7149
2673
2746
6597
2856
9320
3898
6643
1476
9684
8990
7375
3621
7096
8509
5176
8258
6786
4788
188
4658
7971
3436
7031
3818
155
1987
5229
3863
2278
4518
4185
4252
153
8853
7121
5023
8122
2219
7911
6100
5405
8987
4545
6519
4567
6979
9579
4841
5566
9076
3269
2219
4026
3460
1967
868
2546
5237
509
5617
4637
2354
2728
8180
5401
5540
1256
6169
890
6782
316
3204
4784
8816
6759
8445
8981
2460
9781
9161
9581
8054
898
8276
9726
5118
567
3502
2644
394
1233
7763
364
7272
2028
7800
7042
5431
4957
8092
6419
1848
8135
4807
59
278
1783
820
7627
1142
8557
6960
1959
5548
3785
5378
3684
1498
4503
4786
5076
1036
6405
8870
2378
1879
3604
3284
2059
9161
3238
774
8669
8025
2307
3483
602
2627
7892
9579
2500
1666
6981
3774
5532
4781
1435
8638
1209
4543
8631
1054
1902
6867
3729
769
1429
4220
736
6187
3892
9113
9886
5761
3785
8644
1313
2447
5390
1108
3118
6973
870
8479
6689
7462
7011
780
4139
1114
6947
1703
874
7280
5997
4529
5926
8673
2485
3934
443
6706
8452
8401
8533
7850
4804
6874
4351
2266
8920
8702
1547
1118
9718
7793
6319
3940
372
3501
7538
8784
9406
1295
7234
8030
6695
2367
9432
9032
8211
2510
7509
2144
9055
4153
8226
9314
7518
687
7434
4147
1197
9197
7826
5890
6289
4478
3180
9417
9753
4660
7466
1132
7194
1991
333
7612
6197
8311
8119
8013
5663
5211
7722
3439
8310
3436
8156
8511
2104
1919
9619
7179
4228
6545
3688
6805
7198
5772
9322
4151
5043
2115
9443
3736
4260
1903
3459
3410
7221
9671
1130
3046
5507
6563
348
6034
9360
4830
1489
907
6838
3695
672
3338
5837
5464
9615
3674
5876
1796
744
9310
1953
3212
8060
1836
7339
7115
3179
517
8512
7690
1149
5794
8302
4896
2664
1907
1358
1989
9119
8443
3886
8483
9392
890
4460
9971
329
551
4128
8547
383
7469
7341
1044
7733
586
8630
7960
3512
8838
9805
8675
4656
9973
4099
3799
1019
1605
2623
5980
3335
3733
9748
2680
9636
7393
2814
4732
5390
9275
1407
8059
2960
9936
3897
6064
9095
6801
4842
8320
8334
7770
4954
9182
6558
3928
4909
8679
7187
4957
5172
5300
2046
7633
9908
3226
3623
5591
8257
6258
6290
7893
6783
4254
4839
3178
8188
6156
2939
7557
263
6441
7593
7066
5439
171
4594
5933
1560
3456
3179
2146
3528
1724
174
9436
8881
6268
1893
8659
5200
2631
6365
6266
7248
4983
7392
7649
913
4288
9528
6489
3854
1842
9496
7213
9076
7283
4344
616
9361
7836
1095
6270
544
4809
3923
5684
2521
7820
4505
8696
3994
305
1721
9666
7438
5746
4274
2833
6332
9047
7686
9289
2185
5820
7397
1391
6859
8958
5291
1105
3486
5865
2463
7158
9079
3362
1984
2320
5675
4413
8099
169
4679
2697
8261
5108
6787
6632
8183
3833
588
5713
3590
4631
4704
2504
4401
6346
4739
3121
3712
9233
5989
1747
4153
7428
1459
9818
8635
622
3372
4594
4871
9947
2631
8963
6796
3720
194
2922
5025
9916
872
6775
827
6256
2770
3696
4068
8654
5568
7001
5399
3382
3333
2674
1146
9869
7240
1675
4432
8040
6026
7506
9017
9896
5363
6316
7870
3604
7944
7568
386
8933
4105
3817
3091
7898
9439
7083
9767
8929
9519
1751
6218
2080
8513
9596
9814
1853
2290
6143
6104
9619
2506
803
4997
838
3208
5881
5202
7981
1344
838
7003
7997
4383
6216
