5489
1
7438
6584
5708
1051
1782
6045
9049
1564
7503
8604
7559
18
4571
3398
4857
7915
7705
4947
7379
4384
5119
5688
4145
8705
2247
6790
2909
3420
8044
5333
947
9483
2804
1489
2376
2535
8751
248
2412
2590
2124
2959
1912
128
2639
4589
9650
8322
7836
9694
111
935
7637
376
6359
7978
4960
4295
3713
8680
6060
8604
568
6338
9843
8128
3082
2743
2647
1727
974
6187
4396
2956
6533
8047
635
3504
6423
5291
9378
2659
4852
2085
5136
2505
475
7269
7458
2468
7211
1893
1743
8468
5660
3128
4829
6131
6421
6614
5349
2323
5256
3623
7700
9688
913
9955
8828
2110
5598
942
6773
5473
8564
5061
8452
1705
9833
2613
2320
1676
726
6038
2107
6403
1324
9277
5453
7425
4588
7187
4849
6801
5996
7722
6042
7857
6576
4883
1588
2070
6897
1200
6735
4625
1244
7569
2124
6313
6288
3335
2207
3748
7462
3274
8571
2290
3224
5007
647
576
7010
3010
4930
6877
8378
3118
8034
7744
8706
1857
553
4862
9626
1536
3183
5711
9559
5228
5428
889
5250
6301
2067
8906
8032
8015
6069
9839
7014
3477
5807
7687
208
8661
8240
7572
1086
3349
3773
7020
5450
6946
477
7545
1153
1687
6805
6002
7200
3402
491
964
91
7087
1447
7101
180
7239
8863
6690
8193
3492
8682
4446
7042
9924
7567
2137
2915
1801
5098
4719
7179
2152
5285
2352
1746
5634
3705
3693
9955
9542
7108
8108
5597
9679
454
9870
57
1586
2210
4267
7457
314
8453
2829
3441
7207
3704
7172
7242
8964
8795
9237
4337
6726
9803
2237
8611
4541
3924
7662
8183
4085
2667
3842
8745
3976
8495
5571
2865
7885
7760
1927
5020
6318
9342
8881
494
2939
837
8368
9314
7266
2483
3801
7727
5012
4981
2222
1972
6835
1904
563
5850
1604
125
7534
3556
5521
8285
1671
5324
4728
8355
5158
3395
1654
5369
4371
9514
8529
9785
759
968
2946
4278
5751
8327
9298
8704
1739
6048
8067
3265
9558
3599
2024
122
7674
5324
4861
8575
1399
7581
7786
3462
7551
7114
8234
2713
3288
7535
5032
344
1180
4789
4372
8185
1722
3137
5640
9569
8241
6008
2272
729
7458
7685
4815
8324
4395
1546
3750
3593
3027
2389
8877
8991
2312
7016
1402
9150
1101
7563
6581
406
1462
9406
3184
7793
7887
7830
7701
7333
3549
1871
5283
7886
7836
922
7707
9420
8581
4574
8228
4684
7482
8572
9842
8416
4134
9459
4838
499
3273
1367
1447
7964
2290
1576
58
8178
1417
7702
9220
4574
1907
4430
3186
2337
5836
5430
4639
1552
3743
2357
1780
50
922
8097
5847
6515
1129
3487
2230
7141
3390
5315
2207
385
1904
3570
7215
9015
2031
599
744
3096
4564
4861
5930
1313
5959
5228
3024
8166
445
7349
7827
8724
3067
4624
749
1961
9459
1714
6134
1342
4482
5469
7574
438
287
5505
8597
6854
1646
667
1822
1374
9278
879
9065
6782
847
362
7506
2647
7681
8240
7170
1581
5374
4219
1702
2762
6548
9055
2364
3381
9235
9203
5966
5058
8327
399
3729
6827
2248
5894
9664
9771
7714
1878
2587
7225
8456
5998
1565
2669
5812
5229
5974
6728
1667
4340
1194
1657
2013
33
7134
5914
1049
4995
9313
6645
5163
4378
5343
4330
4796
6624
1359
7652
4400
515
9224
3139
6016
6487
9364
8851
4200
254
1343
4747
6118
2039
1225
2417
594
6432
2555
1362
6023
7780
7725
8418
297
3675
1724
6970
7639
9643
5340
4671
8961
137
73
5141
123
9708
7676
3681
3832
1173
9994
3971
564
3702
8912
4578
8512
9485
4478
7234
4081
2782
3484
532
1003
8152
6809
6653
3864
6167
2603
4725
3208
2846
7173
3874
7990
6841
1249
1667
1844
1357
201
1605
7227
2699
4414
1248
5956
1588
120
3878
6932
8899
1040
1216
5927
1908
4794
756
4321
374
855
5905
9460
7277
2987
4558
185
7661
6152
8380
5043
5340
750
1558
4694
5565
4013
4806
8720
4829
2849
4038
2707
9083
1559
7777
887
9023
1559
3025
9699
3366
5026
4027
5396
1040
5243
3276
606
1993
682
2938
990
1093
4600
8816
4043
7888
9895
7899
7309
2386
7009
6954
2103
7084
4956
6525
841
5964
1162
4331
3915
9016
6483
1474
5890
2994
1894
7195
2662
8065
5713
1374
4171
5862
1927
4858
110
2048
3012
9381
6651
9015
5613
3071
4451
2276
5423
1192
3386
4981
465
1147
2741
6708
4038
6482
2908
562
9839
1993
5434
6082
5864
293
3368
8495
5981
130
5442
7097
9967
3203
5435
8773
5537
6974
9374
4190
3923
6567
4201
6188
7596
2654
8542
8813
6494
7910
1214
9640
4460
5811
2798
8631
8092
994
3116
6530
6002
8439
7079
6770
3963
5167
5120
3631
8329
8700
4167
6435
4634
8809
4576
6492
5629
5689
4509
3602
6807
8053
2229
4663
4956
7100
7465
6001
4919
4368
6967
7137
8600
5134
3663
6824
2813
7804
3538
7885
3207
3681
3755
7885
1441
7221
3480
560
1508
9735
4427
6359
6657
1765
9154
975
222
5295
610
9489
2058
1317
805
1835
3293
5418
2041
5866
7769
4110
5273
184
4510
3108
908
9027
1803
551
2429
6966
4488
3851
5795
385
5655
4223
9378
445
447
374
2121
6640
7693
947
1156
114
6824
5187
6608
7529
5497
2465
8470
8616
6242
2057
2668
8271
5704
2399
681
8085
7043
8405
2721
9553
1660
5986
6408
3492
2049
9559
3581
3292
449
1045
9793
8619
3149
932
9368
7169
1297
8927
8896
3113
9725
9605
2225
4401
8800
2527
1669
9082
8867
3871
1594
8942
9593
3620
8521
3375
1790
8056
7350
99
9782
5658
9962
4319
655
9060
1429
9436
3813
5656
3478
8060
8177
5939
1956
8224
1436
8473
7609
5780
789
6566
719
7243
9359
2655
1536
3215
4371
7229
8180
1396
726
961
696
6243
2235
8305
3417
3905
5925
9827
5447
4302
602
5598
3455
7818
3364
5449
6204
2599
4811
1151
7210
8781
792
9012
5516
3041
8588
5050
5
7355
4289
7721
4742
6262
1682
124
53
7739
6384
2694
747
4961
6012
2711
5335
7654
8140
574
2320
5726
5334
3710
7171
2422
920
1920
354
1176
9443
2911
5564
5827
7716
8419
3933
2086
7950
8740
885
2136
3826
8043
1744
9026
6880
9678
8482
3881
464
1452
3900
8634
7142
7134
8664
8052
2769
9937
9783
8961
7276
8504
7006
4532
8797
4033
4461
8686
3043
946
3540
831
1450
848
8490
3239
198
5911
7460
6263
6878
7211
2498
6216
4667
6447
4292
3165
799
7439
2624
2289
5909
661
9140
6962
2975
2614
6651
7635
4061
9202
5925
3655
2009
9253
9778
1318
3796
7802
6444
7135
7248
2603
7982
4755
5658
4546
2087
993
8299
5927
683
9086
1878
7886
4999
4052
5231
1451
8977
3526
629
5809
8440
5115
2611
1945
7600
3710
2121
9037
6950
7249
5507
970
1482
940
1028
4148
4520
1270
9301
6320
4541
3638
3168
8417
8578
609
4866
9443
8376
2570
848
88
7955
3656
293
8398
970
4629
763
9482
6720
1479
712
1639
6873
9885
2878
5588
2010
1336
5428
4159
4349
5995
3759
3191
9676
6062
9571
45
5375
7492
3745
8055
9776
798
9099
6312
6130
3471
3528
7462
1257
9100
9545
3272
8604
6550
4087
9593
8443
3706
6533
4534
2054
4565
696
6438
9178
4119
6323
6517
5010
2757
410
1
4524
1450
500
4159
4214
5740
8190
9170
6481
916
5830
480
9998
8875
8286
6121
9904
583
9895
3409
1741
7631
2005
4471
3511
1118
7874
4190
1612
4365
266
4947
3194
8025
4161
7047
7708
403
9251
8246
9960
5805
3583
5658
942
3577
4046
2881
3584
8000
2514
214
2133
723
7658
8700
9733
7828
5391
6157
6965
5546
9961
156
7587
3283
9171
2314
3619
6783
8599
8845
161
9843
5397
1413
8677
5675
7977
7096
7998
7779
4905
1987
2412
520
8940
6599
2624
6441
6526
1277
653
1305
4974
2038
3388
8834
660
4153
9959
9070
3641
1037
8839
5690
4145
7633
5043
3644
8793
5854
2997
8739
2300
7722
6767
684
1148
4583
6986
1535
4695
6555
91
588
9415
7525
5821
1235
4808
4769
843
3621
9493
7428
5925
5902
55
1700
3685
1794
6976
3747
5425
8440
1826
5955
8855
1050
3826
7886
260
5971
6246
675
4561
4627
7581
1522
4671
5493
10000
816
6447
1930
8519
2267
4997
4494
4188
1023
2836
8486
4716
4295
1944
3516
2543
906
1164
3377
6983
3760
339
9739
5316
8726
5392
9137
7158
2221
7176
86
217
9992
7206
7966
2049
3343
4232
8649
8834
7179
9104
8754
2560
3634
8315
7453
1862
844
3828
5804
595
1819
5798
4450
9694
4754
6728
172
2753
432
1611
9097
3237
8067
2487
4433
2998
2054
5905
2009
7656
1558
1818
2491
8849
7241
9347
7258
4228
6214
461
151
9195
3688
969
4335
4346
3386
9179
5641
3025
6288
4731
9471
1594
4385
3633
8294
1882
1170
7169
834
6517
8461
1164
6693
4306
2431
6043
1084
5568
1056
2271
7687
5490
2414
6139
9833
6423
4019
9680
3547
4121
554
9311
3918
5806
4787
9181
4555
8023
2804
5657
2012
4079
6988
8226
5578
7628
9635
4296
1863
3266
3177
8062
8750
7750
4355
9551
8184
7222
1453
1391
8629
5966
8325
9959
1665
9672
81
25
9409
2460
1019
8537
1989
4908
6701
2674
6218
5643
5813
5297
1064
2820
9497
2179
4202
2166
4397
42
8803
5341
5856
7725
6889
4257
6530
1939
697
4301
6276
8080
8536
7768
3014
9168
4458
7472
8319
2054
86
7519
9061
430
2447
6796
2382
2789
873
2967
9690
9920
8322
1549
3476
5837
3675
6451
9688
3528
5870
2400
8679
7822
4621
8692
7209
1728
3076
5461
1243
9292
291
2617
5319
3948
6177
4134
5120
9946
2252
6119
3996
6541
2478
7256
2761
6579
8822
5427
5701
7673
9260
6380
4220
9061
5182
5205
280
241
3995
6767
2140
1016
6284
8844
9940
3110
5063
4998
6942
4046
4070
7250
7303
3797
7544
9585
6350
7190
209
2870
1887
9958
3507
6265
2517
1853
663
2472
8927
3815
2027
9227
2492
1141
6361
8752
8676
370
6280
1169
6799
6944
759
3514
1757
1697
3460
6595
9628
6485
3779
8030
9129
3785
2773
806
1220
7865
4401
225
1763
4252
4302
874
7655
1071
6565
2629
9160
9753
9681
7275
6566
5580
1596
6986
6594
1278
6753
6628
4541
1926
6398
1750
106
4912
5375
5735
6883
2191
3622
126
7463
6699
1543
3321
2991
5765
2543
3825
4655
9538
2932
6749
5983
8018
8054
8365
257
6817
8373
3358
4792
2143
3049
1577
1631
4169
9133
5163
7638
1535
7422
2543
8412
6006
7437
6469
5797
5193
5523
3654
2588
3789
2926
4255
3786
9409
7142
3900
4500
7209
9896
3335
9720
5399
3562
6294
3457
8185
2672
8473
3319
8902
7951
9218
2403
8724
1599
759
9924
1599
8270
6757
2199
7733
8688
8131
1240
7621
2055
1019
6503
1591
563
3345
222
2515
6692
3680
8550
2222
1020
7388
6827
5284
4210
1352
7526
2886
2908
2604
4005
131
2151
4918
2690
9829
7324
1877
7619
9210
8121
9820
1504
93
8879
1126
6625
1091
6239
4634
8473
3848
6056
1149
8336
794
6478
1218
4963
2363
3605
1916
619
2037
8801
6702
4829
1127
2243
7699
7706
8331
4200
2779
326
9350
4192
5059
8786
7347
4223
9966
8556
3722
9455
6869
5198
8343
4509
3919
3912
7169
7461
5616
3019
8840
9685
5132
5873
2577
9024
9352
2123
8401
155
5564
5655
9
3234
4473
8586
8683
5835
3823
5647
3061
8017
8563
3104
8289
9872
4575
7107
2919
9081
6099
2954
6588
6011
3175
9803
9244
5909
828
5007
1704
8889
5519
1674
9129
1664
9365
7161
2630
940
149
4767
2802
5014
6562
1555
8613
3897
265
3349
980
9224
4262
5178
2451
2004
3619
8659
3137
2297
7044
1769
8990
7278
7313
231
2959
7766
3436
8233
6479
218
6881
3079
7152
2461
3068
5238
554
3577
1588
1991
8583
4722
8086
6451
9206
5669
1122
5123
7136
5397
8343
1805
3164
585
9413
1929
5117
171
6269
8635
6671
1319
3973
782
6166
3311
9032
3342
7815
7056
4387
9612
5018
4610
850
1373
2604
5469
5258
4301
973
1525
3095
1421
4586
4956
586
4972
7588
4890
8981
9139
318
1593
6996
2440
3282
7606
5102
1478
5450
4781
9268
5323
8316
2586
8360
8675
5609
2725
9351
9567
6774
5238
6306
1534
1125
5089
8550
2213
8006
5402
4307
3468
7528
8153
7506
6831
6542
332
970
6440
8653
8574
5166
8253
5817
7005
828
23
9842
8678
2336
4967
7234
228
8067
1831
158
8555
8841
7603
2763
760
6003
443
8229
777
3173
6469
2856
4065
1327
4869
9280
1180
4596
6740
8037
1835
7371
240
3175
8437
5011
341
1920
907
6081
5134
7694
2965
2729
8684
604
9348
4377
8815
7186
755
5878
5362
2171
1840
6283
3404
5477
808
5658
1061
93
3086
8685
6946
9674
408
2337
6892
132
3548
8585
6633
7317
1028
2798
9763
9978
5251
823
2831
3135
6421
3451
9555
8952
2853
646
7489
7418
4159
9524
5008
2505
511
5525
2527
1464
2331
4468
2831
9559
8274
122
9480
9598
906
2854
7296
5503
9043
3101
9836
6916
9049
2210
4108
7550
7933
2077
3830
7697
4639
4879
5782
2230
2057
7558
908
1812
8628
6873
6664
1878
5545
1930
2567
4238
2492
2375
168
8962
1528
1935
2723
8145
4717
816
3909
2497
3560
8924
8836
5294
593
3943
7103
4674
8080
4895
9219
1018
3633
1728
160
4192
3804
84
694
6229
1013
2328
8970
9859
498
4265
7485
7234
65
8085
124
8661
7240
929
7311
1808
3859
110
8703
2626
3418
7475
3478
1820
2874
8722
8213
9248
6781
3933
5486
4841
1495
5374
9966
2934
2261
8529
2515
5965
1144
2171
6339
95
2098
1503
6866
1227
2075
9868
8192
6731
6988
2567
7819
8124
4474
5948
4041
1863
476
7799
2863
7686
8539
9465
1574
4117
6765
9216
3309
5849
3086
9856
769
295
1628
2305
92
6407
7657
4456
5914
5107
1293
7450
365
7081
2344
2372
477
6755
739
8396
3143
6871
9887
1710
6101
7098
8950
3162
7779
9185
427
1579
4658
4214
4557
6090
602
9366
8892
2040
465
1362
8777
7995
3480
485
3084
1700
7937
6325
2443
1854
7944
5249
479
8310
7186
34
1984
8929
1147
9757
466
2486
9946
5751
9229
424
9548
9465
483
2078
3761
7824
3560
7649
7891
3695
2095
1599
9170
8226
3239
5738
3287
1322
8412
7449
4544
4024
5436
9655
4121
6658
1716
8781
5785
6693
2479
9663
3021
5014
1911
2112
1939
2543
2198
1240
5362
9733
5978
9971
7574
5532
9304
2513
7991
3246
289
9037
6480
1802
1033
3248
620
3457
6026
15
19
3191
5866
6209
1704
8396
6959
8300
4312
223
4507
1752
1595
9515
2038
366
3558
260
7806
6063
5818
936
5073
6490
5990
233
1725
6526
168
6365
3310
5819
4791
8490
6017
8624
4754
5235
2734
7730
5855
3378
2085
7633
5488
6109
3299
7870
7615
1553
3337
6069
8636
7889
2711
7257
5078
3084
2518
6780
9745
2851
6387
6551
9140
3538
384
388
9783
8810
8116
9659
3048
6107
9317
4758
9922
839
7268
5798
2774
3601
15
5463
6549
7028
5214
9649
8757
9509
5507
4653
3126
7361
6752
1009
8371
9347
2604
7250
9334
6048
4431
6834
7111
6247
8454
1376
9299
3393
7865
5356
6123
3974
9923
2895
2427
8701
7504
3158
3826
7295
1365
4973
2207
2789
1774
5378
3508
8660
1623
7088
7425
3916
6291
3761
7698
4546
4084
3953
5098
6822
3633
3208
1462
7086
2295
7461
1304
3826
3226
2326
5270
2482
839
7565
1629
1499
3705
6788
2582
5519
9057
9932
1241
4434
6355
3356
3986
9034
8464
4697
1982
1432
4409
3225
7058
540
717
115
8012
5203
9894
6398
4641
6020
9610
9877
4933
3120
4648
2361
1358
2894
9176
5031
6340
2906
2649
8042
7265
7788
9225
5377
2613
8648
4011
7567
558
871
0
6753
7497
2323
5277
502
1977
6258
7390
3685
5178
6347
561
2451
4915
9368
2304
3411
6679
638
8910
6429
7308
6678
1786
8640
3259
3162
7997
6446
2871
1184
7795
5314
7314
9342
3476
8595
9942
5378
5674
8757
514
2878
9829
8700
7754
9731
8825
5876
1476
6960
2491
8300
6323
7493
6530
9273
3920
4003
4331
7761
9525
5473
1315
4340
2412
1190
9766
9271
5244
2476
7897
9819
7304
4160
2700
5572
7509
3045
2932
7042
1670
7552
6480
3163
9127
9715
72
8650
6870
1623
7701
937
71
3582
8692
3050
8765
5336
272
4921
4502
8037
4797
6397
9612
9119
588
6099
9284
8957
217
1035
6392
6017
6689
3128
6201
3365
4786
3459
6648
5522
465
3147
4184
59
5867
4251
2907
2111
7657
8758
9480
5870
7369
8415
1519
8073
7314
3521
2886
5798
7042
15
8330
276
5631
1242
6402
765
8565
9882
1546
2775
8640
6598
7668
205
4073
2269
682
516
2689
7790
9084
6194
5443
5130
3554
66
1608
2738
6338
4478
687
6212
1479
4075
649
3516
6620
4085
2838
8632
7330
5539
5084
9782
7400
4754
3169
7892
3783
3717
1430
1029
8078
26
7653
6749
1054
4565
6630
7088
36
1488
3389
4654
590
8078
9377
9183
1300
3534
6683
1155
8849
7302
4565
4388
785
5700
3955
4088
3842
5733
8192
8717
5281
117
9159
1930
3540
5718
186
2557
4930
5305
1021
7478
629
8454
9838
693
7668
7346
4448
3850
4518
3096
1381
708
8711
7039
1698
1395
7733
1023
9737
3456
7718
9978
1893
9643
3052
3385
8617
124
9261
4275
7880
2421
9120
5476
1861
3452
4582
164
3351
5161
2096
1060
3176
9024
8166
5769
4637
1743
5225
5666
9205
4193
7375
4901
377
9821
23
4967
2666
3067
155
7425
2143
5686
4083
4239
7988
6563
4778
9992
9852
9067
5492
8542
6214
2382
1903
5212
7785
6111
9287
4947
4635
4070
6470
6300
9023
2375
7067
1194
4777
7458
8150
7117
4902
9477
7676
736
6711
2233
9098
5920
3833
1850
5775
8699
4248
9174
421
1960
6503
7401
3350
7787
7628
972
6102
5131
7688
5439
3107
9792
8858
5613
7372
9107
3174
1303
7963
869
273
5515
941
129
6484
6641
1226
6334
9240
1180
8877
3744
5074
4248
164
4204
4900
3742
7026
9047
6495
1774
7090
6896
5027
5980
9592
1731
1621
6809
8621
7164
6587
5290
8485
3397
5808
8785
6282
6915
2931
5001
4083
7319
9597
7208
6130
5880
5382
4265
3758
8098
2644
1423
8178
4612
7847
2656
4521
5390
6168
1404
4459
5559
8802
8741
1866
8930
6934
9143
8267
3831
8585
9719
3124
2589
4614
1356
3813
3127
8158
6321
9853
387
2354
7193
3984
4986
8125
1133
8628
3066
5082
6652
6258
6580
9457
2938
6755
7513
434
554
808
1150
746
350
6075
2950
2961
7654
3728
4141
7315
321
851
648
3595
7951
8710
3322
8165
6068
3953
2630
9550
5701
3403
3
7791
6513
6150
6376
5112
3429
5969
6104
3268
7642
7419
6383
4668
808
9347
345
4480
5036
6245
7493
1490
439
5894
4583
381
8278
9644
2099
6061
7329
5290
8374
7846
1858
2976
3398
726
7254
6785
7358
4296
8220
3797
8897
7440
4628
6715
643
443
6924
2143
8650
5629
6749
9143
6842
6194
2987
6378
3569
6163
654
6015
5833
1724
2815
4883
2835
7332
8561
2439
3006
7774
6730
785
9255
8177
5536
9085
1449
239
4289
6793
9252
4412
2088
4064
7774
9895
8565
2996
4730
8649
7760
8353
67
9668
479
1483
112
7257
8850
5772
2838
8727
979
1342
4753
3398
4565
862
7125
4421
2814
6959
8626
7123
9253
3173
6718
1482
9071
7023
4626
7133
491
1377
4484
534
3330
4708
2062
2629
8399
4697
7229
4349
4010
1257
171
8268
1547
4255
6734
74
4366
7703
8110
9172
7826
4821
2158
3243
8076
6146
3192
6895
2926
9441
3375
5336
5225
6961
2137
924
7674
7579
8788
4068
2765
2670
2459
1023
7458
5102
3025
9036
8820
3584
5303
8509
1034
6003
8144
2769
8409
4343
9894
7506
2207
3180
9571
4923
1394
8837
3696
7172
7043
5919
8013
943
3865
899
6032
6836
7662
4344
3249
7216
1230
6403
3580
5884
322
1519
31
2578
8192
8600
6182
8935
3164
5642
694
8860
8008
3071
1363
7055
2150
6590
6676
215
7798
970
3580
2552
8873
8161
758
2724
9045
2711
7996
9550
4833
3066
7994
435
9201
8963
8895
9880
4769
2449
7522
8558
4786
2034
9593
9442
8630
1287
2978
8297
796
6903
1315
5507
617
9629
3681
4875
3369
2466
5933
4001
1851
808
1638
6900
2077
8328
7368
614
8828
6826
9810
908
1458
250
3580
4241
3809
6582
4854
955
1186
838
9662
3318
6874
1580
8087
1946
490
6773
7871
1759
2888
6690
4390
2923
3029
5131
1255
4869
827
1090
8400
9605
9137
2715
5149
1440
9627
9426
5866
4996
4824
237
3168
782
9357
2500
9951
907
548
605
2395
1294
5679
2893
7521
3596
6523
4119
6668
8876
5722
2825
5967
3367
7246
7433
598
2619
8682
1794
6997
7217
5058
8531
8687
7945
6277
7952
3267
8629
6581
1206
8306
291
9414
1531
3913
6393
5262
9668
9179
1134
2585
8484
4126
6014
2048
1936
7060
1263
8685
8551
4358
5238
9862
42
137
3867
511
8215
6932
6793
1473
255
4972
8613
2454
2869
884
4160
2349
8013
7688
1685
5189
4273
8272
6187
6057
1729
9856
650
1146
1823
1848
4297
9719
1467
6507
3765
2398
7310
9989
3924
5850
8614
5389
8877
5011
6360
1233
1986
5912
3495
7574
4268
4878
383
7060
562
7192
3980
3167
6340
9000
3546
3628
8967
8858
721
4443
8709
870
2612
9255
9427
637
7095
3525
2341
2294
4643
3693
9655
3046
8626
9663
2749
5143
4654
3640
811
4381
8838
4155
983
6512
9523
9540
1379
3077
2548
7994
1263
569
7915
7808
9832
3900
1912
5163
4673
2491
643
6253
6887
1547
9872
5112
3378
978
8410
1728
1646
3703
4471
8949
6155
6367
5535
2180
123
4591
7834
414
3800
167
1177
374
5916
436
2885
9645
5629
9935
6719
7721
4537
6870
4322
250
3784
9582
2041
9166
2305
9895
1533
9891
8261
9401
885
3340
9086
9062
1709
5589
4107
8037
3555
5116
6381
289
6125
1385
4018
9729
224
5156
3454
6998
7751
1134
7170
841
7640
2482
6512
6269
8097
8471
3337
5261
3984
7178
6955
8354
5637
6008
9301
7563
3483
8896
9432
2702
2483
9324
3213
4641
9225
3416
5436
8520
1741
2043
1131
8459
521
7646
7149
700
1215
1948
3593
98
578
7102
543
8907
1378
4231
6607
8642
5666
2348
1259
8874
8018
3949
1539
3872
8912
6864
581
5754
8566
7677
5673
8228
4379
7103
9342
4884
1269
3697
2179
3520
2121
8446
1514
977
8021
6370
4328
4559
8014
8111
9819
377
3454
5669
1876
7850
7993
8601
9312
8640
396
4808
114
7291
8603
7276
4543
5400
70
6091
9624
4109
3961
2692
89
4735
1926
6220
8862
9068
4239
5741
3606
2338
7393
10000
7392
4937
167
1502
5531
5424
8801
5947
3498
6351
5777
88
758
9664
5467
7154
6489
2535
537
3394
2730
2407
4841
242
4198
5682
5049
7685
2790
631
7537
9392
8722
2923
8598
6252
493
7942
3588
9436
177
1044
1731
2113
3234
204
5069
74
3201
3268
5672
7723
3559
8261
2194
1325
7858
1661
4329
1955
6077
5268
1225
5835
8526
8979
955
2638
7969
9094
3526
8727
2997
8427
5905
4047
3590
7590
2595
8352
4979
1937
983
8504
6267
7572
7440
8331
9766
4867
6799
6019
6462
6049
6623
3384
5011
3334
5244
5234
392
2753
2760
7365
1544
8780
3575
2471
1408
7208
4684
2190
2854
4878
3057
4874
3106
6295
8417
6543
3251
8788
3657
5461
1703
6143
2997
9796
67
434
2833
417
2582
4332
2444
6777
8295
3733
3295
720
722
4640
3662
2687
6488
5456
8300
2141
4719
3831
2722
1278
5960
5125
7596
4264
4934
5508
8169
4753
3535
6302
4939
3097
741
4215
6195
6583
3213
4311
553
7352
6843
8044
5723
205
5040
8744
5580
1764
5439
3958
4892
2828
7359
2494
4966
2282
37
6428
9544
3939
990
8677
8157
2769
461
6514
4610
6350
5360
5670
9806
8632
123
589
8703
7531
5052
6520
9969
7995
3865
9348
780
5975
69
2069
6912
8000
8113
6633
2689
8201
6578
1030
2602
1701
8737
7267
3725
7298
4986
9896
3013
1769
3426
7350
5138
6350
208
325
7523
7668
5799
956
6205
1162
7794
7527
1487
4808
7069
3376
9553
4921
6917
8543
8735
6883
7825
7057
6585
5263
6664
8968
8411
6431
527
7059
747
5269
9944
5992
360
3079
5266
5055
4511
943
1275
1762
5335
7989
8803
6952
2034
3783
9571
8888
7997
9336
1246
4812
8465
1277
7152
293
8151
6597
1187
3443
5795
5063
684
4032
9362
5520
5077
1329
2467
6921
2362
210
1382
8963
445
8412
2379
7293
7861
9257
822
6038
3361
1267
6597
2834
6233
6125
2919
3994
8985
9460
7726
8027
8751
1646
752
7615
465
6985
6300
3423
9096
778
8596
8213
3963
3944
2815
6314
2872
3484
9039
2241
3700
2802
2926
5925
2935
2873
7693
2323
1019
6577
2374
7591
556
3815
9847
3925
6451
7717
1300
3357
143
3198
6326
898
7316
3576
3806
5346
8504
1300
8929
7699
6434
9484
2074
5757
9070
9621
6682
563
1730
1932
4408
6534
9823
2367
333
8650
8749
9353
4467
7342
7651
6347
3791
5680
6357
7274
9266
8404
8472
9718
1161
8620
7526
7872
6526
3204
2252
5441
9169
4821
4921
2249
8014
1153
9983
5737
2238
4052
4638
7037
1342
7427
389
6388
7921
4001
3798
1597
6120
6035
1441
4138
8956
6011
4219
8600
8867
8641
205
753
4149
478
889
4498
8175
5164
5138
4043
289
4704
3603
7074
9079
7034
7334
6959
1649
1586
4984
3413
1195
7145
3296
3541
8631
9473
628
3495
659
4612
9295
3581
8558
8906
3253
9714
8770
9635
5231
571
5170
2333
8551
5008
333
917
4512
620
1690
2457
8851
2624
5798
757
1959
2434
3264
9570
5212
4134
7339
6709
9945
7126
1396
8296
7555
4333
7328
7568
712
1947
6315
9779
9849
4244
373
4829
5338
5582
5662
2790
2271
4022
8826
3264
5197
9184
5136
3259
607
7171
5090
3123
8434
9371
5392
2713
2210
7543
7242
4866
424
5300
43
1876
3623
3594
2874
1892
6175
4121
8372
3697
7613
3189
1021
9520
6796
8038
9164
7140
8723
5519
4370
2999
4308
3855
5510
7877
9106
8044
8204
6714
7635
1352
5498
806
9020
2478
7966
5376
6335
4000
7373
7193
7764
329
5794
9288
2275
5020
9477
9681
9326
2380
1674
8534
1521
4199
378
5822
484
3716
6551
620
6900
9193
6126
4481
6925
8095
8849
4296
3978
7865
20
856
1490
4669
4091
1848
7590
7090
3754
9667
7852
489
8736
5621
1209
7852
5241
4238
2794
6613
4095
2532
144
1281
8762
3744
804
9100
1097
2157
608
8704
7444
6160
3300
3837
9285
9477
8364
4564
9504
369
3535
7745
9923
19
3938
8831
223
5636
9049
6227
9547
4576
6774
2037
2655
2762
2081
8857
3840
2599
7808
3937
3274
8664
4638
9054
6920
808
7985
2690
3257
2722
8317
6038
477
2815
2566
709
8910
1459
9228
8327
6880
5455
628
4426
8458
4642
8179
2337
8863
5522
1316
5698
3380
3363
674
7620
747
8902
3852
728
6160
5801
5827
7287
9397
9575
6340
2153
2298
5346
412
402
4738
6478
8972
3199
7168
2016
9671
1896
9342
9415
9012
3541
674
486
1442
5413
556
4771
5348
6946
2881
2752
287
5750
3426
8135
2693
9406
8804
6271
4496
6655
7084
8429
7009
1344
7639
5599
7943
2380
8495
2123
1974
8139
1765
6545
3098
3366
9277
2653
221
3286
326
8563
6423
2050
7431
2417
4703
7631
9730
6168
9956
4161
6714
8714
519
1304
6465
3686
6393
8085
974
6995
439
3330
4791
6609
768
9016
2464
5837
338
5471
3998
6434
8689
9962
6481
4138
2834
8997
6953
1528
2462
7534
7115
8655
5832
1733
2517
2738
588
8555
164
5672
8526
2941
315
825
7918
2999
3532
8107
1888
3007
8968
1550
4224
2965
5676
3993
7036
9509
7728
3907
4646
3817
654
2268
4964
4703
7623
986
5426
8610
6380
3757
1859
3993
9416
32
8578
9863
2741
7546
3974
581
1023
9465
3194
7374
4324
4295
684
8178
9151
7276
9449
3639
2247
8494
1487
835
4744
2444
334
3456
5551
7797
9927
5418
9036
2070
9022
9110
9283
6075
8143
1664
5269
5669
7320
3100
5015
7605
2921
277
8439
484
2861
1598
3540
6567
5744
617
544
6541
1342
2657
289
3678
6474
3976
8569
9971
5294
140
893
160
4178
6222
7576
6220
5611
5911
8388
5045
9754
3932
6664
8787
3152
2695
8943
9513
6533
8606
8592
444
5273
8871
7374
989
2391
9698
2466
8140
1606
4325
5675
4386
5990
5049
7477
6127
5064
5386
5757
9326
2093
4939
6326
972
575
6051
1623
1948
6715
8784
2180
6516
1896
9625
8536
7498
8668
8016
9362
9335
8649
8153
4972
8072
9181
7803
6927
6174
1416
2656
2176
5672
2951
1126
1610
1203
3127
3002
7116
3208
1962
2361
7663
7438
6558
3884
4300
2495
3538
1737
5586
5794
9644
520
4964
1269
4166
7028
1432
4877
3083
6266
7077
7689
1131
9035
6195
8862
3609
3060
971
5370
78
3477
6025
108
3298
241
1764
8759
2970
8162
8845
3122
8541
3025
6277
7472
8303
6661
7676
7841
8873
1945
6656
3231
2498
9643
4553
3640
2683
7022
650
3677
1921
4666
6733
2508
9605
7144
1428
4484
6776
9233
2620
8526
8607
7114
3713
3059
4799
5621
1681
3278
9005
5636
3294
8038
4940
9495
3240
2741
6548
1497
6874
2065
3931
184
1749
9760
9384
9071
1159
9912
3080
7648
661
7531
8982
6516
3604
5398
2802
6773
412
627
3712
8847
2494
9720
4700
3827
2756
5135
1839
3086
4579
2157
4806
1716
5061
4930
4811
451
9936
5896
7590
6019
3028
1286
2259
1396
6457
1349
2643
3976
4368
9423
3261
3525
9231
6287
2156
1898
9647
6515
3493
1867
6808
2879
410
7245
6074
4941
4167
416
1136
3898
4675
2959
4184
7916
6814
2633
7358
6901
8934
1841
233
2306
5052
9186
1746
1028
5306
5335
5899
1267
7486
7467
5425
2594
3829
553
1189
6024
3032
3492
8954
467
9097
9796
5994
217
8331
745
2507
8932
9473
6640
3406
1281
1748
1505
711
4878
5034
6913
1943
1298
2727
5154
3686
4358
4897
6144
5675
6871
9711
1467
652
6878
2650
7946
6751
6175
5062
8177
3744
7238
6065
7707
4325
8166
374
2152
7928
6966
8752
5549
8088
3396
3723
1972
4571
3088
4709
7906
7648
2765
3883
627
7271
9075
6710
9698
6933
8560
4619
7589
4571
5576
4724
4727
9974
735
416
2875
496
1622
3821
6942
8311
1365
733
1548
7141
2098
6835
208
694
2160
9306
1186
4068
5290
9975
5308
9444
6698
6240
5152
3798
1254
7929
6707
4809
2201
6729
9361
8037
5903
8940
7998
9247
9127
6180
9236
7030
3557
1639
2579
6099
7098
6499
5456
7000
1834
7205
7806
9170
6793
346
2739
9717
8360
7558
8151
5171
5051
1937
7065
6167
331
2686
9026
4556
8030
328
8339
2927
8805
3980
675
1351
68
2698
8105
482
8053
5118
2009
968
3209
2216
1867
4746
6046
4030
1488
9928
2348
7669
832
7074
4770
1563
9672
1644
1065
2488
8011
3196
464
4402
5066
6797
9566
7599
8731
4083
8207
9153
9784
44
7093
3215
3422
4258
4794
8966
6386
546
1355
2936
7970
5196
1706
6806
8770
9580
9074
9234
9219
6639
4561
5367
39
7832
8161
7164
9731
9401
1817
1843
1573
9820
1488
9637
6651
7022
2036
481
2081
35
5724
3964
4391
9815
2941
307
5852
8990
9940
1971
4390
4712
551
7432
3814
2220
877
5065
6814
6455
607
697
3267
8947
2437
3468
8475
7398
6663
5941
2288
3836
8123
6778
5706
8206
1820
6908
6221
9258
8462
5235
1595
1253
4193
9422
2027
6914
7317
9092
2013
7447
646
4242
356
8570
5945
4660
3275
2439
2255
4365
1023
3902
1566
736
1238
6983
1741
2898
789
7941
2474
1302
323
6073
9691
398
7747
4904
6383
5206
4000
7930
3514
149
2165
2103
4747
3150
4139
1297
7489
9841
8586
3631
3521
1268
1026
9199
7748
6208
6249
8242
8647
4222
8106
6820
884
83
4555
8201
9980
9327
9972
3363
7793
9450
5785
129
3905
7637
8813
2406
