8833
0
9338
5895
-7395
4568
7169
7401
-4091
2657
8564
3296
-5409
-4403
-8718
-3847
8981
1954
8022
2201
251
-6849
2398
-6907
-8791
-5039
2221
-3134
-2816
4035
8177
4410
887
-26
-5530
-1262
9102
1415
2078
-8220
6938
1757
5458
3470
587
5412
-9048
5464
6372
-335
1772
-2146
1354
8305
8187
-798
779
-7176
6544
-6603
9975
1256
40
-7330
590
-5035
-7767
-896
-3390
4540
-8856
1136
-8398
9826
780
-8888
-2295
1031
4074
8266
-106
-9581
9689
-6595
-7452
5590
-2934
-2579
-2880
6854
5030
-5906
457
-887
1203
-1288
-8850
7852
7355
-3701
-3498
-5841
414
8286
3337
2624
-7297
2719
-953
5165
8350
4957
9578
5264
4766
1437
-876
4410
6933
5288
6875
-7296
2560
5260
-9909
4815
-2472
5048
7742
-6357
-4975
4067
3378
-4763
-2779
8077
-7811
9327
1279
6080
-6104
6147
-6940
5136
-6990
-2242
2398
8562
-3530
7968
860
9243
-7521
-6949
9520
8320
4607
-2973
-2320
-460
9782
-6572
9381
-1223
-7546
6934
3294
-3003
5620
2926
-8305
-6482
2258
-6864
-8325
-4266
-8174
2290
-3149
-8363
7869
2098
-7917
6501
8425
-9808
-1765
-7913
-6586
391
6146
-8023
-4426
-3343
-7427
4683
-8228
9395
755
5785
-7482
425
8401
-3970
1254
-7808
5292
-1427
-1177
-8987
2022
-6928
6833
-6268
-7389
289
-179
-8134
-8258
-115
7307
-9445
-6047
-5315
2906
369
2450
7166
5965
-4129
2704
-9717
-716
-5832
-1880
5996
4293
1826
-260
-284
2973
-1950
-9605
-6423
-8416
5633
6663
-3633
-4430
-8690
976
2225
1564
-6084
-1206
-8219
5752
-6849
-2223
7894
4165
-8285
-44
-4659
2474
7215
2136
-8315
5896
9619
-1931
7152
7768
8762
7070
3061
-5248
6791
2666
277
-2582
-9106
-6618
3288
-503
-8406
2973
3595
-9536
5213
-3594
7894
-6978
4631
-7791
3338
8265
3848
-498
6408
484
-8025
7259
3673
-2618
-6015
4008
9737
-1956
5948
-4273
-8067
9524
7802
2235
6702
9196
-2063
-3192
1279
-2167
-2325
-919
-7964
1052
9222
-4978
-6373
5634
-6786
-2015
3812
-2707
-1245
6967
5257
5662
1830
7528
2887
-8559
-8121
-5436
-3235
-5634
4121
2739
-2472
-4260
-6112
-8617
-763
-5199
5961
9979
-2291
-73
-6361
2467
8307
8532
-6844
-1130
474
9285
6390
-5185
4362
-4230
-5257
3896
2197
1360
8592
-1652
1647
2295
5767
1663
-7183
220
1736
7394
-6430
4191
-3191
5644
2867
-513
7305
-1776
8511
5071
-7665
7217
2136
-6961
9526
682
2933
-1691
-5040
6120
-3895
-6476
-9292
3043
1207
2283
-7699
3526
-3945
9568
-3413
-7974
-2446
-3690
-5503
3438
-3302
-5029
-4306
6508
-4661
-6596
4139
1440
5769
-9109
9683
3571
3827
-2337
-8701
4469
-7587
2569
-982
-8479
-1161
3515
4486
5430
8123
-8341
-6092
6639
-5618
4270
-474
5806
-7544
8355
8430
-4931
-2418
8105
7161
-1215
-3916
2670
9608
-7470
9849
4205
1017
5010
3107
8909
-8133
-2440
143
-5261
3674
8884
2614
9018
9753
3222
219
-3224
1085
7926
-2792
328
-4867
-9767
-4988
7370
1738
6462
-7842
4363
1827
-6897
-909
5161
0
-7767
8342
-9844
-2561
5872
472
-3918
-9310
2099
1115
7218
2605
286
3207
-5011
-7437
4379
-4170
4417
6827
6059
-7050
9572
-1900
1221
4475
6539
6366
-7804
8572
8801
-3265
4499
-9074
-3337
2800
-100
2940
-2082
4048
-7857
-5784
-2108
1950
84
5131
1446
-7000
6484
1531
1286
-2097
9800
-2288
-112
317
4430
-7433
-7076
572
-5124
-7393
-7783
4795
7384
9983
-8476
1372
8975
-3618
-9737
93
-5407
-7221
-2408
-1710
7012
802
-7466
-9946
2709
-8341
-433
-4958
-2012
6650
8272
4242
-9764
755
-5804
-9676
-8592
-723
-9052
-4047
7121
-274
2006
-9945
-2263
1659
-5297
8628
-6228
-7530
7557
-6468
9256
9488
4374
-8593
-4557
7821
-4247
6995
979
46
1794
4912
-4839
4514
-849
-6227
-7477
8241
-1655
-4207
9177
8842
-3451
1619
-8872
-6605
-8244
-8929
1142
-9166
2100
5597
9268
9711
4233
-9386
6050
-7922
-1179
-3240
5862
-4444
3127
-8704
2425
4634
-4497
-7150
-7091
-3093
-1926
1969
5572
5566
-3699
-9460
5761
5799
-7220
-9800
9946
-3005
7272
4009
-4151
-8706
9368
3504
-3056
-4930
4608
4065
4050
9310
6299
9953
-8608
-356
8248
-715
-2709
-3508
-7970
5521
-652
5430
1802
-4559
-9817
9020
5969
3604
4189
-6820
-2490
-4823
6309
1490
3672
7280
9430
6765
5054
1105
1414
-5028
-9888
2599
-5648
4543
4708
-8735
1376
5090
5034
9316
1707
-2671
-2050
-2666
1348
3664
-7279
3457
-7750
-277
-8077
-255
-9908
-6279
8155
-658
-4526
-534
-1223
-991
-9111
6904
175
-3515
-270
-772
-3411
-1122
-1906
-1599
-835
1430
-5815
7728
-4964
-1821
5158
-148
97
7184
-8324
-2290
-3323
-733
8414
8789
-1996
-841
5614
4849
9961
1692
-2915
-1324
-7924
6994
-6777
8327
3047
-3120
8970
-7201
7952
-7982
9098
-5137
-6545
-6916
5647
-9443
2931
8244
-5003
9560
-76
5462
-1704
-9213
-1394
9687
-2934
6996
8962
9506
-9684
7345
7997
-437
-3968
-6153
-7067
-9432
-9221
2450
4078
7997
-8152
3069
-6853
9772
8457
8550
-5695
-463
8859
-3278
-6651
-6191
8588
-8590
9933
6599
8075
5132
3239
-9170
-8237
841
-7652
8054
3881
7344
-4159
1713
501
2665
-2832
-8821
-8379
-1580
5407
7579
-1778
5511
2592
4759
8820
-1156
-2080
-1457
-5
-58
-6582
155
-279
-3005
-1697
4655
4756
-7713
7423
3907
354
2167
-5158
-1147
-5604
-3894
5428
4042
4730
-8750
7426
-5309
-3170
-2981
-738
3036
1995
-7527
-9011
812
-974
7751
5913
-1313
-1336
2643
9196
344
-426
5762
3852
-2496
-7369
5124
8678
-6104
1454
-5225
-1439
-9577
1494
8193
4278
251
7330
-6902
8147
-3410
-7356
-2932
-4564
4879
7775
822
1997
6231
-3498
-4765
-3075
1174
-5249
-994
-5430
9289
3233
-7263
-1831
-5739
2636
6020
8349
8604
2162
-7834
-1776
-3776
-5688
5188
3894
-5008
8969
-2581
-2584
6554
-1729
-6115
5805
-3561
-980
-3903
1425
6981
-7137
-9297
-6826
-8324
-9625
6541
-946
-660
7180
-4042
-3973
-49
-2841
-7655
-1553
-6032
-7453
1482
-4748
-8305
-6688
4957
1623
-7385
7218
-8463
-4322
-6629
4473
-7272
1423
7799
4352
8971
-4593
-431
-4384
1831
5822
-8814
-4439
-5441
1334
-144
2631
4464
-7370
4280
-3483
4697
-6208
1707
2850
6874
1120
-9788
-5829
-5661
-8675
2835
-6958
6761
8783
-8502
-8192
5902
2715
-2003
-15
-5806
-3796
-8355
2217
1617
3846
1424
-2848
5003
3888
1219
-3901
-5135
-256
5647
-9819
-8923
1158
-6546
8718
-5724
-2954
7473
-3293
8351
6576
-9380
-2902
-301
8920
9673
-4353
8139
-1022
9454
-2405
-7746
9918
7780
-8524
-1691
-7317
-5213
951
-4288
7783
6135
-2963
4361
-9235
3316
733
-7212
-7889
6585
-265
7476
3770
-1385
7535
-4908
8460
-9018
-9893
9023
8149
-6312
-5649
-707
-1796
8736
8753
-5329
-6735
-7154
-4106
9398
4509
2709
-9607
1485
-1632
8793
3478
5115
4301
5722
568
-9833
2776
5042
4999
8158
-7262
-6061
-4178
-4326
7446
4239
-8414
-9127
2611
7534
2337
8909
2165
-6702
-2272
7874
-2865
4899
6898
9794
-8749
-4821
-2587
6605
8027
-5381
7625
9357
1711
-8881
-5165
-470
6568
-6146
8392
3824
-9637
-9286
-6010
-967
-8966
3530
6361
2257
8067
4873
5379
7340
5421
9426
-8398
1675
4254
-4455
2196
-4265
8948
-7107
-5879
-6583
-9769
-6303
3126
-7408
-1469
-9513
5253
2939
1462
-970
-5639
-9369
2464
7609
9014
-8744
-6451
6574
-68
-3993
1640
6539
-5342
5529
4392
7208
-2190
915
1953
7061
1857
-8211
8289
-9309
-3727
1229
-6109
9693
-6111
7024
-7453
-4700
9634
-9347
6729
-2544
-1426
-69
-2321
-6861
-16
-2061
1658
-2682
7682
-8035
1130
-7728
-3597
7668
-4983
-8965
2165
-1046
-2511
-5184
-6145
-9878
-4321
2537
-6566
411
-1832
-5515
-587
3925
5679
-81
-8571
-6520
8013
-2677
-8148
-6035
2676
-7195
-160
6337
9533
-6256
-3548
4959
-709
-6065
4514
-690
-1666
-344
-2427
-2106
-8465
9416
-9048
3615
8197
-9899
5835
-9816
-4560
9067
-4288
-5923
9017
-2806
8455
1474
2420
-5810
-5221
4523
7934
9723
6406
8804
5710
-5287
7824
1535
-2861
-1008
-7745
-1826
-8955
-5766
1320
5190
2293
-698
-9179
2004
5952
-5575
6319
6022
-8994
4394
1734
8603
6146
3252
-7243
-1142
1617
4404
9644
1049
-4326
8735
8178
6746
543
197
713
9681
-274
9744
-6736
9064
-225
-5649
-8135
7297
4648
384
9665
-4549
8494
8135
6206
609
-3893
-2554
-2608
-5862
-8051
898
-9603
-4533
3072
-5988
9120
-7383
-2453
-3270
-9829
-2185
-5928
-399
9545
-557
-5203
9030
3144
4650
-9616
-1138
234
-9821
3920
5495
2951
-6982
-3445
6246
-5656
-4342
4982
2467
-2977
-8930
-4213
-70
-4243
923
-9480
-5927
-2007
7913
7973
-9981
-6591
-9088
-2878
-4576
-4766
6711
-887
-8239
3736
-6415
3981
157
-1058
9994
8615
-3468
7229
-2919
-900
-4088
2140
3787
6012
8847
4664
2004
-381
9866
4156
-9832
3297
-4174
6162
9587
-5463
-5980
-8028
395
3076
2352
-356
3019
9596
7578
7554
-5104
9510
1015
9892
-4361
-6063
-7249
-9648
-4088
-3641
330
8424
-5771
6925
8892
3854
-3897
8442
3016
1784
-2625
7744
5096
7318
-8320
8689
3655
-4809
-7976
-3673
-1017
-720
-7909
-6480
1384
-5232
-3450
3071
6610
9441
6600
9976
5638
-7683
-5672
-7711
-2314
8250
9789
-3612
-3875
3428
-1249
5331
3076
9928
-1233
8633
-1511
-5013
1194
6276
9099
-5602
-4783
-5074
7132
-7594
-6169
166
-7281
-6928
2729
1698
-5701
-9374
-22
5488
812
8295
5563
-5126
-1460
-7902
-2700
1321
2242
8686
-5246
-5244
-251
-2867
-3454
-1036
-3180
-46
-1985
-546
-9322
-6133
8416
6756
6361
-8061
-211
-3770
-7279
3768
-9618
6180
-4920
-9875
-6017
-9407
-3275
-1891
-4786
-5050
-1494
5192
-4809
9543
7808
3845
7540
-4672
-5292
8653
6444
-9913
7773
69
2182
-3079
4113
1704
-4035
9327
8598
-4373
-8810
-7308
1948
-3844
-3700
-7979
-550
4588
-8047
8157
9095
-9874
-9284
-6735
-6562
9593
-4364
-9190
-9332
-9625
2993
193
452
8198
1772
-7812
-9228
806
-1726
-3612
-223
5823
-8696
727
8050
-6557
6645
-8522
-6672
2225
9343
-1119
-5138
-829
-1146
7041
3217
-9656
-2682
-5007
-4629
-4583
4417
-3920
5980
9045
-889
-8086
-4932
-6450
-9526
-1562
8962
605
-7217
543
-4518
9522
-2462
-4433
656
9914
-7707
-9667
4568
-4661
4944
-9742
-176
-5174
-1952
456
-9769
9153
5756
-9018
-1471
-8225
-9926
-9511
-9977
3852
-5847
7254
8257
5918
5970
-959
3077
-6934
-5672
6812
-1882
-9681
-1318
9590
6083
7541
2474
-8766
5636
3719
9188
-5957
7707
695
5574
361
5779
-5178
6712
-6171
-2561
9985
2607
-5060
7851
-567
-7602
2384
-3278
-3998
-6597
3270
-2147
-7758
2877
798
8865
-5073
-967
6176
2577
2365
3323
-325
2503
9118
7605
-7975
-7086
8102
9057
3873
4921
-3480
1926
-9800
1877
647
-5757
5766
5381
-8058
348
-7038
-9563
3602
465
-79
-2725
-5248
-9112
-2761
-6978
-7967
-3411
-445
-5708
-4898
8174
412
-4489
425
1809
-3148
8000
834
361
-2507
-2847
6740
7826
-9206
7473
-7999
8644
-731
3240
-1583
-8451
-8940
1225
-9975
-9091
-6837
-9102
2891
-9556
-9753
7872
596
1365
-2803
-8660
133
-9005
6293
-5817
7286
2056
1440
1417
-57
-531
9416
-2690
2761
-5505
434
1540
6291
-3319
3996
-7614
-9957
4563
9386
-3688
-2122
-5834
-139
-6967
-6215
-6587
-1295
7023
-8495
-9531
48
8735
5936
6680
2704
-9252
1389
4653
7650
3579
4190
6577
-9554
-2456
-4066
5330
7542
7428
-8935
8680
-9894
260
3828
-5143
6403
9255
-7937
1468
-9375
6650
3533
-9342
-7543
-8052
-145
-470
-8864
5552
5329
8889
9555
-6522
573
1851
-1937
4791
5755
9312
104
9988
316
6274
-2416
-7532
-7825
5924
-362
-5761
6761
-3881
1816
-7678
5089
8737
-9487
-6306
-9743
-4838
5581
5941
-2153
-4478
3719
-4838
-5412
6354
-7544
-5594
-8126
-8701
-924
-3123
-2550
5516
4745
-3246
-3419
4686
-1769
-1062
-7843
-1681
1417
-782
-6268
8257
719
4544
-9300
1428
-6750
-6277
6396
2585
9703
-4021
-4168
4533
-5652
-5987
-5636
2340
-5067
1679
5370
9454
3653
-1157
-7147
270
-3519
-4511
-2115
2964
-2371
-7543
-2599
6318
9232
4789
5774
-5815
-6698
7812
-1753
-6798
-1732
-5160
-8133
3997
4241
-3102
-8717
-7541
383
-5925
-6188
-1340
-6520
-9595
5273
6242
-8722
938
-4158
-8725
-5347
5664
-4881
3530
8923
8425
695
-8936
-9501
5900
7493
5297
-5184
6203
4849
-8820
5342
511
8157
7661
-110
4201
-2037
2142
915
-6583
-8926
1762
9078
4772
-8724
-9398
-1271
4203
5307
-9787
-8404
6807
6171
-7775
-6070
-818
1792
-4298
-9245
-596
4476
-8490
-1636
-4389
-3784
-1433
4210
-3905
-2633
-2835
6250
7506
-7948
148
8085
-5503
-9441
-7018
6515
-5985
-3687
6018
-6244
8799
-5929
-3162
-621
2131
-8945
-5885
7392
-9389
4888
9513
3544
-8349
1495
-4933
1002
7996
7418
5527
-9538
-2001
-2094
-7181
1260
-5018
2309
9989
2030
-120
1397
-5584
1170
-9855
8546
-8629
8562
-9139
3654
7388
8135
8065
3239
4644
-6034
7687
-6971
8335
-307
-9197
-8729
6010
-7203
-1413
-3903
1850
-531
-2084
6873
7787
-7699
7930
6868
-1815
1657
-355
-455
781
-2980
-5922
9869
9085
149
331
8871
-2454
-4975
9889
-5696
1862
1436
-2735
7090
-3477
6031
-8994
-3988
666
6548
-9638
-4781
7089
7476
-5367
4317
-9884
7479
-2965
-7291
-7026
1284
-9664
289
-3022
-5431
-268
-2732
-7043
3536
3975
7261
3324
-3769
-9825
-2779
-8798
5953
8679
-7477
9226
-2464
5323
1731
-6245
7781
3614
-5748
9616
4312
-3080
7395
-3511
1412
8715
1790
4165
3562
3088
6300
8051
-6596
-5085
-5556
9613
-6370
8573
3763
6876
-5034
-731
-519
6514
-1828
7447
-5451
-906
-148
1797
118
-6363
3555
-2236
8189
-4788
-729
-1563
-333
2418
7542
-5524
-786
2336
-9816
-9482
-6305
-3039
-3357
-9217
-4403
6590
-5201
-4871
-5342
-7422
-8044
1426
9399
-8738
4839
7131
5166
-8010
3478
643
7894
6583
-3711
5692
-5445
-7325
-7499
3246
-3138
-4446
7502
-9311
-8250
-9115
-2392
7716
3289
-4853
-5179
1112
-6202
4041
1760
-3819
-8453
-7568
2251
-2668
7539
5031
-7498
-5569
7060
-7713
3139
1507
-285
7083
1148
-9129
4139
3611
-8475
1641
-6834
9569
7444
4476
7905
-1071
-177
2696
-9762
-8381
7252
-7831
-6191
-1929
-8492
-5464
9794
8272
130
-7087
1056
7827
-1500
4850
-1848
-6087
-3826
-6305
1290
-9394
8921
3421
-3072
-1433
5472
-5940
-3627
-7911
221
6834
9392
-8304
479
973
5294
7791
7601
9687
2658
-8603
-808
5294
9123
6833
4514
8260
-798
856
-9106
-8613
9219
-699
135
9761
1834
7602
-3947
798
-8752
-9853
-6084
4769
8253
3465
-5087
-1210
-1048
-1504
4667
-3761
-9323
9972
1016
-9715
-4062
3912
-4360
2493
1835
1117
839
724
796
-4839
-8910
2035
2322
-5327
2772
4879
5344
2928
-7933
9851
2783
-6646
-8611
2830
5854
-3580
7676
-688
-1677
-3638
-3368
-9093
-5019
2986
-4269
8213
-9736
-2608
-1844
5267
8346
4958
8179
7952
5762
-8510
-7140
8690
9931
9325
9083
-5105
2895
-9784
-7147
-6375
-4338
-776
1305
-1189
-7134
6785
293
-3578
-6777
-1608
-440
-2960
7393
5000
-1990
9142
-1018
-268
-7084
7911
-256
-4855
-6984
8285
-7468
-2039
-4635
-6705
-5325
-4572
-5398
3218
-805
7838
9964
8392
9367
7894
-6428
-8437
-9116
7286
-4731
5188
-7641
-8511
4635
209
2403
-887
4774
-1757
-9760
9966
-7961
5093
-6011
-6836
6347
-397
7316
1532
9797
-7803
544
-6650
-6616
4338
9919
-8851
4359
5978
-1542
7487
2129
2308
-3661
6870
-8545
-1934
-2174
-9171
5765
3205
8506
-2841
5902
-3856
-7118
5715
-3181
5981
9522
-416
3912
7175
-195
-7953
9927
-7854
8510
4724
7003
-1657
4587
3483
-5805
-7579
8787
-5263
2513
9366
5386
1374
-3256
-9788
3446
-6514
6380
-1953
9003
-2146
5289
6164
1123
-6224
-1780
5510
-6301
-698
5642
-1054
-132
2169
-9336
-8315
1118
-1779
-123
-9440
-172
-5446
-4692
-9988
-6171
8598
-3448
1083
9261
-1866
5960
950
-432
6082
6682
-5587
-9886
-5807
955
-9526
-8437
-6782
8707
-7059
4307
-607
195
3685
4174
5604
6417
7653
5455
910
7712
6992
-2913
4380
-7783
-8667
5527
-8370
-9584
-6926
7226
315
-9240
-9459
3275
-6534
-5985
-6972
-4546
124
-313
-460
1689
2572
-5777
1738
9215
-4056
-7100
8129
-9773
-9195
5532
-1650
4527
-318
2132
-6181
5267
7898
-8602
-268
-1560
-9270
-9401
6127
3686
742
3957
-2801
3158
-1074
9736
-9794
5620
-5172
-3682
1068
-5433
5813
3524
682
249
-7044
-2080
1031
-329
-6397
-6170
-8952
-9976
-6998
-7238
-8720
972
-753
2995
-1058
-5754
-207
7279
-467
-6913
-6927
1791
6658
-1173
8884
8020
5739
-3799
-4405
-9178
-2536
-4573
8701
-3538
9351
-4326
8147
-4562
6682
1022
313
-1426
-7797
1727
-237
5265
-1853
8478
8884
-9896
2852
-9631
5378
9399
-1115
3337
2328
-7477
9740
-6681
3375
-7009
7703
-233
-4495
530
-9207
-8057
8899
-4228
7793
7452
-6058
7835
2757
-3875
3657
4804
4928
-8320
-1051
-6531
5792
-9850
-8984
5103
8294
1797
-6496
471
8295
3964
830
-7082
-8826
6392
3789
-7749
303
6536
-9231
-6914
4387
-8722
-16
6880
7145
-2439
1357
685
6941
-2546
-8872
-2274
-7787
7761
5174
-7102
1101
-5410
-291
1480
-1160
-1851
-2790
9283
9753
-8328
-4196
-7063
-7048
6892
1318
-9507
8264
-2049
1854
7911
7110
-5725
-4795
1441
6114
1864
7228
-9305
-3587
9025
-8135
-4247
5496
2584
-4134
-6841
-9337
2734
-3408
965
512
-8594
-3387
1651
5688
5380
-4980
5669
-3365
8727
8933
1075
-7098
-855
1991
8366
-8106
9977
1107
-3627
-2098
-3215
-7818
7667
-4010
-8111
-4890
863
-8905
5937
8168
8464
2590
-7576
5104
-4524
3978
-1038
-6567
-1552
-9428
2037
-305
5472
3825
-8089
4156
-28
-9276
-909
-5239
6488
-6968
9891
-7079
-7714
6650
-3855
7374
3909
-7575
-6308
4464
3870
5188
3717
8134
-522
-5859
3180
-7907
-5922
7932
3101
-2079
-2197
-6635
-8116
1320
-8013
3475
-6298
8496
2757
7512
5701
3094
-6980
-4501
-8656
-2040
8005
4619
-9274
2153
9818
-1890
9534
2095
9173
208
4473
-8010
-3845
5537
4705
6849
-8668
9282
4588
-3412
3042
9219
-5457
-2881
-3790
-7313
5388
3359
7978
9098
1667
-7790
-3715
-5031
1389
2876
4745
1579
-2414
-1830
8434
-5744
5278
1809
3692
-6552
7948
650
8102
9187
4048
-1023
-4464
3639
-2082
-4863
-3277
-9233
-9626
-6875
-2308
4871
1678
-4936
3029
-6709
169
-2678
-8070
8601
-8566
2743
-7471
4789
-3256
-1306
606
902
4018
-5549
3763
-7695
-2981
-9496
7116
-8688
8918
-2136
-5858
470
-4722
8185
5064
5902
-3553
-3381
-3154
4001
1277
-2970
4379
-7778
5729
-5762
-8669
-7380
3377
-8900
-1129
4395
9089
-4487
1947
-8073
1752
-1475
9056
7380
-8268
8456
3546
438
-5455
8253
8435
-4560
-4314
-6774
1879
2541
7271
8761
-1392
-1094
8803
-5499
8908
-5059
4356
-7886
-4165
7844
-2051
3604
-8971
-1055
5451
7497
-8046
-8529
6703
3518
-2533
7754
-3674
-7719
3896
-6450
-3015
9417
6937
4061
-5387
-4100
9044
848
3076
-5884
-9081
5350
790
5619
-9014
9266
4505
6834
8138
4494
-201
-8045
1229
-9321
1284
-3628
-6085
9326
-5619
8520
1706
2732
-5682
-8811
-2836
4950
-2045
-1903
-399
-1742
9955
-639
-5369
-4233
7949
4827
9191
-8272
3664
9939
8040
8681
-5474
3700
-1962
-8540
4450
5843
9487
6824
3281
-5885
-3373
6445
6449
6319
803
4766
-7431
-9753
579
8358
-1172
2111
3358
-4956
-558
2304
7653
4510
-214
6904
-7186
-3009
337
2752
-2063
-1808
-6046
-9449
7571
-2756
-2884
-7250
-4931
-2363
6356
4277
-8761
446
-3704
-211
5339
2376
-8781
3581
-1491
7007
3684
7783
-2610
-7090
-5971
539
5909
-3758
1664
-8567
1371
8976
7752
-1302
6503
-287
-2173
-9532
-6122
6054
1204
5239
-1624
2889
5078
9321
-4188
588
-5492
-9250
-9526
2863
8547
-5978
3314
3187
645
7156
-4410
3517
-8265
4661
5895
-5919
7798
6968
-6807
701
-7458
-9995
3368
7757
-8126
-8043
-4066
-2682
-6263
4107
198
-5055
-2136
7791
-7417
-2804
4124
6843
5946
-3123
-1484
-594
-914
-1293
852
7110
4110
3715
9259
9776
1176
-6590
-6700
-701
-7961
450
-9082
-88
-5165
8244
-7253
4173
2094
1580
3344
-7469
1181
3562
-9456
-9512
4626
-2330
3211
8338
-6048
-3378
-56
6553
-103
-623
70
-7725
-3863
-6754
-6157
9491
6139
-1084
113
-3864
-3886
3221
2820
5237
-2150
-2838
-5664
4081
6543
-8798
9822
-1058
-8110
2374
-2137
2937
-9895
-8671
-2975
6194
7052
4931
9644
-3128
2777
-1553
-5567
-583
9014
-5772
-4988
2754
-8788
895
-7388
-5067
-4572
9940
818
-3859
7948
7538
3678
-9778
2951
-7503
-5161
-9952
9114
-1283
-9834
-9543
-2062
-949
-4665
7759
-1449
-8729
5021
-788
8139
1812
-4762
-2427
-7738
-7205
9107
1231
1754
11
2674
-6596
2668
9201
-2762
1327
-5660
-92
-193
-4702
-1299
-5644
-8707
7179
5181
4369
-7705
5044
6328
-1639
6362
-6589
-5328
-7583
-1987
-6193
7231
-7682
2824
4216
-638
2159
-9653
7575
8779
-638
4113
1068
-7978
5448
868
5896
2481
-962
7239
-8688
-8144
5218
-9260
-6234
-8685
309
2999
-8529
-914
-7252
-7733
3930
4654
2644
-8563
-7606
2273
-5753
5237
-9249
-9522
8755
-9752
-7168
8752
-8245
-5748
-5720
426
-9362
4996
-8528
-6344
4192
-9970
-8413
7300
-2985
4257
7362
7223
5863
-1284
-9276
273
7345
7656
-3735
7433
8581
7216
8778
7483
6023
-6749
-1558
5636
5783
-4999
-2225
-2148
-7474
1376
-1506
-4665
-8404
6129
4711
7008
1023
-9687
9434
911
5840
1526
-2601
3514
837
9348
9478
-3166
4125
-8894
-4574
2568
4605
-1565
4290
193
2466
2298
6330
-8136
-8998
-8410
-5215
6378
-6767
8753
8602
1171
4045
-4366
5515
-7816
4590
5286
-9064
2748
2100
-3758
4748
3658
-4401
-7665
-5322
-4643
-1843
-6335
-4593
8218
3379
-4542
3581
-8104
-5863
5491
42
6464
-5945
5894
7336
5977
-2584
-7397
2757
-9303
-6480
3038
-911
-2242
5451
9855
3157
-6530
-6804
-7171
9512
1016
7065
6117
6177
4170
-496
-9647
6397
-5986
6562
-6122
2905
-9199
-6518
5141
6554
6890
591
-1704
4651
1507
7753
-9849
4207
-5402
-6821
-4470
-7317
-3694
3067
2820
3153
-226
-831
-380
9356
8725
-9864
3837
-183
-1676
815
-5019
4602
-1331
1536
1874
-1358
7624
-5021
-8968
6485
-2730
-2192
1989
-1885
-7680
-647
3246
8212
-5629
-4396
1757
-9656
-4597
-7248
8670
-6872
177
4396
-1282
5142
6496
9829
-4363
-6189
8883
-7475
6897
-4879
-2420
1886
-3513
-8718
-4352
-2511
-3133
-2239
-2332
9100
4727
7988
5411
3049
5756
-5916
-2358
5954
-9864
8801
-9976
-3202
-4333
-8498
-940
-3059
-8979
9653
-8802
-3140
-1123
-8698
4577
-2743
3936
6479
-1670
-9134
1099
6488
-5624
6531
-5131
-6084
-7321
3966
559
8831
859
2071
-9456
7812
4845
9120
-8193
-7871
-1047
-4517
-1451
8649
-5095
5506
-5038
2324
-5265
-9671
-1731
1829
-8827
-4068
-2956
8440
5716
8680
-3734
8155
-6526
-8331
6195
8456
-9121
654
9104
7173
-4416
7898
8611
-985
-9563
-6732
-7195
9297
-8572
-1586
1768
3941
2775
-6995
6433
-2900
-5074
-3279
9849
-9903
-7968
-4129
-2759
1080
8031
-4665
-2083
-5165
-7120
-6086
-7499
2812
358
7971
-3273
9224
-155
-5031
-8840
8659
-8102
6427
6136
7766
-8441
-6725
3463
7660
7427
-8711
2697
5516
-3612
2195
-5731
-4779
-4382
2150
-2481
5406
-9730
-8928
9367
-3618
-2128
-6473
1020
-3879
-9014
4704
5424
3589
8954
-8187
5905
-3371
-344
-1395
-1876
-4643
7454
2685
-3978
5038
-3463
-9429
-9389
7260
9756
-360
-240
-4936
7567
-6692
-6673
-539
3911
-7490
-8745
8031
5430
7736
1166
-2934
-7900
-4019
2161
-1346
-7285
-6710
3506
-8162
-3886
-3447
283
9997
4725
255
-2403
847
-800
9283
6086
8272
-3925
-8588
9411
-9822
8093
5554
-4542
3294
1321
-1098
-2562
6201
-5950
4544
-9570
-2318
-4917
6245
3950
-2097
5092
2595
2343
-6520
1221
7534
-7565
4554
3113
-4290
8664
3188
85
9189
5481
-7296
-1102
1726
2760
5467
-199
-4691
5124
4677
4186
6682
-2349
-6325
-3384
-6685
6654
-8502
5479
-747
-2874
-5197
6137
3880
2694
-4134
-1726
9099
6565
-8846
-6236
-4398
-6793
-6313
-3445
-565
-9153
1123
8381
6521
2882
3767
-8400
-4466
9898
3606
-8687
-8306
8086
-3668
-2355
-4421
-3048
-2534
9827
-8103
-9247
928
6877
6046
-5424
-3392
-5812
-4429
3043
662
-3917
-8724
-8300
2667
1702
9384
-6184
4503
-7472
475
-7296
2841
-4268
9412
5967
2150
2138
-2842
3471
-3378
-7711
137
-7316
-5969
189
9798
-6958
5710
8269
-3653
7550
-2327
-4335
-1212
-7589
-5872
5703
7913
-5046
-7337
-4219
8607
-9196
5604
1842
9369
-3403
5335
-9025
-8747
-5697
-81
-8225
4639
6739
-4424
3315
-8395
9733
5519
-5205
-4982
-3135
9702
1968
-5548
1388
-5562
9155
-6028
7445
8410
9865
6477
-632
-8129
8146
2178
-7770
5312
-5414
5503
2734
-4293
8133
-9806
6035
-305
-9710
2361
-6489
6918
-1500
8108
233
2776
-9580
-1510
-3457
-432
8266
7255
593
8545
7254
-7212
525
4371
9830
-2157
-319
-6073
-5785
-2922
3837
1048
5412
7834
-4596
-1543
4411
-8776
6830
-8655
-5226
-9860
3330
-474
-1942
-3848
-9757
-4475
-1371
1373
-6410
-763
-404
-3566
6653
-5815
-3903
-2137
-5821
-8159
2119
-6296
5476
8544
5833
216
-3884
-7229
9255
-7779
-462
-2815
4520
6247
2589
5159
-4418
83
5827
-6020
-7565
-1278
-4595
-8114
-3626
1258
5798
-5740
-934
-9659
-4883
4676
-9175
-2433
6803
3066
-4654
8486
6564
4979
3345
4568
2258
2420
7538
-2850
-7975
-1164
4746
-9348
4882
-2426
-7698
-8539
-3181
1311
-5422
1107
9849
-6253
9342
-8753
4821
-4323
7182
-9044
-4553
-3133
328
-5533
8388
-4244
-1375
-4469
-5954
-6564
5801
-1056
8335
-1100
-7478
-7093
-3962
6952
-9264
9866
-8967
7862
-5327
8142
-2888
-5884
-4510
-8169
-2649
-7679
-6734
-474
-4351
-4084
-8755
8963
4594
-5958
7962
300
-1729
-5483
-3759
7248
-2812
5719
-4393
-3319
1743
4261
7664
226
5221
-8879
-9867
-2157
8818
-6977
5377
-1447
-4474
-7028
-9114
-8513
2485
8179
5936
1821
6828
-9891
-7696
8358
6897
4574
5894
-1687
1058
-6772
-5596
-432
-3880
-2808
-7011
-9120
555
-5698
6955
-3093
-5549
2652
-6175
-1834
-3767
-4238
7042
2821
-5407
5214
-4387
5081
-1392
-5885
-8940
4067
7586
-9887
-449
9353
8238
6971
7386
-9762
-4758
-3578
-1211
-5498
6426
-6256
7963
-7946
-1295
1955
9985
-1468
4001
-4317
-6957
-6026
-902
9887
2934
9557
-9970
-1308
2291
568
-7169
-4811
-4697
1222
-1431
5555
8341
2981
5684
2489
5853
8988
1622
3995
-9309
6590
7617
2163
4417
6562
488
-3357
-7644
-4405
-2068
8253
2027
-1754
-8050
3184
-740
-186
5157
247
-6407
9617
1497
-2797
8765
-3789
-2010
7249
6565
3565
1840
5525
-8352
-9713
5593
227
8371
-9995
-9084
3544
9802
7108
1921
-9779
1776
9777
4363
-1737
-8356
7361
-88
-3776
5582
-1854
-2901
8070
812
3210
-9895
-8088
-5201
1965
2537
7435
-8376
6099
-1797
-9847
4641
-394
-4613
-4438
2643
6186
2861
9089
840
8717
-2445
-815
2878
-5966
-3230
1843
-8654
2532
6562
-1474
710
1871
-5503
-7028
7045
-9741
-1586
129
-5394
-2002
9738
-1152
-2253
-623
-6771
-6451
-7722
17
-2797
8297
1447
-2150
-4687
-9979
-6704
-334
-5607
1706
-1285
-5788
675
-971
9171
536
7896
8363
6528
5962
8619
5621
9666
-3496
-8838
-7744
-1493
-585
-4370
-9428
4089
-7168
6224
-9059
-6947
-2663
-9684
-4279
-3942
-6876
8967
6261
1290
-6559
-1179
9005
-2007
8208
-8794
-5695
-9350
2264
4124
6949
-1035
309
-239
263
8488
3756
2797
5010
-3324
-3809
-8543
-2320
4724
9999
5885
873
-384
2748
5845
9481
-7301
-1278
7336
6560
-8462
7087
-4767
-3158
278
-7788
-7447
6476
-5262
-540
2832
5089
-9473
-665
2667
272
-4787
3366
-7505
8024
3553
-2905
-7165
-1631
5683
3403
-7050
-7264
-6367
-189
-6856
6655
-2550
-5585
5158
-8569
-4103
5775
-8682
1977
1317
3598
3483
3459
-6628
5853
-5570
-1148
2872
5360
6126
-9746
6284
1090
-501
251
5272
-9578
-3210
-8881
3506
6627
-8648
-6501
9688
672
4869
9259
-21
-1308
9039
7954
-8800
-8372
7123
3828
-1573
3916
-6118
-3155
-6184
-3600
7158
6574
3935
-888
-1603
-3865
-7483
-5151
-1806
7029
-4840
-7923
4718
-2424
7484
-1854
-2479
-3608
4020
2982
6901
643
-7639
553
-5286
6795
-9490
4693
9299
-2040
-3397
3129
-700
-4747
-5379
8912
5883
-3804
-7889
-7365
2258
1723
-4102
9325
-2640
-563
3302
8170
-858
-1052
-3168
-4374
-2855
7971
3555
1178
-8398
7436
7333
8910
-8987
-2620
-513
7085
852
-7068
7900
2960
1865
-8679
-2718
2701
-1358
-620
-4216
-8338
5942
-2920
-4578
1402
3477
-5054
4889
9299
8364
-5959
7254
-2780
1492
3281
1380
-2648
5772
4140
4461
3226
2291
-6089
8039
7260
1924
-7529
-1215
-4455
-8411
7187
-5454
-8134
-7007
2080
-2366
3470
-3676
8012
8313
9325
-9819
6184
-2628
-2276
7622
-7416
-9153
7047
7227
6008
7568
-568
-9716
-8699
1713
-4953
1820
1059
-2775
5230
7179
9100
941
9799
4416
-2154
5869
211
-4083
6737
-4525
-8867
7376
3250
650
9558
-6693
5653
-275
-4126
5031
2916
-6487
-5342
5018
-8219
-9254
-322
-8050
-8876
4495
-5737
-4203
5359
6758
2271
5871
-1468
2878
-5958
-880
-5872
1571
-9434
-8039
7746
1495
-4045
3078
4775
2995
1993
-1970
8533
6995
-1163
-7670
9447
3523
-1296
-4100
-1561
-2318
2416
-172
-23
6117
-9513
3974
8730
9962
-8796
-3138
4495
1091
-8442
914
762
3342
-4423
-7075
-6036
-9588
-705
5681
-3789
-3175
1310
-6904
4175
-1935
-1063
-1211
9306
3249
-6203
-9065
2903
-2345
298
2926
6632
5656
696
-4646
6218
-6187
-6091
-729
-2327
-6915
-9154
-2609
391
-5827
-2235
-3269
291
-1078
-9502
1289
-5860
7159
6502
-3086
-5753
-1431
1859
-3320
-6805
-7046
-8865
2205
-9209
-1367
1995
-4270
-5609
4679
4738
4338
-6138
2062
-2936
-6592
-6996
-9224
8150
-6389
-6532
8688
-1882
8256
4473
4441
-6334
5953
6307
-4806
-1596
9214
-1402
-448
2250
6586
-6154
7126
1803
6789
-8921
3376
5361
-7157
3930
1705
9625
2937
-4655
-6346
4696
-85
5420
8922
-8475
-4201
908
-7951
-6088
-5997
-2456
5697
-6403
-8886
3671
-7383
-1239
-9179
6051
-3535
-7059
-1865
5415
-7113
-3039
9785
5881
9213
-7274
983
1849
6992
-3558
-9778
-4805
5993
-6180
9251
7548
5817
-2701
369
6278
8655
-9817
7670
8752
-8929
1873
-9771
1602
9255
6203
3869
-2960
1784
3223
-1135
7441
-293
-5724
7142
-5196
6080
6299
2361
-6282
-3104
-587
4128
3521
-7848
-1021
3012
-407
5197
7383
1212
3656
-5213
-6883
-1343
-9500
-262
-4425
-1956
8680
-8186
3625
3742
-2635
-1003
-2537
-8930
-9897
7328
-362
-7729
6634
6783
8515
-6483
-8006
2943
-4082
6231
-343
7052
1450
-7220
4245
-9917
-3862
-8190
6839
-6937
-5417
-1724
6429
1369
-3386
1991
-3932
6935
-2293
-648
353
-7017
-7515
4644
6958
9548
-580
8593
-6566
-220
9929
9256
-2724
4518
3217
-494
-5276
3380
-6044
4289
-7420
-3096
-8782
9841
-4429
3179
-7098
-4370
-4954
-1769
-5472
9093
-193
-3005
-1597
-7460
3959
-4511
-9839
-2875
-3329
-2280
4289
-5730
-4883
-3075
-1594
9451
3641
7128
-8589
-437
-1527
1186
-3483
8136
5925
-4044
-775
-9092
9951
-151
849
5416
1428
-8569
-7249
-429
5258
-4469
-4820
9235
6210
3263
7550
-9753
-5957
-1735
4827
-5781
-4287
-5739
2618
6956
9374
-5035
7121
-8880
4930
4712
-5236
-3180
6795
-7095
4917
-8227
2224
-1086
1724
728
7573
-1614
-4746
3883
6909
9566
6618
4335
-6916
3002
-6484
-3588
6159
2962
9894
-1374
3354
-1012
-4402
469
-9287
-4479
1108
2134
8587
-2190
-1660
1042
-7951
-9847
8905
4949
-4914
-7791
-6179
7722
1681
-3919
7919
-9895
-9207
1366
9257
-6824
-7043
-318
7397
9163
-9913
2683
-4225
-378
6025
4797
-5474
-6650
-4555
-8866
1407
2573
-9274
6367
7903
5835
2070
9732
-2673
9712
2464
-4326
3718
-9464
3839
-7624
2455
-157
-5013
4230
8553
-5414
-546
-1748
1369
5923
-8535
-528
7457
-7074
-7354
-5059
-8765
9055
3491
-6906
7491
-6735
8032
9476
9520
-2642
6917
4629
-6001
3409
-4855
-7955
5196
4452
-2922
-5677
3265
-2203
8855
1683
-3782
9624
8125
6562
-979
-1812
-179
2919
-2903
-2404
9161
-1405
-1834
-8114
5522
5814
6586
-5530
1440
7537
-2857
-97
-3767
1555
6258
-4133
6744
5223
9186
-8380
1684
-7104
-9717
-9781
596
-4539
2064
-4473
-8755
5006
-4284
-6577
-1967
-4832
6782
-9250
6772
-3873
574
9091
-1288
5471
-8684
-8359
-625
2390
-2835
6672
-9758
9283
1223
9172
-3554
9053
-2124
-9545
1729
1683
7441
-9742
512
8346
-5385
4991
6908
9741
8051
5640
2483
-6388
9105
3093
-8234
-3229
2458
1175
-92
-488
6086
-304
1761
-4277
-5740
4995
-853
6006
-192
-4573
-2245
-7811
-424
7256
5339
-3230
7762
-5490
5445
-4140
-6062
1704
8476
-2570
-962
-3320
-9711
-2277
904
-7200
3885
-3817
-4908
-8337
-5201
4774
-4639
1621
7967
-6463
3845
9900
-9552
2338
3269
5568
8915
1868
-8175
7918
-1870
-3737
-7313
7686
1226
8142
5187
-4261
395
6766
-9472
-4392
7095
9698
-5420
8646
1266
-7853
3804
3180
-5958
-6442
1104
6298
-3029
-5440
5555
5092
-9493
-6529
-5230
-8915
-3263
8008
4031
-7953
-4442
8235
-1587
-1191
-1688
5402
-6869
6565
-4407
-171
-1378
771
2826
1426
108
-5037
-3542
3681
3076
-1695
-5999
4655
-5552
6990
-8409
-8360
-4021
-2056
2738
-1402
-329
-9394
1826
6082
-7354
8878
-871
4930
1665
-5791
-9794
7779
-7203
-7447
-5156
5580
-2363
-560
-1325
9531
5107
1606
8308
7717
4617
-5918
-5581
3890
-2782
-6252
-8949
-3507
-504
-2673
119
5280
7619
-3681
-6749
-1720
-7953
7276
9030
3179
8583
-9006
-1815
-4868
-196
6994
666
1648
5008
4159
5040
-9340
-2517
-4564
6401
3768
-9668
2589
-9155
-728
-2278
-8855
8349
-3896
929
292
-7071
-8145
-6311
-6119
5099
-9580
-3310
2952
9086
-8736
-9985
-4791
9416
302
4832
3093
1294
966
-4291
-2546
-5200
-6725
970
-9571
-1490
-2833
6986
5083
7801
-7963
-2980
5498
-6358
-4046
-4908
6255
-1749
7
1128
-6215
-9301
5032
3837
-5651
7504
3575
2970
2071
-7151
5451
5050
-2004
-238
8182
-5168
-1566
3495
382
7355
9605
-2987
-2106
-9222
4622
-762
5952
-8221
7603
430
-614
3439
-9138
136
9906
-6218
-7222
-8811
-4553
2920
1082
-2542
-6348
-6222
3997
8395
-8158
-7873
5214
9786
9037
-3020
-6011
1814
-7864
-3852
9392
1118
-3562
6335
5907
-6068
9922
4464
7279
-1161
2998
-1988
211
-3895
2258
-180
-8457
7075
-4424
1837
9653
4361
6203
2723
9335
-8306
2303
-121
-1454
254
-6945
3377
3242
-256
-5199
-42
-2943
164
3108
7942
-4730
3448
6701
3000
947
1411
-2437
-5662
175
4619
-8946
-7936
-5104
5911
-9545
-5008
-8285
-9041
-9820
2617
-6959
-4482
1582
-7941
2619
-8253
-2293
-9787
9742
921
-933
-1044
-8043
-2811
-2016
-7928
-6783
7515
-7205
-6107
1828
-9396
-9380
6406
6224
-8225
4715
8044
8746
3029
2123
-5228
7548
3656
3524
-1112
-9036
8592
2054
2261
-2739
409
-4787
-9270
-8727
-5955
-3592
4626
5889
2064
8958
5532
-2048
-5055
-951
-6999
-6016
-7681
-9785
9849
-4649
-4386
4350
6103
9481
3827
9402
8720
7166
3478
4254
207
5479
3025
5091
-3418
3147
-4398
6703
-8248
8180
-5414
678
726
-9083
-2914
-175
3614
9670
1583
-2889
8483
-8650
6831
4538
9050
4746
5613
2499
2329
-7506
6629
-7662
9492
4703
-4540
-6912
-5112
-371
-171
-2585
9675
-9783
6812
2694
504
1838
-4064
7299
2598
-9745
-6105
-9365
-34
3846
6440
5027
-90
-1417
1248
8645
-5154
5702
-8416
-810
-7702
5071
-2323
-8029
-6751
-9043
-1891
6254
1562
824
2319
9132
-5227
5614
-3544
1119
-762
-9764
7993
-3337
-4487
9341
9083
-8594
6612
4221
-4346
-2960
6828
-2171
-5455
477
-2059
-7780
2283
-8966
6625
4789
5748
2151
1474
-939
4160
6277
-5462
2265
-1549
1311
530
5517
-6532
3831
7260
118
533
-222
-3809
2184
-3172
-4799
3097
7258
1641
-4320
9240
7296
-437
9910
8313
-106
6113
4254
4386
359
-9631
6780
-1509
7771
785
-4360
722
2617
5667
-9479
-8499
4966
8311
-8062
6402
-9206
-8246
1312
1623
1361
9248
1376
7581
-9505
7800
7807
4982
9572
-5934
-3535
7923
-6464
-7597
9786
-2917
9348
3223
3387
7109
1411
-868
-1992
-5478
1722
-9627
-3128
-3415
-2992
-3131
6128
7368
-9975
8752
1821
-3910
4581
1912
-4249
-6483
4471
89
-2171
-2196
-8950
7314
3637
-8935
-7839
1905
1785
-1792
485
-8320
9247
5459
7856
7759
-9316
-540
3205
6069
-8639
5120
7261
5389
-8348
9515
-5552
-9702
-3878
540
6244
-474
-2210
384
2508
4583
-8968
-6593
475
-6416
4785
-1576
-7910
-9037
-6861
2860
-4521
5110
385
2074
-765
7718
3913
2687
-1023
-1534
-5571
8506
-5525
5507
6660
2746
-8109
9645
-5168
9292
6856
-3816
-1907
-7390
-1630
5987
-5226
-2912
-2782
-9716
7398
-1614
-4466
9830
797
4590
-8654
-2397
4985
-2951
9569
2224
1538
3729
-1066
3607
-127
-2211
6888
9296
6124
-6098
394
1517
-2505
6393
9285
-3545
2252
-7590
4980
-7036
791
-9068
-3469
2492
-1086
-6790
-2422
-7613
6930
-1734
-3760
-2146
3467
7263
1787
4242
8922
5565
8497
5360
-2736
6356
-9277
-9021
-8343
7120
258
8889
9282
-9050
4203
9416
1198
1469
-2743
4454
3478
5270
6082
653
2734
-7275
2373
5306
6921
-6966
5589
5830
-1141
-8828
-2893
-4260
-4942
-9534
-9581
6532
-4069
-6033
-5361
5248
8280
-6543
-4693
-97
-9260
8805
4534
-865
9472
9060
-2366
5237
-3726
637
5098
-3733
-1061
22
-1412
1288
9071
-7486
5256
8267
-5614
-9152
-431
6778
-166
5679
8357
-4708
-7595
3057
-4052
-5530
9537
783
4316
-2674
3864
2382
-311
5764
-7721
-4538
2342
7441
-6086
-4197
8578
-7163
7673
4715
4080
-4061
-6875
-1707
-9593
8544
8648
2851
-1018
-6423
-1821
7884
-5831
-3611
-8604
-3152
9203
-1278
-2772
-7043
588
-3712
-4776
4817
7696
-9229
9447
-5150
-8350
991
2535
8000
-1178
3944
-5503
-5103
4938
-1608
-1560
6217
9723
-1586
-7319
-5360
9220
-9420
4968
2632
7732
429
-8438
-7777
-8063
-8829
7030
-4798
-5558
-2700
-5475
-4735
3025
-768
-5045
-2952
-7552
-513
9241
-7295
3410
-7385
9652
9864
-4180
-9411
-9120
-9625
-4123
9901
1676
-3489
7698
-1411
-3845
-8217
5961
3939
-3328
-4869
9700
6926
4887
-9381
-4749
1609
4955
-3496
-4618
5125
892
2693
-4993
3700
7955
5289
5700
-6776
334
-2483
-4631
-8176
-4674
3882
-8524
1703
-8054
-7331
-3958
-8295
-7628
3839
-5442
-7663
2597
-8236
-7420
-7349
-1966
-8667
-6435
-1775
3928
8195
-966
6779
1575
7692
-6914
-4718
524
-2331
5941
3651
-2715
-2915
2832
199
1644
7674
-573
-3641
1214
1069
-34
7098
-3680
-2495
9801
-6036
3158
-1300
-8822
8201
7839
-5674
-3512
5655
-8248
9758
6873
-8723
7793
-7848
-5332
-9765
-6311
-4030
-1185
861
143
7548
9951
-5251
6755
-9332
-51
8654
2877
-2891
-1429
9184
6833
5469
-6468
603
-6050
3283
809
-9408
-5533
-8338
-3350
1468
5068
-7566
-9562
-5980
1970
-9129
7184
-451
8634
6889
-257
-8185
-4481
-3723
-2853
-2296
-3930
7364
7032
-7510
4407
-7574
2121
-2694
432
-9395
4720
1150
-4171
-5442
-7011
7650
-2869
-4619
-3721
8126
1812
3240
4612
1589
9666
7276
27
-6776
-9124
429
3132
8707
8844
-2430
-2384
-5798
-7893
-8069
-282
8959
-9760
2628
504
2879
6738
534
-8918
-8695
-6502
4605
8089
7594
-7526
-5620
-3171
-2090
5020
5554
-4167
1648
449
-236
-8661
-5765
7318
8442
-6870
2087
-237
2793
8734
9449
1601
9919
-5277
4977
16
8585
-1445
-6650
-1470
-2546
-7219
3928
-9315
8488
-7586
-178
2272
-5181
-2816
-8746
6680
3836
-909
3147
7176
-7287
5665
-5377
6558
-7157
-2154
-1488
-8563
4211
-2914
9323
8411
-9707
-3516
7099
4688
4307
9741
637
-1354
2938
-5992
-5219
2350
-4916
-3749
-1235
-9872
-7849
8540
1130
-8333
5338
984
-9875
-8490
4379
-7398
9563
-3132
3446
9697
-1051
-651
7730
-3031
2195
7466
-7614
-3902
-7203
4201
6671
2822
-7261
-3340
9265
1872
-8592
-2143
4765
9904
3072
-707
-2502
8281
2114
-4599
8066
8461
7320
9245
2622
8314
8916
-5950
-6544
6033
-3210
4744
7503
7005
-3415
5890
1893
5886
842
-9128
6097
-2610
-9325
-1326
8315
-7790
7275
1223
4259
-3647
8107
6407
3294
8636
7830
-1378
7260
5042
-5220
-8982
1285
3357
3020
3664
-2479
-1372
9858
-503
5282
4326
25
-4286
4252
5255
7708
5533
413
7354
-1747
1779
4829
4911
-7665
5354
-9707
-4626
-6978
-2485
3426
-7668
-8115
-7636
-3355
-1803
1363
3251
1915
3169
1931
-6891
-6436
-576
-3496
-262
2406
3144
713
-682
-7629
-4329
1463
4385
8281
-2634
2710
-4327
-6144
-6039
-9492
7887
6645
-1285
4424
8319
5034
4035
-6563
-257
277
7050
5274
-4396
-7404
8600
8971
8232
8763
-7490
-1766
1707
-8786
8871
-3086
7701
-2865
9577
7926
1375
7093
-6526
7508
-5270
4499
-9336
7623
-4271
3781
413
-7699
1810
-9649
-4254
-8098
-5637
-2684
-7379
-2010
-6847
-1525
-6119
-3236
6107
8356
6714
-7990
-4310
5873
9201
2424
-3616
-797
-1048
9545
-4892
2629
-4301
-2547
-229
-7366
3919
5739
-7901
7606
9819
-8565
-7137
7238
8785
-2699
-6396
-8012
6019
9684
-6354
-7366
8660
4244
-5663
-923
2090
-3332
-506
7768
9673
5111
-6557
-2833
8929
-4603
5693
-7318
-457
6722
-1096
893
-3477
-825
5768
-8548
-524
4476
-6536
-1074
-2045
8901
9270
-5014
-6307
-8622
-2150
-8595
179
6208
2705
-6905
9595
-3850
4373
-4817
5774
-9763
141
4679
-6104
-8705
6095
-193
-8211
-6964
2379
4786
-5246
8302
4379
-5744
2074
-186
8651
1764
8614
9287
5967
-5039
9505
204
-7229
-7097
-10000
-4822
110
4033
-9246
-8373
-5296
9360
6939
-5733
6491
4390
-7071
-4745
-2070
-9137
-6775
-9737
8136
3451
2841
-4013
2203
9298
4820
-8624
-1378
-1089
3065
-9229
-633
4459
1315
821
-8247
9309
3289
-8623
-6470
830
-2013
-3100
-9210
4413
2239
-2297
6515
-3282
-4342
5790
-706
3812
-607
8850
-757
-6502
1204
8350
1108
2804
-4865
-7288
3851
-6373
-716
-9876
-200
913
5532
3262
-8801
-6649
5750
520
-9387
-8411
-6520
5754
8097
7360
5226
1149
-9899
621
8213
3670
8830
3112
-2201
6437
-3623
-452
2291
7955
-287
-7614
6406
4417
3683
-7964
-1754
5477
132
7573
-8427
-1716
757
-1750
1575
1987
-9900
7470
-6604
1613
827
-103
-5003
-6276
-9079
7340
2044
3727
-1229
-8450
-592
3175
2805
-5700
-4119
5450
-6383
5763
1719
-3
-6752
4939
2495
-1012
773
-1002
8240
-8075
6205
-9716
-132
9181
1124
4272
3437
2416
3492
-1214
-1593
8761
6403
8205
6669
5489
9208
-4809
-4566
-6245
-1733
-4741
-6039
638
-1103
6203
-6095
-5256
1960
9431
3487
4644
-6750
9519
-2074
-5718
2297
-1640
744
-7454
-3073
-8738
-5829
1823
2117
-7856
-806
-6657
-4340
7528
5819
-9736
1351
-3995
8842
4569
-6439
3958
2126
8401
8753
8960
7894
-4180
-3619
-749
3032
8284
-735
-2073
2022
-4908
6604
-6392
-6242
4349
4077
-4685
756
1982
-3672
5730
-374
-4517
-9670
-1123
4470
-7850
-9300
2474
-1122
-4922
9037
5143
-1866
1684
3548
-9527
4988
-2147
4484
-6936
-9458
-226
1406
-1141
8740
-7464
3333
9170
-4614
4806
-1306
5640
-4468
4782
4901
336
-8126
-9276
-6504
-8221
-781
8289
-4693
-1931
6951
-2243
2040
-7844
2073
7269
7667
2892
9682
-550
7891
9947
8122
-6196
2138
9279
-4601
-8852
-3745
-2864
4864
3337
4330
3638
-6423
-8686
8647
-1635
6516
2170
-3531
1178
-8483
-1773
-5078
-2707
5552
4499
6650
-6148
7777
-2701
-877
2637
4013
3878
2638
7428
9624
2588
9577
-3886
6626
6592
3117
4773
-1978
4660
946
552
4679
-3369
-5575
-1664
9319
5247
1481
-4527
-6716
-7328
-7711
3570
7205
3716
-7213
2012
-3991
-4352
269
-4490
1613
4221
583
3643
-1107
6562
4313
307
8689
2595
602
-2980
3133
-7443
5888
512
-5786
7893
-3813
9402
9515
-1134
7091
9244
-6207
3500
8659
8997
-7866
1452
8100
-8857
-7047
1892
8812
5139
9540
7698
-9918
-5627
6429
5360
5884
-1598
-483
2137
-6019
5193
4043
-7486
3358
-3182
392
-3925
4181
4939
2424
-72
-6768
1614
-3974
1791
-7384
1858
4814
-604
-6604
5856
4158
-3619
6317
-2985
-5130
1215
-7572
4309
6602
-4737
-2335
9838
-2495
-336
3588
5772
4134
-6621
-9187
-8346
1901
-4478
-2764
-5741
5762
-4393
13
-1343
-3640
-4441
-3638
-714
-8074
-4523
46
-3766
-4747
2872
2714
3092
-148
-6002
-9549
4407
4233
4969
594
3165
-2375
2850
8983
-8967
7071
3374
-3016
-9600
-2569
-1819
7904
3740
-1819
-2849
-1212
1467
-7838
2792
-3706
-8096
4849
9270
-3276
-2696
-1898
-1565
7807
-6723
9082
-2053
5484
9919
-8183
-261
-3566
-683
-7819
-7313
-5493
33
3801
2601
-5473
-1532
4690
-6091
-9055
-1986
5118
-2467
-6973
5368
-3659
5704
2480
9136
821
-8729
-9049
-6078
-5104
7185
-4336
4589
5334
4685
7963
-1568
5722
6411
-9017
-6060
4556
8785
-2230
-5163
1466
-3857
6380
-4649
2189
1986
1861
5722
5402
-6710
8936
-5012
4924
-732
-5895
9915
-3805
-6544
6502
500
4563
-5725
-4281
8369
5828
-3853
-4698
-9181
5233
5196
1362
9153
5917
6528
771
-8819
1284
-3384
127
8118
-4496
-8432
9905
5072
-9516
5297
3590
-334
-588
1434
-2106
119
-6019
2664
-6647
6206
-6716
-4153
-4006
-3802
4005
-750
9635
-7939
-6645
8470
300
906
2158
-5859
4319
5210
-8626
8329
2328
-8010
9823
5428
-8841
6124
3286
-7031
-7427
7261
2086
9462
-1386
-7905
9944
1533
8435
-2820
-461
3157
-2640
-2728
-9191
-7817
8365
-7315
-9218
874
-6741
-5805
-1291
-3470
411
4530
9876
1084
-1931
756
7080
5288
9562
-2285
-516
6393
7739
9576
9333
3408
-9806
4927
-5837
9383
-7122
-8506
2017
9883
6726
-1004
-7190
6406
9297
1783
9075
2537
5041
-3351
-8962
7107
7202
-9346
-3807
-6754
-2093
7501
-975
2682
-6543
-4899
-413
-677
5176
-6887
3052
-1105
372
6099
7723
-7879
-972
-8390
-5205
-8727
6907
3369
2503
-9062
-1283
2313
8249
-110
-7769
1343
8804
-5735
7736
-4297
1107
-2756
-8452
712
9708
1998
5070
8438
-1285
4798
4026
2822
6461
5231
-2679
-7249
6287
2304
-8718
1773
285
2627
7551
-6462
-1589
-512
4649
4535
-576
-5630
-3511
-7641
5679
-2452
7881
-8028
1663
415
-4489
995
8246
5455
3871
-4112
1111
-8817
573
8044
-2403
-536
8334
-2346
-4837
-8190
9752
6709
1818
4095
-7470
5365
787
-6009
-9476
-5168
-8626
40
4594
6495
-2576
-5026
7958
-3404
-6079
47
5103
3830
-4493
5464
8903
7211
428
2971
-2934
9959
-7678
-345
-3648
8515
-3762
1839
2409
-4517
-2566
-3743
3422
-490
1702
-9998
-9587
7833
-670
-8028
4226
-4055
5857
-8436
-3865
-9048
9442
-1699
-420
4989
3238
5539
-6920
3074
9971
-9475
5794
-4697
617
-9772
7812
6063
-4448
1645
10000
3957
3202
-3014
-6891
-3417
5227
-789
-4452
1050
3153
4987
-2227
1771
-7346
-7427
3764
5004
-8390
4067
3602
-1135
-9599
-4897
2335
-943
-4255
6956
-9485
2787
-9612
-8246
-9259
-7636
-2837
-7222
6032
6262
-206
-6058
8561
1369
-3042
-410
5133
4633
-8143
-1647
-5748
-4622
-8467
9959
-4334
-8181
-6028
-3923
-4006
2082
-6755
2629
82
5947
-2756
4383
-9422
-9743
-1633
5407
-8283
-7724
723
6219
-2735
-2983
-1397
4076
-8658
5977
4370
-9183
9950
9006
2407
9105
2053
8387
-5721
3074
1091
-6334
293
-3422
2447
6112
443
5039
-5416
-4224
3408
915
-2948
-8033
-6092
7246
-7093
7022
1310
-6768
-7967
-7987
4734
-3758
-3522
-6175
4105
5044
5549
3806
6590
2148
-9198
-1762
3187
3012
9713
-3124
5786
8188
-8669
-6949
6581
2197
-1984
-7653
932
1382
-2666
-3691
-859
-4276
-2763
-6352
7797
1654
-2913
2953
-9095
-2739
8274
6484
-7137
-4127
5508
-2435
-4370
-7762
-6282
189
9605
-6183
7284
270
-2530
9654
-8237
8744
-7999
-8822
-6233
5716
5494
6233
2304
-8608
3263
6860
-195
5861
4841
-9059
-8922
7633
-4511
7687
-8766
963
3303
112
3804
-68
-2363
-4161
4432
-2199
-623
32
9567
3853
-6537
6314
1907
7355
3917
-6722
-1180
-7307
-3219
1492
-4795
-8271
8963
7567
-5115
-772
588
3275
-3691
-640
845
-7104
8582
6030
1844
9659
-2020
-9666
-2184
3
3489
-6733
-4384
-9739
-5542
-1756
8679
-8016
4793
-4806
-5852
-1162
2699
-5527
1430
440
-6540
5262
-9037
6414
-1101
9230
1810
-3576
-766
-2230
5786
-8445
7759
-3569
-3551
-3387
7085
-8140
77
1643
5334
-59
179
979
1427
1949
-2263
9573
5614
-4548
-9746
8002
-713
5743
8494
-5203
-9384
-4563
-2994
768
6934
-7396
2507
-3602
-5561
-237
-5106
4943
9974
2224
-4819
-659
3826
-6433
-5517
-8379
5461
6226
8120
5186
7830
-3101
-5098
-4531
7410
7895
-7341
9858
6664
8052
-8729
8107
-2977
-6617
-3334
-5904
341
-5900
-9592
401
-2730
-4235
-7369
-8170
-3498
3421
-2323
-1849
-1592
-2916
-2021
-1462
9255
3447
8005
-2816
5908
-1325
-9414
-2636
530
-8991
-6652
1460
-3088
-6340
-7646
-6963
-3435
-2441
-3724
-266
-6840
-7315
9336
2446
-7242
-136
3938
-7854
-438
4878
2799
8681
-6688
5766
3143
3185
4589
7889
5966
7944
3094
-8817
-3509
8712
-2158
4142
-8934
-6608
1055
-7290
3088
-9091
-1675
3879
-5951
865
-9502
242
3029
-6377
-3500
620
-1313
-9851
-1841
-5659
8922
-684
-5967
-4351
7745
1493
249
-8363
-8335
7356
-261
8433
-9362
8548
-9588
-6888
2261
3087
8267
129
9034
-672
5179
2918
-3196
-7727
3765
-1552
5962
-6860
-4451
5382
-7763
4902
-9629
9244
-4449
7778
7474
-6917
-6303
-4756
491
6022
5706
-5976
6092
4467
6825
3195
5275
-6812
6972
-8201
-8484
-5902
8958
-5530
7657
174
-9789
5455
3595
816
8119
-2815
6714
420
-5073
-1768
-5344
-6378
3239
-3551
9268
-8988
6022
7300
6955
9304
8002
2844
7231
-609
-2958
-8069
4518
1723
3538
-3199
9359
9047
-9571
-9858
113
6457
8861
-8125
3929
-1202
-4267
8603
4434
-9307
-2591
-935
9588
-6807
4680
7268
-597
-8747
-414
6224
3099
208
-5363
2378
-6231
5816
-1170
-7308
-3529
-5094
-1721
-1499
-1438
-672
5464
-6666
-5507
9200
7689
-9259
4978
-3271
5767
-4593
2768
-9182
8004
-273
-975
7711
6893
-5083
4134
-3441
-1944
-9712
1779
3412
844
9613
1378
-5393
897
3281
2486
4106
8497
-1155
-4282
-841
7997
-6913
-2261
-3990
-5173
7189
555
-3668
-6115
9448
-5965
-1729
-6521
8044
7867
-9967
2017
7925
-2366
7645
4576
-2629
-9443
7029
-7002
-2264
-1664
-3054
-5343
-6276
1756
8975
-4099
9486
-3257
-8712
4682
5447
-4434
-9932
4095
5295
2957
-8783
-5095
7979
4546
6883
-2619
5160
5171
-3563
-3421
-1983
-435
-5614
9697
94
-1627
-7572
6971
-3987
-1018
-1079
-2235
-3872
-3920
-1542
-423
-4828
5176
7049
-9980
6649
4373
-6534
8198
7704
-9278
-477
-7224
-2255
609
4028
1957
1669
179
-5648
4029
9296
-8608
4564
691
8955
3912
-4442
-8542
9205
8878
9115
-7796
-819
8699
-6762
-8272
-6591
7783
-1912
7314
-7396
1429
6614
3273
-798
-9857
7535
-6965
-288
-5506
3832
-5836
5726
-296
2686
2965
8652
-3711
-5096
4657
-8475
-2071
-1484
9618
7522
3080
8493
-3728
5292
6352
-3430
8896
3454
-3025
5306
-2058
-9726
-2029
8654
-6801
6088
-5454
3866
-6187
-7771
-9924
1522
-4754
5181
1751
3770
4121
-1665
7182
-4732
3203
-1023
-1371
9296
-7233
-5850
-1710
2440
3120
5334
-2346
-3291
3107
8505
-82
-1183
-4244
-940
-3911
-7654
641
-2785
-320
-1399
2391
-3295
5902
-3047
1875
-4398
5758
-5540
3250
-4997
9393
-5907
636
8254
8906
4673
-8685
576
-5196
2763
9861
3297
-3219
6099
-2597
6829
6847
9121
4171
3576
-2545
-7769
-3312
9129
-2062
4803
-1942
8948
-6392
2158
6550
2135
5014
-6749
1134
-1671
9568
-4354
-4817
-9563
-276
9688
-1816
4549
-9738
-5951
4915
9721
-3565
4016
7753
-2235
8104
-1022
-4070
-2883
-5591
333
5632
-548
5697
-6735
-5259
-7587
5582
9321
-3780
4474
-7673
-7088
3960
-4722
9264
4530
4983
-8314
7937
7544
-2309
9131
5101
8725
3157
1825
-1523
-6527
7302
-3918
-3905
1280
3495
-4069
-3890
3525
-4419
-9853
-9414
459
-9748
-4390
-5243
-6554
-9547
207
7349
-3657
1323
1344
8038
-7750
6147
3802
7262
-4919
5095
7427
2278
5871
-9662
336
-5483
-1985
9052
-9992
1293
4727
743
-5001
-1746
1240
-2606
-7285
-8713
-268
3661
-3007
9603
-7825
-4821
-4580
3933
2971
-8981
7457
1269
2518
-8517
4890
-4119
-9896
2799
-9338
-6644
-8190
8067
-286
-3939
1945
7517
4023
-1540
3337
7211
-3443
8809
-5724
-2350
1898
1786
-2660
5621
9917
6285
-1723
4581
-2122
8040
-669
1267
-8892
-5923
-9712
-2463
-5193
-5709
-3552
-5260
8399
6547
146
7918
-8388
7942
2020
5624
-4394
7924
-47
-1479
5475
6153
-7921
5458
-8181
257
-7365
-4644
2566
2752
3714
-2351
373
-9450
-6963
4967
4818
-2593
2779
5509
-76
9392
1168
2713
-6069
-1965
580
9638
3238
307
-463
-2267
-1556
6155
2839
-5208
-2850
-652
-9553
-5184
6729
-3500
-9102
-5279
-7681
391
550
-4685
-4368
6815
-7457
-3594
-8664
-8684
604
7865
-7886
2948
9799
-2299
-7515
2634
-8125
-4750
-4577
-3285
9336
-6463
7762
3018
4982
-5812
-257
3392
-6623
5850
-8496
-4023
-2762
278
4535
-4605
9792
-7422
4827
-4466
-9397
-269
6014
-548
7790
2789
-4033
-6190
-7200
-9903
9857
-2941
8020
-7931
2140
-3369
6451
-8557
-8348
-3526
3147
-9856
2733
-175
-6873
2732
4709
9457
-6715
-3748
1780
-4850
-4340
5250
-3508
9657
1620
1122
-203
1452
-5682
2717
-2944
1727
-9816
8299
1043
-514
7133
7424
-4552
-6262
-3454
-9347
-3428
-8936
1091
3486
-1800
9587
1579
-3702
340
-2737
6606
-9755
-9913
-1529
7121
102
7670
993
5752
5718
-7618
9852
2984
7755
-5214
-8655
4976
6756
733
-786
1320
-4954
-9725
-1327
6795
-7436
3376
8113
-3578
-7849
-465
6629
9394
-9963
6485
-1209
-9491
1183
9683
1160
6433
-6576
2852
-5009
-3099
-6938
7362
5931
9892
7811
1986
2443
-2398
6719
990
6575
-8416
-6061
