9943
1
2375
6255
8666
6458
3802
4792
5876
3513
685
4037
9405
8388
2537
2831
2959
7672
4188
7189
8234
9587
3321
1301
782
5998
7742
9028
6781
7583
7689
7831
7803
5
623
2640
351
3878
4385
7945
6739
9763
1817
3020
9014
1495
7366
8163
6801
7700
5055
8752
2562
125
1439
418
5288
8401
5338
2949
1067
9389
5243
6338
6113
6189
1495
5603
1935
5196
8189
4865
8577
9943
4471
8165
6789
3493
7085
4510
2903
8531
7272
2256
1688
6470
6420
5269
2567
2098
4556
4275
1226
1288
5482
6797
1169
3657
9073
2088
6495
2571
6543
3914
4145
5294
5241
1468
6707
3897
1663
5190
9215
790
2216
4858
7773
7398
8913
762
1886
5718
4689
5407
5442
1692
7781
4346
2258
2583
6982
479
3649
8851
8087
620
284
3718
107
149
8124
4175
1925
9210
3446
3970
4370
2939
3121
3124
2598
6290
1968
3945
7192
8736
5905
692
1036
3213
6258
6769
8512
299
1293
6369
5870
6181
1555
9479
5809
107
747
2003
1901
6699
3000
9935
2519
4662
2749
9958
7212
9967
2945
4124
2148
4108
3199
9503
8370
2135
4251
9112
7952
9912
413
207
2851
2294
5351
9117
267
9401
2677
2268
6821
5924
8005
2438
6092
2975
5486
2172
9775
4239
3962
6652
193
6813
8160
6759
6656
8114
6620
4
8201
473
5947
2734
3632
5267
6590
1822
447
2022
1746
6712
1595
52
1798
2480
1350
5608
9684
110
5433
1813
5469
249
2625
4908
652
7973
7527
6957
8375
2222
3582
6198
3169
6872
6763
6328
1322
6400
4644
2167
5804
591
562
8227
7152
4202
8712
9036
4495
5324
6064
8987
3559
5493
3827
2949
7422
4759
6931
3445
3225
1138
3365
6009
8822
5058
250
4279
8954
7394
6198
6457
6670
2982
5279
4893
276
1866
2959
4636
5065
8162
5487
6762
3329
7962
6035
3201
3940
3082
7357
4273
9541
365
9434
6071
1502
534
5460
3278
8886
6152
2265
2611
3059
286
4033
6245
6383
975
3824
5696
71
8601
7975
5199
5520
3779
6111
847
4717
781
8847
7165
589
504
763
3578
4966
9016
1771
1841
2768
743
4552
7610
4950
7175
3783
8200
8564
8907
9415
8779
8963
4967
6822
142
9957
5842
1973
5622
8254
7046
9314
3973
188
3064
4736
2995
7353
3745
3629
3072
8570
7053
4230
9506
7941
3640
1855
5304
3798
3256
3051
1369
5967
820
4148
3541
7353
2
3106
3130
5519
8661
9227
3396
5041
503
2992
1322
5021
8712
1783
3668
2697
6076
9905
4281
9695
9455
1672
2706
5019
1372
5402
1299
1543
9430
9156
8836
7641
1389
8967
223
8374
9206
6330
3283
7058
1340
2447
9251
2696
2272
7441
6809
9387
7675
4641
7794
2381
8626
4389
7603
2520
7512
6691
7853
6243
9356
9088
879
3278
2783
4609
2099
2862
2352
2372
7810
9431
5937
3539
9851
1536
9831
8623
1694
7240
5756
2985
6201
5482
6104
2073
5224
9265
7829
7004
815
6449
8102
8248
8810
2365
599
4583
8963
8509
6900
535
6662
336
814
3570
6913
632
403
391
8565
4395
781
6605
392
3801
2143
5460
6293
14
9848
6053
7666
9783
6555
6338
8711
7406
5687
3938
2000
7197
3927
2822
8652
4318
2211
4283
1895
7955
5028
1308
3229
6738
8217
2756
837
7329
6754
6810
3094
9636
2327
3487
4578
430
491
1563
9189
1221
4773
5461
5023
1301
7682
1542
97
9944
8238
8948
8772
3180
6686
7312
2455
582
5621
7260
9446
5588
9116
7026
9559
3917
402
6011
3907
2480
3308
1927
9065
8252
5404
8920
6829
5092
3109
3724
933
9084
4086
2770
2296
3146
9348
5739
7632
8978
1990
4842
2209
8334
3292
8774
6061
3146
921
5349
9302
7492
4273
2662
9956
6101
5621
374
5027
3657
26
5485
2424
6737
8392
695
4826
4134
8274
6559
2422
9788
8585
75
3328
5716
8910
9895
2701
7939
3861
9045
3892
2441
7098
8252
8692
110
5614
8359
8648
9381
96
6894
5274
4013
2491
6544
6109
9317
5539
6538
8389
5834
6534
4159
4619
2674
5877
586
4796
665
2044
5084
3280
6739
6324
72
2455
881
7621
3844
8230
8678
6857
1822
2324
6430
9340
5835
1403
8779
6510
9906
1000
4157
2008
3383
566
6932
4719
9599
3301
5740
8697
9056
8823
6589
906
7879
2529
510
732
961
2979
1764
536
7306
2194
7994
8778
9409
7596
5040
6326
9299
8117
5391
5244
7091
1837
7682
5832
6940
7216
9231
8187
9760
4220
9269
7134
6925
5803
8584
9341
4333
4106
2371
6545
2595
5283
1971
6408
586
9188
3608
4998
6277
5438
9472
4905
6142
5949
2451
2546
5857
3818
2464
8695
6062
5749
1262
9913
8522
2218
9137
6847
3690
3254
6155
7432
8532
3077
8438
8661
1598
9385
1024
5813
95
1084
1056
5515
6118
2026
1536
8433
7938
9559
8488
2010
7733
7462
2743
4150
7182
4717
7360
2075
6265
5781
4291
4703
8520
130
2755
6086
9037
7907
9687
3455
4383
7842
1239
4925
6424
863
1506
795
4195
6981
4516
1318
4758
2502
1569
1219
1574
1976
9977
6583
6683
9235
3967
1773
269
4234
3165
5189
6146
154
3384
113
2195
6843
7518
2365
1073
5175
6702
104
6441
978
4901
4258
5572
8301
6009
1501
6208
2853
8850
6227
6473
7446
3219
3671
2058
8680
9523
5315
8673
7164
7054
8136
9635
9324
4079
3246
8014
5784
4923
6205
6260
5086
6425
766
8928
2363
522
468
6445
7840
2578
5531
48
4888
5467
2797
3030
1390
430
7255
715
1045
6768
1882
820
6042
2013
3831
1335
9796
8092
2170
2089
6398
7879
1004
1085
2303
2198
5594
858
8378
334
8791
8171
6896
8375
8359
9461
7073
6483
2011
3739
107
5271
7279
3345
3568
6656
5084
8205
5760
5443
6113
9406
8685
7749
4842
2143
1515
4676
8660
3589
1739
49
4212
4150
1827
5185
7040
1740
1578
2374
9314
4450
3589
6557
9487
5391
8654
7778
7253
4468
7645
7534
3691
7043
2392
3853
4229
5838
1353
8713
407
8579
4529
1781
5876
4023
3987
9940
945
7320
6418
1975
1712
5538
7722
4544
3163
9221
7242
9438
650
740
4861
2651
7536
6735
1393
5582
1693
8219
1588
3467
5096
7484
1515
2267
1760
7630
7403
6836
9286
2821
9475
3491
9151
5510
2641
5935
5875
644
5136
430
1260
5656
1064
4606
634
8981
2375
9909
1795
5750
4834
5359
9509
5366
6898
2672
6815
9382
7920
1352
5763
2368
7981
8631
2387
3829
940
7218
905
3831
4026
5222
3438
9130
6785
1603
1378
5409
5478
2047
3495
1097
3332
1448
1171
2355
5002
2245
6339
9962
3141
9080
698
163
5756
2015
7459
6050
7526
9266
3630
2741
9304
2596
9084
3575
4464
4064
3000
8443
7852
307
264
4466
2190
9707
7158
9244
7567
8437
9411
9977
3181
1308
9760
8766
8117
8416
9573
7469
7588
934
2479
8233
1854
9337
6838
9834
6361
879
731
6371
9322
9539
9249
8471
6420
8220
4658
4514
4866
7083
2234
7656
9342
6714
997
1855
2976
312
4956
8439
4311
170
668
6001
2634
9305
5785
2547
7744
342
8075
4802
7927
4628
4589
2561
8656
8388
1460
4834
1480
4931
6056
6273
7065
456
1882
6982
7447
615
1109
6912
48
4002
7089
4028
9620
7361
3550
5418
2987
5521
2413
8997
6229
1922
9931
7324
8918
6149
5453
3806
8693
9322
786
9872
7172
6655
972
9288
7184
3411
9147
5656
1564
8959
8436
1112
7042
5200
5454
5197
9171
4246
8183
9330
3786
8198
4061
1273
9365
5722
1268
9073
9609
799
8937
3418
6602
6621
8522
8236
740
6448
3013
1925
1554
6500
5541
6736
1480
5916
7582
3199
9911
1919
537
6847
6427
100
7786
4023
5416
4736
5313
9540
5101
7955
6504
4889
3550
6264
2314
4111
3822
9984
4973
1247
5645
4143
4329
1411
3922
5487
6312
6862
8314
1614
5890
1062
4007
7514
9986
8378
2736
4302
2865
2719
7119
4699
8236
3205
3471
4631
6397
4866
6199
3403
4717
3776
2606
6167
4813
9736
1157
4227
6680
9168
9630
2951
3753
3743
9017
7376
3161
9970
9388
9192
9204
2227
828
9529
5886
9602
240
9938
8185
5274
9407
3302
2899
5427
8693
7659
1623
7037
7093
9702
7055
5243
145
9037
9901
8177
812
9810
4682
9935
8977
8751
7649
1769
7050
6745
2570
4890
898
8823
3817
5785
5982
817
5450
6023
1550
8489
539
9352
4306
5445
7446
572
4012
9586
7453
4848
741
4007
8374
4622
8463
8486
9234
8133
7121
7369
643
463
2835
5766
5169
8655
7681
5600
8781
2533
7700
6770
2891
8945
2224
7912
9485
405
3922
377
5754
2010
2639
9747
4392
4247
366
9386
2061
9838
2399
1519
1671
5056
6500
3264
3703
3395
7681
4118
6824
3753
6772
7613
7613
3487
9082
1695
5085
4342
7565
5835
5664
6817
1618
5034
7192
1320
1976
7409
8201
5563
9786
6239
5234
3673
3773
9084
3269
7943
3400
4434
5614
1244
8016
7659
9343
1107
8342
9647
4251
4831
7760
944
7785
8809
38
780
7635
6744
8537
4874
5486
3821
4415
795
9879
7352
8219
864
4216
9931
3428
1475
1363
6803
5910
685
2756
1955
2724
6454
3195
144
6414
8781
7771
7093
180
1076
2033
9413
3654
8378
9361
9679
9159
4270
1875
3677
7795
9696
3568
8924
9477
4727
4757
887
7089
4546
5856
938
7406
6794
2306
5777
3097
6500
7865
9981
4826
555
3728
1682
9485
3686
6198
8980
4166
4175
7896
5008
1006
9293
9827
5139
2127
9529
6009
7292
4896
9041
9729
8877
8367
6078
3998
101
3224
4515
9631
1229
3971
6182
948
3017
7930
1328
9524
6225
7186
205
534
9855
6565
8817
7810
2299
3703
2186
2940
4087
216
2426
5552
7971
6169
5109
2543
9672
4681
4807
9818
2236
1102
4320
4337
5878
1078
819
4183
2058
6993
4132
3051
801
8699
5427
9973
3794
6528
139
7889
1606
4092
9383
7540
5150
3877
715
4477
5601
4848
9987
7849
5115
5670
605
6508
2769
3340
8563
6117
7670
8783
2907
3622
8681
5339
9405
1724
5951
227
7297
3151
3063
5053
1723
112
8979
8943
189
9013
6701
5447
6243
3286
534
9915
2213
365
6167
809
4643
6210
6655
7504
7018
9008
1243
7709
4931
6426
2042
9900
633
366
2714
6587
9657
5479
7104
8400
6711
3582
9134
1440
9260
4952
4150
853
1507
5838
9644
2829
7728
8707
5776
2026
9678
7358
2029
7524
4967
1800
8515
4073
7359
6706
4436
736
8113
9291
5120
4175
5224
2697
4202
316
2034
5788
6470
8918
1726
9151
852
2579
5348
3224
1562
6418
5457
192
2727
3772
7550
1398
3609
490
5656
5289
8939
6941
4056
6925
5450
8868
1128
1408
3474
8744
1123
4374
2855
3389
4590
8769
4815
6797
3303
6972
4964
9405
2753
8989
9203
7725
4247
1271
9217
5264
6758
6635
6710
2889
8283
6217
8284
3850
7883
3455
7551
9447
331
6657
5945
3102
7129
2229
6912
1200
8369
4027
9317
3666
7356
8719
145
987
9302
4407
1616
2562
9915
3224
4778
2838
4517
4321
3211
9287
638
7956
3091
4339
3384
5620
5583
8315
9252
6370
4848
7471
2611
3299
9816
1075
979
6633
3184
481
4910
7018
6009
689
164
1055
7074
8537
3513
4127
6973
2960
8730
61
7165
3673
6283
1629
4576
8137
5050
482
1678
1634
2389
1710
6040
3328
8018
5819
5437
8747
4235
4543
9569
9279
9204
7383
1396
94
6151
6067
7617
9506
6364
9424
9622
7524
5832
4327
839
9228
1172
3029
6797
4668
3865
1392
7698
5610
4149
6503
7179
546
1385
7042
1020
1395
9247
6298
2369
702
7132
5940
5222
4245
8739
6173
3650
2082
1493
3478
9021
159
7721
525
2213
7219
9121
6987
2739
7380
9208
7633
9704
5900
1685
6888
2669
5372
3558
6350
7720
6266
6267
2328
1716
9935
3105
2168
4793
837
1852
6584
178
4114
1244
1287
5378
7299
6559
7290
4731
2467
9879
4217
9224
626
554
888
6023
9104
2826
7650
6022
1696
3484
1095
8353
5023
9975
5286
7348
1546
675
9234
3952
1194
2818
3306
2049
6089
5683
3529
2847
4355
6522
3240
1461
1051
1478
9561
882
125
1070
3210
9676
2228
927
7547
5665
1314
9878
9575
309
4476
4491
5477
3917
7335
7167
8924
4654
3344
8994
2905
3874
7664
2380
3990
6637
8771
1373
7678
2387
9946
764
753
1617
6123
2936
1009
1854
6997
4739
4439
5649
6124
1142
8890
4260
2302
166
4699
6667
8500
5468
521
7100
5553
352
884
2291
3906
31
4796
5536
5305
7705
4606
8842
1547
101
2332
2608
8154
6825
3368
3605
3168
3684
1541
1770
7939
2283
8312
5140
8789
634
1338
7840
1798
8189
6853
7347
9681
227
6427
9057
3316
8773
7604
8295
9343
181
386
861
1184
4887
1882
3734
4831
6309
1457
7379
8225
3881
3950
619
8655
3659
5655
4259
5718
5597
6055
2601
3876
2892
2003
6912
8619
9545
6618
1555
428
7797
7934
3426
390
3757
127
2194
7354
4184
4408
4019
9000
8050
2291
1445
9746
5726
4100
6220
5267
3090
3048
1003
7531
8375
5238
4646
4362
874
761
5604
4746
2124
3088
1468
6692
9334
7935
6623
4118
8322
9605
3202
2954
6218
7298
2082
2464
2593
3248
3277
9840
9736
4712
5074
9758
962
6292
2750
7536
1038
8068
4839
8502
5080
2822
6784
2433
4027
6005
2722
2770
5186
2157
7186
6491
9400
6353
4206
322
1119
9612
4704
1778
3520
8698
7256
7186
783
3558
7275
2022
5792
89
1375
8726
7891
5545
402
4228
5869
1264
2138
6982
9948
3278
2075
272
4709
9044
8488
9688
4640
7973
1132
8573
8464
4884
9708
4398
225
5738
3632
6820
4541
1222
746
7176
5070
6190
5069
7025
116
1936
9167
8053
3993
2456
6650
2373
2544
8440
8584
3951
9911
6465
8407
8010
9844
287
8729
2180
7744
6079
2796
8934
9042
1869
3228
8659
609
4619
1769
6217
9850
740
4436
9024
2642
8589
8000
4636
8597
2684
5427
7883
4088
9250
5
3257
5348
9639
8892
828
7301
2023
770
4655
7354
9194
5634
2737
3835
7871
8404
2992
8421
1703
3437
7425
5738
5199
4368
3330
196
1128
183
3836
4068
6258
6363
3716
4320
9472
1079
7248
2448
5631
9578
7608
2444
4535
1430
1003
720
4341
3576
8948
8319
7171
8669
916
1992
348
1577
3727
8915
1711
2037
4389
1434
5990
759
3149
9813
3251
1096
5875
8115
1192
6780
174
5200
6896
8997
3513
8956
5676
6125
2282
9226
636
7325
2700
7792
9076
8729
9002
850
974
2911
3875
9804
6303
3165
8384
3542
1992
7373
1353
7754
4440
6261
4899
4873
652
7528
1914
2114
2699
9117
9822
5870
3390
2074
7766
5301
2359
2047
8883
4558
4379
8707
6874
8398
2495
4651
9270
2752
7649
213
4866
8041
4648
5876
32
5992
4019
8680
6661
2905
8732
9695
6254
742
4736
2422
4961
557
3876
9499
2337
5514
2303
4314
1177
1124
7902
1265
3718
5560
6213
8738
1726
3319
7435
6243
4781
5851
8843
1638
3182
7256
671
3278
8533
198
9283
4440
1141
4517
8731
2363
403
9193
6924
8192
7046
341
2619
539
669
2483
5555
1377
7919
4232
3210
6928
7610
1943
5159
9271
8560
4128
5323
4967
3752
4220
6415
7791
1148
8049
7078
3217
8554
3751
8390
4680
8015
6823
7941
373
4761
3313
6215
1623
496
1558
8638
6363
6650
9388
5804
5654
1900
758
9269
6466
3413
5033
426
2909
9799
7662
8579
1408
5150
4501
2562
996
3856
664
2750
9915
5212
1755
48
4868
8968
3673
2101
3575
7177
3336
8675
6709
8898
2058
7896
8700
283
81
6653
1422
1789
3328
2726
1702
5260
2699
3603
9691
5507
5777
2592
7998
6819
9379
8851
8649
332
8055
803
483
2604
220
1785
2910
9471
7354
6155
508
6186
6893
5566
2600
9423
6544
5684
2534
3327
5662
1758
7128
8526
8063
4415
5144
5232
7776
869
7053
7401
8614
6603
5203
4815
7058
4542
7346
8189
8544
3114
9874
721
7482
1794
1699
5248
1390
7137
3082
4955
2868
5154
5235
4635
7369
9733
8090
8055
3171
8503
8327
1020
218
5737
6958
7111
1858
7501
1325
7076
2486
4642
2443
1758
9404
4381
5407
3611
3891
2696
3322
3126
3709
3684
7423
9081
6873
6461
2242
5515
2900
8608
9664
612
4122
3574
4330
2614
9663
5169
4877
6343
6212
3402
9597
7082
7618
5807
2642
9363
5136
2099
9120
2407
4064
5104
8621
3511
3714
589
4124
1089
1381
5253
3894
7876
3095
2841
2908
8257
2035
4312
3348
3311
952
6735
7082
4493
41
8995
9729
9860
1023
7608
4520
398
8571
9429
792
4848
4294
6312
7340
1621
7493
2834
4497
1982
6294
5256
514
3304
3870
4852
3166
6053
9159
2924
3868
709
5238
5372
8891
4341
5070
5450
6507
2375
8623
8329
9003
4214
220
1467
3255
2871
1274
8525
3570
908
861
6882
6932
8398
2655
848
7430
7247
877
3859
7028
7087
7822
5265
3704
9059
6571
1803
1005
8210
4919
3485
7352
7320
3679
6810
3891
2423
798
4244
6278
5222
2867
2189
8741
8241
3449
750
7725
7927
8281
5802
916
3988
4794
2372
9587
6643
1735
1084
5576
1604
5157
7619
9822
8218
9136
9351
3480
3807
3078
6942
7522
5574
3456
5352
2595
1129
2198
1737
2870
7471
8835
9654
9309
8687
1488
703
156
8934
4081
6199
9033
7222
4094
6875
5613
6713
9402
404
1980
8183
2312
5723
1100
8102
4014
4848
5228
7435
2301
4004
1449
8100
8195
1958
1178
4716
7411
7972
9338
8830
8385
1155
3667
3950
272
3709
285
2107
9210
7094
7126
1937
7416
7727
2755
5646
4697
7775
7959
5595
2271
866
328
9466
654
8010
4554
8617
4723
4813
7993
3430
5799
2060
8380
6666
8752
4889
1709
7793
7738
1040
7784
4381
2497
9240
1096
2101
1326
9359
8192
2268
922
4299
3268
1105
5992
259
4405
3523
4590
9460
66
8616
8565
2917
3123
9957
6867
6619
8397
9674
4095
75
5215
8382
9698
3436
9128
5215
444
1692
2437
1260
9745
9661
1535
8900
8102
8127
658
3521
4307
951
3560
9042
3826
5946
9152
1066
9154
9354
180
3020
7053
2865
4058
4619
5205
7686
6493
5899
7608
1840
9697
4466
3197
4248
5822
3641
9123
7769
4529
5268
1209
5115
4814
4576
8400
8960
9809
8933
1870
9925
2107
3257
2140
107
8794
176
1797
6028
5934
1745
6719
564
2638
2258
1185
6629
3270
8865
815
8086
1711
5659
4687
7845
5201
5856
4151
9871
4621
2891
5174
9018
2257
8784
3079
8636
8177
1927
3947
8871
8942
648
6700
6353
9754
1512
8244
7360
634
7153
4794
8808
7274
7638
5563
7599
7576
6748
4904
99
4588
7332
3787
6350
2444
4965
2221
968
6769
6958
3090
1332
5083
119
2538
5050
4101
1300
3089
3317
3980
2631
781
2119
5885
1624
9495
459
8335
7285
4027
9901
4723
3499
4345
8637
6448
7505
7426
4963
6391
55
3145
3276
1481
8915
3148
8190
4685
9166
6567
6274
7815
6638
5810
8846
2748
3003
282
1743
8878
5884
6764
8299
1972
2427
9205
5653
8839
7630
4068
5071
5789
8394
745
6251
9071
4098
1094
8418
728
3244
5943
9538
4300
6759
9854
4993
726
5158
9971
9383
8373
3342
6582
7045
183
7183
5334
6857
6714
5798
8368
2585
1120
5110
3648
7984
8791
9516
5883
9289
7698
9085
4092
7032
6932
7986
8929
4241
5909
5493
1150
7462
516
864
8104
7978
8033
6554
4067
3801
3088
820
5776
8994
3249
4672
3082
2538
5035
2348
8596
3017
3543
8371
7781
3859
6941
678
2550
219
1340
9901
485
4731
1594
3891
1016
6678
5480
6883
2206
4881
4358
2662
8371
4906
9176
1389
1796
1801
5875
4584
2269
9942
3977
4286
8244
4754
8683
3658
6599
6141
2603
80
541
3982
7519
2947
4885
6468
3046
6772
9585
1642
7623
8463
4869
1039
9930
3574
7419
2013
4811
5122
4651
1035
543
8
9691
4707
1772
7486
6916
6493
6007
3408
4769
5605
6983
4434
7426
4736
706
7436
4518
4514
1849
6750
6985
1937
8579
8857
6396
1831
1856
9822
9192
5164
2503
7233
2433
5931
4194
7159
5336
686
4628
7922
7233
1259
5522
8667
7959
6242
3296
1191
749
5768
2675
6403
70
1541
7173
1399
2237
8206
4657
3487
664
9995
3946
2478
160
2565
6775
7434
2205
988
6575
8713
6659
3585
6866
8648
2554
9013
7351
5663
881
6888
2856
8294
597
3148
7274
8953
7723
3460
3811
337
6805
9857
119
3334
6716
7708
738
7145
2664
5785
450
9245
6660
5250
305
2739
4744
8711
4773
9260
8847
334
3009
2497
270
3906
6746
4975
5500
9102
1140
9565
7663
903
1393
354
5076
1439
6
486
9406
8516
3195
2437
1171
2315
5024
6144
759
9396
6120
8057
9158
8399
9394
1974
7880
305
6069
4741
1608
8920
2985
869
3689
7542
2063
2531
724
3661
5813
2776
2296
3802
1296
6144
9334
9568
8872
6901
3617
5708
4793
7620
6291
7972
180
8470
4882
3056
6747
3315
629
7279
6089
3827
8408
5934
8674
9779
3772
8235
5796
2749
255
9236
3176
8033
6900
6893
76
5254
8084
1492
8454
611
605
8917
5729
9005
3064
9279
6002
2845
9385
9435
8514
6756
4467
1972
3245
4467
3811
4745
8181
1747
5885
2933
8226
953
8313
2236
6208
1180
6028
8959
3441
7365
9656
4226
1991
8521
8470
8447
7941
9513
1114
3234
2470
1473
6951
5093
3568
2190
9041
4838
1308
3840
4936
3474
4596
7280
7463
6609
1482
5296
5745
9065
6254
4674
3505
6699
3330
916
606
4060
4036
7021
8460
3662
3682
6220
6870
8647
7173
9702
6545
2877
1855
4566
5689
1226
9633
7507
5250
3632
1629
4396
4076
6107
9158
1921
5683
335
7283
5353
2819
5954
6738
858
4802
5854
6044
5266
6682
6671
5794
5536
6177
6672
5374
7608
5578
3291
2325
5641
3787
270
2679
5879
4598
553
7004
8607
1517
8705
9775
3099
7110
2818
5288
9941
8786
6866
6314
8809
7601
4932
1359
5254
1173
1382
8729
8893
7452
3525
2406
4536
821
9830
1711
9927
2031
8226
4208
1165
8748
2769
579
5815
1180
1815
263
7830
4387
7561
5059
4663
4100
9478
2173
5228
4210
5560
4396
7830
2990
5743
18
1523
2963
4291
735
2264
9152
9889
9107
865
5885
5406
5404
4179
9722
3677
3222
5624
3249
4419
504
8402
5543
1734
8608
5051
6416
450
1669
2994
1503
4875
1365
2562
8624
375
762
624
5321
2893
5330
3756
8866
1872
9045
722
1433
8431
3238
2841
2858
1064
4067
4330
7620
8082
8800
9477
5384
172
8280
7957
4082
1246
4358
2027
4932
1991
7918
1541
1361
5085
6367
9634
8932
3592
4056
7889
5157
9180
9561
8483
3909
3746
1618
6486
1021
3349
2339
2909
9952
2863
283
8346
9751
9969
6580
8803
7029
3846
2183
7691
5525
9165
6116
5231
1482
8830
5261
7251
6409
3155
4637
7245
4271
4841
8341
6552
3799
9844
409
596
2834
1695
4503
5612
154
6567
7618
5668
1566
2420
7637
4836
9907
7308
1190
127
1394
4473
4517
6332
8195
6609
2681
7435
9195
1000
3480
5605
6880
6096
8132
8292
81
6922
8582
4512
3035
1332
6867
3042
1911
5062
7794
9445
687
2333
6896
3337
5979
4724
7581
1790
4130
9379
764
3048
8654
2520
9315
5977
3260
3167
8676
1574
9560
4610
7077
3157
7680
7919
249
2797
5659
4072
4864
8058
9877
9127
3882
8422
1552
9066
7243
3578
887
4691
4259
7024
4461
5380
9449
5066
3668
1093
6263
7014
6957
1961
1289
4268
5223
2545
1956
1994
6878
5285
4106
6025
8165
4890
2223
3768
4084
4764
9492
8285
5284
1992
5501
1734
499
703
9221
4903
5794
1281
5243
2865
7287
830
3249
1067
3712
9910
2535
6000
942
8019
8099
2053
8066
6043
2654
353
1201
4159
6136
2169
5285
6093
6243
2163
5940
1972
2964
9123
2435
1322
1812
2270
8010
4647
5865
2377
7015
8750
825
2704
5858
319
693
9020
6671
7727
5236
8826
4020
3582
6746
4170
888
2969
7900
6129
1381
2696
4170
9751
5039
5946
3087
167
9405
3588
7209
3463
9109
5395
5487
6745
7053
6923
7084
5769
9358
1105
8219
1102
3118
6469
9475
9112
658
6017
1958
7918
7673
8185
691
3819
853
8639
5277
9667
8345
7151
8992
9080
213
5751
8221
479
4506
4340
1196
3198
1444
3094
5396
9243
2945
1313
2054
4955
1291
54
8907
4585
4740
1293
7221
7076
4220
7241
4817
1809
5945
887
9137
1473
2808
679
2291
4071
8380
1
3622
2317
7392
1172
1894
3661
3227
6430
2162
8382
7569
6121
4879
9070
6408
195
2820
5037
6841
3799
2579
957
9758
7194
4144
172
3616
8006
8693
2709
6345
8101
3965
7806
176
7403
6815
1841
5787
2726
9336
4785
4242
3438
2749
3433
1466
157
8970
1883
7441
9
1281
712
4006
9887
2798
769
2426
8294
4252
505
197
2231
139
35
3873
7758
4007
4541
3808
2598
3610
4059
8293
5247
176
396
7975
3560
7103
1029
579
3744
764
9047
7942
4148
2111
2444
4646
4105
9703
8281
9543
7892
1912
8911
441
3832
3178
1108
2004
9473
6800
2065
2764
3368
2997
8953
2521
1295
5733
5772
9004
2600
355
8796
3014
8470
650
6582
4294
4880
7851
7200
7543
229
7255
738
1292
1729
9529
5025
1717
2783
4709
9273
3880
6485
4386
7752
4600
8378
2609
6558
9775
2039
1114
4181
6260
9644
6694
2626
2010
7637
4116
2086
3276
5856
5568
9996
9143
5077
938
4585
6792
759
1188
6791
6784
7859
2743
5690
9267
2738
9608
9453
9309
3259
3229
6949
4685
3043
6610
5147
2294
9698
6442
8858
1546
2181
9119
2075
6543
780
2641
532
4161
8022
1167
4625
1327
6314
3341
4869
6699
8508
4842
6234
8840
1147
6345
1886
4126
4879
5771
3885
3531
1651
3240
3882
3140
8647
5155
7422
5761
1286
292
4125
1413
9409
2703
1257
7062
8023
2732
6518
9604
9698
2420
5533
7580
7563
5494
32
6766
8991
8718
3375
8136
6230
9380
5887
9410
4103
7462
3526
5612
6300
7288
9377
9448
3984
14
359
3805
7208
5047
2493
7387
2742
5959
1508
3736
2743
8376
1004
709
4451
4068
6818
7482
9495
4898
3582
535
6370
4892
602
2812
6832
1147
3634
6720
8202
9850
811
5072
4611
7491
1634
4579
7228
8096
2158
3029
3626
6859
905
6551
9488
996
3288
4624
8297
6081
6925
346
361
8160
3754
8000
1353
8849
647
2990
7260
6970
965
5467
5337
3770
1982
5528
3646
2773
8262
9213
3981
8082
6082
7356
5486
6955
4691
791
881
1274
982
2334
2880
5800
876
8066
2665
7536
6861
5207
6850
6258
1881
1769
4445
9217
6239
879
3884
3416
5783
4730
5701
1396
7935
2963
1563
975
4457
7276
3804
3488
9117
4402
9818
445
7293
8566
3733
7439
2216
6860
8043
2565
8520
1447
509
2668
1280
4366
5318
3481
4414
4074
552
5912
7096
2662
802
2886
8849
7760
4075
757
1758
2762
7485
3442
9618
843
723
7305
7336
8792
9081
5879
2439
4243
6476
9394
4853
8986
2027
1843
4185
1062
2375
4966
1583
5949
6271
7897
5191
6974
2699
3747
4196
9932
8406
3010
9705
8224
5736
6649
7942
1586
533
4461
1587
7968
6422
2125
4015
1409
738
6978
9965
2164
1380
7271
7216
2833
8203
2908
2036
8959
1621
3525
7908
6145
9973
3364
249
2177
9011
4773
2376
5985
1559
9956
2219
216
7511
5262
2728
4490
7036
5667
8721
7814
3309
1829
5069
7385
3830
3412
7575
5138
6839
7548
4019
5470
7669
4653
4492
9747
8810
5082
8452
4856
9395
710
8385
7591
747
4058
8926
9850
8134
6964
6847
3167
5730
7266
4081
7127
1191
6723
2675
756
5764
5205
8352
3232
5756
7765
9624
6346
3206
2095
3094
8164
1504
5385
8832
8928
2832
479
9412
3708
542
5077
149
5679
4886
4388
7476
5031
5570
9022
8343
7624
6619
65
1465
6879
7970
6609
1527
52
4336
3057
7912
6627
7240
770
3695
3849
9532
9586
3426
6745
8406
3491
4061
8723
7870
6766
6778
4971
5575
9734
2091
5214
2792
9863
7636
7252
8430
6651
4762
4080
8714
9417
9003
7505
8694
8642
932
5099
7023
5212
9070
2525
9136
8514
3233
5818
8201
635
7465
1924
9574
1789
6859
1069
3950
1476
9884
733
9087
6727
3572
3885
9294
1993
2115
7826
2376
701
3388
4002
5142
9454
2553
9776
5846
8359
4017
3717
699
5871
965
9871
7498
1403
1428
4885
7882
5383
4357
6044
2653
616
7379
7822
3141
367
7217
9894
5134
2785
1897
1911
2423
5893
4846
8801
9958
5489
1522
6032
7619
4295
4470
9801
6540
9057
5130
2623
5388
4561
844
4102
2738
4799
8470
9795
5790
3419
3692
208
647
8374
7637
5828
6914
933
3622
52
2166
3868
9004
402
3381
6365
1343
6621
7819
4718
1478
3095
3574
8843
5765
3995
9762
5789
8515
2612
1745
4478
262
1358
5411
1340
5826
7603
5549
6263
2544
5542
3097
5833
5608
7150
5428
4590
2365
2030
4747
2933
5674
3494
2151
3563
665
7568
2990
7542
9725
768
5814
8331
1067
1129
5886
7463
8722
6817
2899
830
3391
2899
7374
214
3476
2006
7241
8417
6462
6555
5240
3081
8709
4331
5418
7237
8130
1149
4081
3690
1215
6693
4807
4873
5031
6188
4696
4406
886
3510
8605
2111
8017
8923
6434
9010
2531
998
8728
9647
2062
1452
1703
8756
1690
5894
7331
5394
7713
801
8068
5306
2520
8604
6725
5717
1813
6355
1947
6864
6358
9595
1964
4216
1616
5329
5850
8318
6518
7269
4205
2495
4884
9147
5981
7633
1735
307
8067
8020
268
7734
2852
5786
1652
2503
2312
4668
6129
1884
1131
5707
1927
5669
3792
11
2003
7624
4449
616
5978
8661
430
3620
4716
5687
4473
5964
5536
7680
5184
6248
5066
6379
2361
672
1470
9087
5620
6280
7618
5224
3870
880
7543
5320
4601
6971
971
6527
6120
1380
4213
856
5700
2092
9685
5956
9146
8701
4004
4582
9105
5415
7651
7901
7062
1844
8358
1617
8996
9055
1230
5098
2950
8618
219
5034
2146
7907
7077
930
4170
3535
4
1799
5138
5651
9218
6575
662
5182
5035
8352
5179
976
8317
4693
1935
7919
6263
6216
7575
9935
5660
3057
4055
5300
6990
8593
1541
4317
3077
5196
4842
964
8177
4349
3669
1938
656
7472
2075
7568
5271
49
7462
3511
1822
2328
5544
4293
5899
7427
2267
5050
3955
526
3451
2370
8422
7550
8790
4174
1378
2700
4590
5734
7096
3583
2303
338
7210
9679
561
9116
8552
2238
2245
9222
8536
350
8998
8709
2642
2008
2032
3720
6191
2954
8295
4554
1592
4059
1666
7808
8134
5681
6142
927
5211
8448
3065
7499
9188
727
9329
5797
9404
42
7593
1482
4953
1580
4832
5720
2444
7930
320
1376
8814
4996
6258
1162
4662
1153
4475
1549
1685
694
3449
9294
6878
8373
3382
5133
4954
5230
6666
5520
1918
4750
1890
4472
3040
1836
7380
8851
1664
7525
8741
4074
3137
4185
3211
5222
1604
1604
2284
427
3371
5526
4658
9527
6257
6238
3227
2060
6323
1673
3393
7804
6221
3623
9520
8648
3347
5521
8268
9
5072
6316
8070
2229
3578
8732
5110
3839
3589
9670
1620
8091
5598
4459
7894
2041
334
9301
5524
7854
4566
7536
6263
1586
7569
5592
5371
5402
2867
1322
1586
3362
793
1214
4880
6504
7574
899
8513
182
4042
8788
8919
124
6194
5692
9549
9273
7736
8584
2890
8141
9820
5645
7384
8504
7711
963
9183
1032
7076
3679
1317
958
9799
4917
332
7602
7692
5553
5416
4967
6885
9542
7168
2236
2602
8901
2408
5544
5892
3307
7891
1402
6199
6149
711
9177
5703
7034
9301
1140
5425
7960
701
3086
7555
5039
4583
2439
8444
9366
1711
2528
9581
366
2098
5731
3364
2464
1383
2417
3247
6995
9077
3832
1360
966
6512
6091
544
2361
4294
7243
632
1326
6800
2249
2530
8364
9000
2496
8376
6390
4168
6838
9746
1497
8078
5043
519
5850
3865
2842
1317
3883
1925
5943
9866
2564
1587
9
838
9492
2125
2228
8705
4194
2527
4616
5683
5245
5931
8357
319
6167
643
7332
1285
551
129
3259
3858
5313
6088
8668
4601
9756
9833
2452
7334
8906
890
5313
1882
486
3513
7243
1333
6304
4385
9406
801
4536
9216
5590
2094
8749
5854
9948
5199
747
6611
376
6553
6070
5452
3794
3763
9633
212
2147
9808
96
7877
8221
4984
1657
7998
9429
4866
1817
233
1776
9968
6049
9287
8244
6670
91
1719
9630
6786
3724
2368
7369
7490
6206
1557
2779
8536
637
1122
2007
6252
5280
6278
8905
6729
3442
7057
2335
789
15
7195
7614
8071
3376
7825
2130
5291
4627
2956
5362
2257
5184
7082
7682
4205
5008
4376
3647
1727
9303
3694
1003
2079
1272
8151
5918
1983
6760
4675
7218
2873
7203
3985
6593
5495
2830
3373
7942
4617
8381
5072
7355
8394
8169
9969
1891
5626
9576
3936
8637
4891
1264
8270
6500
9974
1294
1371
7091
1739
7335
7693
3728
8813
803
2906
5208
8426
2938
2249
7583
2733
8367
2317
7387
237
5785
6381
2655
2367
837
4534
6416
4781
3761
5103
2920
3051
5008
7908
868
2057
7815
7576
8168
6919
6453
1174
6435
1222
5076
8836
8987
2075
2120
2906
7792
1812
7631
6038
776
272
137
3706
4405
4964
4412
3864
9265
2067
1522
5423
1726
5885
4523
9925
5862
2139
2646
9470
5629
8768
1840
130
9860
4381
4985
9
1435
8144
5958
9974
6740
2662
326
151
8007
8495
3897
3537
9153
9715
4799
5448
4035
5806
4451
1651
8423
4856
5471
6500
8400
6095
6985
8736
3126
8826
7871
2675
718
1088
7868
2837
356
5559
1731
3123
8489
1712
5164
9942
7685
3534
2522
5827
4468
7545
8811
1965
9928
3024
7245
4184
3751
9995
5239
7216
3619
4663
1917
5795
3784
3692
5119
7115
5384
2788
1640
3958
1883
8956
4667
4504
6114
2385
8111
4975
6139
7066
6184
2144
3460
9557
3158
4407
5190
8430
4945
360
9407
8706
1889
3547
3216
5918
9640
2229
9259
2055
9792
2431
2182
6876
3523
8464
3822
508
3426
3635
5749
9219
6544
7204
4354
7218
3767
7722
490
9144
7378
6639
3779
7857
8218
9975
1549
2117
7541
7833
8678
3676
256
5551
3321
4444
6437
6734
3028
2595
1328
6155
2660
7449
71
8390
3525
5811
3727
1815
9341
221
9510
1443
1185
4008
451
517
4833
9126
7471
3176
5276
1569
3307
6942
9735
9956
5119
3779
5988
8031
4992
7739
8629
1916
206
7773
5815
9243
9633
3771
5588
2462
8649
5188
6329
2272
9430
9349
1398
7916
7863
8933
288
6920
7836
3278
1714
2009
6745
1402
4029
3549
1507
2310
7353
5959
2070
3904
7200
1065
3536
7536
7102
2608
9665
7988
1906
4580
7229
245
1948
1080
1750
1623
4871
8900
7778
9106
9500
8428
7053
1981
9158
2354
884
9262
5489
6258
6263
8154
355
2546
6995
3531
3891
3328
6836
2011
8078
4239
7410
8638
84
9396
4523
3769
8045
8949
4549
4170
5096
8077
3898
4960
6930
9976
5325
304
7885
8729
5744
2422
5153
321
4893
7934
1177
4292
8411
9434
263
5005
6301
784
4098
760
4105
1135
2612
13
4603
1724
6312
7885
8528
237
7045
8414
9729
5296
1720
1580
2640
1322
9307
119
52
3288
6869
4948
9090
6418
7244
5776
8892
4143
858
1113
7837
7586
1826
4476
5808
3199
8017
3649
3426
4704
71
782
2025
5566
6122
2149
3391
7686
9288
3744
1124
5528
2857
238
8333
9513
7443
8309
3274
4319
8350
1553
1481
8841
2506
7521
1443
7464
8976
5453
7395
4043
401
14
2711
5969
7029
7434
9094
6106
4796
1755
8578
55
3991
1902
6831
1893
2274
4011
2964
6072
8696
700
6382
7667
1247
2918
8983
9628
7831
3254
731
1870
9188
673
4020
9082
113
4705
2248
1190
8486
5783
9152
8302
1313
1254
8337
1999
9142
3561
3627
5318
7793
9622
531
5717
7310
7730
4973
2287
2550
5689
3755
161
6690
7408
2494
2083
5829
6212
3587
5257
677
1929
2259
7405
6197
8427
8844
6187
2523
9153
3700
9067
7188
4608
7596
5403
1150
6550
5735
286
6162
1538
4032
2290
9414
967
5738
2785
3713
610
2800
9185
7988
3858
8686
9112
908
3288
5261
417
1051
2790
1831
98
9873
9983
6590
2628
2174
3553
5208
4439
4318
4030
6596
7655
4954
5302
929
3816
4155
5324
3305
1533
835
507
5067
7780
8996
1299
8872
4651
9079
2227
7422
6118
3438
1496
8561
8565
959
8308
3155
1389
2623
5996
2208
6269
6996
9389
4034
5892
2862
6550
847
6274
3585
1784
8515
3572
5734
2169
3941
1341
3381
8390
2975
482
8209
5820
6809
7870
1805
3063
3181
2562
2385
5271
4754
5203
809
4373
4394
7308
9974
3610
9765
4363
9902
5008
3144
553
3629
8395
4522
6172
6907
9939
3817
1721
6653
9198
6877
2543
8245
832
133
7176
9389
6004
68
1984
3937
8580
2417
6745
1783
5550
7407
6005
9385
9691
2362
6540
4944
5374
4221
5479
9333
2020
2173
5144
9537
781
3222
5043
6880
4756
6242
9910
4913
9770
2198
9552
4730
3106
4129
2238
5112
4019
9572
4006
6822
6260
1715
3771
8680
624
8068
9758
5937
8297
1101
2067
4674
1846
1083
6579
908
5972
6566
2759
9117
7835
8981
9520
9856
646
7811
2505
439
166
8839
726
7458
839
9911
3395
3380
6389
9218
8988
1765
5392
5334
2260
8687
4132
1871
7937
9132
2159
4090
4470
8517
2912
3739
8908
7317
2181
4649
5438
930
4051
5428
3068
3581
5948
8497
6365
2368
4489
3009
2299
7769
3583
4945
8178
1465
8815
4717
1404
7321
3218
5947
8488
3848
9183
5943
7342
4204
8402
360
1268
4749
3397
9892
921
1974
9209
9886
9454
4776
2416
8982
6758
4995
5121
3296
9023
4656
5462
7069
4081
8791
3176
9512
1785
9632
8578
5377
4683
7387
1021
8548
3494
5795
8770
9787
4822
8755
3327
1607
8710
5265
9874
1831
2165
2529
4574
6819
4335
3345
2515
6695
8837
9168
2501
3600
1299
3737
5087
9643
301
9336
5187
7288
5375
5561
2581
7354
4435
5281
4760
6675
6105
2148
8688
8294
7352
2950
839
5639
8403
7003
3931
4831
2261
6383
4404
3875
9434
6570
4320
5067
6054
5242
1777
9342
6715
1148
5904
7009
9936
8051
3934
281
1540
7435
2123
8235
5698
3688
5759
6939
9415
8480
7119
6984
9156
3585
3131
6207
4199
8196
8358
7492
4128
1812
2318
2695
687
6065
1419
1014
1972
8246
2355
3538
3325
3963
5808
1228
4713
6295
3523
4560
4766
2523
9288
9023
4981
4338
4284
5173
2372
5435
3656
7921
1186
3377
2525
3621
2043
1381
8377
3225
1974
732
5315
5850
7276
6026
2954
2397
7076
1663
4616
4206
3350
2859
6915
5854
1773
8871
2453
1977
6505
7530
2468
4257
1578
4659
9792
3793
6567
6744
1957
541
4166
2391
1978
3111
771
5752
932
6
63
4613
8834
8377
1601
7964
8079
7676
3525
8961
9433
1772
8349
2886
5019
4779
219
1918
677
1049
6154
3969
1975
222
5542
6604
9913
4225
7
6754
2443
5272
693
9419
3046
6838
5930
3874
7062
5156
7343
2552
8780
2177
6655
8441
8901
2106
8712
9793
8999
4789
8244
3941
4534
6255
9578
6416
4682
5366
1742
1705
5823
5544
856
7827
2650
8315
4934
4540
5828
96
8088
5116
2143
1991
1507
5351
3504
9732
5256
5784
8631
1721
5823
5513
7478
643
2070
116
7846
3944
4052
8401
6704
5057
1956
9749
759
1418
4240
9594
3416
8262
722
556
5063
5931
8099
7238
8963
7302
5567
3543
4500
5244
8816
5914
4285
9742
6648
6675
7471
6061
9429
2633
49
6090
6559
9454
7846
9121
125
9321
1355
7565
1735
4849
7595
8933
4262
4671
1726
2823
2415
5420
5000
6926
9564
7491
8622
7470
5395
2914
7107
3064
2914
1141
4901
9092
4907
5228
1802
864
8691
2081
1197
8746
9020
7274
1032
3709
6536
1058
9909
4368
194
4606
7400
3110
3200
8946
9956
3001
5182
217
9331
3416
4290
339
2261
4470
4285
1550
5412
3857
6430
2971
6461
7946
1903
2056
9763
5109
717
6497
2147
7466
2199
5501
96
7418
3509
7611
4406
7226
3611
3065
6508
2938
5045
5003
6666
959
4345
3033
3239
2641
294
3075
2093
2857
2648
1729
686
3732
2552
8275
8307
4642
2608
6741
7311
7952
7895
5148
8679
2304
772
7798
6948
1199
5792
6450
7798
6562
8561
6887
7175
3680
4681
889
3399
5989
4268
9364
5627
7505
7873
4172
9647
3333
9056
6509
1322
9653
7044
755
3368
3387
9887
7138
6588
6115
9260
5311
7221
8743
5233
9899
8766
8509
6326
43
7944
5547
4512
4592
8758
4270
6475
1128
4057
8125
9244
7229
645
1451
5684
9172
3425
8943
2428
8735
9871
8370
5323
6070
1658
9443
9979
7519
3537
4304
4316
8712
1748
1688
2527
2068
6722
3014
9300
6797
6499
4418
3648
237
1907
6125
3123
8083
9524
869
8345
9358
9142
9907
6224
9750
1784
7322
3755
9314
8525
27
483
2557
1877
5695
4926
1447
9003
4522
1016
7440
999
3341
4635
8907
1002
647
9720
7568
3283
9885
9010
6517
5810
1531
1883
2348
9965
6866
724
9568
715
3658
9551
8966
3080
7550
1754
3959
3039
9680
6550
5618
7412
8728
3989
8468
6980
6667
1731
1419
8462
2046
5073
9462
2561
4601
5937
1121
1362
2851
4079
4573
7056
4000
5721
4404
3995
9107
8866
5216
2640
3758
5504
2371
2009
2417
1429
4023
9310
7328
6360
332
4145
3555
2928
7110
1800
6354
475
1652
1704
5172
4050
5284
3320
4956
5536
4566
2541
539
5529
135
186
7834
5352
7309
9299
8100
4352
5914
8132
7441
2221
1722
5615
5515
7612
5117
4588
6984
8752
1214
112
5004
4865
7140
8608
8366
6649
5000
369
2844
1834
5039
2639
8173
4018
2150
2023
6039
3644
3365
2585
8382
1959
6093
2996
1787
1116
3127
9613
3969
6438
9112
7181
1650
4571
5945
1261
5104
798
5097
3653
429
1820
2604
8818
2404
1095
6300
574
404
6985
261
6240
6732
6598
6383
6612
8400
6111
6692
7611
6368
7913
7261
9787
6980
4276
9744
1029
5421
6089
293
5422
5148
1406
8544
8968
3328
9553
7066
3462
4984
3128
346
5424
6492
6752
5191
6251
9143
5217
7593
3603
7889
7325
6102
1496
9086
5758
4029
8535
3694
1605
6793
1127
725
121
4836
6261
4049
1649
6984
4575
1812
4741
9761
1192
9662
9284
1935
4992
7528
7276
110
6995
1498
3555
5897
2464
3962
6045
9656
7406
5995
1526
3699
3757
5681
2669
8291
3408
1951
2300
7976
5872
3761
8638
2488
5287
8024
1116
6660
2403
3377
7970
7959
5544
4183
5133
7783
6756
8585
12
8539
1315
9851
6906
5168
905
3702
2560
549
2687
9038
5139
8184
7404
2287
8349
1831
1256
8759
20
1834
8841
7393
2300
1003
812
5896
6016
3979
1287
1508
7851
5040
9049
8565
3286
7024
1136
823
1758
73
5028
2643
663
7055
7683
4972
8311
6391
6267
1367
6989
8309
81
9437
389
512
9139
1516
6048
5418
3448
8905
1025
4930
7117
893
4361
7415
6538
2540
2121
1095
8035
6735
1029
5302
5898
706
7046
8310
6298
658
9727
1627
984
7014
9999
2862
4118
2696
9112
8839
60
4759
9012
8538
5683
4196
4821
6142
5053
5242
2584
602
3663
2216
3217
2965
2311
7446
3139
8006
8127
2583
182
7686
1107
8006
813
1604
6452
6751
5178
7425
3204
6614
8827
3157
6574
6537
4312
8753
6567
1709
6847
4535
4935
8336
8900
7721
8955
6799
171
498
4643
7705
9722
9868
7707
8474
7900
4949
3456
880
5708
8118
9288
9724
3144
421
3461
111
7241
6847
7659
21
3202
4634
8529
9806
5146
4799
8303
817
9370
9134
7770
1701
5197
1091
3501
7721
7407
5113
2152
3699
3244
912
6736
5767
848
2547
2233
1296
2593
8348
5242
8512
6951
4656
1274
9123
9738
1565
6155
5092
2241
9098
2762
9738
2811
6753
6383
9637
3548
6458
6964
2546
5526
770
2626
4629
8177
626
3740
8061
5376
4608
8314
7567
1819
6675
5589
317
7992
2709
4242
7344
7896
1240
5216
9614
6754
1650
5267
8140
7488
966
4267
1578
2700
752
9131
4632
9183
5488
5324
7220
6959
6239
8789
7806
7926
142
4235
409
6125
130
1633
9428
4598
2969
1082
4570
415
857
1130
5526
8664
4579
2846
8295
2158
619
4762
654
1517
6066
5215
9509
6250
6405
5210
1057
6043
1626
6061
5902
4462
7024
3835
8739
5219
1391
7084
4870
730
9211
5725
6575
7144
1360
5147
3840
8909
2927
7581
1073
9602
662
7744
2103
2812
996
9215
5930
2609
2245
9590
9698
1653
9757
9146
4350
5866
2747
5492
6316
3352
5112
9352
422
3052
9726
2723
3880
8913
1346
1282
460
926
6880
6391
6436
197
1568
4891
2295
3324
6845
283
55
8184
7018
4806
2372
1336
7345
4161
468
7033
274
756
6118
8230
3720
8319
1574
3274
8069
4442
6421
1932
6814
2626
3226
9356
2695
1947
5713
3961
6658
5562
2676
2693
2589
2972
6727
1914
5999
3643
6701
6290
5336
8558
3305
7624
3378
7505
1532
2014
4909
7031
3088
6969
6103
2792
690
4657
6936
7441
1642
8610
1903
5622
2705
1653
6475
4937
9293
5315
3770
4553
6946
7664
3950
5730
188
6712
8761
3293
6170
92
680
3978
9475
9017
5564
3332
4307
7034
4980
8794
156
4234
769
8495
9669
4947
6342
5611
8817
2295
3046
7824
7580
2529
7171
5008
7221
3203
8305
1715
5339
3059
476
8319
8545
4891
3066
8440
1521
4949
3571
1639
467
9775
7032
7425
5486
7636
3191
5170
4288
4766
8979
7112
1118
7029
949
265
6319
5938
6979
2390
9455
2580
8014
3309
204
3812
9735
2631
7890
9562
6712
8303
1715
3682
5605
5103
9397
3035
2436
4905
3879
9301
1516
1883
5627
5709
6181
8831
7355
3557
8073
8305
3516
3573
1083
6573
7232
3551
2957
1499
3944
8919
4652
1277
8328
9082
3002
1789
7351
219
1697
8181
4172
183
9831
879
6591
6404
2386
6147
7111
4211
9762
4069
6937
5530
2888
812
1093
9779
7902
5420
1908
5921
8320
610
1489
2793
5806
514
1798
9491
579
8586
3912
8647
5433
2834
3177
9516
2724
393
4892
7019
9519
4309
5137
3021
1911
5709
908
1821
1572
7865
4457
6970
5373
691
241
6779
572
9376
1813
4312
5826
2519
4535
65
1474
1721
2894
1444
4645
9253
3741
390
1702
6291
7414
2364
8988
7288
3713
3797
6086
8777
212
8838
8141
8744
1331
9352
9208
6440
5867
8206
9891
5949
6496
9771
1785
2993
2397
6373
5233
6848
3207
7408
2987
4552
9286
1482
7514
5255
8736
5578
8428
433
2130
5608
6672
5637
4082
548
7349
4287
251
8209
6944
7445
8157
8078
588
813
9589
7743
4504
3607
3499
6897
9854
5926
8428
9371
8090
8700
9125
2526
9806
9803
8280
3600
768
7906
4617
8577
7404
5312
9064
6173
4848
3595
7948
6967
5372
6526
3909
5435
4468
8839
2875
7006
2442
4496
7044
1446
4823
9535
7496
8435
5590
6508
9760
4184
1620
5504
8552
8541
1848
7628
3445
1206
763
6874
5244
9561
4564
6560
5755
1108
582
8277
6239
6730
831
2606
5834
8624
4085
9854
7400
6090
6414
6464
1464
584
2042
7331
4905
431
4397
6813
7689
3336
1014
8913
5230
9600
8941
8874
7499
9468
8345
452
2340
4154
6840
7551
5409
3659
3286
243
5020
654
2314
8287
3652
4231
1218
2652
4322
8360
96
3356
2655
2496
2806
2894
8156
7626
1506
479
6637
4179
5016
8809
2062
952
5370
2664
7050
2413
7097
2449
3379
4339
7443
5995
6744
4454
3667
2397
1291
1600
4402
7650
5586
3703
7784
2494
3253
1250
5534
497
535
2598
8459
3958
8803
2037
8030
2016
8965
7790
6592
6472
9456
2092
6402
3986
9452
7639
3429
3949
2100
3830
9290
4692
4940
9270
272
9969
2970
3595
1408
3320
284
531
2101
1743
6488
8939
4910
6677
6269
7365
3204
3825
5174
3898
9558
3292
2026
134
707
1984
5160
209
4170
1606
9650
5589
4144
6274
3752
1447
8996
6707
9693
5912
5826
714
9749
197
3304
65
7368
1746
6383
41
6366
2597
618
7618
1434
4868
347
9914
7468
1041
9154
1585
7125
4360
8482
6536
3567
2305
3032
7738
8204
6302
5175
4113
4183
811
4212
4804
5636
6410
5248
869
7941
3884
5478
83
5218
9475
2103
5000
315
2906
2878
216
8403
434
8510
8965
3291
1537
9755
1457
2733
3414
4431
2406
1019
2450
9326
4975
4993
8324
6545
5406
6279
8920
4022
4857
3886
6817
2126
147
3969
6670
2678
8473
6435
6099
6213
9184
7097
1235
7310
5441
4667
4806
3795
7359
5167
9266
110
1964
8777
5277
6894
2439
5921
8215
4873
5296
351
874
4469
6117
4362
8969
784
9908
2574
5594
2905
1632
9009
1712
1920
3466
6458
4730
6272
3520
5141
2839
8468
78
6250
7119
38
3501
1138
4450
8471
5845
2060
7511
9304
5167
2347
1475
7523
2210
5001
2302
7892
2305
2353
2741
5825
5152
7469
6459
6392
8977
4480
8444
9106
6403
6719
5049
2634
7458
9286
2985
3474
6103
4631
3357
1488
8222
626
1783
3943
683
2122
1490
6826
5733
2326
3253
9497
7588
244
9659
8085
8714
9946
2215
8740
879
7540
5357
8843
9612
1946
3011
411
1786
9435
297
4768
2055
8331
5498
3109
3327
8777
2580
254
5818
8247
6394
1759
1271
9926
5941
6561
6612
6987
1426
3339
1779
3615
2884
2684
2108
7563
119
8266
1214
5712
4076
983
1576
5194
6640
7575
3671
4703
9674
2022
9511
5459
6867
5377
8270
3184
8664
8032
4187
9784
7185
675
4190
2798
2409
6348
3136
9234
9983
8364
1425
5229
678
8983
1532
2318
4383
8929
1544
5085
469
1564
2999
3508
6190
89
6225
6910
8645
7421
8456
9499
1672
2402
6645
3186
3668
977
9865
8738
2945
1410
4959
3469
1535
8620
1765
5987
1456
7818
9370
4282
3940
5545
7517
2372
7035
9122
3603
4735
1006
5987
2779
183
2787
1085
5157
9340
2917
1877
6687
9447
163
4867
4068
7973
3725
3198
9990
6224
5995
5050
9743
1088
8835
6581
8829
1096
9746
3932
5077
5762
5663
2215
7173
1768
5193
4100
6751
6446
4992
7628
5014
48
999
3991
1683
7849
985
3370
9579
8309
8551
2441
5025
8327
6447
6477
9199
5426
6971
4673
7669
8127
6261
9615
8806
5865
6755
7716
2247
7665
3789
1365
8859
1266
2756
7482
978
9129
596
5701
8763
8332
6951
5627
5780
6013
1149
6795
6843
8924
5833
1390
2713
2809
640
3551
4747
5422
459
6882
1386
5631
7984
2212
7321
2046
6054
8728
8057
2285
3423
7480
7407
8057
416
3035
5525
560
2528
915
2965
6506
4371
7480
7348
8731
9066
256
5960
5646
3685
1986
9007
6999
4198
3876
6486
4369
485
3161
7436
3913
1642
2249
4946
8259
3323
5471
9337
4785
1892
1459
4630
3595
7041
5144
4217
6867
2588
7046
1919
5414
3753
8977
3901
5625
7872
9958
9960
1541
2064
4630
491
4651
7947
7152
36
7144
4318
5491
5655
6867
3383
6236
4358
4974
172
8070
34
7766
9638
6109
1016
8101
3974
1918
5339
9145
9531
4550
2851
620
7948
8404
704
9397
9974
7201
7151
2336
2867
8400
472
5188
4395
5760
7610
1462
9288
4282
4205
6093
9732
8945
2395
155
7443
8058
8545
3567
6940
3532
2588
6026
653
8928
700
1006
2237
1633
9431
5304
9490
5735
3577
2081
3487
9194
8249
9562
1731
8533
404
2470
281
7745
538
7917
3642
7190
4717
4057
6737
4602
1891
7959
7893
6085
3889
2129
6630
895
1156
7233
1979
6303
3019
6400
4343
5753
587
2726
7497
337
5212
693
289
5374
4088
7080
8029
7703
3695
9072
8535
684
4957
3854
8905
5752
6839
8791
4872
2656
5384
1071
6307
9420
5512
2669
1391
459
4323
9359
7517
1144
7837
3343
2099
1766
7009
6557
6567
3641
6412
6611
5583
904
7290
9793
5002
2360
7187
8107
1915
1253
2120
7770
5934
1259
2158
1958
3122
4512
3836
1788
1848
719
5518
2343
7863
930
7211
9654
6626
5522
7352
7104
1745
7958
4488
4599
4978
9007
6255
4452
6447
6305
4852
8654
8844
8915
9368
3556
7179
9842
444
4532
7881
131
8993
7125
5986
1710
6197
1882
3381
2170
9057
8907
804
2147
7173
1419
9537
6505
3174
2422
6781
1525
2036
3395
8795
7938
2076
6554
9781
227
5918
9171
5828
3747
9083
5929
38
4670
6302
6337
8993
3191
2806
9952
6883
7772
7860
9419
9730
6825
259
5006
4888
2872
9465
4366
9019
165
9952
5028
1540
2149
9117
4302
6722
6424
6508
2501
7598
9574
37
124
3858
6014
765
4507
8895
5821
6624
4119
9110
3358
3306
1719
271
989
7218
7982
2120
8347
852
8087
1159
5401
2420
5234
7641
4514
8119
180
9193
1745
376
2581
8650
4581
4996
2704
6063
702
4
1058
2946
2701
5431
2794
9736
11
3713
7447
1644
4260
9460
2335
6932
975
1893
1020
9939
4434
569
5062
4896
8591
5552
9038
7999
7569
2843
891
6427
5545
6282
4385
7529
5174
2331
9024
6466
1224
4141
1078
529
4902
1358
6783
1800
7191
2512
637
160
9705
1784
5705
1745
2051
5247
6838
113
41
1027
1715
2381
6682
4633
5354
3070
5430
2711
4253
9217
5991
5147
4460
2972
6236
1945
8901
1462
748
7691
7392
4016
4366
2617
9867
2476
6672
5154
6009
3846
486
7459
3847
1616
8782
1572
2531
9820
3269
9798
8407
8613
6251
4754
235
2594
3990
7646
2276
7018
1106
1691
5675
4017
2411
7914
2507
2776
8515
3766
9443
2979
3006
2782
4330
5382
1332
8020
3770
4417
1554
8451
6761
4330
6541
160
6028
275
9003
9943
645
8656
6749
7747
3101
8615
6555
2123
7911
2606
3337
1645
6427
4970
3728
4033
4549
6368
3309
4951
3366
2847
2134
9402
7416
9826
7337
2936
8689
3954
3508
4473
3999
5434
6399
2010
8879
4773
7133
8246
9866
5374
2904
4455
7599
6510
2860
5636
7270
3105
8533
9767
1271
5706
7684
4918
6598
7268
5575
4053
4665
2834
65
4502
1337
6224
8404
707
1804
8667
2322
2184
1135
6840
4362
3637
34
7693
5538
9645
8165
850
3485
3343
3071
982
5157
8693
3717
2422
8751
7359
3849
1227
9506
6762
6192
3601
3451
1351
74
2964
7432
1208
3023
1957
7237
9714
8874
7702
5801
2439
8466
1377
6126
8619
5467
2262
4750
8772
8201
7880
2359
855
9890
8909
1030
6826
4675
2772
8374
5153
6961
7826
2799
4340
2671
6741
1190
3923
8242
7001
2506
1179
144
4694
5225
5214
1477
3140
8585
5081
9890
3405
3418
2682
1101
8138
3661
6786
1858
6610
9420
8089
4584
3284
3685
8623
5518
3371
1259
2719
1149
8742
6164
2935
2036
4349
9412
2103
636
6207
264
6029
2730
6531
2439
2260
381
1062
7823
2867
8110
9022
4124
3162
2950
2909
4116
4599
1085
1624
6888
5415
3999
3306
1001
9455
9870
5226
3460
467
3928
2145
3989
4837
2973
7614
8825
6166
7719
9065
8136
2813
9020
7937
9815
8151
3185
2806
6593
6040
4553
2317
7210
5075
6822
9498
9062
8262
2215
5212
1244
3411
4781
808
9904
5734
9863
9860
1564
9633
5360
3881
718
3601
6426
8346
9201
9665
1476
6944
7366
9358
5093
1758
8630
5999
9512
6721
6907
8018
6552
6335
9916
5339
1744
7283
656
4103
6164
9543
7238
264
3706
52
4541
6378
4667
4171
1348
6016
8109
6035
2387
1965
7615
9016
1790
397
3649
3053
6451
2152
6244
6655
3003
3381
3436
1722
7761
7569
8005
1575
9419
7153
8661
6677
8851
8154
1132
993
5785
95
2747
8142
9112
9699
460
2482
6073
2991
515
9929
4207
7886
1397
6495
1288
5978
6778
7875
588
3838
5996
7170
3423
5101
7518
8727
7378
4010
1783
652
7694
872
3122
1352
5854
2711
1771
7189
9291
5150
1829
1114
1555
8121
3419
4156
4271
1724
5097
1765
4005
9438
3816
9125
3159
4031
7379
124
4609
4030
1629
6912
7837
4985
3622
2764
2068
7427
7551
6872
3682
3898
6025
5262
7573
657
3316
2812
5371
8420
5320
6649
9718
2192
2302
1830
2595
254
1178
5335
3605
4298
5662
4443
9749
3839
61
9933
4514
3401
2820
1625
6147
2348
3231
9855
277
7052
260
8359
8443
2431
4399
9078
4771
1566
1684
856
7071
8984
6181
4547
2997
3280
6121
8460
8214
5445
5224
333
3759
4339
2822
4224
2461
2138
8547
4253
5719
4048
8295
8309
8141
1896
7083
935
1831
3462
1866
3551
5435
5967
462
741
2036
5856
4698
1625
2195
2730
377
5679
9363
2518
4231
8112
7385
7547
7171
3299
6886
7097
7005
2068
1018
3462
9393
2441
2214
8623
9059
8279
9680
2270
7598
4210
7594
1295
8239
1346
2584
6057
8223
8573
4254
5656
3071
3107
8144
409
3146
4124
1559
8295
846
1588
3093
7248
2668
3016
795
6708
2491
1157
7182
7433
4444
1311
7944
8754
8265
7670
965
6547
4331
9794
9541
710
422
8557
2280
8075
9653
5824
3267
9974
7370
1691
6021
5403
1742
9179
7285
8760
7032
1816
3378
5261
1958
6333
7001
6137
6891
7548
4549
5419
5976
2312
9392
8161
6885
2572
2920
3150
3732
124
7013
1652
7008
6310
2782
4033
118
9589
9463
7602
3950
8340
4729
6264
3300
3406
732
9771
9280
4854
5193
2187
7218
380
852
4000
9365
8050
4759
12
163
5330
5106
6025
8410
9796
1940
2890
499
8056
6819
3664
9427
8747
3323
4892
2722
9231
507
4975
7231
9090
5004
715
8867
9732
2530
7134
8211
743
7827
4281
7094
2494
2916
6335
6481
4639
8810
2032
11
7195
9831
9503
963
34
9365
1153
4722
2755
1610
7699
4406
9710
2500
1526
8205
4726
7165
8748
1067
8528
4387
632
3865
8959
1781
4266
4090
6617
7858
386
4871
4129
4671
892
10000
8959
4886
6060
5483
5160
5547
4500
366
2423
9000
5383
4162
2273
5074
5201
8902
1759
4273
8021
8510
3119
3594
7194
7636
1650
1558
6588
4034
1821
3589
8201
5335
6801
7270
8923
1703
9296
9996
9211
1646
7949
1920
3867
9303
9121
1194
4007
4396
885
1875
9962
9033
7934
2359
5716
3452
9945
3751
6660
8841
2718
6763
8893
2512
8736
4740
3248
4070
6688
8076
623
5650
3124
7502
8296
3542
6842
5968
1597
2965
6360
3343
6137
4420
4165
5122
3732
3984
1610
2210
448
8353
1497
950
1909
9118
2232
7035
7318
2708
3186
68
7683
2396
5987
2594
561
8136
6972
1533
4964
8005
4517
1569
8384
8100
3796
9402
415
9312
6625
3302
9030
1231
1067
6013
8838
5915
5961
5986
9859
8738
1706
7395
6327
8352
9583
4444
9004
3557
1741
4120
5823
7199
3880
7458
5697
3789
5807
8774
9406
7334
3128
5980
191
8344
2919
3487
8691
2420
564
6927
6185
2818
3062
9062
7116
1808
