8609
1
-9785
3884
-7048
2084
-1143
-3800
-8457
-6967
-3338
-2459
-1508
-8892
-2576
-2240
8354
-2548
1165
8164
-1397
-2523
5931
1666
-2107
2773
-8179
848
-8141
2055
-4389
8038
-8353
5955
-684
441
-3147
3678
1259
-7528
8856
-586
-6336
-9510
8351
-3381
-3986
722
5222
9387
-9612
2869
-9780
-5664
8546
-1670
3162
713
4035
5205
8862
-6359
-8069
1470
6264
-8418
-1754
-3364
6313
74
5534
1211
230
3427
5964
1981
8225
-3160
-8027
1389
4985
1351
361
8013
8778
9029
3183
6929
516
-9048
6157
-354
-6972
-872
3276
-5709
9444
-4206
9542
7678
-3732
1594
-7094
9167
6135
2298
-4584
4914
-2099
4384
-8300
5675
-6056
-7791
1656
9881
-9032
-1399
5849
321
-8644
-5181
3405
3843
-7590
1414
-933
2392
-3378
6175
7601
1999
9479
-9630
556
-1543
-1273
-9326
-3430
7540
3447
5211
-2590
8036
-7967
-8632
4098
2368
5873
-1852
5462
-4532
1829
-9191
991
6188
9010
2932
-7009
-5539
5074
5425
-305
-509
-6796
-645
4045
-8132
6661
-6550
1072
2494
-5627
-9286
-1710
1518
-2055
-1678
-6007
8267
-2475
-5046
8744
8420
1286
1685
-7130
7511
-9773
8737
5517
-112
3627
-2911
-7554
-5950
-1742
-2702
-708
-6537
-6018
-8222
6742
-1704
-2689
-6479
-5949
8025
9982
-9688
-6729
7484
7480
6819
-3264
6942
-9231
2796
-6447
-2960
5202
8783
6669
-8345
6657
5311
-5123
6946
3395
-4793
-3409
-2695
1414
2353
-9995
6212
9739
-2435
6601
6757
-3401
-80
-2920
6342
-3949
5886
-875
-3459
3957
-3805
1668
-1239
6042
-4580
4363
-8039
1050
4031
3700
1448
-2226
-7397
7743
8548
6120
8875
-2346
-1897
-4808
7743
-3288
5010
-2092
3676
9198
513
-5415
2214
7028
-7319
-7128
4547
5421
-6647
-417
6561
2888
-4448
9840
7701
-4374
-8675
806
3187
7109
-3885
-7514
-7384
3353
-8410
-9482
6189
2775
3730
7061
5522
6204
194
4865
-1701
3536
-2152
7554
8059
335
5108
-1712
-4845
-2066
7793
-7610
-8621
5691
-5692
6415
-1000
2324
9731
-8916
8909
-8326
450
2115
-2946
1213
1862
5095
-8758
967
-9148
8426
-7844
-1987
-600
-3976
-5782
-7372
-7363
4739
-4891
-2994
-7589
-3657
-4753
-5420
-3536
-3749
-9602
7356
5195
2120
8842
1687
4752
-3408
2898
-9218
-5020
-7253
2647
4054
7229
3453
349
-3925
-8961
-2549
-1452
-5363
2212
4211
4101
-6203
-2746
8405
-6586
5668
5638
-8145
1951
-2688
6138
9051
1906
-8792
-2242
-968
3580
4429
8827
-8291
-5671
8313
2876
-4702
2858
2783
-1384
-5107
3569
-1688
-1435
-1544
-4570
4616
3856
-2222
-893
7094
-8120
7277
753
-7740
-9544
5932
-3654
9857
1694
5
-3467
8541
-7016
2154
1061
-2849
8962
618
-3155
1030
1646
958
-3999
-270
1134
-3346
-7495
-9646
6110
6078
209
9986
-1938
-2364
-9682
-1372
9327
-1562
-8262
7063
3850
-9788
-6302
494
5992
-7109
7047
-9659
5707
-4303
7448
-4683
-1263
-723
-7065
230
-522
6791
7903
-9023
-51
-5332
4313
3702
-3450
8334
3910
-8796
-8440
7356
3421
9158
2004
4446
9434
-2360
-463
274
-3014
-3235
-1101
8482
4487
3012
-539
-1284
-2675
-5037
-789
-8038
8010
9921
-5773
-7671
-7413
8469
4014
2595
-3619
770
3587
2406
7839
382
-9500
-6050
812
-2914
9775
-4555
6648
-8041
-3498
-2971
4310
7060
-1582
-6570
221
-5398
-5999
-6883
-8550
-4144
-3334
-6212
-4389
-6337
-4486
-5041
6181
4426
7745
6110
5567
-5137
-6630
-3288
1637
3351
-5240
2040
6994
-8108
-4648
-1210
7901
-1065
-2022
6626
8634
2328
-8201
-9558
-5026
4411
-901
4383
-6836
-4081
1197
1629
-532
2266
-4948
-2782
4734
-7551
542
758
-9785
4158
7462
-4204
-5202
-5232
-3948
-1414
5912
1858
-5501
-8372
-9250
5793
9024
3947
-9368
8097
6359
-8828
-9919
5726
383
324
9001
8839
3022
381
-5871
9013
-2153
-4157
9330
-3061
-2972
556
447
5647
-6583
2882
7617
5191
7571
-9349
6372
-846
-6489
7139
-6704
-1282
9253
4760
2501
-6912
-6562
-9003
-983
3108
2649
8695
-8705
-1859
208
2769
-4085
6909
4931
-652
9151
-34
5449
-5679
6103
-288
4257
-1122
-3937
-2261
8096
2587
8577
5892
-2343
2130
3314
-3802
-1905
3994
-3966
-3796
1967
-9270
-5848
636
8775
-7050
8235
8156
-2366
90
-4063
-1555
3756
2112
-3672
-6684
-4667
7117
-3937
8347
-8087
4377
8785
1735
-8020
-8042
-6106
-3879
2604
5988
1591
-9160
1552
3905
-8876
9800
8291
4312
-3346
-5049
-8978
410
-3981
893
3372
5234
8810
5821
-3860
-3924
9971
-2726
9847
414
-3577
-8252
-7076
-3118
-1558
5580
2529
-1286
-4580
-4419
-905
-3054
5132
7165
-9948
1747
2879
2016
7907
-2273
5225
-1571
8863
4232
-1777
-574
-1761
-786
-2429
-627
3092
-8234
-6313
6073
-1860
-1106
6105
-3226
4097
7710
-1633
306
-3459
-7635
-5750
755
-9048
-7702
-7813
-5272
1348
2059
-4952
2079
3463
-497
5934
9075
3896
7999
9022
467
2971
9083
912
9011
9872
531
-3817
9127
-5613
3350
1568
3118
-2155
2767
-4116
-3974
3780
-9218
2480
7492
-6665
-3213
2313
494
-2012
964
770
-5991
-7383
-2995
-5625
-8658
-3029
-149
-9916
5334
8819
7167
-7882
-3167
-3544
4957
-2123
9234
-5134
-1008
-9788
-2963
-4278
-519
-7141
-1690
-1025
-4739
4835
5788
-895
2312
2856
4447
-1236
-1263
-1849
-9619
5709
-8535
-6644
-5031
4612
753
2269
-5020
3205
-7609
-2661
1066
-4285
4551
7969
6874
3587
5550
-5709
6719
-491
4640
4797
-1341
2836
-8409
5693
6174
-5672
-7225
1680
-1413
-9488
8603
1169
3033
-4485
-482
5841
22
-7694
9160
4875
5399
55
-6450
5736
-3090
-8342
-9087
-5556
5669
780
9789
-572
8265
-6712
6456
-7048
8018
6605
-6772
-3605
-2640
5077
9191
3276
8704
-2877
6365
3776
-7377
-7300
3830
4338
7145
-1119
4565
-2511
1270
-3865
4573
-810
135
6642
-9750
-2625
-6593
8517
-9952
-5503
-9128
-7091
111
-3132
-4492
768
-8795
2728
3130
3533
-2867
-2135
-2761
8676
7178
-8125
606
992
1266
4661
-2211
8662
9625
4368
3013
-6181
7936
-4625
-618
-6254
1170
7158
-4240
479
9358
-5954
-2969
-7198
2575
8928
4757
-1777
8129
2590
-721
8509
7743
2390
1363
-7433
-6444
1584
464
-1515
4120
2416
-2492
-6598
-8004
-7602
-7467
-5277
-73
2070
-9629
1819
9551
3523
9821
-315
-3963
-9692
-625
-9170
-620
-6281
-8412
8587
-9135
9377
3159
-3569
-5373
4649
-1465
-6142
4240
-9460
256
-4047
6654
-7962
2462
-2139
3738
-7605
8451
5902
-4264
-6214
-183
6928
1714
-6316
-6177
8775
6754
9762
177
6891
5933
8349
-1291
8272
9221
1446
2447
1542
1934
-4787
6622
-256
-7215
6352
-1461
-8533
-3234
-645
9213
-5394
-5143
-9357
2934
-39
-4177
-4328
-5264
8087
1630
6623
1686
-735
-3180
-8187
-4695
-371
5464
483
955
-1888
-9972
3486
-3932
8468
-5282
-1176
1821
-461
2339
3088
-2814
4336
-303
-6620
-1478
-3359
-775
997
8938
-4919
-1854
6069
1934
2981
-2880
-7212
-5418
-6881
-4489
4030
-2205
-3331
9468
-3062
6707
-9675
5008
-7823
4394
-7830
-6608
-6617
9859
4131
-6157
8919
-1464
-6330
8712
-3654
-8190
-5185
6713
-2195
5109
-2002
8423
2221
8502
-1067
7196
-9403
2864
-2797
8114
-5642
3747
-2842
7821
-7039
4468
-6973
29
-996
-3774
-1864
-4348
5042
5768
-1114
-6781
-616
-3702
-6499
2250
2249
-2982
-4390
-9863
1791
-6111
-7420
-7389
7752
-7581
9346
3765
9949
63
807
3979
-6544
8130
9291
609
-962
1604
-1797
-694
1392
-5053
-1659
-437
-5705
-1463
1844
7334
6444
1548
-7421
-9675
-3155
-6416
-9180
-8136
8545
5617
-8664
-6830
-7229
-697
72
7259
2977
-2629
2115
-2171
-3585
4574
4437
6931
2712
3190
5561
-1576
-6942
1305
2133
-7766
-3191
4878
-5591
-6689
3830
9372
-2694
2819
-4015
3127
-8059
5097
-3051
4146
8751
-9995
-9075
3599
9642
7673
-6734
2806
4253
-3759
1175
5483
-9864
-7365
8419
4336
-1062
-5104
-2745
3979
-456
-3434
2569
3218
1048
-3326
2795
4070
-5723
458
-8899
-6284
7607
-9317
6753
8290
1211
1077
-6879
8933
-4283
3047
1509
894
7218
7665
7998
8392
6311
1889
-1795
-4911
-938
-5783
-9619
-4725
8767
9911
-1841
-9752
-9627
8259
1775
6417
6677
-6636
-1640
1509
-2528
-8879
-7981
-3255
-9467
-3143
-1556
7509
-1312
3292
-1912
4489
-3528
-7740
-8679
719
-932
9212
10000
-2184
3282
4518
9415
160
-7784
9262
-9567
-7502
-589
5897
-5445
-769
-3041
-3040
5198
4174
-746
-6931
-7983
-3469
-2431
3088
8224
1720
944
-5372
-64
-2050
2791
9827
3451
-5931
-7897
9929
-8103
6383
7374
5280
7248
-3316
3585
-9539
822
-1331
-9184
9302
9774
-422
-4074
3806
-9971
-54
7526
-2102
-5171
-2170
-3088
1812
-2982
-6384
-9974
-7956
-818
-4607
-6068
-3610
6270
-8657
-6200
-7020
7125
-4991
-4710
6548
428
-940
6374
-4440
-4446
-830
2267
-5115
-6581
4218
6017
-4414
-6834
-4493
-6508
222
-8965
-771
-7211
-8160
9312
6936
8665
-2624
4202
4309
-8835
1460
9754
4890
-2857
6127
-8814
5107
684
3400
9824
-3128
6036
-3855
1248
-5131
3128
3418
6747
6626
-6061
-3747
-4099
3765
-4592
1244
-2851
6803
5853
-9539
-6026
4422
7725
-571
4671
-3195
-6859
5570
2185
-7826
7591
-862
-986
-7436
-3462
2489
8037
1032
-4873
-4373
-7251
7752
3100
9832
-3519
888
-3827
6579
326
-8070
-2957
7901
-8290
9503
-6994
4095
5203
-1844
-1087
-7321
2501
-9144
-2238
3578
-9704
6033
6762
-4218
7222
8346
-1713
1694
-9886
1924
-8443
5330
6726
-720
-9673
2047
122
4893
2993
7176
-1670
8810
5165
5581
-4132
8697
-9889
369
-5364
-9078
-9523
-5128
-4791
3629
-3899
-3746
6409
-1954
9837
-9599
6542
2880
-7026
-7800
2546
9684
7965
5639
-7643
-1927
3265
-2988
961
1472
2254
5792
-351
-2538
9400
2957
2848
9090
-3548
7595
-2640
-8681
-5673
-3365
-3031
-5078
-7166
-991
-375
3773
-6876
-9141
-5369
6527
8263
6924
-8778
-6530
-332
8182
6282
6794
-727
1477
8140
6247
3974
8511
4216
-4889
164
1326
-932
-4644
-4825
-8672
881
1303
-4418
-7445
-9696
8132
-292
8714
3101
-8088
-7006
-4026
-7390
-9599
2787
-5702
837
9400
7450
-6898
7873
-1263
2508
-9139
8253
-4019
-971
7807
3245
4813
-8395
8789
5575
-6807
-8225
-3895
-938
2210
-7472
-2357
337
-2806
-1466
2253
-9125
-1116
957
-3415
-2884
9152
-6727
1996
609
-4553
5190
-8956
7761
-9086
8143
-2770
3605
3754
-6425
-4518
-860
-9324
6031
-630
500
8297
-2921
6629
1245
2699
6842
3062
5576
-5634
-7996
2975
376
2758
-3528
-134
-595
31
-412
-6244
326
-9264
-1390
-2850
4419
-3898
-5315
-2598
-6198
5749
8043
555
-2146
9920
-2861
-5022
-6355
292
-7416
3746
-8512
-1886
9378
-8612
-7725
-5062
-6550
6948
2168
-6887
-4638
-8611
2894
4612
-8740
-7615
-5062
9559
9256
1195
-6639
8206
-4141
5209
4850
-6640
-572
-9014
-6579
-9596
8424
-1435
693
-7632
-3912
173
9127
-4688
5429
-8749
628
-805
-4149
137
-2411
-2177
-3571
-9715
3109
-1493
-2637
9323
-9101
2611
-2368
3064
-3326
-8631
-8909
-12
450
-6225
5611
-8088
6618
-71
-5477
7297
1011
-9275
4505
-3033
5415
-6089
-2276
3087
-9042
-7353
-7322
-5004
8889
-6076
-9793
-5994
8915
9485
385
-2718
6279
6159
7273
1242
718
2564
-8082
-3079
-6544
-3351
-1867
4921
-9905
-6707
6944
-957
-9811
-6964
-5505
-7680
951
-1432
2020
-8302
5955
4738
7591
6397
9128
-3391
-5539
3518
2044
5354
3386
3494
5425
1152
-4569
9078
-8179
-4506
8865
2597
813
5611
-3723
2025
4968
-8028
-3358
-1342
4064
100
2652
5096
-6949
7247
-3101
-6673
-677
-2908
6135
-4579
357
2638
-5499
-3575
559
-887
-4129
7090
-8362
-7064
-9199
2257
7623
2404
8395
-9846
-7760
-8845
9603
-1246
-5880
2156
6396
-1906
5053
2808
4066
-4360
9481
4401
4926
-6303
-3041
-132
4978
7080
3880
402
-1915
-6304
-2750
-4910
-4356
-6492
-7790
1380
-5335
-40
-6871
8943
-700
-2850
-9123
-5300
-1591
-536
-5813
3767
-4442
-1632
-8885
7724
3849
-6645
547
5318
1123
-3637
-4970
-8312
-5769
-2127
6638
-1575
-9471
-2681
2403
1451
-9264
7727
-8672
-7516
-6719
4268
279
-5788
-138
-3160
137
3381
-1549
4455
-5407
3959
-7285
6512
-230
-5075
4805
8037
-1852
-9018
-1031
-4836
3202
-9119
-5874
6999
6265
9539
6065
-5659
9290
-1237
-4526
5998
8258
-8510
2788
2336
-7493
1281
4664
-2661
-3984
8410
-960
-427
7901
5234
6645
5983
-1116
452
-5409
-2113
-3624
-3378
6705
2728
34
9153
-5030
9661
-5360
3231
4861
-6067
2139
9779
5272
-3689
-4387
6877
434
-5420
4401
3659
-4547
-8495
-8531
7290
7483
-6741
-3117
-5961
-252
523
5105
-9904
-8685
-2405
-7458
-4028
-1246
-3080
-947
7302
6370
8418
4784
780
-1044
9566
6640
8786
6116
-5992
-6506
4949
3701
-7710
-9579
1239
1660
-5693
-1989
4350
6411
-2575
8870
-325
7377
192
9550
9630
9163
2250
5436
-3852
1627
-7959
-3428
7891
819
-4790
5390
6370
-2529
4996
3227
-3234
-8985
-4644
-1757
-1942
-3986
8242
6852
-2632
-645
4603
4575
4146
-1456
3401
-4755
-5167
-6333
1839
-5213
-6980
-1526
-1241
-7673
933
2308
-3905
-9425
5177
-3432
-5839
-1465
-7621
588
5752
5846
6866
561
4330
2560
-8794
-2595
4273
-6924
7370
-1653
2443
-3904
-4691
1179
-8317
-8172
-146
-4326
-8519
-6384
3820
-461
1967
-6696
-4113
9236
1878
-8021
9761
2841
-2702
-1386
9022
-159
7142
7248
2017
5915
-7392
-2173
4624
1053
-891
-8960
-1271
-6794
9799
-1291
-4025
-3274
8234
7175
-4188
9040
-6512
-3873
292
-598
2674
-8855
3728
-707
-9370
-9459
9111
-785
2717
6366
-8473
4133
2048
8059
-7244
-2306
7210
-1557
7397
-3813
9857
8410
8839
3766
-6022
-4657
-7984
5239
4427
-6590
5910
805
7773
3703
-2224
4581
-5199
-7584
-611
5075
-1656
8155
-2281
455
7893
6732
7214
-391
4376
-203
-2404
-1594
954
1482
-5684
-2010
8911
4471
1455
-869
5079
2258
7878
-5778
-104
633
-2350
-8495
-4413
-5397
-2701
-4658
-8299
-3203
-5006
-9620
5390
5312
544
-9677
7637
2717
-6417
-8719
-1885
-7304
2871
-1513
9283
-4125
-5748
-65
1627
-3962
-1087
-9889
-5376
-9427
-7191
-9447
-7603
7113
-5226
7224
698
-5779
141
-3052
3618
5502
5481
7637
-6489
4502
-4449
-5251
5439
2541
7390
-4421
-4477
9771
-6970
-6579
-7144
-8233
-7386
-8944
3428
-9544
9440
-710
3092
4509
-4456
-708
-7824
1574
4980
-1989
6502
857
4056
-9839
6159
876
-3910
-3875
-1879
-4474
-9989
-750
-7292
-7949
6261
2964
4500
-3206
6830
141
-8855
817
-1554
5459
-1816
1605
5421
8726
-8395
-1336
-3492
562
6459
8322
6376
-8463
3332
7743
-3154
-15
3764
-5505
-7440
-7650
-2799
-3498
-2791
1880
-7828
-2351
2685
-4700
6625
-8001
9051
4846
-9276
657
-6039
4996
-6825
3536
762
-1112
155
8142
-8735
-1862
5648
-9738
4966
5413
565
-5064
1277
6995
-6884
2122
-4895
-6467
4167
-3295
-5130
-2783
-6933
1596
9897
-8063
9949
-1637
7519
6880
-40
-9992
3325
5831
1637
2995
-4174
1739
3611
-5819
-7724
-687
6062
2897
-1837
-3003
-4510
5947
8286
8297
-7023
8788
-853
576
-8833
2656
-8172
8664
3830
-3531
7690
7558
2546
-3436
-5920
7230
-6425
776
3005
-9148
7283
-8607
6483
7764
-8165
1068
-7262
845
161
-8048
-1173
-4474
8699
3326
-8371
-1583
9796
-1620
5590
-3277
-5864
-8472
5534
-5741
-3447
713
1724
6194
1992
-8895
-1724
-2961
1202
729
8209
-3350
-7366
-9867
3739
8331
7068
1847
-1044
6314
-8452
3601
8710
-8864
6299
-6295
-8787
-2774
-1194
5945
3885
-5601
-6189
-370
7901
4658
-1369
-883
446
3416
6423
-6898
-3980
-5340
2724
-6428
-9077
-2777
7938
-8367
7130
348
5110
6076
-1492
9992
1901
-7630
9492
-5461
-7205
-9629
6894
73
-9987
6158
-9669
-9803
-891
1337
-768
-5520
-1204
-4399
-9516
5034
3592
-9371
3448
-7791
-9116
-8833
-7130
1563
-6792
962
6507
-8768
-1185
7888
8547
-2750
-2283
-5526
-7926
7326
2913
5612
-6749
-7219
93
9030
-3551
-2007
9363
-7257
-2892
2121
-8533
6914
9824
-7427
5909
1327
-8388
-342
1467
6551
7416
-5782
-8315
-6593
-3480
2156
1027
-4903
5081
-7564
9924
-3206
-3021
-3634
1059
5750
7916
1491
4894
8332
255
-9054
-8089
8407
2889
1021
6583
-5962
-5748
-3842
2116
2235
5627
-9707
-2428
4707
-7788
2665
4966
-9882
-9309
-8815
-8316
-2935
-9462
3892
703
-3283
-1369
1863
2823
-2590
-6695
-3066
9918
-6463
-9625
6501
-1664
-7083
-7834
-9215
2179
-7729
-9040
-1921
5767
-8076
9857
-9678
-2440
7542
-540
-7953
1173
-2054
3069
5206
3568
8224
-2997
968
-5296
-1897
2481
9937
-42
348
-9154
9121
2751
3317
6781
-2947
511
-5864
3245
4196
8463
9152
3356
-5729
-4095
-1469
-6555
-6864
2982
-2321
3170
-3488
6345
-9763
1356
-5062
7451
-426
-632
6619
1921
1146
-3083
9705
2221
-7919
6891
9034
2467
8302
3380
7577
1671
-1545
5818
3301
9628
4652
-1131
-4501
-1529
5672
-6551
-9075
702
3950
-4269
-934
-6543
7321
-5248
-9197
4663
-3904
7739
8582
-9694
-7006
-9547
5193
614
-2065
5723
-6143
1899
7479
9267
-7494
9632
-7529
-5230
-1327
-7034
5007
9746
-4241
-601
-4148
-7255
-8568
9611
2673
7739
836
6576
-748
5499
2651
9204
437
9339
-5645
-3932
-4703
-7065
6523
-7789
9484
1995
-1829
334
-601
-4944
7645
-7696
-4940
-9199
-2611
-3504
7869
-2791
521
-1731
6577
-2490
6358
4443
-3591
-5739
-5200
-7848
-8792
-8238
3064
4724
-2686
-8213
-6550
6370
-7607
5171
1108
-2311
-4966
-7933
-5069
9831
7640
-8213
905
-1885
-8629
3321
492
5898
-243
-5807
4567
-7024
6790
2180
-3166
1605
-5131
6574
9366
5679
-4812
-8339
-9618
3414
-8235
-6826
719
6761
2498
-7750
-3684
-2541
8299
-8171
6255
2056
4870
9788
-7185
8892
-8321
716
1535
-7449
681
1537
-8259
1669
-8128
-471
9037
8655
-1908
-6923
9237
6166
8614
897
-1134
-7213
2811
-6024
-3465
-9522
-7872
-240
7835
1043
4705
-4832
-6097
8763
-2081
-1257
5001
6633
-7415
9006
9574
79
-2903
6871
-7403
6782
1304
-5804
967
-2834
-9606
4697
-122
-3852
-9905
-2594
2119
-8752
546
3720
-4572
4947
2176
106
3392
-5163
8485
-7257
-7404
-2650
6295
-4044
5582
-2672
4134
5736
-2716
2877
-7185
-9326
297
6038
9483
1358
457
-6865
6598
-4844
-3389
5326
-6667
7851
8789
-4362
4916
2916
-9470
-8368
-6230
1019
-8204
6941
2193
-7345
-3652
-5025
8402
5554
7176
9029
-8478
-9048
-198
2175
-6834
-7328
-4525
-8032
-8001
-2921
3112
-5008
9764
5830
-7900
7238
3539
3388
9442
1142
9839
-4979
-4704
-2539
7404
8300
-2023
-9504
-583
-4698
-2286
8748
4211
8157
-1972
-8059
5608
9338
-7913
-8160
4094
897
3765
-2399
1549
1998
-4681
6659
944
-8917
3668
-8357
1199
-7866
-6505
7473
7288
9636
-8333
-3375
-7282
-4891
-6071
-7115
-4404
-9521
8482
-4659
5472
1038
4846
-1127
5342
-5819
6998
3540
1368
3924
317
-873
1219
-1815
-654
4
3457
7730
-9023
257
-5966
-2833
-6621
-6956
-3762
8086
4482
-8097
9010
7348
-1673
-1970
6972
1348
5904
-1035
-9243
-3368
-306
-410
7490
-5501
-8776
-7682
5521
6024
-2757
-1798
1661
-4564
7558
7048
-4880
4717
-8624
358
5301
6246
2078
-6490
2972
-9613
-9682
1706
-3758
4955
-8529
-3953
-6648
-7813
5145
-6275
5429
9361
-4971
-7802
6898
-1636
-3166
-7840
-2050
-1470
-6341
1304
9006
-3578
-4500
3604
-9279
-7069
-7198
9435
1151
8321
-3232
8340
-2983
-6229
9606
-5845
-4403
9632
-9122
2956
-7910
3864
3108
5641
2356
7826
881
7850
9169
8137
3674
-829
-3284
-7317
6747
-1934
-1663
218
-3814
8893
2587
8843
-2985
-4681
-7128
1292
8673
84
5858
5102
-5529
-1259
-2223
7297
-1373
3385
1574
-2623
3710
6048
263
7571
4897
-6000
-5451
-5396
-1129
-9400
836
3317
-4630
1669
7060
-3255
4703
-3378
7477
7228
-8171
-163
5058
-570
-5889
4915
-4564
8662
7911
9602
2377
8848
-7668
-2890
-5548
-6257
8088
6356
-8963
6403
-3462
7633
5817
1714
6936
5611
-4990
-1993
-6018
6011
1886
6937
4637
7305
6080
-495
-6124
-3846
5345
6703
1058
4812
3407
-7262
-559
-5661
9399
-5695
-7286
-3050
-6020
-9180
1098
6446
2926
-8135
-620
489
-2087
-9602
3015
365
8342
8755
8836
5261
7413
2192
5463
9910
-8634
-1206
-5987
-3815
2811
432
-8658
-5028
-2453
-661
4488
9175
-66
8443
1021
4252
-5560
-4089
9818
3267
7071
-5680
-9327
-4529
7763
-1477
-8903
-6893
1048
-1156
-1200
-4144
9437
2499
-7117
-3112
-4574
-4551
5119
-6925
8008
4126
866
-8270
-7616
-2574
6861
-7474
5993
-3719
6265
-4672
-4006
-3078
-9063
-6537
-7164
-4245
1257
7227
17
8875
7855
6428
-8144
3277
3572
8527
-4116
-6297
-4418
-5403
965
7651
-8208
7304
5502
-81
-3384
-8154
-4079
-1278
6333
-2738
1445
5735
8728
9390
-8619
-827
-6288
2099
-9267
-3611
416
-3662
1690
-2432
7303
8955
-7145
3722
-4277
-2204
5895
-7574
-1335
4225
-8771
-7737
8225
-1339
2615
-3149
-8089
-2279
-5230
9316
-7955
5682
2412
7749
1993
-4922
-1322
7469
-3128
7927
-5532
4771
-8527
334
1315
1350
-8320
-1444
2108
5978
-24
-4004
9634
5784
6316
-8536
9289
6680
5270
1845
8280
-3041
6463
6572
-9058
8820
-192
-1890
1534
7945
2995
-2912
-9331
-3347
3919
6575
-4377
-6158
-3810
-6303
4548
3556
2898
8529
-7063
-9602
-2806
-2484
-8578
-6903
-2220
-5934
-4537
2674
-4675
2589
9563
-847
-2992
5150
9128
-6191
235
-8538
4385
-9797
4371
-567
7075
9120
-1162
3494
-8122
867
-6711
3757
1744
-1682
3771
3429
7284
6869
-106
-9120
5312
8156
-4125
8644
3918
8078
-8212
2563
4010
7677
-6191
-236
-5348
3464
513
-4581
-1846
3420
1523
8936
1175
2088
-6207
-1901
-9890
6676
-4717
3513
-41
701
-7555
-5021
1270
-191
4284
549
5373
-3048
6006
6370
1536
-2960
8920
1546
5277
4059
-5123
2248
-8532
681
5631
-1742
-1157
6124
9634
-6187
-6
4325
9519
3073
-1505
3574
-7350
-5026
-6442
6055
-6094
8403
-8644
9296
-429
1640
-3247
-6704
-1483
-9123
-1688
-7837
-2622
-1620
-3100
6790
6509
8305
4849
4761
9740
-6360
-7599
1093
-5384
-9524
9303
-5655
4079
9604
-297
-6782
-6027
-9954
4665
-5780
-6180
3015
1059
-5948
-8925
-3142
-6377
-4023
9205
7738
-4427
-3408
-7182
-606
-3652
-4413
1848
532
-35
2153
9849
3017
-6085
2346
2647
7471
5084
4517
9382
-4454
5010
6443
-1084
9680
2521
-6800
3888
496
4786
-5377
-2556
-7594
5224
4539
-6094
-5351
-1434
-1898
-5485
-7694
-7824
-6606
4562
-9091
-1667
-2146
-4213
-3500
9790
-471
-3525
9069
-2968
3362
-7304
2262
-174
4604
-1466
-2136
-9121
8940
5293
7912
4500
9373
9142
138
1935
9291
2203
459
-8046
2355
7076
6922
9612
-8253
-4542
2560
7185
-4906
8106
1862
3747
-6627
-8298
-5285
1990
2524
9376
7547
-1103
-4949
4783
5906
-132
6092
-1246
-5493
-7931
6592
6490
-1710
2686
3916
5486
9380
-3004
-2088
-5455
7973
-4940
1238
6005
-459
2876
6656
-5179
1116
-8993
5367
-7320
9960
-1921
2798
2071
5116
-98
-4035
4692
-6094
-9831
-2452
-5484
-1292
-6613
7498
3527
8457
-432
8990
7513
-3881
-1449
-207
-698
1758
862
1900
-3471
-7713
-3925
1082
-6764
1236
-490
2628
7147
3321
73
840
8417
6354
-7482
-1192
8454
4395
-729
-1951
-5390
8772
4858
-6132
7071
-5048
6004
5144
2215
1889
8384
2955
-2994
6245
5875
249
-7244
4419
1222
-2862
1987
-7518
2184
4286
1821
2104
8825
815
4030
-7657
-7620
5896
-6599
-4530
2594
-7921
-3109
-6172
-9210
3394
-5529
-8297
-5721
7945
4886
-1374
8804
7221
3629
-6342
-3970
-8455
-5004
-8444
2912
-2039
-2605
8190
-1389
-5002
-2501
-4465
-8425
2200
4084
822
-3251
1939
-6414
5004
2224
-3830
-39
-3610
-5657
-1669
-3700
6742
1323
81
-6472
9754
-7449
-3366
2326
-3723
-1997
-6226
-4840
-6527
-7827
-8245
-962
5702
5266
1715
-411
-747
422
5242
-7390
-6914
8008
3414
3607
-2420
-1699
-2080
-9618
-5169
-2334
-2824
954
-1174
3501
-8222
5753
-9083
3523
-3892
9861
-4569
8582
9206
-4271
4459
-21
-4270
-8817
-7924
-3435
-2438
-5893
2724
2147
-5581
8384
-6100
6104
-5106
-6583
4975
9192
-1757
-7723
-2826
-245
1066
741
-3776
-380
-7336
7616
-7866
6028
-2365
-6628
4682
-9834
5799
9127
-2397
-6386
6212
-6766
5894
2081
-341
1350
-1738
9031
5911
9608
-4733
7326
5383
5132
-259
1384
-922
8320
-8830
-5763
-5557
5473
-7663
-2163
6781
-511
-6864
3040
2480
9937
-8305
382
8775
-9923
1015
6664
6492
-7533
-7327
-8207
5185
-5702
-9695
-5262
-1636
-8329
8940
-6529
-9282
-7934
-7190
-7247
-209
2229
1594
1930
2843
-3733
-4356
5695
-3728
-6815
-268
8610
-5276
-3071
-1384
-6972
8821
-3320
-5699
2415
-9947
-983
1103
-8730
4147
-4368
5252
1255
638
-5932
-9928
9794
3022
2175
2278
-5464
9861
-9874
822
-6558
-2656
-7491
-9490
7728
-7852
4979
3446
1554
-4217
-9726
-9722
-5747
-8654
-9018
1891
-4940
7742
7542
-8687
-6679
3336
-9170
8155
6888
2817
4179
9900
1451
6496
9828
-8450
-1297
4680
4442
-5812
-5695
-5423
916
-3924
-370
-4445
-983
-5339
5736
5361
4445
-937
-389
7588
-1756
-4161
2273
571
-6308
-6178
4937
-9502
-4304
4979
1638
-4861
-7372
-8383
6793
8431
2645
4600
257
1806
-1544
7821
9133
8517
-5260
5137
3602
-602
-4975
3768
2913
1850
6756
-3355
8961
1797
-5526
9336
4314
2276
-2581
3388
-5270
-4089
-9545
394
7613
-6033
9383
-7816
-7082
-5010
558
-9626
7384
-2653
7690
7561
-4593
2080
2114
508
5479
-6544
-5907
-9627
-3967
8837
-3368
-4117
1219
-1448
-4492
-1396
-772
-8121
-9143
-7966
6488
-9055
-1348
-4436
6344
5308
6561
1015
88
8703
-8121
8467
1569
589
-6778
-3190
4367
-5339
2434
4919
6762
79
-9012
3058
3806
8345
7315
-3571
6278
-7774
-104
-4240
3844
7349
-2162
-3633
8914
-2112
6443
9144
-1743
5328
-4235
9722
3100
1002
1584
4758
-1676
371
9349
630
-3326
-6245
-9754
-2250
2660
-5601
-7515
5626
7665
1286
4295
4190
495
4785
-5590
-8689
-1415
-4359
-237
5702
-4867
-6613
-9044
-7553
-5728
2047
466
-424
-3914
917
-6138
9279
9264
8427
-953
7910
2603
-4581
-5605
4300
7354
4066
-5007
9681
8353
-2246
-1897
-3445
8440
-8014
5038
-8497
-8934
4625
-9265
-7712
-6992
374
9351
6806
-1548
5470
725
-4796
-4034
7183
8500
-3958
-6715
8860
602
-9264
8607
2654
-5463
-5152
-182
817
8697
4192
1464
9002
6093
7511
8462
3688
-1113
2858
5377
-5623
9795
-295
1642
-6344
5207
-7694
2281
6652
-6013
5567
-2611
-2955
-3409
-5649
6365
5216
-2245
3607
2043
3789
-6050
-8971
-4224
-9606
5391
6461
3492
-4036
9163
-4779
6864
4505
-4301
3397
-1070
1597
-289
-6350
-5020
7406
9701
3702
-8117
1106
-425
5690
-3953
824
9345
-8088
3713
9596
-8324
1785
-7877
-5733
8030
-6108
5236
9723
-3508
3827
-7591
6629
3572
-8388
9151
594
447
-160
-5506
-3194
-7694
-3179
9685
-2900
1767
642
-7279
-4394
9972
-8772
-4739
-3091
8780
6168
9134
-1854
-1279
394
-3176
-287
-4612
4133
2345
-2226
-5502
-4088
-3673
7310
-2688
-1032
-6214
2788
-8070
-7281
-5552
5790
-3015
9505
354
4555
-7873
2356
-4181
4555
8513
-98
-9868
-9679
953
-8399
3466
-7500
2703
2754
-5598
3915
2259
6317
9588
-8492
-5288
-7552
4671
9755
1994
-3965
9538
403
-4404
-7216
6905
2333
8543
-1350
-3428
-2352
413
-6993
3100
-5078
4958
2527
-6642
8732
8707
-1584
8862
-8332
-2124
-2320
8991
-5845
-1940
577
-7840
8931
-4008
-5200
9668
-7308
-7128
-3809
9944
8629
3613
5263
-4194
-1881
6097
-2519
-9850
-3134
7732
-8089
4186
-1364
-1312
-2478
-7818
-5200
2661
-1126
-5709
-9668
6171
-5025
2232
-2100
-6429
-6444
-2085
-5173
-3307
-228
-9290
1304
-2418
4373
-705
4036
-8047
3922
-3020
-2324
-5193
-5856
-979
9187
-412
-6229
8684
8379
-727
-9158
-6630
-4879
8680
4376
2883
-9704
-3670
3778
-861
-9937
4431
7143
5466
5278
5924
-5551
-2686
-2028
2646
-8231
-6124
9653
395
6274
-1654
2087
-3884
9386
-3057
1615
6632
1201
3960
-6665
-4116
7798
-6029
-6928
-5785
-9002
-7641
-5137
-6962
6503
-2837
-7591
-5258
1524
113
-1472
6590
-9604
1536
6439
-7441
-424
8980
6234
-757
5674
5907
-4510
-5509
-4553
8840
-7537
-735
4972
3478
1664
-2858
459
763
-150
9474
4527
8766
-3890
-1797
-5835
1573
-8425
-4004
1685
-2351
7530
7338
-6726
-7588
-3328
-9664
-3029
763
2013
-4383
5119
-187
-3392
4450
1398
-3257
-7488
-4065
2704
3839
-7983
-4503
-3357
4021
5056
9935
973
-547
5203
2082
-514
-5885
-3472
3305
8853
-3315
3821
4784
-4693
3996
4156
36
-2228
9696
9475
9298
8299
-5331
6032
-2992
6497
2626
2539
2039
9506
-4928
-1410
-7061
5219
1710
-8647
-4889
-4750
-1647
-8981
9606
-5043
-1102
-1519
6014
1584
685
1440
-9795
9992
1034
9523
-2752
3291
839
-948
5080
-7355
-3154
2343
754
-8054
-6243
7643
-6171
-85
9564
4748
3946
-3134
3063
2664
6398
-4885
-1779
-2395
-9882
-1616
-4273
4231
1136
-4468
6272
7294
6436
2390
-3839
-7127
-7708
3222
-1929
-920
4199
6562
-300
-5710
-9785
1497
5486
428
-9393
-9163
3456
-4645
-8664
-2191
5327
-1277
-209
7399
-7110
-9042
9086
-4842
-633
-8382
-8135
4536
1527
1070
-2757
1163
1933
8167
8598
203
-7044
5030
-4761
-8951
-4987
7580
898
8419
-417
-7731
9678
-6611
-8554
-7032
-2382
-6221
-3617
7622
-715
-8088
3434
-3538
-3454
6066
-69
2967
-9538
-8701
3202
3674
-4640
-4951
3784
-8881
347
-8561
7111
-8597
7777
-1169
4637
-3838
-9578
1477
3613
9906
-1178
6316
6071
-4946
6270
-7395
-5833
4315
-6698
-7702
9329
-8654
-8549
-1937
-2895
8927
-1239
3853
-3883
8816
9354
-2666
4273
-3872
1347
8805
-980
-5917
2085
4042
-8307
9680
-5360
-8115
3767
-5477
-3574
6822
704
5042
3432
-6961
6324
1312
-1817
8147
7063
6857
3261
1088
1012
9143
-2514
-9700
2936
1992
-6241
-5779
-3555
8145
-3132
6252
-2196
-5485
-578
3655
1940
2722
-239
-1257
-8412
4471
-4853
4475
8965
793
-8649
6174
7947
8071
-6172
9281
4107
90
-3845
-1630
-5087
-6507
-1608
9065
5699
-9382
-5203
4162
-6517
6830
-8775
-4076
3346
818
9582
5681
-4252
7491
-3470
-3652
-9007
-2535
-7401
9116
5045
-7431
-8817
-3550
341
7302
4783
8273
9593
-6461
6035
537
-3589
-3659
8722
-2477
5689
-4381
8864
9284
-465
1955
-4495
3114
9839
3148
-285
1777
5972
-2910
7381
2180
-1515
-5594
5468
-1495
-5914
-3943
9014
-6739
2953
-6626
5047
5479
-3829
-2194
9406
-3933
-7417
5341
-695
-2910
4712
-252
-3091
100
5421
9011
8029
6583
4092
9565
6506
-4228
5700
-7879
-526
-8283
25
-3090
2486
-9007
1218
-1887
-7973
-3135
-2971
-4987
-5812
1975
5602
8565
-8640
-437
-2916
1287
6598
1236
-8508
4537
-2873
1526
6547
3523
-6149
-6509
4810
3453
335
9928
-1605
9265
-7164
7385
3834
-7240
-2776
-8372
8485
7887
-565
-2182
-8811
-9746
-6402
7812
-7702
3497
21
2156
8819
-1588
6827
7707
4072
2778
-748
3394
-4583
3215
-3744
-4536
-1778
8191
-4704
1073
-3253
-1343
2018
5069
-5168
-5565
9276
-8245
4791
3353
-4326
-1760
9168
-5666
5900
3420
-6320
-2487
3568
-5278
-2237
4188
7319
9480
-7360
1944
29
5666
-1270
-6979
2084
2166
-6760
2280
-5158
-850
6732
-3919
-9773
7032
1603
5411
66
6461
-4946
-969
4485
3946
4893
-5969
-5607
3998
-2876
-8137
-2101
9849
5114
-2322
-8888
-3470
7700
1738
-3712
245
4862
-9819
-3804
7285
-9188
4009
-3506
-1640
5163
2040
6852
-3318
-3484
-9181
-2439
-2052
-3642
-264
2486
-2462
2058
9865
4856
-8062
8119
4009
9868
-9703
2737
-3945
-58
-5957
2663
-1536
826
6213
7506
-389
-6944
2781
8426
-9111
-2126
3231
667
-5926
7710
-8413
8929
1447
5536
9238
-5505
84
-1410
-8984
-7349
1684
7456
-7733
-8011
9718
5500
-6405
9449
-7473
-5400
-4630
1459
-8685
9038
3312
5480
-1327
1816
2030
9243
-4904
-9300
-4709
-8552
5847
2851
-4533
6976
-237
9212
4766
-2758
8703
4510
5158
-6345
6254
-7717
-6034
4787
-7006
5925
682
9781
-7268
-6208
9614
4414
-938
-8177
-8253
-224
4414
-4018
-745
387
-9547
-9973
-7851
-5351
3754
8164
6267
8695
-9569
4456
2477
4722
-1012
8132
-2521
8969
7679
-5865
-8799
3095
3512
3344
9406
9861
2918
-3014
1399
-9324
2611
8534
7754
9114
1829
3880
-1181
7838
-7831
-5409
1787
-9574
7241
-9695
-6117
-6174
-8463
-1898
-6291
-4690
247
5035
-395
3922
-821
9392
7707
-3382
8747
4529
-5062
-1685
-472
8351
1788
3223
5367
8785
-5498
7477
3985
9208
-1957
6799
8588
6832
-9194
8413
-1589
-7977
8251
-4514
5531
-7035
8777
1199
4749
-6991
4540
7609
3893
-5630
5794
-3477
-2148
-1957
2928
-2924
3627
641
3411
-6029
-7012
1537
1911
6881
6604
4571
-8491
874
-121
1836
2169
-2426
-9932
-9749
-9004
-511
645
-7555
4062
-5012
-2465
4466
7812
-1355
-2492
7127
-5140
-2684
-9092
-2467
-2181
8713
785
2543
5863
4462
4904
9340
-2174
1580
-1048
-7
-1190
-6695
-1965
2774
7657
-4918
4188
330
-196
9408
5723
3167
309
6045
5744
2712
2652
5445
8970
1859
4879
-5354
-275
-384
-9446
9964
8878
-1648
2813
6775
3633
5994
8770
-1481
5053
6724
2676
-7881
-4330
6339
-7936
-1169
-8990
-886
3857
7580
3294
-8605
-9951
1732
-6031
-1488
-1517
-2864
4284
-3894
7095
-5922
-4717
-3855
4364
-9614
-9925
8028
5947
-3935
9540
-3251
-7761
7748
4409
2593
6842
9862
-258
-4385
-7135
-9543
-5380
4423
9996
-9733
-1183
9633
7069
-170
-3081
-4067
-4680
3254
1663
-9270
9792
1687
-2403
878
-7608
444
9608
4872
6453
-257
8264
-2692
9769
6820
-5571
6160
-3090
-948
2328
2304
-7145
2817
7388
-7277
8687
9751
7086
-7840
-2149
5442
3161
2704
-5034
-1635
-920
-4969
-4472
-4529
7668
8191
-3772
9580
-7272
-6242
-1203
1501
9025
4283
-5200
-4296
4461
532
5830
1649
-6479
1223
-9749
-9057
336
-9661
6441
-2866
1498
556
-5018
5816
-3033
3791
-7946
-4357
4421
4021
-9985
5801
-4211
4590
-1040
3866
-8894
1588
4459
-5618
4757
-3628
1970
-7591
5806
2035
9423
-3838
8990
-6251
-9460
-4800
-9356
-7717
-4708
-4064
-265
-6140
-2963
8303
-395
4229
-3358
565
-2922
133
8284
-6828
-8493
-8870
2914
9039
-9940
8824
2140
-8530
-45
-6791
8434
6299
3805
-2195
9833
-8015
-2953
7793
-4449
1772
-5764
-9818
-2078
-8455
3011
2467
6682
2677
-3395
3907
-4274
-4458
7943
8900
2183
7786
-1585
7845
-9854
2014
-4130
6703
-6962
3348
9600
4413
9661
2581
-6479
-2895
6158
-4576
-8296
5917
-2537
-9349
-5461
-2094
7459
-729
-3802
4340
-5098
6491
4472
-9563
-4838
-2590
-4689
4006
7200
1902
-5554
7351
5046
2306
8421
-7763
7389
4920
-1304
-3027
3666
-7925
6282
9205
4207
-5086
-4659
-6458
-5766
5445
-9056
-743
-4941
7448
4860
-4456
-1513
7557
-6809
698
-8192
2948
-5829
5304
-7606
8036
9586
7543
793
4683
4134
-1990
-7231
-778
620
5561
-2915
3647
5792
5972
-803
-8328
-1391
7871
-9898
-2009
-5247
8428
5492
2416
3902
8128
9688
9202
7813
9831
267
5788
-3900
7599
-9573
6194
-8168
248
9040
7023
4761
1318
-5821
-6649
4728
3296
-7435
9029
1034
-4770
3929
3057
3215
-5808
-8424
3048
881
1857
-9831
1847
8291
8819
-2615
-5622
6856
2313
8267
8368
-1567
5215
-5925
-2998
2261
-7920
-8151
-5632
3704
6422
-2553
-6471
772
42
237
5802
-2747
-5508
-5489
-1849
7918
9259
-8743
2799
6194
-5597
-9923
2492
7047
-3822
-7271
9382
-6353
-8112
-44
-3540
-3415
5441
-1762
-8756
9272
-6653
1783
9834
-8310
9812
9424
7221
4852
8377
-2695
-8439
-5420
3503
-978
7377
-4959
1338
1183
2354
-3543
-4846
-3096
-6529
7721
5303
8434
5604
-2155
-6643
-1413
-4605
1999
-2836
6171
-4428
6026
-4390
-8117
-8630
-9260
-8322
-9665
855
-8402
-4234
7331
-7897
-321
3122
6850
8413
1943
5718
-6045
6054
2602
-8640
5812
-8925
2153
3597
-1430
-9979
3916
1789
-7230
-7554
-4789
1401
5277
3617
-999
-9196
-9020
-789
3679
6226
-5779
-2253
1463
-9073
-287
5939
7066
-8549
9141
2862
-5765
-5383
-6591
6949
-879
-3454
2771
3555
2422
-4225
-3213
-6637
-8562
-1958
-9045
-6969
9911
1274
1306
-4153
6877
7289
6921
8906
-3447
-1414
-8107
-6790
-7542
6192
9838
2125
-5386
-3006
1226
-1876
-2880
2166
2560
1081
3502
-5970
4316
759
8658
-2484
8038
-3233
8477
3508
-1784
-2523
3864
-3670
9906
7606
-8961
9594
5643
-6767
5320
8826
444
-4101
-1337
6811
-4715
-3792
-637
-5191
-9912
4078
4234
-2581
6035
5472
4807
2780
-7080
7751
-7735
-3391
-1774
8829
1761
2093
-5699
3854
-4772
-6176
2094
-9046
-3157
5948
-7827
-2313
-4813
-3276
4561
-9646
-6083
-7388
2179
-2971
-5691
3946
-2042
2152
4140
-5651
-7701
3702
-5167
3700
6210
7266
4316
7975
5996
974
4168
9767
411
-3004
9869
-2643
4417
1977
7526
7976
-9539
-4033
6204
-259
4975
-3569
5950
3234
7749
5117
444
3713
-6903
-6614
3019
6090
-8665
2281
-3716
-5301
6537
-2513
-1611
7454
7945
-2418
9069
8913
9914
9482
6329
1204
-5154
-7226
7859
-3286
9418
7363
-1467
8295
-1493
-5587
1115
7910
4880
857
-315
3440
8875
1797
-8321
8481
4561
2328
9539
4097
-7623
6537
-4010
4273
-5489
5654
-4309
396
3729
-2859
-6047
-4623
-3192
9680
2035
-8886
-8662
935
2334
1004
-4822
-6328
-7638
-7437
-3178
-6225
7839
8732
-34
1606
7987
9138
-2041
-8591
-9852
8305
6329
1807
8575
-480
2358
7750
8724
-5572
-5033
-2368
9717
-8196
7123
6727
5286
-7723
-2565
-4952
8435
5096
7411
-6476
5617
-9395
-2592
4336
4965
7601
5470
9964
8942
-2662
4066
1835
-9598
-6418
4260
6813
-3000
-8591
6
-4591
-2729
4536
-7431
-7048
-322
5691
8675
5792
4540
321
-66
6592
-4387
9380
5421
1491
-1274
-5889
-1631
5949
2584
-8190
3419
-3844
-2619
-6582
4528
3344
-294
-3344
5657
-3023
-3302
9001
-868
9122
-1392
6017
-7995
7861
6259
8399
-1520
-8770
-2051
3686
3166
-7460
1295
9695
-8706
1716
-1279
1671
9704
-3786
5848
-8459
-1738
8698
1318
-2504
6127
2933
433
8522
-6357
845
-1334
-743
-9327
5314
424
7697
1600
8123
8140
-7136
8549
6733
6653
-3606
-6815
-7110
-2064
-296
4392
-3370
-625
-8778
-4877
-5846
-220
3315
5106
3490
2863
8205
8572
-3990
1614
-4737
-164
5521
8470
-8304
-2937
-5259
4538
4305
1488
479
-8212
-3176
-2924
-2669
4056
9327
-5529
-192
6629
7379
-4049
-7393
7015
8841
-1759
-6186
9990
-6599
8955
9612
8349
-9585
-172
-8977
6147
-1722
-4848
1824
-7731
-9122
-3438
2869
8718
2633
-785
371
-8014
5352
515
4870
7340
9222
-4721
-8502
9766
-4893
2418
-7692
-5453
8501
9929
-6890
8975
-3538
6487
3389
6665
-6669
-8524
-4891
-8469
9235
-5859
8866
1156
6183
8624
9031
6303
-8465
9903
5768
-7505
-8824
-5419
-6222
-4321
-5669
-7238
6336
2639
1193
5946
-483
-9336
-218
-5638
-2151
-5781
-4226
-3281
-5485
3883
9867
580
-5916
-2901
-2530
-4938
3592
2434
1812
5643
7813
836
-7990
6325
-2401
600
8533
-1049
-3481
6721
4342
9093
7175
-614
3242
-7383
-3916
-2478
-8561
8180
7579
-8453
-9742
-2349
7627
-995
-6766
-8151
3113
-6109
689
6152
-3664
-3163
2134
-3577
-8886
-7942
4097
-8978
-721
4624
-9299
132
-3079
2231
790
9004
6896
6243
3766
9989
-1752
3682
-432
-9822
-8162
-1776
8151
9143
8752
3509
-3388
4273
-938
-5698
7013
-5353
-8438
-4970
-2502
-3373
7047
3413
-7758
2849
4229
-5748
-7891
-2232
2768
4120
-5762
3819
7428
5991
6394
-9651
-6793
-3386
991
7678
5213
9909
-193
7869
-6488
-6411
-8846
-8849
3696
-2455
7907
-9235
-2401
2878
6759
-6752
-7116
8520
-2079
-8225
8490
-4646
1681
1229
2739
9339
8996
5926
2889
9273
-3041
4046
6888
9463
8803
457
9495
-264
4716
-4544
2321
5222
9173
-9210
2816
-5974
-5422
-1201
681
-9390
8392
1027
-6985
8383
2022
-2421
-5510
7745
-1543
419
7605
4809
3055
-7891
-1215
2284
-3548
-3951
4954
3350
5221
6844
-6516
5090
-8591
-9153
-6446
-5682
3330
2123
1654
6216
2198
8842
7602
-5739
-1356
-8891
-1483
-5409
4833
-2309
9738
-8045
-8004
183
8815
-4608
-5706
9637
4886
-7765
-671
1325
-4834
5819
5393
2351
462
-7596
-5266
-9018
-282
6215
-2318
4716
8896
3603
-4776
-2089
3874
-9887
-4431
8055
-5970
-497
1255
-1382
3228
-70
-7166
8046
916
-8442
5546
-1406
-9068
-8875
-6508
5292
-7927
4966
-8963
8531
5185
2533
-1066
-6455
-5962
9779
-5810
3241
-8613
4258
1572
-1236
1441
9613
-9626
9816
-3839
7662
3397
6186
-5982
-5145
-5835
3627
-5521
8200
-5949
8082
7745
-1699
9437
5852
6347
-2745
-6635
-8263
4378
-1720
-6757
-6270
8742
6960
7418
2349
1170
-7899
9616
-78
-2158
-4629
3637
-3874
-4875
9662
4882
-9687
-2450
-956
-3717
-9712
6538
-186
-5558
940
3238
-7208
9889
2626
-3632
9133
-54
5995
-4394
844
-4716
-9664
-9797
2
-5479
2578
-8570
-8785
-5418
-4515
-8689
8257
2209
1224
-3609
9623
2093
-273
-1903
7981
-405
8193
-9007
-4120
1491
3073
2666
-8066
4788
-2055
-4657
562
2021
-2522
1290
-6397
8256
8356
-1466
-4046
2480
-1833
1794
5397
-9124
-5858
1285
8947
2817
-4368
4505
8708
-4282
-3671
8136
7294
204
8450
-5303
2505
-7529
-1519
4976
-7467
-8365
-1059
-889
-5000
6965
1892
820
-1084
3291
-2911
5656
-6558
8719
-9576
-7331
7764
2477
-9476
6676
9612
1677
-806
1237
-8829
1947
3357
7508
8066
9760
-4896
9242
8632
5551
-7463
-7407
-5983
-8304
-5713
-3173
-9530
-8071
5173
-6591
-5225
5728
9059
712
9125
376
7823
537
7710
5207
529
3408
5393
-6860
3555
-2068
-9878
4236
8155
2008
-1730
-473
-8223
2893
8497
-3751
-9337
-2892
-8456
-2077
9407
-5451
28
2798
5130
351
4943
-8573
-1199
-2197
8576
9910
-2776
5555
7624
-457
6225
-4253
2814
-108
-4709
4766
7037
-9298
-7408
-7590
4488
-8779
5334
675
290
13
-1193
-353
5142
-56
3429
1494
-9867
5430
-4018
-1796
-7634
3281
4394
7370
3309
-5228
739
3167
9615
6461
160
-6740
-6144
9443
-5890
-8968
4053
-5483
5748
9982
-2766
-2504
2272
7751
-7314
2190
-1827
4221
8905
1216
-1377
-8314
682
4518
6652
489
-6932
-868
5142
4542
-642
1949
-5833
7303
-1135
7150
-5266
-8439
7462
-259
4877
-9858
973
-5066
-2600
-3741
1726
770
-8424
-5188
-58
-2477
8740
-7363
4934
-597
6387
-5582
8711
421
-9740
-5194
-1792
-779
-5040
-8445
9180
-5263
-449
9923
-5348
6777
3375
-4640
3608
8143
3503
3014
-5267
9766
-8556
3124
-7260
-3149
-8536
1765
9175
-4330
-5210
7974
8937
5939
2348
-890
3094
9978
6935
2389
9584
-947
3333
999
9276
8749
0
2115
-6594
-4703
3104
-492
5734
-4686
-9557
8772
5848
1621
7748
9155
-2206
-6005
-8326
-4296
-448
7278
2180
-6594
50
5176
-6768
3853
-2906
-6653
-3817
6167
-4528
-8376
5604
4059
2455
-1913
-6103
3681
5522
-785
2990
-8544
7681
7414
-1950
7555
-6927
-977
-4776
-7782
2425
-835
-9714
-8494
1199
5919
-1900
-5925
-8377
2150
7332
7634
5983
-2472
-7338
9856
7340
7168
9851
3568
-9990
7109
-4544
-3639
6078
-7282
-4305
1453
7272
9170
6859
4355
-8818
4652
5523
-7957
2696
9433
1979
8707
2681
-8412
-8128
-7481
4893
3060
-6069
9714
7104
-9123
3980
-6589
-2071
-5644
-9393
-7582
2306
-5690
-1653
-7268
5121
3919
-9062
6527
-3808
-4182
6907
5078
8861
2944
4690
-8101
8674
4024
3795
-2799
-5053
-6602
9307
-9382
-2754
-7604
8621
7942
8701
-8884
5988
1587
139
4387
-6378
2528
3091
9910
-514
5017
-7871
-918
-5974
-8260
2067
6337
-1726
9387
-5249
-2844
-717
7494
9325
-3091
9051
1530
-5962
4588
8607
9652
1938
-5243
-77
34
1931
6848
2340
-1235
-2778
7143
6425
-8768
1946
4080
-4923
7016
-2073
-6394
-7379
-8903
7093
7142
3231
-5141
-9673
-5790
9494
6915
530
4015
-4484
3452
-8089
582
-4177
-1507
-2419
-8425
-2346
4930
-6307
8144
2730
-6852
4073
3538
2699
9050
9996
7903
-80
-1807
5495
-4702
514
-8709
-3874
-942
2176
-2995
-2678
-2163
2776
-8277
8843
3219
7128
-6128
-9120
962
-1556
-627
-8535
-6060
-4644
9270
-232
-6907
3188
-6825
1382
1743
-9892
-3498
-8152
4743
-5302
405
2708
-4435
4189
-6536
2570
-1415
-3345
7179
7824
-1579
-7157
-4983
6593
305
216
-9389
1951
1568
-3653
2014
-7119
632
-9219
-2743
6979
-9860
-1043
3369
-4650
1746
-7544
3424
5346
3937
7676
9824
-7197
4650
3938
-4937
-4365
-6322
4994
-1862
2968
-8141
-1242
-9953
5413
9100
-5700
3236
-7516
-5104
1050
-8714
-7657
9319
6988
-2114
2784
-1249
-5662
-6108
-5112
6076
-2835
5702
1765
3576
-9221
-122
3359
6317
9454
6197
1287
2885
-8651
-6034
-7359
-4531
1547
-4475
8796
-8127
7098
-4217
-1818
376
5649
6877
-46
6395
-6013
-6992
1056
5697
3
6074
-3423
2332
579
341
501
8706
-1801
-6028
-512
4021
5860
2429
2784
-384
8738
-9850
2310
-1078
170
4609
2293
-9429
-4914
-1460
9266
-5879
-5230
3578
-5432
3231
2280
-78
-5868
-5363
5769
8385
9666
-8497
9016
-6773
-8634
1487
-9895
-1227
-2819
4096
-1466
-1665
-6921
3109
-7712
9377
724
9630
7724
-3805
4182
-5639
-5375
-9496
4426
5501
-4569
4027
6685
-9112
2220
-7884
3836
-2175
8805
3250
7024
6404
2104
9935
6844
3637
-1979
-9525
1676
-9228
-2230
5240
2823
-1712
-2411
-5632
2329
9328
9840
-9290
669
3480
4470
6457
2825
-6844
-8911
1254
-262
7214
3113
637
4950
4873
-7398
1582
-3190
841
122
-7917
9499
8190
-9522
-2930
6671
5104
4950
-9051
6849
-4153
7767
113
825
1207
9669
4629
7673
-6151
5874
-4912
-4959
-9909
3502
8174
-4458
1761
2081
-4629
5700
7216
1504
-1816
-6479
2424
8705
923
6055
-6252
-3004
7034
-5852
-7247
4185
2094
6560
4683
6936
-7944
-3259
317
3488
2681
3134
-3156
3213
6223
-4876
-5466
-875
150
-3814
-5048
-156
-1122
4940
8455
2834
2483
522
-8205
-4596
-3816
103
-9705
8574
-7934
-3992
5988
-7785
-1665
-1804
5932
-9843
-8788
-2688
-8725
-9503
-6876
-2014
-1344
-5444
2023
9196
-6923
3989
9
-5694
-7413
7904
87
-5722
5507
-9013
-2874
4044
2974
-7491
-6261
-7417
-9549
-748
-7586
3252
8922
8554
9222
-777
5804
-7068
-9427
-1894
2650
-3062
-5551
3564
3611
5302
-8218
9289
8044
5571
-5635
5740
4888
-4066
-4833
-7985
-1105
7538
-8361
3609
3260
-5667
-9123
4559
-8251
8319
-3295
-7372
-4896
4764
9142
1777
2441
-870
7948
-7578
-1682
7202
9833
-2369
-4646
-6703
-1536
6464
8760
-6907
6473
-6227
-5686
-5734
-4230
2850
7921
-5955
-9900
5003
8324
3792
-9848
-6296
-3922
-5284
3850
8538
9874
-9589
-9793
-1279
8896
8294
-8762
-4702
-5136
-9044
-86
-2828
-9614
548
-1426
4456
-4228
-2465
-14
7149
-4435
6365
-4637
-502
-4345
-2694
-9223
9163
2794
8900
4734
7970
-5078
-3800
3627
4929
9014
4934
4611
-4239
-9360
2666
-7164
6965
8720
4208
21
1626
5122
9708
-1425
9854
-3630
8672
-9823
-6944
-3615
4511
3840
849
-6381
-3694
-5480
3192
-7722
6221
-8349
1172
-1455
-382
6130
9622
3497
-4715
8199
-6737
998
-7252
-3236
9185
5303
-2417
-8314
5663
4904
-8412
-2611
-7451
8711
1451
-4402
-2415
-3918
-3740
6894
7959
-6782
4199
7406
5531
6501
-3696
6367
-5823
-2208
1607
1355
2987
-6642
9941
9128
5535
8767
-6243
-3245
-9078
7820
-2775
2755
7182
-7990
8636
4647
9013
1333
-7533
-444
1261
-1369
2411
9356
-4486
-619
5662
9214
422
363
-3589
5550
-810
-2001
9736
-7888
-5139
9255
4201
-5230
3912
759
8291
-7408
-6070
8260
1670
9725
-7077
-3124
5882
3180
-6607
6514
-3615
8407
8377
-7901
7549
-6959
-7321
8883
-7711
8195
-4449
8337
-6295
6370
-5814
9213
-4022
-6541
-1108
-9120
3602
-2497
751
4117
-89
7362
-7209
2179
7782
933
1635
5302
6327
7116
1497
-8225
-6930
3563
-8971
-5509
4411
4805
-5551
3152
-6472
2095
9242
6681
-4044
-8147
-2054
-1618
1875
3826
-1936
-6920
6984
-7725
-3938
976
-1754
2496
-6689
-2964
-7178
5806
-4211
1136
1020
-4884
-9024
1111
4174
7345
-8201
6965
-95
-1159
502
-9729
-2894
-3298
-8235
-3474
8199
2890
-9223
9044
-4839
4226
-4345
-313
969
-3618
5169
-3902
-3922
-9314
-3500
-4276
-6858
483
-9349
7831
-467
-7722
3666
-2235
-5537
-2861
-1184
4457
5016
2241
-324
-5696
-9875
6600
6334
5075
-5763
-2873
-1943
-6526
-35
4379
-5463
-6464
4326
-8277
-4888
9202
4025
-1217
-8962
7083
-2497
-514
-4620
-7454
-8477
1099
666
724
-7547
-1068
-2556
4342
-8647
-6011
-4214
-5663
-4476
-2804
5892
1596
-5225
9833
-1665
-1825
342
7859
-6939
-1380
-9137
-1527
-6024
5927
-1511
-5510
1689
7357
-1924
2595
5471
-5562
4908
1630
-4967
-7604
-4809
49
-2532
-1947
-8510
-7598
-381
4221
-5357
709
1550
2318
-2636
-5979
6531
7293
-150
6968
8422
9434
1236
4773
3345
796
5589
9088
1854
-1259
-7717
3108
5990
292
7819
7174
568
-8955
-5386
-8864
8373
6625
-5865
1738
-7244
3017
-638
922
-9298
-6448
9467
745
-6220
-4886
6660
-8469
-7461
7805
-8368
-6843
1081
1609
1085
2140
-2411
5044
4357
-672
2685
8485
382
2069
4004
-3816
4462
-8499
-7569
3222
-790
-4659
-8953
-6111
-1037
-9603
9894
8571
9881
-2952
-269
-5984
6553
2760
9305
-8422
2810
3833
-4505
-1056
7962
-2617
-6549
8977
-3592
-183
-6894
3011
-849
3510
-1605
9435
-532
-877
-7094
3455
-854
1149
-5009
2041
290
-1123
7208
8039
-472
3342
-2368
1939
-1487
-9414
-4475
6387
838
-7326
8488
-4238
-9881
-6018
-1625
-6655
-7512
-6798
-8650
-325
521
-7649
-6201
-6024
493
-9138
-5160
9098
424
8120
2067
3723
-5165
-1506
1457
-9327
8745
-9344
-1911
7220
-6621
-2998
-6196
9147
-7589
3979
-2446
8448
5825
-8621
-6133
-9164
-2947
5552
8111
7431
1733
-8104
-8502
-23
-7889
1138
-5541
-4539
-518
2469
-9524
5902
-9225
1656
-3257
4073
831
-9715
-8799
3747
6033
-6275
6820
-4000
-2042
-5501
8933
-7139
-7340
-621
9908
1008
-8494
-4477
-7274
6134
2637
-4181
-236
5027
3257
-4869
-7466
5708
1010
-496
-2253
4778
7617
1710
-8774
150
9694
-1292
-4334
6579
-2645
-7192
-4811
8199
-8888
-3905
-7849
881
5791
-5871
356
-7290
-5025
-2704
-9515
-5852
-1778
9808
5969
-2865
832
5951
-2998
7840
-2339
-3848
3925
-2670
-323
-6882
5202
-6718
440
-6282
245
1004
-9221
9353
2941
1515
-4149
-1322
-5199
7843
3371
-2201
7010
6490
-3479
-1441
-4283
-6478
2096
1736
3127
-7722
3149
473
9485
8549
-7063
-3210
5538
-2839
-2906
8951
-7142
2374
6979
1385
8350
-9999
-8235
-9362
-5847
2482
169
2921
5308
296
-7958
-3406
5513
-9990
-1356
-7973
-5632
-6721
-7055
-9483
-8302
206
8926
-1094
339
9912
-6328
-9961
-5701
7221
3147
209
-5730
-329
820
-1530
3566
5915
8907
-304
-5256
-78
1457
-6941
-1502
8387
-1937
1975
2266
7775
-5997
-3177
5736
-9301
9044
8070
-3789
-6474
-3994
1037
7927
-8057
6908
67
-4116
-5781
-4303
-294
-9139
5381
8549
-7365
2804
1515
-3281
-5001
5880
1930
4324
9804
2155
6830
-722
-3803
9637
-9911
-3566
5828
-1624
-2109
1713
-7953
3208
5725
1363
7870
7323
7611
-5478
3766
4224
-6063
6783
2507
7606
-2601
4856
9279
-1099
864
-4469
8705
3108
-1251
-2028
-8748
6982
199
359
2138
2510
3577
6819
6837
9233
1681
2919
8662
-4265
6680
-6306
-4620
5759
3014
-2953
7645
3116
-1192
387
-273
9350
3212
8974
-6505
4161
-9722
9440
-4315
3585
1533
-5198
1160
-1002
4375
3870
-185
3166
-1079
7163
4967
-3597
7601
-3654
-9240
-8232
-4858
5646
4905
-9997
3340
-7823
8043
2720
7476
2888
4881
-7175
-1891
9007
8590
-1229
-6884
-9458
-2220
2094
1497
-3961
-1308
3321
-4613
1848
7014
-6190
6577
-6495
3043
-7452
-2404
-6671
6040
4617
-5199
-1660
-6896
702
1110
7840
3945
-8414
-9389
9495
5327
7863
-3092
4818
4038
-7997
7747
-5177
8980
-2257
7089
9944
5406
5939
-5699
7336
-6466
-1983
-9005
4776
-3305
-3831
3526
162
9889
2445
-5635
6828
3414
-4894
5555
9808
-4330
-1448
1093
8990
-8595
-8780
9366
6640
-4039
5701
-3867
-8347
-4397
6212
5522
-9068
295
-5708
8446
8053
-2178
2300
1783
-949
9270
-7088
9436
6213
-3045
6940
-6098
-3287
-9340
9870
3191
-4605
-4872
-9959
7462
5805
-2517
-1242
-8061
-4163
-8138
-1084
-3802
4350
-8629
8902
-4065
9219
6081
9913
2650
-4640
5366
8197
1856
3471
-6340
6613
-5874
-6125
2645
123
5511
937
-6985
-2689
-9873
5894
2495
-1137
-1853
-5527
-9774
4402
-1326
-692
6170
-4551
5225
1137
1984
2585
-8895
-2807
6559
9534
-5937
-1572
6754
5653
-6585
-2500
-541
269
