5822
1
-1219
-8098
-871
-7907
6454
2517
3562
1052
6651
-8098
9618
-5979
2546
7236
-606
749
0
-5101
-2110
3793
9278
-6555
8228
8056
-9753
1444
-9509
-493
7824
7549
-6567
-6790
6850
-8485
-6286
6406
-674
-9689
-7725
3456
9339
7601
6088
5405
-310
4843
1876
9939
-9049
4172
-9518
-7478
9281
8864
963
2498
-5352
5404
-4912
-5742
-8767
929
3724
-6567
3396
3734
-2932
-3258
-1977
137
-975
327
6581
-4824
9592
-3089
6474
-5761
-3708
-5451
-4121
-7922
8033
3352
-1772
3598
7763
-18
-1696
-9693
-6852
-8653
8816
-4375
3905
6819
247
1886
9309
-2868
-4501
2373
1619
8649
7255
34
2250
-2750
3554
2595
6798
2087
-3522
-8285
5075
-6828
-6762
1168
-3617
-1487
3611
-1910
-6813
3823
7770
-3831
5683
812
6118
-5317
6306
-9688
-3564
-8890
1529
-4686
9938
-151
9786
3102
2601
7719
8729
1864
-3162
3036
9290
-2614
-4417
8455
-2587
-7851
4635
-1495
2447
3064
5192
3494
-456
-9069
618
-7131
-9328
-8403
9645
-2884
-9856
-3846
9164
6501
5118
-3325
440
3041
6277
-36
4326
-296
3685
-806
3482
8034
8010
6707
7949
-5704
-6934
-6320
-2687
4858
-9305
-1992
5912
-8843
-6208
-3968
-5797
-2427
327
1299
5176
5533
-341
-1025
1561
3662
6885
93
-2991
9709
1761
2262
-4418
1307
6134
-7035
-3473
3162
-1449
5651
1112
9493
-9687
5658
-2521
6083
2895
8177
9395
-3986
1876
-7055
-4181
-1136
-529
-4947
3392
7088
-2173
-792
-2806
8696
5617
-3892
-4204
-1652
6027
-9370
-8167
-88
9804
9718
-5683
-9157
-4340
7111
17
-9866
2167
2486
9375
-222
422
2225
5826
-1107
-2054
-945
3513
4244
-4326
7820
4298
4576
422
-9070
5194
9188
9446
5295
5340
6457
-4136
3113
3999
4906
6762
9101
2847
4542
2321
-5959
-818
5768
-3264
7332
4616
-900
5022
5414
-8071
7902
4670
3977
-8452
5127
9880
-7163
-2941
-8814
9682
-3374
-1759
-6802
5979
2740
8928
4394
9467
-5397
-1291
1891
-2950
-901
-4019
-8290
1977
-7421
9727
-6408
-4430
2000
-4844
-8699
-5444
-4121
-7859
-4424
-8349
2127
6927
6426
5938
8483
5215
-5903
3415
332
328
6982
-1749
5649
5574
8296
5255
-8685
-4318
8006
273
-744
-5977
-992
-2791
-1052
-5898
-5560
-4797
5712
-8328
4284
-5889
1279
-3391
2830
7073
5729
6413
-7694
-8302
-3194
-1067
-7848
4424
1863
-4121
-1928
-8905
3548
-6058
3455
7889
-8932
7296
-3093
2454
-4993
-3290
-9874
-1933
-3870
6182
917
8694
-4495
4444
265
-5374
-6679
4557
-6918
2661
6836
7562
7145
8110
-9681
-410
757
-4510
-8559
-6194
3153
3224
6499
5798
-667
5349
-1120
8130
-646
-9003
7819
1619
4187
-1769
5711
76
-6077
5205
3176
-9268
-7277
-887
-9885
3090
6803
3787
-9848
-2059
-1466
-9308
-7986
6570
-9274
1071
-3781
-7969
848
-2582
-1032
2863
-9284
2581
-2908
4064
5225
5369
-5055
6938
-9684
-1784
-5453
-8934
-3866
1093
-5885
3371
1840
6341
7978
-9528
-2623
-3670
4773
-7529
-4318
-1631
2787
-5285
-1361
-1419
7331
-2156
5502
-4867
402
-821
-2246
-7704
-488
8553
6575
6476
-1339
-5498
-4499
-8035
3629
7784
6348
-9449
6418
8376
-4430
789
-1031
6376
-2422
1316
8394
4377
8817
8353
-2020
258
-3977
4468
3656
8015
6923
-713
-6896
-8654
1636
9841
2170
-6078
-7948
3818
8837
2184
4468
6347
8719
8044
-8478
1061
-4395
-5138
7018
-4966
6419
-6162
-9706
8926
3434
-2806
2851
-3902
-4532
-8720
3124
223
9254
-1736
8640
8351
9074
-9033
-5962
-9693
-8147
8362
-4478
8596
-1555
-748
830
-8367
2483
7445
-5078
4092
5997
-2013
-9416
2425
-8575
6602
-6839
383
313
-5827
-9808
-1623
-50
-6928
-7676
3993
5898
5437
-4699
1001
5220
-2351
3432
-1946
-3704
-6124
111
8709
6326
-9162
-7243
-1013
925
5540
8322
9716
1372
-7503
-5563
-3248
-6350
-9852
8466
-7953
-4313
3206
-1560
-1777
7540
-2183
1485
7852
6664
-2990
5094
3374
-2449
-5360
899
5328
-1931
-2440
-2507
-1775
-9066
-9101
5730
935
4704
-3055
-663
-1946
3798
-6554
324
-8335
-722
6684
2751
8087
-3592
2749
-4212
4877
-3685
-8671
9852
-3429
5474
8176
-7601
2885
-2409
3111
-2221
6769
-6050
-2150
938
-3453
2810
9287
9150
-3279
3149
9374
1813
1173
5583
-872
-1385
-3248
8471
7611
-5603
-2465
-3562
-9566
-9437
-4299
3102
-2912
5540
8287
6992
3657
-4445
-4602
-9913
6982
-5600
-5110
-7676
-2409
7795
-5203
1962
1684
1947
8308
4835
8275
-1962
-3586
-5149
-9913
-2097
3993
9518
-1406
-5492
-1916
-8349
-2052
-9737
2554
-2816
1794
-6231
-6766
-3002
-2190
2324
2391
4407
2651
-6933
-4995
6584
1664
8708
9321
4309
7546
-861
9742
-4088
-7418
3410
-1016
3641
2970
1910
9107
3323
6448
-2035
-3956
-5822
9365
4923
-2626
-7572
4683
-9290
-5364
-8973
-197
3555
-8120
-1961
-6831
8370
964
7391
5844
692
-7435
6792
-279
6132
9851
299
1090
-5115
-3456
-2750
5623
-3198
-1974
-6160
-7621
8016
1412
2051
1054
-871
6973
5745
-1173
-4818
-5579
3312
-476
-2819
-317
6778
-6945
7394
-330
-8267
-180
8757
6282
-6791
8152
5423
8898
5749
4111
-8508
3745
-4988
-260
8676
-8818
3024
7265
-7463
-474
1015
4531
8234
5533
5608
-5232
-9161
-8211
-7233
2803
-5274
4855
-3336
29
-6731
-5995
-5319
4094
-1294
4666
-8922
-1988
7021
-8160
9717
-3914
40
815
1875
-8947
-6587
-6865
-4681
5709
659
1462
7924
1795
-1345
-2403
6836
3091
3479
-612
-4257
-796
6135
7841
5112
-6300
-5336
-2685
-1047
-2525
739
6598
8234
9375
-70
-5541
5722
-5644
-8345
-8781
1253
1186
-7309
-3520
-7838
4067
-2002
-5815
7088
3969
-4818
737
5088
4101
5696
5557
4338
-5330
7917
-7809
914
-7384
-5743
7653
2832
5176
-2066
5070
9044
-5859
-2561
-3375
5069
4055
-7719
-6470
2025
-5244
-9038
-872
-7320
-9132
-8686
3324
-7797
8752
-7271
-8204
-3360
6594
3904
-8905
4051
-9337
-822
-9081
-7877
-4544
-788
-3118
-5943
-3170
9257
-2058
-2136
-2690
-2119
-7942
2866
-6028
7383
2077
-2344
-785
6908
50
-3651
4708
1341
7875
-8551
-2651
-8099
-8179
1054
-3362
7145
7893
4810
-9298
3150
5282
3097
-5590
8303
-9038
-6544
4850
6080
-8074
9848
2774
307
-7538
-4316
-5493
2474
866
6822
-5773
-781
9635
2193
6382
6246
4165
9386
-6665
2322
8784
4209
-9595
7648
2976
-8929
-3124
-5068
1051
-4104
8516
4409
6615
-1273
-6550
901
5616
294
5277
9697
-2516
-3751
1063
-5361
8453
-5454
-8961
-9968
5985
-9250
7940
-9755
-8603
-940
-2096
6306
-9694
-3645
6551
6991
-1892
7254
-6640
-203
8530
3816
-7405
-8049
-8652
3609
-4390
5724
-5716
5660
-8492
-497
-2527
7517
-8455
9161
4365
-2511
-7824
-5221
3148
-2953
-4655
2587
-4155
8522
-72
9674
3903
-2595
9202
-8114
9023
4259
7931
438
5113
1090
-2806
-4513
9212
-178
-9766
8588
8867
-3648
-4927
7239
7830
-1767
-1105
2521
9208
7232
9737
-5355
-4579
6580
-8387
6871
452
-7017
9756
-4959
2133
-2298
-3860
2016
-6752
5096
8755
-8803
-4649
3192
-1841
-6074
1653
6393
-2672
9778
-1583
-8446
-9299
-5398
1829
1395
-4106
3817
-3663
902
7375
5906
-6866
1676
-282
-3175
-1788
3585
5011
-8667
1062
-8449
865
-9956
9985
4788
-253
-1381
-3493
7044
-3391
4912
771
-3709
-5413
-2750
-6459
8910
-3400
4088
8944
-9733
7222
-6029
2571
-3410
6192
7304
-4914
2637
-2669
5373
4087
-5043
-5819
8695
-5477
-352
-4607
8204
-115
8304
-7858
961
4533
7538
-3124
6103
6047
-205
2947
2088
-3719
3777
1960
7440
6094
2633
9321
-9004
-914
-7166
-6296
-9901
3023
1375
-3428
-5646
7162
4627
-4345
-4714
-4379
-1318
7192
7633
-435
-7624
-8612
2746
2557
-3984
8596
2629
1375
4782
-9757
9794
-9369
927
-2343
3194
6556
-5571
5903
-2440
8325
2334
-9601
-6806
-4982
-4024
1536
-1359
-5955
7802
-8924
-3032
-8680
507
-5873
997
-4316
5227
6134
5372
3305
-348
-4663
2848
-4382
-1575
-5943
9936
6224
780
-8566
8351
4611
3292
-116
-8612
-6341
-6237
3685
2076
9499
-3139
1387
627
8142
-2097
2702
7309
-4528
2525
-8303
4877
4801
-6175
-4190
-3752
2980
-9109
-4940
-6234
-5490
8774
9451
5205
6535
6949
9663
1019
3692
6039
9073
6398
8577
-1503
3480
-7832
-2625
8899
1025
1814
-359
2534
9049
-6911
-6205
4346
-309
1975
8580
-1645
-3054
-8808
5999
9694
-2914
-3189
580
-4990
3188
273
-1175
-9546
-6870
5538
7020
-6786
342
5816
-9613
-6475
-9733
-4284
5276
-6699
6430
-7414
5152
-1159
-8579
2558
8315
-1404
7763
9129
1988
-1618
-6382
-1963
6549
-7538
-9966
-4933
-108
6392
4581
-3578
-5009
-5473
1379
5951
6003
7167
-9164
1182
9730
-5592
-7869
6555
1229
-2470
1672
7870
9993
1150
-3142
9921
-7247
-8614
534
3958
6960
-9673
9237
-547
4522
1541
9953
9499
-1104
-1448
6514
-7908
-5905
-8759
-4580
-6286
-3719
9366
7201
1071
-5640
3570
2208
-9139
-8715
-9606
-5842
8720
4743
7825
4071
1768
6727
6878
-4556
-6981
6628
-727
7564
-3359
6545
1292
3411
5472
7843
-3981
-4887
9791
-8151
1188
-8115
9136
8087
-7187
-2638
4717
1448
3010
-2951
8205
-5641
-6400
-1708
3673
-9009
9743
4010
6077
9875
-8734
-8707
1686
-7066
8915
4889
8802
-280
4639
-8378
363
-6
7029
1024
-4350
8983
-5651
-5294
-1017
-9945
6849
7873
-7524
6937
1986
2354
3281
-371
3709
-895
8874
-3479
-3577
3671
-2716
2609
-2055
5009
-6030
7927
-7188
-3439
9174
-5171
4656
3534
-1305
-7764
1908
2268
6131
-7845
3702
-8350
5468
-5132
-378
3411
2973
-2922
-7828
-5729
4904
7088
-2634
5264
8769
2487
-8872
608
-301
-3720
-5328
-7792
9271
8813
-4050
3261
-1018
8954
-5540
6249
-1284
-1152
8217
-3173
2429
9960
2169
6127
6431
-9412
-2900
-5622
1919
-6907
-948
-1706
9362
2957
496
-5591
-1035
4326
-592
-735
2748
-8702
595
-1175
-9384
-918
8223
-4781
-9114
1119
-5957
6050
7211
-4517
3796
-5153
-9554
757
-5282
-5446
2082
-6326
775
5445
-663
2303
-9515
-9906
4676
9499
2582
4625
-3518
5193
8928
604
-6925
-4382
9341
2055
-7605
-898
-4387
4380
-8585
7401
-591
-5311
-437
3348
-7841
-9042
-4089
-4137
-2657
7703
-7655
3351
-113
2251
8127
2359
6178
6074
-2658
-7194
-4659
721
-1538
-5915
7037
8456
6138
7341
-2489
5224
7017
5392
7869
1945
-6639
3631
-7414
-6565
8393
9108
-350
2996
256
7336
-369
-8668
9061
263
6026
-1707
-9768
-3276
4763
8989
5590
5292
-9665
-9804
-8464
1738
879
9802
8953
-2531
-5499
5212
5034
1543
-3482
-9116
-8839
9266
-7571
6464
-6436
7009
4833
8525
7505
-995
6081
9633
5960
-5877
3848
5709
9284
-2908
828
2856
-6275
6925
9193
8623
5266
-239
3061
6209
-8892
-9506
7783
-4195
4881
-5720
2632
-3682
3721
-357
3910
4353
8626
9563
8877
3027
-9917
5181
-9369
-8422
-3328
-5156
-1522
8330
2707
-2888
-1623
2781
-1246
-8989
9031
2773
4634
282
7508
3498
2069
4838
-6040
7883
7762
-7301
-5476
-5999
-8072
807
-4294
-4431
7742
9176
-5895
-8792
-4271
-1591
444
-5427
3292
-1493
4038
9007
-5314
-8230
8860
8237
-4689
4110
8450
-3697
6010
2418
-7267
-1791
-4093
1614
9285
1565
7199
3884
8142
3188
5582
-6099
-2779
-7501
8852
8962
5112
4942
503
-4220
-2198
-3156
5232
4929
3150
-3507
-9560
5239
5003
3031
6001
-1509
7248
-9162
3301
-1398
9641
6940
6631
-7321
6111
9212
-4946
7798
5904
1790
9549
8577
-6133
5284
427
8370
1019
7635
2092
-7362
-1300
-3121
1120
2777
-3908
-7778
-8386
-2476
7235
-5579
5267
-8555
4128
-8978
-6034
-8098
7786
6000
7607
-2023
1623
1760
-6240
-6633
-7494
-4233
-8563
7115
-776
9531
3610
8406
-5970
3324
-2800
6452
5349
3762
8661
7338
-7
630
-7766
-9254
-6339
-1512
-9788
2829
-2535
5865
4732
-3664
1090
-285
-4585
3689
4098
4653
-9910
-8257
-5278
-5557
3146
-6153
-1506
-4578
-7858
7476
7074
-1955
5818
-4714
9388
7362
-2011
3814
3706
-9765
6529
8755
-2831
-6740
-5307
763
-6977
380
9287
8813
4332
9350
-7845
-3785
-4932
-4339
-8811
-6552
2341
-2095
2599
-9627
7162
4158
142
4170
-7193
4073
6793
5724
-4138
7912
4397
-9012
-9261
-9834
-8193
-5094
-2384
1994
-8674
2166
-9073
4815
6359
-3551
-1626
-5576
5944
3820
-6656
8594
8265
-4274
-3984
16
-1036
-7823
-4610
-4920
-272
-7977
3622
1465
-8167
2931
3970
-5096
5318
-2973
-2762
9324
9736
5591
-9659
-6062
6451
-5295
9994
7864
2102
6213
-4014
2765
-904
-9422
277
-8856
3588
-2642
1926
2024
3565
-8647
-150
304
2439
4020
-4936
-840
8792
-3035
7051
-961
-4971
7517
-5463
-5072
-5687
-3757
6451
-9420
-4956
-2820
8246
-115
4467
5745
-8926
1598
-5362
8244
995
2834
-2113
-7387
5174
-3727
-7377
-1252
1289
-5031
-4811
7908
-5949
1445
-1665
-6630
9074
3284
299
-7245
628
623
3810
3157
-3238
5222
-174
8975
-3931
-9484
-1129
-4797
-4259
9060
6377
6583
8844
933
9898
358
3128
10
447
-1066
8792
-5176
-3674
5978
-379
-7024
-9685
-4996
-5787
-405
-8618
773
3204
-6685
6432
6197
-1
-5929
-3960
-6870
-7996
-6542
9962
-9962
-1276
-3090
8412
6817
5454
-9621
150
3698
-9134
-7252
-9552
-8253
-4488
-4548
1682
952
-8993
-9796
-3374
-6548
9689
-6542
-1942
5100
-3287
5636
7920
7814
7898
-8357
-5435
-2242
-2057
3501
7966
-3496
5822
1709
6492
-7894
-9999
69
5577
-1331
-3531
50
-5115
6511
-4689
1235
6126
-657
-9725
4630
-3912
9979
-9401
9753
-7568
8766
-1019
7365
-6876
-6345
-2713
291
3806
-4507
-239
2347
-8334
-6379
8280
-20
1039
-8763
1104
-806
7210
-7936
5581
1050
440
687
-2716
-6088
1398
198
10
-3145
-6038
5288
-1780
3926
2961
6563
59
-8005
7297
3799
1083
6345
9037
6846
9485
9934
-3215
-9019
1187
-6513
-6639
-2442
246
-7744
7172
-9542
-2383
-4164
-2907
-1502
-5698
5978
4143
-9843
-8233
-6550
-6802
-5424
-1878
6859
-1657
-7934
8400
-4767
705
7080
-9648
8990
6947
-8621
-566
-7125
-4925
-8827
9207
6033
-7762
8241
8511
4508
-2353
7872
-1006
-7281
102
5685
4340
7219
1217
5599
7004
9246
9540
2152
-6198
8145
-8533
-8815
-3797
8938
4481
4969
6554
2917
3536
8314
-453
-6566
-9026
-982
-6383
-290
-2148
-5039
3566
4543
-8646
-6035
3990
2953
-6607
4260
336
-5049
263
-5368
-3969
1344
3542
-3374
434
-8950
8466
9875
3953
7686
-6016
-9737
1281
-3647
6719
4221
-944
-7289
-8729
-8162
8301
1885
3431
-9680
7945
-1257
3298
-1382
-2909
-2023
5929
-408
4732
7176
7631
7284
-2610
-7082
7415
4149
-8200
5859
-765
-2902
-643
9851
8485
1997
7947
-8572
5205
-5860
3807
8166
942
8632
-549
3357
3932
-8944
-6558
3753
1867
8577
-3022
-1384
-6179
-5780
3885
-8325
3705
-1568
-1950
3681
-8159
4231
-660
-1461
5946
5845
2106
-5677
-1544
-3406
9149
724
-6254
-4953
-6294
339
2967
1255
573
-2664
3808
9194
-8409
-8730
-5816
-8586
-2766
-8645
-7961
-4829
8573
-9025
-9458
-8214
-6816
-563
-7167
-3248
4981
-9422
8984
5574
-6276
-3869
-6888
-895
1107
-9528
-8642
8052
-9928
-411
901
6520
-5036
4889
2707
1757
5485
9704
-811
-1743
4250
6608
8917
-9981
-6908
7109
-3397
6283
-818
-7220
-3888
-6978
4951
-6376
-839
-8803
9856
4019
6459
3821
7654
-1664
6910
-3847
644
-8779
-9345
1004
1345
4627
-4258
-2519
5396
-7629
3687
-7529
9155
6485
8632
7395
-4984
-8806
-2255
-38
-1387
4131
-7636
-16
-8855
1240
7238
8434
-2660
-1340
9232
6700
895
8508
7148
-1234
4177
2556
-2515
2297
-9156
-9154
-7631
-6131
-5920
7210
4684
4657
-4914
7517
1592
-3934
272
-4187
-9451
-1761
-2906
-4241
-3593
7516
-4071
8386
7129
6288
4088
-3529
8546
6580
1021
3103
8806
5557
-8630
-1210
4953
3652
-95
5976
9529
4559
4761
5851
4588
1019
4621
-6166
2873
-8092
-7038
-4083
6667
-5682
8759
-5771
3182
-1457
7129
9468
-6010
-7714
9413
-3885
4067
-5924
3515
8443
-3616
-5481
3438
-928
-3563
-8290
3822
7833
-3195
4493
-9775
-7913
895
7096
3176
5006
9031
6218
9743
312
-927
1143
5408
-5763
6477
-4123
9670
7766
-1339
4729
-8143
-4150
5808
8153
7486
5549
-9596
-3635
-8420
-5706
6694
-6187
552
3020
-4555
997
7136
4946
-9478
-2644
-8794
7595
3748
-2447
-4292
-1733
1082
2984
4111
-7849
-2537
4888
-9652
9977
-4799
1
-1106
-373
5818
-4546
-7796
8827
-5754
-7759
4300
9694
6749
8518
5068
5198
4478
-2308
-3677
-8397
5421
7475
3242
6333
-1002
-3673
8096
-5002
-8835
8655
-417
9989
-9961
-1218
1912
-939
-3422
8435
7142
-5074
-7996
8016
-8962
5741
2747
817
8684
9466
-1401
-4076
-3232
-1394
-6575
4129
-2511
-3270
-1923
-1666
-1729
8175
-1246
364
7521
-6572
1716
-5701
-9467
-1451
-8110
-7387
3219
7297
8850
389
2811
-3347
-8178
-3791
4243
7456
-7763
1532
9070
4631
-3516
-3588
-368
2769
-2907
9885
5186
5579
-6202
187
-4037
8822
5958
-3757
-9102
6863
4033
-9177
6885
-4970
-7636
4731
-1309
1920
-5605
7095
6284
-5703
3372
4044
8630
-3997
-9364
7831
883
-7917
-4120
-6711
-1926
59
-863
7870
-3902
2176
4065
4317
-9567
6040
-3920
9713
-679
5909
7623
2365
-6017
-7607
8562
4486
-8245
-7934
6694
-4684
-6936
1686
9177
6021
-8111
-6976
-1653
-880
-6384
-8948
-3091
-5125
-8429
-3125
-6649
7419
-4569
-420
-8444
-1957
7853
999
-8735
-7120
-3772
1800
4523
-33
-9741
-1866
30
-8078
1686
4872
-7070
8613
-5532
7316
5973
-2720
2484
9391
-3734
715
-8744
-7920
-2231
1791
285
9312
-8110
-2010
-7352
-5534
-6581
6346
4458
1939
4572
5934
-847
8216
9515
5291
-9197
5225
7998
7272
-3925
2536
8357
-2866
6446
696
-1614
7782
3614
2408
-3559
-6678
711
-5170
986
-6981
-3105
-7284
-8338
-377
4617
-9552
7422
-5646
-4682
190
6395
3844
1771
-3336
4323
4189
9756
-4365
-5646
-9130
6984
-5704
5828
-8182
7727
-8537
1867
9106
9696
5678
-6631
2879
650
-8482
-3679
8074
3643
9350
-3757
8213
3105
-5140
-905
185
7339
1189
4257
3710
9325
5619
-7582
-8260
1369
-5164
-5163
2918
-541
6056
3048
-959
-6163
8769
-2932
6389
4555
2669
-3660
5767
-8755
4682
2959
-1361
-6694
-8443
5345
-6244
7316
-805
-965
-6063
-1377
-1695
859
1925
-9903
-9731
2604
4481
-894
-1350
2255
-2460
458
8069
-9323
-4884
-6567
6591
1797
9285
8354
-1713
-53
-7336
4897
3698
3598
4477
3881
7349
6173
-3293
-1988
-9487
7334
3144
4499
3250
7825
-1036
8737
4276
-2740
2332
-1265
6482
-2660
1016
2257
1320
-6060
-8029
4451
3531
3260
4
-7022
5363
398
-344
-5390
1649
-472
9883
-6070
8596
910
-4876
-8759
9234
-6433
9682
5863
9520
2083
136
-8566
-4465
1959
-7011
-2256
5073
-450
-7059
8867
-3245
2135
3045
6127
-8770
7961
4499
2205
328
-3137
3594
-4376
5815
1703
900
-1295
-8793
2244
-633
4793
3507
7523
9891
-7045
-4829
8167
7036
-8958
6658
1253
-7208
-7351
4607
-2492
-5718
-7292
7542
6114
-8021
-8502
-1890
9199
-7695
-2438
-8834
-5882
-8828
-6834
1100
-4063
3251
4290
-1164
1609
1290
4971
-2089
4867
3052
-5993
4009
5596
-8613
8091
7250
8976
-8976
675
8008
-4433
5695
8511
8341
8812
5235
9697
-8480
-1864
-4151
-9074
8324
60
8453
-6950
-4234
-3893
-6350
3958
-5917
4173
1831
-1400
-3989
-2921
9302
3407
1890
1483
-7612
-8971
9833
-5321
8081
-8158
4825
-4262
181
-8946
1799
-1329
-7557
-4282
9446
6262
7933
-8057
-4210
4951
4423
2594
-9704
-5460
7785
679
6605
6880
-841
-9119
957
8239
9644
2132
6
-7563
-9720
-6881
6643
7794
8775
2665
-3882
-2294
3991
-9097
-4815
6060
-3247
-5842
8137
7304
9277
-7076
5021
9439
5026
-7867
8414
6471
-7640
10
6949
-8903
-9262
-5346
2041
-2137
-2848
4695
4560
-8006
-5507
2275
8885
-1272
-2144
8473
3375
1726
-4362
3145
-8415
-3991
9824
3415
2309
4534
2619
5633
-5240
806
6630
568
-3027
-8206
7724
-4651
-1008
-4138
-4479
3449
-3302
-1581
-3959
-4611
-4161
-185
-4215
-9339
9858
-5278
5624
-5212
2760
9891
2987
-313
4867
975
512
3648
-2638
124
-9656
-693
-748
7038
6732
-9509
-1564
4677
-1978
1350
-1782
-9011
-9036
-8467
6032
2422
8532
1275
-9594
285
-3055
3383
-4412
1389
-3434
9438
228
5261
9166
5525
4434
-5869
1497
2133
-1238
1090
-2086
-5129
4015
1498
4413
3706
-1189
-9760
-5440
-3297
2009
-4242
-1233
-1509
-4566
-4614
-9555
-1293
9469
-2136
8830
4451
2778
-2843
-9474
-7918
7786
-6948
1624
-2892
-3631
-8694
-8175
6852
-2762
-4771
467
-7372
1530
-3933
-9967
-8683
7619
-9228
706
-445
2383
-7202
6892
2914
1288
3583
8662
-2445
900
8560
9774
-7669
1113
-2862
2744
7425
-3658
8803
-1925
-4391
6870
-9653
4623
4184
2722
4166
-3145
-4394
1988
-1359
1562
9884
-211
5955
6146
-5603
4159
-6123
-1193
-879
6024
1549
7415
4629
-4059
749
6973
6571
-6007
1004
5513
-6186
1108
8993
971
3229
-8231
-4871
4465
1043
9658
-7731
2703
-2342
-913
-1915
-5954
9087
1930
9301
-5812
8928
-5715
3476
-9107
1026
-1130
-9589
2019
3038
9484
785
7233
7462
2934
3618
-5785
7306
1826
-4682
-799
3456
-5590
-2132
5594
561
-9166
5893
449
7284
-5328
5117
5891
-2642
3438
3333
3767
760
-9889
-1592
-8140
5056
3619
-6122
6952
-7633
-7502
1361
-6942
6646
1699
1480
-6392
-3114
7981
5112
-8760
529
-4974
5084
2247
-8295
-9218
7897
-8008
-2057
2800
-6645
-361
-1076
1655
-5328
-2172
3156
-8967
914
9418
-7432
-4868
-1865
-7927
-1049
4242
7303
4941
1210
3140
1695
-245
-8845
5942
6569
-9844
2721
-2249
-2344
1996
8210
-637
-6876
2744
-9980
8639
-5651
4947
-4241
900
-3360
1983
2775
-3166
4360
3334
5051
-9321
-485
-7234
3897
7967
4779
-5890
-9971
3137
-9620
-2296
6196
-3169
9532
7778
-3419
-8334
2098
3147
4791
-7687
9221
-5088
-7492
6267
4684
-6875
-798
9757
-2106
8692
4236
-6092
-3328
-9197
-3915
-342
-9925
9652
3402
-3005
5966
-1588
-4537
-56
-787
1551
8057
720
5426
-1472
964
5699
3978
4520
3669
-8054
7267
8652
58
6364
-6354
-4230
92
3577
-5164
-3567
5917
-9084
4978
6434
-5789
2823
2480
9763
6976
8527
-9403
4824
-8942
5661
-4373
-5796
-5254
7708
356
-3240
-1176
4383
-4093
-7046
2934
7588
8509
-3369
1299
-7799
-8996
5058
2852
-3647
-1236
6312
1331
5142
2309
-9021
8783
-1684
6504
9427
9420
-8884
-8562
-5929
-1879
-7125
7627
-7393
-7526
-4719
1337
9316
-1794
-2116
291
-9170
2043
2647
-4735
5419
734
6726
8273
2391
8068
4546
9289
1556
-8050
-3859
5234
-1228
-6267
9731
1567
-2186
-4428
5503
8897
-9052
-4706
5178
9033
6783
-1088
4655
-9972
-887
8323
-2216
6708
2777
-4278
-400
4864
5133
-1663
3406
-8818
-6498
1227
-7307
2028
-7033
4514
-1195
-4391
1982
-8813
3133
-7152
-8600
-4002
-4452
-9441
4877
7147
-6024
-3884
3695
-9619
-9331
8075
1240
3486
3758
4860
8272
-7433
2207
-1757
9544
-6546
4153
3718
-5590
2232
8777
9110
-9217
-3953
-5405
3650
2644
9980
3166
6539
6514
-528
-8615
-2715
8950
-7377
2578
-745
-4423
-1116
-2036
8834
-5459
5638
7274
-7155
2719
6273
138
6599
-9367
-352
4073
1522
-5569
4210
9214
-1669
-5609
9041
5072
-9709
5418
-9204
2112
4970
-1075
2999
5343
-1785
3118
-24
2036
9090
7685
7977
7434
9272
-7377
1308
1728
4183
-3446
-9669
-192
8860
9241
-3670
-403
-2013
3776
-5763
269
3168
88
4720
9476
-5028
7053
-7830
8290
-6391
-5498
-3665
8583
9189
-4260
9079
-3773
-8513
196
-5075
-7237
3544
-5742
-1102
-424
-5863
8641
6373
4197
-1759
-2406
9282
7562
4800
-5364
-829
-4197
-2017
-7213
-2174
-9256
6086
-8401
-9401
-3299
2477
7017
1043
3888
5967
-2760
8826
-8282
-2476
5144
336
-6916
6080
6490
8144
8481
-6508
-4258
6556
3388
953
1232
5000
-9387
-9336
-3616
9274
-5681
-2844
-4003
-777
8657
1305
96
-9637
9369
6292
-7129
3617
3802
7143
-3148
9693
9269
7941
6681
-211
920
6011
-8667
3839
-5283
-7162
1115
5888
-9922
-6150
4748
-6191
5516
-5366
1816
-5499
-7
5693
-3510
2743
-9119
6186
4491
2080
5374
-777
2089
-9754
-659
5919
-2991
6532
-2231
5433
-2090
4200
8899
7741
-5863
6476
3378
6906
7209
8032
-9332
-7749
1100
-2963
5181
1899
-3597
6677
-6462
6274
4148
-9686
122
8803
5018
-8587
-2877
-7323
-4452
-9497
2301
3150
-3686
-480
-1361
1995
8839
-7758
-7545
-8235
7685
3393
9075
-4087
6653
-7637
5574
1710
2290
-9640
-2154
-3847
6678
1190
4884
-588
-6351
2801
3310
-8018
-2814
-183
1340
7636
8182
7314
1877
8744
-4778
2824
9710
7127
9245
-3112
-3334
-4408
-9246
1524
7544
-1835
-6013
-1974
-679
-8233
-2983
5671
4083
73
-3561
7552
-5595
-4310
-8310
-3433
2268
-1569
9601
9428
8224
-7072
-1024
-7785
455
-9639
-3908
5230
4595
-5262
-3365
6833
6651
-2083
2101
-6567
-9521
3249
8898
-8756
-519
6674
-2459
3164
-3757
3380
-6433
5769
-2598
-7467
1242
4106
-6132
4774
4391
-7045
-6782
-5597
2903
4714
-4481
-4494
-2930
-5492
-6507
-6061
6552
6676
7118
-9555
7686
618
-4419
-9713
8991
-640
4205
644
-8051
-5648
-247
1298
4376
-5104
-3589
2409
-8977
7988
-5595
3684
6368
-1166
97
609
-2746
4493
5437
-7653
1141
4196
2776
1195
-4777
-8706
-1700
-9386
-1831
-321
9971
-3381
-919
-2762
1176
-2919
1515
560
-8175
-1070
6925
-8228
5175
7952
-3112
7937
-8682
8072
-6935
-9205
4450
368
175
-7081
8583
4554
8139
1868
9242
-2267
-6623
-633
7993
-7958
-8284
5075
134
9170
-5061
-2329
-1579
8107
-7921
-1556
-1520
5153
4346
-7213
9710
6782
9241
-6932
6550
5416
-9006
-3480
5987
-2930
4783
-4748
9943
-4086
-7331
9160
6377
3388
-5220
-9096
6362
2691
3673
5058
-9203
4370
-5225
9114
7329
-9472
-49
-4783
-6009
107
-840
5782
9619
5788
-2400
2744
2733
4925
6001
-5307
7917
-9849
4412
1729
1361
1234
1179
7378
-2022
2471
6503
-8588
-4217
-8896
-2522
-6316
7243
-9028
-6602
1119
-2666
-83
3674
-9495
-4255
-2506
-2335
-2148
-3918
6924
-738
4851
-4727
4178
9869
-9857
5293
6619
-2743
-4765
-4567
-7081
-3639
6077
-4943
4374
-7583
1867
-9936
-3611
-1801
8500
-8550
-5315
3695
-2696
4147
828
5221
-7793
-3340
6381
-2281
2826
8879
-1898
1084
7568
-4381
6121
7562
-604
3044
-5607
5291
-3682
9769
-6705
-5074
-5305
7354
9160
-5324
2221
-9049
3804
-1450
-9475
-1866
-7779
8000
-7334
-1205
1398
-630
-8873
3094
-6612
883
-4699
-8282
7425
-3757
-4255
-4748
5361
3232
7528
1535
4226
2251
-3978
9643
5508
3564
3794
5702
5954
-7919
7003
2766
2165
-1573
-1249
-9128
7782
-4133
-2194
-7473
3020
2765
-2850
-6141
-5710
3566
-1586
234
2163
4219
522
2768
-2630
3828
5297
1218
616
9388
3025
-2720
1565
-6098
-5068
-8426
4746
7603
-3283
-1628
-7401
6145
3501
-2151
5419
5191
6256
-5902
2083
-9252
8478
-2559
-7102
-2532
9430
5496
-4305
-4141
-8236
1860
6588
-9353
2656
6481
4190
9319
-9451
-8913
-337
9737
-8552
-3251
9463
3312
-7221
-3178
3836
-776
-119
3421
-3426
2593
-7780
2025
5265
4797
8191
-6356
96
6136
-6163
-2551
9619
8946
-4122
-2545
4579
1922
6031
-4444
-3947
5404
-7608
9024
6296
-5822
-4721
-3314
-1466
-2850
-3257
9429
-1762
-4280
3590
3719
5014
3570
2271
7705
8516
2921
2992
2702
-6797
7363
2508
-5606
7540
-463
963
-4291
-6949
-9137
785
3572
-8786
8815
-9019
-7638
7374
-8561
-3738
1738
-7922
-365
-6313
-1911
-8573
2917
-4543
-7823
-5546
-7719
-8189
8580
-5818
5873
-2374
6958
5049
-2462
-6607
2015
6950
-9055
-8718
2709
-8856
-1173
8913
-3690
-4036
1358
9406
-9388
1317
-3293
6556
-2016
-2692
-7413
8004
-7126
3788
8153
-4369
8900
5007
-676
7988
2769
-5137
4531
2640
-7376
-7230
-8661
6690
-9410
1778
-2966
767
1628
-4913
-5104
-6889
7361
6210
9358
-2629
-3373
6820
5918
2704
-869
3533
6383
2590
8105
-3862
4333
768
-678
4690
3589
5030
-8000
-720
-2793
8391
-4744
-6198
-6637
-4562
3076
6842
-8187
-265
1273
-333
-6943
-6211
592
9264
9372
-9466
87
1116
-9675
7501
8825
-1197
-4174
-4290
-3144
855
9827
-9138
-9371
-1950
331
-2259
-2385
4312
-1324
-6475
678
9654
5319
-1641
8301
-7090
-2390
-7809
9446
-8703
-7526
-5977
4660
-7358
-4811
-2216
-9038
1458
6267
-3492
-1053
316
609
242
3128
7337
2516
7459
-3787
1923
-6900
9267
-7506
9674
-7291
1497
-5700
-7784
-5128
2902
5505
-5999
-9944
-5924
2369
3137
6656
-9773
-4477
191
254
-4254
-197
-4749
-3334
-7869
7155
-422
1560
5438
4329
-1912
-5018
6440
-9693
-8548
-9496
5533
9055
-7577
1407
1104
6213
5920
-35
-7374
8141
3166
-8335
3060
-7474
-3301
9326
7098
9433
-8156
-3045
5666
7885
6131
-9132
-8621
9197
-7995
-3979
5879
-7716
-9220
-3082
490
-294
7176
-6594
7837
1557
-5694
171
-4083
7027
9302
2900
-4299
-8823
-8461
-7024
7008
-3479
5853
9002
-2369
-55
6483
-1828
9479
1736
129
8533
-4287
9226
-677
-3109
-7004
6020
1653
-7802
6200
-2480
-508
5736
-4564
-4868
-4646
-7247
-5373
-4587
-6339
4475
8897
3248
-8628
-9568
-972
-1287
-8419
921
4326
-4720
-3364
3442
2444
-4590
7179
-2401
2337
-4539
-2777
-8736
-282
-8853
-6896
-6353
-7197
2789
-1781
7458
5734
733
-716
1380
-552
9153
-1474
7544
2639
-2810
-4130
-400
5022
-9023
-3377
-2545
-5336
9941
4338
6659
6401
3330
5744
1636
-4190
111
4982
-8798
-5820
3402
-8789
7387
-8190
124
-217
-1855
3238
-6161
421
-9964
-6412
5398
-8165
9178
3013
3413
5281
8533
2248
-6394
-8698
-5850
-2268
6661
1577
228
-3595
-4560
-2395
8868
-1910
295
-6547
8062
4974
-5675
653
-2060
-8155
-4153
52
-7797
6034
-5353
5502
2570
-203
7468
-1384
-3371
2361
-9081
-9248
5643
-1701
-5774
9953
3309
-4615
471
-2012
-3564
-7492
-6532
-6241
2165
5773
8551
-5465
-4457
6109
-7110
-5902
265
2861
-3039
1740
9382
-6386
1436
5027
-1911
-4234
-9041
-5942
2098
-1161
-3851
9329
2568
8842
-2983
9035
-1711
-3929
9020
-3470
515
-9546
1924
9935
-2631
-1353
8523
-8197
-1882
-5927
-260
-6054
-6113
-3224
-336
-4864
6178
-9440
-8306
5656
-2151
-3728
-7633
-1592
-1042
-3254
-2706
-9068
8421
7885
765
-2410
-182
5893
-414
-3475
-5554
-9882
1651
2022
-6833
-1862
7799
-250
1305
-1559
-4134
9009
7845
5001
-1106
-9875
-6925
5408
-6645
1865
-9514
-6331
5639
7443
-2961
5913
3239
-654
-4853
1805
-3082
-614
-2265
-7526
6907
206
3588
3148
-1356
-1670
815
-3875
-8927
-3542
-5605
-9288
3706
1313
-9406
7596
4153
-1903
-8153
8153
-2056
-9304
-2343
-8962
5460
6466
-5203
3100
-8505
6861
-2802
6666
2150
-2967
-8688
3592
-3947
-2791
9292
-117
-8392
1566
-3846
-7708
-8532
-8173
-6656
-5028
8069
7638
-2505
5826
-9055
-9477
2778
-376
-5699
6003
-4612
7504
-947
3423
6146
1282
-9159
-6367
-5500
6762
909
6392
6549
7578
6371
2427
-4287
9362
-5985
5588
-4350
-6290
-5834
5379
4246
-2076
9639
5054
53
9603
-370
2046
-3391
-3710
1169
-5716
9803
-8586
-3068
-5177
8554
-2315
-691
6247
6058
8553
-7953
-8844
8436
2976
6531
8265
-8481
4699
3833
-8192
5396
741
5624
8409
9188
-1540
8434
6122
-5866
-8704
4028
-535
6295
637
-1364
7817
171
-9100
-6281
7129
-6295
8880
8170
8654
-807
-2249
-7986
-4357
-6145
-2606
7131
1831
9107
1020
-2889
5940
-5966
4731
6543
8133
-9684
5404
-6298
970
-2297
-5756
7204
469
9464
4218
2406
-4155
-3455
1317
-3944
-6504
-6576
-7580
9710
7305
-4460
-8811
2378
-3669
9176
1413
-4416
1339
8219
4720
-5246
5270
5777
-6240
-4263
-3722
-2232
-8223
5207
-9330
-9246
8719
896
5751
-2878
-5027
8981
8523
-7099
5436
-4818
-8485
5818
-8010
5414
9602
4839
-9795
-3468
-1907
-8596
-6915
-9410
-3452
-797
3149
6950
-1580
4580
-4704
6956
3820
2511
-6409
9923
3678
3749
-3879
-8808
4337
-9122
-6939
1043
-1391
8625
-2471
8942
-7495
9239
8416
2995
2230
-8435
6917
3918
9861
5554
-6125
-7523
7257
-3463
1652
-883
-9281
6018
-6245
-7398
-5536
-376
6883
8166
7922
-5605
9269
3342
224
-8540
-5710
8527
80
4982
-3113
4919
-2718
8616
4474
-8589
-4750
2448
-7948
-4341
-8996
-9348
-7131
-5272
9356
2536
8181
9536
-4131
-9332
-626
1035
-9702
2396
3041
-380
-6734
5660
-9786
7418
1360
4391
6955
5260
2192
8456
513
424
-5465
-5169
8373
-7265
-2036
4532
-7073
7708
-8592
-6133
8085
283
214
3541
8647
-1148
7682
-2990
9477
-4561
5676
7608
7433
817
-2562
1863
6241
6070
3032
-492
6436
1231
6447
-4860
6648
-6600
-621
-4510
-5513
-5758
-5770
-7684
6949
-5446
-615
9788
-377
3485
2152
-1308
-4537
7534
-1632
966
3956
5167
1
8842
-2700
4006
-927
6779
5107
3270
-8635
6255
4012
1781
-5517
-5856
-5604
-6676
9725
3982
-5309
812
-5771
-7767
4776
-7743
2858
-5271
-5310
4877
8168
5843
5417
9021
-1719
-6252
8778
-2359
9495
5211
4280
6996
5310
-2930
3344
8311
3797
6227
-7186
-8707
5423
3418
5461
7164
-9055
7509
9188
-8044
-1077
-6291
-4227
7678
-4579
-3555
1805
-1243
-4504
6658
-5650
9264
3232
774
-3917
3536
-6939
9394
1515
-769
-241
-8789
-6467
1183
-5439
8165
-5522
8569
-5607
7042
-2534
-8953
3166
2872
982
9068
-2328
3140
-6701
-5887
5834
8637
3120
8241
8864
-9809
-3496
-2764
7044
8628
-1261
-9399
4571
2340
-843
-5602
-8104
-5954
-7098
600
3124
-3940
-5738
-1735
-1362
3055
3827
4655
-1325
-9986
-9367
9377
-7243
-8071
-5899
3024
-3606
5961
-2022
544
4183
-7165
8640
-1574
-535
-5273
-3643
9133
1356
5399
-1924
-5724
8547
-1767
-6037
7202
-5191
-5334
8039
8806
-7236
-2575
3808
7205
7531
-7068
-155
3239
7973
-3770
-2567
5834
8345
6683
-6631
8434
6760
8075
9214
-2428
-7538
1761
-6568
-7662
6971
1996
9900
3062
-4841
4938
-6206
-7120
9254
1699
-331
1397
-4885
-6262
-695
4736
-4037
-1450
7762
5799
9632
4766
4261
3650
-6688
8228
-2787
-1044
6213
8210
-3097
-2848
-9693
1267
6391
4726
-8232
-2965
4708
8613
5554
-6802
9345
7996
-5951
-3265
-1014
4841
-6671
8560
5723
1555
-4929
-1507
-4386
1740
1925
923
9884
-1279
6385
2757
1072
-6572
-7176
7603
5398
-7036
3840
-870
-3779
7610
5939
-121
-5885
-3848
-2362
2196
5236
970
4571
9191
7457
2574
-6537
-9918
-6614
-4042
4258
-7810
-6556
9438
-3491
-3742
9603
-7720
3868
-530
4938
-2465
9115
2602
-2895
9780
-7820
2574
-2280
-3930
2323
-6814
49
2631
-2911
-6787
6451
7658
-7545
-844
-450
2107
4495
9284
3123
1132
5737
8311
-130
2859
-5504
3340
4914
5828
-9586
-2443
9470
6264
-4051
1857
-9428
-913
7371
-7895
-5683
-4353
932
7974
9898
5676
6514
-9254
-3688
-618
6326
-8041
5923
9625
1812
-5876
-9700
5914
5684
-7273
2865
-5803
7782
-3154
-1109
-1546
-3608
-7822
5019
2319
-4251
1559
6061
-8119
-1041
1038
1727
-9816
-2546
8706
9769
6586
-9145
-693
6913
-5605
5521
4612
2851
3938
-7511
8291
2623
-6433
-2300
-1151
-2422
-9842
-1899
1609
-6246
7319
-5150
9511
-2520
8201
-7044
-9556
9253
-4942
-3060
-822
2851
5109
6241
833
-109
-7665
4658
-5873
6480
2913
-7737
9443
-3024
-9991
-1993
-3490
7270
2469
7887
-2336
8377
8014
-4856
8739
9050
6688
9390
706
-2258
-6177
-5871
2573
-4793
6508
8030
-6154
8250
-135
2470
8981
-8680
-546
9701
-7142
3870
4571
8802
-2634
-911
-9401
3276
4527
4628
937
-6712
-5817
7780
4449
5308
1228
-7741
-1828
-4447
2557
-8012
1847
-5561
-4502
-3988
-8205
-8045
