6904
1
985
6764
-7575
9958
1678
-2722
-4361
3043
340
-1777
-3440
-26
4029
-7683
-4073
1445
-6545
8630
8159
2624
1917
-4581
3379
-7400
6286
-1169
-2310
-9311
-5763
-6729
8812
-2619
6567
469
676
-9673
-5583
2858
-9742
8986
7283
-8890
3398
-5677
-9760
-254
-574
7566
-6006
-1210
-7932
-52
6086
-5964
-8293
-4146
-6352
-4860
-3639
9074
3710
-7610
-1719
-6206
2736
3756
-7113
-6832
-2895
9597
-3546
1853
8555
2371
-6322
-8222
5385
-460
-3156
6089
6332
-7680
-7909
-9730
9787
6034
-8708
762
3747
1115
-9159
8828
-6891
-6971
5151
-9005
-4619
3250
-3527
1713
-683
-1864
6504
-8522
-8035
4446
-337
7553
4192
-2426
1165
1565
-965
-5382
8183
-5461
-8083
7287
-6464
7150
3704
-4143
-5127
-7388
7819
-9918
-10
7531
2726
-6640
-8227
6180
-1664
-9467
8612
-4453
-7278
-3984
-833
6536
-9085
8283
-8567
5978
656
-3777
5473
9198
-1219
7484
-5572
-785
-4124
9176
9606
7029
1687
-7849
7520
727
6616
7062
747
6991
-1611
-6905
-6808
9418
7533
-8919
-9052
-2957
7814
-8271
-6218
9623
-9335
3332
7927
7785
2873
767
-493
9837
-278
-6529
8623
9758
7598
8909
-7355
-4972
-4779
-7137
-4401
427
-9848
-5681
4799
243
-5165
-5029
-4885
9956
-9660
-3927
265
-9790
9917
-3260
-3237
8798
-3668
6827
-9488
-8499
3447
-5742
-261
8323
1793
9884
-6600
-7841
6626
-2052
-3025
1918
-5765
-329
-8738
441
8857
2261
9461
4973
-2347
-6968
4510
2193
-3621
2204
-1391
-3063
-7871
2795
46
-5615
7875
-9776
-8629
-315
9928
4288
8718
4112
2776
3448
-1739
-9414
-6802
-5960
-9919
-9494
1040
3418
-3998
9361
-3934
4526
-4722
-4780
1329
-9868
6917
5811
7819
1204
2536
5000
731
7140
-262
1401
6386
-4127
-7905
-1126
-6137
2127
-8005
-2132
-5179
9518
3670
-1709
7994
-6832
-8913
3088
-7438
-9288
-1533
-8152
6376
-5130
-395
-3691
-4796
-1137
-3628
-1953
-3317
8989
-9153
7264
-919
8326
8779
9657
7690
-4764
8421
-4278
1211
6649
3856
-4181
9901
-9548
53
6997
-9817
7703
9815
9108
8010
-8639
9310
-3741
473
1103
3187
-5250
6415
-3514
-5097
405
-245
5144
-7177
230
3949
7060
-9312
-2550
5049
-3266
-5782
9488
-5308
-6503
9398
7850
-6111
-9298
7994
2626
5475
3091
4977
8152
-1024
2828
-2996
6681
-5806
1007
8135
1933
-1678
7035
-1011
-6836
3394
2915
-9567
-902
-4157
-5366
-4417
-3522
-2256
1872
-3885
810
846
4161
7869
-5614
3467
9985
7667
-6337
-4418
-544
1878
-5595
8753
7008
-4182
-1769
-198
3888
1999
-1573
-8650
5161
-7265
4503
-3251
1766
4462
5725
-4974
-2424
-7885
4786
3824
188
1740
8062
-3064
-9184
7273
6472
2635
5839
6639
-508
5800
-193
-5775
-4481
-6004
3172
1148
7869
8086
-5329
-5620
7782
-4549
-816
6837
-9260
2864
543
-9755
5009
8483
4018
1002
2335
2106
7495
7377
-3377
7793
-2338
5255
5386
5463
3371
9477
-3747
579
1402
-5185
-6402
8299
7918
-6644
-3284
-8541
2489
47
-2124
7164
-333
5172
-2032
-9026
4464
1895
7746
7450
3267
-3912
-9528
-5895
-7899
4024
7635
4638
-7128
-3690
-2256
-9460
8798
8997
4896
-9003
9308
-2622
8654
4720
-4412
-4116
-5080
-9286
-1972
2440
7029
-3263
-4025
-7578
3107
5192
-5008
1543
-9387
6259
9454
4955
807
-8535
-892
942
-3747
-5657
4488
-2357
-919
-3705
4559
6347
4448
-2823
-2244
-2177
-5779
-5641
1423
-3599
6699
1577
-879
-4517
3884
-3819
-7255
280
-9590
-7975
-525
-5966
7534
-7350
-5975
-2014
-2979
-5921
1029
6539
8668
-2916
-8419
-2106
-9646
-4452
-7659
5586
-5984
6876
9032
-4393
-9859
9216
8665
-5488
7576
-5156
-9692
1705
-4022
1018
2306
-9305
-6770
-9534
8189
-6042
-2188
6813
-7731
-2912
-2834
3207
-2695
-1549
5667
-1954
179
1594
-3299
-9865
-9052
-4908
4457
-9871
-3990
-6341
-7523
6841
-8104
6831
-3276
65
3033
6716
7618
-4146
3488
9739
-6596
6642
4450
-31
-49
9871
4906
-7954
881
2304
-5922
7009
-9744
-7917
8577
-7994
-1301
9204
-7286
-3523
5853
7674
9669
-6588
7072
3988
2027
4763
6074
-3257
2293
118
1985
3454
8
-8579
-5277
-4602
-8100
8748
-3480
-1976
4903
775
1149
-568
-9652
9895
-423
-6694
-304
-6835
-7662
2190
-2089
5694
-9271
2974
5611
6390
-6815
-6909
5692
9122
-6813
-5354
9913
-5213
-6803
964
-8064
9895
896
-4692
-1219
-2920
-2958
-4285
-1052
-1943
81
-8171
-6272
141
8140
564
-5903
-8026
1285
-7063
8306
-4585
-1634
7565
-1189
-4365
5421
9674
4853
-6344
7221
-714
-3589
-8527
2470
9854
-6035
-973
4026
5759
-6442
3808
8840
4989
-9777
-1700
-2150
6129
2414
7180
-1411
9020
-1178
-2874
-6258
-4411
-6921
9843
4290
9678
1
-5377
-2848
4033
-3968
-5976
8501
-337
-3743
-7283
7089
4391
-8565
-6961
-706
-3718
-6093
4567
-2988
-9639
3270
5352
-3715
-6823
8714
8639
6624
-9819
-5072
-9997
1435
5746
4358
-9222
8215
791
4503
8688
-6816
-2800
-7954
1190
-9190
-2548
2339
-9529
8042
-8884
1888
-5324
-3054
-703
4090
7635
-7812
-7364
-171
-1827
-4145
4432
6677
6452
8178
3596
9603
-4815
-9853
-1002
9369
-6220
-8763
1707
-4100
1101
1661
-3736
3883
304
7990
6377
-3392
-5369
6300
8397
9023
2672
-168
2148
4260
-3324
9326
-2424
-753
-9675
5271
5071
9530
-3795
-386
-977
-1322
9117
-6637
2464
1762
-4421
-4723
579
1719
-678
3155
-4186
-2648
5673
9842
1956
4428
4847
-8053
-7770
9305
-9220
-6250
-1342
-3604
-4774
6608
5538
-906
6424
-5546
-1738
5530
9014
4102
-307
3924
4765
-450
274
-9408
-7947
4564
2706
2322
-3433
4799
-9334
-5523
-6763
-6556
-1529
-4334
-101
2632
9787
6448
5544
-4296
4057
-1804
5776
-8830
-4081
-61
5118
5879
7665
-3692
-7227
1295
4589
-3813
-6759
-3852
703
7853
8198
3940
-9268
9828
6918
4853
-1827
-5077
4453
-6370
-8268
33
-5213
-8646
-3531
9004
6508
-7645
-2179
-6117
-3708
1337
-5726
-5985
-6362
-2994
9309
8941
1820
-1200
-3060
1062
5913
4504
-7128
2074
-5161
5409
-3424
7109
-1058
-4169
-2056
-109
-5337
-2419
-7825
-7437
192
-1783
2169
3271
-8353
-2455
-2442
-7473
-274
4604
4685
3294
5302
-9793
-7008
8667
7624
-7939
-8700
-8456
6260
-1300
-1142
-5917
8262
-7351
-3182
-8162
-5677
-2659
-435
-2927
6796
9757
4049
-7109
9874
-288
190
-2221
-3344
8528
1748
-2531
3236
2952
-1768
6467
5490
-8309
8956
-404
9601
-8656
-6290
-5211
-5357
-7462
-6972
-6733
4831
972
-9393
9488
8396
5387
9289
7271
-2718
-688
8495
9315
6576
-7741
7129
723
4194
8148
6018
1994
-1546
-2718
2134
8468
5500
-9360
-6062
-2461
-6272
-5466
8440
5720
208
4705
-1924
8675
5298
7372
-7811
-9137
6639
1767
1166
9184
-1894
4125
2930
-770
-2488
-1408
-4111
6717
13
-8999
-2976
-2551
-4506
-8997
-3285
-9424
6468
-356
-2100
-9037
8947
8965
-8031
-1412
-9523
-540
1964
-2355
9205
-4998
-2675
5012
5637
-3914
-3513
-8102
6409
-7776
2505
8818
-3071
4093
5101
7758
4434
-5890
-1456
-660
-8597
-1050
-9208
-1706
-6553
3113
4406
9358
-4587
2135
-2770
8462
-1139
-2196
-6234
6057
9142
-660
2542
3107
-9175
9487
3675
4584
2447
2033
-2076
-7276
5995
-3044
5910
1959
736
-2598
4199
-9387
8759
-713
-6236
4864
-4478
6993
-9569
-3044
-4994
-8553
-2627
-5960
8313
-7757
7734
-279
2489
5466
3352
3894
-528
3799
-265
-8345
3181
-5874
-6622
-997
7042
-5275
9545
-2624
3308
1514
-4602
4321
5520
-8165
3774
-1223
7856
-2306
-6234
-3778
-5743
3685
1032
-3599
3690
-6943
9642
-6592
-4430
-5162
3487
-1008
2427
-3106
220
1588
-2398
302
7375
-7942
-9784
-5881
5570
-4123
9467
-7210
-8892
3749
-9886
-1739
7016
-5951
-222
-5097
-4316
-9752
-2834
5078
6275
-1457
-7064
8875
-8783
-8852
1477
-4007
7200
-3712
6116
-848
-7888
-154
5111
7894
-6742
8619
-5261
-9150
3390
-325
-6594
-765
5861
5320
-7227
9688
-1254
7517
-8808
-2316
-8744
1552
3531
-1236
8390
556
-1305
-1528
4561
-1130
-9319
9216
3761
6295
6831
-6267
939
1425
-6381
-3801
9389
-559
9728
2570
3724
-5025
-2340
-717
-2447
9653
-659
8258
5513
-7492
6964
1924
-119
4069
5293
680
3551
675
-2949
-2804
-5661
-3326
5167
591
1915
-9965
-8650
1121
5004
-2086
-4428
470
-7621
712
-8544
-2214
8777
-3545
9160
291
-7936
5141
76
-9120
-5936
-7397
9910
4097
9948
2468
-1501
-9127
3221
-1364
2566
1023
-9098
7820
-4660
3728
-4955
-1678
6958
-7807
-2855
3185
6118
5585
-2161
4754
5766
-5823
8797
-7016
-8060
8682
-4386
-6345
3687
-4916
-5425
-1207
-2692
9300
4341
342
6550
-6996
2693
-3274
-463
7241
5252
-8765
-3650
-8557
2448
-5547
-8610
-7651
9887
-5021
9474
-1226
8471
-4560
5302
8973
7742
-5037
-7523
-7968
-5716
-4792
-4151
480
9347
8482
-4862
-5122
2779
3108
-5210
789
-6418
2131
2675
-1232
-7367
2242
4779
-3814
338
1028
-5104
-8730
518
-5331
3955
-9524
-6455
253
-3440
-2499
-7897
4621
-3479
1325
-9702
2637
-4306
-5472
980
890
-8583
-2333
-7821
-5801
980
-3307
239
-6251
-291
-3173
6361
1724
6260
-4438
-1832
-3131
8453
8351
-7068
-3801
5783
5730
-5515
8351
-5713
-4363
2155
9036
9054
-1436
-3900
3085
-3282
-5190
7990
-2656
2844
5238
-2339
-4508
-8925
8155
-725
1578
-2790
3801
7611
-8345
8514
-7485
-5306
-287
3497
1068
2477
-2202
4163
9413
-6953
-7596
51
1667
6326
-7006
-8927
-199
-8965
4796
523
-8186
4208
6803
-5284
2937
-4502
9545
-2105
4
9596
-8804
9099
-9646
8745
1592
-4334
-5507
9649
-9052
-5695
3151
8670
-2685
5919
135
-4710
-525
-3833
1356
-3138
2620
-1515
2834
-3978
4735
-5152
-7314
-7421
9256
-1111
-5377
5428
-3564
8304
1073
7632
6335
7605
-3321
5079
-7110
4912
-108
-5455
3767
4524
4036
2104
331
292
6267
-5957
-6946
-1914
3671
-5845
-4961
-6791
-8230
6757
9023
-3925
-6778
-8026
-4258
-8191
-8953
-8000
-4685
-1555
-4317
-5128
-602
3866
-9642
8731
-6408
1150
-4172
524
-1183
-174
-5456
-2825
-8167
-2590
-5200
-116
1098
4850
9629
-9357
-4610
7401
-1820
-1825
6840
4870
516
2806
8516
1460
-8002
-9083
146
-6279
5166
-9959
-3456
-4573
-8863
9721
-5356
-9912
-4983
5095
-8854
4037
-8104
-219
9526
-6443
-2402
-4053
1412
-6407
150
9591
-6340
677
-6248
3235
2479
5730
-8262
3701
7960
9603
6009
-2166
9380
7787
6548
4415
-9450
-5818
-1933
-85
-745
-8685
-9505
-3064
3212
-5073
-5099
5311
-7171
-3508
-6461
-3717
9895
6122
2473
-6746
-6744
5786
-7313
9911
9772
4579
348
-4758
-5443
6698
7915
8817
248
4346
6075
7094
6367
3453
-8224
8881
-361
-1447
3484
1115
-1523
-3780
8873
-48
-9531
4567
8137
-1956
-3370
5633
9292
-6121
-8518
5880
-3177
-2081
8198
-6189
8397
622
-7321
2023
-4829
2076
5794
9645
6889
9199
702
-7332
5861
-5201
-9867
-322
7883
-7482
4992
-5630
-1156
-6287
4490
-5681
-2274
-8337
7101
-8475
-3385
3932
-2903
5485
8451
-6237
4502
8138
-9911
-1263
6462
6011
3054
-2618
1107
-6140
-5640
-1683
-6003
-7370
-4291
6854
9816
-4901
4157
-4458
7953
2101
351
8266
-4306
3468
-9461
-9879
5591
8887
7803
-2813
3921
1918
8495
4345
5538
439
-6447
8445
-3091
7414
-1365
5493
-5295
-3001
-2950
-375
-3942
-2172
6760
5345
-3522
1765
-9804
-4343
-4002
-7648
8253
-5799
82
-6382
1954
-6161
-6642
-7149
-877
-4813
1812
1222
1562
4594
9315
5981
8801
-8864
-7328
-8210
7880
-8943
-3368
-1809
-4301
6088
639
9912
-9416
351
7549
-8896
9685
-1673
7640
-1945
3977
7756
3861
-9931
-3068
1475
-5285
-8189
-4771
4474
2836
9816
987
-3768
-4362
5293
656
-1732
2250
-2859
-2525
9835
-8812
9383
9435
5392
1539
-9843
-3649
-2367
-3322
7248
-4198
4376
-1678
210
-1297
3662
-5998
-1066
9377
-5252
-6491
-7759
8319
-3491
-2475
8344
-2446
-4708
-4958
-3770
-3907
3500
4256
7031
-4987
-3041
9481
7585
6558
-5615
-6272
-1962
2792
-4213
-5166
-4839
8343
-976
-1399
-1216
3819
6118
1841
5929
-4947
-7872
-6369
-1112
6191
6015
-7883
-8142
743
5189
9090
-7036
7705
-8118
-8722
-6793
-1826
7121
5114
-9611
-9000
-4261
8031
7402
-1812
1942
-328
-8849
-9145
-5168
4879
7591
7803
-5056
-2944
3790
-5986
-4672
551
231
-8980
-9495
2865
-1413
-2428
696
3630
6217
-3337
198
-2204
9157
-4246
-4127
5440
-2765
2199
-4861
-8304
5191
183
3187
88
7681
3973
9208
4840
4197
-8023
5024
-735
4239
-5600
-6263
2919
6773
-2267
8032
8093
9015
-1872
5537
-6410
9885
6282
-4741
4412
-4426
-6928
-6556
1981
-5741
-5697
-2378
3817
-5271
-6577
6076
-170
736
-3071
-837
1996
9304
-888
291
-9979
8733
-5393
7125
5275
7151
6891
-7760
9726
835
-4545
566
-9009
6974
4146
-3337
-4309
3254
-5745
6982
8312
-854
6876
-1606
7042
7289
-7616
175
-1799
-3471
-5617
-3578
8154
-3818
8151
1723
-9920
-1951
-2464
-2254
6993
-2477
6110
-3087
-6823
-9730
-7327
-9290
4153
9477
2902
2652
4806
1427
-1387
6339
-9319
3307
470
3776
-5662
-3818
9720
5353
4439
7215
2486
6094
3170
-2296
3985
9501
9213
-3914
-7968
8524
-4368
-8086
-7673
-5276
-4491
-3232
-4069
-6288
-4805
-6983
-2232
-478
-6809
-1666
9049
443
-1811
8873
-3116
8476
7117
3881
2638
3759
2646
-1574
3799
8193
5611
-5349
777
2718
4155
814
-7197
6708
577
5924
-1213
1677
6124
2431
-9848
-3112
-7987
5535
-8312
-7334
-4238
-6180
3762
5180
2863
-5930
8746
3362
8249
7951
-9440
-5886
-3298
8912
9886
-7854
-4819
-722
-2298
-3947
2072
6123
-6170
6625
-4772
-6761
-4424
4992
-6251
-5025
6037
-2315
-681
-1149
8155
-4743
-8871
-1472
-2743
3760
5825
-7779
2291
-9710
-3139
-5946
-5302
6386
7396
-7529
3274
9597
9680
461
8726
-7253
-9204
-7235
-4697
-2180
-7675
3896
3929
4505
897
-3835
8861
7843
-3395
-3852
-8884
-5432
-4318
-5348
-2710
-3227
-9543
9658
-7582
-692
3213
-7425
-1820
2804
8155
4880
-8560
-515
9934
-9861
-7778
-546
-4348
-6111
-6181
9640
9463
-1388
-2081
4171
-2504
4418
6068
4140
-132
4880
-3562
7580
-7280
3538
-9399
7725
-4844
-9790
-739
4832
-6016
-6064
4688
5158
5447
-4330
206
7744
8629
-9574
7133
-8858
-385
3288
-4526
8007
614
6655
-3689
6415
-2560
6350
-8743
4127
1584
-8228
3187
5480
2260
-8902
-8373
3052
-2032
-451
-1216
3204
-1173
-5916
5250
-9774
3662
7527
-7796
-4556
7363
7924
-2846
-2015
8071
431
-7992
4409
5911
9359
-4612
-697
4342
-3928
5474
5894
-1682
917
9764
-3808
-8748
6065
7271
1498
7722
-17
2740
-8895
4273
-7003
-8709
2576
590
3530
-5692
1509
2809
-2073
8217
-7106
-3239
-7515
-3527
-8244
-5346
-1860
-7409
914
-1469
-9040
-5813
3945
8178
-2816
7716
1295
-9667
7109
-8085
7331
9823
1012
9426
-7818
5901
8458
-6018
-735
8261
644
-7475
1282
4476
5953
-6081
-8594
9623
5010
-8879
-4975
-9693
7018
7695
6971
5506
2352
3732
-3733
9910
4800
-3444
-931
3523
8309
9723
-18
883
4226
67
-3423
9616
-7584
-9987
-8893
-7673
8611
262
193
-4301
4542
4364
-6588
7401
6574
8624
4992
8454
-2437
-2409
2241
-2585
-8545
3086
-4081
1729
-1567
-6527
-5808
9792
-5881
-9378
-8338
-5311
-3179
7567
7153
9994
-9684
-1
4681
1223
827
-4164
-3099
-3056
3455
-3774
2806
-3422
-6392
9498
-6345
-8241
4063
-601
-6219
3664
8716
-4133
7603
962
5494
8742
-4848
-2568
-9604
-5150
7481
5379
7904
6335
-3279
9230
3299
8161
5101
-5759
-5230
1425
8387
8976
-7660
8141
1564
-5456
-5645
5965
-5135
8611
4172
7861
-6671
1890
-51
878
-2075
7313
8733
4798
-7037
-5975
7384
-2221
-7570
-6255
-709
-3575
-2255
-9904
-8235
-9563
-9222
5009
7291
637
-4716
-6865
7919
4470
6775
5151
1961
-2189
-8270
3326
6543
-376
7274
-9639
-803
2702
2387
-2632
-731
-3349
-4431
6630
-4339
-5746
-7387
-2379
1341
2128
-9233
-4475
-3580
1459
8857
2342
1331
-3534
2892
7812
7599
-7748
2867
8416
-8470
-1519
6570
5772
-3293
-2095
1819
4136
6597
6078
6003
-2239
-119
-6868
2461
-2427
-9862
8871
198
3582
-2221
-6527
-1674
-9133
-2444
2528
-2968
7370
-4277
-4437
-9251
6067
-9032
3064
-5830
-8515
7374
-2164
-80
-3352
-8225
5873
-6864
1748
-4633
1531
916
8717
-9073
783
-4446
-1838
-7617
8566
-2468
-5308
7183
-9927
7121
6710
-612
-9999
-5090
2033
-948
4467
-978
3737
5134
3572
-7712
1096
-9553
-9152
2810
6184
-7726
3550
-5406
780
2222
6899
7033
-7
-3973
2195
-817
6597
-5307
7687
-5528
-5116
-324
-7232
-1447
-4328
5933
5295
-4897
-3610
-187
9178
-5840
-2344
-3915
1525
-7147
-4716
-243
-825
-8828
3056
-780
1806
6530
9962
193
6935
8237
-1715
-4288
-3281
-9047
5308
-2160
4956
-579
-3856
-5027
-851
1315
9787
-187
4304
4367
-9233
1754
-4595
-5113
8442
6755
7763
-1184
-8297
2716
8212
3146
-5392
-3790
7700
-5496
5911
9260
-4543
6557
-661
1912
-4944
-1060
3915
-4227
5687
-8965
9413
8944
1750
-3744
-4602
-8807
8913
-5478
6566
6545
9498
6519
3467
8042
-6032
-241
3586
-1669
3541
-1082
-6976
739
-97
-4825
-1779
-4035
9717
5356
-3906
7437
-735
-9644
-1463
-9903
4357
-1640
548
-5316
-2226
-3534
6320
1795
-4216
4834
8872
8384
-7321
-2868
-7133
1596
8983
9031
9189
76
5821
-3956
-3165
-6240
8723
8302
4430
2319
-255
-8992
-1494
882
1610
-6731
-9620
-7135
-2805
477
1382
-5935
2193
-3393
-8953
-8664
2116
7649
7119
-9507
-5932
-9156
5548
9497
636
-2961
5948
6574
4631
-2816
3242
-8637
-810
4194
-4959
8300
-1113
-4402
1343
-7782
-8956
6892
2277
-465
-6923
9038
-2707
-9324
-9031
-3594
-3600
7308
7627
-9893
-1205
-2729
5440
2389
324
-2041
2780
-9142
-7168
4308
1107
-3082
6205
2780
7612
-8599
2769
-1719
-8792
6592
1655
5885
441
-5743
7696
7398
-641
8863
86
7727
-4538
-5515
138
2284
-8743
-4664
4491
9886
-7943
-3180
-7633
-8544
2865
1300
5737
-7999
6564
7695
-7789
-2166
1053
-1369
941
1437
-7983
4637
-5662
-8491
5103
-6489
-8733
-1709
9801
9905
-8364
-9349
8916
2899
-8316
-1278
6212
-790
-1851
-8295
8507
-6032
-7517
-3177
3430
5331
-935
-7639
-7729
7984
8097
9848
-5695
9655
7943
7991
9468
-5934
-33
636
2777
-2460
-7336
-8526
-9219
-566
-6621
-7191
7313
5320
6952
7180
-3358
-3359
-7904
2144
4794
1170
-8195
5763
-7150
-9729
6444
-1059
6295
-1540
9478
-4738
-9838
5457
3297
-5445
-9532
-5635
3570
-9356
-618
7203
-1979
-8819
9905
-1486
9263
-2812
-2717
-7351
535
9632
9359
-50
-579
3176
-6016
4184
3625
3446
2324
-6686
844
3324
6941
-6697
6461
9217
4485
5623
9170
-5429
1488
-626
-3847
6552
-9397
-4289
9492
-1932
-3024
-8012
2094
5180
2256
-578
5553
6458
-4244
4668
6716
6649
-4759
9266
-4175
5078
-3611
7945
7930
7304
-3245
6300
-8040
42
-9120
5360
-3116
-9415
7793
-9334
6761
1717
6496
-5136
3530
-8332
-6726
-4194
8724
-2850
-259
-7111
-1198
-4321
-74
8634
5432
9248
948
-8266
4295
5725
7746
1886
3031
4606
1175
4397
-794
-9737
-9464
-1378
1302
3220
7287
3045
-3553
-5852
-9937
4183
-6113
-9521
-7277
404
703
-2640
1120
-3916
-9557
9206
5450
-1362
8454
-2140
4132
6962
-3697
7156
7224
1743
-144
-8240
-3869
-2740
8517
8698
3218
-100
-2478
610
5702
-227
-6500
6592
-861
-3054
2401
8778
-4313
-2740
8674
-7715
7674
5074
-5305
3823
-6253
7357
1717
-3579
-2576
-8126
-9440
-55
-358
4568
3267
-1249
157
-8711
-4102
3253
9209
-1991
6556
-7448
-2836
-6922
7955
6745
1754
-2242
-1542
-1203
888
4670
-5061
8567
6886
6638
9342
-5242
-9024
106
7548
2652
-206
-5286
-2172
-9524
7013
-5768
-1777
-9643
4900
-5770
1752
-7405
9240
-3228
-7353
1095
-5633
7652
-8292
-9606
-7039
2427
-5013
-3705
-4887
-5899
9315
-1096
-3108
-8304
7344
7242
2020
-4505
3404
5424
-6010
9112
-9247
-2316
-8038
7225
-46
8669
4206
9172
-9882
-5702
6663
-9480
2607
8687
848
8826
5285
7693
-597
-6567
3243
4575
8769
2525
5370
-6396
4050
-2000
-1508
-7509
-6015
-7231
5482
-6312
2136
-1963
4975
2575
-4879
-1267
7369
4622
-9670
-6465
-6726
9643
3720
-5079
7184
-1251
-1031
9237
7723
-1186
-4469
3393
2053
7590
4639
9938
-1095
5464
1776
-3533
1377
8977
9172
415
-9867
-160
6133
5625
-1134
4594
2147
-1863
-6515
5558
331
3629
-3203
-3150
8747
9419
-1388
7661
-4975
7155
2702
-1168
7
3714
-763
1923
7573
-7472
-4378
-7059
-5704
2180
4217
-3348
9185
3925
4427
-9326
1995
-6181
-4344
7163
-6505
3110
-8957
7927
7201
-4999
-7538
4407
-6594
-8453
6643
9765
-5435
-7143
3380
7908
7797
1698
5049
-2879
-5517
2305
-1297
-8598
-4319
-6852
1794
4998
-5225
5187
-6750
189
5888
7882
7469
-7734
-668
4154
417
-2886
-2101
247
-9186
2455
1884
956
-8348
1
2720
6047
-937
967
915
8723
-9969
-5944
4186
-4051
8335
8610
-4708
-9897
-5368
9663
2773
9053
-8991
8998
-4758
8564
-1910
6889
-6274
6064
-6364
-3488
-1291
-6689
-726
-6558
5687
7213
-5383
-9146
-9678
-1130
-1672
-6362
2206
-5123
-8086
8203
8643
-3124
-7268
3444
-245
4195
-9504
6438
-3878
5500
4936
6329
9945
9098
3089
-9259
8545
-4784
-6046
-7430
-8349
-2234
6034
3093
7403
5309
320
1211
425
-5048
-9343
-4969
3534
-6306
5948
9218
-7457
-8229
3512
521
539
5380
-3656
-689
3377
-8797
128
-7554
-8223
-7425
-7412
-4890
-7377
-3753
-1764
5135
-4218
-6593
-9371
3162
3165
2190
-6736
-2154
4043
-6735
8467
9148
4661
6326
7745
6141
5515
-8713
9142
-1267
-9818
-6649
-8005
-4063
-5932
-4206
4531
4872
7023
3545
3165
9199
-3416
5784
-9556
5986
2299
725
-3926
-837
-6734
-8418
9323
5844
7369
-8553
-5002
-9484
-3556
3146
-2156
277
-8042
9674
6499
2133
-4519
-9907
5049
2198
-2822
-5660
-5382
-9144
9918
-3461
-9449
4831
-9024
-2746
2021
1412
-2153
-3405
9560
4336
-1354
-6051
8219
5745
9794
7521
-1266
5043
-6515
3323
-4857
169
-1234
2316
8737
4138
-8274
1393
9593
-8537
1135
-5437
-2323
7902
5933
8511
-5542
-1328
-3027
-3044
5541
-581
1381
-5338
6380
5422
-7766
-8631
6857
-2691
6065
-8327
-2171
-5369
4849
-1597
2896
-6267
-821
-4003
8701
-1443
-8177
-7266
-2260
-2695
7684
-409
3427
-2900
-4331
7241
9025
2679
7967
8034
5175
8238
2367
-7114
-9384
9563
-9553
4257
-5007
2170
6306
3889
8911
7400
-6
-1880
7045
-7142
-5373
836
-7214
-6668
-8666
4949
-5630
-2671
7848
-6131
4091
423
2234
7142
-2268
9838
6726
6697
9202
-5652
-9745
8891
5805
5358
3242
-5359
9798
6768
4332
-8373
7483
-4486
7294
4648
8493
213
5852
5010
-6875
-6833
-3154
3030
-9965
-2198
-2248
-4502
441
1380
8437
1589
4069
-5811
-6691
-2071
-852
-1933
-9242
3169
-616
2186
-8171
-7897
-5876
-2541
-960
5275
9585
-8574
-8283
-2690
-9234
902
9887
8107
-6017
9238
953
-7236
7768
9930
-9118
8384
849
-4339
5496
-2116
-6687
7354
7154
58
6869
-8867
-8680
-9731
4210
-3826
-9858
-3016
5545
-6793
-6101
2382
4589
6583
1057
2540
7544
8639
-7613
-6420
9278
-1056
-2329
-425
-7209
-1644
1083
7713
-7595
-362
5364
2008
2113
6603
8796
-565
9964
-4274
5608
9465
920
-8666
334
-4661
4496
-8510
8281
5488
-6588
-1471
708
-7748
-3568
1723
-7542
-1185
719
-7468
-4945
-4875
-4174
-5425
-2606
6775
-1113
2194
-8521
8114
6110
2034
7420
5267
-7462
-8130
-1198
3549
360
903
-4575
-6067
3109
-5559
-9488
9878
3035
7865
-483
-8645
6412
-3356
7066
-8832
4088
-5585
2072
5292
-6500
-6678
-4742
-2072
3197
-1052
9182
230
1097
9552
-5085
7416
-1518
-7051
4211
5301
9958
7818
1942
-5506
6099
9743
7919
-2955
3788
8952
-8334
3507
-6664
9629
-8023
-8072
-9604
1171
8222
-3912
5465
-3249
-9289
-8698
-9132
-2940
-5520
-9262
3435
-6907
-5176
4715
-6761
-2662
-8186
3836
-3901
5674
-7134
-689
-3191
-538
1925
6800
9315
5088
-5740
-3761
-71
-5572
-2571
2107
-5661
6430
-8808
9483
1722
1731
-3128
5304
-1841
-2902
6612
5071
2341
-6659
-7063
-2383
7045
-1679
344
-2576
3073
-1782
6677
-9358
-8688
-5998
-4225
303
4235
6566
3652
7078
2279
1368
-2136
357
1226
3575
7917
-6786
8770
4587
7101
6984
-322
1403
497
9011
-8205
-9632
4780
9996
-5988
5765
9790
2048
5548
7445
-7519
-8183
1693
6689
-2716
8504
6356
7780
2749
-1530
-6970
6732
-7554
306
5019
-6455
-6212
-4947
-3057
142
-5413
-9921
-5620
-8032
2548
-9763
-7476
2847
-5500
1446
-6308
-2392
116
9811
6779
-6598
-1051
3571
-1554
-5540
-9446
-8631
-2425
-6146
-9943
8328
3573
3339
4583
756
-677
-4768
3117
7734
92
-7558
-8734
-4069
-7984
5883
1640
6282
3248
7234
-2863
8685
8005
-1741
6552
9652
-5144
12
-3929
-2018
-5676
-1461
-6494
152
-249
-1034
8972
1428
303
-6801
-2046
9602
9043
-9290
-4052
7727
-3162
-8104
1793
8346
-6323
6485
4578
-2392
9985
3237
-8758
9748
-684
6236
9921
1959
-465
2398
-4279
4414
-8565
7221
2173
8220
-1608
7054
-6920
8659
-1191
-3335
1112
-263
3420
9315
-990
-6005
5349
-9109
-1525
7664
-6926
-1972
86
9847
6375
-3085
-7516
-7597
2714
-8545
-5230
7560
9051
-7444
4878
8373
-3367
-2946
-9420
3735
-5302
7496
7547
2768
938
-8279
5561
-1642
-1373
-2958
6273
5374
-4546
-2478
-1520
8035
7298
-1925
-6055
-7126
-6696
607
9105
4297
-2390
-5054
7021
-1103
5062
-3251
-4355
5937
6979
-2682
1680
-226
113
-1209
-5525
2918
-8722
-1188
-6261
-7545
-6764
-6480
1164
-8915
-5466
2095
2132
-6894
7294
-2900
5461
8402
-5454
-7957
7003
5879
8577
3783
-9135
7408
7531
-3123
7218
2560
8407
-8221
9980
-2906
-550
-7337
-4474
-961
-2677
2184
229
-7440
391
-6683
-7948
3923
-9304
4722
2327
-6116
-7717
-7840
7476
7008
-68
-2639
630
5196
7351
1155
-332
3831
4918
5292
3285
8905
1468
-5732
-7613
-9774
7778
7041
8805
-3335
1573
714
3825
2623
-2854
8927
-7453
-4534
4361
-2113
4384
-8299
-2161
-5956
-7006
7838
-4738
4898
6660
7689
-1179
1133
-9426
1697
-7229
4031
6054
6150
-6560
7166
4151
-4023
-9458
-5850
-676
4457
3808
-566
5310
1212
-4855
-9241
9243
4615
-7993
8390
664
3737
-2805
3171
-3148
2688
7836
4261
5904
-404
-4965
458
8131
-9750
-2194
-4043
-1593
-2225
-9222
2044
-4780
8389
-5907
2006
-6836
8795
6413
8484
-5323
5145
6030
7148
-102
-3696
-1881
3529
-2782
-3598
3398
-6490
8382
-2020
9898
-3816
-2172
4266
9462
-2955
-9960
234
-2660
-8563
2672
4715
-9185
-6806
-8585
3542
-204
-174
4684
373
9444
-8850
-1130
-6856
5468
5814
8798
5822
-8739
6475
5426
3990
-4458
-1271
8608
-1436
906
-7678
1631
7302
-6738
8833
262
3752
2781
-2862
-5231
-8725
5032
6069
-2506
-1304
739
6983
-3180
8892
-9357
159
407
-4426
3552
627
-6195
4718
-3346
-1545
7533
-1583
-1333
841
-2546
2328
8684
-4289
9872
4351
-1662
-7823
-7952
-1169
1524
-6849
-8808
-4883
3323
-4744
-3318
-2443
-3168
-1010
-5387
-1541
-9417
443
-922
-9742
-855
-6837
2443
5050
4752
-7697
-7668
5123
9418
7027
-3584
-4568
3993
-4274
7392
-6506
7074
8001
-9839
-3667
-4322
-345
5135
8590
2248
-7763
-554
4595
-3462
8586
4141
4062
-1430
2469
968
7193
-3850
5704
-4868
-2323
-1575
9268
4238
6003
5095
-5531
440
-5291
-2745
-9546
3500
-7785
-1027
5110
7206
5831
-7715
-446
2829
-8879
5802
8579
4916
-1974
-9633
8155
-1303
-6356
7630
4294
8154
-3870
-3160
-9699
6996
3626
-6333
-1472
9094
-1344
-3255
-8394
4901
3440
7484
768
3645
-1227
6117
-6725
6368
6718
-3259
-4260
1725
-8091
-4262
-5083
-6189
-6776
-135
3869
-9990
7448
-8603
-4595
-1671
9768
-8549
-4221
-4074
-2126
239
-382
-1316
-4874
-6147
3223
-5362
-1997
-1276
940
9564
7218
7000
5558
-3876
-4872
9358
-1127
-4700
-409
4433
7696
-5076
-4846
-6186
4604
3387
-6773
1311
1245
4959
-1232
5763
-502
-3869
-3825
5486
6147
-2500
5786
-6983
-3750
-8442
-1048
-198
6384
-6361
5223
2477
-6160
-695
8226
-3640
-1250
3899
-5612
-604
6187
4946
3982
-9307
-1901
-9264
3470
-5118
9904
-6451
5684
-4510
-6557
-9895
-6075
-9050
-6785
-9072
7989
6773
4329
-4329
-4147
-9968
-7935
-5810
-5396
4712
-9734
2564
3304
707
6510
4548
-5428
6760
-3316
1438
6310
7044
8310
4337
8419
-8834
9283
-9802
-8408
-5082
9537
8015
2618
6924
2370
1775
9107
3117
6328
5347
-4975
5472
5163
-3146
9499
2551
6404
-5696
1709
-916
-5366
8066
-8889
3951
-1000
7598
4765
5924
-7107
284
764
-9513
8377
7856
-5658
6884
8565
3010
-6516
-3597
-3244
9012
-4225
2862
3642
-7394
-4592
1679
-4404
9802
-8306
3072
-2824
-3483
2256
-2249
-1654
5964
5873
1353
6801
-524
-2528
2768
4328
8282
2435
-7531
2227
-1406
-5807
5653
6101
-8566
-7114
9213
-8485
2200
-3245
-8448
5650
4418
3446
-2852
6340
-855
-6360
1090
1802
5016
2098
-900
-8079
-3856
5982
872
-8604
5639
526
-8398
-6433
-8667
8827
-6001
-8030
3384
-7111
5035
-9221
-3520
163
7673
-4114
-6192
-4701
7415
5252
1976
3778
5491
1226
7503
-3657
-4585
3308
-6537
-8401
9306
3158
8299
3607
1071
-6373
-3097
-835
-9144
-3953
5317
3948
8927
-3304
3666
-2911
-8248
9860
296
1114
-9091
-1892
-803
6568
-4856
-7161
-9867
9299
5009
5135
-1108
-5743
-9214
-1686
6163
-551
9558
-6874
7051
3343
-9339
-9543
9645
3359
414
4644
-548
9512
-1979
-7239
7354
2623
-5383
8216
1724
-5239
845
-11
3480
-8782
5533
5201
-4985
-2150
-2045
1875
-2180
-3760
7724
-5251
1828
-2825
-6363
-4850
-901
3703
-4431
21
-6443
390
8458
115
-3420
-1221
-9065
4167
-8
9015
1540
-9221
4789
-5749
-8719
3884
743
8855
-3675
-7208
2320
8963
2476
6829
7424
831
-9705
-6280
9589
-3419
-1140
2763
-3067
-5239
-6789
-4351
-8993
937
-2149
6329
-8103
-9794
2826
-3185
5873
-5496
-6472
1141
7341
2747
9568
-6916
5692
-1974
6480
-6957
1539
-5895
6400
-9976
-5811
9224
7068
-3005
6578
-1022
7888
-9915
9852
4593
4641
1933
8327
2639
9584
6252
-642
8756
-7618
1452
8463
-677
9900
1213
-2387
-7150
723
-8657
-9637
3674
2614
-9509
-9323
5196
-7223
4010
9524
8432
-9238
189
3599
-1529
9340
-433
2476
-9750
3194
6323
-5516
-3232
6492
9044
7975
-5994
-2775
-4309
4516
-7555
-1659
-1586
3735
-4945
8588
1663
7347
926
3570
3781
6619
9302
-8112
-3185
6508
1167
7329
3590
-4409
-9804
-6261
-9122
3093
3464
-2498
8150
7530
-8310
2258
-4824
6603
3939
-8657
-7635
-4791
697
-968
2156
7010
-7421
-6433
6747
7532
-2431
-7231
-8935
7999
698
-9022
2037
8032
-909
5792
8845
-8576
36
4662
-5944
8807
-8795
-7024
-4154
-6401
-9739
-7269
8807
-2998
2305
7264
1203
773
543
-7025
2542
4989
-3256
-3048
2592
5437
4240
9373
5028
5901
2970
6720
4547
-5520
-2467
4683
5072
6435
-8002
-8127
3062
-2717
5580
-9222
-7774
-3353
-2927
-826
-7975
6414
-1032
2144
2324
8630
3687
-6351
4322
-9430
4953
-8233
-8575
5528
3325
4005
7240
-6192
4406
-8686
-5366
-3897
-2644
8947
-6042
-3301
-3249
-790
-9312
1602
8577
3423
2702
7124
-7188
2795
5013
4983
-1235
-6655
-5750
-4769
1265
-1055
9166
2237
-5696
-2525
9903
1250
2162
9752
2645
-6571
8315
-1396
4097
9205
-8840
7984
1610
660
5724
-3294
-1065
6587
-8807
1496
2334
7513
-2258
9212
-1902
3444
1422
7709
8195
1546
-5068
2771
-7706
621
1722
2869
-9152
3994
-5206
-4487
5911
-1204
4430
1229
9025
5320
-3831
9983
7965
6766
-6697
-9401
8582
6454
-8077
-9035
7882
1357
9402
-4865
-1010
-6951
-9697
9106
-3502
8567
4939
5107
523
-4134
9431
-4571
7417
8047
-2341
8768
-1532
4764
8122
5792
-5592
4291
5628
-3732
4284
3688
2726
-2456
-9737
-1350
3922
-6304
3143
-5846
5291
4277
-2921
4979
4272
-9783
5269
-668
-3853
9931
-9412
2684
7898
3021
6265
-468
9267
5540
-3016
8281
-6244
5396
1549
1973
1792
3250
-3853
9170
8220
7010
1558
7278
2357
4742
4925
-9184
3768
4899
769
-7475
9413
387
-7561
-5326
6755
-2122
-9752
3778
749
6405
2588
-4887
5809
-2140
-8415
6703
-9116
-8403
-7040
-5935
-6553
966
-6882
-8923
4677
9315
8756
-8352
-8469
5498
-5123
8911
8834
-2841
7844
8559
9186
2226
3336
4343
6759
3632
9568
1655
7998
-8048
9189
5396
-3051
3305
7861
8000
-8709
3641
6974
-7376
7903
2464
-8497
-1210
-5203
9546
6341
-9130
1812
5805
1611
2925
-3420
801
-5847
397
862
-1973
6539
5173
464
9288
-5467
8278
-3519
1823
7912
9338
-4289
-5935
-3288
7367
1105
-2861
-5559
-2500
-3796
5490
2708
8385
-1224
-5777
-5914
-10000
8030
7856
-9124
-2866
-4336
-7825
-9493
8871
-5153
-1479
-9235
3932
2659
1304
1554
6938
-5430
-9192
210
-4255
5998
-9911
1327
-289
-9867
-4362
-3937
2284
3839
2026
4791
3098
-6977
-2328
472
7909
9035
-9253
3600
5805
-4981
4135
-1224
8761
9056
8927
7865
649
7708
-8564
3673
1660
4199
9811
4660
3299
-2837
4877
5089
3863
6540
1495
8458
601
3168
-1713
8106
-2402
-7574
-1826
1209
7117
4356
1916
8225
-6332
4406
-2201
4097
9986
-9838
-2756
-3645
-1967
4173
6448
4544
6735
-5702
-9699
8709
-2122
-5079
7450
-7116
4797
2638
-23
-3732
-4729
9100
5886
3611
1019
-2858
-7259
-9359
-4429
-4084
-7693
7358
6080
-7256
-25
-9578
-1665
1396
-8270
-3399
3431
1815
1667
-9633
9221
-9690
1903
-6763
6808
-4358
-9236
-4596
5579
6222
-5569
-1971
-833
8141
-2057
-8738
8296
9768
-6671
8620
6450
8634
7909
5071
-8853
1991
-8919
-3072
2168
-4450
8154
-289
-3495
-4599
-2808
4492
2906
4546
2172
3833
5828
-3618
-811
-9287
-1355
193
-6806
6153
870
-3266
-382
-9715
-6365
4231
5066
-192
6255
566
1344
2910
-2095
-160
-6800
5587
-6135
6002
-4209
7265
5380
-819
9827
-7436
-4538
-2734
-6178
-8216
-355
7345
-5691
-2041
-4446
5342
-588
-8085
8978
1003
-5745
8998
7249
-2654
662
-3763
8647
3471
-7660
4835
-3094
-7222
2154
-3426
-9863
-1582
-6557
1815
3525
5646
4643
-1060
-81
-6812
-462
5728
4349
8944
-899
-7242
-9707
-9639
4636
-9425
2947
-1662
733
-3730
-6802
1729
-5305
2316
-2490
7923
495
-9542
-29
-1521
6888
5784
3429
-2142
5352
-6167
-7045
-9121
1015
-8553
3051
2237
4641
3105
9942
-2754
-2469
-7612
3023
-698
-2680
-3551
6661
-8245
-1582
2445
9810
-2838
-3970
8183
-6999
1620
-815
-7075
7456
-1911
-8224
1848
597
2944
4675
9325
-4223
1937
-1524
2757
-3873
3927
2054
-6622
5777
8543
-683
-6881
41
9385
1309
7232
-6266
-3897
2726
5247
-5190
9812
6018
960
-3593
-1180
1390
8065
-2005
-3422
4053
-3621
2759
-2006
4280
1148
-4117
-2338
8680
6261
-7240
5289
-7430
8720
-6990
7583
-8664
-1716
-2034
-8569
-9312
-7746
9528
4138
-9800
-9843
-9856
-9075
-8297
-3743
-6913
5773
-3175
1468
-8966
-3823
9435
-5615
5802
-6516
3193
-5012
5762
-1849
4095
7797
-7021
-8462
-4423
1174
5161
3669
-6869
-453
6398
-8209
5862
-335
2585
-665
418
-8565
4605
6254
9380
6708
-8530
-5460
-6042
1585
4781
1709
1937
-9537
-2667
1096
6723
-8259
9306
-4322
-4530
-9308
-1027
-1190
6426
-4726
6636
9554
4749
-2487
1049
4464
9971
-6216
6119
8664
3249
-9921
1880
-2947
-9223
3961
8394
-6963
-7160
8709
-4772
-4914
-6318
5629
-5934
8266
-2088
-5933
4962
3959
6391
9252
1564
-7095
-1366
6053
-4038
-4651
-6217
-6402
5907
6579
-1571
-7186
-2003
7187
9602
-2878
-630
7113
1375
3817
6614
-4087
-11
-1832
-5643
-1316
7878
-4048
3713
-1082
4289
-5748
9010
4021
4993
4671
-3848
-6837
2280
6355
-7075
-6463
-3300
-1252
5421
-3679
-5522
3221
9860
9272
-2893
4558
-5681
8511
-8708
6664
2594
-6349
-3015
-8555
3367
3007
-1946
-2322
-1866
1612
-3723
-5293
-3980
1137
9231
9648
-8325
-2390
1835
6443
9925
-2292
7974
-6607
-7180
-6183
6993
2423
-3528
6398
2232
6096
8753
-5533
8839
-439
-3656
-7803
4577
-1603
-1658
-3256
8967
-7963
9735
8811
-4275
-1251
4539
9354
-1793
8165
-3146
8410
-4334
-2987
9251
3452
-7097
2596
-1638
-2004
-7939
9700
5105
-1764
6505
-2698
4355
-7825
3456
-714
-8132
6995
-4702
1237
-1241
301
8187
-6048
4926
9926
210
5169
9120
616
-5395
4406
-7627
7925
9061
-7803
-31
2914
9365
-3134
3533
-8709
1980
-9929
5348
6556
356
-5339
-6108
-7207
9050
5691
4029
-9312
-3665
-4322
2275
6698
-5162
-3001
-9895
-9126
8346
-3175
1078
-9891
4165
2879
-2630
5442
-1987
-6340
-8637
-8819
2224
-6372
3599
4573
2816
8959
3177
-3124
-6188
-9501
-5410
9033
-825
4237
-5079
8426
-78
20
2751
7783
-1375
-8163
9334
-5594
3181
-2060
9781
6108
1774
-9316
508
4731
1110
-2663
8789
-1193
5116
-2399
2800
489
9603
-2585
-490
-5511
7095
-9097
-5258
-1437
5966
-4302
-4441
-1105
-7313
-2237
8306
2818
6247
-2608
-323
-9582
-6556
-8594
-1086
-6483
-8684
-1169
-8440
-4133
-2628
7931
-9941
5023
1106
-521
6860
8552
7303
8240
-1581
-9574
-4408
-7229
-2299
1677
-6794
-9120
-887
941
-9837
-9708
7595
5368
7331
-7400
375
-7191
6860
3439
-6651
272
-6130
4952
-4815
-7256
-8683
6713
-3261
-7290
-5937
-9049
-3429
3058
5432
-5321
4515
3882
8214
-7944
6364
-5026
410
5913
-786
-1320
-6071
562
-5665
9266
7619
1585
9521
-8626
-7694
4568
-6014
-1603
3468
7806
4860
-8267
1540
386
987
-7914
9353
4086
-8578
8495
6414
5327
6712
-9324
-1305
4327
-5572
-2888
-1467
7120
-5876
-4331
3859
9414
5714
-739
3599
-8720
6136
-5259
-2879
-7577
1914
647
-4388
-3470
-9241
9323
8890
-1528
4817
7460
-2518
5961
-3874
-4037
8659
5521
9193
1220
-6407
3194
-5905
-1753
-5751
5425
-2456
-6432
-5755
879
-7239
2740
-3965
8044
8697
-9922
3946
2673
-297
-5670
-9991
9041
-9487
8141
-7879
4890
4702
7857
-3056
-5454
-4772
-9000
5165
-6595
9593
7566
-4774
7949
-7740
2470
-4959
1649
-9639
-1684
-8301
954
-9192
-5724
-2712
43
-3273
-1211
-9100
-5727
1730
1311
-7364
389
9835
-607
-9361
7500
-5538
-3681
-5123
-5339
2308
-1432
4743
-8608
-6494
-9808
9587
-3585
5857
-2725
-6979
6945
-2999
-6744
-6476
-9037
-9610
6035
-6630
6386
2403
1847
7140
4713
3399
-2056
8678
9533
-6580
6477
6616
7665
-1343
-3819
-4698
-1657
5338
7173
1109
6526
7094
3614
-6870
904
8497
666
-2442
476
-7767
3557
-980
-9491
-4156
-7945
-8564
-8375
9851
-9736
-9237
-7158
1480
-7981
8886
1155
3817
4327
5727
1079
-5133
7392
-8006
5820
-3208
1815
8887
4150
-7076
-891
-7693
-5488
-251
-2247
-2655
-9398
1521
-629
-2447
-8861
4173
7193
2078
4672
-384
-721
9047
-451
2140
3334
2473
421
6412
7845
9822
2741
-5318
3455
-7127
-2813
3075
-6397
3263
-4805
7687
6430
7792
-3621
508
-8681
-8725
2967
-8027
-5868
5344
-3564
881
-7289
-1906
-1152
-1225
-6830
9879
-919
-3000
4905
7922
42
-2796
-7396
-2517
-6032
-8231
-9491
1206
-4431
-6317
-7203
-4030
8705
9306
-5183
-8001
-5736
5918
-748
-8491
2285
-4767
-2441
-9946
439
-462
-6692
-3732
8157
-3043
6813
9407
5484
-2393
-4699
-6119
1759
-724
-4496
-718
-786
5288
-1964
-1788
-8949
-1202
-2083
249
-7893
-8122
603
2721
7357
7333
1219
-3702
-2021
6018
7546
8357
9356
6324
-1209
-1416
-369
9228
-5511
-5828
4118
-6491
3595
-8614
-8410
-9208
5055
9526
-6915
-1633
7563
1768
6806
-761
158
-7965
5693
-6939
1011
4071
8789
3616
7397
2081
9613
9580
4294
8937
-9648
-1351
6312
-3976
-5688
6151
-7816
3114
9294
-4466
-7906
528
8947
432
8556
-8324
2828
-7471
8126
-420
-2921
7560
-4590
-7501
9632
8722
-7615
-7253
3334
-4493
5801
-583
-4381
-8341
-3846
4506
2241
-1475
2928
7343
-6526
3830
8581
6484
5131
8952
-3149
-5792
1667
1588
1891
3971
-7609
-9691
1280
-7063
336
-7454
-201
6773
-6191
8022
228
-4164
-8279
-8253
-7591
9493
-5876
-7084
6637
-7745
-9610
-3390
-2482
4327
-612
-4396
-812
4576
3359
-1237
-2658
-6828
5958
-1459
-1007
9189
773
1746
-2634
-344
6452
-6008
5932
-214
-5762
4075
9042
-9581
-7476
690
5798
-8902
-9630
7588
-6768
-9143
6265
7198
-6087
-6619
6125
-4724
1126
-9874
6011
1590
-5842
-2412
-5205
3530
2059
4561
4800
-676
4588
3337
140
9752
4167
4929
1143
-8105
288
4929
4880
-334
-74
-1940
-1851
-7314
-8441
-9916
3977
8770
-5570
1020
4085
-4403
-3813
-1792
-3694
-4306
2930
8407
-8959
4397
1707
-8965
-7550
-7390
2107
-5759
2001
8017
8201
8601
-3355
2235
3064
6238
7981
1863
-1114
6784
-4229
-6174
-2891
2442
-7871
5915
744
-3189
-9778
3165
-4512
2171
616
-5583
-2846
-4839
-8841
-2612
7223
-423
-664
35
5970
-6802
8086
9750
-6344
3137
-1929
309
962
9501
3892
-1866
6002
-1692
-5543
6929
1213
1830
-5702
1106
-1292
-5980
6034
-8900
-7715
6959
-3390
3158
6246
5204
1384
-9334
5664
-9212
-4942
253
6947
879
-6984
6807
8710
-5684
-5204
4469
-2475
6178
-6720
-3250
-9102
-4490
9804
-3044
-3796
4598
-8475
8946
-420
6822
8289
-8335
-5110
4366
-1156
-9141
5357
-8089
-9965
-8506
6530
-1850
-1946
6001
-6379
-5495
-5597
-4899
-1764
-5314
2158
-609
3793
2172
4158
618
8722
3913
9485
-267
-3093
5582
4518
4813
5772
4610
5820
6568
-3798
5207
-2192
-1340
-9750
7097
-725
6410
5778
-6571
3501
-8408
-397
9107
6830
-7736
3681
-442
1933
491
-3525
-4133
-5598
-978
7524
709
-1351
4805
3835
4819
5190
313
-635
-1949
-9419
-6825
-3549
-4710
351
-2827
5461
-2856
8256
-7214
-4228
9525
-9921
-9928
-5846
-9704
-8891
-6230
-3313
4299
-6960
-725
-5641
7620
-856
-6578
-4965
-367
9345
687
-741
9889
-7040
2944
-9615
5803
-686
3072
9160
-3286
-5374
-2599
-9841
8031
9442
3528
627
-8143
1958
-3965
-2584
8734
-7870
-8559
-4813
-8449
5573
8367
91
4389
-5558
-9609
2747
2897
2372
-7541
-5149
8587
-1737
-682
-5169
4101
8520
-2116
6368
-9304
6758
-8573
-3996
7934
-1498
2089
-8901
-3010
9056
-4856
3343
-5466
3171
-2048
-9371
-6812
-3799
-1255
-5265
802
-361
-1998
-876
-6305
2048
-6145
-4436
7796
1310
-8453
6843
-5477
2792
-7671
