421
0
7989
8685
160
8426
6903
4544
2999
1871
6028
9744
8874
8685
5081
5935
9173
600
2470
1648
4768
1689
1301
2594
822
3208
1159
7988
8087
2087
8895
8981
7840
3341
6460
5888
8237
7518
7486
696
7216
2007
7159
350
4191
9567
1173
4909
3697
4566
3035
4593
7252
2343
3521
4039
5020
6465
2331
180
685
306
1879
4789
7939
3625
438
255
3795
6991
3517
3662
4978
6290
3307
8735
3298
2860
131
1129
1469
5030
2897
1364
6515
3643
5612
8615
9528
827
3951
2341
1580
3575
3492
7404
1994
7853
3978
4928
1086
1790
7458
9024
1984
8453
8529
3997
5216
9760
4964
3754
6852
7708
2354
757
5666
8074
6962
3440
5420
8651
6639
8514
5769
7579
6875
4435
3458
4767
6039
8090
334
3194
7460
6661
247
3523
5267
9944
2002
6057
2265
4282
6364
4081
7081
4898
4492
1091
9204
2037
2282
6597
9919
8518
926
3229
4244
8948
8774
2988
3503
2323
5274
6441
244
5580
3562
8237
2466
8981
7335
856
9876
8328
5397
3900
7647
7635
375
5999
7034
1567
8786
6918
2364
4657
9583
7076
3370
7774
1841
9769
2944
9903
8391
4547
9657
7720
9330
2156
6707
9979
7864
6464
2448
1757
3286
4267
6699
5739
6150
1039
9128
8414
8973
2601
1631
4831
6853
8738
8529
835
2489
5716
5207
3378
6129
9518
7195
7910
3750
3810
802
2734
3025
917
4266
5676
4155
3072
5603
9137
8913
4415
2712
9639
3407
2789
323
5779
3986
6056
7925
3974
5416
2518
7156
6245
5667
1599
7212
1400
5026
7379
6145
9424
7567
7772
1322
412
1708
9682
9497
9680
9837
8295
4616
1842
5990
4418
1301
8480
297
7721
5367
5945
6793
1158
433
1231
3422
3365
4458
2837
1422
3136
7830
7283
1029
1625
2097
2558
9381
1283
2050
4305
7344
5620
2635
3954
916
13
2758
5482
1533
6228
307
2666
176
5574
5622
6003
2533
2126
8675
2560
5834
9632
4755
3412
9096
3387
4931
6146
1012
6512
2379
3375
5735
768
1888
3053
363
9112
1016
5693
555
7614
9226
3163
1900
6162
9480
902
6371
7553
6712
8103
8809
5260
5319
8083
976
8059
1339
3801
2480
8675
6541
3182
2011
8604
4470
3
9081
786
8454
5014
7653
1943
7229
6231
6559
8455
4990
1427
2342
9143
8280
2639
9483
2553
5687
2903
523
3830
2283
1264
8378
2801
1891
6178
5843
6992
7274
8768
5527
348
2086
9256
9186
6434
3272
8036
2147
2747
9798
4284
6480
2412
1699
