1810
1
4911
4516
2726
-9801
3793
-6092
-3359
3953
-1174
9384
6589
-2282
-3374
7482
4075
-6480
3328
9939
7973
5083
1886
-212
-4278
-5345
-4453
-4266
-4237
-7821
636
-2254
-7567
-7749
-1887
-6602
-5594
-4304
-6463
3771
6524
-1995
-2329
-4252
7778
-8368
-5903
-7704
9389
3477
-3514
-9501
-1467
8819
5989
1472
465
9264
5594
4101
-1074
9753
-5239
8183
-3150
2913
5655
-2266
1991
6633
8689
-7371
6712
-6426
-6996
-9389
2602
-6990
7344
6817
-7262
-5255
2314
7075
9626
6968
-9795
-2593
9460
8504
-2145
-3082
-4933
-7755
-5140
5580
-7813
-2402
6203
2282
4745
1678
2611
5652
-7239
1668
-8781
2428
9480
-9514
-1231
-6548
8595
1303
6795
-5500
-1501
-8933
-44
4557
4555
-8042
-1516
5621
-6164
927
7250
-3801
4641
5515
-9364
5737
-3225
1729
-4703
5182
5786
-8045
1646
1258
237
-1299
-6041
3356
1620
-8417
-2583
-7819
-5690
9802
-8967
9176
1241
-4857
2494
6184
-40
19
8598
2290
3890
1899
3747
9757
-1915
-8069
3275
-7494
7238
-6417
-5615
7971
-7251
4958
-5814
1273
-9383
-5606
6492
2764
1932
3537
3415
9779
6074
9571
-4851
-9436
7915
-8770
1401
4514
-5797
2007
5565
6520
6466
5362
-523
-763
-1572
-9886
172
508
560
8403
-8388
1480
-6706
6165
-1161
-3961
4711
7704
2946
-4114
-5146
-5540
5333
-8545
-3488
7551
7959
9041
2060
-7375
-9978
-7628
-9530
6039
-2204
4164
4328
-1051
1363
137
3587
-8211
-8301
-9540
-9315
-6438
5605
-9297
-6890
9763
8435
-7759
2237
-479
-3268
9220
8994
2385
159
2563
-338
6692
2639
2224
-1115
1321
-4873
-1231
5795
-589
9714
-9101
-8342
-7653
7228
5353
1560
-1286
4255
2159
-1144
-3448
6249
-4735
-3272
-1893
-9198
-755
-512
7472
8234
3077
-8228
-2834
-3979
-1579
3997
4115
9956
327
-7522
-3801
-8537
-6817
-9526
-5537
-6739
-5532
4072
-616
647
8804
-9110
5615
-9784
8459
-2671
685
1828
-5808
-5346
2643
-3443
-2090
-8627
-1602
5006
-1508
-6053
3801
-1395
-120
-1020
783
-7090
-817
6720
-621
-5866
8267
6770
-4246
4285
-1354
-9012
-6128
120
-8960
7548
6130
-1663
-5984
-5071
-3531
-4937
8634
2682
5303
-8611
-4712
-7135
4657
-4736
922
-7322
1078
-7940
5585
-1100
-6014
2808
-9478
-1579
-6556
355
7897
1552
7983
-5842
9296
790
-8816
4476
7322
-6061
7004
-3794
5719
4868
5605
-4976
-8595
6719
4944
3030
3145
-7656
-1909
8362
2471
-1645
-7552
-4982
-3609
-7403
-9032
8547
5732
-451
3391
5695
323
4641
1382
7223
-4238
-2438
-4836
-9932
-6826
4264
1192
-3241
-7832
-4899
-8967
6683
-7944
6006
5286
84
8482
-7988
6671
7775
3080
-4680
-5473
5596
7727
-5113
5256
-7949
433
2881
-9562
-9761
-6738
4291
-7868
4880
3049
-4397
5918
7223
2454
8437
-7388
6325
1906
7736
8339
-6326
8235
-9494
-1483
-8680
-1438
2974
8204
5964
-5363
9768
3068
6580
3350
2227
2483
8155
-140
8735
9551
4668
-1703
-7743
-1235
-8550
-7394
629
-2754
6155
9191
-2743
8169
1426
4204
1847
9210
741
1774
-45
46
7001
-2700
-539
-3636
-2065
4563
-8489
-9816
7609
-2945
-7602
4582
5281
9394
8684
8076
560
8779
-152
6998
6532
7325
-978
-7142
7905
5592
-1708
-490
-6799
193
-520
-7588
7053
7423
-4612
8789
2599
-4047
3207
6379
8656
-6164
9697
-3140
-8047
-8275
5732
9020
-6089
-2336
-7745
-2
-6370
-6526
-15
547
-2816
1323
-9659
6464
3125
-1477
5704
-643
-9879
7169
-1424
-3439
2297
3130
-2551
-9690
9769
8273
-9332
-6426
9086
7413
8410
-2926
-7240
-4884
-9163
5471
-9214
-6385
-1409
-4895
4606
3797
-9209
7316
9167
-9069
8473
-6878
8581
3439
608
-6776
8819
-4802
-4089
2007
5445
1063
1166
4034
3507
4224
9259
9809
-5081
1009
1936
-8556
-1372
7052
-2636
-7873
-5949
-2727
7186
-3484
9457
-3394
-837
5169
6784
-9267
-851
3515
4666
6944
-9977
9882
5319
-5216
-9879
-8009
-8549
-2913
-629
8862
6481
3338
-6983
9777
-5700
-8086
7431
5103
-1405
-7339
3196
4629
-2786
-1087
-7846
-7607
-1236
7421
8322
-9470
474
7030
9197
1641
-5194
-3626
541
-6616
2108
1803
-8395
-4627
910
-1469
-7348
6512
-9769
-7742
8595
1006
-9084
-844
9047
3966
-4361
-8361
-343
-9441
4099
-6846
9135
9387
7923
-6727
-5464
-213
-5415
5296
7007
-4859
-3895
-1821
9898
8951
6248
-6747
-3265
5499
-6123
7674
-6420
-3634
3995
-5584
7537
4639
-1319
-3910
-1115
3305
-5928
-5799
6537
4691
2064
-5378
-6771
-4631
-3786
-1952
512
8966
8528
8480
5484
-7199
6757
9540
-2035
-2200
-30
-3542
-8863
-3267
-1054
8375
7403
-6344
-6858
587
914
-6179
1393
-8254
9879
-4707
417
7533
-6936
-2317
-8585
-7320
-5914
-4699
7554
8204
-4687
-4178
-6716
-1902
-3681
-3249
-5752
3150
1399
-3026
-2038
-6939
793
4107
5267
22
9739
7259
-11
-4702
2314
955
53
-3306
3128
-158
2614
7608
-8666
-8250
1036
5463
-5863
-1513
-1110
-5940
4192
-4967
6888
-1372
-3620
-9935
-1132
-2030
-9129
9361
2436
-84
2620
-6706
-1468
-7150
9315
-9623
1705
-6652
8121
-8098
-9463
9768
-7319
-9767
-888
-2538
9275
5318
1709
-4837
-657
8981
-4563
-4699
5474
1128
772
2409
-1799
8718
-1721
6525
-1925
-8647
-4166
4328
6065
8999
-132
-9411
-8938
-3617
-7903
-800
2562
7276
1405
-6620
9151
-9279
-2934
-8892
9585
-5033
-2312
7499
-2922
-294
4421
-2920
-95
2298
4544
9723
-9606
-2572
-7212
-563
-8130
-7409
-1966
-4814
-8570
-428
2621
9987
-4526
6043
-2991
6271
-7949
-3098
-7731
-3916
4140
-9435
-7664
9020
7654
5901
-78
-2411
7970
-9136
-5497
6960
-7840
1660
2333
-9087
6780
-3712
-6740
-9167
-8362
-9336
-4474
5504
-4726
-126
1071
5156
-7281
-5293
6005
3544
3382
1902
3832
548
8412
7183
1422
8952
4785
-6196
-2919
-5518
-6828
-3561
-8863
-5934
240
2534
-7167
6461
-4622
-6258
-2071
6413
-6633
7517
7739
8328
1015
7054
915
1298
1218
307
7047
101
2340
-4797
1343
-1966
8169
-3871
16
9390
-9557
-7820
3809
8141
1310
-1809
-3573
-3902
-2919
5855
6205
-9257
-1620
-1225
1089
-5539
-5177
3292
-6219
6684
2150
-8166
5556
1647
341
-2907
-9520
9559
388
-6751
4053
-5890
1037
8673
9632
3236
-7976
2877
3806
-8926
-6923
-6437
8433
7436
1537
-1385
-6437
-9832
6551
8620
-7427
-5641
9424
-1286
1803
-6349
-3250
880
-1935
1300
6282
8645
-9278
6013
-7258
-9557
975
-1649
4678
-8495
1685
8939
1784
-144
7530
9080
6843
9367
-5001
-7540
9370
7019
2485
1731
1702
-9637
3171
5210
-6096
-1594
-9451
-86
-8724
-853
-5942
-1564
-7741
7305
-1268
255
835
5190
2259
-1335
4653
-7497
-4187
3617
-1065
8865
6032
-3076
-8340
9505
329
2654
1844
5140
6478
-5943
3898
-2611
5013
-6682
8542
-6514
973
-3352
-4856
-4903
-859
-5129
3845
8212
-7614
7119
-7255
-7082
2931
7992
-9674
3585
-943
-6445
1598
5859
-7896
-2637
6143
-1751
4312
9059
898
9606
-7135
-41
-7570
-5025
8324
4607
-9357
-9066
-352
9903
-176
-1162
-3421
1951
-1607
-8677
-9317
8668
676
-9880
-2461
7555
-7346
9374
-7915
740
-4779
-436
-5034
-3020
7971
5124
-1796
-133
4983
-8595
-5919
-6196
1522
6935
-64
-9986
-4815
656
-7639
-2116
-4101
-9056
-9049
-6458
-6485
7051
-1674
-9877
3814
7070
905
-3147
887
-3516
-6692
5050
3383
5033
-2079
9196
-1193
-6057
-6176
-7349
1629
9952
-651
-1757
-6257
-2257
-4582
8863
7819
5941
-4366
-8004
8378
5332
-2091
9698
6036
-7751
668
-6475
-528
-5724
-7396
-7818
1768
-3244
1893
-6656
-536
6008
-2703
8456
-8651
9121
-9658
6310
-1896
4734
3178
5756
-6662
7175
-644
-8736
9665
8422
-8458
8028
-1502
-9662
-5644
-1872
4217
6056
5256
8415
6992
5584
-3664
6894
-2015
3281
-2321
-6324
7268
2226
2159
1677
5677
8309
-9138
-7022
-308
7242
-5074
-8269
-650
-6778
-5234
-484
-4264
-9268
10000
1280
1733
-1545
-7029
7821
2381
1434
-5635
4393
8563
-4565
902
-2732
-5408
314
-9427
-5497
2556
614
4277
118
7368
-5099
8608
3071
-7197
-8532
5846
1796
-5503
-117
-7290
2700
-1702
8427
-4998
8507
-5672
655
1344
-9937
-5323
-9260
-2603
-217
3836
-9282
-9788
-6671
-3033
-6057
-1055
-6932
6573
-4700
-1579
-815
459
5062
5634
7306
-6783
4509
2206
-7420
6248
-5949
1413
8824
5954
9969
7085
6285
8529
-6807
8763
-967
-1577
602
-9177
-3820
-2001
-1041
7577
-4686
2318
2584
-3564
1254
-449
9492
7541
-5605
-9661
2417
-6093
-3786
-8145
-1214
-8282
-9513
8441
-6482
-2658
-5227
-6712
364
-1344
-3159
-4713
-8865
8628
-3806
2029
-9782
-8343
-4391
-6150
9597
1282
-9777
1319
6134
-7125
-8738
-7309
3359
-4784
5686
-8813
-7434
-1379
7280
-8881
-3178
5627
4164
-2774
-5138
-1956
289
9674
-8780
9879
-1284
7326
5524
4914
-3105
705
-5113
-3356
-2016
-5852
1876
2289
-8097
-3888
-9257
-5326
-6275
6485
186
3566
4288
7147
-33
-9699
-3140
-7017
6300
8658
3355
6973
749
-7306
-2429
3183
-8837
-5305
4837
3930
6829
-9660
-6498
1532
-7618
4811
-4695
1716
-6703
9081
-8766
9047
5912
-7986
8570
3770
6405
8573
-3045
-8181
-9559
-2855
-2199
-9120
-4506
-3017
1231
9681
8233
9273
-907
-3338
3010
-4979
-5718
-4944
8622
-199
4372
1846
6260
8859
6801
602
4129
8198
-8938
-9023
7627
-8204
7710
9696
4116
-8788
3459
9791
-7411
2019
-9832
-4932
-3138
6702
-1365
-2916
-4840
9238
-7617
9243
-8167
-848
6765
-6300
-7059
-2371
788
-9998
-4005
-1497
7493
-5607
-3144
2382
-9102
1137
-2447
-2482
3019
5917
7207
5972
-3586
-9138
2471
7218
5844
-2472
8056
-9593
9748
-6251
4230
5360
1691
5477
8498
9089
4008
7844
8280
-890
1427
-5341
-2741
1418
-1433
4139
4460
-4792
-1346
-4829
-799
4279
6502
-8217
-1196
9840
-8934
404
-1069
6331
-7686
9593
-5022
-9231
-1684
7906
1527
-606
2911
-6702
-6560
-8046
8127
9085
3715
-4967
-9487
-2575
2543
-4494
-9499
-2717
2422
8178
6335
-1806
5064
-8809
8929
-3821
7828
-9680
377
-8313
2630
-9797
4934
-7222
7769
-7430
2187
-5727
9548
-3636
-2636
5689
1110
5514
7456
-3734
3428
6971
4907
-1219
-1363
9405
2499
4338
-413
3363
-3374
7711
5656
4739
-3098
-5071
9983
982
-8827
-1888
1872
3670
-7036
8045
-9493
-7292
3656
2182
1559
-3217
3707
-3907
-9002
-7380
-6336
8552
-2880
6667
-5330
4094
5979
-5095
9272
7625
4394
-3913
2652
-8604
2560
1727
-7136
2805
5725
-2161
-207
-8591
-4518
7185
-9013
113
925
-1009
-7293
5505
3764
-1511
-7189
7405
-5614
-8970
7574
-5060
4552
-1835
-8020
-6923
-8555
-8921
4529
3280
5897
-7918
-2820
-8921
5096
-6665
6899
-4675
-2925
3304
-1835
8775
2223
8673
-7825
2060
-9536
5110
2157
9617
-1848
-2735
-6851
-2371
8688
-6374
6508
-1719
-3103
6583
-2635
-8559
-8146
-3744
454
2412
412
-4985
-2833
2932
-3177
1094
-2188
1358
-875
2497
3194
4057
5867
-283
-3183
-9499
-203
1165
6014
2162
3026
1486
-777
-8015
-3782
-7097
-6865
-6735
3050
5806
2429
-2521
-2767
8947
1271
3806
6508
7162
5250
5569
7925
2370
7553
-1786
3762
3631
-3997
-1215
193
628
202
