2896
0
-5162
7837
6345
323
7694
3449
-8750
2869
-7772
2533
-9836
2008
-7446
-3448
-468
-5786
2057
1339
-524
-5587
273
-8840
735
3071
9256
8503
6653
1056
-3827
2111
7419
6854
-3479
-377
-3610
9939
3689
7617
3359
-3291
-613
9083
-9717
-7761
-3276
2240
4206
-1051
4279
-1532
-9922
-4599
6143
-5818
-3844
1355
293
8404
-878
4143
916
4705
3138
-9075
9082
9913
6916
1564
-5749
-3639
8620
-9294
-8279
-6865
-2331
-3339
6086
-9379
1211
-592
-9305
6115
-1026
-9064
-410
-6723
-6228
-7507
6032
-6228
7414
-9598
7720
-4374
7220
3163
6117
50
8803
-33
331
7973
2272
-4093
-6478
898
4411
-1949
621
3408
3181
7628
3064
3631
-2986
9834
7101
-6222
-1931
2631
-7522
4767
-6830
-482
3133
-3078
4196
-8515
-7789
2060
-7190
-8172
8337
5277
-821
1458
9277
-3512
1589
5141
-2260
-8446
6577
-8629
-6542
7406
9766
-7170
-7132
-9947
-8278
2222
-5933
8790
-382
8471
461
-5955
-5439
7105
5722
1228
-3468
-8132
5945
8060
5274
-7696
4879
-5845
-7179
3345
-5829
-4289
1113
3375
8437
6121
-1156
1688
-6111
-5639
8923
-3642
5172
-2506
2876
-9301
-3360
8096
2392
1020
1919
1111
-2040
9061
-6441
3667
-9521
-7289
7771
2140
-3398
-4218
9656
8404
8174
5978
607
8165
-1905
1920
5236
-3470
-1410
-91
-2675
3047
-2966
-2230
-3310
7700
4739
3161
-2594
-3298
4103
-7622
1637
-2436
-21
4178
9393
9039
-4021
-3340
-3261
-3060
-2682
-3208
3335
6488
401
4984
7546
-5556
-3124
9384
-446
3716
-3209
-6873
-5867
-4784
-2034
-9340
-2835
-568
-9824
2833
-7479
-8773
5959
-6198
-4346
-3744
9210
8234
-6659
-726
-5125
-3461
-7804
2297
-4282
-9328
7555
4308
7031
-8793
1837
-7522
-2365
-7974
-6990
-2656
-8651
-3524
6519
1588
-4285
1036
-3195
1151
6864
-5811
-158
5806
8476
-6528
-5199
-6916
-1197
998
-6422
2402
2614
2798
8821
5318
-5544
-4961
-1423
4915
5956
-9449
-6224
467
2638
-5541
110
-1310
-9914
-1030
6067
2600
5450
-8236
197
-3620
-2483
5499
-511
-789
8992
-27
4626
8691
4273
-7626
8533
-381
6252
-3457
1621
-278
6855
1163
-3706
3182
2104
-7132
8636
-6579
8033
-946
-8725
-9782
123
-4160
5620
1591
-7975
-3686
-55
951
-8844
-6980
-8844
-246
-4844
6701
9567
-4456
9832
-3431
-5537
8535
9919
5820
-7968
5480
6878
-7126
9323
6108
-4075
9858
-1982
-2901
3466
-2885
1816
-8164
-3591
1295
-4540
-1671
1311
-5249
4950
6840
981
2901
2482
710
-9588
-7910
-653
8183
2992
8690
-4632
7094
5585
-9417
3293
-6568
9088
-5464
-4733
9645
8010
-4712
2665
-4848
2807
7426
2293
-1072
-1583
-8169
-2193
-926
-2476
4697
8831
9242
-1363
-1233
-2104
-836
6617
4740
514
4654
-6142
6227
8396
-1721
8638
-6162
-5855
921
9361
1088
-6934
8577
1257
-2743
4362
-3423
1428
602
5682
4205
-9784
4421
6806
-1092
-6248
-741
-2586
-4869
-3158
-9481
-4446
-6709
-8050
-5310
-1759
2560
6785
-8467
-224
-4062
-1542
4068
-1511
3811
3189
-5129
-4040
3468
6853
575
6082
7254
4004
-7637
8085
9033
-896
-2352
6209
8218
-7668
1822
-6813
4447
-4007
7438
3782
-1805
-9815
4209
9929
-9112
-2693
-6095
3462
-142
-3273
9858
-897
2947
-5578
5119
-3702
-6493
-631
-4842
-8208
2761
1097
-7470
6494
716
-9019
-4685
-2816
-7024
3300
-8794
1997
4298
6965
1829
7910
-7170
-9922
-9807
-9692
-9484
6662
-1618
-1527
7621
-3728
-7241
1373
9114
581
-1725
3423
7636
-3271
-2202
-5622
-5435
-9883
6665
9496
9018
4950
-7396
6851
-6996
-6826
-1253
-4038
-6927
-7164
-4111
6650
-3586
1885
3610
4661
-449
6918
3677
-3413
6894
7302
-5004
-3333
-6662
7493
-9351
-4073
9860
5906
6430
6428
-5429
546
299
3133
2347
-6844
5033
-9731
3279
4421
-1507
-93
-4162
-961
53
1972
-729
-607
-6198
2547
-4287
-3749
-3736
3245
3132
-1222
-9235
5778
6607
-9414
-6488
-4629
1755
6040
2739
6883
3182
2685
-6580
111
-9050
-6079
-7050
8731
-7531
-8972
-2033
3380
-2717
-8467
5840
3491
6012
7652
-1518
-4522
9691
-6041
7453
-7635
2127
3304
-8332
-9226
-1295
-4851
3264
-4801
-4099
-2820
-9019
438
-3861
5576
1622
5899
-8739
637
8788
9593
-5017
-8705
-6888
-2219
-5570
7434
-6879
2841
7441
3219
-8477
-6407
6686
-6600
-1695
-5057
-8731
-9999
-6442
-6143
-7352
8456
6206
-2163
6206
7728
7512
2363
-5600
-173
8108
-1973
3853
8467
7458
-1756
6979
5516
4666
-7197
-8085
5940
1550
-2143
-2307
-5606
-5169
3187
-4125
-5558
2466
-7468
-1233
-9716
4610
-7177
-9278
-7666
7460
-487
-4424
871
6311
-2816
1833
-4822
4314
-7520
-6147
-2751
-6470
-3623
4654
4981
4860
-3604
1034
8963
-9554
-7282
6245
4320
3131
-1068
2382
400
-1290
8816
6789
8641
-3396
-6369
-1169
-1389
-5506
-6353
1699
-3093
1718
8044
6339
8563
-3796
-1882
9123
-768
3826
-8389
-7188
9692
2179
-7206
3201
9938
-5944
4664
267
8878
-2733
5765
-7246
-3863
-2873
-9717
-6816
1957
9737
2024
-2582
-3275
-2662
-8907
4722
6004
-9311
-1735
5313
7024
-3673
8941
889
-3013
-9059
-8532
-9141
-3772
6447
1644
-6702
7275
-2398
6849
1237
3542
-7924
-4456
5108
-8123
-4089
4001
8915
9035
1135
7563
-2739
-8634
6947
430
465
3687
-7746
8965
-2211
6632
2139
5129
6462
-3645
6669
4569
3211
-3262
3585
-4613
-6401
-5424
-830
6201
-7778
-370
5205
-2725
2115
727
71
6638
8035
-2991
-1752
-1086
-8072
3687
2474
-1328
-9049
-7191
-2291
7550
-3839
6359
7897
-6572
-3436
1132
-2409
5839
3142
-2644
-1415
-3895
-6806
-6979
-1905
-8380
-6621
4392
-4489
-1195
1653
-1887
-2977
-7718
3627
-201
-2413
3570
7869
6311
-5260
8633
1650
-5555
8461
6592
6580
7094
7265
6083
-1646
-9774
-8189
-9396
-8521
8384
1065
-1115
4786
-5689
-8577
1913
8123
-1696
-4828
-2305
-4569
-7670
-102
-5100
594
-6255
8507
-5604
4237
7680
-7088
-249
-3531
357
5270
-149
-1250
2783
4676
-6595
-3220
-111
-154
-7960
-4562
-2076
-8597
7192
6703
1671
-4102
3710
7730
231
1027
8094
-333
-3447
-131
-8167
8739
8428
9784
7141
5508
2070
-189
-1988
-4457
2304
433
8155
-4631
8308
-1104
-9961
5359
-5214
3455
-8134
8586
-9348
-1864
1654
-1768
3447
305
-4488
-9918
8201
-7588
4271
8259
6087
-3144
-9574
3327
-6419
4680
1054
8918
5604
597
-7510
-3555
5004
-5488
-6311
522
-9934
8356
-6549
4134
320
7825
9217
-6520
-2083
-1661
-5596
2281
1546
-4131
6609
-2515
-3420
4964
-9382
8817
9190
8605
-8460
-1136
-9460
4435
-7808
5851
1981
-6458
1718
3720
5634
-9824
-6527
-6459
-3273
-7328
-5474
-2653
-5111
-6510
-6308
131
-4013
-593
-5503
-1657
909
7845
6558
2386
-258
-8221
-1304
515
8707
-1883
-6986
3523
175
2196
1997
4437
4457
-904
1373
2065
4492
-2599
3148
8973
8710
-3256
-5193
8426
5419
7130
4919
1788
648
-21
-3626
-5361
-5467
-6344
5284
2083
-8415
-244
-9610
635
4275
-1984
8237
7668
-3719
-9349
-1448
-8855
-2092
-7744
7160
-5198
-7106
-7225
5166
7570
-6886
-9491
-965
3804
-7116
-3762
-1632
-6696
8078
-4245
8674
4736
-6670
2519
2752
-9144
-5589
-9030
1963
-8581
-223
6081
7927
-4424
6477
-2901
5140
8122
-3354
-5042
2361
7251
-6760
-1978
-6186
-952
-2013
-1862
-7017
6438
-7835
-6629
6054
5799
-2893
-2561
-8117
2188
-6254
5136
448
5071
7902
-3596
-8810
2154
8900
-7158
-8835
3419
9238
9782
9121
278
5694
-7438
-5127
-8478
-4493
-4526
-448
-8819
6284
-2033
7541
2794
-998
-7766
-2497
7419
9516
7910
-4117
3911
-6409
8136
-999
6618
3610
-4887
6503
-2421
-3742
5443
-8684
-5938
-8472
7693
-8115
4109
9610
-3286
8343
-7404
-4079
-3232
6520
5321
-1006
-3555
-6391
-8808
8217
997
-1079
-577
-4178
-350
-3805
-3821
6452
-77
-2778
56
9316
-6457
-1811
-1899
6716
9184
1926
9351
6209
-3837
-6319
653
6522
-2207
7906
7764
7844
946
-5701
3246
-9849
-8985
8117
-5518
-9059
6092
-8510
-125
9847
-4479
-6675
4734
-1643
-749
1760
3113
5123
-682
6468
7788
-4069
3879
-2472
-2408
-3092
-2246
-5563
6846
-8757
-5160
-9889
-426
-290
-9117
-7854
1803
-9656
-9827
-9680
6115
6185
3216
-8936
7996
7571
2595
2366
-1598
5848
1837
3457
6684
-3293
-8421
-7725
5596
4223
3665
3073
1694
-5614
2860
5206
3423
6699
-8611
9353
-126
8805
-9307
9987
2371
7963
-6956
5876
-6482
8991
7587
9191
2042
4794
-1675
-3335
-778
4080
-2540
2351
-2143
-9935
-9056
8554
5407
3764
7778
3160
-9772
-4845
5335
-5159
-1674
-280
1083
709
-6092
-2728
-8035
4990
2353
788
9598
2666
3293
5575
-6380
-3584
5101
-2801
-6807
-4955
7370
-783
-9132
-6065
-6943
-7077
7036
-1382
-6095
-5472
3795
3203
5515
-1045
-4408
2238
-1143
3387
814
-7257
8135
-5154
1097
-4632
-3235
-4500
8701
-5835
9217
-5176
4271
-9724
-2458
-8970
-2487
7092
-7656
7982
339
573
4172
0
-6752
1466
420
2935
645
-7211
-1564
9932
4447
8556
-444
7620
4143
2577
8615
6688
1053
-2012
348
-3629
-5632
4273
578
-3047
-9906
-982
3260
7653
56
3471
-7980
2797
-5669
-6218
5296
-293
7187
5772
-6257
-5916
-5814
-1986
-1000
-4728
-4605
-7645
-3346
-1482
9609
-536
-3919
9793
-7247
1877
2817
889
-1424
9517
-9488
-7596
2065
-5380
-9738
-2264
-2912
2219
-6089
8877
4633
9206
5620
-3956
6068
4366
2891
-8015
-8390
2810
1191
4932
-2598
1766
1334
-9097
-181
-5450
-9638
-4860
9177
-155
8134
1202
2945
-2783
8084
-2825
-9453
-9288
-8821
4130
-4661
-4406
6946
837
-4736
5055
-2024
1687
7836
2761
9521
-8990
-2827
313
8998
3846
-2409
-2675
-6820
-7845
-7917
-111
4442
-807
-6591
6089
-2731
-2981
-2705
-8253
-6458
-3581
-237
5032
-7377
-170
1652
-768
5476
-26
7927
-6499
8289
-542
2227
-9172
-7642
1503
-6589
8419
8826
-9645
-5547
7184
-6409
-3548
8223
-9103
5752
-3006
-4548
7635
2608
-2794
-3232
7551
1909
1194
272
-8053
-9323
4173
3522
-3091
726
-4707
-9383
-7405
-3995
-683
-1914
-1755
1983
-5931
7150
-3712
-3697
-1593
-5373
-7598
-8424
4913
-869
778
4911
4451
4115
-3599
-1259
-6470
1750
5265
-8302
-7263
8620
6260
2659
3214
8954
560
9871
-3654
9913
-2654
6680
-8758
3849
9154
3369
2053
-3290
-1704
5401
9247
5946
7752
-7394
-2695
-5162
621
9916
6203
932
-6926
9952
534
-8172
8946
-2763
1813
6036
-7310
-1981
-5121
-953
-9822
-395
9021
-756
-5277
6927
3835
-5725
-253
-8895
-9523
-9386
5327
-6682
1772
4327
4244
7700
3804
-4184
2116
3739
-5996
314
2615
-3908
-5716
8284
-2246
3711
937
-6631
5534
506
-6962
-58
1497
-8940
-7007
-6353
4822
6833
8247
5151
-7308
4852
-4837
4431
5690
-4534
-4608
3272
-1397
1363
-1862
-6872
5757
7885
757
-1815
9536
-7647
-5452
-8139
3447
-3731
-6092
-3826
-2470
6652
8855
740
1392
5554
-3030
9572
136
9475
-4887
5831
2751
-9696
8635
-8398
2707
6352
8193
7604
7854
6306
-3426
-7535
-7126
-4014
-2571
-982
-3805
-987
-7239
5976
-2037
-9250
-3602
-907
151
2316
-2793
-4554
-6940
1684
7718
5728
9918
-704
-36
9057
1406
5013
-3506
-4931
7020
-2746
-9297
-5273
8178
-4612
-8934
-951
5125
-4079
-5257
-2684
-9883
7817
8555
-4699
-1968
7714
3376
7383
8014
-3900
-6229
-4760
-8927
2457
3620
-5910
-1865
-6463
7157
4849
-8216
2459
4614
4126
1597
-7371
-2772
-8683
6601
360
-9831
187
8553
2239
-3077
-5237
-4012
6433
-6172
-8707
2324
-4180
2898
6870
-2256
8731
6336
-5132
7525
-3088
-5819
-6066
-7059
6390
-9317
-9748
9600
1844
1730
-2006
-265
-9505
-6679
1755
6134
8123
7541
-3104
9351
3911
-9340
5390
4618
8838
727
-4947
-5777
-7855
-5141
9788
-8997
7613
-2145
6265
3625
-9127
8278
9359
5192
4712
-7210
2469
8660
-9469
-9218
-713
2082
-2836
9197
790
9059
-4021
6653
7415
9059
4367
3439
7374
5445
-6159
-5780
2040
-7397
-8252
4903
-4723
-8731
-366
6837
-2618
686
-554
-2321
-3467
9986
-1961
6117
-6336
6026
6425
3016
7242
-7211
-4764
1019
4283
-8240
-4219
4028
8694
-7113
8577
-3907
-2180
-6136
4885
-9023
-8709
-3286
3529
286
-6005
3573
-2918
-2770
5946
9929
1137
2950
-6191
3609
7282
6576
5426
8555
7025
-5218
-7808
-939
-1555
-5236
8727
-2028
-6307
-8757
-3923
-1111
7416
-2265
5783
7616
3605
-8969
-2185
253
-9555
7094
-8297
-1052
8500
-4316
1424
1383
-8532
6341
3009
-7128
423
8465
-8617
4672
182
-5307
-5688
3213
-7246
4539
5368
8693
-5928
2248
-6806
-841
8606
1765
-4981
-1129
-9272
-975
6654
-5340
-6986
-5394
5407
6737
5192
-5018
-6913
4152
-8564
1670
-1691
-7309
-8548
4446
390
5997
-878
-8246
8463
-2871
775
-8083
-1598
-6393
-5387
-4683
-3904
-627
-3401
-8312
-9725
-6339
52
1619
9089
7772
-1309
856
4600
8714
-8452
4746
-6882
-6356
-3312
6929
9728
-4254
-7111
-6841
4952
4720
2928
3233
-3957
8542
-7590
-1003
-8441
3018
-8320
-2133
-1741
1328
-653
-594
-501
1968
6381
816
-8120
-8953
1265
-4511
-5736
-7588
5098
224
-5531
-9945
6482
-7945
8442
9516
-6533
-8414
-1655
8972
-1712
2531
-5791
8120
-7865
7454
1121
369
7925
8265
-2502
-3076
5070
-9745
-3626
2749
-4203
8923
3710
-5191
1826
1678
9917
-4662
-4459
491
-4919
1284
-3367
-268
-1837
-8687
6275
-407
-7406
6162
-4807
-3212
-5300
-7369
4386
9702
-7071
5190
6652
5145
-6103
3930
-3657
-2608
9544
3148
-3544
5723
1387
-2204
-1326
1365
7411
-6797
9866
-9380
1407
-2071
1237
-2941
7171
-2905
7897
3039
1694
-9386
409
6127
9980
-5597
-3972
-90
-6067
-919
226
6853
1833
-2722
1324
-6020
2858
-4876
-5753
6817
-7106
1953
2033
-6793
-685
-6735
9759
5617
6991
-115
3026
-7087
9908
-292
-3017
-5708
6807
-6430
2996
6301
-2997
-9827
5451
7661
-4452
0
-4537
5160
5070
6335
8258
-1686
-9107
-3589
-6553
646
-307
-9749
-4482
-8604
2048
9777
-8639
375
9892
-835
1646
-4039
-8093
-5181
-2791
-4344
-6629
-7987
-7775
3080
-7362
-2330
641
5841
-7954
-1943
-1070
3967
880
3616
-2306
3079
9953
-9939
7530
1829
6312
7304
-4733
-1460
9746
-9802
1770
2933
-7811
-2632
1390
-4127
-3395
-3142
5152
5552
-3467
-9469
992
-1145
3826
8731
-7817
3181
2332
-5059
-1234
-6564
4538
1708
5436
5528
-1257
-712
4383
-3844
-5608
-5183
8709
748
-2984
1131
199
2197
2554
8759
-7591
8426
-6705
2699
6951
-878
-4928
-8199
5872
3025
-5736
7691
-1608
-3916
1848
-4210
4931
-7394
9342
3576
538
-5369
3031
8966
-6624
-9215
-329
-4030
1858
-7116
-686
230
3350
-1573
-5036
-1559
5399
-939
-3478
2273
-8082
3783
9843
7414
-4794
-7873
-4022
-9286
-5686
-7099
8685
-8974
5316
-4256
3553
1008
-5034
-7929
-5328
7813
4101
3517
-3541
-6302
7993
-5211
-1963
2250
9671
-9626
-4578
793
-3874
-7626
-8382
-7896
1025
741
-4165
1548
8845
-5141
-9531
9086
3644
3518
-275
-6562
-4078
-5634
8340
8031
4612
-5109
-5830
-2276
-7535
-9474
-2786
7404
9640
-4043
3398
723
9328
4045
9610
-2174
6412
2197
-519
1982
542
-5194
-8917
-9648
-5188
5339
1328
8840
-2009
4994
7837
-8436
7195
-5680
4024
3856
5785
-8276
6960
-8382
5654
7272
-4946
318
-7689
7216
8090
3842
4751
4582
7360
3243
-4499
-2437
7634
-5766
4711
-2729
-602
3970
-9564
7847
-2786
7693
-7659
8397
564
9824
-6218
-1442
-4439
9363
-2418
204
3758
-2780
-71
-199
-5119
-9550
-8928
-5557
-9421
4814
-7425
5815
-6577
665
-8270
8797
-883
-1023
9272
-6972
5925
-2276
-4080
8556
-2945
9241
-5565
1455
-2701
-4968
7770
-5766
421
-684
-6342
-5944
-2131
-2361
4362
6552
5564
9395
-4249
-7306
4713
-2772
-4245
-1440
-3987
-5674
760
-9789
-9616
1896
-6968
-4807
1004
1157
4646
-2529
-7266
8123
-4424
6218
-8317
3969
-5249
3654
-843
5405
-5098
-7837
273
5063
-9388
-8993
6801
-6632
-905
7360
9187
-1463
8815
2482
2544
6416
7862
-6411
-8383
-3136
-7249
-6192
-1227
-6407
-6355
-3631
-1722
9901
3891
-137
9425
-2130
-2286
8720
3436
-6477
-370
-1226
-9478
7752
-5188
-1017
4255
721
5028
7862
4787
-6697
-2888
-2466
6268
4525
-6824
-3682
3743
7098
-3842
-529
-5087
-1837
-2837
5479
631
-5172
3906
8611
-1586
-8456
3867
-8886
-9957
207
1852
1809
-23
4072
1936
9609
-2927
-7687
5049
-2435
-1832
-6533
-9023
-8325
6671
7178
-5037
4636
-9030
-1874
-5403
6667
-6721
-3049
-5594
5585
-2387
-6600
-9666
6899
7090
7108
1351
-1370
-6890
1776
-590
5003
-1508
5258
1938
6208
-20
-3294
2223
-8242
-1589
-3900
5129
-2531
9403
8128
-609
9573
-6115
-2779
3613
-303
-4383
-754
5091
-6020
-198
7604
-3609
6243
-5336
1993
-5478
-8093
7080
-3942
634
5193
4851
4651
2415
-2928
77
-9963
508
2767
-129
9913
4174
3051
-9957
7942
8452
-7587
8831
-9913
-6775
9443
6534
-7880
-3444
-3418
-6860
-874
5235
1736
7995
-1437
183
2921
-2591
-3917
1183
-192
-9997
-5680
-2672
575
213
752
2065
133
2067
-6589
8165
9273
6133
879
-2527
-4303
-896
-2869
-3962
-9468
3313
7686
9456
1920
-557
541
-8083
3101
-4355
1
-2501
-7603
9868
-5447
9738
1553
-4151
1908
9863
-3584
7314
-2575
2006
-2067
4476
9609
-4940
1402
-3101
331
6768
-8662
8945
-9778
4200
-3456
192
-2175
1779
-8570
-5169
-2613
-329
-7125
-2365
-1682
1217
-3643
2523
-5961
-1063
-1155
-6979
-2909
7248
-1565
4333
-4590
-4017
-3434
384
1619
-5859
1008
-8375
-4753
7057
-3254
-9173
-23
9054
6907
-7509
-2825
2028
4526
-7578
-8097
-2169
-8422
2464
4869
-325
567
-5513
8523
708
7415
-3965
-169
8661
367
5267
8734
518
-6470
-1446
2876
5796
-6113
5503
-1437
-3151
-2635
3075
8048
-6133
9818
3840
231
-4348
517
-4532
