5695
0
9436
503
4524
2512
5285
852
4739
3496
4389
7730
4140
7080
2373
5746
8773
6219
1181
6651
385
5354
7065
2435
8719
7483
4087
6070
8250
3276
2339
6781
8422
4480
1414
4040
232
3658
746
4017
9503
7250
9970
5764
957
1827
1968
937
4676
8170
2100
229
2019
8045
6577
1493
2830
1462
2884
4642
6897
5934
4387
5415
9149
2257
2077
5993
4619
9816
3721
6596
486
2967
9628
2957
3646
3851
5275
572
6636
1716
5179
8157
4562
604
4091
6513
87
6958
7562
4472
1181
6392
7291
3478
9135
7890
3593
8482
6419
8629
8635
5541
6954
1872
9226
9983
9351
8953
6477
7176
5859
2667
7848
5517
4027
9052
8074
816
3543
1862
1241
3934
6116
6800
1582
7960
5808
332
115
4102
5435
9643
7550
9812
4381
3810
2755
8268
8069
6856
407
3806
2126
1109
4825
3773
4260
3279
9719
1854
6497
7051
7737
6744
3037
871
8388
9338
416
2071
7218
2070
9390
3730
9426
9955
6600
1324
191
3758
9252
2133
8471
5950
8386
9667
6048
9427
8806
2619
2382
7062
7360
1721
1384
4740
7686
5933
9246
5674
9318
8360
8818
4826
5095
6281
9028
2797
743
1956
5023
5916
6424
2209
1114
8188
4213
5889
5955
6009
4491
8124
4942
1597
1740
1676
5151
7368
1719
1554
8368
8806
7853
519
7089
574
2547
4296
4749
4623
2083
4283
2912
2335
6217
1175
4153
9370
4415
3331
621
8046
2958
3267
4930
8775
5754
2537
4573
7762
9367
9549
7309
1874
129
9069
8516
5197
2454
3894
2872
5099
4745
3010
6865
2080
8960
1410
3251
5454
594
2665
3921
6327
130
871
4029
8876
3899
3734
6590
6866
6034
3402
1868
4340
7908
9756
8873
5767
1533
4438
1148
1716
2126
1508
8976
750
4360
9461
8798
3991
8282
5242
3677
8965
80
9942
1557
8679
1893
6991
5199
809
6335
5097
107
3839
8418
8789
8665
5729
2219
5543
2269
6521
953
9382
7961
7241
339
9024
9898
7588
8522
7754
2560
4961
2483
8534
9253
2722
9941
8460
1865
4326
3125
3563
520
5744
1546
4592
4198
1244
1507
700
6798
6673
5471
7218
3125
4035
3573
8883
5842
7924
1114
7922
5930
8246
581
6186
359
125
387
6577
2909
2165
9155
3180
8045
4834
5849
7772
3283
2401
6899
6196
8521
778
194
3576
9711
2698
7071
1606
5132
3812
9697
893
1436
5380
4962
1621
5127
7059
44
4867
2920
9034
9374
7924
3415
6191
5814
8690
6991
227
5490
939
4109
2354
2771
4052
6239
6347
643
4864
7152
6133
6513
8936
7444
9454
3334
1523
8871
1311
6886
1657
2040
5129
2804
9678
9229
9913
5046
6669
2963
6758
6296
6920
9421
9969
5778
6305
6849
5578
3375
1882
1601
6365
8561
2174
5188
9918
337
8872
1817
5956
7232
2261
1867
9477
4173
459
2473
4089
1295
3292
4533
6643
4553
8279
9363
1342
2026
9162
261
3371
1147
9513
5368
1928
4064
3459
8273
6617
8057
3195
3970
8130
2033
7795
8327
4495
6721
3274
5606
3784
4710
3400
9689
1599
4895
8073
7602
2862
6971
5397
8308
1991
9901
9552
5852
7281
7074
3078
5818
7108
6901
614
8143
1300
6080
7862
8757
4021
6953
5337
968
2090
2302
3716
7668
8397
1138
2520
761
7014
2741
7260
9299
5776
1281
9805
3702
3974
9421
2188
2758
438
2291
6961
415
6601
8730
6973
1911
1756
5974
3309
9507
9468
6357
2418
2300
5730
8259
3156
4746
6716
3616
521
3616
645
619
8214
3359
2936
7743
9591
5607
5213
4756
5387
4808
8062
9831
1686
7300
420
9879
351
3023
3580
4336
396
1376
5820
1932
6431
7854
724
2262
4852
5739
766
3243
8819
1374
2737
5051
3000
4394
8491
8991
353
5195
7644
7175
1911
5542
4799
5578
9285
4912
9097
4603
5322
8770
2451
7708
1097
5535
7321
9693
3005
4121
1542
3203
654
4374
8290
4323
7954
1309
9755
6102
9979
590
5438
8717
1967
8553
416
2713
1958
9841
8247
3642
2212
375
930
1557
4783
5305
434
8396
8653
6534
2074
3828
1312
743
1255
8203
6110
8395
7946
33
9188
3135
1594
9118
7871
1039
4593
9530
4326
6645
6775
6421
354
4560
4288
182
1405
1599
8948
3497
7518
7563
1359
9395
9230
4016
1968
1792
4313
3796
466
1538
6577
3618
6407
2735
6018
4733
9307
6458
4270
1091
817
2989
6440
1241
9708
1999
4571
2213
6642
9576
5353
497
8684
8743
4088
5754
5570
7800
4907
9017
893
4046
423
9447
187
7515
1055
2974
3105
5476
4380
1540
7305
310
2687
6987
9511
4101
5633
9945
7624
4674
4103
5769
1409
1697
4823
7591
2917
7522
8742
4752
6140
3194
2441
5004
6795
4167
6016
7237
5210
552
7920
7815
9212
1823
4102
6763
7530
9292
4520
9666
9944
8699
8407
7598
4665
3456
1424
7427
8223
7893
6702
5468
8043
4711
2041
3288
3122
801
3395
7884
1920
2313
4208
6084
4859
4823
4874
3935
8075
7954
5778
5075
796
8394
2606
4437
8411
8151
9829
6962
2950
2561
3558
1757
8512
8483
6112
4247
4119
118
2358
4555
4047
380
6861
4889
5152
9934
5981
8312
9030
2498
9427
2463
9260
2544
4437
9298
9374
9635
7476
1630
2978
5943
4316
711
6765
8426
2297
6634
8928
7450
6919
4260
1856
1724
6484
2228
7831
8243
7051
7407
7152
5573
7882
7753
3367
6885
8043
6355
9873
5998
2166
4309
5356
8055
33
592
6166
4009
3482
4200
2913
6464
7048
7831
9495
9769
2054
9556
2023
2191
6009
1996
8185
2139
5517
905
382
1649
3459
7209
6679
1591
2701
9198
9673
1377
9086
8954
4670
402
4038
3266
4646
2766
2239
8422
6210
5031
5242
7027
8271
4036
9344
6025
815
5306
7626
9612
556
3576
4934
8768
3787
977
312
5628
8690
7439
5852
1343
5195
5945
1960
1947
2799
9576
9851
530
7564
9954
9926
4431
9088
6164
6158
2899
2156
9036
1040
106
7312
767
7254
1400
9514
8303
4166
2062
166
7157
8005
1414
9264
9454
6516
4154
985
7486
6444
187
376
6040
1116
5019
7771
119
1356
4500
5662
3397
4240
4259
3170
684
3830
6704
5514
2256
9594
755
6579
3854
6734
1776
4810
1511
4161
6717
1535
7734
6152
8049
6758
8743
8127
1060
433
3746
6367
5699
4807
295
6846
3805
8596
6589
6335
1247
7173
3030
4564
8910
6924
2036
7428
3220
7335
463
5486
6333
9060
110
5345
8887
7506
3083
1470
9207
8353
3875
1100
6726
5875
7924
6883
6101
7018
9902
1455
3801
504
9424
3787
6136
9242
2844
4304
4993
2273
3458
3123
997
2131
3418
5499
377
932
384
8581
7865
846
9128
5062
6121
1604
4390
2368
7764
9595
8009
6660
7180
9194
6975
9022
5309
32
833
2291
4319
9794
2422
5
5311
8326
598
4492
2107
5549
3947
546
7364
6192
219
8508
2415
1788
3963
1092
4580
9781
5025
3368
8964
4352
1788
2759
677
6942
373
410
8417
7791
2208
7850
1423
7539
499
6161
1197
1299
4625
8823
8449
7616
5116
5079
1993
8057
2556
391
9713
2542
5982
2729
6992
2115
2356
9767
5294
2453
5041
749
6477
5071
8076
7248
4806
4252
5216
5551
1613
1399
2847
7187
4154
6232
1167
8153
6244
2948
2058
9852
7557
7311
7005
874
1377
3300
6437
5689
4431
7073
4523
7712
5808
9920
6046
3464
3869
7010
6473
7992
5584
5930
7932
3503
1549
1948
1991
5954
8752
1632
8220
1016
6719
9020
4183
3809
8135
240
4835
882
6193
6119
4645
6498
9372
8063
4197
3112
5459
3305
2111
6301
6536
4354
3205
2391
6486
6507
1372
4873
6010
9567
8170
494
1554
7715
5904
8680
3330
6559
883
9837
983
3902
5174
6961
2425
9925
6429
7445
1462
8321
2237
4770
5393
4576
4988
6735
166
9929
2679
9357
853
8655
625
4208
3028
5364
2450
7154
4375
5079
8625
7126
3978
5293
6050
9410
4280
5952
5183
691
7811
845
7720
9125
4333
67
4061
587
6138
8372
7601
3155
8555
9092
4589
3410
3081
5282
1129
9886
5080
8059
8779
6372
8989
6126
2384
8776
2112
2812
7516
4635
9795
1969
496
7094
949
5226
414
2346
1202
9373
6922
2145
1373
8786
6622
1324
8369
4858
9707
6938
8277
9730
5694
2402
3269
9593
3088
2113
1286
5363
5703
2029
3532
9260
7034
5263
3998
8425
3300
350
6391
6674
1297
6187
8835
5710
6902
3084
6882
2366
4487
9207
7973
6691
9499
50
1661
4008
7373
3167
8793
5476
7557
3790
4723
9249
6260
8866
5694
7218
6172
5870
648
8549
9929
3723
69
9528
3299
9789
14
8025
8687
8726
7797
6705
7502
5262
3907
9875
8571
215
8285
7577
461
4656
9535
9176
671
8719
9878
3256
4859
3047
3593
4698
4177
720
9579
1487
5700
7572
7755
2590
3130
3668
4510
192
1777
9666
6061
5214
3415
4278
861
7124
6092
6286
5209
6817
4335
5479
3051
3283
4508
610
3086
1249
7914
2318
3591
7467
5776
8947
2198
4333
7456
48
3917
2509
2555
4213
5290
9202
5662
8545
4744
5574
1102
7717
2917
6180
6255
615
1325
2255
3484
6120
1836
6038
9716
231
9020
3610
4737
8545
5913
1031
3381
8228
334
4842
7211
2342
3544
1806
9513
4589
4261
8760
4622
9650
7131
2828
5301
5314
2977
4949
1971
6735
4558
2712
4056
1227
1759
7331
8621
451
4916
5495
4551
7799
5244
2417
4970
9118
5209
1436
7943
7874
858
8756
2946
7446
4896
8114
7219
3130
6944
6055
7409
8809
8603
9824
8753
7207
1828
1985
4505
5170
5835
4977
6934
5440
7338
3664
5155
2947
61
9073
1603
6518
6994
6432
2453
4156
6927
846
8142
503
4654
6754
573
4558
1353
283
2208
3059
9282
6661
3077
3282
8973
2317
1869
5145
4664
8827
1996
331
5418
6058
9152
6908
4781
7111
7272
5447
1633
1325
9725
27
5391
4551
656
3702
5555
9214
6837
6453
6830
9991
813
3296
8528
4278
698
3279
8295
9091
1383
3046
5157
7265
7902
7005
5944
2915
4542
1723
4248
762
3270
6240
634
7438
9619
5626
5435
5822
5288
1643
647
7891
4395
7475
776
4405
9275
6197
8547
6684
1116
1465
3474
4474
4461
3778
9632
889
8925
1058
469
8916
3618
4381
4076
8096
8527
4605
3651
9884
6305
6520
4307
7573
9799
6590
4306
9762
9978
7600
2434
3481
9662
9132
5489
9230
7037
4258
4504
964
270
3449
5483
8490
4569
8818
1323
7517
2455
7876
4050
5186
1986
9765
8831
5767
9871
5550
6995
4111
4072
9148
6924
6028
2477
9898
658
4149
9546
3994
8748
7923
8583
6092
7860
809
3385
3536
5443
1302
3780
4948
1251
5333
1660
6783
6120
9969
6301
3157
9731
734
9046
2397
1595
8370
9701
1847
1691
8608
4393
5111
8963
6685
2620
3350
8016
5886
2775
2407
300
5522
8677
2240
9356
885
7036
2166
2941
3529
4653
8776
5666
5902
6987
1423
9545
4425
4515
6037
6273
2815
247
8831
6038
3686
5711
778
3472
7024
3470
6609
7603
8791
4177
9263
9125
4059
7849
3971
4403
6564
404
3614
9637
4122
6842
422
1334
8211
7739
316
6121
843
4719
7287
7902
369
8104
2950
4388
8032
1812
265
2104
9633
4077
5760
5674
2984
5021
387
1869
5546
5418
2233
7936
5071
2917
3869
9431
2749
5043
8075
5569
768
242
2942
1517
867
1748
4770
1506
3036
1813
4490
8323
3536
6618
5725
4557
6623
1038
6552
8678
4649
2777
681
6402
6499
5522
5625
1955
2766
1461
1399
8209
4292
7392
3323
5264
6917
2123
4871
6241
3902
3556
4095
1566
2673
9043
2956
2241
1496
5674
2741
6197
9942
3687
3004
6113
7113
4259
9465
3901
4753
6474
6859
2568
6748
8402
9652
7476
1491
9749
6355
9009
9300
6543
7464
6706
7781
4507
4731
5728
7632
1219
8944
7868
9718
7462
1821
6366
7788
995
4879
3848
627
1440
6105
8502
1473
287
7718
4144
7832
6765
5687
2320
4567
399
8178
4338
5508
7029
8887
5730
1258
3744
2687
3524
6054
2587
906
4036
127
7224
9724
1863
8574
7171
267
3145
839
9026
3953
8436
847
9873
6322
1236
8194
8699
5960
7868
4754
5044
5226
5312
487
1379
4635
9650
6714
4675
4597
4539
627
4220
9877
7786
7771
7646
5269
7096
670
6314
8
1523
3683
8656
9340
1109
4391
7846
8139
9169
1515
5710
3798
1262
3967
4856
1529
1535
1075
3703
3137
2689
4091
6795
2185
9707
6846
3201
1881
2146
180
5578
812
2100
39
5699
4086
7736
8473
1537
205
7554
5495
3755
705
5931
3256
5118
4765
7139
2110
5964
137
3022
9795
7771
2849
2491
4729
6709
2527
1194
6033
4416
4394
9770
2152
8386
1653
2246
292
943
4307
8840
9753
6544
3921
6660
7895
622
8676
1335
3291
8746
6100
7239
1106
611
8357
1923
1053
7691
401
3883
5340
5479
4236
5294
2607
2044
5978
1554
4592
4231
8412
7285
3906
170
6344
4946
7818
701
5124
555
2030
6818
1109
5549
3788
8283
2365
2417
9735
3274
4116
1360
9685
5312
7629
9456
9506
8602
2187
7611
270
7117
6967
2981
7095
2512
5813
2614
1113
9025
6905
6943
978
5403
9019
6295
5965
9484
2067
9530
9475
7273
9829
7909
8517
8190
8854
8454
3509
8426
3508
9255
2002
2921
1711
469
386
3979
4817
8067
5569
1049
5090
7787
9644
557
1995
5533
6164
7845
1318
2434
5793
2929
221
264
9188
68
8468
1363
1537
1889
6943
2177
9229
9570
3042
8508
7002
7104
9272
7247
4812
1947
3561
200
433
7170
1635
741
7143
213
8128
8974
4830
7730
6276
8591
6675
7084
3736
2086
2433
5207
3352
3937
7320
414
8674
3693
8662
8126
1140
2366
6129
2052
6404
4759
6687
2582
238
2324
5282
1641
2394
8340
9773
9736
1100
5595
4444
7558
714
6094
2316
1477
6761
4909
6110
9985
4980
8693
159
1752
1854
6207
2116
2264
9928
5573
2157
3956
4970
6354
7681
5551
1799
2948
5450
2021
7999
9310
6726
2644
4897
9704
2820
7480
8055
5411
8546
9160
7746
3383
1565
47
6753
7459
3627
7683
1857
9981
9618
4342
635
543
1264
9594
5649
7472
3456
4947
9808
1946
5340
4273
907
8885
4654
7267
5301
6562
6344
4763
4093
7265
5495
8231
668
7224
6644
7172
8004
2493
5820
3061
1972
8714
9180
3694
5614
9927
3632
8577
8238
8638
6946
3768
5140
4429
8860
8050
5611
7283
4642
1629
6674
7516
2456
938
3155
2061
5142
4301
6277
9274
4263
3173
4248
8604
5614
5724
4527
8246
4888
3986
9644
3140
7440
8414
8688
8705
1707
8529
7014
7837
7868
6475
5373
1511
2140
4644
5697
2478
3479
348
8253
1176
451
4898
4905
2049
67
9685
4669
3620
7708
8851
5257
3725
3200
7641
2406
7722
8294
5072
6704
5527
9015
852
7328
2303
6988
4235
9923
8649
4650
8606
5481
8805
2742
8376
4979
5958
3545
5298
7188
9999
6270
7102
2243
4036
6467
8445
4008
759
7023
320
637
5485
7725
7194
1786
3982
6207
2203
8826
973
8782
4399
8792
7684
4528
6039
2523
1947
7867
7736
5291
9726
1981
9864
3651
8093
7054
4525
820
5827
7376
7262
8294
3286
271
7337
9760
27
8375
8531
3434
3076
9283
5966
1033
1382
7721
2511
7274
9526
2993
7830
9973
6097
2919
2348
8334
2747
1783
5556
9700
7968
3192
5960
8715
2678
9084
2032
433
7953
3655
9618
5132
961
3130
9858
3042
3246
3217
8320
8131
1577
3157
8278
9829
6287
262
2922
197
6699
5630
4113
6037
528
6271
612
631
7282
7826
4805
6354
2502
6131
2825
7091
5332
2077
8127
1184
1606
4546
8834
6830
103
6246
9788
1331
9553
8933
4841
8026
2130
5164
900
5139
3984
2551
9462
9688
6401
2439
745
9014
8687
5686
6387
1186
5331
2525
41
8921
694
5422
4659
1836
7300
8445
4218
7838
3862
2340
6143
694
7116
2684
121
6092
111
1293
4077
7949
119
7438
6728
6130
9281
998
4944
3775
207
4809
256
3914
3679
9680
2576
5703
4056
4796
7578
3276
8312
1288
3617
2161
2275
9929
8374
9097
3809
3829
6784
1798
4480
3205
3872
8027
6109
5305
7862
5567
3961
7720
3513
701
1822
3416
638
2631
7372
6292
9162
8127
2824
1629
3495
5840
3594
3377
6650
5867
3583
7820
6669
323
4884
6513
7019
1602
4747
1941
1870
8535
3760
2887
5066
7639
4396
7222
4821
3099
9211
3983
3885
8291
162
2851
3490
8529
3269
4051
2376
4392
4656
1612
9438
9080
7570
1023
9494
4499
7640
343
7649
4676
9936
1060
9777
2748
7775
1864
409
3896
4590
9807
5127
8579
3143
4537
4548
1245
7458
8858
9265
4387
2109
3224
2175
4673
1678
299
4365
1397
2692
60
8462
6175
9606
2132
2961
1758
5050
8519
5775
4801
4656
4364
7939
8405
6703
4335
8538
3760
2401
4527
5481
4778
2560
3263
5804
1619
6927
6288
8603
2665
503
4482
2156
4191
3804
6575
1828
3570
2771
1321
2852
7115
1169
527
7936
3911
4643
1139
1062
2191
3310
4551
3770
5477
2737
3868
204
4816
3520
8681
7279
6144
2389
3147
2899
2976
8300
7502
3329
9760
1811
3676
6908
2836
9789
4001
5795
3257
6032
4156
8893
3555
9901
587
2495
2885
9939
916
3652
3717
8013
8035
7533
4425
120
1446
113
9395
2200
4995
4201
7162
1022
9393
4752
8937
358
1707
8475
4026
9131
3883
4341
8252
1748
3938
1453
5151
7906
423
9484
5671
2819
5666
7773
4192
8126
5421
9270
9725
4437
1346
1843
4178
619
6857
1004
7925
6470
2264
3300
5981
7351
4980
3988
5126
8471
2962
4032
1495
3687
5318
1197
6935
9167
9164
5178
6434
9097
710
2151
82
4331
1370
4541
7867
839
4845
3759
2470
3356
7363
5429
8298
1180
4891
9156
9915
487
6933
588
6915
7637
2674
1758
2122
8740
3833
8562
6907
4016
6317
9213
1204
9047
1311
5214
2821
607
648
2467
4624
2001
2659
2951
6045
9074
7887
5634
911
9818
5450
4659
5860
6715
7471
379
2528
255
5109
8225
1463
419
2591
1195
2309
923
492
5966
3502
7572
1866
6967
6088
6082
3957
8592
3126
8030
2839
3578
4556
7885
510
108
8641
8506
1287
2377
3856
7672
6745
8975
5790
1673
1614
3694
856
1247
2220
816
3628
7848
3093
6276
2232
3588
9948
1026
7766
7414
6783
496
553
179
5492
2087
2494
2986
7000
8044
3249
15
2221
469
1695
8568
9817
9385
3713
1928
1274
8272
520
4137
1682
4976
4652
2789
6772
7907
6045
6865
9113
7708
6293
5630
2655
7182
2853
8343
9062
889
5564
5949
6491
2222
1993
1044
499
4460
9235
3631
4154
2215
8933
9228
316
753
7598
3081
1843
4906
3960
5295
9119
7285
4356
3703
6611
7410
9432
7591
613
6001
511
7588
8518
30
9676
26
234
5991
9869
4041
4908
9691
2211
3528
7653
918
1878
8254
9603
2750
3334
8813
9561
4135
1383
9199
7804
4612
9135
1942
5327
9733
2683
8769
8900
3612
4184
4998
1615
1713
1118
4577
4903
4679
7168
7903
7474
9091
3240
231
8573
6971
1452
3277
886
6581
8618
3504
5236
4155
6176
6786
8378
4855
3289
8286
7031
1078
2003
5504
8994
841
4873
5622
7875
2369
2105
2519
6540
8364
9101
2897
2233
7485
9838
4330
5889
9491
7764
1120
6541
3815
4763
2389
1459
5461
3638
5015
9895
5614
361
463
280
799
2602
243
3805
7267
7099
5039
5728
813
6931
8590
476
518
1410
4096
2472
4440
2809
769
8749
7759
1856
9401
8709
8112
4053
1756
6242
2952
7892
8685
1978
6707
1761
6010
5944
4746
9367
2893
1954
1088
3400
4393
5137
6451
1733
838
4960
8360
6330
4697
2903
8334
6980
6260
3866
7034
8237
9241
2220
6563
5975
7903
6980
6909
1276
1588
6019
8220
8733
4535
4517
1530
6352
1707
7022
541
3023
9345
5901
9857
9596
627
3388
2591
2258
8926
8159
9499
8898
2146
9306
3790
3448
731
3075
6094
7185
1598
131
7237
8123
8064
2971
7742
919
9338
5489
4416
2838
230
6208
5713
8302
9541
5391
5066
1171
7012
567
364
9078
3091
3663
2552
481
8721
8647
5573
1376
2622
4512
3241
3398
1978
9485
2701
2603
3244
4088
9185
3540
6573
7057
6840
4158
5918
1478
1523
2424
1522
7497
7036
1435
6113
1590
2661
385
9483
4266
5885
4074
4836
8120
9303
2365
2875
284
1183
7261
688
5758
2167
6300
268
6792
6176
6166
1040
493
1919
1763
4704
7093
5094
5494
2844
3115
1179
666
9845
5457
3462
1208
8575
8405
4909
7625
9876
1543
881
1907
6650
433
4916
8986
3809
9351
6773
3396
2063
7934
1875
8547
3264
826
9995
7435
5362
1714
4923
5064
254
4551
2297
2505
4639
3514
7393
1920
1117
9507
2694
8332
8532
3946
3263
3936
5585
1494
7431
7393
4272
6578
1682
7515
6728
1581
2490
165
3310
148
2196
7737
4123
9618
6965
2160
1536
4569
3592
818
5414
4778
6155
9665
1324
2943
4707
9443
1853
9937
6380
907
6955
1660
344
4988
1256
4966
1620
5205
7835
1865
4624
4271
9848
421
1039
4967
7535
2285
588
3146
9140
3271
3706
7255
3570
8056
1847
2685
4061
1253
4691
6854
8087
2576
9559
1635
323
4365
9016
9622
9301
8970
2914
5028
3364
9142
4680
2614
9200
9367
5679
2151
8080
9951
7717
9483
8414
4518
9354
1754
7191
3648
4299
7919
3221
6142
6066
1974
9517
2735
2460
345
4029
5994
7003
9814
9613
8409
3377
9007
1608
4075
6019
3059
5652
7433
1776
7888
9257
2214
1865
1331
3387
1196
1343
3514
5268
9995
7802
8717
297
6990
597
2556
5772
4575
4161
4346
3535
9050
1496
2115
286
526
1404
728
2235
5820
5693
8465
6471
1649
168
9055
9371
712
1841
7588
8442
7560
6630
20
4646
9894
6075
490
5633
5990
627
6967
6827
1918
4749
9996
24
5660
1148
5254
8712
7126
9611
7139
3352
175
7263
6675
7430
7595
5778
3225
9975
1094
5510
6526
2524
5557
2472
9935
3127
5894
4523
9012
9033
1510
4942
1138
8159
4609
1827
5243
4716
4366
4494
472
1212
5665
3745
7545
7053
2700
3438
2530
9815
5472
5870
6469
5788
1296
52
5894
5427
5022
4000
1801
4917
3435
5999
6267
8608
3615
4616
5221
6072
7781
9100
8889
1559
5001
9914
9684
1688
4543
1979
2516
9768
2331
4897
49
2984
6139
6383
1007
4776
4435
2139
1720
3856
1366
2033
2691
4295
8176
7549
1769
1703
9146
4401
5354
9730
4476
2288
3812
9307
8270
2501
8432
8058
3594
9588
6917
7488
4759
7087
5161
1380
2648
4296
4600
8223
148
6997
5556
3888
4576
6945
3798
3271
821
9639
1022
4210
3184
855
1370
6664
6250
2351
5488
1192
6185
8779
4837
1576
2278
8198
536
3947
6432
4716
4131
1523
6953
4895
4204
426
6581
2549
3824
8694
9986
7410
371
2040
5526
3377
1126
7387
5459
8903
9640
5868
1742
473
7564
3052
7707
6609
2565
4470
7438
1905
328
2459
664
5310
3288
1087
3558
4701
3935
8841
8487
9832
128
7942
1983
6355
297
4658
9641
3792
7645
1170
7675
5123
6202
7780
1878
6417
6055
8966
3018
9679
7772
6070
3158
1058
9335
4380
2244
1962
3355
9763
6424
2222
9392
5818
7269
8108
4941
6887
5940
5652
7723
2934
7091
2228
1924
2685
3140
119
6808
5588
234
2875
2950
1656
1049
9171
2588
5397
2261
9888
4066
6289
2260
9299
4010
4924
2666
1111
4129
9176
6602
6056
1191
9970
8949
7038
5681
8453
5448
2163
5537
5526
4108
1508
8772
8499
2730
5512
6512
8981
3133
8114
3762
1630
7016
5507
7085
1650
8706
4384
2865
3989
6037
7849
3980
3423
5508
323
4747
2747
8205
1136
6167
3699
1616
5361
5615
6725
1945
6658
9403
9434
9160
561
6890
3906
8823
6849
5049
9187
2420
5043
832
7912
4331
333
5347
9167
1426
3706
9932
9740
2444
7563
4362
9232
1803
5247
6138
6537
7257
108
1304
169
5316
7002
835
3638
9626
570
5248
2323
7504
5513
3722
6580
9721
6217
5663
2857
1595
2245
407
1431
4971
5788
871
352
7758
9124
9485
9623
9262
6770
5120
7124
2271
6928
3873
881
4369
7316
2480
8535
2701
2323
9037
6104
9520
3380
8622
5847
1213
5468
3070
2779
3412
485
5528
945
9981
630
1265
2664
838
6427
3271
3261
7801
8626
8697
4676
307
9779
1963
2319
7378
3435
7986
9256
9353
9034
46
8566
6621
8715
2770
7628
5856
8682
2473
9539
1698
6202
6933
2007
3552
8601
1378
9724
2076
1066
9682
6252
7189
3166
1339
2961
8793
7509
4169
7938
9710
5384
3435
8539
2138
3738
7916
9262
3503
3750
7240
6818
5945
1091
8397
1785
6126
5194
3946
5890
1276
8570
4641
3745
9596
271
2786
7485
8314
3698
8907
6704
2914
3572
2651
9232
4991
4948
3949
2134
8727
8841
2714
8724
4134
1088
7460
8191
6815
8949
3144
866
101
6287
7954
8198
7682
8371
6004
3410
9676
2988
5542
3398
8935
9530
7799
9888
5661
3316
7335
7684
2939
4575
5143
9917
6542
1921
4961
2463
214
3874
1531
5067
6559
2387
6495
4
4928
6888
715
5025
4411
7978
3686
9278
2256
4278
7829
7313
7215
4600
5241
9646
1919
4756
7416
7657
3691
4935
5449
650
7924
1611
4953
4383
1059
7198
110
9473
8811
3050
1502
4673
5618
4091
7854
69
697
7381
7385
7930
7968
3247
8880
8432
2013
3379
8328
2691
284
3275
552
259
6613
7889
3680
9160
9759
8953
686
6368
3339
692
3738
5103
6796
623
3872
1517
4054
6235
8142
7696
3268
7960
4543
88
199
7718
6699
1195
1476
2042
712
5345
1649
2537
8772
298
6263
2673
5506
4458
4846
5809
8914
7207
8404
2160
5343
6468
5014
7434
7366
5680
4665
8568
4182
766
9782
1239
682
8618
3245
4975
4593
5968
3077
7314
350
4979
9000
2079
4523
4043
288
9335
1104
1452
2834
6292
3606
4569
5457
4353
5536
9841
285
37
1635
4228
7239
1715
7679
5530
2172
812
467
2882
5203
1130
9617
6903
1301
1483
290
1786
6956
6304
9720
3661
4415
4791
790
8523
5877
7528
3799
2044
4885
7315
4334
6513
134
5880
9141
9837
6996
9246
1603
7788
329
3497
9512
6149
1535
4500
461
5343
3506
3750
4235
7664
5394
7110
1178
4904
5948
8065
3446
9962
2233
5562
8617
1114
8118
8341
1337
3840
6296
2778
1545
7876
248
2564
5838
9505
4676
450
8216
4756
5411
9867
1138
7787
9247
5876
7745
5184
3620
1322
9665
5570
2565
6780
8157
8010
6496
1082
8681
409
1639
6621
1574
7652
2165
9915
4872
8021
2711
5096
3430
6330
9427
3770
568
3293
5262
5994
6985
103
7243
899
9928
3354
6485
5223
3956
6810
8954
2709
9003
7019
2805
7827
3319
5390
7768
9578
2238
6292
5630
3377
3973
7567
3497
5841
8781
4434
5398
4325
6548
2736
203
7622
1378
2323
601
7669
3143
3567
6450
3553
5307
2732
8394
4826
4155
9397
6369
163
1793
1435
8111
9812
7374
7397
4669
4112
3888
3085
1019
3490
4601
7209
6951
4505
5708
9459
7766
8144
7220
8989
8737
7233
8994
1736
7632
5299
328
1100
3711
6846
5041
5062
1544
1861
4358
5528
6161
8353
7569
4305
6422
1131
4144
8458
8824
2192
6652
3643
5199
7851
2153
4007
3545
5262
4930
5606
3662
9595
4471
7026
9647
4132
7995
5024
1936
4734
5168
3310
1086
5587
2339
9819
3989
2496
7445
3173
8153
3875
2127
9408
743
4831
4736
7234
3988
8919
4739
4041
359
2698
1895
8518
853
7098
9942
1618
2493
7060
1579
9530
2102
3942
8740
2755
9926
5667
5296
7303
7395
6766
3151
6767
9674
7504
414
7992
5078
3463
427
1602
1857
6365
2414
7270
9278
4127
4157
3689
1427
5251
2636
6611
5614
3720
2914
8491
7135
240
8638
6709
4359
7208
8015
3044
7961
2508
9223
613
3845
9343
8402
1412
9936
1513
427
459
3669
7126
6047
8942
2846
7595
2074
2143
9179
6282
1913
398
6024
9245
3643
9054
6300
3081
8686
372
7136
3805
474
794
5433
370
3806
7877
983
9686
2402
5300
4741
3728
4821
2335
4905
752
5209
8436
899
8501
1522
3177
6672
7849
8481
6438
3285
3729
2343
1478
5746
6428
1515
5514
7595
8876
5051
6929
9127
4680
6004
1317
3346
6762
6721
4703
3835
33
3152
5479
4628
6227
911
7393
4496
8076
3194
173
2773
5977
3087
1769
9094
6733
1673
6854
6447
5483
4942
6677
1141
8528
2641
5530
7410
1998
8123
8597
1345
6379
6424
1131
6165
8416
5962
1466
4650
898
1906
2234
8273
6374
6659
970
1544
2582
4133
6075
2633
2348
3322
7009
2863
9309
9732
3667
2496
527
1128
6779
4501
4615
1477
3697
6958
5129
8753
2952
9533
3549
2546
6127
7572
8424
7572
1294
6516
8181
3410
3505
7578
7746
1477
1308
5813
8250
9433
2040
1617
8780
2753
6970
8279
9190
6360
8366
7704
2402
6961
131
4491
6396
5506
3096
9622
1100
9906
430
571
5462
1850
6445
4541
4080
490
5155
4733
6481
1086
941
7499
4286
1070
6955
2377
7271
6093
8873
6694
7033
9538
7471
9921
8034
9042
5246
1153
8809
8528
7692
293
8505
8537
8577
2225
5762
5162
3798
6066
7402
4032
1101
8195
152
2462
988
2383
3735
4225
1933
8689
5903
6765
4351
3070
1318
7929
3154
6440
9005
80
8490
7794
5768
495
489
3580
122
782
5999
6740
8724
3527
449
8147
1745
8466
9570
8040
7248
8095
4998
3921
3618
8959
6467
554
3520
656
1460
5854
9561
3641
3820
3767
1294
3369
7661
572
9885
9690
6514
2447
4574
7721
5701
141
1689
2045
568
7383
3057
3097
925
8472
3828
7524
8247
6773
8624
7369
713
5825
9603
7825
5506
3307
9167
6282
7967
4408
6333
4625
1412
7874
4775
5155
655
5072
2011
1521
2429
3301
801
3319
4699
3465
6039
7851
7783
5667
9343
8850
1493
5678
386
3332
8877
2435
7400
5968
6563
9169
9939
6660
2094
4072
1953
8998
5178
7882
9331
4624
8774
3645
1337
8634
8011
4387
5659
7975
4269
1010
3646
2539
6083
8172
3368
8933
4749
6366
4253
7363
1563
1726
1287
690
6862
8059
1248
5393
8360
8479
9194
7272
1540
2263
4418
1618
2600
7199
3758
3889
1531
2511
4254
941
4925
7418
6632
234
4478
8040
8364
6673
7084
4084
74
8713
5060
5873
4323
1153
4632
7892
5468
5634
8374
2960
4268
7791
7440
5476
9452
1356
6311
7038
6118
8412
6096
2579
339
2072
2030
4093
4428
6971
8197
7696
2890
4930
8421
8363
3858
4064
3324
9397
3854
3964
8740
9597
1218
4787
3673
9325
2712
2974
9504
4599
5785
9956
6004
4477
5777
8879
4739
2325
7149
2795
5200
6892
41
2489
9585
987
3222
8122
1729
8298
4083
2863
6023
7010
7012
1299
7007
1208
359
8179
2129
4705
2224
7397
2036
3329
4665
1258
1343
6713
4281
6435
4190
6789
5803
3798
8357
4394
6690
3760
988
2735
14
5871
7667
1514
4343
6241
7934
6460
2380
6980
5901
12
4027
8578
7408
4163
1321
3822
3879
2724
2512
178
5766
584
7634
949
9186
1837
7031
8541
8123
7190
364
8517
2528
7893
6610
2986
6513
8025
8967
3317
432
9271
7675
2075
426
2536
7446
2169
4678
8954
3598
9677
5163
2718
3457
489
4981
1565
7969
5756
8135
3757
1025
4148
8709
3019
8856
7320
1460
5900
8190
8510
3795
703
8403
5111
3452
8360
2542
617
4817
9338
2843
1610
5378
5345
28
7680
1063
758
1942
5693
3083
9995
5631
9583
6580
2295
8792
2973
9232
8380
9664
6407
6738
7789
1922
3183
6074
9921
696
6693
4268
8749
4841
1500
5953
2982
277
6739
7818
4313
1351
1209
5256
1561
8136
326
1827
94
8043
5842
1744
6439
5476
6359
5208
6259
1671
7560
3905
6408
1047
6571
2065
2328
7874
3090
7934
1835
8553
8260
4470
1194
4238
709
8832
3603
3199
2197
823
2929
5560
8802
3351
5671
395
6291
5241
3818
5025
1933
572
2882
3733
2370
778
2076
2635
7356
5568
6654
2244
1391
8252
6306
7965
4380
5592
8648
716
1688
8880
9956
2117
4858
7095
6660
9887
6928
838
627
5332
8116
803
5644
6657
7819
2363
6169
7988
5027
2104
2718
8288
4050
9613
2206
2994
8871
6166
100
4887
6040
1591
116
6955
5317
5310
5059
8775
6260
3149
6223
3388
335
7833
6770
7651
8596
9131
7721
8457
680
5130
5246
1411
3626
3500
7700
3816
4582
7155
1561
3697
1979
8305
6744
5494
3805
1279
90
7601
9153
9376
6033
7622
6873
9262
6808
2634
2292
574
4652
6194
6026
3555
8057
4220
1442
8651
5556
6110
9851
303
6568
5075
7671
2985
7610
2862
9985
6372
4594
2492
8717
3548
891
7441
6951
3511
9538
219
9587
5215
1785
4700
3165
8709
7159
2450
7543
9247
6191
5157
6305
1660
7179
9584
6466
6547
9848
2278
9228
6345
3708
9016
2398
6170
2941
5661
6677
1157
589
8529
935
2761
2948
9139
6943
5190
5895
2415
1663
5713
4704
7173
6980
6764
1937
1248
4404
963
9831
8219
2734
1166
7039
4064
3348
7368
641
153
530
9994
8773
8210
8450
1827
5313
4825
8515
8186
7999
4967
8266
7080
7167
8777
7141
4607
1268
9650
5261
3221
2408
5099
3921
3981
1197
2471
227
8569
2582
5531
3838
6867
2109
6460
9950
1181
5545
451
3101
1392
2670
2373
4980
4170
8030
9173
3953
2048
6949
969
9125
9298
6467
8680
20
6207
4174
2412
494
8456
6838
6726
7272
1541
3810
8713
1886
1064
9890
7758
4500
9308
8082
8444
612
7508
1342
9139
8507
4356
1819
8246
7744
5330
5683
284
3198
1414
9800
6361
384
8242
4062
5861
5289
4173
9984
2169
720
2484
4151
5373
4388
1795
819
5197
4019
3501
5693
9991
3155
5420
208
5282
4684
2638
7718
6493
