7233
1
864
5292
8643
-9874
-7699
3139
-8458
4688
-7240
-4463
-6878
-1517
610
-2049
-9424
-9850
3821
-9356
3742
4502
3326
4550
575
1267
-6621
2311
-1753
-5629
-6805
4861
-1015
-9256
-4135
-7151
-3616
-7298
-7851
1384
8785
-1034
7345
4928
3949
-735
749
-9631
-934
-6805
7610
-8613
-8597
-677
-1299
-2391
-1893
8090
-6093
-5513
1959
-8915
-5496
-2715
198
504
-7292
3493
-4254
-1477
8631
-2303
-4646
-1635
-2619
5269
5181
-6090
6649
7104
-7231
-9149
-5265
-8368
8035
-5477
-9699
-9841
-5367
-5501
960
7195
-9115
8429
-8413
7738
-2281
-9372
949
-3311
8274
1879
-8231
-9178
8439
-9546
-476
-1049
7584
-6098
4886
-1684
-7045
-9924
2454
7669
7785
-8169
-8711
-8012
-5456
1818
-2406
-4335
7068
-7753
-9781
4857
6904
4872
4409
-1833
6030
6357
1466
6188
2578
592
-7805
-6482
-2561
6243
-1815
4006
-4250
6606
2143
3252
630
257
-5003
-4478
-5880
2385
4334
3367
-9083
-6743
6173
8245
950
5997
7663
795
4199
-7568
-373
-3298
6208
9738
-7364
-4695
9494
-5724
-2780
8296
-8763
-8763
-6456
-8823
-4738
-3618
397
4693
295
2533
5894
-321
-146
-1948
2714
9187
8445
-6326
8680
3481
-7919
6314
2583
280
6754
6323
-1231
3633
1988
8070
7355
-9873
-8457
1208
-4862
-7863
604
-4751
-3409
-9593
-741
-8107
5055
6557
5774
-73
5297
-5977
-7649
3696
9704
7439
3000
8562
-705
4031
3925
-9870
-2103
-1557
975
-5018
-1372
-9663
-3854
-8063
-4128
8303
5793
-4275
-6868
3343
-7021
-841
4168
-3879
9734
7416
9581
5712
-6241
7636
-8019
-4328
-9608
-1592
-3715
8904
6424
9780
8538
-4919
2395
1651
-2057
-6067
-5842
9085
-2364
-9735
8430
-6204
-9471
1441
-2879
8052
10
2060
9186
-1052
-3102
2203
192
-8221
4937
2690
-433
4049
7116
2903
204
8521
-1603
9607
-6273
4497
6922
3897
-7639
7127
3880
7793
3891
3886
1008
50
-8736
5639
1867
7149
-9429
4270
-4235
-3576
6710
8681
3892
-9350
4283
9650
9696
-4433
-5043
-7893
1945
-3216
-8510
7534
-413
-349
6846
-1434
6839
3328
9662
-9164
2151
-7895
5790
-6935
6294
8795
-804
-8191
-133
6441
-939
4466
3026
-8017
-2334
-1121
2781
-8884
-4211
-4165
-5171
1118
4471
-2529
8962
-4105
437
-2691
1050
-2560
8481
5448
7592
-7413
-6339
5099
9039
-6946
2274
4842
3886
-6577
4707
92
6805
-5156
-9011
-1409
-5537
2728
-1270
-7788
-8839
2235
-2966
-9434
-8189
-1759
-7094
1363
353
9583
-4804
-3332
9251
-854
4158
-9567
-1960
-4336
4083
-9093
1817
1559
3021
9709
-5032
2483
9572
7410
-6876
-7492
-5225
8795
-7405
-2539
9473
7335
4367
9756
-9022
-2239
7055
-2234
950
7661
-4939
-3149
6347
1824
1889
9956
-8937
5154
8845
4587
6308
-1888
630
-6356
8856
-1039
-1017
7588
5025
3402
-3033
6619
3526
2265
-3508
-1944
-13
-7167
1511
8862
2803
7306
-6508
-4834
-7559
-5309
9502
-6420
4864
8154
-3728
8793
2103
-6510
2984
-1341
-8925
769
-8304
3369
9662
599
-2896
3323
-8248
-4383
4320
4945
1280
2560
-6246
-5475
5074
-1920
-1185
-2262
3038
523
-647
-843
-4490
-5313
6252
4877
-8116
-7695
-300
-1122
-1117
-9997
-4027
-1109
-7488
8017
-7917
1851
-3789
3443
9459
-1475
7786
1104
4065
4558
2702
-6131
-5844
-6260
-4750
1645
4950
-942
-3864
-1771
-2991
5491
7998
-2657
3223
6237
-8838
-3425
8708
-9428
-1157
-9724
-3489
-4787
-4517
3428
-6912
-3801
-8080
7139
-6539
8810
-5391
2867
5238
5021
-8123
-4651
-7343
-4919
6308
-9470
-9649
-1503
-6879
9672
9154
-7959
-7797
7893
2278
-3969
8666
3821
-4980
-699
188
9578
-417
-3353
-6823
-4803
-9671
-8004
-7935
3170
3080
-2893
-218
4106
-8406
4539
9171
-600
368
2896
1297
3129
-5165
-7881
-8029
-6588
-4083
-628
496
-3432
1364
8245
5276
2858
1234
564
-1852
2904
-560
-807
-5065
3590
6694
-6272
6341
-7327
-2739
8387
-9120
3745
-5126
-1920
-4861
1069
-1596
8702
-3369
4822
8240
4513
5912
9326
5239
-3226
-700
8435
9154
-6204
8771
-6643
7132
2608
-2014
6197
6333
8116
-9888
8585
734
-9423
5185
7331
-1002
-4114
-1590
2034
6367
-7926
9335
7175
-1736
5475
-2560
2346
6873
-869
-2452
6550
-5897
6593
-8256
9469
-9834
-1143
5882
-2067
9496
1658
932
5921
-6221
5001
2117
-2845
-1367
818
8948
-4549
9248
4776
-1374
9426
6341
-8422
5736
1895
2569
-6667
-3806
7361
5430
-9198
165
-752
5024
1702
-7212
-9413
6019
-2640
-5158
6898
4799
-4234
7759
1652
-5337
-7950
-9997
2715
-4136
8250
-3730
-7258
-1708
6887
3081
6648
2872
-9754
-7254
7687
9211
-1067
8039
-3354
-2221
7498
8986
-7075
1901
-9845
-9902
-4502
-4863
-4918
-3930
-9845
8657
4270
-5684
9922
-444
-5134
-1428
2125
-8178
-3129
-328
-5290
-6391
-6443
-9641
-5193
-8469
2406
-379
-7012
3796
-7764
-8779
1262
7880
6235
7578
-4217
-5946
8449
-6139
7005
-6875
9154
-8628
-5268
-6307
222
-4797
1092
-6687
-8567
-2176
-2692
4629
-5851
7391
-9693
1366
-5679
-7917
7657
7113
545
4683
-3612
-4048
9270
-8668
7887
5170
3726
-1833
528
-106
-9313
3478
-5260
1605
-1505
4621
-4524
6913
-507
-2476
-9642
-651
-6153
-3538
8548
-5647
-2546
-3116
8440
9679
-9738
-9112
-5775
-7192
-5870
-3254
-559
2098
-7659
2042
1083
6309
-5851
7749
5239
6714
-3335
2236
4885
2592
-9035
4482
-3145
-719
-4851
8761
-6318
-6762
-8095
3990
-5879
8844
5254
637
732
7565
-4027
6640
4091
6122
-6890
4950
2543
4707
-2328
-8361
4438
166
2565
2039
3578
8847
-3921
9935
876
-3150
-318
9524
-5561
-777
2827
419
-6461
3727
6740
-3412
4012
3676
-4682
4221
-4380
4873
-2467
-5574
-4638
1649
613
-5871
6107
2628
7653
-3612
-842
-7849
-8223
-8473
1850
-5044
-9247
6215
7901
8568
7256
3196
-2601
5819
6788
9167
-5709
-719
707
-5434
-5962
1521
-3422
7468
7478
-498
8962
-8414
-7825
-32
-1767
-7280
-8981
2768
8243
4820
1008
520
1478
404
7479
5966
5131
7715
-7492
-5349
8277
-7204
-289
-5708
-1452
-2215
4658
2243
-1572
9180
8221
-3404
-4765
-3699
3514
3977
-7651
9181
7943
-6865
-6294
-8674
5348
1794
-235
7423
6178
1439
-8776
-6909
-8135
1477
-9040
6210
7259
-227
-6838
-81
4438
-7639
3126
-6643
6897
3847
-4995
-6642
9767
-931
-7267
1921
1624
187
4085
-759
-9605
-6199
403
-5644
1654
2930
3562
1062
3297
-8536
-2077
3986
7816
6339
1948
-3980
3501
-9271
-124
707
5204
-3472
-8168
2556
-6371
8274
-5950
4128
-6887
3811
6197
8006
840
6808
284
-9455
-7443
6301
-6827
-4148
-9777
-5743
5002
1632
847
758
1754
-4945
8775
1098
-1979
514
-2401
-9173
-4897
-6066
3836
-611
19
-69
-1069
844
-628
-911
-5123
-1176
-1472
-5223
4837
-1721
5976
-5090
3795
2669
-1266
-8372
-9701
7247
8076
3915
861
6408
3648
4707
-1671
2663
-92
-2794
9625
-3230
4591
4102
5061
413
-8327
1441
9052
9235
-9672
8722
-4710
-3499
-538
2126
-4871
2820
-9287
-5445
3796
-962
-3430
-7843
3478
-288
6254
2643
-3623
-7306
-7252
4229
-2120
2888
9115
9256
5718
7457
-7057
-8160
4968
-8079
9345
7755
2555
1521
-4492
5578
-5345
-1266
764
-1615
1303
-9379
8714
-3981
9884
-1844
-6547
1940
-5689
-9381
-7237
-1704
6514
627
6974
7245
3367
-2671
1305
3976
-9628
-9126
-6660
2178
-4505
-9956
436
1547
-5271
-4646
1833
-6859
8474
6472
1258
3560
4727
8558
-6838
9713
-5221
5164
8913
-984
-4816
-1976
-2390
-3557
-6962
707
-7873
3813
9000
-5496
-2085
-689
2949
-5508
-7328
4287
-6348
-4672
-1017
2248
5519
3053
3689
8770
-5387
2677
2680
-8456
1219
-9886
2307
8897
3252
-9079
-5351
-583
9572
3660
902
3624
8536
-780
-1873
-1037
-5965
5075
-2556
-3866
-4407
-7430
-6708
-1808
1917
-9999
-809
4395
-3384
-3706
-2476
-1960
-551
2432
-5530
4987
-6121
-9882
1371
-2422
7567
7700
-828
6446
7537
-5980
-6904
9210
-1498
-4237
-3679
3340
-8225
-952
882
-2492
-9787
-5836
1383
7796
-6090
-9548
-3980
-785
-7883
549
3744
-372
-3594
-7352
845
-5098
-4634
4994
416
1747
5697
-6728
4227
-5127
3821
-68
7058
9888
-618
7280
-6701
7124
6955
-8560
4544
-4831
1870
9245
9714
801
6614
-5263
-6954
-2987
-2412
-3385
955
-1694
3816
-8950
6194
-6553
-5035
7444
-658
1335
422
-147
-4882
9472
4541
3641
-222
9281
2264
1450
2705
-5488
-6967
7993
720
6215
5602
-6264
-7913
-9752
1465
123
-8548
3698
-5892
-3056
1961
-4175
3217
-6705
-8974
1804
-8134
-1661
5319
-7109
5758
2516
9909
-2531
8861
6268
-368
7739
5169
-4766
-3324
-7593
-2589
4395
7078
-8801
-5880
-5361
-625
-3309
8243
3317
3981
3079
6111
-4597
-809
-6769
4342
-310
-5475
-5639
6115
7575
-397
3915
-8464
3468
-8994
-7293
-8019
7001
-1798
-2621
-4198
5391
1418
85
-7715
4650
-2037
-9775
8296
2245
7031
8
-100
-8712
-9442
5652
694
7376
-5697
737
3398
7008
-5650
-5550
5817
8322
-3766
2030
4838
1758
486
40
-5674
3081
5628
-2700
8274
-5608
6572
-4470
980
-4402
-8733
676
-9955
8346
-9574
3317
-4438
2346
3740
-430
8153
-4755
-1291
-9824
4443
-9735
5687
-7526
-9362
-9767
5213
-3291
-1920
4644
4057
2357
-3850
997
7695
-254
9171
-2942
-6518
4954
6777
4335
1364
-5328
-1803
8426
-924
-7827
-795
5564
4710
7659
947
-2681
-1630
-9657
9848
6926
-1747
1844
5082
2633
3342
7568
9027
7652
9239
-9140
-850
-4537
613
6842
-2900
-8717
880
7289
266
6018
8404
-47
1891
-2032
-6149
7580
8801
-7347
4665
-2316
-8399
-7215
-1276
1941
8725
-6659
8840
-2601
3029
-1988
-20
1683
-7504
7664
2427
-9510
-1000
5423
4689
8749
6996
-3620
5303
-8715
-6186
-1905
2328
-3076
5129
-7887
-9093
-1643
7163
-9776
2833
-8566
1764
-8596
-6350
-4845
4187
2076
4264
-1204
4964
-4003
-4387
977
1705
5921
887
518
-6093
-7566
1330
-4588
5670
8653
6539
9735
-2354
-4025
-3159
7621
-922
4087
505
-6287
-5592
6223
6965
-1506
-3083
-7317
4991
-7722
1543
-5015
-918
-9056
6395
8950
-4521
-8492
-8149
-4566
4699
-7327
-7672
8481
-2357
-1520
-4305
-4084
8192
-5308
-7621
-4526
5601
275
-9703
-884
3540
8202
-4236
-7219
2456
-1560
-382
9887
-7684
8092
5435
8178
6807
6679
-3161
768
-443
1981
4432
-3108
1426
-2415
4751
-4733
3470
3363
430
1277
-2848
-473
4639
8138
-5452
7146
-8890
3382
9995
3974
5846
4034
5855
-255
1318
-1278
3164
3991
8864
-6183
3463
95
-6213
-8923
-4016
-5179
3553
8014
5465
5431
8802
-9031
9899
-7763
143
-1729
1347
-7116
-2606
4778
-2184
-4085
668
660
-7085
6893
-2312
-2165
-418
-3755
2479
141
-9040
9390
-5005
3991
3864
-6644
-6099
-5751
687
-7168
-108
6238
-4825
-7439
5570
9668
2695
-9174
-9476
3168
-8032
-6929
5032
6571
-8602
-2860
5025
-6550
6226
-49
-2273
2394
9792
9982
8483
-7472
6663
-8159
7629
-6163
7039
-1130
1814
7304
9936
7731
-9595
-70
7451
-4841
7236
9705
6320
4290
3381
8853
-6538
-284
2731
2436
-179
4024
-4677
9748
4451
-8468
-7125
-5376
4368
2322
1984
-2664
8
-2040
-8804
-4763
649
8080
-4246
4151
-2879
-1570
-6917
9779
8174
-5381
484
-6378
-1041
-4529
7695
-4007
8216
-4435
-3662
7793
6295
-3068
-5999
7130
-905
-4481
-2639
-5218
2011
8481
6503
-6013
2400
4936
3044
-8320
5150
1962
-4837
-3753
-4054
-6026
3052
5047
5594
9899
-4090
-6494
-504
8525
-2900
-2087
-215
2919
8615
2863
-3659
7120
-2648
6751
2748
9377
-6
1878
-2512
-962
-6770
1606
7841
3515
1257
5676
-7558
-1444
8807
424
1416
-6093
-4722
-9929
-757
-1428
741
-6316
1088
-8437
3202
-6219
-1073
4473
9851
-2734
-5434
1350
-2990
1679
6410
6796
9511
-7407
8113
-1759
-4295
-7967
1899
-2193
6339
-718
-250
1675
-3079
-8602
3674
7232
2247
-6445
4649
-322
-6331
-6803
6862
9772
-4641
613
5882
-1751
-196
7973
7882
-1984
5951
3438
-5848
453
-2563
1064
719
1588
9267
-3819
-5057
-5540
-3684
5814
-7215
-6016
6232
5568
-5449
-8993
7245
7956
-4282
-1466
-5663
-1762
4480
-1789
-3701
-5194
844
-7916
9290
1645
-8505
188
4038
3483
-670
-4017
3507
-857
-5889
3539
-5839
1389
-4990
-6402
6973
-6646
-7641
2525
-6594
-9149
-1271
6928
5114
-5810
-2652
9337
-4918
-5579
7660
-5423
-3276
8660
-1459
-5034
4699
-945
9483
2803
-5819
-5081
-6068
-3726
-3838
2779
5895
-1428
-2766
9534
8990
3106
8210
-4147
-1720
8449
8140
-8816
5886
-3057
-4709
8290
3630
-562
-7283
4770
-2428
1280
-8809
-4329
1565
4431
-8665
7762
-9579
2864
3286
-6488
-4335
3735
7397
-8506
-1241
-9106
-4033
-7527
-9446
-7124
3757
-4154
-6097
7908
-2249
-2275
9661
5700
7118
-8128
2600
-9551
-7405
-3374
3866
8485
-3946
-2571
-8818
2972
4771
8980
-429
9237
-587
-6073
-7535
9371
-4679
1791
9899
-5477
-7040
7528
-6775
7559
-6200
571
9307
-1927
3704
1557
-1460
-8143
3223
-9990
5428
4859
-7184
-3359
-329
-3945
-5715
8366
-6824
564
-1011
2924
1385
9855
-3763
1337
-1584
-276
-6313
-869
9216
5236
-3332
-5404
9693
6955
-4579
2356
-1704
-4780
8799
1049
-4516
5112
-3229
2694
-6739
3835
-4371
-6014
-7323
7354
8166
-1545
187
-2856
-2844
3205
8242
-7878
-5334
6935
5444
-1578
9573
-7499
1378
4809
-1180
-8554
-3958
-1525
-1098
9779
-8029
7183
4837
-9060
6705
3502
-1283
-5756
-9641
-9356
5717
-6874
8844
-6081
-6230
-94
-6419
4900
-9645
-9618
5157
8864
-3794
-3116
8541
4765
-9519
766
9749
5907
-6890
553
-2426
1736
-5368
6435
5980
9632
7606
9401
-7830
791
-7303
-9903
5427
9404
1478
242
1483
1656
-5220
3228
6408
5123
1205
-9278
-5486
-3460
6290
-1346
2057
-3204
8311
-6150
7693
-4181
-1272
-9140
4483
8812
8525
4130
-6496
4525
1088
2188
8527
3669
7083
-4209
-624
-7365
3365
-6403
-3863
-1085
-6219
-5598
1357
-5865
-7254
-4363
-5437
1984
4749
-1976
1932
8912
3779
-1214
8184
5105
-597
-6066
322
4891
2092
7907
2463
-2009
9898
5685
-4538
-8452
7857
3863
-5995
6352
315
-3860
-450
5690
-7738
-2804
3744
-7161
9884
-7060
3132
1374
8020
8528
3732
-8234
9926
-2724
9744
2399
-5346
5175
-4217
-8561
-1235
-8885
-3771
-2472
6047
-3668
-4318
-7212
-2172
-6472
-8613
4598
-9007
6207
4910
8769
-9088
2981
6829
9271
-7698
-2336
9377
-3061
-1850
-750
7727
1121
-3359
-703
3789
-7592
-4543
2610
7966
-4360
-819
-393
-4150
943
2612
-8331
-6040
-5834
-1579
8282
-1756
2726
4037
-417
5716
790
9960
1717
-5724
131
8225
3767
12
-2810
2208
-7981
9915
4230
2260
3516
-1344
-3781
-9201
1382
0
-410
3806
3701
8872
4784
6668
2862
-8978
1869
-5298
3221
2208
-4231
280
-9333
-680
-6771
-3314
-6860
3958
-4852
8477
-2609
-1070
-3872
8176
-3960
2722
-3347
7995
-3067
1767
9113
5142
-2034
-7165
-6686
-5584
6198
-9801
-9694
2768
2073
-3944
6603
1582
-5493
500
-6551
5300
-1097
4825
-4018
9432
-7034
-400
1382
-5372
3842
5541
8708
-3322
5086
9156
-875
-1335
-3222
5748
8934
-8528
8823
4687
-8567
450
-1963
5572
-686
4045
-7329
-7618
6328
952
-7349
-1076
921
-8398
-5850
-23
66
4305
-8529
-8783
-9488
-7741
5154
1048
4218
-7452
9178
3947
-1997
8312
7071
-158
6151
743
-5860
-7788
-3220
7468
-6481
-3525
-2796
8245
-9731
9754
1851
-9695
9746
9290
228
-3171
3440
6470
193
-590
-3185
5981
-3131
9808
168
-533
775
2117
-2151
-1911
1637
2782
6501
-7891
6542
-5691
4381
5774
-7974
7222
1548
-508
-2745
3727
-5218
-8879
4421
2291
6401
-3444
9905
1403
-2641
-4454
-1362
-4188
6821
5965
-636
1074
9369
-5014
6789
-1144
1968
538
-5725
6625
-5725
-969
5581
1900
6848
-3052
3220
-4509
3040
2677
9759
-5475
-7987
-3561
2896
-8715
-9481
-2946
-6693
2949
-9775
-385
1132
1225
1328
9098
135
-5211
-7853
5963
-8843
2146
5282
8528
-8501
-9799
8998
-8919
980
5310
-2586
-8126
-9663
-9072
-8458
1644
-8370
7738
3545
-7762
6516
8572
-6945
6173
6849
-5340
-5760
1937
8846
-9788
5783
-9951
4462
-2828
-6628
-4785
-1963
7460
-3471
-9288
-5948
3039
-6183
2917
-2235
-6072
6455
1803
2801
2108
5697
7302
8929
5657
-3062
-8565
292
-1807
-9086
8390
-9288
1129
8615
9369
-4791
125
-7206
-9610
5304
1992
6094
-4440
-156
2932
-3712
-1663
-9086
-9426
-965
46
4973
7089
-417
-9071
-7240
9072
8188
-1232
1969
-4995
9179
-4821
-3128
4396
-862
-6221
6749
-1850
9475
4184
-8908
3671
-4531
-7316
-6180
-2721
3808
-1218
7619
-5480
4805
-9032
-7060
2794
-7680
9764
8435
1944
-8093
864
-3693
-809
9036
-536
-198
-3877
-789
-3094
-1519
-5696
7114
-1155
6979
8609
-457
3518
-4145
-3273
-8831
5249
-707
-1693
9488
-5782
6815
-8303
-647
-7716
-3493
-5311
3499
288
7108
4347
5598
4317
-9014
-2407
-4383
-3693
7759
4943
3598
3705
1367
-4740
7470
-7243
7406
5557
5476
3629
3240
8616
3098
7843
-6143
743
9161
-429
-3207
2785
6681
-4631
-5028
9898
-9414
-4640
-2917
-6698
4189
8510
-434
-7165
4275
-429
-2346
4738
-5011
-1576
-8390
-1388
1324
-571
8019
-3178
-763
9344
2637
9776
-2230
494
-184
-8861
3999
883
-598
6054
-3315
-886
411
-5706
790
-302
-4009
6568
8496
9647
6051
7664
5717
-7631
-4690
-7946
7656
-1536
-2238
2350
5027
5316
4184
1557
-3683
8869
-1662
-7788
-3618
2871
71
5578
-4754
-650
-1334
101
727
7669
3874
-6003
2516
9404
-3605
1114
8098
-2151
3937
8095
6572
-1058
-4600
4710
-4055
5210
-56
2900
8404
8907
-8933
2644
-4243
2284
1025
-8187
-7410
-8469
6248
2259
105
-617
-1713
5542
5662
5727
-3179
3635
-231
1218
5187
121
-4984
8297
-9756
-2656
7054
5954
6684
-9721
3248
-3319
-3253
-5648
-1640
-4692
239
4439
2672
-7436
6963
-2721
-1858
7202
6789
-9132
2138
626
-8552
-8709
7188
5588
-1616
6449
-6991
6530
-3302
-2560
7356
8137
1649
-2840
-6590
997
6201
-4713
671
-8831
-8669
5300
-3078
-9923
4405
4944
-5705
-3171
2878
-6015
3657
-3805
452
7928
3913
2235
5585
4788
8409
4781
5379
8150
1108
-9145
6992
5937
-8062
-6277
-8835
6350
-9313
-4513
-2957
1780
-5307
-8754
-4795
5131
-9643
-1497
8354
-6497
5699
279
8727
-506
2259
-433
3221
1389
-5789
1789
-325
-1100
4373
-7154
423
3726
2836
-9237
5949
-5359
5369
2421
5410
2180
-5076
-3702
-1193
-7214
608
-7676
6551
-7916
5371
-1193
7323
-6675
7156
-1225
-3569
3413
6298
-6888
-4853
9956
-1915
-248
-3655
8594
-7913
-6168
736
8895
-730
-1291
8488
-4136
3903
-3721
3493
708
-5810
-5322
-8166
-9311
-2714
-2128
1624
8410
-7552
4197
-9131
-9539
9160
2863
2006
-2857
9681
-2027
4283
2207
-3185
-4156
438
1452
2335
8327
9281
-5328
-2613
2009
8448
4756
-1134
8072
-9828
7768
-1061
-1746
-3948
8866
-9019
5283
-2650
-7839
1013
2211
6437
-9809
6325
6416
3465
6190
-6773
-5683
-4067
-5166
-4052
-7929
1864
-5077
-6188
-4898
-9452
-7178
-2376
-5053
7309
8653
865
-3754
-7720
3542
-5592
775
-2907
5554
8213
5926
-8064
4453
-8325
-7369
-9315
-5215
6544
-1316
7736
-6344
-8266
4738
-4068
-8420
1993
2184
1789
-1053
-8697
-8388
-7923
5746
-7309
3069
-4152
166
-2545
6928
1025
4038
4487
966
7343
1499
-6618
6997
-161
9896
-1946
-2012
-6191
-4087
-7093
-1556
-817
-8910
2067
9802
4912
1309
8456
812
3688
-8444
-7644
3796
3900
4996
-24
-6487
651
-8025
8647
2713
-4054
4419
-9256
1384
6352
-8934
8316
-5860
3165
-9372
8406
-5524
-9220
-5969
-9408
-197
2063
-1190
8352
-791
659
3723
7464
-3509
-5762
-9154
956
-3681
-4066
5723
1881
9358
-9001
-5718
-6152
3289
-9148
9890
2786
-8706
4488
363
-8315
9111
-3054
1199
7055
9489
-7730
-2628
-699
105
-8688
-6831
-4424
-4046
-5932
-2486
-3114
32
-17
-787
-7920
2806
7904
-5464
5748
-839
9637
2759
1856
-36
-701
7203
-7106
3008
-8189
-3463
-3056
-2601
-3127
-80
6428
-8503
-6563
3149
-8480
-8719
8128
5874
-3327
5369
3889
8666
9779
-6932
-2491
-9480
1086
7210
-2529
7058
2279
3017
3788
9580
-7681
6083
-501
-7974
-380
887
-2871
9991
-5406
-3891
8843
8060
-1345
2914
2049
2181
1488
-1889
5802
-339
6112
-1154
-7273
490
-5535
7258
6557
7740
5116
8894
346
9895
1092
6317
-4343
1687
-6120
-4702
-6436
-7233
4063
-5346
5488
-277
-7386
4366
-4589
-4971
-8604
-1849
5167
-9234
-6078
9376
-1074
-4423
2258
-932
1756
-7963
-6805
9742
-1581
-1278
3428
1936
-3319
-3956
7580
3404
3525
-8284
-3708
1733
9573
5444
6249
-994
3152
-2212
3422
8420
-8573
-846
-7836
3738
-2468
-5047
-2133
-1736
9156
-3827
-5407
3888
-5679
1374
-6458
9027
3376
8774
-7616
7184
6503
4979
9976
2480
6481
-9194
-9572
366
1941
8784
3007
5607
-6502
8210
4629
-4218
-7399
1335
-8903
-3839
-2864
909
434
-6012
5260
8255
3269
-5418
-2792
6307
-6301
-6208
-8779
-4039
4130
-4602
632
-4259
-404
2572
-5774
-6060
-5668
-9306
6909
2405
4667
-2426
9199
-3983
-4563
-4067
-2338
-5483
5258
-2192
9864
9372
4812
-7449
-121
4051
-1642
-8964
9812
2038
7774
2525
310
-6213
-4534
5857
-9370
2339
-1118
-6790
-5342
-1952
6533
-387
-8748
-6103
7242
1210
6358
6225
4089
-2871
976
-6585
-9910
-1972
-3468
3605
7157
-7925
2844
8825
2178
5974
6185
7374
4807
-6237
-6341
-8191
-3860
-416
-1930
5530
7754
2260
2818
-8585
-1854
888
5967
1627
-6143
8535
8916
-9256
-7485
9192
-7243
-9514
1212
676
-2513
-6948
-4666
-7545
7022
-4010
-315
9273
9296
-6636
-5421
1355
1495
2941
-48
4901
-93
5128
-8888
7481
-322
5351
-3067
-6050
7639
3483
-9323
4936
8885
7715
5605
-1746
3587
-9343
4327
2717
-4717
9416
-6828
1546
1823
-1861
-7276
9325
-5373
-9221
-3897
2120
8008
-7839
-6979
-4477
5777
-2813
6101
-309
802
-2679
8323
-8698
3879
-4426
5725
9813
6912
4982
-1614
-9538
-7571
8511
-4881
-2411
5125
939
-1291
-1111
5449
-7645
-2061
-5052
-7924
-810
8103
8196
6682
2320
6006
8982
2855
-2580
2627
-7285
-1498
-1609
-4124
-3366
-4370
-2925
-4600
-7968
9321
9174
8177
8033
-602
-1593
4949
-2250
410
6112
-746
-152
1493
255
-7856
5061
8624
-6855
-5204
1931
1431
-3688
1938
4787
-7053
-9780
-4160
-6904
-8803
-7473
-1924
-8995
4557
-5949
-9304
9257
3337
-4989
-7660
7002
-6664
6740
5490
-4461
-9755
-8129
-6075
3219
-5755
1597
8983
156
3698
9499
-3130
-5233
7479
-1351
-4668
2331
2716
6261
-4196
8255
-6469
-8435
1566
-9331
-2979
2630
4681
-8656
-194
3710
3045
2469
637
8944
7543
-2903
-9971
991
2127
-9965
9676
2095
-2724
2074
8292
-8895
-1512
6414
-3458
-3711
271
-6966
6438
-1494
-9636
525
-8791
-3784
-8451
-1632
-489
-9551
-5725
-1955
-5163
-7823
4042
1999
-5266
-2480
-5788
4963
1358
-8137
1061
-6411
-4476
-5735
3428
2849
-1628
3252
-1583
3805
-1029
-3402
6210
-3099
-8044
6492
-1650
-9075
9420
9343
-7379
5600
8735
4776
8292
-777
-1087
-9147
-3590
-3384
-247
-1547
4079
-2106
7631
5561
-3136
-5403
-9015
-1878
-1578
225
-8342
-7352
3103
-1561
-6338
6255
9996
-4542
4213
3108
6070
9537
6559
6798
8656
-9670
4080
4478
-1211
-5177
395
-7866
4800
2929
-3079
6345
2552
4621
-6131
4632
-6447
1496
-916
3818
-3910
-3828
-2602
-8121
8370
-1864
-2277
2911
-251
-8704
-2320
9524
-5444
1899
-8446
6222
-6526
547
-6892
-1271
9216
6336
1346
-4830
-8159
3035
9787
-8720
-9211
-3287
-7732
-9011
-5132
-6348
-2481
-5952
3589
-2545
-6710
4248
-2836
-29
-4745
4537
2926
4463
-9651
8616
1910
-7025
7148
-7442
4249
3496
7605
-1024
-8742
6083
662
2244
326
-7964
1342
1742
-8890
9967
-4428
-4897
9769
-4857
-2322
6310
5133
-4547
9053
-1160
8653
9549
-9156
-8110
-9444
3519
-8291
8066
8627
4463
-100
-9048
6703
-3168
9474
9642
-638
-8154
-4709
-3835
-5340
953
1893
8480
8777
-2608
-8573
-5095
7261
-4509
-181
9667
-3100
1317
-4212
2524
3773
5300
-1710
5228
-7714
-1194
5070
3638
-9074
-3435
2702
4652
5716
-6636
-2276
6737
-8925
-2951
-8994
9524
-1600
-3504
3321
-9017
4
2394
4103
718
2733
-2035
8266
9497
7189
-3951
7070
6850
590
5299
890
7747
1955
-1076
4227
-3644
9463
-9012
883
8402
8733
-9352
-1389
-9418
-3086
4939
2988
-5606
3149
3310
-8540
4035
9786
-1711
-6760
-131
-5363
6808
-8140
4356
-2868
1363
-7250
4413
-755
-7207
8640
6772
4035
-9327
8942
-4576
-8019
-1733
6611
-7226
-2291
-5965
-3307
6450
1840
2556
7269
8361
2874
3846
-8976
1407
6851
-203
-428
-3382
9774
3243
9232
-7202
1742
-9482
-8489
-9569
-3203
8773
-8385
3228
-8772
-1633
8497
-4887
3041
4690
2232
6393
2318
4366
-7186
-8535
-5946
-9084
-3066
-1472
-8840
3375
-3203
504
8452
-841
9817
-6430
8890
-1901
-702
-7150
5641
-5698
-8268
-72
5196
-8498
4834
2810
-5491
-1554
6528
939
8225
8693
6657
7127
7410
-1489
390
-2870
344
5855
-7391
-8878
7537
8673
-5427
-591
393
-9513
-3103
2685
3214
-2803
1531
2237
-4892
7669
-3552
-1498
3900
-9755
-9200
5195
8434
-9935
-5826
-4944
355
5076
-1363
9633
3686
1265
-4193
-6433
1286
-2713
-3584
-5833
3768
6114
5209
7449
-8720
-8590
-3395
-7065
-4823
559
-9430
5656
3784
-404
1423
3753
-3094
-7658
-6842
2674
7008
255
7655
7645
-924
4427
-4357
6951
479
-4375
-4043
7861
2865
6572
2201
-7007
-5970
-8294
1704
2618
-4949
-8040
-1635
-9105
5540
-8976
2077
-7582
-6508
4954
-4454
-2782
-1229
5312
8544
7340
4293
858
4054
-9770
4757
-5341
-5556
-1882
6315
-5857
-192
-8739
-286
65
8428
-9488
-5039
-2093
7944
4877
-6578
5971
9037
-3160
3311
-7452
1156
-1127
1309
128
3259
9242
-6959
2270
3622
279
-798
1731
7131
1283
3031
7715
9009
2127
-119
6609
8280
2626
-353
-290
5160
9072
3858
-5390
1237
6113
-9033
-7875
-7948
8700
3805
-8765
246
-3812
-780
7556
-8692
7354
-3059
7051
1647
-4761
5157
-6621
-1195
149
-9642
-9449
7665
6622
-8946
-948
4202
-1227
-4721
2619
-640
-5800
9051
5025
-8743
3360
7340
-9911
-9777
-2045
4011
-13
4828
-7517
-3573
2627
-4981
629
9892
-6224
-6114
5062
-2355
-2037
-8590
2845
-4142
1511
2738
-5630
3271
3910
1824
365
-7396
118
8959
1263
-8476
-7213
3892
9429
6322
-2364
5585
5698
-7679
5011
4683
-3759
4020
-6549
1160
-3479
2569
-9579
-9270
3115
-5503
5295
-4752
-3023
3942
-3428
4517
-1943
4643
7052
-862
-4268
-3332
6318
-9579
7787
4011
4170
-7031
-8515
-1123
9678
3506
4091
471
-8065
-7733
-1721
-4288
-5557
-6828
3593
3335
6944
4124
-746
9277
-2557
-4718
4066
-381
5150
-9618
-650
3916
-1010
7127
9679
-8934
1588
7040
7370
-343
8921
2502
5314
7818
-1668
6380
4131
6141
-4677
-4258
6889
-9581
5434
-9172
9699
-7746
5038
7908
9700
-7406
7138
-8229
1522
787
3918
-7953
-6422
3611
5492
4914
-9590
603
-3951
4987
-3027
-8309
-2685
3764
8630
-7878
-7553
-9510
-5575
9861
9110
3513
-3086
-749
-8098
-8099
-7903
-5708
1459
9339
1251
-1061
2473
-9032
5136
-7601
-424
3393
8427
4239
-5128
1282
-7839
-7322
-7519
1575
9120
6703
-7743
9280
-5109
1814
9339
93
-1748
9782
1929
5033
5275
-4805
-6119
-7114
4437
8516
6815
-9572
8504
-9724
3367
-6570
4071
-9228
4100
2151
-5562
3976
3891
6983
9804
-1279
-9715
7359
-3960
-1658
-3461
-2934
5425
1698
-4280
-9109
-2524
-3909
-2173
6474
6500
1648
-4708
8341
-1984
-167
-905
-4287
8780
-8061
-7693
-659
1659
-6022
-2180
8020
-2347
-3527
7763
4898
-4668
-288
2033
-9360
-5205
9479
6179
-2891
-9819
1910
5836
4178
8738
-7780
776
-143
5935
-6317
5745
3920
-9761
1164
-3817
-9678
6071
-4944
-6902
-6998
-8846
546
-2602
4647
3927
2917
-1824
2536
2523
-1505
4646
3645
-2974
-8903
5470
-1252
-6459
-6173
2841
-3697
-5957
6972
7363
5171
-8397
-219
-4203
3708
-9257
9699
3265
-4476
7621
-3090
-8042
5306
4281
-8292
9628
-952
650
7508
-4307
8445
4092
2130
9084
-2634
5788
-8116
7285
-6711
-7794
-484
6526
-9467
1372
6974
-3984
7623
-1117
9991
6309
398
-2085
9429
-4858
-416
-9855
-5997
-357
829
4188
-4701
-8235
-4492
9971
7782
-8873
5763
3261
-9817
1108
7462
1312
-6603
5042
1433
405
1668
4645
4190
7857
3849
-6666
6271
1999
3176
-7253
1853
-8254
3081
-9165
7479
-6246
3504
8560
3978
-4365
-9225
3210
8246
-8108
5128
-4885
6047
1405
-2360
905
8900
6121
-3146
9537
-8752
-2583
-6550
6850
5694
-8618
-9230
-4903
1662
4597
4924
-4730
-8693
-7183
4290
4379
-1544
-3662
2877
-4990
878
2656
3009
5784
-4219
3238
-6196
-9125
4919
-4693
-7786
2600
587
-9560
-2387
-2136
-2791
2029
-9170
-1794
-2044
-3863
4490
-3802
3961
-6665
-5413
-8972
6644
-7676
380
-6535
4974
7012
7661
-718
2729
-8928
903
1455
2072
-4234
2273
4365
404
8884
8475
1305
5157
-851
6435
-1683
5704
5511
-5730
-4757
-3716
7582
-3242
-8158
-218
6204
-488
9327
-5473
980
-2475
477
8469
2176
-7550
7466
8624
5924
-4895
-1976
700
7116
-7679
9856
650
-5823
7580
74
7729
-4478
-3185
-3841
-9632
-6335
5250
-8382
-8193
-9208
-6920
-2765
1491
8215
-1242
4817
9047
-8998
-6355
-3986
169
5176
-7008
-1998
-3583
-4829
-535
8938
6945
-1420
-970
589
1407
-1305
-3277
-7496
3674
-7783
-72
-8986
-9389
-4595
5454
6559
4812
-8764
4606
-9499
-2141
4980
2633
9233
3509
-1184
-1470
8315
-5373
9678
-9697
-133
3351
-2906
2718
-7021
1541
5371
-9109
-4116
1470
-686
2478
-4673
-4483
-6358
-1861
-6941
-6387
-9395
-6089
8735
-8213
-4036
8096
-5334
-5806
-2897
1249
-3762
8433
-8158
-2792
-2062
-4193
8247
-2305
-4805
6586
1820
9274
-5933
-9533
-8831
-8289
-9135
2743
6944
3650
406
-8936
-5000
-9176
-3928
-3781
3818
1452
-5170
-5882
-2164
-4924
-8470
-7486
-3354
6072
-2341
-9655
-8212
-5262
6535
-8114
-8118
-469
8664
378
3564
3354
1729
2200
9212
8267
-6
4120
-3059
-7902
-7023
-4584
3694
-7490
-9536
7273
-3610
-1040
-8068
-8479
-4206
8598
-5255
-1124
-8084
3052
-2967
-6861
8390
849
-6033
6506
-1154
3721
8635
-7323
-177
-9459
-1902
-7841
-2139
3073
-7860
-9588
4804
4891
1721
5905
-3852
2009
-5644
-5630
9352
8285
9048
3051
2301
1769
4868
-5596
392
-8707
8329
7623
-7650
5301
-3367
-6766
-1566
-9907
1438
8936
2001
360
-2001
2201
-6347
1987
-3294
-4460
8081
-7021
-8487
-8418
-5664
-5241
6273
2395
-9280
-9960
1021
3123
-3122
-700
-1818
-2729
-8360
2009
8175
8612
-6578
-2286
-2139
-5157
-9510
-2910
3898
1614
185
-7361
-7669
-1210
7913
9744
648
1014
2255
4685
-1016
123
7933
8488
3460
-5192
6719
-1785
9903
2526
-5187
-1723
-9919
3050
1666
2533
-217
5695
-7400
-5485
-3953
7756
-9474
8105
-8047
-2242
9640
1418
-1485
-2726
866
2756
7371
-8706
6718
7494
-429
-2038
4830
3578
3349
5521
3771
-288
4730
9534
-3056
-1880
-1516
-5270
-5058
7846
-5301
-7898
-6553
-3958
7666
-7630
5536
-6434
-8126
8792
-1996
6617
7133
3750
6466
2510
-4441
9369
-1095
-3009
-659
-1921
-2678
-7424
-5565
-2706
-8652
9709
-8691
1839
-5019
6981
-7282
8503
9369
1740
2089
7865
211
-7170
-2009
-4009
-9508
-8530
-4864
-2289
7815
6097
5005
-8327
3985
9670
189
-1749
7266
-8758
4813
2630
-8460
297
5958
6784
2209
369
-8894
-1381
8747
2546
-8737
9008
4192
1064
-3828
4289
-6082
1872
-9337
7096
-5972
354
-9943
2723
-9014
1051
-4226
-1455
-4465
-4302
9815
4394
1618
7461
-2626
-151
7571
4665
-3780
5318
-4589
-4002
-6280
7898
-7862
7773
-4365
-7143
6646
-7400
-3230
8666
2293
2742
1667
6454
-427
5910
-6386
-2925
3068
-8176
5120
8783
-1853
-3130
2131
7216
-442
2433
-9843
-5061
7820
5834
-5872
3891
-9220
-7809
-3278
-9736
9290
-9994
4830
1301
-4177
1702
6768
-654
-9518
2599
-6602
-5020
1306
-5822
733
-8392
-9707
3186
7587
2261
-2606
-4558
9174
-8202
700
-9881
2568
-8665
-4834
-3212
-3189
-7032
-5235
-8023
-7827
-2962
-8016
7968
-4165
-840
-2544
-5363
4585
6431
8260
-3401
5400
-2935
6653
5769
-9166
9158
-553
-6609
-9647
184
6899
-7203
-3261
7278
8618
4649
6927
2431
9130
8372
-5044
-4876
9944
-8309
-5976
2304
-8648
7781
1231
2232
-4084
-7054
3663
-7444
8039
7364
6038
8179
-2781
-3468
-482
-2881
2029
8955
-7217
6894
3330
411
5791
3261
2418
-451
4563
-2825
-9669
5226
127
1761
-3541
-6168
5909
2850
5763
-8455
1512
7863
3552
5785
-6579
-5469
5699
9507
6051
-7618
-1700
5152
-4908
-528
-9990
7597
4363
2360
-7104
9244
7687
-8228
-3706
5525
-4666
8653
3689
-9346
466
-5047
5922
-6562
-2384
5565
-8905
8845
-5893
555
-1719
-8820
-7911
9119
-4387
-7997
458
-9793
9550
952
6840
4416
3901
-2626
-8148
-4702
-9858
-3702
4130
593
8630
7443
-430
9511
8706
6081
-657
163
2032
3585
3225
-9309
8476
9665
5420
5065
-7163
-3324
-3113
-6605
-8299
-9309
-4981
-5857
-5527
1130
1049
-9478
-9427
1273
4254
-6021
5862
-1176
-382
-6636
-273
-9212
-1186
1357
8719
141
-9336
3467
2655
-1413
-6821
-6370
1496
6940
4634
7506
-1016
6202
-1924
-3867
9036
-9786
-7710
3653
8271
-3893
-9676
2040
3309
1219
-7667
4239
-6867
6031
-4999
7953
6648
-940
8094
-4710
-835
-9470
2806
-8675
8738
7834
5558
3396
-1683
-4072
92
7662
2585
7921
9155
-4402
3874
4243
3229
9006
-4038
4408
7408
-8667
7402
2850
-4698
-5594
5530
3037
8753
5032
-5374
3969
-7634
7463
6749
2197
8830
-5989
4303
-7976
3030
-3010
8577
2681
-5275
9615
3494
-7264
-5174
-1487
-8338
-3677
-7389
-2163
-4084
7951
-9616
-6577
930
-5790
798
-9889
1692
-7953
4125
3213
9535
8604
2223
1759
6546
-667
-1413
8159
7079
-39
2888
1295
9870
2646
5975
-7052
-6729
1483
3413
5961
524
-8641
4495
-9801
-3489
-8644
-5225
9991
5302
-2131
1500
-6174
9680
-2129
9784
8087
-4889
-418
-7742
4314
-4924
-8242
-9024
3201
-7407
-8931
8346
-8317
7436
3827
5612
-3213
4368
-9740
7950
-3425
-6236
-2178
-7662
-520
-5622
-7636
-6716
3790
-9541
5304
-7797
-6527
-1845
-2404
-1597
5293
-7092
1609
5356
2728
-1333
7499
-3504
-5199
657
-3173
-2748
3688
8208
-7460
-8564
-5562
-4585
921
-2389
-3861
9178
-8884
-2126
5302
9470
5512
-4257
-6309
4661
-6080
1301
8990
-3956
1077
3277
8129
3093
5909
-5800
-1611
-7247
4857
-7865
3884
3948
-7375
7510
-8574
6707
-4883
6727
3122
-9583
9445
-8127
-3937
-893
4923
-9378
-9164
-3453
4381
7486
5234
9884
7099
6778
3965
6101
6015
2676
470
8926
-8633
-3213
-1058
-4949
52
-5123
-8086
6939
-5107
9811
6017
-132
7039
8435
605
-2379
-4239
1319
-3475
7561
-2349
8207
1177
5333
-8603
8554
8965
-7410
188
1738
9433
-5308
-383
178
-9681
7192
7256
-5813
928
4159
-4197
1467
1270
-2756
1015
1582
-8101
6753
1772
-3784
-1987
6925
2693
3877
-645
-3077
-1642
6431
349
8037
1167
-9195
-3345
4247
-9812
8709
5480
4583
-9147
90
6937
-1863
-7519
5365
4286
7476
7794
-6384
2923
8266
6293
-6059
-7917
-3477
3518
-2460
-2749
-3054
-7330
3236
-3670
3073
-7315
-1953
8845
-7729
-9904
7378
2043
7437
-6934
-2781
4120
9441
-2034
-9852
457
9561
7974
-4378
7791
6434
-3008
-4147
-1608
-5685
-5584
-2501
-1966
2348
-2090
9460
2300
-5820
-7235
804
-3563
-9377
5144
5387
-7270
3891
7747
7856
-5956
-8148
2878
-6217
7959
-4272
-7032
9839
-8178
-4878
-5874
-5966
-9720
-3951
6445
-9431
8445
-4750
-3756
6889
5330
8296
-3690
-4289
-7025
2835
-1758
-9427
5948
3163
-3063
7690
-935
-3732
7305
-302
-7737
9902
739
4427
3729
1255
796
-4601
3102
8399
1032
-2687
1221
8470
9339
-6572
-1432
521
-6716
-4217
703
7528
-2694
-3661
-2354
6702
3169
-7237
240
3246
-874
-7624
-2589
885
-6975
-5099
-3640
9802
2642
-3940
-1280
666
2631
8465
9291
-7093
6596
295
-8401
-1920
8755
-4124
-5549
-9910
-3115
-7426
237
9432
-100
3646
-4865
-9195
2518
5089
-7460
4431
-4557
-6918
4900
7420
2226
5269
-1921
4933
8832
-7751
-310
2462
9095
-3418
-8505
6663
-224
5648
6267
-7280
-589
843
-7841
-4670
5202
9311
-296
-5323
6195
4156
-1367
3575
9092
-3947
2783
-2892
-292
1613
-3647
-8575
566
5130
8524
-2186
-8653
-8928
8629
-1415
-3291
-8979
-1347
-9693
4186
-1957
2643
-8793
567
5128
-7985
5645
-5858
6348
9054
-7108
-7718
8736
-497
-416
-6211
4201
2835
-6650
3844
3802
-8583
-2718
-818
2673
-3587
-6956
-2179
2142
1464
6835
3715
8415
2129
-584
9629
-8342
1009
-497
784
9629
-5846
2869
7173
-5258
8463
4260
6613
3151
8427
5794
7022
-7414
-2773
-8805
-729
8409
-2064
-43
7210
8329
1418
4269
-6256
-2167
-122
-3901
6894
-3053
2824
5600
-2119
-2831
-42
1002
2181
-3897
-1367
6573
584
-1001
2705
-4565
-737
3220
-5912
2
5749
1978
-5664
8847
2124
-1868
-2809
-798
5297
5531
9697
9955
8373
5936
-3749
7395
-9208
-6723
2727
-5534
4873
-9923
-3255
-607
-8764
5487
5770
-2598
6070
9102
4880
-980
5791
6296
7086
-5743
4485
-9493
-8167
340
-5073
6155
4119
4301
-7212
3845
-7061
-6605
258
1673
1492
1169
-1116
-9245
-7110
7731
-7578
8209
2822
-8905
-5638
-5621
4854
8162
-3586
-5542
-9941
9924
-4061
6328
-4968
-4719
-4247
9576
6166
7350
7708
4276
7397
-3085
-6043
-6192
5678
-5707
-7977
7809
4052
-4219
-8906
-3615
9253
461
-1530
-3302
-2904
6844
-8008
-2374
-7964
7975
4583
-6376
2442
7930
7843
1129
-3707
3129
3936
9605
3295
7234
-4380
-3939
-9969
-8056
2412
-4575
-9988
-992
5388
-6400
1468
-7119
-6234
-1852
4897
7963
5129
-2329
-2046
-311
5903
712
7952
-2155
7089
6256
9027
-657
-8276
-4309
4533
6840
-3158
-999
2031
5856
-4588
-8190
-653
-6058
9505
-6370
-7938
5490
-581
5396
4725
-6771
-2788
-1698
-835
1665
-6113
6640
-4940
4514
1404
9271
-3787
1235
-3639
-6851
-5066
-7590
2367
23
6274
-8811
-9572
5102
-5564
-7012
5027
241
6110
-1096
-7038
9719
-7017
-762
9308
5864
-1239
-2998
-6873
-645
3558
-8937
8438
-8699
9825
-1140
102
-9079
8471
4620
918
9066
-8839
9788
-3786
-3685
4928
9073
-7577
3502
3386
5589
2426
-835
-4220
-5737
7820
-307
7965
-6156
475
-6911
-1349
-7888
-8358
-7343
-4627
1645
6458
704
-8103
2642
1610
9426
-9403
-875
-4456
3672
-5529
-1978
8859
6672
-800
1220
4720
654
2912
2253
-3029
3784
-4918
-6494
-8802
6188
-1951
-8962
-5413
-8188
9179
7989
4286
-8052
2259
8098
3577
490
-5431
9890
-6843
1690
5764
7561
-6103
5708
-9802
-4346
-575
-1645
2534
6830
810
5577
396
-1928
-7861
-1997
-9511
8382
6977
-8766
-1233
-4690
-3158
8619
9186
8668
-9338
-8822
-3180
-2112
256
-9170
6262
-3917
2535
-441
8945
139
1190
-9493
3169
-4339
8501
-8545
-4372
8189
467
-3807
1862
-6377
-8582
2071
-524
-6281
6796
9090
-3458
195
8399
-4624
8630
6362
7182
-2179
-5500
-8110
-1544
1272
-3719
-584
-4465
-9494
3655
-6807
2742
-4861
-9132
-2796
6731
193
3026
4635
5926
-9297
-2668
-8917
-6502
9251
-640
1479
2533
4714
-400
9255
2648
-8091
-6626
6604
-1822
8295
-8783
5365
-5752
-6110
606
3075
7165
-3359
9966
938
2970
5272
-5702
5652
8482
9471
3815
868
-1117
556
2850
-6334
-9709
7105
-2378
2760
4473
-4320
2160
9713
3687
-6082
4543
9554
-8976
1421
-1449
-5972
1698
8635
2700
-5821
5195
-4228
6908
-2738
-9010
-7332
-9949
9413
5842
-3867
-1722
-6694
-4827
681
-955
7345
-3057
-2794
9584
-6604
-5529
9203
-1616
7042
-3268
-2770
-2446
-5112
-3901
2151
-7386
-5059
-431
8988
-933
478
-7314
-8602
3976
-7985
-5010
7176
-4474
-9147
-5843
3862
-5717
-9017
-8236
-375
-1310
-2303
6643
6536
670
717
7156
-2403
3392
6795
1568
-4900
-7017
-4687
6948
-6780
8679
-835
5496
-9301
-2122
-3789
-2215
4532
-4104
-2234
576
-418
2927
-467
-9046
3182
3532
-4322
4214
6418
-184
-1383
-8736
6101
5365
-4413
-4684
6711
9878
-7548
52
6508
-3494
5263
-4840
9096
-1058
-9688
-4796
2219
8607
8416
-7596
4415
8396
-7283
3643
6814
275
-5047
-1313
9341
-3778
-3475
-4792
-8762
-2392
-9943
8507
-4045
6027
3654
2510
5760
2003
3585
878
-4665
-7101
4241
2354
-6824
4386
9813
8753
-1769
-8553
6566
1575
9033
9000
-5377
-4108
-4447
-2008
-2078
-2784
-2234
1430
3034
8204
-2350
8663
-9160
4703
-4865
-5684
3803
8294
9849
5599
2574
5910
-8367
1872
-325
-2461
4530
-1042
8258
7073
37
2360
-7797
2650
334
4493
3811
2678
4175
-1635
-9303
4166
-7377
2552
-3578
-5912
-228
-3309
-74
9320
-7566
-9532
-5467
-2624
-3514
4600
-2819
-6031
-2303
-6337
-7274
4182
4777
-4647
8334
387
5306
5682
-7068
8400
8450
2115
3424
-3196
-6216
-6179
-2809
-4519
3835
7481
-7059
8791
2435
-1732
7332
8411
-1151
-2849
365
-5375
1025
8861
-3815
6605
-4064
8307
-6872
-8350
6225
3622
-4941
-6357
2705
-7113
6879
9775
8839
3125
9734
-9540
4912
-6666
7011
-2987
-7979
-4415
-8143
1893
-3502
-9265
-9750
5294
-650
-109
-2384
5200
3386
1852
-4639
-2517
-6778
7945
-3959
-6894
7960
8228
-7229
-7589
-9666
3191
-7801
460
-1830
7004
-4649
4505
7322
-8009
-6219
4045
-3083
-231
8741
9756
-4836
3787
3408
3345
1494
-5781
8026
-2656
71
-1835
7311
8580
6519
7233
-7666
2584
8182
736
-273
9797
8346
8591
-7535
3040
595
-4811
-9627
793
-5724
-2599
9688
1988
-7757
-7223
-9166
4204
6154
-4138
-3670
3231
-6971
-9720
2823
-9914
4093
2987
7501
-2276
-3351
194
2703
4422
2286
2101
-4485
-8391
-4460
2420
9849
3123
5494
-1659
-9829
-2443
-337
-5478
-4820
2074
3465
16
-850
1061
-7980
-5277
-8811
-7777
-5609
-30
-3928
-8416
-97
7905
277
-9373
-5424
4127
-6261
1157
1087
-4835
4079
9940
1521
9597
-2034
1399
265
-7263
1897
9730
-2613
6325
-5385
2426
3431
-214
3505
6243
-3804
-9040
-3558
3069
-2280
669
8504
-370
1849
-4483
5010
1865
6517
9595
-8940
5308
-8921
1274
-2857
7462
8528
-8601
-3968
-2723
7309
-8854
2232
-2374
1135
-703
-834
5530
4503
9577
-9307
-6196
-2781
-2247
-7390
-9379
8213
-7441
-9090
4571
-9474
7982
6282
-9016
-3400
8782
6349
-4952
-2828
8995
2927
6796
2295
-9071
-8435
-4513
-7488
-3783
1822
-2680
-9101
-8260
9088
6156
-9506
9489
-1912
-6818
4697
-5660
1329
2100
-1255
-3536
967
2270
-717
-3874
1885
8393
5081
3060
9664
1359
-5434
-2412
3744
6456
-6072
9456
-2620
4614
-26
-7881
2765
-5480
-9458
-4428
5916
9512
9142
-5350
2988
4342
3587
270
2378
2703
-1241
-9207
5101
7486
6663
-4606
9240
6131
393
-6338
6799
-8211
-7598
9095
2667
-2771
-93
-1603
2469
429
855
1301
-9642
6701
8578
-4448
2186
-7097
-1202
-8784
4079
8706
-3345
-6338
-2553
-432
-4327
-8660
-1336
1311
-7683
-1516
6680
-6541
-2972
8729
-9483
781
2754
-1715
9609
-4021
6479
-8976
-1085
-6155
4377
-9693
-7954
-6284
7816
5151
-5380
-2950
-1035
147
-5158
1000
-5819
-8757
187
8020
7095
6989
2747
-6840
-3408
-1794
3741
4396
-5593
-8697
1744
-8662
-3163
3452
717
4116
3790
-2216
-8470
3962
-2420
-5478
9831
-530
7449
7179
1246
3778
-553
4844
-1682
-1594
-3269
-9429
-2827
-4697
-3670
8608
-7891
3930
-5923
2256
-5753
8450
-1248
-7773
-2313
7818
2827
-6105
-7525
3896
-1945
-9903
-3125
8555
9817
-2324
5797
9308
-3526
-9114
-7958
1026
-9014
598
-8965
2055
2997
505
-2250
2759
-1624
-7718
-2675
-3646
-9116
6114
-8950
5389
-4070
7333
-5662
2346
4570
-4964
573
8106
6442
6828
4847
-228
9858
-2016
-3087
-9481
-1514
-3764
7478
-9813
5839
-744
-402
6597
-6978
-1148
-4058
5750
-387
6837
-6361
8324
5729
-1413
-4081
8867
6877
-9824
-3058
-3528
-867
-4480
-231
6263
9576
-922
-9581
4050
2814
1122
591
5160
5170
4015
-3576
9651
-4917
4620
9861
7617
9321
6015
1531
-9507
6377
4207
2093
2592
-2562
-4674
-5999
-7770
-8657
9481
2645
3069
8923
4499
-5511
-3889
-4398
1284
1279
-2105
6056
-4189
-775
1924
-7221
-1959
5264
8497
526
-1141
1570
-720
