6660
0
-1924
-998
-7251
-1299
6445
6797
-832
7819
5017
-4382
-9283
9408
-7009
240
6023
-7063
-966
4117
-379
994
1805
-5090
-5854
8988
1835
5066
3489
5794
-7664
6598
-8008
-1252
-2978
2244
1198
-1365
-7458
7535
-9202
-2150
6533
9449
4729
-6452
-4663
-7817
-3206
831
9660
-2306
4322
-4812
1887
-426
-1008
-4362
8743
-9035
-1285
-7125
1196
165
5441
-2847
499
6192
6105
-3676
5904
3945
-4841
4764
-2154
-8466
9796
7036
-5603
-3312
7993
5133
-8597
1720
2232
9282
389
7047
3051
-3779
1608
-7193
2123
-2669
-119
3252
1193
6868
-2393
8761
4365
1768
5386
-5559
7356
9326
8886
592
-5560
-447
-4968
-4478
-2029
7743
-3566
2705
9671
-4356
-6013
1353
-276
-2651
5821
-9567
-131
-104
-1971
1436
7944
2838
570
1373
9148
-2260
-4111
-5429
-3418
-5667
-5490
-9424
8929
-7625
-9530
-4055
-5728
8870
-2288
7999
-1922
93
-2014
-7886
-1248
-4401
9935
-2256
-5242
-9426
-7922
6866
-4304
-5569
4043
-2806
7022
1344
-8922
3550
-3882
6910
-3406
-5560
-8148
3687
4146
-3611
5586
-7427
-7876
-2008
8179
8184
9787
-4152
-3360
1681
765
9499
3051
1311
-8647
237
-84
4564
9823
-8946
-9784
4033
8188
7061
-3982
-8323
1473
2443
-6428
-6444
-1740
3936
6530
-7528
8760
-6474
-7085
-6898
9523
-2918
-9783
-9733
5156
5742
9828
489
-2738
3660
-2279
-6472
7956
5789
8501
9249
3495
-3931
-7695
8105
3793
218
8505
3698
-9524
-2099
6237
-9792
-6052
-5700
1402
-5742
9505
9276
4644
-7996
6044
-3518
-1989
-497
8223
-4841
5440
7989
-1095
-2724
-9115
-9585
6844
-280
9698
8749
745
-3067
-7412
-5596
8527
-752
8411
9465
9552
-6967
-6023
-2294
3599
-5147
7869
-3669
9043
-4844
2122
-4548
8394
-4755
2959
1733
-8517
-8236
5503
5312
7447
9496
5234
7130
-1699
-7383
-9826
1609
-9994
-2321
-990
315
495
2663
9429
-9832
-6049
5463
7067
-8671
-1841
5258
3024
-7403
838
898
9416
7844
-767
-3184
3876
2556
9372
-686
4060
-1695
1121
8765
-6187
7516
4667
-5124
-1982
-5169
9662
3610
4391
-9739
-2777
-2335
4263
1470
3651
832
268
6118
-3748
8142
-1300
-5825
-6873
-1741
3059
2600
-8661
-710
-3282
-3213
-1920
-5733
-4084
-5096
-5539
-8678
-8726
-9796
7933
6165
-4913
5467
-7295
-3113
-7684
-2054
-3075
1234
-4341
4400
-7655
-6455
-2375
-6696
8819
-1814
3512
2524
8240
5797
-7623
-1228
3686
-2198
345
-3227
-4774
-3885
-3418
3966
63
-8653
-7547
4577
6063
-5493
7512
5301
-784
-8144
3166
1967
8493
6513
-9080
4087
-1755
2691
-5578
-6357
7701
6815
-4156
2171
-8889
5886
-2470
3998
-9197
-6774
3665
-3089
5604
-9520
-3870
9408
-5953
-6717
-3310
7017
-1490
-1045
3155
642
-1398
-7855
-2551
-5819
-3332
-1964
2323
-9321
-4284
1471
-1332
3959
-671
3573
4445
7655
5189
616
-8887
7805
5377
-5481
3003
-4377
-9309
-5046
9256
-9964
6055
3790
-3960
-9150
6318
-8908
9701
5756
-5522
-5362
-8066
-8455
-86
7916
-7626
-1876
1065
848
-209
-1130
9345
-2469
1270
8874
-2976
-8304
-9934
-3703
1370
-4337
5831
3043
9091
3774
2786
5522
9998
-6855
7569
6321
740
-1503
-6142
-8383
1453
1321
3544
-8168
-8226
8883
-6417
9695
7448
-1125
5856
5445
7116
-6525
-3949
-32
-2022
-6459
1154
171
-2031
-3540
-8635
-4962
-5789
-8048
5838
-545
7755
-2052
-478
-2620
-6253
1913
846
-4788
8492
6734
-7265
-8261
6929
568
-8240
9173
-2499
7194
-1609
-5606
2732
-7299
-834
-1865
3301
6954
3620
7830
9959
9601
-8311
7084
7232
876
8347
-5667
-7682
4708
5882
2632
-877
-3633
-8331
-5816
1951
9240
-4793
-4988
2744
3531
7868
-2577
1316
-2448
-7702
-4339
-2159
-6694
-9787
-7806
6911
3713
-7618
-7147
-8444
13
9380
-7309
-7252
-7884
621
8639
-2832
-6472
6600
102
6006
8547
6384
-2763
-2943
-958
7403
-1406
-1692
-4877
9494
738
2218
3861
2730
2754
-9199
-3494
1417
-4806
2682
-5134
2296
-3813
1057
-1743
1519
4733
4387
-5342
9273
-5099
-763
3557
-628
-8565
611
8587
4480
-6747
-6432
1020
-3557
-288
-2011
-4507
7111
-4135
3136
1842
4899
450
-1926
5707
7717
-1719
-3699
-5241
1536
4417
3110
-130
623
8445
5406
-3331
-527
-8439
7215
7735
4072
6931
-9503
6443
7146
-1327
-1450
-2434
7267
6654
-4879
5866
-5358
-7479
2647
1993
-6291
-2982
-6534
6286
-7928
9044
4574
8481
-6256
-1654
-8152
-4411
1461
-5145
6576
4303
6997
3215
3273
3848
5854
-5581
-9202
-8746
7287
583
5073
-1603
1855
-2233
-3426
1308
963
9371
2520
-6318
-3369
-346
2078
-769
43
-4259
-2561
-8848
-6293
9526
-933
9916
9613
7801
-4921
2759
196
-5246
5768
-4391
-2134
-8702
4322
7648
1450
-8563
-6473
-8233
4722
337
-65
-9020
6797
9647
6866
-3130
-8696
-8169
-5023
6129
-226
6169
2791
-4298
9884
6724
-7665
-9977
3461
-5866
8321
-6580
9923
7394
-6040
6235
-8673
6515
5540
3608
-2170
-5907
-2049
4825
1017
6221
-1549
7562
4462
6774
9003
8733
-918
3576
-8642
9952
-9799
-4925
1987
-4849
9440
-5867
-7074
4614
-6328
2579
3251
6966
5857
8917
-9523
-3623
1027
-3749
6231
6236
8155
8867
-7031
-4838
8822
9247
9505
-4529
-3280
-6765
4895
-9878
4531
-8519
5340
29
-1571
-5474
7360
-174
-4913
-9552
-2026
-586
-1125
-1160
6936
-7577
7062
-1788
9165
8241
-1857
2728
-4704
4318
9353
-5032
173
-2304
7498
-5590
-9539
2983
705
-8313
7557
-7197
-8822
5243
3454
-244
-9229
6136
2108
-777
1529
1224
5633
1681
9177
231
4553
-3557
8179
-5729
-9618
-2331
-5699
-5527
-4005
9759
3801
9134
3756
-214
-7600
8534
6678
44
3964
5572
6857
-8921
-8006
4040
5640
959
9323
3825
2691
-5906
-7636
8865
8111
-3380
-3676
1955
847
3611
-9381
3620
-1443
-9804
-498
9695
-3290
-7542
286
-1639
-8628
2877
-4186
-1373
2489
2321
1081
-9249
7177
-3347
-2451
9011
7864
-9009
-4072
-7501
-1078
-4938
5667
9144
4813
-2377
8611
5307
5873
-1642
-3217
-5244
-4917
1579
-905
-480
-741
5043
6842
-6341
-729
-1910
3849
-3346
1026
-7704
8259
-2247
-1574
4122
6947
-7078
2697
-9330
-160
-8150
8300
2237
7814
-1620
-2932
3823
-9769
-6692
6416
8873
-7082
-2366
2310
797
7076
-2946
-5661
-9275
9780
-1699
6986
-4890
-9035
7783
-8096
-3391
984
-9712
-8075
176
-3130
-5126
2348
-4405
-3198
-1222
1542
-5349
6948
8817
-4082
-5914
-5863
6346
6628
26
3088
-1012
-5627
3106
-418
-2775
-8660
-8421
4202
3777
-9422
8516
6288
6624
1246
5928
-7785
-6065
-9414
-7464
-8802
-5768
-9947
-2208
8700
-2275
4997
4254
-9571
5786
6089
9304
-4197
-9225
7515
7085
-8353
-4835
5748
-1170
-4573
-5147
8644
71
4187
-5228
-2008
3167
-1877
1490
6220
1394
-1947
8166
-4418
3036
-8429
6194
-1024
-5760
-6640
8246
941
-5462
-7648
6367
1267
-6148
702
-7208
-9594
6224
8896
-2513
9097
1074
-6200
1736
-6340
-9053
-4242
-4743
8169
-5187
9212
-1108
-901
4783
-2480
-6457
3924
-6167
-8335
-6978
846
-8076
9091
8817
-5328
-7836
4587
1542
6508
9007
2065
4973
2057
-223
-4273
6648
-4451
-5312
2646
-7455
-9919
-2019
-1217
2986
-5047
2259
-8940
-1988
4282
-4363
1748
9940
6644
8238
1577
1386
-165
-4681
-5117
-3240
-8814
3603
-7930
6031
-8877
-7353
-128
-8417
-7589
-412
7582
-9876
-2653
-9510
-5911
-2936
-4781
-8592
-4703
-24
1008
8125
4331
9070
8459
-2975
-5155
6977
-1445
2748
-925
-1035
7406
-2898
4788
9263
-1730
-5104
2518
-6402
-6508
3789
4279
516
-7258
-8968
8823
4772
7147
-3420
8697
8625
-2575
1785
8032
-4223
2866
227
1024
6960
5167
372
9258
-8263
7649
-5098
-2044
8805
-3538
1469
-9179
7310
-5971
-5482
154
-9253
-9995
-8557
7218
2133
-5108
7350
-8563
-1081
-1875
-4490
1920
-3092
-859
-25
-7597
427
4797
-4960
-9071
-8410
9541
8298
1652
9761
3425
4788
1049
-4057
-2116
-9262
9323
-2428
-8175
-1083
2496
878
-1760
1029
-322
2726
-5789
9773
1026
3314
3918
-2779
1398
9155
5298
7862
-5437
-1002
3635
3384
8566
1543
1809
8917
2630
9586
7387
1528
4264
-7453
-5035
6127
1453
-9781
8325
-8244
-7849
-6403
6469
-5323
-1751
-9736
-5474
8949
-5010
-1749
-7904
1527
9501
-9389
9822
-8547
6761
2108
3987
-4267
9811
2516
5017
9917
-3390
-1116
3365
2492
-9674
-4631
-1984
-1005
-2298
-9697
1819
6084
6252
78
1614
2699
-8217
-1891
-8844
3917
-619
147
-4799
319
-2643
-2341
-9153
-213
-1044
5654
-9088
-5089
1691
3285
3895
-9824
-1939
-4975
-7736
2658
-1111
9589
-5998
-527
1775
-6449
-9954
-7261
-8226
-1926
6347
-7826
3407
-4136
8796
-1829
6193
-6822
2630
5902
-1042
-1453
-1997
210
-8094
2
3020
3138
-9060
2999
-8953
-1993
9560
7627
9286
-9446
3429
-8053
9938
-1736
9129
-8256
9950
-878
7574
4735
4970
-9734
-9210
1936
9434
1082
7965
4475
-1349
-7241
840
8511
4992
-9800
5775
1394
-8097
2177
-7210
3749
8141
-2469
1357
-1771
4344
3949
399
-4617
-1345
-7526
-7359
8589
4810
3395
-8072
-8088
4385
7080
5161
-7608
9713
-6343
-2738
4050
-1311
-2409
2965
-8214
-9102
6485
-4032
1262
6529
-2670
2606
-8566
2970
-334
781
-7203
6844
7008
3474
2674
-278
-9242
-1697
2954
-6168
-7433
-8727
6002
1097
-4442
-280
-7315
-9632
8359
-4234
5652
8812
180
-1727
8007
4503
7582
-6964
-2968
7874
5198
-4694
-226
659
4615
-3428
-9986
4015
-1072
-8729
-3761
1438
8413
349
-727
-7310
2468
9032
7271
5805
-3775
-4578
7063
-1585
9178
-8295
-6086
4156
921
-2236
-1601
-3748
3302
-5633
4277
-9865
6378
-9633
3855
457
2588
-8920
-5615
2871
6102
-856
-4203
2683
-1079
-3147
-1796
8261
-7948
-7446
-7279
5396
6839
-6730
-7142
8229
-7555
8974
7082
-6517
8055
7736
8842
-6647
5169
-9582
1099
6414
-1098
-3410
7899
6154
-8132
5556
-243
4439
2554
-922
8831
-8716
686
-6068
7408
-4565
-6369
-1422
5241
5015
9372
-4968
-2177
-5299
1984
-8174
-4547
2491
3016
8639
-2405
1447
-7577
427
-3729
9624
6351
-3783
5655
2834
-3834
-9088
-5930
4418
-7145
8914
-1518
7876
-3290
-3853
-1673
9983
-6559
8906
8166
-3794
-5247
-3652
-4699
9238
-23
9613
-1611
5578
-416
9142
3642
-9418
4282
3805
5909
-4766
-9787
-4608
6014
-6928
4633
-588
-5760
-330
-9539
5602
-4140
8036
-6
9086
365
-2372
9326
-4576
-934
4816
-850
-1059
-7985
7618
-6117
-7355
-5668
3960
-5270
5653
-6424
-1396
-4709
1164
-5675
-1433
977
5281
1899
-891
-9996
6062
1400
-3589
-4822
7935
-4186
-4102
4705
2450
-1440
5834
9602
-7126
5447
524
-7012
7449
3763
9451
-1200
493
-2855
-8920
-2132
-718
9956
-7778
4967
7275
3184
101
2927
-5278
-1210
-4145
8324
2520
-5973
3433
6912
7343
9875
4103
-7865
-397
-1847
572
4780
-1362
-7220
-5348
9865
-997
-2043
6689
6402
-4705
-9435
5840
6777
-1843
-1937
5029
-5183
-6311
-6909
-1406
7301
5498
5936
4308
-2999
9837
9041
-1456
7125
9903
9100
-7459
4910
-3851
9706
2409
9767
6782
-2429
-1797
3324
-5228
3034
-559
5791
9380
5405
4677
7345
3810
4186
149
2109
-9802
2223
-8021
-1665
1737
-3658
4776
-28
-8016
-2255
-394
2996
-742
-469
-8594
3151
-6205
-3796
4214
-7212
-2033
3344
1320
5654
9301
-4094
-4627
-9505
-9617
-9631
-380
3082
-6735
621
2580
-5503
-8280
-896
-3580
-2588
7737
5253
9472
9151
6069
9290
-8025
5360
-3667
265
-2463
5777
8049
-1741
-6423
8409
9054
-4724
-4569
-8102
6256
8961
9867
-7995
4022
-1006
4781
8979
441
9021
-904
-8190
4140
578
-144
4589
-6160
2406
-7282
1979
-2011
2030
-642
-1331
-1124
7351
8743
-8208
976
6074
6092
-7113
7287
766
-6094
-7477
8081
9032
848
-4571
-1658
5621
4624
-111
-813
6190
-7878
-7721
3541
-8871
-6825
6489
-7222
1439
4982
5948
-8276
5254
-8551
1349
-2712
-2613
-6849
5050
-6271
6960
-1471
4649
2267
7735
-2589
2326
-5059
-3991
3032
762
-3373
-87
8827
-3337
-1512
3867
-3550
-9866
-2843
-7165
-669
-5547
8216
9342
6041
-2294
-4365
-6613
-149
138
7195
3251
-5042
7128
8369
-5553
8142
4022
-7709
8977
3196
2996
-6183
1301
5821
-7771
779
-1554
4206
-2591
6131
5511
-888
-6
-1743
-3345
-7427
8198
-23
6115
-7435
3393
1040
-5760
-5461
-1454
-1660
-1020
1228
9629
7669
-3397
940
-784
951
4003
-5770
3473
-2934
5526
-4084
8503
-8550
5012
9832
-3798
5603
5605
104
-488
-8320
1934
4605
-4496
-4230
-8174
1072
5031
-3381
-9120
7407
-6117
-4714
1790
5860
-6922
5447
4425
-5140
5979
6505
8998
-2685
-3702
6482
-7972
2068
7920
-4910
9474
-2210
-4485
-5360
-2281
4393
5313
7095
8370
-5303
-2804
1455
-283
8784
243
1379
-4155
7508
-3604
4436
3164
746
8843
7948
-2014
-954
-2716
-4603
-4142
4096
3634
2098
3355
-7220
5290
7357
373
-5826
2071
6300
3079
-4161
2357
-1194
691
-6107
6826
-3853
5017
-7145
340
5411
-8254
-1975
5522
7290
6459
-9929
9730
-938
1921
5521
6308
4763
-1110
-4993
-6470
-7998
5398
-8087
6052
1424
-5388
-2117
-851
-5555
-6197
-2531
5228
2775
3003
9157
9685
4272
44
-6237
2203
28
881
6745
2049
-7553
6428
-9951
-6537
-5701
-8417
-4560
657
-5141
889
-9732
1258
-5548
359
-331
-439
7746
4285
-3985
5258
-3402
-7463
-5777
-3431
156
-9176
9658
-8184
-8212
-4117
5393
-3700
-175
8359
-4750
-9836
7503
9597
-4774
-6259
-4303
-4003
5376
-4361
-424
-2962
-7108
-135
5694
-8477
4341
-9014
-1223
-855
-3730
-1796
-5084
3285
3824
6222
-9786
1447
-6354
-101
-6386
-4576
5325
4866
6378
7878
5983
-6894
7735
-5198
409
2820
-6739
-9359
-4042
-6501
1325
-9348
6240
6414
6549
-3194
-3498
5351
4369
-2034
188
-929
7300
7733
72
-1438
4619
-4462
-7647
9964
99
8602
6880
-5122
-8457
-720
-3485
-6045
-2486
8194
7589
-7117
7413
750
8530
8854
1426
6110
-6311
-1296
91
-1216
5475
3634
-9648
-5823
2255
-2049
-2006
-5693
-9317
-4132
-4044
-6195
1175
4940
-1295
-4652
1112
-3951
-8277
3679
7413
2608
7491
-9908
-5482
-1342
4060
3528
-1287
-6057
-4334
-1255
-271
9776
-5318
3261
8535
1442
9907
7392
-7494
6600
-3607
1799
-9278
-2833
4123
-839
-8794
-4891
3700
-6093
1078
7363
-9572
-6332
682
334
-5154
-5197
-7528
6633
-1332
-6304
-8883
1603
-6730
1291
1538
-1985
-2381
6583
-7913
8457
-1864
-2451
7408
8775
-3100
-9288
5234
6754
2601
-4265
6426
4531
-127
5910
-7130
-2143
2994
-8941
-443
1670
-1999
4597
9914
-1329
-2579
-257
8611
3252
8342
457
-4058
4004
5818
6821
3547
-3114
8299
-7268
-3202
-3291
4161
-6091
-774
1247
-4103
9189
-3886
5103
2921
-1412
-4384
-6913
-3152
9415
5179
-5014
5581
4633
6131
-7667
6913
6182
-1642
3238
-7571
620
-8911
4263
2330
8054
-7837
2825
-7984
-1831
2541
8047
8415
-7220
-4723
-6386
-371
3336
8105
2553
187
6608
-7327
6783
7493
-6792
-5488
8970
2121
2608
2384
2404
7177
-3315
-7808
-3603
2853
244
-3399
1840
4611
-8344
-9960
-2075
-4594
-4446
-9316
-4536
-9609
-9901
5017
-8633
-4734
-7379
-155
-3311
-7530
-8712
-1948
-9723
7797
-2554
-1892
8078
435
1688
9469
-415
80
4349
8994
-393
-4699
713
4784
6838
-4259
-7603
-7395
-5057
-3260
9530
-9568
91
8849
-6353
9428
-5710
8967
-8994
7202
-4857
9625
-8719
7574
-3970
6703
7743
7995
-5748
-457
-6092
3954
-5484
2265
-79
-1218
7629
7396
-638
-6279
2773
6120
-7914
6837
-4511
-687
-6561
-3204
1627
3734
1911
-6828
-6093
5219
861
8557
-8978
4012
-5060
-1632
9614
772
6958
-9799
-7792
-4382
9277
-692
-1258
-1407
7636
3014
-7039
6369
842
8596
7368
1035
-5756
1595
314
-9316
8036
-2709
1397
-4062
-6432
-7786
2204
-4859
-4011
4678
2179
-5032
6864
8613
-2872
-904
-7619
9836
9784
4218
9794
-9336
-1068
8032
2839
-5134
6302
7334
-467
-3427
3009
-1014
-2156
3885
3051
-8832
-9480
5881
4652
-429
-3657
1352
-2145
-6292
-3893
3038
-223
-2783
7536
-8857
-2647
8832
8993
7848
-3402
6080
196
-1618
1948
-4995
92
-792
-9495
7776
-3715
-5899
-3392
-7286
2825
8152
-7123
7519
-5633
-3458
-6058
-3842
9101
1388
5062
-365
6486
3133
-7493
8859
-4858
5783
-4838
1295
-5889
-533
8376
1221
1553
-1302
-3382
-4588
6059
-2764
2560
8117
-2239
8177
-746
-272
-5586
-2191
2385
-77
7997
-104
5554
-7660
-8376
-6382
-5281
-7875
810
8719
2938
-7304
9149
2248
9843
5437
-3436
-2433
2430
8095
1450
9614
938
-5252
801
-7436
9065
3107
3934
-2269
-5239
-2674
9307
7835
-559
-3540
1158
-4180
7032
3773
7848
4968
6443
2381
-6337
-1997
-6657
-1886
4836
7986
9527
6030
-9387
7483
-8923
4291
4784
-3262
2310
135
2696
-6421
4407
5664
6115
753
3553
5815
5634
937
-1654
4393
-7789
-6347
-7881
-7669
5492
-5167
4607
-524
1383
-3230
-3310
8671
1417
9774
-3974
-4055
-5889
9602
7345
3249
-8035
-5599
-8480
-7848
-4032
2431
6452
-917
-5359
781
-8219
-3428
7668
-2857
6919
-8560
-6664
2862
-1909
7607
-4049
-7582
654
-5908
6065
-6541
7819
-935
4189
-6043
6397
-563
-5916
84
-3602
-3442
-961
-3870
-3547
6003
9869
-2327
-4481
9886
-9308
3778
-7748
4818
6557
105
7059
-6848
7166
-2179
1789
-9334
-1127
6028
-698
-7714
-7880
1506
5314
2819
774
1516
-4290
3891
1494
2459
-1533
9948
1140
635
-8981
4694
-1284
2430
-1380
-8259
-147
2144
-7819
6269
7695
4517
7651
-9845
-456
6526
-5041
5340
1012
7912
5529
-8544
7854
-8221
1306
6284
835
7960
195
6059
3532
9932
-8716
5782
-4249
-2600
8477
-1097
-562
-5997
4908
806
-5487
-7070
-6901
-8259
-8343
-9127
167
-5016
4654
-7428
-9697
-809
8812
-1346
-9005
8074
-9942
6818
4843
-8477
8603
1323
-8165
7529
7919
-4975
-2452
804
-1079
-2015
6843
3901
-4677
-1217
-7961
1210
-6466
3161
-7274
-9370
-4093
-9396
-1379
-2620
-995
-6371
-5030
-148
-1574
-8287
-8003
-7238
3080
-4498
6487
9618
4183
7552
8059
2513
73
2418
5210
-5448
-1229
-8345
6849
-9544
264
-1397
-1198
5403
2714
2851
3714
-6091
-1860
2371
3935
3663
337
9952
-2664
-2139
-3180
4716
-956
9938
-1242
9818
4010
309
2051
-8761
-1627
-3895
-4566
-8895
3492
-3384
-8504
-2683
709
-5721
8587
-2822
9800
8402
3721
6813
-4246
7896
5384
8094
4376
-9556
-5188
-1916
-4705
-191
-6702
7789
-6922
6392
8094
7683
5405
-1860
2850
5685
3236
-6128
-7486
-2520
-7918
-3245
3230
-6909
-800
2013
1869
6608
458
704
-8289
-2728
5863
714
-2179
-9398
5895
75
7462
-1638
7995
-9649
-752
-923
-7443
8968
4976
-467
-7528
4283
-9692
-5267
-8904
5940
8814
-1999
-3066
9290
-7586
-9473
4186
2086
-8002
-23
6538
-6506
-6996
-8375
-7754
3165
9366
-1511
-2559
-3964
1559
5167
1800
-574
1270
8797
-6981
6594
-5499
2706
2924
-9235
285
1915
2652
-7833
-1299
-8993
-1835
4682
6265
8913
3758
-3691
-7888
-6595
-718
-198
-2173
-204
-8156
-3852
5728
3439
-4922
2190
8561
2806
-6024
1804
8372
8458
2652
-6964
5551
4613
1990
1110
-546
-9165
1798
8313
-9301
-5543
-941
4336
9735
-4380
-6112
-9793
3469
9940
1068
-502
-4761
-6985
-1180
-185
6217
7556
2517
3478
-1744
2482
-6012
7551
584
3645
-6767
6296
-4862
6387
-6395
6316
-5811
926
8438
8202
-8481
-8222
8693
-5656
-9562
9018
-9050
-2176
2043
-6778
-5416
-9610
2406
-7634
1871
4932
3049
7822
8953
5985
-4951
8178
4117
2499
6433
-772
9517
-6811
-5471
-3145
893
6939
-666
7661
2834
-9607
9821
-9222
-5131
9742
-2672
8259
-5855
7509
-5844
-6121
-6653
-6644
-8878
708
-503
-2636
-6799
8209
-6014
6200
-1545
-4379
3957
-6879
-5047
7851
-1414
4796
9502
3709
3281
2160
-8296
-9828
-7419
1572
9001
-48
-2390
6215
-162
863
-9844
1218
-8010
-8696
7889
-5001
2186
-6150
-8209
2204
8950
-7320
8012
-9318
9506
-6397
6570
-2929
360
922
6963
-6564
-7616
3028
7057
1667
5313
-2044
6408
8078
5660
-154
5977
6926
-8718
-2894
-9788
-1803
7479
-6713
8899
2700
4240
-767
-9571
-2237
7225
3372
1038
9800
4667
-7122
-2209
8714
-7881
8936
8314
2105
-473
6500
8100
1783
-2969
-3129
9851
5967
-6722
3710
9723
-9912
-8023
-3347
1796
4735
1682
5143
-891
9163
-1241
-5962
-4777
-2498
6319
-2670
-9238
9675
-8429
8921
-9567
-6797
5930
-7845
1419
1406
-4427
8115
3205
-5263
-4776
-5144
3328
7000
7938
9480
4426
7959
9957
9889
-9725
901
3798
6927
7115
-7490
2092
-3317
6890
-2234
-213
5655
3395
3010
-8317
4387
9489
9998
179
-9046
-2890
-1523
-9649
-5808
-3494
7870
3149
2581
-9409
-5427
6741
9814
7482
-3501
-8876
9392
-9766
5029
4467
2746
2224
-6317
2952
-553
-1947
-6013
-4117
5914
-497
5332
8118
-5870
-5522
3708
-1155
7911
-8132
4899
1295
-9391
-7022
-6808
-5133
-3471
-9761
9677
6744
-9929
7481
6222
-5268
-316
7881
-5941
-6295
-4836
-6927
1907
8116
-9583
2224
-3402
9341
-796
-7235
8181
-7931
6008
2542
-5148
9038
6963
5318
4410
7412
-7752
-6369
4177
1382
7127
3717
-9054
9814
-6300
-4737
8759
9777
1881
6425
-2182
-4302
-9735
-9747
521
-5896
8767
851
9956
-3864
2874
-3731
3267
-461
2279
-2865
1252
5149
-2874
-2150
-8450
-5472
8177
-6512
-1735
1921
9437
-1448
-4872
-772
-7986
943
3079
-2971
4490
3906
-8924
-5805
-6637
-631
2003
-1319
-5991
3821
-9942
3397
5344
5261
7016
8578
-7964
8345
7224
-2728
5901
-7352
4639
-9015
-2229
2005
8496
7049
6871
-9725
5868
924
-2470
705
-1343
-2441
-3359
-3769
8936
-3720
8890
-1073
7769
-5227
-395
3838
-3940
1433
-5560
4609
4198
451
-2455
-7474
7344
-4884
626
-2185
5496
-7717
6920
8977
-925
-4725
7334
-4680
-8807
7928
288
-686
611
-7845
6509
-4600
3791
9638
-4322
8019
-7453
-1985
9841
-3046
-1556
-6669
-2172
9532
-6160
-8846
-4694
6335
-5376
-9552
7797
9824
497
-6768
9655
-5043
6678
-584
-9250
-5976
6051
-6813
-495
6734
7480
5368
3291
-6692
-2220
-8810
2853
3181
-7013
6417
-4435
340
-2784
-3356
-6688
-7022
6837
-9934
-4219
6561
-7446
-4041
5300
-6750
-8288
-8309
462
2120
-3722
4932
-3673
-576
4199
8390
-9059
-1166
3638
-1548
491
6868
-317
5063
6388
3595
446
-4796
4262
-9127
4828
1216
-3048
8430
5600
2951
-9351
1311
5873
-7712
-2834
2416
6866
971
8897
-8000
-8833
5366
-3792
8237
-883
6423
-768
5483
7061
6780
7724
1885
5791
1204
4296
7391
9644
-55
-489
-8370
4857
1943
-5139
-9942
-3363
-2472
5850
-5604
-6128
9903
-8973
-9534
1982
7060
4762
8319
1344
9795
7783
-2689
-6918
-8711
-7259
4377
-820
-4616
3532
-2149
-6303
4405
-2031
7269
-2291
-7183
-6530
8255
-1425
-8581
7233
-8761
4426
-8759
9236
-3234
3066
-3739
1663
1923
1398
8752
-999
6140
-5723
2808
7450
-2847
-8305
6147
9786
-8489
9289
-3840
-1461
5928
-2338
-5114
-425
7762
8491
-24
1081
3859
-1235
8125
80
6962
9122
8197
7058
3277
8606
7098
-8310
1715
-9518
4543
-3793
-6310
746
9771
-5587
-3252
1288
-7772
7380
-4289
8565
2255
8599
4778
-1992
-4653
-325
-4524
-3407
8302
6769
-298
-873
-7564
373
8308
-2802
-8210
-1846
5255
-8306
-3542
1125
-6810
8693
-6168
8905
7233
-3716
-8505
-2503
9127
-3154
-3595
-8271
-3238
1509
-5800
5232
3029
-3567
9038
600
3452
5628
556
-3238
-375
3262
8580
-7347
9470
-2376
-8658
-4588
-3027
1016
-4572
-4881
8681
841
-5262
8680
-3046
-6032
2740
-9562
5562
-4311
-355
2640
5469
-8658
-8129
-1257
587
7024
829
-2713
-9619
-232
882
-9473
4758
7261
7216
6211
9229
-5969
-6641
7019
677
-3301
5207
3190
7587
6688
4926
-7747
6049
9532
8771
2589
4736
-9181
5507
1881
173
-8651
7891
8036
7529
-6382
7957
8458
915
-966
-5599
-1976
-493
-1331
-892
1925
-1668
3737
6947
-8021
-6330
5853
3527
-6583
-8819
-2640
-3021
701
4309
9987
9524
-6750
-4601
2225
2939
8245
-4588
-2704
6060
-6891
-403
-4223
-131
3820
5496
2311
272
-8645
-321
9923
1217
5151
-7672
8688
1727
5338
-8738
-2743
2762
-6789
6159
4769
-4029
-3567
928
-1080
-1769
-9794
1129
6324
1701
8283
419
-5903
7495
-3816
-4808
-4581
5845
-491
7159
-4078
8513
-1142
-7514
-4421
-9717
-8685
161
75
-7041
4000
-1712
-5889
1039
-9250
4965
-280
-2657
-4278
-6528
8281
-8777
-9327
-4411
8111
-9089
6732
-2977
-5505
-1859
6622
-6283
4798
-5487
-5528
1252
6861
-4209
1424
3482
-65
-2167
3311
-4548
-582
-1079
4527
-5391
5447
-9325
3468
3863
-9658
7691
2160
-9863
5187
9355
-4379
7
8031
458
-7568
2098
-6791
-9896
4660
-1070
-7606
-7836
-1864
8601
-9111
-2592
-8658
9229
-5583
4913
-7481
8578
-5484
-1060
9045
3713
-2348
-7287
-8980
4105
9530
9347
-4394
7851
-3041
659
5301
5140
7930
5095
7122
3752
4093
6898
5979
4244
3150
-8164
-9294
-4350
9156
-1582
-5997
-266
9618
-9661
-2731
5451
7907
7457
6035
8678
-9466
-2426
-5770
-944
-35
-9375
3858
5389
-9201
5040
9229
-2636
-2798
9838
2420
6055
-2822
-7714
3019
6265
-8773
-6480
2166
3011
-4981
-3337
-2554
-851
-1122
-1425
3193
-2985
-5173
-5474
9988
-7274
-2946
9395
3125
7728
642
-8987
3125
-8262
-265
-1593
-6725
6680
-5326
-354
-2535
-3627
6109
9632
-850
4762
1084
-2806
2687
-5212
7670
-4919
3962
-7110
9010
-779
-8010
-1723
-9543
7347
8848
9085
5029
3381
9936
-244
9143
-1363
-9269
-9123
1455
4964
9504
9601
-850
-940
7227
-2413
-3833
5605
-7057
1196
-7777
-337
-5487
1154
2604
-4085
-7449
4074
-6996
-8385
-2023
7090
-7025
-1220
2594
-946
-7573
-6821
1982
6362
-8602
622
-4634
1986
-2093
-1012
-9246
636
-9738
4026
-8225
-7976
-9739
-6790
9160
9519
-7564
4078
7973
7233
2573
8318
5417
6078
9777
-5083
4158
-1738
9423
-1599
-1895
-9616
824
-2033
1103
-5366
521
-5605
7368
752
-6119
3177
-2457
-3755
8808
8223
2771
4337
-9208
7592
-6975
-4003
-7426
8189
5909
-2468
4195
7748
8208
4750
6999
8515
-8532
8720
-3094
6467
4448
-2030
-4981
-3094
-8489
967
-5534
1404
2362
-8592
-2434
162
1401
-4577
-5014
3373
-6420
6600
-617
-5893
707
9528
6359
9903
8979
4522
4493
925
2008
-6984
1291
4880
-97
-2849
-9028
-5574
8828
7454
9954
-7005
-308
-2380
-3111
-2385
3545
4316
-9784
-6317
3939
9167
-7551
-2168
6362
-6622
-5856
2095
-4396
-995
-3319
-2266
320
8036
5345
6971
-1278
8163
-8751
93
-2214
3077
8768
-6751
2473
-5708
-8085
-3481
-4151
1092
5787
2252
3953
-4730
1234
3321
7093
-3045
5214
-4241
-1530
-9307
-4273
4631
-3509
9161
1643
629
-6561
-4841
-6207
-7409
-1701
-7580
6247
-2727
-8486
-6532
-8294
-8055
-6439
-7790
6264
-9258
-446
-9670
-8627
7998
-1079
5237
7648
-6728
-7082
8858
-6499
179
-4771
-7208
2382
1940
6353
7220
-2130
8388
-3741
-4857
-6356
-964
-1689
6927
-3313
-2536
-9363
-9788
-5762
-2869
-4061
-6366
-6874
-7842
-8290
9429
6768
-9041
-976
875
-7780
1297
-5147
6978
9107
-4616
8565
-7023
4992
4549
-554
816
-9013
235
-4841
9934
4898
1788
-9131
-1334
-7169
4043
-2483
-2669
-2465
1752
2887
-5850
-8386
-1428
6463
9123
7648
-7497
-6148
-3882
1262
3196
-5124
6462
-4445
2663
3032
9473
3980
6850
-8272
8262
-9963
-112
-6736
3986
1650
7745
7176
2637
5301
-3204
-5757
-604
824
-7517
-8567
-4837
-8929
-893
-856
-2968
-6455
9749
-1665
-6693
-1849
-1532
9624
-7544
-6650
6733
-852
-3062
3475
-1151
9098
9783
8470
8880
-5649
9054
2951
4517
-2325
2139
-7152
-9449
1085
-1284
-4952
-5218
-4393
-539
5924
6262
-1836
-9547
-2425
-5741
-6173
4429
-8755
-6714
2950
-1096
9169
-370
-8454
3633
1958
-5757
-1148
9984
-6773
50
2072
90
-9268
9130
-2722
7865
-1101
2816
74
8256
-4224
8373
-188
8145
-3167
-5617
-3742
-8747
-2371
-4058
-6280
2126
6419
-1236
6666
-8587
2391
6044
7612
5375
5629
-934
3651
7745
-7500
-4695
3595
6
-3343
9232
229
9958
-9138
-7891
-8250
-4059
2219
530
3124
-3626
-5567
-2233
7909
8304
-8407
778
920
-3963
4087
1215
898
-922
-9376
1600
-7502
-9980
-7806
8639
-479
-9988
-3954
3343
-1452
531
-4230
-8595
4687
-8963
-193
9526
5781
-6069
-4731
-9634
-8782
4755
-9785
-4378
3174
-719
-164
9815
2309
3846
-7750
4316
1680
-7647
3237
9938
-7626
8646
4372
4338
-8956
-3096
-6383
-7400
6679
4240
388
536
6003
-7687
-6616
9900
9487
-8650
4604
8302
8714
-8986
-6286
3706
4978
-2613
1826
-9109
-1230
4865
-818
-5875
9641
-979
7730
-639
-274
-4977
1791
632
1641
-8644
-9096
950
2665
4137
8646
2644
-7785
4977
-9009
-3455
-7211
3063
-3321
9817
2604
-6870
2027
147
-6015
2307
8667
-3619
-1548
-3372
2274
-3762
5998
-8692
-3287
-9
2353
-2112
5736
-8166
7067
3440
-7558
1136
-2140
-4475
-1101
9512
-194
-9936
-2749
1081
-8223
-4936
-4222
960
4944
-8593
7537
9395
3406
-6512
2273
-7253
-5508
5887
6695
-2446
-3606
9466
2465
1122
-4895
946
2635
-4714
7755
-9077
6675
9013
-9343
2317
7306
6007
8514
-1829
-8595
-1475
4384
477
-966
8877
-8547
1129
-1051
-5689
-6513
-434
-6531
-8590
-6086
-6621
8325
5065
6114
6319
-5895
-4851
6112
6078
6574
8332
7386
-1366
3275
-8313
-8660
1102
7172
-7609
-6013
-5550
695
-1897
-2697
2044
6650
-6295
-2810
-9528
-1539
6732
-1604
-9815
5806
-826
262
-3529
4480
2921
-9140
-2002
-135
-9159
9161
-4419
-3972
-8207
4381
-2322
-9893
-9864
123
1627
-3763
-5426
-1595
-1119
442
1844
-7983
-5070
-7743
-4077
93
1221
6308
3824
3233
-5219
5574
7402
7902
6460
5486
6070
-6025
9525
6803
744
4121
6899
-9876
6219
9076
-6411
5262
4124
3621
-654
9497
-5506
-1926
-7372
-9771
-4121
7409
-308
-718
-9216
9174
7903
4318
-8624
-9462
7318
418
6595
-6424
-9749
2207
-2523
6789
7367
9866
2463
-3590
4245
1977
-3696
-7178
4155
-7954
-625
-3615
5567
-8525
5003
-4179
-8106
4656
-8581
218
-4714
-2372
-7732
-7068
1181
8020
-5846
-6771
-3270
8619
955
-1279
8536
640
9
-4049
-1522
-73
9841
7744
3196
9840
1316
-5106
-8688
-1246
2493
2212
-9348
-4368
155
-1184
-3707
6557
9138
9505
7339
-501
6558
-7340
1168
-3784
4360
5717
8735
7745
-7506
-167
-9708
6614
1616
-2672
5983
-1705
-5543
-8293
-2597
-7213
-7234
5190
-8138
-9880
2679
782
9273
1534
-8100
-1703
8083
8920
9313
-7244
-7903
-8453
5263
6765
4861
-3269
-5022
-1907
-3165
-3672
8792
6683
9427
51
-4531
9841
-4188
-4054
4442
-3392
7300
9689
-2967
5042
1613
4539
3904
2812
846
5844
-3506
1172
-4381
4253
-7032
3375
-9605
6517
-3491
1794
-1184
9142
-3424
-1072
233
-5272
-4389
7050
-2877
5905
4346
7980
-325
-3851
5613
-8320
-6405
1795
-2366
-2005
-1370
-6422
2255
-120
5753
-8744
-6029
8042
6654
1715
-9327
-9676
6555
7041
-7267
-4263
9015
-6868
-4530
5863
-6172
-2509
3304
-4224
-1666
430
5133
-2260
-78
-9797
5426
-6659
-8154
8279
9827
-1883
4146
4105
9977
-61
-7109
-5994
1468
9260
-3586
8203
2849
-8352
2039
9149
4345
-561
1612
-1781
2931
-9573
9492
-4220
-4910
162
-5394
-2194
9659
9652
0
-3704
1404
7973
9677
2034
-5353
392
2456
5813
-8576
-5675
-8143
-7192
-3844
-384
-4889
-6807
2041
649
2836
6922
-6328
-2350
7661
5921
-6489
7502
7161
1580
-8316
-8981
-4868
2317
-296
5163
-4281
1737
-3934
-3343
-7170
-8906
-5162
-618
-7508
3981
-4695
9217
8292
9688
748
810
-8705
2997
-10
6221
-6577
-4431
-3262
5273
4191
4006
-9198
-8927
-9693
-8427
-9134
-1806
4647
-7063
5112
1874
3371
2237
661
-9166
1103
8339
-5126
8103
1534
9939
-9484
570
4993
1762
-9162
3292
8756
-2001
5357
5114
-294
3724
9499
3331
-6130
6756
8801
-2169
9550
164
-3992
75
1736
-7595
3383
-1459
8043
261
-8364
8591
3680
-6651
-8874
-4901
-2401
6797
5260
6522
-7795
-5159
-8035
7847
8131
-6320
-2395
4734
7780
-6314
9639
3782
6623
-7154
-1331
-1246
-3340
1371
8125
2419
4754
6058
8979
8683
9498
-4535
5199
6325
-4671
-8091
-2806
-2969
-7691
-747
-9183
-1280
-8938
-953
640
-222
-9987
-7128
-6747
75
9709
6400
-7253
5133
4788
6769
8756
5038
7385
-8028
-3104
-8649
-7029
-3427
9246
-5439
-666
-4795
-7826
6125
-9354
-792
-1201
7005
-2919
4741
-754
7780
2107
-4737
5862
7238
-9062
1855
-6922
-2872
4853
-7274
-9177
3746
2793
-1649
7499
3991
-266
-2441
1590
-834
-3552
-292
7071
-1763
4850
6515
7439
-2248
-2009
-435
9593
2699
8874
-3484
3325
6986
-5422
-2237
1462
2286
4842
-1896
-1715
-5996
-6790
-3860
-9268
-7381
-505
8018
7099
-878
-5712
6708
261
-599
-1412
1349
8419
7582
-6776
860
-2038
-440
1822
9840
6507
2295
-9969
-3439
2643
2382
9649
-4123
2345
-5273
212
3507
6152
9279
2379
4063
-6525
711
5676
793
-4080
-8912
-560
-1679
-9851
-4237
-9134
-1212
9527
9829
5911
3480
-9131
7951
-3052
9720
2477
-1388
-3470
-4081
-4687
-6051
-5374
4510
-9474
-4995
-1412
-4886
5096
7124
7346
-8038
-7879
7977
-3629
6233
-3129
351
-9901
-3527
-2933
-8009
6938
8370
8669
3945
-9352
5424
8809
-7801
-6093
-6449
-2852
-3173
1110
-9173
-3507
3224
3779
7953
4079
-9014
-9369
8646
1260
-1036
-8125
7542
261
-2354
-3750
-5165
-3625
9976
9445
4047
-7444
2018
-3293
-2728
-3966
5801
3571
3489
-8499
3923
-1762
-4110
-7504
-8821
-1988
634
1252
1303
4630
-5547
6731
6090
-226
5113
-6351
8792
1047
7497
-2470
-4558
-7965
8261
-4421
-6395
-6986
-6096
2947
2287
-734
949
-2402
-6180
-7422
6930
4637
-7579
6895
-1666
2137
-6507
-9354
3082
-6228
-778
-3917
-6740
4938
9771
-8669
4103
-60
-7597
7512
2350
-6575
-494
4946
4037
-7281
-714
4071
9024
4280
460
9083
-1462
9399
486
6318
4444
-3464
-7723
8717
5665
5631
-8290
691
-8122
1637
-4116
-5754
6127
909
-6646
-3747
-2695
2721
7762
-5199
3455
9225
-4083
6305
-1122
-6754
1573
6892
8504
-5723
-8506
-8022
4330
-1051
-7896
-7297
1790
-8371
-1912
-5066
9588
-3564
5498
4742
-2844
-1901
6297
-1544
1968
6423
5697
-3348
-2330
9114
-3914
-1490
-668
5246
5309
-3996
7923
1193
-3201
-4535
-7417
3901
4264
-6613
9045
1993
4240
-4293
-5833
1825
8256
-4793
-610
-7751
-622
-2253
-7562
-8337
3008
-9403
-3298
2246
-424
1148
-2743
-987
5308
-8600
-8907
5713
-4018
-5272
2225
-2219
-4759
3460
1650
4634
-2513
2697
-5635
-6347
-8098
4818
-9584
4799
9738
6097
8613
6432
4900
-6056
732
8643
5187
-8173
-9002
2966
-4387
-3716
-5771
-3428
-6669
-70
-9069
4914
-444
-5632
-4421
8813
-821
-1588
-6706
9692
1067
999
-5632
-2763
7646
-6640
9256
6095
-6716
68
-3498
-3903
3767
5468
1638
6669
2477
-7083
-4048
-473
-2835
-7781
-6413
6068
-1635
-4312
-6103
5759
-2826
1043
-338
-4927
-3586
3198
834
1795
-8982
-4713
8482
-9136
-9783
-2413
-5825
-9355
2737
-6219
4857
1410
-3975
6822
-3530
-5323
-1254
-2860
8059
2837
9604
2133
2832
-6248
-4696
-9050
7010
-4703
-6072
6196
-806
1931
8638
-9658
-4769
-5980
2553
-8399
-2518
695
-9267
-2770
-881
9498
-1637
7027
-4017
8962
6923
9047
-7130
2426
-4277
5265
-8992
-6804
2139
3535
204
-1185
-3604
244
-9864
-9227
-1401
-8338
9390
-5975
-6346
1020
-9587
-1078
5383
-6193
3919
4659
7230
-5469
3315
6701
8034
6562
-3321
8467
4273
-2552
-2568
-1503
-4431
-8432
3150
-1113
-5246
6883
-7443
7089
5
4225
-748
-9915
-5127
5820
-698
-3232
2240
6841
-620
-4125
-1807
-6285
1659
-7997
5119
-7533
-652
-5565
-8564
-6274
9822
6714
6312
3094
4824
-9665
-294
7833
3634
661
-7776
-7472
-7235
-833
-2602
-9173
-4488
-9057
5910
8298
-2971
-9524
-4574
-2801
-3086
-4746
3661
1257
-8105
7600
4576
-6897
5354
3927
-1718
-8268
-2800
392
-3460
-3381
1978
4059
2955
-9481
-9393
5598
6759
-9603
9663
-3130
524
-6801
7136
-5283
8033
8321
-3617
5104
1273
7779
-3131
7405
2981
-8966
-3830
9042
-8197
2035
6307
-924
9016
-2161
-6636
8007
-8409
-898
5825
528
4340
3224
8767
-248
5506
-5777
2391
4301
-3169
5737
7870
-3389
6854
7122
416
7388
-1258
-8220
-564
8145
-3719
-6171
-1227
5836
8975
8013
-4907
4592
4440
71
-9915
-872
7873
927
8863
-5268
-6415
3420
7769
-1344
-3476
1507
-394
8225
3651
5220
-7669
9672
-7490
391
-4184
-5655
-3524
-2523
-6706
-2643
9079
3182
-1599
505
-9829
-5370
1918
2822
8286
6765
-6558
-7533
-9235
-1002
-9762
-767
-69
-329
-3361
-6326
9908
-3994
46
-4008
4730
6573
9291
5587
8322
-9397
6888
8146
9197
3309
-5252
3886
8285
7151
-4635
7852
-6533
-2522
-124
5903
2056
8728
3343
6891
-5014
-9196
-3021
-6345
-6733
-4639
4605
-6379
-6312
2321
-9787
1237
-1802
3961
-9369
-7594
-5421
-3508
9086
1959
-2286
-8727
2116
8374
6505
9535
-433
-5180
227
-3430
-3346
3665
-8486
-6246
-8547
-1595
-4456
9529
2363
-3818
4246
-5433
-5155
9042
-7433
-8288
3748
7001
230
-2192
1549
-9243
7965
-3762
6740
9800
7194
-4132
4997
-6365
-3713
1761
-5654
4944
-8902
5638
8107
3730
7059
-3052
3497
-313
2481
-6012
9784
4924
8059
-9308
-923
3674
6133
3886
593
2554
-8795
7690
5441
4859
-7275
6074
5009
2362
-9367
-9195
9844
7332
5356
-649
-8908
6134
1657
3507
-67
4227
8994
1782
-694
-162
-5887
7489
9001
7186
-6682
7369
6703
-9411
3042
8888
2494
447
428
-3479
123
-1387
-899
-7448
1503
3809
3
1268
942
-6792
-2599
3058
2183
-2716
8881
4230
-725
9607
-7704
7399
83
-8728
-4922
-3793
-82
3811
-4136
8229
-3954
3640
4979
-9650
-9984
1235
-9805
6077
-7790
2270
-3794
-6679
1355
-3055
3314
1140
-5084
3130
5879
-4732
-2535
-7598
-3875
7889
3568
-721
2947
-5263
-4249
-9228
966
4515
9398
-4154
3675
-1049
5298
8888
-8410
-8147
-903
8344
-4649
-7424
-4243
4512
1673
-2397
2342
-7693
-7498
9289
2637
-203
-8733
2301
-463
-7238
7330
-2996
2880
-747
8626
4832
-8734
-6128
-6798
2985
-1118
8521
-871
2953
3855
-8666
5814
5133
-8506
2195
-4357
-5533
-7939
-4893
-5714
-9983
-8970
-1075
4903
-5858
185
-8687
8255
-71
-5025
3037
-9343
-7233
3869
9152
-3881
-6216
-4228
-8134
-9268
6988
-6521
-6684
573
-5760
5283
1890
-4284
-280
3857
-2713
7312
7954
-5448
5676
-65
2859
7620
-2578
-7185
-3332
-5574
8318
-8417
-5126
4343
1407
1357
2763
-1395
3985
-6837
-5529
-886
-648
-1117
9354
6446
9735
-7524
7971
-3862
-9482
-3744
9626
-8614
-7625
1321
1479
-3696
-6599
6101
8114
-3335
-2156
-3219
-8964
-8432
5080
2337
-9971
1498
-8502
5956
-3593
-9203
-8091
5140
-8816
609
-7044
-9533
-676
-6350
-8854
-2440
-5529
8686
8150
2966
-8858
-2599
8852
-5915
-7125
-1935
381
-4909
1729
4410
-4868
2461
8640
-8927
-7055
8963
-8238
-1844
-4331
-3555
8192
3224
-8344
-464
5033
-5122
6906
-913
5352
8279
-3901
2196
6091
959
3132
-665
-560
7899
6074
-4350
8170
8338
-478
3664
4947
-6863
-6176
-7371
-4916
449
-356
2317
3003
6585
-4852
3569
-3397
-5557
-9718
-4307
-549
8250
-6854
828
6991
385
-5849
7777
-4733
3843
2990
-1170
6305
-4292
-9249
2219
410
5327
-4190
2405
4629
-2662
9350
-1676
7615
7688
8221
-337
7546
-6733
-4464
-3143
246
8094
-1394
-2393
9152
-5041
8055
-1481
-722
3121
-8035
-2578
7149
-6973
8016
9382
-619
854
5491
3427
1847
3119
6746
-2759
-2444
-9057
3468
-7356
-8220
-1196
2390
-9054
-9805
4070
-6290
-9748
3367
-4543
3601
9501
231
-9316
-8170
2174
3296
-536
8170
8430
284
1392
-1205
4620
-6988
-3850
3244
-8162
2373
8058
-1228
-6065
8073
5866
-7522
-9704
8705
7900
-8517
-9635
3192
1332
5209
-896
-5480
-8929
-6858
-8692
2812
7946
1151
-4109
-7317
8326
-2385
194
-8546
1386
6796
-1137
9873
-8918
2973
-5110
5509
9579
2907
-862
-3802
-2144
6528
-2011
-7561
3084
-5695
2843
680
-9166
9370
-96
3110
498
385
-9615
8432
7373
-2581
4638
1844
-112
2655
-7997
5410
9850
284
-2040
4060
9708
2183
9567
6260
-9457
-483
117
360
7982
6420
3439
4679
-8754
-7092
392
-3594
-6680
-9375
6684
1959
957
-6472
-9979
8457
6383
-1301
3342
5501
5851
-6789
-7228
590
-8738
-7581
3416
8772
243
-9684
-2950
-4075
-4275
-4331
613
-503
6036
4622
5327
-2683
2547
-1462
6856
961
-8193
-9732
7494
57
394
782
8195
6205
-5792
-9076
6688
-1067
9920
8899
-9129
-1855
-605
3596
-2863
-2300
1252
-1858
2357
9767
-9348
-165
916
-3253
-4640
8621
5727
-7123
-8689
-3434
2116
2831
-5238
7308
-5414
-1281
1329
-3818
-5719
5595
9748
1409
-9604
4538
5482
-254
3394
212
4458
-4544
9849
-4896
4003
-8380
