3279
0
-3
9964
1555
7793
5320
-3241
-3934
2786
-8991
9044
1420
6465
1832
7222
1577
9637
-9267
2073
-567
-5102
-8382
-2176
-7989
-1634
-514
2625
-3561
-227
8014
-1191
2833
-1708
-5606
8252
6306
-2885
2187
-7388
-6735
2276
9686
-8719
4
1727
6765
-9908
4852
7577
8677
9572
-7155
7416
2558
2366
-2873
-7416
2185
-3335
-9962
3769
-924
1392
-941
6041
-6859
-6913
-2357
1009
-4532
-3978
6235
-1924
400
-7439
-7787
-9631
-2583
7040
-5300
-97
-6522
-1385
1262
-2351
5668
-294
-8319
-352
-4249
-7010
6834
-4880
8741
7595
4094
83
-3068
-1313
-1185
5361
7634
-5875
5154
9899
-9198
8517
-7800
6141
3550
-2077
-8924
-2703
-1558
-4693
9610
9458
4811
-869
8323
-7184
1532
-7850
5393
6311
-8073
3736
5448
-8025
7743
532
-351
1434
28
-904
5844
6913
9809
5639
2457
-2979
7017
5385
-2232
-3842
6340
9086
-1213
-680
-6183
-9946
3875
-8915
-1222
-2718
2818
-6972
1384
3781
-1224
-8916
5969
7777
-1748
-6994
-9167
-499
1938
-1319
-7883
3147
-423
5122
-3297
-3399
1777
4130
-1175
4947
-7035
-7417
-4536
4680
2123
-409
4606
-3510
-5333
7814
4955
-7299
-1003
-4593
7183
8112
7933
9430
8940
4384
-6992
-3945
-530
-2812
-4008
8678
488
6448
104
-4362
-7202
-5867
5626
9428
5274
2196
4524
-5864
2093
-5282
3810
-1918
-4798
8860
5089
7810
-631
898
-5802
-304
-8122
-6551
-1157
-8009
-1526
6086
-8507
-6441
7875
-7813
-3178
9396
3418
-4257
-6767
1913
-6946
1405
-5356
1078
-3372
1674
-2335
3996
5041
382
6340
-6553
9048
-5448
-9221
3885
-5632
-3906
-3629
-1585
3111
3842
-1508
66
-2479
2266
4666
3970
-4803
8563
-298
-5191
8169
-7796
2876
-5242
5326
196
-2359
-9598
8693
-1306
-6393
4398
-9301
-3798
3072
-9077
-6635
9524
-2817
-1562
6353
341
5170
-6141
-2120
-4006
-7998
-4558
-3375
3935
3698
-6396
-6950
-8172
-8015
-1162
-5116
-1930
-7445
3231
5572
-3632
-3311
6589
-3863
-7261
-4068
-6639
-5808
8724
-2022
5745
-8617
2300
640
1021
8788
2604
63
2345
7678
-1440
-567
-2847
-564
6583
-3178
-2720
-8069
-6282
4799
4238
-6380
-7245
6309
2813
-5270
6129
1049
-8683
-4143
-2209
2190
3864
8525
-694
-3819
-2392
7509
6918
5804
-1879
7075
-362
6805
9182
167
614
-3691
7726
4236
6471
265
5638
-2570
4682
7205
5019
3750
-1680
7186
-6507
3737
-84
-6317
-8479
3470
-3097
-890
-7188
4115
-2154
4724
7010
2864
-4610
2559
-9024
-3178
902
-3544
6168
9793
-7730
-876
3855
-9528
3565
-5824
3418
231
-4756
-531
7055
-4170
-1017
8629
8875
498
5808
4119
5231
-9220
-5896
7636
-807
3733
602
-9209
-182
-1107
-7862
-6227
-2420
-6008
3076
7573
185
-9926
7610
6563
-8743
-6473
-5879
2150
-4809
-5885
-8353
-3951
8353
-6713
6799
8801
-232
-2577
5826
-1133
9320
1436
-3015
-5281
-9815
7989
-9871
-3765
1290
3614
-1633
-8870
2633
5140
-4214
9950
6438
8660
-5209
8983
763
4402
8266
-3099
3660
6759
-764
1579
-2764
6462
-3902
-8572
8525
9635
3641
1547
1436
2816
-1600
-1633
-6786
7072
-8252
-4368
2359
-2143
8246
-3844
-2412
-3462
-4560
3837
-9184
-4643
-9276
-3201
-7535
554
2575
8428
-1137
6635
-1905
1870
-5778
3036
-4381
-9582
-6425
-1142
2928
-1444
7610
5174
9732
3388
-2708
-3949
-9971
7748
5350
5598
-403
-7713
6075
-8978
-192
6277
-8559
-2427
-5164
3708
1519
-8719
2036
5807
7461
-294
-8169
-9651
-3920
3086
350
-7957
-6395
9284
-4343
-6237
7738
9163
8209
8995
-3250
-3006
-4146
197
-5321
-7669
4245
5039
7194
4782
1194
-7297
-3245
2920
4142
-6910
1422
8363
-4210
-8215
-4004
-435
8501
2715
-6680
-5764
-2573
-6855
3351
4762
6651
-4711
2309
-1965
4739
-1029
1569
-3373
1814
8360
-4095
3675
239
-3583
6255
3733
4002
4160
-8354
2140
-6131
6094
-9760
-7502
-7140
2287
-4476
7115
-9338
-3927
7152
-2138
-3937
4528
957
1104
2188
-4358
7976
969
-8496
-5460
3416
6328
3431
90
1764
-2481
9863
-3682
7214
-8219
8587
7412
-5616
8858
1442
45
-2764
-6198
-7462
-8786
-3402
-6077
-6827
-6691
8136
6904
-6383
-1015
9076
-2525
6586
-9205
1565
6460
7471
-2004
4953
4267
-2959
-663
-6224
9875
-5855
-2153
1225
8234
-7227
2544
-4305
-5397
1220
5119
-791
-4715
6553
6387
-8688
7621
-5017
-1654
-7346
6321
-510
3160
9634
-232
-2011
-4552
-7506
2570
2178
-5907
3481
357
-3692
5561
3524
-7285
-3895
2924
-4347
-298
3975
5091
-9891
2816
9458
-6432
-1474
-9294
4718
-5286
-1361
654
9689
-5917
8661
8025
8794
8887
-7576
-4296
-8067
-7644
-6152
3258
8913
9227
5846
9682
-7416
5571
-301
2694
-3882
8149
-4168
-9887
35
1046
-6445
-6913
-384
-8201
2718
-1239
4013
3295
8272
7046
8613
-9646
8557
9552
9825
-2150
-2956
8746
-9366
292
1084
-3083
871
5165
-7878
-3728
-2633
907
-5658
7701
7644
9046
-7417
-1358
42
-4503
9492
-8549
4718
3032
-16
-9438
-3278
1842
-5922
912
5284
-3629
-7045
5756
-1282
-430
-87
3896
-5116
8309
-7656
-2810
5494
9417
-8147
-2805
8934
-7608
2744
3345
7598
-5439
6623
-6261
-8370
-7858
-4735
-6204
-858
-900
-2090
2625
-6901
-4822
3388
-2008
7707
8488
1493
-4519
-4230
901
3339
-6872
7265
21
4512
4980
-2490
5098
7826
-5669
-1820
7705
9423
-1006
9744
7331
2536
-2384
-8159
-784
4106
-1866
275
3336
-9531
-5377
7342
-4458
-4728
-8486
-4580
9601
-2721
6618
8489
802
7598
-7761
8894
9677
2028
2033
-1648
9498
-8883
-1038
-5493
358
-5000
3034
-4485
-3352
5742
-9905
-3261
-5182
-8377
-4144
-2875
214
4778
-1294
5284
-8118
3539
3570
8054
-7641
-3583
-6458
-9644
3757
7141
-9728
-4212
7913
-1545
9762
-2280
2269
2288
7770
-1647
5678
408
-6550
1778
-557
-6101
-2361
1582
-4844
-6427
726
4770
1751
4012
-680
-22
1501
-9547
-2645
-5497
-284
-7331
-2968
9598
9845
-7086
-7534
4843
-1892
-8400
1278
-6480
-5221
9711
-8051
144
-5616
-1809
-1026
6312
805
6953
4407
3849
4560
-984
7128
5916
-7893
9120
5040
4539
3521
-5960
9928
6430
-6198
-420
4536
-222
-6090
-8105
3836
-5622
-3607
7746
-8872
-8318
1038
-1303
-1514
-6561
-6651
1813
9967
5665
9561
-9128
3193
582
8937
-7008
5493
-3367
6590
2575
-3516
4333
-1692
8271
-6557
-1488
-4244
7497
1145
-3134
-5500
2797
5073
-3269
1693
2262
4597
1154
-1223
4623
9898
2253
3970
3037
1381
-2372
-2106
1400
-7072
-439
-8253
-35
-1677
8030
-8560
-4555
-7553
-7421
-8888
4408
273
-9503
5311
-1885
3483
-1141
-1208
-756
-1240
-1669
-7623
5814
4355
3728
-133
-472
1756
-5129
4098
-6450
9281
1541
-3896
-4910
8038
-1879
9232
-2653
1407
1837
6872
-4189
-1205
-7382
-5475
1164
-4320
3787
-8038
8369
-6357
-7682
75
-8093
-8646
-1237
1122
-8359
2618
4378
-507
9767
-9439
-7567
6472
489
-1166
9350
-9610
-3746
2782
4298
9739
8390
-4038
-7804
3752
8235
6145
-9864
-6113
-6707
9267
9008
9610
-5854
-8119
7208
7168
8038
-7654
-864
1112
9588
-4066
7155
8637
1992
4075
-9314
200
3871
-8635
-1645
7892
5195
-7735
9097
1851
-8424
9459
-4554
-2326
3182
3972
7589
5990
270
-8764
-1935
-5341
-1099
3101
-1064
-2737
-1573
-8255
-431
5089
-1380
953
4032
-8121
-1037
5621
-6182
-4317
-8823
704
3366
5610
843
6094
-3263
-1366
-6737
-4791
-8965
-3901
-3612
-1972
-9312
2374
-1182
8938
-5724
-3680
6414
1913
-8223
-3651
-4814
-7606
1285
-4875
-4278
-3094
2373
-8014
8397
-6989
-4876
-1920
17
7905
4507
-7700
-1451
-4999
-7738
-2566
-2542
398
8749
985
8551
-6784
-6190
62
-6726
-9529
-1956
2304
-8093
797
-887
7240
1018
547
-5462
752
3838
3670
-1902
1764
1367
-7335
3074
4205
-3204
8309
-5293
6559
-4335
-567
-8579
8916
5757
1745
5060
-4065
-1305
-7706
-9357
8217
-9196
3856
1911
5785
3214
3614
4743
-8956
-6207
-1243
-1550
5121
9336
4047
-7099
2968
-4320
-3644
-770
-7925
4142
-3506
8704
-745
5801
-377
-5447
-6849
4839
-8856
9262
5161
1601
6243
-2211
-7830
-7192
-2893
-8122
9902
-4519
-4866
7983
4815
2304
-734
4605
-3259
-4941
-9413
-7983
-6721
3698
3893
-6662
8547
-6291
786
1189
8352
-4521
-1074
2276
8671
-9114
-8630
8576
8937
-3330
8893
5773
2939
6907
4096
1509
808
8767
5376
3121
3732
-9146
-5413
-5409
-9580
-9761
-1091
-1009
-3259
3897
9798
-8972
3969
6472
4571
-9582
7203
8581
-4431
-967
-8533
5802
5620
8948
-5421
-2523
5872
3598
-721
-7405
-1708
47
-4838
-6760
2852
7548
-866
8990
-8904
-7591
-4718
-9641
4043
-4605
3590
-4552
2599
-7389
7761
5691
-771
1608
4961
-9699
1198
1501
-3364
5671
7332
-4827
3023
6664
-3288
7096
1630
6132
-4168
-8649
3508
-4933
1046
-6351
-8127
-8872
-6532
293
2677
-2535
6997
3362
1625
-6124
400
-364
-4270
2821
-9552
-2477
-2545
3604
4105
-7942
-7896
768
5140
8422
-3236
8699
-4855
-6134
8115
-3139
2510
6047
9363
-7241
-5880
-6549
-9794
-1048
8416
-3943
97
9618
253
5352
9262
1140
7113
1732
-5441
-7842
1688
-369
-484
-7006
-8838
3627
5259
4538
-7446
-3948
-8088
3416
2606
6187
4527
-402
-7790
1488
-3461
5547
-6684
-936
1646
1762
-3245
-9859
-9748
-9341
6224
-6582
8941
3209
2509
-7153
8126
8099
-2392
8110
-6185
2242
-8138
-3026
-3011
-2132
6
-7879
1567
5467
3628
2491
-2107
8389
-9823
3656
7245
-397
-3238
2163
3693
4837
-3869
-8215
274
-4798
-2432
-9761
6560
2606
2795
5995
303
1566
-993
-3789
8400
-537
-6631
820
-4212
795
23
1264
-6705
2792
6264
770
-7127
-4543
1813
-5698
2211
870
-4205
-439
-4608
-4114
-1371
-8839
3394
-5395
-8071
-2701
9653
6739
-7275
8895
4923
-4436
1667
3887
3774
-7492
2794
-2688
5200
-3788
-3141
-2759
6133
2518
-8864
-8702
5692
-3525
-3953
4648
2643
6725
-8180
9687
1212
-9552
-8362
8240
294
9397
2005
-7720
-3661
-3953
-2379
2936
4197
4640
-7117
-606
6577
8008
-9098
7879
-3615
-9948
-3278
7920
9453
5595
-9870
932
-4542
3890
1832
7567
3477
8273
-9612
-3561
3546
974
2327
-8189
-9929
3359
8229
-7621
4275
2230
4582
8083
-2227
2328
3051
-8372
-8116
-2837
-7116
4945
7947
-6300
-6272
8139
-553
-6043
-2827
272
-69
-4585
-9796
7473
4513
-1738
7660
-1373
7858
-7476
4212
2627
7034
-562
-9297
3828
117
-9741
391
-3291
6332
-8896
-5504
8160
-7621
7653
-2013
8993
-5457
-9256
-8476
-7663
7053
1715
8943
-8894
525
1046
5287
7066
-7038
-8649
5250
-6997
6879
5263
-4197
-5557
1298
6566
-6181
-8170
-173
-6381
-5645
-5987
3052
1562
4038
678
-7209
4459
7238
951
-7522
1867
-2645
8077
-6518
1130
-2060
-2734
-3394
3822
-4080
-5923
-933
-6808
6386
2293
-3545
59
-6864
-7863
-7696
7732
-4984
-1609
-589
-2836
-8613
9606
4691
2231
4672
-5695
-5503
-9377
-9131
6340
4277
4790
121
-9995
2027
2197
4613
5606
4541
5092
-3960
-4103
936
882
9433
-7740
5715
5625
1541
-9693
8079
-4227
801
9923
3838
6567
-2236
-8210
738
-629
-7481
9579
7038
-1675
-3395
-5654
-1150
-8960
-3841
1432
3635
-5356
6262
-9958
-3289
-8391
7730
8102
6607
743
4162
4812
248
-5211
-2637
6957
-8086
-567
-9511
-9109
4395
2182
-7919
-3050
-7230
-479
-4103
-7898
-2887
3797
-3187
-2064
-1209
-4307
5262
-1736
-5099
8555
5821
-9678
-357
-2884
825
9462
3181
6944
8603
6787
4192
1271
-4033
6696
-5301
-8259
-8411
4197
-1041
-9320
-2139
-7971
5762
-8194
-2107
5738
-1817
9772
4552
826
-9366
1896
9391
-1533
-4758
-1210
-1759
9154
-6656
9090
-6913
-1142
3280
-1329
2796
7972
-3897
-82
-5353
1522
-6278
6869
2746
7770
605
4346
9346
-3803
5506
-172
-7732
-272
1444
4544
1713
-1349
7215
-1877
-7376
5070
-5093
3077
-9316
-313
-9144
-2623
1457
-8707
6062
1386
-8683
9707
7321
-1989
8812
5416
-917
4736
314
-1244
-1243
-1002
9067
6553
-2895
-1876
-3766
-8657
-6407
-9871
2285
-8508
-8359
-9728
-6247
-2712
-3254
-9487
-1537
2282
6240
9468
-4876
8471
-7636
4517
7391
1970
9929
3342
-9290
-7729
3104
-3258
1341
941
3376
-5536
4731
-7493
-430
79
2036
-8460
-3781
534
326
-5732
-6829
951
-1694
6190
-9933
-8206
-8071
-2861
-9814
-2531
-7851
9236
1998
-2405
7209
-3017
-4169
-9403
3394
3183
-3849
-1998
-124
-9698
9806
8621
3642
7940
4099
1735
-917
-4239
-6619
-5905
618
6655
6745
-4255
-807
916
-5445
3226
-6872
3709
-1243
1745
-3637
-1810
5626
-553
-9024
-5652
4472
-3164
2117
-9730
6129
957
7797
-2192
5777
6666
-3772
-9175
1398
8344
8368
9407
-7933
-3078
1394
-6230
-5664
1578
-7702
4757
3920
4372
-2010
8211
-3981
-5490
2875
3615
9479
2703
-2017
6432
-288
535
6634
-480
-1278
-8412
-8214
9152
-2641
-9996
-7586
7593
9902
6368
-4496
8362
4477
-9038
7490
-1383
7855
3330
-9685
-7740
-5899
3206
-6638
-2441
-8426
-551
-1111
448
-7662
1724
1865
-2993
-408
4602
-4250
-3155
-2421
-4391
9979
-4106
7659
-5422
-9317
7179
7716
4489
8591
-1265
2628
-8708
-2774
-9433
-4339
2273
-1785
2428
4298
3396
-9491
142
-2587
9338
1884
8799
1569
4966
-6642
7209
3209
-9842
8022
-4286
263
-1004
2805
4919
686
3810
9223
-9543
-1584
-7087
-4922
-6814
8474
8262
-6175
-4226
-2374
-6224
-851
6607
-2174
7948
-7707
-8486
1888
8507
-3598
-6213
9478
-6136
4515
2808
-2120
-1234
-2046
-5936
-6929
-3135
-4362
6945
-3759
1450
-9582
-227
7560
-7387
-4006
8547
-316
6524
3131
-5330
861
-9042
6065
-2309
4753
889
-6482
-3050
-1548
-7966
-2427
7870
3598
3355
517
-4197
-2539
-7645
8939
-6651
7653
-21
1233
2337
-5079
9301
-3949
6538
9846
7601
4244
5607
1076
-2181
2625
-2931
4484
6177
2694
-5318
5047
2858
2900
1407
-3968
-9952
6389
5846
-499
3205
5041
-6744
6785
1977
-2273
7843
3373
2200
-5030
851
7388
-3545
-3789
7174
-9993
-9890
1148
5718
-751
1568
4582
4233
9074
4344
-9708
3179
-3887
6391
9279
5422
8725
-2477
2393
4860
-8606
-1424
8583
-6163
-5353
-882
8780
-9770
8510
-1856
9719
-7209
-2118
7744
816
4159
8549
-2600
6979
1058
-1197
-9846
6294
6523
6580
-3927
7301
7032
2107
8669
-9075
1760
1611
9602
-2707
4753
8960
-1148
7177
7573
941
-3653
-3954
-8883
-176
-9441
4315
-3700
-824
-6318
-4819
2212
9023
-3335
6965
-4587
-7062
6759
-9431
1339
-5232
5660
-2459
-7452
-448
8606
-9446
5328
-18
596
3393
5975
-3076
1518
6205
6242
-5026
-4102
7752
5887
6519
491
-8687
-593
-3709
-5878
-5206
9486
1628
-4008
2707
-5468
-6260
8914
-9402
-3130
-3742
-4088
-7715
8968
8404
517
-5417
-9090
3902
-6926
5830
7103
-4932
3804
3296
-1662
5096
3459
3748
-6503
-5243
-428
-5389
7276
4747
-5566
-917
7966
363
-2319
-9598
4718
8484
5228
-3404
-9856
-1502
3898
2366
-88
-2118
3071
4798
-3803
-7848
-3121
-46
-6354
4921
-6286
3491
2581
-2276
2863
-9521
6278
-7835
-344
-8101
5396
-1835
8044
7258
-6339
-5643
8094
9689
5387
-8409
-8023
907
4800
1003
-6869
4611
5977
1448
3594
-4050
-2885
-2504
-1448
2913
8374
9623
-3579
4809
-1692
6244
-9916
573
1626
756
78
9104
437
-310
-9006
-900
5561
-8266
-3967
9185
7005
5306
-6008
-1727
5138
-8906
4113
-115
-9625
5152
-1757
-778
604
3283
9183
-5661
-6640
1265
-6100
-7555
-4625
9737
-2915
2823
-1083
6393
-6001
-3990
-8002
874
2184
5157
2830
2002
-7797
-1260
2959
2801
-1188
2656
3298
8404
6168
-1774
-9360
-8765
-153
1715
6444
-1809
-5154
-237
1805
2771
167
7187
1380
8023
-5260
-856
2437
-6976
-8479
9097
-8677
9474
4091
4064
-7362
-955
-6611
8262
6806
7546
-2613
-4819
8922
-110
118
-9135
6382
-8202
-3460
-4980
1739
6370
9724
-9119
9698
-1245
-7713
8948
-1499
-6319
5859
-5276
5164
1873
8461
-2571
2787
4690
-148
6193
-2503
9708
-8094
-6931
8220
-7514
1523
-7076
-4391
-415
1597
1339
1878
8920
-9701
-9000
8579
6678
8978
-1486
-8820
9917
-6846
-1693
-1897
9402
-6039
-8192
-8638
898
9894
2916
-6796
-6860
6967
-7550
637
8211
-6082
-343
5965
-9389
6297
1338
-8128
-6943
8529
-2594
6523
417
1766
3413
4740
-9099
-9918
2685
-2076
-9557
9770
6294
-1074
9181
-1959
7
-9469
6790
-3939
-5719
735
-3109
-7126
-9574
8309
919
-7797
-6848
9506
-1693
-6584
434
2613
-3334
-2607
5944
-8806
-6326
4151
-4312
4892
1954
1042
5028
8717
-9717
-3644
8759
3803
2556
-8085
3875
-9502
3224
6493
1192
2101
1510
-9766
-4086
-5059
7366
-9270
-3080
3428
-6524
-3280
7210
2020
-7989
-4720
2895
-2087
-6626
9591
-5800
8560
7910
5915
-1128
8942
2775
-4048
7170
8187
2235
4645
-5074
6582
6736
-1472
-9784
114
-2458
-5516
1289
-4903
-1439
-2889
6873
5072
841
-375
-5625
-7879
-7222
-8563
6787
9102
2180
-2933
-8411
43
9482
6289
8303
-7589
-6429
3432
-4309
-5115
480
3639
1487
-3853
-7686
5856
-9741
-5255
7649
-673
7987
7192
-2527
-969
-2495
-2223
5968
-2266
8957
9346
-3205
3966
-2000
-3665
140
-9630
8118
4283
2781
827
-3963
515
9924
-4345
-6594
-7405
-4249
6563
-8675
756
530
6660
9193
-3504
8409
6703
-1526
-4019
-7948
-4578
-6680
7850
-3604
1627
-329
-3221
3491
6845
9742
8347
-9884
-5112
8531
6014
-7863
9140
-7977
-7948
-5850
36
-5414
4130
1365
-1799
8985
8740
-6429
-6287
948
9310
-3253
-2359
-5942
-6814
8224
1610
6654
-7925
-9914
697
-8975
1798
9857
-2890
-4879
523
6981
1150
-7250
909
-2105
5788
389
-2625
-3908
3506
-7291
6275
-8547
-9434
-7792
-1211
-7742
-3939
-370
3606
-5636
7074
-3719
-1058
9801
7151
-6194
-538
9669
1435
-8618
3480
-3574
-844
5526
-5259
-4695
4509
6878
-4109
7565
-211
6993
8465
1672
4513
-9825
-2320
-8946
-5880
1323
5044
-4760
8649
-1164
-2481
6390
-8195
3841
7073
-3810
-3033
-4717
8326
-3748
7030
5722
6640
-3696
-9415
1487
4017
514
6740
9683
-612
-959
-179
-3793
-2141
-3215
-2383
879
-4550
-3913
2292
-8311
-9496
-729
-7175
-3169
2144
-7385
8958
-228
5173
4322
1808
-8215
386
4560
3529
-89
1341
-5771
5521
6942
3508
-7966
-1892
4494
8542
-1454
-8199
5272
-6067
-5266
294
5730
-5185
1238
7205
9500
4072
3958
-6107
9972
4290
4776
8766
4105
-9361
9983
-2288
1403
10
1387
9142
-7549
7103
-4873
6545
3744
-2151
-9242
-9353
5587
-3076
5368
8586
5395
3547
-4639
4317
2923
-833
7256
-2216
707
-6271
-3674
-6594
5281
565
7469
-7842
-11
1676
7007
6211
-5173
-4845
-1242
-2716
5151
-408
-584
-7431
9507
-6360
-6847
1658
-2704
9168
-4209
3302
2101
-4214
7836
-1435
7137
-4465
3391
-9560
-1661
-4989
6675
6462
6615
-7413
-4877
8284
4618
4045
8576
5626
-9734
5087
7820
6545
-1596
-3518
-9538
2708
6333
9411
9422
8404
6569
-935
-8466
2445
7649
3915
-8161
4296
-7416
6126
-4537
4998
7677
8697
-2303
2321
-6634
6363
-4054
-5190
3668
-5298
6001
5281
-5382
2390
-3975
4484
-593
6787
-9038
-1713
-2505
9195
-506
-7646
-3668
8820
9090
1730
-3329
5426
-9235
-6164
5389
5164
-2056
-6837
5042
-3981
864
4933
1703
5847
9205
5676
-1740
7858
-6490
-9517
-5951
404
-7239
-5915
7211
5681
-6916
-7471
-339
-7769
-4152
-1436
326
-1360
-9382
-7525
2773
-3761
8414
-4762
-1654
7815
-1231
7963
3063
8638
8031
-5587
-9259
-1943
3002
1347
-4081
6890
-2899
1574
-9265
-8143
-2066
-8084
-1553
6480
7113
-9990
-1701
7590
4858
-1328
-6157
-8395
8633
-5076
-7573
-8846
-2940
-2522
-3330
-5031
-9693
69
-1393
-488
273
-2328
5663
4421
9176
-6015
-5667
-1172
4737
5843
-6027
8557
-6942
2137
5075
-9114
-7868
9731
1303
-8315
-8570
6942
7265
3101
2809
5480
-7111
4162
164
8611
4384
-6808
489
-5387
9917
-1718
-1963
9314
9831
-1762
-514
-2066
-3020
-2278
-6878
-768
-432
-6835
-3856
-8762
-2347
-3084
-2266
-7988
2437
-3664
-9938
205
-4768
2924
9011
-1165
-2224
2933
-2340
-2805
3793
2782
-5564
9461
-6495
2492
1236
5745
-6950
8163
-2761
-5904
5327
5544
3091
