6991
1
3162
140
8444
8204
3429
2842
4783
3919
3581
2613
167
6935
5606
826
3556
2380
2996
6836
5482
6088
4513
294
1111
9739
9934
9526
8811
7977
7811
1305
8940
4279
160
9035
3609
6167
7803
6204
7946
3449
4362
8810
793
5074
4794
4060
2029
8879
9859
9131
1935
9585
4716
9695
8118
3503
938
162
6230
8814
158
5105
3331
7284
7431
3782
624
861
339
2870
3545
9276
8587
8425
2088
5463
2698
2914
2857
8091
7010
593
8375
1127
7253
592
4371
2318
2557
2635
2643
8307
5332
6790
4594
9518
273
2450
830
771
7695
1598
8114
4580
9238
6393
4602
7267
7036
6000
8289
4758
6028
1310
5672
6483
5894
1475
977
7198
6629
4569
9521
4815
5719
9812
5121
6488
6943
1942
4902
5608
7191
8894
5518
4433
9780
7260
3320
9316
6155
1180
698
591
3167
1408
7906
1904
1441
7299
9917
2358
508
1388
6227
6650
2803
9849
8800
5152
4423
7512
1391
7630
1347
1956
6095
5645
1145
129
1292
3389
6815
3521
7436
5899
5406
4051
9258
1421
8069
646
77
6373
9761
4987
6145
697
6621
6600
799
5385
3175
1318
6915
7281
9528
2169
3300
6093
9416
1618
6853
2156
5682
2975
8077
9121
4189
4524
1017
5777
2510
535
6249
454
2058
8617
6539
1146
6279
4707
6956
5805
7633
1733
1196
7314
9390
2364
7050
1719
4958
9638
7813
2571
4543
8399
5135
4332
1554
6941
689
2965
2420
5857
9097
1082
353
9717
7751
1455
4132
3772
9122
8689
3563
4491
596
9352
9420
141
5833
437
7472
5055
7118
1393
9975
2090
8024
3215
2612
9846
8589
8653
718
9416
7076
7612
3117
1646
2114
1431
9856
1366
6208
5723
2608
7842
7891
6421
4983
4459
2508
4083
8251
9333
2208
7683
5361
5609
9481
9687
8408
3131
6506
1275
6243
1235
2874
2854
8015
8609
8438
4787
838
2972
9221
1318
6997
2421
6624
1045
9940
3206
8261
2501
8706
5956
6618
5178
6994
8615
3151
5630
808
6779
7938
5538
4901
6522
2848
1197
5450
4717
54
920
7940
1043
9532
8333
323
3040
9583
2098
8275
629
4109
7697
7219
2876
2652
176
7774
7275
9289
4557
9807
4606
6844
3184
125
5031
2268
9074
9791
5316
8464
2584
6489
4727
3425
565
2131
648
2316
6725
5177
5534
9656
9745
3008
6670
4083
7455
4507
5176
908
7556
7358
1998
9572
7280
1771
1943
5033
1344
8083
8018
4517
7792
3152
7199
8363
7575
7130
2083
1021
3417
4265
1191
8335
6445
7607
5247
3002
8350
887
6282
1220
2443
8355
4364
8114
5965
1370
6121
3974
9094
5633
4190
1593
3781
252
3855
3215
6710
4636
855
7613
4071
2956
6967
4312
4568
8655
2336
5291
9366
1813
4331
7118
9901
5199
1065
171
4110
1259
4337
1798
6770
8247
3639
8849
5626
1262
3272
5125
3391
4973
6228
1505
4862
7087
9168
6811
6211
8575
6426
7851
8625
8901
923
8148
3775
6129
1191
6420
6242
970
2944
571
2906
8992
349
4015
3570
5211
5887
7178
3421
6856
4662
7301
3054
6928
3441
6764
5183
9752
8724
3312
3373
4077
4877
4216
8152
6499
6980
6158
6134
3765
508
6127
8004
4680
1329
5859
5719
7306
1851
3988
1913
6851
9942
8204
1032
5780
6172
4206
9736
660
8750
8065
655
7479
5789
3800
7538
4022
2144
9902
4369
6727
7412
6803
8161
6500
9261
617
351
2200
6333
4680
2271
4028
8873
6720
1816
3053
2037
7769
750
8637
1413
4341
7741
8213
2464
6742
2137
3577
8396
398
2465
1564
240
754
6582
5637
4589
3718
8845
7501
3546
9760
8214
699
1953
3296
627
3443
466
8225
2801
2315
6469
3364
2793
2202
3325
6066
6092
7827
7561
7281
7125
1176
6861
7487
5025
7474
1038
6361
4266
7660
1965
1025
4375
3143
5551
4689
6280
8161
1760
4802
8277
5223
4952
422
1583
7973
4917
6514
4909
8209
4261
4407
4927
6049
4378
1333
3106
7183
3090
1409
8513
249
1449
4728
6949
9730
4255
8581
5351
7876
9196
6359
9679
3775
8827
6574
7811
2887
5173
9992
2962
3184
7463
3096
6327
3647
1572
673
1765
3495
7612
49
3494
2846
727
2209
3697
8243
3707
5534
9514
7217
9076
6202
8642
4212
916
4068
9627
2546
8185
7087
7165
7954
8213
3877
7280
4339
5416
9242
5569
1640
3764
9465
9268
9171
7323
6711
7684
246
4814
4742
821
1340
2030
1993
4297
7404
1634
136
2111
1117
5083
4820
9951
6363
2811
7545
49
4170
5064
4619
6776
2166
7568
828
4044
6705
6995
9492
3204
7993
3608
2668
6901
6629
5481
9228
2190
5747
3060
5374
6695
6229
4303
9477
241
1403
6412
422
1820
4943
4533
5466
6884
9340
4084
6240
118
5841
1722
9451
922
4190
8644
9939
8305
4875
6892
7660
8608
3418
944
5892
7545
2726
3009
6678
5182
7624
4388
2019
940
2581
1673
5528
2659
2744
3810
1759
5807
9077
7289
412
1354
6874
1195
3132
7466
6746
6992
3888
6336
9850
1567
1932
4045
7962
2165
3226
8050
6539
6859
3660
2322
999
3647
501
6432
898
537
3690
8886
1906
4039
9176
758
2213
929
2589
3294
9338
2646
6397
8070
6042
1944
99
1334
583
446
8423
2759
5298
423
9380
399
7191
9389
8998
7503
9074
9982
3075
9517
4626
2574
4194
7723
741
2770
8196
2174
7651
8881
1180
5142
8779
1312
182
6221
1339
2119
8308
6512
4246
7665
3548
4851
4570
7111
2402
6616
6601
5333
6195
9993
2685
6274
2282
1587
6356
1450
4893
9004
5877
4234
5043
6266
4433
5281
7542
2078
5409
9012
8626
480
9385
3586
8545
6922
9563
6248
5286
3524
9418
3925
5679
5858
2528
3227
1946
8795
5301
9771
1819
2587
5228
8531
4052
4183
4124
6878
5348
6869
3678
7915
1784
7694
7859
9561
9008
7776
5370
4394
6597
6825
5839
7731
8212
8394
4943
5301
2641
5686
3293
8325
8332
9580
313
5995
6194
3646
3791
422
6037
1668
4326
8953
5044
2607
9277
5313
5
6847
9079
4419
4914
7293
3580
9863
6686
4251
8693
918
11
6274
2320
17
9401
8948
5724
673
1989
6624
2508
7193
5674
2810
9286
8226
4227
999
1073
2721
9694
2720
7692
3368
1099
4808
2106
8698
238
7686
6322
3211
8880
2582
9906
1623
5207
2010
7685
2712
6564
2048
8236
4957
8768
7454
4227
4472
1053
4497
2716
6523
5836
8560
1257
8912
8215
9608
3211
886
5387
822
725
8502
667
3446
6389
8339
2420
3615
2144
9198
4023
9782
6860
4466
4078
7789
7246
2288
8112
579
6148
4913
9144
5555
921
5940
4937
549
597
4413
3643
7490
1894
2333
6846
8167
6336
8169
5820
5741
8054
589
8743
6680
7188
9002
8125
2668
8016
4302
4248
8758
1134
8679
9252
7790
2390
7938
802
1308
7600
7350
2813
9183
1034
6380
2199
258
5130
7731
6651
5024
9904
6946
7213
5184
8373
4961
3323
7206
9675
1695
7322
7777
6101
1497
32
4070
1856
6356
5812
7132
9765
6740
8691
7725
4825
9114
2312
3431
5091
5660
1729
5258
1523
1217
862
5901
9829
474
9176
1472
6820
2807
6179
6173
3196
8137
226
3924
2128
9956
5740
4919
7480
2676
1289
3776
1418
9550
7067
9123
530
3583
8778
7987
2375
34
7251
83
8641
4596
2062
3011
4581
6429
7767
3663
117
315
6140
3248
1103
1060
5352
1754
9517
2100
9878
2156
7424
2938
6580
7363
2119
384
4653
8571
4633
6652
594
3252
9873
2084
3975
7289
4041
1975
5635
7074
164
6971
6172
3592
5130
8866
6962
2081
2308
6586
9337
9529
5638
9887
7337
7139
5951
9777
4415
9613
5506
7733
9633
1051
9467
531
5945
8368
1622
4494
2437
4325
7552
1268
8284
4063
4393
7021
6717
8584
3502
8865
8976
7118
2891
8247
2195
4800
5598
1720
587
2473
6773
2929
7650
75
5459
5219
1634
7470
7825
1483
1074
2536
515
2559
2661
4858
4961
223
8455
6600
1570
434
8650
4025
408
7340
9345
781
9214
3062
6611
5606
5574
4550
5711
8862
7551
6451
2034
1451
6234
2036
3767
8552
8174
2445
9214
2113
6511
598
4292
1351
5326
3173
6865
7195
4828
4545
5407
8110
7125
8557
5862
5901
7729
7372
1354
2129
9662
4587
5940
7011
268
1433
2051
1929
4773
7564
8484
1713
138
7488
615
2564
1135
1261
9824
8258
3766
8469
9999
2433
6961
3708
4481
8023
1471
6938
7702
8031
8050
9877
3417
5590
6895
4932
8934
8701
7296
3049
7574
6952
3247
6195
3167
7087
9181
7165
9210
4869
7108
3930
7850
4258
5187
5488
2293
2641
5302
5432
9021
7701
8265
2
6657
8531
6858
1765
3081
352
6864
5188
2042
9287
5190
9998
3920
4557
4320
7830
5698
8308
5479
1266
6515
1734
2987
5887
809
914
916
498
6418
508
2861
4293
2248
6083
1434
7217
9682
8203
3491
9370
9729
3413
6390
9440
4035
4440
5430
7961
7808
5047
5273
3738
9405
1128
495
91
5633
5121
3011
6233
3444
626
3037
5204
2809
5788
5521
6136
6883
9797
53
7569
483
6792
7791
8530
5389
2871
2201
6052
5513
3486
2790
6059
8744
4024
8364
8646
8032
8316
3672
3012
7711
3267
470
9025
737
4531
2221
7096
4902
4592
4847
4524
3068
2062
1687
5948
1070
5607
6684
8068
9305
7677
1970
7958
2611
7309
1540
35
7873
1853
8079
4149
3165
8150
864
3338
7564
2007
7119
584
5919
6620
4148
2579
409
4300
8548
4043
7969
5388
2949
4975
7526
7331
7192
9941
3559
5249
1019
6148
9165
5517
6107
5988
5870
6429
577
8233
3456
2363
5879
7086
1700
4888
1807
2747
8847
3396
4751
9016
2609
1181
83
1135
9190
7313
720
5493
43
3799
7617
9496
5893
2159
8166
8098
6549
9615
8570
4468
5494
5305
2078
817
5863
1239
9819
7120
9257
3155
9174
35
6761
6680
1284
3885
4085
6236
5189
9452
4956
4043
553
7969
9676
3644
8465
2725
9033
6162
6111
2514
4342
8063
3375
843
1998
5477
8806
365
7023
6095
5160
5728
9873
6572
6570
2255
162
2195
4076
9874
4267
6651
9317
4637
6570
3228
5436
2129
6130
1195
3475
9151
736
3414
6567
6561
5696
745
9295
880
1342
3191
8163
1624
2328
5704
5112
4041
9777
4941
8637
1256
1672
9104
6003
5105
7040
4723
9792
9913
318
9104
1051
6801
7535
8450
30
1513
6609
5868
7406
5788
5368
5743
3260
4646
7067
4941
5268
2511
3080
6626
7759
8368
7156
4249
5667
9487
6555
639
3511
1623
5632
8697
3984
7136
210
1451
836
4176
8426
7736
9109
7150
3650
2394
676
9219
9075
8936
260
7432
6292
8265
1841
8298
4177
9045
2652
6001
2033
3562
8831
3013
4808
5061
9294
6542
4453
6540
7518
3602
2893
7920
4771
5558
383
8543
6401
6706
8750
3699
7306
9717
942
6166
7720
267
5603
1740
8601
9888
1593
1468
7246
188
1628
9209
8257
8422
7737
3517
7668
1935
7834
5479
3243
2371
2150
7613
1852
2074
4215
944
9804
4478
4606
2736
3215
4929
7539
9756
5144
1791
3299
7113
9150
8481
9709
654
8699
6981
6166
2782
7846
7778
4219
4236
6908
6202
521
1278
9133
4162
9392
9071
1665
1985
48
7301
8424
8196
8930
6990
2211
9089
978
2861
9118
7788
5300
9451
8548
2806
9994
4388
2355
2370
8626
6192
2624
5534
9131
8792
1230
2348
6252
3408
9175
7213
4762
1948
9094
8066
2174
4606
3430
9977
6405
4809
4680
2875
3816
4602
7521
5060
5874
8345
3036
5920
8858
6963
7908
4705
5742
9958
7130
3997
2478
5849
1294
9401
2396
7823
4324
8503
2194
6180
9834
218
8325
5094
8449
737
7675
2942
8169
6010
598
4327
8904
6196
6473
9460
3047
4694
6301
4002
9899
9064
8963
4848
57
9632
5035
1163
2445
2142
2021
5793
3758
8984
6892
9643
8146
68
410
7163
7455
7190
4627
4158
7076
9429
7271
7752
76
8132
7981
8150
9477
1647
478
2768
861
7285
1282
1630
4618
7991
8762
1249
1762
4990
8591
711
1652
6746
5126
5782
8328
5611
8052
6763
8422
6035
2624
846
8314
4429
6188
6708
3643
1373
2707
1806
7654
9781
1295
598
3703
7957
8643
3988
5339
2779
3686
503
9139
4642
3301
1407
953
9899
8737
4931
1742
8837
3184
4838
2004
9221
171
3848
2763
2819
2448
6397
9109
1419
137
5503
2566
5745
9552
1618
5016
8900
367
5526
5502
9268
5231
6064
1039
71
1512
7461
937
9497
5792
2848
5560
5119
1108
7158
9283
7767
2546
854
5459
3325
6829
8579
2827
9234
5037
6872
8759
6273
7496
8529
3921
3611
5940
2317
6253
979
3475
7178
4921
9718
9482
7700
7731
1308
5976
7247
7225
9197
4025
3435
4350
5541
3756
2764
7939
4317
1515
2226
4877
8345
1283
2188
562
7720
9669
861
1150
7102
6487
7710
8049
1006
185
4812
3312
3877
8975
1072
1163
3720
2208
3812
3946
4302
4304
440
3609
2649
9418
758
1204
6784
3436
3198
8808
1361
8949
283
5732
5408
6884
4106
3985
1913
81
2213
3458
6295
9281
9126
9215
287
9167
1540
7491
9918
8912
1046
3675
8421
431
8480
2210
5269
6306
776
5990
2355
3059
1740
3529
9068
2455
6798
1823
1088
7366
3423
3277
286
7734
1412
7746
5440
3696
5596
62
4515
766
1608
5317
5032
1735
4573
9486
2593
3701
5512
9065
2113
4904
1556
420
9229
7356
7654
2133
4285
3734
7509
3222
7460
7742
5799
2748
1698
7029
9371
5648
4748
6456
7401
3548
503
4972
4849
6880
8895
4572
8972
4938
8273
9720
8948
5256
6461
3171
1863
6013
7874
8565
7864
6358
3477
9039
2276
3114
7705
5835
6780
1035
6651
1242
5898
2288
4438
0
5666
3921
9504
3705
6737
9630
5306
5282
8416
2157
9594
458
3805
2536
9099
137
2567
8233
8368
7515
3232
85
2489
9771
3772
7158
4384
2597
1981
8848
9228
2032
8687
639
8234
5133
5383
414
5094
6687
5335
9318
7580
8194
2826
1557
3909
9184
1682
6390
4189
9873
1603
9540
9659
2831
8478
211
786
7498
5143
2254
6851
3810
2925
8321
1449
8739
9457
3059
9214
1151
4292
8262
3908
403
3562
5711
5555
5304
465
4337
5609
7394
2166
6521
1847
5115
845
8898
6080
8570
3674
1498
9616
3095
4026
3401
4859
2470
5992
521
7705
3225
2442
107
7497
1336
5186
2757
4370
7715
6657
9408
687
2748
3758
9383
703
3445
9164
2764
853
749
5417
1620
9898
5184
3159
7344
7923
775
8861
2806
877
5705
8541
5205
2126
9287
1798
7791
9925
3765
3977
1733
4155
1357
2404
8679
4710
406
6308
1039
6896
7978
8028
9312
4601
5857
3438
3948
1876
5645
8632
3970
9740
783
3740
7678
1110
6337
8355
3251
1443
9526
5873
7417
7298
5019
778
3838
6333
8556
9963
5899
6999
5870
1495
1291
6632
8593
8720
8795
9151
3216
4779
9957
9124
1330
5215
854
2208
3424
3431
7327
2687
7352
9117
1553
6883
6131
2714
9327
1951
9881
2806
3631
13
7437
4615
4086
2622
1201
6566
2668
9685
9329
9662
1477
7345
814
1885
2596
8127
1110
2754
1938
4124
8672
1697
8899
912
7943
7486
7475
6882
9732
3007
1436
6113
6506
1173
3227
7008
1118
5915
37
818
2044
9097
8893
9561
1997
8732
6731
3545
7137
8274
2325
5261
5845
3833
8294
8574
9841
8328
5722
4848
8897
3316
4857
3027
6584
7953
7476
8975
6711
1854
1415
6330
7422
1059
9730
8809
3132
8546
3292
703
5972
2542
2290
9455
9503
7638
9323
3996
5396
5890
486
4660
1796
6040
6787
6734
518
5348
3609
6746
943
9716
1618
3525
6896
6932
8891
6093
4483
581
3170
2383
9166
7866
3010
2194
6527
7868
1058
5357
4233
8171
5170
7751
5281
3946
2554
9133
5221
9355
2914
8177
8575
442
6583
7699
9504
7629
3332
7048
8074
3186
4140
4884
5185
9871
9374
3325
6996
923
8850
823
2317
7586
3513
1375
7895
1709
3604
2300
3801
6229
8897
3339
9691
3698
9632
8748
6174
999
231
9668
9744
9813
3278
9473
8126
826
1381
9037
7819
4538
562
5531
2013
3465
1910
5452
8994
5170
2526
6568
6631
994
8058
1545
1153
9285
278
7660
4634
9386
9509
6668
627
6578
9403
5632
3711
2913
4757
2715
7407
2462
7138
8708
517
8969
7669
3861
996
957
1982
5992
5463
6967
8566
3514
5115
3584
402
135
1986
9636
8383
7443
2896
9742
2784
3225
3491
4772
5952
7394
911
9647
9501
3184
8689
9198
2415
7192
2408
3611
5655
6115
6347
5247
749
5458
5458
5961
8722
516
2118
6503
5615
8251
9979
8739
66
3958
680
3148
1148
8409
3568
2339
7665
3174
5776
3354
4015
161
6847
3906
6348
3280
1469
2267
6648
1613
5765
8329
4231
5893
3919
2512
5811
8292
2931
426
4118
8465
1961
5799
5185
1922
8344
6989
8768
2773
1193
7179
2911
8188
4455
3433
7107
3092
5084
5155
1809
5027
1337
62
7355
4026
5684
2883
7751
9466
871
7146
7127
3613
7152
4088
9650
4690
4704
6692
526
8123
7625
9776
3161
9165
4515
4388
4019
8202
4775
6843
258
3855
4866
4720
5094
3958
9641
6374
4860
4981
89
9750
5407
3765
4743
4227
4699
4447
8160
6755
6618
4255
8669
4702
3266
6825
301
5727
4039
8883
8619
9114
5227
74
2452
9399
777
3474
4166
2946
3854
1589
1237
3203
7197
5496
9008
2623
668
6479
7710
279
1441
4671
6643
3046
5053
785
912
5060
5987
3976
8519
8893
3335
956
2825
457
483
4015
4798
2765
1304
9514
470
8133
3239
550
2877
9463
1342
9143
980
9551
6804
2940
3739
658
4904
9150
8463
5562
8483
6681
2814
8126
6168
8832
5325
2465
825
3102
8483
6158
5667
1430
8176
8041
2010
842
8728
3930
8841
3345
5129
9021
7374
7996
8481
9647
7134
1419
4515
1106
8345
6046
3748
9483
333
6613
3477
2134
1319
6123
1722
4568
1098
2003
3949
3337
6971
4416
504
6618
3127
1278
927
9850
5234
202
1214
835
3870
9968
1946
3150
9198
9798
9609
972
6372
9550
6368
5789
1557
4182
3991
9730
7291
5371
6602
8478
8340
8367
8570
3290
1528
3020
8497
4322
9696
469
9879
5522
4973
164
7733
2288
1356
3316
73
9214
3294
4270
8608
4630
4386
3259
9887
304
1553
9132
8235
5253
4705
2554
9047
1449
7630
7844
6314
9993
5136
2705
8248
1576
6444
9539
3227
859
6863
6319
193
1273
7593
188
4870
1668
884
215
6768
767
6042
1840
6995
3958
9692
2675
8447
6748
7496
7439
9762
2660
7978
831
4401
6139
918
395
4196
9846
1482
3624
8404
6204
4588
3817
1845
3581
4895
9732
6413
5645
3749
2774
139
4418
2104
3976
98
3144
7224
2322
6595
8374
8873
1911
1333
1597
1352
6906
3865
3009
192
709
381
9440
4304
7823
740
3420
4317
6486
1377
2076
8482
1076
1708
9518
1518
2349
5608
2399
7707
8468
1769
5258
3272
8960
6114
2806
9804
8642
4068
8026
1984
5459
88
1997
6687
1042
6370
7635
4748
244
7167
6067
703
2339
813
6507
7886
2595
5485
7453
6350
1174
9172
290
1543
33
9635
9826
4467
2361
684
1365
9673
9763
5175
792
1593
2451
4996
4190
7677
9194
8506
5985
3541
1175
3593
4578
8914
5322
6822
7062
459
5715
3681
8187
4874
5972
1221
1679
418
1821
5449
1102
1529
1653
6711
330
1101
8721
2675
8306
3026
6911
6768
6651
3901
4547
3042
880
4946
875
2657
6501
8848
1992
2915
2621
9249
4320
8854
3306
4824
6113
8235
9742
4751
8707
2143
2785
9955
3652
8577
8869
9443
9775
638
9876
1520
4000
9375
2216
511
7786
2479
4003
6585
4607
2523
6784
754
2320
93
5750
6660
8156
8977
7715
3388
1555
4870
4486
7569
8568
5827
7408
7802
3719
7691
7829
3195
5965
2204
340
4980
3162
6804
5198
3382
8373
4285
1746
2815
9499
2225
441
2769
6097
8572
8973
4848
5467
5836
8337
9498
2734
3477
5778
1097
1559
9328
3280
5962
7994
1255
9450
4950
542
7074
1645
8963
8768
6100
5631
9153
292
6610
7278
2914
6726
7089
4336
4314
9581
2023
1745
1024
442
8826
9705
2633
4953
3987
2
6231
3246
2581
5397
5932
1874
3604
643
9551
6972
7760
261
9271
6959
3944
6158
7552
506
4231
9422
1307
5327
3282
3841
9091
5748
7248
7155
5831
7822
7489
1310
5974
9291
9829
4299
4972
6150
88
749
8116
6693
3128
9754
3857
8486
9313
5356
6299
1393
8057
4455
8361
1501
8330
4628
7120
7648
2377
6335
4114
9144
3553
6919
7316
9101
4152
3165
1913
7134
4694
272
4089
9386
1772
8348
6290
1677
5140
8542
4158
9040
5283
5740
8907
9744
9821
343
4035
2523
7559
8573
7252
3455
638
7638
8542
9698
966
6341
8740
2305
8004
4404
2995
4413
5409
7039
9346
6305
8165
3898
1301
8215
5862
8814
1933
7230
7668
2212
880
5642
2214
3366
3609
7124
8825
2679
6765
1923
6460
357
5656
833
6902
2473
4014
1914
5265
5357
7528
5740
5759
9911
472
5462
9611
1609
498
6315
7641
6520
980
7299
910
1885
7443
4424
3355
8399
4963
4600
2693
5599
2282
9452
4264
9159
9285
6042
1712
3603
2108
6010
3751
7313
3191
7774
8165
7967
1571
2109
6947
1446
116
9033
9701
8357
6857
2783
5194
2332
4627
8830
8786
6051
9033
7101
3181
7171
5126
908
3622
2159
3064
1249
9132
4964
9503
2934
6091
4466
2151
5931
8970
5203
5412
7693
8771
750
2719
9145
9668
2322
3987
5799
9058
4247
1417
3603
1807
2608
5359
6978
7082
281
785
2407
2506
2416
4329
3694
1427
9942
4164
919
457
7610
3183
2305
8287
8316
4213
7651
2639
7895
8472
2877
3574
7845
2420
9114
1392
2273
4426
1796
906
3052
7821
388
4981
3042
9360
7261
892
2342
3053
81
8297
7976
1774
4094
4354
7889
1641
3215
9823
9730
4248
3306
3419
9809
2130
9496
6908
493
4354
5717
7763
2713
9149
1088
7157
6564
4829
9145
1789
1400
4180
1401
9574
5986
5737
4039
1285
1722
8330
4502
5636
6794
1999
7787
9582
107
6053
4991
3067
3262
8624
1309
3757
4581
2286
2711
977
5107
5386
9557
4512
4518
9585
1174
9475
1595
8221
8689
5608
5198
6831
3258
5411
7983
6331
172
5037
8065
604
9301
2325
6239
7257
4585
7010
1175
2109
2911
2973
2336
4257
8902
466
4210
2577
1815
2955
5280
5994
4798
7509
1944
821
4212
9459
355
7393
7179
3842
2287
5977
7763
1183
4267
2639
4736
8872
1719
9842
2579
3317
6513
2056
3883
3372
1908
9171
1706
3393
4492
7584
9295
1102
8649
7828
6918
1546
5466
7381
3990
8811
1036
4556
7744
6440
2545
3345
5686
9145
7137
6639
6396
5767
639
4768
187
5877
1382
9924
7595
3380
5139
9780
49
552
8436
3629
8385
8780
5388
1969
5517
2313
5199
1691
8929
7293
52
5737
339
3588
1357
1759
4729
4159
1258
9511
6615
1589
9137
5528
5486
8737
1326
5254
7948
3354
1178
3325
1003
3575
4768
7936
89
5233
460
7160
1672
6427
9596
4546
732
6027
1310
3996
5274
7522
5816
8126
8638
8469
9928
714
7435
7439
5387
71
7914
6067
7153
990
7379
7594
9516
9460
5901
11
882
8792
4333
6675
7019
6210
2289
9089
1177
345
3142
5513
2032
1427
4208
336
1037
553
3423
5031
3886
3594
8313
7867
8644
2
6679
4775
9928
2989
8887
3260
8263
8732
5495
5010
4693
9862
9893
2814
6457
6832
4692
6574
3192
4711
8758
4811
463
1306
790
2341
8061
2598
67
7574
7225
9410
4150
8251
8223
2466
9955
8108
648
2573
445
761
1394
7458
6976
3775
4247
2458
9457
9328
7269
9487
5461
7181
6710
5103
1694
8844
7986
1481
8546
1512
4093
8340
8146
3973
6885
1612
3720
1398
8906
630
5340
7522
3689
2476
2208
228
6526
2889
3014
7492
835
9411
6589
4232
2743
6932
2770
5051
74
2953
9474
965
9877
1907
1116
5265
2025
4300
6739
6687
3504
1613
6914
2513
468
1849
8260
9054
8706
93
8514
353
7241
4361
8248
4552
3663
7934
6398
5352
1051
8013
2190
2046
2747
5366
7111
5861
1246
1218
876
9821
8451
5086
2827
4824
3474
2285
1752
2674
836
8749
2055
2007
5022
5479
5908
8199
7790
7318
4428
4059
5362
3930
1438
7658
9960
9363
9922
7652
6288
7748
7828
23
7434
6451
4078
1289
617
5733
9474
1376
9013
8116
8774
5164
2279
4992
2283
5275
7456
2899
8823
3062
3013
5760
3126
3743
9286
8838
9980
1487
2180
7456
4610
2766
5536
5029
7070
1153
3960
4232
5772
3965
5454
3183
5257
7263
1742
4558
5712
4904
3962
870
4531
901
4863
1847
2193
9747
878
1471
43
2780
4980
3497
5018
1524
6086
8647
2116
4826
4722
7187
4581
4757
4129
3384
4150
8556
5069
7615
9408
4062
1778
9681
5066
5145
745
7817
8540
2577
2531
131
7208
7028
2945
9238
6032
9048
5852
4887
3278
912
1331
5135
4272
9357
9453
3427
1281
3080
3652
3454
2988
9820
9507
9861
9217
5901
7019
1331
443
9834
2939
9514
3285
4418
5744
3024
6172
7041
5437
3575
4205
2287
4011
6134
2628
9937
2314
1475
9136
24
1113
1725
7631
9682
2161
7887
1607
6110
8626
2320
7731
1275
5403
8669
7978
7591
5461
4045
2076
2879
1079
2400
9820
4623
3745
1871
9225
4018
4485
2750
3509
7985
9207
6964
4597
6969
8428
8321
2021
5073
2250
8238
4956
9361
2078
6449
1939
8707
6254
7711
1926
8606
381
165
8105
5120
5096
4109
225
9886
4078
6985
5487
2053
8529
3652
3713
2178
228
668
7172
4195
2544
9726
1198
3241
5786
9041
4002
9489
7009
3878
5023
7251
8777
7139
4020
585
9329
7630
7226
7436
5380
3633
9144
3171
9565
1807
5490
4784
3776
4506
3015
9565
2013
7378
7440
5243
7538
8358
2576
3239
2308
3880
2347
7218
602
13
2449
2112
4503
9131
7102
2131
4946
9254
3794
8355
8460
1403
7258
4073
7356
5446
9985
2839
2540
6670
6597
9679
8039
5562
715
3112
9310
3703
7413
9701
4851
3691
2806
8476
8628
7764
4876
6124
4092
5253
9576
3623
4200
7801
5785
5391
4673
5949
7853
4307
7670
943
3869
1748
8818
3424
1396
1555
9691
6920
2523
2417
5970
6698
1351
2039
8302
5067
6786
3443
3424
2093
8366
4998
4544
6161
6594
4082
4177
8523
7142
6719
4948
8514
1623
3528
68
8674
5878
7839
3956
3892
7118
6595
2097
4879
3349
6860
1684
7517
9346
8616
4401
2294
5324
8096
2066
5604
4287
6321
2075
7950
5128
5666
7984
2147
6149
8040
6387
360
9034
6584
3033
6165
966
7023
6153
9231
1884
6146
3125
2017
7496
6058
5656
7741
5592
8587
2650
9045
7808
6488
4281
76
6438
3021
2451
6663
8907
477
7171
9478
6841
9725
5960
412
1236
6409
2464
4386
9388
1526
5900
6837
8288
894
7928
9208
8972
4197
9958
1787
4361
7529
2441
7657
9523
5247
6625
2225
7689
420
3719
8195
2511
511
623
4431
6302
1793
953
7756
6672
8121
2474
8407
7418
8745
4440
7187
5207
9960
4472
2140
666
4632
8293
2360
3367
1470
5439
8868
8163
8494
790
2651
3137
7264
6275
350
8520
7843
4668
8343
2343
5309
6519
2518
1094
2413
9068
5552
891
6771
2219
3473
1169
4667
3249
961
5286
7614
5795
8316
3228
8636
5865
8922
2749
7531
5740
2294
5981
4228
3255
8909
7481
5226
3311
545
6182
683
3372
5417
1830
7357
5338
8539
8733
1630
7227
1092
7716
2795
8943
2980
1690
1815
4403
9543
3644
257
4600
6288
4797
9453
6253
2606
5261
2357
3494
1240
3271
7016
228
4931
3882
6748
5756
4523
8043
771
3445
8348
4296
9002
3761
3832
9603
7142
9722
9641
4821
4798
8650
4754
4838
5057
2268
8181
2372
7361
6630
6788
3300
8874
9841
9652
7777
7997
6125
8140
4192
6186
3082
974
6308
569
256
3923
8676
9225
4407
7191
9694
1877
6478
6429
622
7690
1095
8986
1819
3011
5082
4506
8119
5847
7601
7516
889
852
9201
4443
4458
2540
469
2889
6696
2814
4274
6113
5563
9044
414
2650
3005
735
8811
8754
8329
3817
9782
4893
288
2289
7169
645
2013
385
8782
3176
3518
3435
2056
4238
6124
9436
7500
6351
3138
4478
2847
5429
6553
4232
6153
6614
9509
2339
1579
9881
8228
7572
1190
5806
4671
5816
4131
5682
9513
5517
3298
649
482
3309
6221
3064
4248
3199
7593
8759
6271
6587
58
572
5517
1004
6631
9625
9955
4454
9419
565
7778
5908
8461
8816
7448
3828
416
7752
8313
5826
6021
9132
5330
8987
8543
8338
9102
5062
8185
779
8425
6562
5528
8050
3095
7367
2462
7605
359
4770
4907
8254
1175
9701
4049
7584
9309
6855
3399
4105
6871
6387
960
5037
6740
8356
5471
4915
7354
8836
9315
7054
2467
9000
4951
6450
4699
1725
1881
3751
2213
6923
8267
8338
5419
7106
9249
2066
5026
7521
3238
9500
8501
3032
4473
9865
5739
3760
4169
2284
7133
7248
5097
1952
1337
103
2509
4797
5483
4396
7079
1593
6306
9665
8875
9756
3283
5033
1518
2488
8998
6399
1841
6770
6899
7547
7381
3148
6155
2636
3532
104
1915
4204
521
3571
5606
9579
2350
3404
2719
9263
1048
4316
9070
5233
9975
6659
6853
6850
7277
4415
4135
4766
8307
2852
8995
3090
1559
2985
2739
7085
7973
4560
8528
1737
5601
7283
8646
3140
185
2383
392
6610
2045
8686
5868
4216
5030
829
8737
1679
1405
3120
1183
9232
7129
7217
9831
4678
6971
5855
8827
3804
5249
3661
3297
9873
494
1992
1861
3610
3912
2670
8507
9316
1138
1670
3538
3705
4947
5870
3488
5763
6836
6592
6033
5291
9551
418
6453
8013
3424
3506
2770
5869
3315
1938
8984
7792
8716
9950
2101
2653
5062
7149
586
6253
3212
5473
6328
1423
9982
1219
8406
5296
5437
8177
9367
7605
9685
8525
4797
8228
6063
8892
9228
7707
1682
1445
8548
9540
6349
1276
1695
3011
8982
6899
7526
4319
4648
4444
6334
8516
9099
3493
4881
111
1749
6721
3029
4377
6676
4918
7818
2303
5168
3516
9647
3413
9214
2127
1378
5280
9676
4864
7950
6260
3232
7906
3100
2236
8675
8065
193
7427
9513
3663
1504
708
5761
875
3983
2580
6415
3256
5534
7183
1044
7929
8789
5378
1680
1420
7663
6080
1294
882
7689
8360
8970
1124
3289
707
7970
9613
7917
5823
9940
8305
6538
2456
9031
3327
6482
8382
9928
2101
9826
4130
8069
6565
5954
9841
1901
9181
3184
8857
8829
8688
1404
9071
6605
5619
865
8317
7215
7244
8901
8236
9103
1661
4931
151
3725
5204
4117
1367
1682
3575
7910
2933
2218
8925
2680
386
1751
1244
5446
8148
8117
9838
8011
298
8614
4270
2322
7745
4934
1774
3126
2996
1357
4348
7197
3690
4311
1753
6731
8678
2738
3631
7020
2049
8855
2315
699
7802
6900
3771
2663
7815
9652
3700
7490
4116
2359
6903
3407
502
8218
6383
4426
4966
4317
494
8560
4689
6040
9344
5600
5914
300
870
5841
3823
1915
8756
3154
3240
6232
3784
4490
1569
682
8173
9079
8928
3485
2946
3245
8741
775
4240
55
2922
2745
3511
2256
4512
1593
9376
1331
9787
7738
7372
5321
5443
8511
2604
4231
7385
9264
7123
9981
1759
2253
9425
9727
4506
6254
2734
5124
2840
7806
2228
8557
5273
8908
686
7222
6584
6899
789
1579
5733
4920
6079
8732
4718
250
8652
5208
2771
2545
8100
1956
2168
4242
6367
785
7083
686
220
908
7374
5396
7699
9007
7627
4648
8675
4884
365
9609
1452
7492
1615
5381
5929
1038
695
613
2246
1062
4368
7346
5216
6149
5137
5401
5502
1968
623
9953
9218
152
4231
9244
6805
1599
2650
687
3732
9704
6950
2543
5620
8312
7649
4654
163
9945
1092
4153
1576
8542
292
3623
7365
1436
9510
3438
8340
4417
4847
3395
2115
5171
2154
2069
1004
9743
1405
6802
679
4639
2339
2037
394
3769
3273
2004
228
6748
747
6964
5890
1014
1115
7345
881
7952
1369
9852
5208
1554
9857
8237
9094
4988
125
3628
4658
8593
3335
8721
8279
1297
1328
8744
7292
1997
6615
5117
6023
3782
2052
3841
1492
3313
2098
6246
675
2403
1305
8248
1122
2862
1346
3337
3866
6983
6676
8679
3606
2087
173
7213
7782
3974
9972
8258
1075
4972
6056
7631
8729
9104
8309
1182
4427
128
1643
6679
3408
3885
8250
7291
6912
9049
9393
9035
390
2551
9161
4534
9380
4340
6075
2781
348
8742
4965
6007
3031
5047
8259
2475
4560
7837
9075
7263
6437
8309
7891
8144
612
3093
7004
7149
7296
5789
5387
2336
3859
2001
7232
3050
3647
2080
2464
5947
6114
5185
6813
3633
2828
1174
9750
3149
7169
9711
6544
5786
9126
7915
2338
5427
413
6407
4960
9753
6654
282
7182
316
5535
6363
7636
3128
298
9579
4721
1473
4605
5721
6398
4399
9353
7226
4292
3451
5411
4746
1827
9547
9588
1858
6176
8955
6886
4678
6300
7282
3303
8629
3923
1873
7465
6639
8875
5537
7819
5359
8263
6030
9616
413
3410
6477
2271
103
6207
5387
6379
3654
9969
2308
8260
2486
4707
8256
2161
7473
4421
2639
250
6158
5500
4578
2425
3503
8484
294
9682
4411
8674
7425
7845
4727
8086
6765
9467
7175
3460
6178
6108
5661
9853
5642
4990
3089
9332
5992
6117
6214
9749
87
5058
3119
8831
3520
1157
6521
5251
6647
3697
201
6224
3037
6295
9608
7998
7493
5204
2679
6930
4639
5417
5543
4391
5438
3703
4722
2334
791
8208
8201
7508
3379
2100
7332
3545
303
7702
1788
9171
9163
2124
7395
8602
3457
3803
3089
5415
2677
2543
1154
975
9682
2406
8628
6513
4507
4249
1885
7108
8092
5282
6788
2571
8353
374
2053
7507
4900
7813
8744
9131
2788
8855
8924
7877
4047
6277
9114
491
9468
8752
8015
2022
8536
9031
4252
4238
468
8059
6959
7026
8786
1380
3856
4389
5223
6959
5634
5379
5777
5099
5272
336
8352
6446
385
5840
6995
8761
8414
9891
5032
8686
8313
141
5442
897
8405
2532
5684
3840
6493
285
6264
6625
222
6585
1153
308
9110
9931
7713
2786
7733
3442
2152
1889
4152
6934
5436
3148
9506
7742
1086
6639
4919
8492
6804
1284
297
6516
1549
3037
5612
7294
4886
1370
7263
1913
4921
5237
9484
6794
147
5396
2827
2985
9386
7835
5658
73
4919
5184
809
3012
4804
8581
3821
2816
1546
7449
200
8053
3039
8637
7823
9980
4860
3503
3600
6347
9379
9618
7635
4436
7355
8153
8821
1376
1522
1494
9256
6755
1035
7427
6083
4537
2281
6735
4238
3150
3101
6871
8842
9147
8532
6598
8724
1025
1790
2254
896
5711
840
1699
9879
3654
122
2752
5986
3933
5132
9085
5983
294
3738
7322
4701
1247
4679
156
1436
7421
4436
3543
5579
7784
8714
1381
6493
7243
7237
9035
3200
779
6896
8977
5402
4950
5914
1374
6891
3749
349
924
6992
5873
4558
8134
8681
6151
5155
1234
2478
3089
7011
3517
9963
9737
4500
6195
3062
9903
7668
8306
3454
7632
1935
9269
8457
6326
2110
7126
7338
881
8462
9260
1423
5511
8398
1956
2825
1479
4809
2860
2469
3611
4690
1972
2450
4997
4374
5836
5883
1310
207
5551
1860
6314
9674
372
2876
1647
4819
9696
3052
5938
7192
9702
3119
8689
4646
6915
2398
767
3162
6765
4937
6443
2393
1280
24
738
1468
8140
8235
1001
9805
1593
4975
6654
1278
3908
289
869
5672
5572
1927
5257
1642
8994
8959
3542
7146
5450
3245
1991
5205
6758
8898
8414
4509
5836
3848
7913
7599
1759
3890
3801
4080
4081
3662
6388
1723
3422
8636
4153
5448
7616
9528
391
490
2093
2077
7947
1072
453
3531
8477
9320
2320
6939
6775
1779
1593
8041
8021
9133
4043
8592
8146
4563
3285
7460
3673
7164
6691
5109
3768
7290
6273
2362
7260
8061
9023
5024
180
1426
4657
9713
1834
3862
6348
7042
3526
1087
1712
6074
1076
8945
7966
6714
2678
7245
7015
1901
8136
7727
3294
5056
2751
9954
2237
3525
6495
8133
387
1349
6716
2491
9302
9772
2831
3768
3686
2675
3865
3695
2460
3684
8682
6537
7743
4224
4296
9044
9006
7707
5148
9007
7393
7590
4217
7425
1191
8827
9087
8545
1111
4499
1826
8508
9302
6017
5412
2192
8681
2907
4872
5722
6477
8058
7761
2980
9582
6212
2126
9373
3040
1285
8394
5410
6680
9542
7877
8957
7793
9009
9121
5070
397
5654
3754
5817
9367
7893
2854
639
9709
8612
7945
9092
3842
1619
3415
7882
9043
361
718
2988
6264
5808
4896
3143
6553
8800
2000
1870
9292
7827
1737
3493
2024
138
9394
1806
1724
645
7300
5598
8376
5421
1026
2052
575
1045
1800
252
8220
3877
5696
6000
3931
2424
7101
7834
8521
8776
1835
3158
3346
3324
5675
8842
2913
7313
8016
2550
8973
9103
615
3996
9685
5659
7704
3334
6433
1893
7033
2310
3844
626
4685
4711
3010
7717
3561
5357
8518
4922
6466
7931
9948
5033
627
494
9259
3562
3160
6328
7953
8092
247
8838
7324
9018
1157
5656
5038
2297
3301
1086
9715
6492
6299
8917
1915
9939
5160
5173
1868
736
9647
3216
4733
1514
4096
9453
5109
5016
9142
7315
6628
7573
6019
3892
8741
3035
4794
9313
6587
7725
8385
7491
2803
9261
8789
5302
5707
3588
6727
7619
2152
9979
5924
439
2206
4177
1654
3705
7668
4424
7004
7650
2493
6008
2265
2476
6340
4324
5976
15
705
498
3640
2412
4071
5761
5116
1584
6590
1419
8940
7081
3903
6379
8531
7812
9057
9717
7813
8822
23
2054
6473
4578
9293
5737
137
4250
5155
4001
9415
8757
1181
1864
9151
5395
130
9588
433
9114
2748
5726
4040
554
5041
9554
5784
5654
9865
9885
3472
4451
7268
3852
9125
7366
1200
3709
9407
615
8340
7080
1427
2954
688
8300
6782
7508
721
483
1817
4606
4370
4472
6186
5563
3775
6256
3760
5908
5160
3131
9232
8523
2000
5303
3779
1214
6346
7827
251
444
4237
2034
3379
9659
5487
7736
8170
4768
7239
2887
8517
4986
1451
5333
2451
8784
2019
79
5546
9627
2491
194
1371
9287
5919
3161
6327
3511
4291
7674
9758
1233
9757
5179
8553
3247
4442
7363
3794
6553
1561
7929
8533
3555
6805
4132
188
2942
9709
7869
9792
4211
8894
9506
7724
7623
5830
3529
2270
6656
7599
6196
4399
5714
1748
6710
9955
9950
8504
9114
9117
4645
6770
8222
6056
4361
423
4800
5531
2853
4008
337
4685
4642
9339
9661
3307
6837
2007
3583
5338
7063
3056
5742
5101
542
9861
3450
7434
1015
4328
5963
8390
6525
7918
7936
8988
3058
9408
1059
2208
8396
1897
7754
9625
7959
2287
596
5933
7910
6150
3814
7434
3045
1996
9540
7012
1893
2923
3422
3601
7685
9906
9767
9553
6813
4655
3336
1460
7469
8353
8355
8649
1185
5990
6928
6114
514
8349
2567
1854
7962
1285
4307
398
1510
2724
8144
4086
7466
1321
1328
4889
2538
454
7416
6208
5399
1147
692
376
3718
8238
6970
1075
6567
9385
4215
4064
1509
7247
3205
1656
143
5644
4919
4154
3829
1764
8481
7697
2818
1652
4837
2243
7865
8504
4115
7222
399
6642
4975
8571
3675
7942
9608
1635
2296
7651
5957
1173
4078
8181
3773
5813
3879
8264
5215
9971
3240
1730
5053
600
6992
6380
5375
4061
8296
7258
176
2409
7125
4138
8136
8658
2258
4179
4997
8579
3868
3734
8917
5406
6515
310
6370
1352
6100
3831
9657
1614
6008
4301
3930
6952
5158
7367
2979
7950
9762
7660
3369
496
2498
5538
1044
5263
8528
1181
4942
8939
5856
7569
5087
2913
8035
4599
8525
5835
1330
9117
1230
3953
8929
3645
7775
9113
6816
9208
3096
3311
3630
614
2208
6900
6115
8021
6710
9456
1645
5128
7960
131
4605
6694
3095
842
206
9210
8175
340
5674
2992
5664
9440
2979
5663
4106
551
3862
8878
7770
6520
4363
1186
6135
7549
9276
5018
5329
1865
8255
3116
4369
1744
7704
7818
6064
7548
4320
7472
2919
2484
2911
5362
5054
1942
4475
7683
4615
3608
1896
1393
6855
839
3266
4481
677
3676
2750
2713
2064
8720
1768
6754
593
8885
1631
4038
6866
9748
6704
1211
3916
8281
1519
1017
3705
5868
5122
6689
8162
8354
8285
2878
7201
5468
3718
1690
9638
4090
7319
6861
2658
2468
3317
1280
1325
409
1790
2199
3982
6330
4659
5001
4191
4322
7694
3214
1705
4898
8723
7010
2254
7927
8098
480
1694
106
712
2670
4931
928
9732
8636
6988
6799
6776
7163
9384
1503
2654
4743
4404
9439
4251
4018
8878
6521
4
7229
3615
5786
4900
8507
5424
6696
2752
640
5611
4724
4477
2274
9321
9591
3515
821
7165
9574
3992
3915
6841
9004
1248
3173
977
8018
2659
5692
4751
2795
9592
4121
8409
8621
8768
6428
3599
8160
6305
9870
1842
1240
7202
9159
6456
2900
5958
4823
8634
705
7424
9772
5827
9793
7615
3427
3236
7319
5188
5816
7174
2797
189
4058
1038
6709
2070
7367
4551
7796
7965
8414
9953
3843
9548
2110
7388
2904
5245
6636
5889
7240
6173
9829
6019
7483
8272
3354
4735
5533
3294
7163
167
1420
1257
9381
6347
6282
2585
4072
4140
4459
8057
7276
3370
5632
586
3775
8721
4737
1074
9125
1923
2207
342
7936
3882
6907
305
1227
5702
3891
9481
5063
4488
7519
3652
9768
7628
5211
2979
9081
3617
3990
9288
453
6794
9789
9349
434
8065
3616
