5155
0
457
1159
2002
273
8147
305
8553
6242
7832
6856
2568
3897
3781
1385
6651
9811
7091
3244
2943
3419
7428
1210
4511
509
293
5115
4803
7240
5919
5945
6558
3139
6060
2361
9064
3790
1555
7028
5384
4587
1832
8509
8293
8453
5985
6350
7516
4763
1502
3805
8120
2201
4193
4993
3264
7841
4703
9059
7620
9381
6729
8088
804
6759
1313
8655
7362
2943
2849
3974
6128
9624
816
1364
3683
3374
9818
5
2547
6112
7303
5290
5727
9708
8279
948
4632
5709
6446
2910
8813
6486
122
7368
1889
1267
1741
4577
5241
9267
457
519
4405
8187
5107
829
6447
4510
8249
7748
1019
4184
3835
9842
1787
4635
4352
7308
9741
5537
7828
6994
6403
2741
4726
5583
7918
5082
6677
3102
5361
9389
4543
9523
8067
2837
8278
5670
5578
3807
6099
8841
919
4658
711
7950
6940
661
717
6196
7306
1549
9161
8707
2749
5775
8652
6092
6414
7295
7122
4313
6968
2415
1226
3226
5576
4478
6207
80
5189
4027
8620
8608
5107
1991
8497
850
9320
5987
9683
7969
1469
8648
5758
3031
8301
5222
968
7627
8657
2506
4902
135
4499
5070
3692
1267
366
9892
2734
6315
8004
4974
3490
1413
1819
1878
9980
8781
6025
6747
1463
3095
348
936
5088
771
1285
6123
7843
5137
3000
7034
6493
448
4379
1264
6977
3633
7070
1308
3932
702
3412
7069
1983
9196
746
9559
231
5718
5048
9241
5722
6440
3879
3301
6392
2694
8111
9336
3862
1797
2446
4283
9119
1777
2672
254
7650
2031
8675
7926
5674
6209
4877
7313
1654
7736
241
6686
7578
804
1216
7889
9769
7810
1248
6137
5210
1800
4740
4832
3762
3989
7865
8604
8177
3278
7345
4836
6017
6307
9325
9198
4713
8965
4572
4467
5806
7259
3677
4301
8067
4129
8023
4208
6299
6025
618
6555
8491
6769
1377
8811
6748
428
8271
2758
2262
8163
1208
8586
1671
4115
4595
8997
4137
7138
9462
5195
4116
7957
8144
6426
9728
2064
767
7351
5167
4196
4336
5497
7732
1583
7428
1960
7582
9168
4629
9737
5641
6413
1175
2331
3953
9983
519
7131
6456
2666
3620
9569
9748
9597
1867
1304
8903
3334
6247
8962
6588
6755
1608
7573
8773
9977
4757
1846
7681
3167
2728
2868
6885
6549
8153
9280
8413
9403
9624
3366
1919
7667
6362
7955
4433
1684
6036
9497
5198
7536
261
1327
6128
9882
4213
9534
3174
3300
4844
7300
9203
1451
1790
692
9171
6807
1879
8012
8595
5725
6886
688
1378
2147
2194
5382
1416
5772
3838
7892
6582
9662
9770
68
558
8871
2733
7438
5291
5360
3327
1750
8601
2596
3294
39
4331
9273
89
5910
8360
3077
421
1158
6500
1823
3051
7957
806
8771
8316
3447
8411
3502
1549
3746
1519
6514
9457
8697
1275
1542
2294
7258
1369
3699
1793
3798
2674
9393
9763
5413
6365
9205
8752
6542
7022
1775
8277
1450
2837
6835
2843
7402
2691
296
8552
730
8485
3174
2946
4682
6944
5251
4022
6114
2618
3920
9843
8301
6338
3373
6706
5027
3246
7350
6511
940
7069
5677
3266
3625
6974
3400
2276
8028
2611
1649
5059
6925
110
9295
2936
9302
9554
4977
3958
6807
413
7815
11
7521
6739
1424
7042
4500
1604
4956
9586
9366
4180
7432
536
2269
4951
8977
2995
6341
8529
1252
9544
4240
6611
921
835
3227
4053
2215
8669
5361
925
6360
2906
4205
6436
6465
5771
3543
5707
7124
7042
2497
7440
3101
3718
2213
9271
7968
8332
3264
9547
8821
2492
5116
4272
503
9996
4112
5167
1015
6163
2217
5339
5129
1802
9205
8665
1946
2421
2095
7523
9882
6911
9656
5197
3318
3635
1286
2811
4741
7511
8302
6082
9734
5022
7358
8355
3385
1786
9895
5502
4954
881
5910
8688
641
415
2481
1094
6099
4652
9024
5129
1530
8113
4511
1807
9146
2494
1416
2807
708
5616
6037
5640
9299
1444
9342
4117
3461
8191
9539
1034
6465
2339
6140
2651
523
7127
2978
3221
4169
6231
1582
214
4613
9335
1098
6099
9363
76
9321
3153
7969
8904
5941
906
4058
8589
9442
2938
9016
9182
2179
7353
7496
4745
348
242
2208
6723
3253
6987
5188
4845
9732
9041
3864
355
9633
7963
848
8390
4634
7615
8301
351
1453
2823
570
3047
8062
2930
2172
9042
6800
741
9152
2367
8301
518
7449
2041
3095
9913
7432
4881
242
1393
252
325
7456
9477
3932
5025
8284
6520
7220
6892
947
1843
2424
4951
8540
4006
3698
6295
8646
8681
4057
1022
5166
5007
5584
1598
1539
3669
1179
6816
94
5065
5126
6096
162
6168
9418
5001
3415
557
3662
1338
1442
9031
1589
5359
3461
4998
3361
4858
3966
2917
3799
4881
866
6661
5913
5031
6840
9738
2979
26
5259
8203
1496
4928
6234
20
9786
6174
1098
2744
9377
4027
4740
3416
8879
5259
9196
1731
2546
9409
3006
4502
2365
1097
3795
3889
4731
3293
9741
8407
6378
2350
7973
720
7543
2882
7149
201
2493
1558
768
2991
593
4490
7571
9892
5924
1179
5637
3111
500
5743
7171
6947
9625
5695
3918
4828
8870
4506
9503
7283
1640
1995
2927
7347
5299
8877
2597
2987
2645
9043
4770
5256
2652
1335
9784
4107
211
462
7538
9488
8264
6727
7170
2452
4898
5954
9482
9454
1835
1581
3018
7252
8110
3030
649
670
823
7431
839
9288
9840
4064
4293
721
4716
6784
1670
3486
8316
8221
8345
8458
354
4213
3609
1592
667
4794
5850
8334
1079
9475
759
5387
3605
6332
7811
8444
3447
9449
3779
6437
4943
327
4993
5392
9000
263
2356
7614
9241
154
4947
538
726
1648
8050
8803
2062
6781
9725
8199
4324
9667
9909
8678
4855
6799
5559
9893
7617
8124
5083
8496
9204
2468
7566
2269
8134
4502
1324
7375
9940
3596
7319
61
6153
1358
1515
5099
7727
6868
9916
8075
8103
3459
5189
1971
9191
1332
7657
778
1107
291
8696
5073
9411
5451
7009
6018
3524
5647
251
9483
2324
8972
969
9856
972
2292
1137
9403
8063
9794
9987
6045
7956
9783
8379
7467
8524
1947
6292
8003
9918
5709
4680
277
6510
3834
8345
6184
4733
1497
1364
5925
329
6958
9778
7745
5930
6634
5653
5309
2961
5784
2902
6191
7205
3863
8533
5888
9258
9782
6472
3488
1747
2171
7991
3385
5667
6928
5873
1680
3186
7601
6705
1659
3269
7973
9355
8407
9943
667
8122
4268
2389
9699
3305
470
1299
8193
1928
3746
3861
7462
2286
4961
7306
9138
8776
6481
5930
5012
391
2855
1093
4246
1199
6960
8550
7995
3556
9566
5132
3100
5674
3768
5293
6387
5471
1214
5628
7225
4594
7468
8807
5476
1387
1549
5080
6059
8282
1145
3597
4016
2500
8614
1503
1830
9596
4187
6005
4696
5204
205
7107
832
5701
2482
9269
1600
300
9755
7117
4846
2083
7930
6073
1177
9946
4860
3616
1770
8139
8594
9532
721
7026
6553
5965
2667
4246
3126
4352
7124
9950
4956
3222
6961
5744
8033
5643
2248
3562
9851
8146
207
2252
1512
2598
2459
5107
1530
3935
3074
5051
2389
1125
7537
7007
1092
5657
1147
1551
506
1480
3243
7536
5627
6547
9143
4262
1199
3991
9619
6155
6607
7591
2167
2338
6573
9573
8971
1337
4316
116
8286
9477
5402
4859
8183
7917
6155
3260
1025
7838
9805
6666
3193
809
8389
5998
2558
2578
438
4786
5132
9473
8072
672
4457
2908
5440
6660
2027
6000
1154
4336
1628
5592
9100
9512
2007
5948
8458
2750
6573
3912
2926
8418
1710
1536
3912
5270
5306
1411
2956
1668
9178
2802
5173
6895
5627
3776
1069
9537
2506
9837
8190
3698
7375
5263
3087
6006
940
436
8821
1451
4833
8341
5094
3946
1950
9336
4588
3937
4536
3825
8571
6971
7713
8677
550
9561
4852
3248
3389
1997
697
4245
1211
1772
8920
9769
2291
4916
1462
2368
1936
2459
6092
7152
6783
9376
4357
2908
3701
7480
17
2987
7441
3058
6935
6143
8527
2087
2148
9734
4670
7093
6562
5683
5172
6527
9361
7132
6590
7090
9532
3912
3362
319
2450
961
7015
4182
7010
1200
807
1586
8097
6601
9270
8617
9963
4869
6100
1913
3496
5482
2215
3105
9892
5738
8875
8169
9358
617
4233
4514
7364
595
1021
8228
5851
2302
1637
3851
8953
1012
326
5166
3348
609
5921
6437
266
3612
9206
4466
869
9997
8190
9641
1377
2966
2195
3225
6805
8316
1939
1506
3642
6414
5511
291
2432
3723
2300
1750
7437
7213
5363
5342
7418
4548
8978
3465
6895
3272
1026
1269
5008
54
8046
6148
4374
5123
7094
5912
5988
4239
3658
582
8910
6303
1286
3055
9400
6044
5609
2210
7850
9520
8449
4919
8839
2547
1723
679
4775
6176
6196
9039
6929
4770
2050
974
2970
9869
7588
8704
3298
8073
4465
2937
9596
3830
5288
3210
294
2968
265
8224
8856
2807
6270
2701
7893
7462
4759
1450
8559
2947
8728
4325
9963
5391
6413
7713
5632
9756
9838
4526
468
8587
6211
4072
2394
4265
9330
1990
1654
4991
4080
6133
6619
3978
5174
4314
4486
8004
373
4039
6813
372
2813
8485
7136
6291
7346
973
4665
5005
86
6048
271
6251
1511
3082
7916
6620
8859
6495
1815
6871
105
443
7738
610
9481
2464
7919
9095
6842
4701
3424
2274
3575
446
9523
6853
8850
5619
6322
3898
7536
6521
6883
552
5857
3515
9183
7122
6986
4031
6483
3841
6194
9026
844
5342
1960
8819
65
2100
7528
7065
9565
5248
4621
8176
6772
3653
8418
1835
495
9986
2552
7522
568
2582
2937
6210
33
1802
6397
2195
6841
3015
1389
4691
8998
6615
6021
8788
9206
9391
4231
7353
858
2689
9447
6953
2368
4933
6036
4545
6139
2784
5533
1436
1547
51
6342
3486
2379
9630
6716
7439
7160
4449
6140
5700
2932
871
5048
4984
1972
8239
2993
8007
4387
3996
7345
688
656
8080
8211
6194
9322
1778
9346
5371
3536
7175
853
6234
5649
2868
8886
1696
8634
2929
5183
3166
4492
9489
9107
7405
9069
5746
1459
436
207
7051
8324
8309
9682
5614
574
377
7208
9946
2156
3987
1568
6676
4541
34
5722
9925
1355
2961
7342
2248
1168
1016
3060
6768
1942
8254
4645
4779
3026
2868
120
2471
2931
7560
4294
1186
3079
3297
6051
1848
6231
40
8946
2227
3874
9596
8735
3402
2269
3535
8604
19
6493
3906
6722
9735
518
2061
1718
8240
4963
2350
8146
6687
1558
556
7282
7041
2721
9050
4760
3069
4639
8518
8
1050
3034
8982
2899
6122
1616
3309
2844
4692
1005
7400
8891
1430
6487
7962
6088
6690
9771
6551
9269
7834
9048
2656
5020
1683
8659
8472
2723
8073
9886
5717
4585
3050
7003
8624
9017
1181
4926
3290
9133
7532
7074
6834
5752
3777
1989
6592
5943
1582
4797
5626
2386
926
2350
5123
4252
2885
5995
7472
3856
4916
3903
657
2161
5941
5216
8601
2818
1236
5777
6412
5033
4517
4410
7236
9379
225
6245
7747
6416
5312
7994
7257
3711
669
444
2432
6948
433
5417
6183
8282
7344
7539
5671
7179
197
4855
6722
9547
772
6761
3901
2296
8900
151
3683
8918
5282
2379
9171
8477
7805
6532
1274
3028
4157
2445
6875
4691
9962
4420
2571
2199
2868
63
8219
5370
9239
5065
7696
6718
2444
490
425
691
3684
5573
5726
2667
4800
8152
8141
5470
3163
8074
2960
2967
5797
2332
4017
9664
1290
791
3016
7586
6117
6416
5927
6841
7858
2397
1826
3866
3239
8407
1766
8606
9983
7841
6261
6825
9517
2870
2171
7881
8478
8574
1059
468
6768
1644
1972
2069
8398
5752
317
7979
1943
9816
7411
4593
944
5328
3003
9887
1718
2142
3314
9582
4558
1609
8230
1314
9514
1691
1563
4022
750
6997
6646
2005
3177
144
909
2257
6545
5707
767
5564
5549
3985
64
1675
4727
1863
6551
473
7450
2622
9919
1491
4292
2924
8217
9446
2176
3112
3604
2367
9202
3885
6099
5780
3864
3922
5246
6778
7811
2957
243
1828
6083
2329
4390
1033
1638
6151
7923
2433
6607
6607
8995
5248
5241
808
1460
1929
2825
4799
3008
6700
6757
6453
8974
9318
8418
1575
9639
6931
8491
1683
1504
7864
2231
7813
8658
2659
3645
8105
2997
6304
4617
6742
857
5324
3902
8141
8163
2253
5237
9843
151
8564
7184
5252
9584
800
6209
3440
4588
232
250
2015
1418
4151
3597
6041
5390
95
1997
8774
9806
2301
3724
3932
4315
6676
3793
5664
2970
7802
7255
6170
5660
6389
9077
286
9365
2180
7422
2361
9359
7700
6986
7374
5085
4550
6731
2562
9433
7623
7913
9618
4469
6511
7466
9939
3639
1220
2564
9072
8282
5108
8948
2097
5465
9656
1928
2583
2423
8534
3925
6091
2261
9821
268
1391
3771
9340
2072
5109
2065
4552
4402
9015
3414
91
9939
2110
2238
8166
2587
153
5233
6657
9808
4671
161
3600
5727
1482
264
8909
607
4091
1449
1731
5252
2814
3777
5602
6967
9924
2624
3402
6113
5776
2756
7747
2505
5074
7898
1711
2917
2370
2826
7931
7393
3428
8154
3525
6839
3326
8411
4039
5639
6155
4797
9694
1770
66
6284
3120
6662
5473
4087
2430
205
1753
5020
9819
6066
5892
1876
4446
6923
6266
7567
8151
5041
7682
5948
1836
737
7012
8082
5897
3821
8116
5811
2741
738
7509
6422
3409
4562
7884
7525
4089
6506
7919
3439
8199
5898
1026
8497
6793
1966
8170
6312
1301
731
3108
7283
5273
1700
254
7470
2851
251
5653
9397
1864
5938
6315
8929
1488
3790
2482
6252
3383
1579
7692
1365
1375
6125
953
2718
5503
3914
4234
5307
6314
8151
5094
3967
6204
1600
2834
5180
916
8017
7974
1466
8208
1320
2820
9544
8428
4067
3702
7704
6311
5247
514
9295
5895
1529
4542
2868
6373
3510
4879
9475
4158
7486
8546
2959
2251
6073
8026
3010
7412
6716
7708
9596
9279
2682
6080
2496
7971
4873
897
8505
8450
3458
1835
8943
492
5003
1704
5315
6785
3979
246
5317
9197
4171
5726
4555
3073
3810
1805
4099
3652
6484
9490
531
1210
6235
1388
970
6136
7384
7191
4437
2296
337
7575
983
486
6988
8283
7655
3962
5564
2400
8191
4224
5438
8304
6332
430
4978
1942
2239
3516
4743
1951
9247
3707
1030
6826
5389
6144
6945
4450
5314
3213
9064
9932
4092
3814
5836
2209
9506
4722
7253
7902
5062
2970
3005
897
6963
7442
2
1179
1742
2908
6269
230
4401
7551
4638
4673
8758
8226
1001
4027
4446
6722
5035
6926
8774
4594
4931
8998
9179
8246
470
247
2948
7842
4782
6505
5761
4311
9947
6464
5152
1847
75
9849
8648
6461
1431
5144
9588
6380
7513
7634
7118
1120
8822
6909
351
737
8036
7830
1088
9510
1441
8762
9178
8495
7859
4001
9924
1598
9009
4083
2641
9155
5052
6772
9148
4991
1133
235
3397
3534
5022
9680
4356
9912
1958
2901
3044
4028
915
235
7375
3938
2615
9967
7097
332
7749
6583
1054
9264
377
3622
7545
1775
8388
1805
3516
1090
1941
731
3990
4829
5277
596
8954
6198
518
3031
5639
8872
7122
3497
8750
2393
4850
1423
7327
2984
1362
3557
1817
2191
6229
1512
2860
8092
3516
9698
1312
9028
4300
4906
340
2806
9287
8775
9018
4580
4452
7276
2206
789
4878
7443
5884
6644
872
2088
4714
625
4152
4521
8404
7087
4046
6047
5983
8589
7036
6358
5569
489
7561
6875
5057
8136
869
8503
5770
5327
5000
2479
7022
4495
8452
678
5722
6019
8582
5848
9554
6071
3038
2106
7172
6348
1995
8420
5305
3457
5711
184
5579
6964
1016
3280
7323
1909
9264
4124
688
6187
3622
7599
6975
6213
9410
7086
8355
17
7332
6213
9806
5683
6705
3965
746
2738
738
4225
1311
7381
2775
6820
8348
880
7560
9981
8366
3445
1529
8770
3415
1558
3485
732
6643
2707
4782
3420
7153
2661
6840
9369
76
9201
7010
8762
6405
6893
784
5692
3914
2434
2563
3561
1489
8737
430
951
521
5402
8080
2164
3505
678
8983
5606
2041
8113
2949
3617
3733
3729
7937
196
859
4629
8571
3330
1685
9610
3259
9084
8975
3410
7040
793
2724
2836
6722
33
4011
7823
2461
3679
4761
3201
4539
6156
2922
1539
5623
5883
9401
4831
485
6948
562
5172
8297
4545
2888
1047
4332
2901
415
3464
7999
4744
9463
1560
1536
7035
7508
9071
9571
1304
7164
1843
6266
3436
1796
1778
4401
2783
984
3887
1011
1563
4713
7826
2581
2811
2680
5458
2102
4527
6672
4775
5268
6708
430
3682
812
7941
6777
5186
7701
5527
6105
3046
1735
983
9990
4256
7247
7160
5153
5071
3958
9562
8834
328
3163
1288
7181
8793
4756
7917
9533
914
1063
4959
4389
3933
3641
21
6290
828
4677
8263
6230
7011
1892
9369
7159
8659
9897
2825
6616
1200
8156
5407
8060
5361
2333
8047
7270
7946
8537
3279
8200
8693
8967
1864
4496
996
4818
3175
1790
8894
6450
9298
4111
723
5345
2496
6177
9348
854
8945
7611
7503
1116
8017
6794
5092
4276
2015
9414
787
5224
4360
5149
791
6392
8228
6840
4135
2674
3603
1401
2760
7583
4759
5532
1340
7301
3426
1136
7230
4958
1050
9757
1523
9289
4803
41
1975
672
6550
7449
3960
686
4305
353
6643
9719
1063
4948
1512
4612
523
3110
4915
5435
3362
5299
2514
1285
3385
2256
8182
9548
5649
7784
9830
6919
1234
7443
3642
4839
8228
4361
5498
1344
9202
7886
5287
920
6338
9631
3536
7981
4796
4638
1978
5353
9998
5438
2004
1916
9066
9305
2999
1513
9944
3750
500
9518
8062
3577
8208
8837
5965
2180
5225
601
5617
8626
5984
7668
6423
4782
1317
9880
1878
6364
7713
1139
3323
786
4965
301
9365
5883
1018
819
655
1482
5286
8769
9799
5905
7121
1254
3330
7877
5936
1259
5330
5232
9494
5971
3814
5091
7340
5154
2085
611
2525
7029
8110
9882
4633
334
5779
7346
4720
4148
7288
6248
6573
6082
9114
9753
4809
5156
986
4523
2542
7598
8224
2267
7784
1042
3600
364
8011
4187
2225
8315
4395
2857
4801
409
9741
4155
1528
9705
2313
6683
4879
2577
5460
1983
1802
7238
3542
9731
398
89
2224
4612
1143
3706
3150
4014
4601
8381
2620
1248
3234
3634
5798
937
9970
7236
716
1524
7642
6687
5162
9571
1703
2130
6724
6098
4451
3054
3409
7480
5198
2439
8606
6668
5737
7707
5843
377
2466
434
380
9975
6254
9419
2537
2122
4085
5096
7145
3398
4744
6746
4033
5528
717
5317
110
6207
7379
6915
7135
4096
9301
6804
9741
3122
4781
9683
4413
3915
61
3675
6650
1460
2447
8755
112
3168
7178
3354
6272
4871
7059
4010
4920
6356
5010
1478
9598
8936
6636
1276
7335
1734
651
8762
6351
2722
5385
3798
2478
6280
6696
3847
2149
8235
8528
1329
244
5880
3559
3852
2154
2080
9791
2286
2460
9213
3258
4081
6663
3469
1344
2098
4550
9510
644
6233
2829
8780
7503
39
7309
1289
7283
7997
8155
5562
6452
8360
3046
5660
5110
2177
6942
4838
1715
9610
2113
9054
6420
6557
6350
507
8943
5667
5790
988
8945
1168
6946
2980
8243
1549
1152
7762
6144
6089
8585
6133
1327
2777
3802
7555
1633
4797
4923
7981
7160
8924
193
837
3948
1980
441
2818
3531
884
8581
2090
2322
2731
4969
3785
1084
427
4291
5275
5193
4954
5437
2636
7915
2317
9323
34
8673
6520
9588
6582
8977
1152
1437
3836
7470
7178
3989
3091
8339
9230
4986
5398
7876
4531
1543
2545
3467
7876
5028
5559
348
1797
630
1875
2538
9766
6781
4620
3551
5706
3596
3809
3971
6205
6480
3229
9929
3456
6141
1670
7192
5271
8291
958
4349
1601
6844
7702
6933
6698
7741
9060
5958
5609
3784
8253
8986
1246
1721
7378
4323
4786
5585
7477
6791
4036
981
3637
2785
9465
2846
6638
3552
6077
9964
3826
4973
5727
9554
9957
2501
6378
7420
2728
2907
2194
2336
5845
7266
8198
9242
7439
5467
3368
7929
6554
2478
2739
1463
5249
4770
7364
5697
4970
6212
3791
6246
930
4144
3916
8591
6576
9705
7350
3806
4435
8196
2632
7381
7310
4615
7210
8208
6282
1932
2198
7168
1066
2128
689
3482
7047
5755
2787
7656
9091
5635
9186
9962
5388
3901
1287
4012
3495
2009
3632
1385
5303
8602
2429
7326
8672
5416
3499
4112
3590
8118
5942
6745
4757
2527
2587
4983
729
6680
322
225
2108
5587
8635
7413
3788
7875
6956
6445
2447
3937
2354
1009
3668
5537
1893
2873
5523
9726
2618
9567
2539
6123
7155
5193
4381
2673
4060
6990
1202
3148
1369
2814
1860
9190
513
1387
6124
8320
9753
4512
1673
5602
9453
8302
4084
4648
6585
3202
3479
2819
9483
1522
7881
4844
1919
8963
7349
742
7349
74
575
2380
2873
8953
4596
9618
929
3233
6769
1955
8272
9528
9879
1854
8973
4810
8764
8276
4574
9451
3608
2919
9776
7892
6800
6013
4748
4559
4425
9044
3035
9596
7376
5789
772
3018
5093
4063
5543
7091
8674
230
2268
6320
410
6581
1934
1802
2468
8872
736
7195
2143
9626
9778
2653
407
6369
3857
5513
9450
7929
9202
4697
1038
4099
3290
5487
4703
6990
8078
7190
9228
4442
6209
7201
5851
7298
4414
5958
3367
5892
426
1049
5180
3834
4374
4504
1541
3846
1080
8137
8467
6092
3406
8027
2229
8645
660
5776
9987
9049
6086
5907
2015
2771
9536
9922
1681
3485
9922
5452
4540
4125
8127
6724
99
2869
5036
8927
5425
5281
5152
3632
5414
1078
9144
5790
9293
9346
7266
7315
4051
4141
2316
3682
954
3966
9741
9855
7792
637
9891
4093
848
4916
2597
6023
9621
7461
7204
3678
6030
4588
5142
1765
8824
5542
1910
8886
4332
1450
7002
6601
2426
3045
5640
8468
3866
6322
7350
5971
2250
639
5559
9143
6060
8992
1766
2120
7482
7013
7839
9870
8896
4845
9084
9528
4705
4539
9274
8105
7102
4688
675
8929
403
9956
6273
6447
7358
747
1718
3930
3907
1447
7746
6668
1401
6632
7770
5726
9286
3631
9684
6113
6246
4456
8900
7946
6010
647
9910
3204
3052
1707
1922
1819
7520
5970
2583
6908
1900
809
8124
7195
3648
6740
8378
1397
9696
7213
1602
1656
136
1996
2993
6911
6184
5352
2307
9025
4885
2813
17
94
5275
3460
3376
6619
2636
976
30
6864
3409
5027
4917
2398
61
6090
9951
1228
9801
6537
4211
8389
3571
52
9529
8013
589
8141
1635
5574
6878
2938
2248
4954
9804
3279
9508
2968
2945
8704
6454
605
1286
2477
9660
7829
9234
7535
4497
8773
2718
1364
7936
414
4392
2382
6190
7883
5390
7306
9484
36
9391
291
5217
5046
5707
6853
3456
64
9849
9174
8810
4034
4944
6619
4853
4382
5429
2110
6111
931
9265
4193
1976
7380
462
5377
510
6803
4884
8803
5772
6946
9374
8119
2201
5470
3997
5615
1775
5916
3602
6574
8719
876
1070
853
8097
2851
9850
8600
355
38
5533
5422
6173
6967
3532
668
9983
7600
177
2033
4952
1172
3123
7482
2734
1825
4343
7104
8061
343
3898
5132
9007
9696
4569
6201
7682
7661
2787
79
4001
854
7200
4158
9296
5319
5422
7484
3178
3882
5302
5717
554
8783
1738
8728
7885
6659
5809
1793
1926
7226
2843
8370
7667
4339
4430
9363
9634
6251
2899
5467
3454
9721
7463
8905
902
6418
487
6737
2975
8989
8347
4611
4290
4735
334
7154
7723
2519
1056
3729
597
4227
4218
5324
8475
1684
3343
8434
4845
1452
320
5173
4765
4237
9113
3579
7991
4654
566
7290
1835
2412
7245
7832
6621
9672
747
9200
6024
2243
5709
819
8285
3689
1738
4144
9630
3081
8509
5554
1860
5453
5313
5623
2263
8305
4179
8241
3601
9526
8963
3422
335
1399
4174
6577
9065
6979
4943
2493
770
1053
6440
1599
8162
6763
8735
9420
3874
5648
7559
7761
3774
7273
810
7859
7482
6498
5950
2794
9148
3962
6989
8831
1040
6611
1252
1488
2502
4622
5403
5908
1147
4498
3413
1151
9188
9863
3534
8275
8956
776
3147
5954
9757
5890
7734
6810
7316
3816
4547
3311
6522
1847
8074
3296
5007
5749
4257
7035
6604
5653
8775
5198
9745
6079
1792
289
7909
970
1377
2411
6813
7327
4891
4788
5947
6734
809
4362
6589
8396
251
94
1309
5666
5369
4341
1642
4127
4893
945
4136
5248
7875
1535
3261
2960
4482
1928
1101
5580
6537
5198
2822
4415
5417
9893
6897
2277
6890
2816
4577
1740
5868
5661
7812
2541
6116
326
2019
9274
258
5873
1161
5219
2699
3415
6196
2929
5825
8419
4040
1950
7109
7691
2528
8866
2451
7350
90
5828
7671
1730
9030
3005
5491
180
2508
3739
333
4440
7302
3269
304
678
786
6850
6157
3947
4016
302
9603
3232
9910
7407
7319
768
7665
2280
3732
8362
2572
3877
3034
4592
2338
2659
2802
5732
1138
8898
4210
1679
4008
3958
7237
4227
3107
7459
8603
4406
4368
3393
2739
7248
936
6826
4413
2423
8790
8589
8085
4625
8865
3010
9233
7579
5400
1382
7459
2133
1357
6558
9209
5186
6326
5
5007
6569
2171
9695
7278
3000
379
6358
3287
6065
8763
2498
2803
2505
9372
4121
1115
8549
13
7801
8495
549
8714
6757
1036
9836
1210
6897
8362
2111
5800
7847
6637
8844
3418
391
9112
2202
6145
8428
443
4880
4687
565
2691
7548
9745
8186
7674
8097
154
2406
2882
2656
4395
2352
3578
6789
4868
1206
398
2737
4362
9014
9038
850
1159
8541
3617
8785
1795
4085
8705
7260
7122
3762
9499
8451
3657
5011
4116
5302
1296
1894
7757
9307
573
6542
1659
5679
7733
666
4224
2186
7969
2133
3025
4835
5782
3799
612
4176
1391
2669
570
7202
2002
8063
8991
7049
2277
2174
7911
8574
8241
985
9862
4858
8474
6343
1876
4620
8459
5530
8870
1115
5471
5942
2307
1800
8176
8322
5913
7157
3332
2655
8977
3565
8474
5169
2619
1283
5340
7591
9661
3481
1490
5567
7314
2181
2899
6312
9672
3787
2374
4626
2210
8777
9160
3946
3997
4317
7436
5351
3069
9375
3084
3562
9452
456
6431
6905
3659
987
5551
5989
3226
1972
1738
9162
5483
8650
372
6534
3715
4147
407
2737
2784
4749
2479
1789
5093
6927
8905
9305
233
8915
4969
7782
9991
7723
9880
9257
5878
337
407
6976
8721
3479
3217
62
1720
4576
9584
904
5446
6606
3527
1609
9959
6593
645
6126
9658
3648
651
1639
7688
6181
6226
2747
7628
3241
6205
1499
5716
2979
8089
5991
6744
452
2877
4357
7100
302
4888
9877
5935
3844
4470
1947
5540
519
180
3142
5769
8593
6894
2267
709
307
95
8806
8707
3066
1157
3187
4190
9487
6685
6956
1468
5598
4339
9850
5862
3958
1396
328
518
9166
7602
9110
8531
9322
9365
9367
1594
2154
4813
1283
5059
2532
4343
5030
7822
7031
7211
4627
5339
8918
3817
5640
1622
9128
227
9939
5262
2755
3611
4616
4527
4145
3466
7263
2510
8459
5262
3836
4594
5596
6560
8820
637
5122
292
6540
98
4196
9128
6796
5227
1873
5642
1287
2055
9113
1446
7784
4787
2650
9671
1978
4798
9275
87
9154
3855
8852
4201
3061
5530
2042
8336
8946
2927
6390
831
6925
11
4523
7764
5756
4961
7469
8740
9783
1917
4874
2951
114
6290
4013
849
3544
6303
4182
9413
1620
3590
6334
3182
7329
8425
8761
8106
7787
2688
2329
6050
609
7500
3770
9648
4518
450
7161
6731
541
9374
1063
3131
2831
2907
2006
5336
4244
3978
5389
3381
1088
5296
6437
7946
6137
2329
1430
2183
8378
4647
9789
9059
8576
1829
8862
8554
6111
1692
5499
729
8132
650
4696
8388
5944
4526
1351
4015
1880
2568
1840
6209
8149
9883
2630
2087
782
1680
6908
8705
7349
7326
1907
3889
9553
8996
3070
416
7011
6967
5301
320
2676
884
9711
5691
3822
5406
2729
3633
2299
1003
8061
6924
301
3545
9671
6742
8093
457
2952
3953
1574
9379
8172
9528
2220
7918
7102
4773
5582
185
9933
3107
2489
4384
1716
8757
3926
1304
5171
7541
3664
9962
5184
2640
7018
70
5047
5247
2755
4237
2877
6378
9373
1111
9240
5167
9334
2237
7392
5056
5664
7780
7857
3488
7144
6484
4637
5796
1505
465
3821
1892
9091
8031
1032
2434
820
8813
8003
338
9973
8665
6052
9273
4024
3240
6638
2743
6534
7667
2558
3934
36
7765
3978
6676
591
8273
4094
7128
3689
9005
1890
9695
6196
4637
5113
7327
4431
4987
4499
6616
5182
609
6729
7766
8977
4290
335
5596
6966
9482
5894
9801
9882
4519
6748
5167
8343
9700
7617
9211
49
2142
2601
7115
416
4315
3189
9623
3740
5137
5365
6382
4389
206
3043
3944
8070
6611
497
6682
1473
9183
5718
5815
2083
5295
1357
8041
7295
843
4519
5522
5318
2098
3967
9620
7916
3511
11
7408
4384
9897
1886
7307
7536
8071
8083
9759
1570
2924
6230
1391
4110
8898
835
5825
5979
3232
4415
3666
7127
4466
4106
812
500
2741
4899
4078
4584
1407
4576
3669
5391
9050
7736
3949
2650
5893
48
3397
4300
6498
6755
4261
1683
6223
9816
2072
7693
377
4443
9113
4535
9281
120
6697
3615
5610
3803
4506
4895
751
3223
1736
8619
5016
8858
2581
301
9197
8374
3635
2025
8132
6363
7332
5533
7784
8307
612
1518
346
6945
4486
9634
1372
2722
8744
8723
3296
6593
8775
6962
7297
2552
1031
8435
9055
8963
1194
3796
2145
1145
3869
5125
5540
146
4487
3843
8196
4182
4182
8256
3927
8311
7692
1158
6129
3616
3053
9528
3085
5510
8753
9548
6978
9113
5920
8267
1355
5161
9086
663
9693
992
7882
8414
6147
3562
7968
1405
394
6228
7873
2702
2543
97
8252
6685
7310
6253
1070
7975
5179
6528
2070
2882
9838
2620
8228
5688
5532
6382
2675
6146
2385
1645
4069
7718
5526
5404
3826
8174
1021
6113
4707
9036
6354
3490
4119
2518
8987
9435
9827
3283
9243
8164
7902
1120
9242
5278
6241
856
5062
3165
4579
4430
5274
8089
3448
2369
4670
4174
6363
6142
3336
437
3573
3067
7944
8762
4756
2934
5033
597
7736
1403
459
555
177
23
969
5231
5298
2187
8940
2733
7801
5600
4139
4666
1417
106
4168
5177
2669
6085
9140
6870
2579
3772
2886
1565
7755
2006
9882
3455
6165
3796
1544
9755
5137
564
5756
123
6220
5604
2750
1275
5404
3001
1190
8615
1347
7439
6298
2591
9346
7358
670
4010
1005
8221
8553
9145
4641
1540
9193
6795
1468
9522
1953
4835
4897
2784
7176
3058
8884
2270
9976
906
8627
1167
