9279
0
287
4150
1710
2378
8441
9511
8862
4683
9997
3775
3235
2733
1300
132
1614
5482
8761
9326
194
9691
1752
1753
2093
4846
1334
9886
5910
5310
8889
6386
2498
9923
2617
3646
9528
8823
8792
4805
143
2163
519
5709
9794
8850
9530
9637
7749
4926
4481
7242
7084
1250
8004
5481
2957
8228
1170
1615
9450
2278
5707
7721
6392
4805
614
6963
2748
5320
6179
3270
3278
1277
5928
5331
1166
16
660
2299
2752
7313
5238
500
4277
711
6574
2895
6370
6351
3652
8577
5441
2811
1711
1125
8681
2311
8159
9508
3738
4338
1536
869
5713
4118
4694
5179
2939
6219
9343
1030
7601
9403
4166
4565
2862
8105
2599
4193
2756
4725
8918
1784
5934
7112
6588
4739
9098
2855
9689
4083
743
4643
4070
1604
8663
5667
9352
8478
2642
598
2254
1444
5482
9477
4474
4656
175
3561
4559
4378
2542
9337
139
9708
5975
459
1296
9386
8093
3435
8608
558
593
5631
2576
8156
8897
3734
6731
3339
424
6981
5874
5491
5110
9567
6737
1284
2726
4292
635
4119
2202
3626
8142
9795
9416
1771
7392
4081
5303
1209
8736
2374
4351
9704
9071
9597
6271
8966
4348
3911
2435
16
1556
1807
8272
3479
1124
5057
8845
4780
1847
5484
1717
7786
371
3453
8579
1803
4232
2135
6603
9403
1049
4853
5230
9907
9872
5219
461
3731
9343
8540
9615
7379
9625
6670
9237
7810
1157
3292
6778
3830
38
5479
63
9127
1970
3609
4329
1710
9443
6337
6266
3957
3553
2151
365
8432
1042
5421
2262
7828
420
5494
753
1364
1355
253
5193
89
745
1330
2089
4342
3535
5572
4930
9248
9049
22
510
4540
3704
627
9192
7662
2211
4371
6809
8137
4396
3113
3803
751
4853
1189
9656
8348
2009
5273
2279
6895
3287
2253
699
4355
6443
3791
3650
7076
2441
2284
4795
5086
5265
647
8880
3671
1194
658
1149
980
963
4402
7808
9667
7950
9200
6999
6371
5000
7383
4944
4348
7516
5612
6544
9604
8813
2303
5825
2143
824
4577
1832
9778
9508
5551
8102
6921
8198
1276
2479
3261
4075
1097
6619
9508
2588
5702
1943
2265
5807
9226
262
6112
5278
4995
3328
7135
8716
5929
3798
7619
9589
7431
4455
1129
5396
9941
216
2285
6553
1647
95
6407
6416
2485
5062
6322
2002
3891
4625
4432
1969
8539
2928
762
5005
3599
5751
4391
7334
774
4450
2060
6271
2650
1553
9756
1765
3926
133
3278
7972
5184
6506
4885
5500
228
6450
562
6476
3398
9940
6758
9160
935
8694
7796
4699
2433
9936
6928
7360
2840
7819
3044
6088
5455
3462
7043
6773
6777
47
5377
5282
9822
9684
5895
6353
7195
7630
2355
4984
6423
9340
8382
2094
6414
8516
2722
6031
3860
970
5902
4550
6937
3642
1727
3605
1788
8516
8066
1851
8913
9072
9108
2003
6822
8949
8756
2741
2359
118
8834
2341
5362
4183
3267
6219
5067
4662
4621
9032
2412
8953
4147
7027
4627
8104
2564
3258
9064
583
7855
511
3464
9758
1361
8922
3307
2953
7563
4210
6511
1016
3130
9760
7797
5357
5102
6462
4981
3140
1133
4818
2419
2625
6617
8663
2022
7467
9688
7754
8635
7324
6654
8403
5017
6524
3532
2588
5423
3843
2800
8624
8854
7751
4268
9978
3328
5269
208
2363
1980
1291
3860
3760
4495
8286
2413
2008
9088
5272
9467
4944
1614
2220
1664
5975
6534
4766
5624
8114
7246
4429
7433
9148
7425
4428
6567
8973
8697
990
351
8715
405
2852
3351
5224
7662
2463
5846
3193
1727
6779
5613
1589
1327
4869
675
8667
618
9005
1596
9757
226
1192
1212
7472
584
8864
9925
5260
1577
335
7249
2403
1564
5802
5174
6023
7392
7694
6035
4581
5661
9347
769
753
7085
143
7872
1963
5105
8521
7095
2438
6078
1209
1695
4290
1149
3763
1396
6342
9838
5637
274
1696
1644
7948
1941
536
6355
3184
9267
3349
7129
9447
1093
8605
4430
2695
6583
6946
6072
9778
8028
5192
9187
5288
9273
2071
4855
181
8908
4169
3019
5584
2566
4155
5779
9145
3938
5152
4281
3014
7866
7602
4967
3532
3744
2777
4127
5008
8802
234
3699
1275
9388
976
3352
7105
711
9291
3727
7356
3444
751
7315
4862
1340
5474
6838
2060
9100
7850
7454
2618
9411
2856
278
4754
8403
8
1209
4349
6572
8259
6373
1609
9899
5454
1818
7531
699
7125
734
3944
3244
3233
802
719
239
9074
6096
1644
2526
2893
7711
813
705
6061
183
7245
5532
5943
6975
2952
675
5494
5134
4526
2894
4532
4070
538
117
8962
117
3413
4793
5109
6302
8510
9491
2594
5327
9141
9093
8965
128
8783
707
5404
8864
7783
3013
9789
1293
1039
3589
5724
6869
8806
8781
6641
407
8141
5734
2826
2137
3045
1270
9039
801
5502
138
1301
1245
1593
9131
1268
9969
5233
1580
3346
4675
8728
7922
4627
8858
8638
4252
5398
9378
4159
3964
9120
6008
2607
6667
9075
8123
4840
3402
7389
8156
8626
2751
6920
4604
3450
1522
7149
4681
6455
7775
7688
7476
7754
5348
5042
8995
2763
8280
3166
5383
6738
4994
737
9126
6755
5730
1944
9066
5851
3486
610
2229
976
4453
9925
6825
4729
7907
5116
285
7797
1086
5618
7975
8078
4699
7497
7665
5248
9802
6764
8522
6905
8291
7165
8016
359
1229
7878
1586
238
4674
6789
6296
5874
7655
1632
7568
7679
7228
3324
2116
8158
9699
3032
3120
4116
847
915
1324
9127
6750
1558
7418
4855
4673
4341
5964
260
5005
2392
4687
2940
2245
927
3188
5453
7325
2762
1452
7645
3550
1026
4960
4082
1363
4211
9156
4699
3759
4852
7442
718
7082
8404
2343
7006
3968
8837
9694
123
2712
5120
5556
3906
4004
1434
3093
7904
888
5044
4341
8149
8772
3075
4968
5398
2881
9720
7094
9934
3228
7061
5413
9579
6279
5027
6927
4447
107
2453
709
2712
4082
1617
5017
4013
2154
9216
7749
134
6306
3168
2893
1041
5871
2910
4811
7271
9324
7251
4540
3490
5359
9180
1666
3651
5473
1251
434
3583
3026
9470
1732
5054
8076
2775
4710
2533
9729
4037
2134
3180
9356
724
2687
149
551
7388
8490
5193
893
8624
7635
6273
5888
6283
6213
246
9363
7684
7697
1906
3037
6146
3346
6930
8872
8427
3131
6108
5164
5864
735
7461
4563
6804
7801
2982
2745
4896
2754
6347
4465
7157
1988
7039
8782
8672
5971
3903
1286
486
9255
8273
6594
7773
974
2971
6267
3070
1465
6950
1790
2345
4596
5207
9366
4338
9960
4369
9513
3162
6491
93
5221
7855
69
1391
752
4514
4041
882
4234
3779
9148
1900
9850
5657
5121
9273
5304
4118
3411
9233
8881
3769
7693
1411
7790
641
5186
4895
2420
1492
4652
7003
1591
2429
8935
4025
6233
3260
969
147
8001
8295
2762
4874
9147
1788
6529
5549
7502
5263
4657
5820
4227
4337
876
7485
6938
5374
6355
6194
9278
6481
1441
6600
6429
6405
7405
7049
1786
964
7785
4356
6112
1562
3373
6432
1058
4177
2096
1008
6549
3397
5834
4004
7088
4579
3576
3317
1289
8636
1087
2768
1577
3161
6884
3095
8347
8846
3313
1100
923
1988
1872
3585
4808
5482
1767
8528
7038
8332
4197
7144
809
8828
3275
4172
5630
830
538
7894
3698
5582
1411
6633
5308
4177
7720
262
8530
8070
1550
4731
4441
6514
2572
5047
108
4367
1040
207
5047
9799
555
7576
5616
5930
6325
3985
3267
986
2695
6104
4001
8150
8531
882
6143
9046
3421
9853
5521
1730
3973
3886
4638
2258
6784
5324
9478
6287
7699
3522
5917
5316
8304
5446
9720
1638
2189
8164
6486
9564
1465
9716
6265
7894
2396
4695
5239
5928
4515
659
2980
6568
4343
5888
5979
2474
936
7744
1017
5172
259
7610
2249
9021
9985
8840
2281
4879
8516
1288
6723
1608
7192
8059
7098
5125
6006
4350
7127
1644
1963
9069
1816
8141
1839
4195
2452
7941
1365
5078
6150
1368
2213
4087
3554
7800
669
4204
280
7969
2024
8683
5949
3457
3149
733
8560
6868
7611
303
3793
4711
2764
793
7003
9066
6096
4179
6411
6819
851
4281
9093
3397
6000
4147
3973
7467
8812
6352
4847
5720
2418
7427
7374
3440
2577
5140
4307
1764
7000
5187
6135
7463
7766
5520
4833
3460
6587
8146
4252
5345
8829
1610
7848
5672
2704
325
4272
8583
1244
2765
8439
4390
4
163
8317
2800
2425
2942
1869
6247
5040
8485
6677
1183
7385
3145
2873
7543
3807
1884
7789
4297
8370
1212
394
7339
2468
9987
7559
2142
9739
2848
2590
2534
2009
2083
1352
9609
2318
7658
934
5105
2221
9675
9668
1778
1603
8384
7451
3105
5883
2952
4743
4071
5031
9576
6695
4229
4077
6924
441
1362
9911
9389
8718
3774
3493
6602
8586
5245
5121
3792
2244
935
3432
8061
5567
760
2223
136
9632
208
5399
1842
1544
6857
9587
2208
4817
8066
1273
5577
6962
8779
2860
5637
4621
2495
621
7512
9552
797
1199
2372
9392
7014
9996
1301
5679
2508
1588
8280
8063
8018
6058
8946
2906
4574
7868
3637
1484
2237
3253
8100
6723
4908
8567
1467
1057
8633
8749
1499
5175
283
8031
4349
1022
632
5708
6955
4537
7453
1373
6902
6255
3398
106
6530
9277
723
2086
6431
4477
218
4134
1447
7859
5271
7953
9544
1803
2809
4177
3121
6678
4523
6738
5063
459
6803
3581
7707
512
6298
6893
2999
9727
4937
4013
1056
2470
2880
2154
6750
8002
7392
5763
9693
6207
1661
5313
1803
2214
9629
6214
14
8924
7328
3256
7310
3747
3466
14
8638
8196
6648
999
6996
7333
5058
792
7339
5882
7727
9235
321
7120
9144
1907
3083
6686
7795
3206
6831
463
6743
2714
4932
2072
7613
9382
4569
5424
4746
9798
4781
1459
9076
5940
9408
8557
6406
8275
6807
9938
7206
9742
262
9553
977
7034
9577
3350
3486
7590
1159
1731
6341
7705
2878
4346
2303
2822
4063
5902
2535
1219
9023
6072
5911
7573
8289
4684
295
3014
3423
368
2240
8804
6782
918
4982
6436
9667
578
6619
5267
3791
8339
9264
9707
3538
9334
1579
5667
2399
1575
5373
8350
7983
2552
259
8145
3819
928
1333
2158
4194
5637
5736
5851
1986
4894
6204
6216
5677
538
3546
705
2587
9410
4426
4322
736
6070
8336
7189
3879
7754
8221
8486
2435
6005
2495
9110
3010
3756
1075
2088
7688
6368
7307
2258
6489
4531
8202
9791
1502
9334
8682
5366
1087
6321
33
3234
2847
4941
6703
4564
5974
5989
6993
4038
6481
3106
2824
8920
5783
902
5919
4566
3106
4612
5188
1158
3286
1307
2348
465
2232
4457
9415
49
6910
7963
1183
6046
2361
5536
6212
6248
1133
9169
9520
9990
1079
2696
4903
2646
254
328
6979
3824
2415
4549
775
2035
596
8197
855
6309
3835
4216
5337
6925
5334
6223
8565
3094
2329
4415
9405
9544
1222
8452
792
5226
6330
4022
8044
656
4062
6322
306
9967
2607
2370
8520
5162
8716
5450
1377
498
594
6801
9224
217
6612
4407
7574
6275
6922
3918
2942
8435
1193
450
3764
384
9656
9875
5016
8625
203
6701
2668
5165
5485
7260
9571
2892
1188
4234
2371
5801
6477
6097
5285
7523
7285
9538
3199
6394
5715
4792
2838
5634
4799
7612
4212
2333
5859
4795
4906
9853
4762
5876
4879
7376
6641
855
6278
888
8104
197
1133
4980
2145
7349
3198
2923
2756
4190
2591
2650
4524
3929
5426
6963
4571
5439
6097
1355
2335
1411
2824
9273
24
6498
1764
7933
3710
9371
4360
8559
4657
1745
6961
3238
4764
2822
2589
9757
898
3275
663
5130
4267
4246
9780
5306
5002
2142
5939
6849
7824
2619
4299
6859
4428
5475
8263
4554
6795
2246
1892
5047
253
660
5112
992
1549
4083
6056
2823
7681
2332
5226
8390
9830
9907
5487
2343
9327
3280
5894
4130
180
8461
7226
1544
2622
2891
43
8808
2451
7020
8284
348
5521
3181
7915
7370
4703
5909
1378
5968
3976
9327
7315
5696
5026
3899
1877
8582
1903
310
6118
5855
9387
2555
5457
2750
511
6749
285
7
2559
3523
762
378
1917
5862
8821
3104
7324
9447
7518
605
5276
1504
3755
4341
6235
6065
3378
5940
8431
8782
1043
3219
9167
6275
6237
4721
3296
8012
7516
253
7749
4529
8573
3740
9512
6733
7726
2502
6380
501
8227
3857
5307
1357
6391
457
5743
2274
9993
8931
3003
9375
5108
9455
4568
1303
4562
1389
7195
6242
4932
9185
5430
2174
9454
988
7862
4459
2058
9086
1681
7787
9148
9341
6286
9626
5393
4288
1126
3284
6515
2601
8564
3366
2389
8894
7356
8203
9163
75
3049
3075
5030
3249
9101
146
1737
504
298
9232
193
6991
2656
497
2838
6200
6083
6494
2966
3656
6469
6445
5610
9925
5386
4777
2323
6084
3367
9917
818
8364
4023
4042
4099
5619
658
2834
8863
4392
7987
791
470
9853
2369
9744
9201
7203
9191
1286
3241
7623
2211
8508
309
4097
8188
4304
7382
2524
2009
8300
4242
3721
2157
903
7696
9217
9798
898
7488
2220
4490
8543
2415
2932
6355
3823
6303
1136
9531
3514
1911
6779
862
3816
5100
4523
6677
3360
6807
106
1336
9775
2922
148
7484
7220
2927
3342
7625
3549
7896
4529
568
6136
9539
3809
7831
2602
116
9274
7086
8684
7302
7678
3590
7559
5825
3777
5658
4305
8226
6268
607
5342
9107
701
6263
1585
136
1764
1570
6497
5031
9548
5371
7861
5142
3690
7289
8857
9012
6911
2742
5853
1000
8379
8850
6009
8517
6227
677
435
9782
1936
9047
2653
6553
8723
2425
848
7342
6859
7225
8851
405
9260
6185
4066
4169
7746
9022
7903
4484
9211
3290
502
9282
7193
9482
9092
7570
676
6684
5916
3549
7374
7933
4767
4139
3459
9714
1030
9178
7028
1428
6050
4159
4345
8923
1896
3293
6360
4779
8113
2256
2819
537
4348
5018
3303
7578
8826
7482
6277
8654
9853
4760
3724
4989
9721
9678
5164
1557
506
9500
739
9304
4631
5050
2138
6202
4336
8088
179
9026
2278
3373
919
7971
6299
9656
9089
4648
1422
550
7765
3789
695
8356
3291
2432
9414
3757
4
4556
1807
3567
4279
525
6162
9204
3751
6882
1716
8735
2190
7251
2571
7823
1625
8274
3715
2968
9465
7817
5778
8421
7265
3178
6008
2050
2297
6421
6737
1212
974
8300
3508
5766
8769
5222
3400
701
1358
8993
3029
4260
4808
5353
7233
7053
5272
5213
5630
561
1671
574
393
7387
5413
7802
9506
9902
8088
8263
9012
5184
9529
4958
8817
7248
3839
4376
9493
5074
1032
6959
7598
7750
6575
7457
6600
6494
451
8342
7383
760
5779
476
7116
3479
7615
7409
7707
25
6955
6605
1077
2904
3704
130
8017
2961
9326
1453
812
1702
9384
57
1223
1710
8818
4352
8751
6836
5421
1182
9843
2079
3866
2899
1051
7585
7200
6220
7910
1718
430
4925
3905
3471
9726
5806
4973
4892
1021
2586
5645
369
2804
9705
8449
4171
9794
4432
2272
4714
8644
8076
1963
6385
6049
567
278
2869
7748
7617
3487
4486
5145
7232
8611
3126
4530
6931
8665
1976
8044
3434
6832
3166
1293
2368
7439
4115
1656
2991
3311
2919
4631
4496
1153
6359
8212
8735
9541
9206
9640
4131
5684
1114
7966
1829
4506
8953
1943
8562
8413
6310
5159
6471
7711
1360
8825
4396
6139
414
7016
7535
1264
4902
7405
2360
7689
1741
8178
4630
675
7164
161
7642
2355
5746
4931
9827
9740
9881
1008
8325
1353
5183
4565
9567
3914
1754
5930
8731
8092
6555
6986
2891
8880
4595
3692
6799
1485
8072
6828
5415
8789
1478
4396
780
6793
6552
3201
3187
2343
1330
6323
2630
5876
4185
6500
9910
2227
7005
8560
7184
7693
1759
5455
8176
5236
4953
5002
8565
9021
3006
4792
7153
3016
6095
3983
8872
6568
4119
7115
3092
7015
1022
7911
8758
6820
1724
2442
5071
1656
8600
6316
5437
6705
4410
2558
2821
5029
9744
904
3808
1852
2158
7452
1660
7015
1601
9925
8971
7477
1673
1234
9396
4858
8468
4447
7023
9565
1926
2189
2643
7436
9888
8424
3590
4305
9259
4479
6497
1047
7860
3577
8243
6595
5160
6545
4221
3970
5601
6521
4325
1820
2955
9983
8728
1470
9504
4475
7593
5281
284
1882
6265
3874
4944
7575
5485
7158
8303
5662
4429
7854
807
5966
2967
904
9669
9290
8823
3502
8203
781
4172
6051
4399
7533
1508
6732
1395
3814
4076
5397
8160
3690
5685
3724
8686
7640
559
124
328
5079
3313
195
2781
8889
1073
6932
1761
1545
9022
385
8949
2257
2713
2457
4560
5720
7663
662
780
8640
5678
1674
7039
1355
9513
1052
98
717
3397
6324
6816
6608
8630
1150
6094
1477
2659
7535
9038
7394
9414
7158
5565
9352
4362
7413
7186
1089
1568
9250
2660
3785
6521
7541
8833
8929
3880
558
3344
3494
9912
4892
5228
606
6939
7511
1354
7819
4
9087
8000
8002
9529
7246
4986
1816
9507
1814
5657
366
9476
5907
157
8835
8271
5643
122
8111
8685
5235
4884
2374
980
1042
5293
4898
5769
9575
1023
383
4766
6672
5315
3034
7584
4373
4757
5739
4383
947
5132
4226
9735
7839
581
5708
9459
4295
24
7824
2924
4946
4647
2179
3992
5709
1564
848
8300
9752
1991
4359
368
9800
2261
3873
7844
5213
7977
3512
5040
4363
5047
6404
8810
5314
9183
2921
8737
4447
1198
7762
1078
5872
6416
7967
932
430
9980
4533
6004
1382
4323
7733
1284
5150
2635
6168
8425
8478
1034
7425
6136
3191
7697
7111
1679
973
1157
1411
1490
9600
7407
3348
9383
8536
9484
4536
9783
1807
8377
2715
6041
8190
1672
8030
7568
6857
1044
3854
5840
5062
7067
2112
1229
7026
1043
3122
1707
9838
8744
4048
9320
2117
9303
7941
6712
2963
4497
8513
303
5106
5907
8574
8813
3004
9914
1946
9249
8642
7593
5932
5078
5332
7042
9693
8404
9731
6174
9704
5261
8797
4556
8365
6884
2211
2799
3403
2430
4917
5883
9204
8707
8233
7452
4137
6684
6212
5696
2308
6101
5421
4368
9318
4897
8609
8587
4425
7345
8480
3356
8589
5117
7479
6922
5586
5754
8484
7467
6150
4147
5177
68
9197
7667
4516
2489
5440
3796
134
2563
2822
1069
5796
2835
1759
2761
6357
4484
7578
5765
2842
144
3547
6657
7703
414
4496
1420
3994
2780
2157
6544
7781
9405
9376
3167
1290
7128
6275
2694
6826
9664
3221
7504
5422
4946
2315
6463
3823
4452
8440
4950
8561
2676
9834
2542
2989
3557
4371
3674
2234
9237
5852
3912
5902
8232
3196
7610
151
9494
7554
1001
6984
6199
3862
6024
1288
4378
9641
6112
4575
6851
6424
2218
3251
9347
139
7349
7475
4490
1178
1995
3742
9837
7758
5421
7637
5380
7553
2016
7597
393
2135
2626
7841
3197
3807
2392
7293
6963
9710
1377
7838
7425
8842
9287
9315
9515
3584
9722
3863
8767
7900
5741
2203
7309
7562
3554
2250
7791
5857
1818
6348
3592
3183
8107
2377
8147
6993
8184
3752
362
8156
206
2259
4133
4679
2681
5366
3545
745
3391
7436
3002
2999
7137
9711
5079
6838
5369
9661
9105
3917
8013
4033
8361
7624
2484
5248
9419
9013
7052
1780
6730
7132
8521
8411
6982
4287
2815
1589
5119
8861
8076
6592
3318
6224
4219
5795
3290
2087
3174
7485
7165
5112
2156
8678
2264
2186
8834
3519
51
5522
275
7285
5059
3490
3941
3711
6463
5865
5348
4871
9194
708
4412
8824
4721
6409
3956
218
3800
4153
4007
7443
6188
7243
1971
6009
2704
5427
7752
7734
1481
2281
7054
8716
4769
4149
6981
3520
2148
6303
2776
5309
1362
1282
1254
4627
6384
4244
5380
5805
3569
9797
3388
8685
5988
795
9389
927
7721
3448
9527
4043
9221
5789
5962
7106
8005
3595
6722
2909
794
316
9611
2792
2858
9532
1411
8683
4517
4647
1133
1802
4427
9833
888
8132
785
1810
173
2702
5499
811
9249
6849
9820
3556
7980
3479
8317
8085
1893
1968
5280
9865
640
6715
7084
981
4254
2685
4815
3402
4902
8682
9383
9568
6046
1627
9537
3805
8718
1541
6184
2614
9284
4393
4433
7382
7565
9474
752
1318
5577
4158
5264
6508
7093
4139
318
4835
3736
3593
5981
4872
4435
4144
4184
3578
9452
8009
3478
1518
9124
1010
1732
557
8784
3250
506
8618
7320
2431
1779
3716
3094
91
5385
8379
390
7396
7976
4165
5744
1986
656
913
5339
8499
7440
9391
8745
2951
7245
6635
3013
286
9081
3960
6539
6890
4178
5280
8844
2541
3473
1392
5486
8467
5535
8846
2984
3559
7861
1739
2199
8377
1998
7163
9273
8163
7597
7971
4851
2087
6606
1518
3507
1268
3538
3299
5438
7732
9528
4915
9353
6342
185
9999
2726
6101
1306
9670
2157
7945
9422
9447
5069
6080
4458
7509
4624
7722
674
8861
8804
4929
758
2324
9128
103
4870
2302
9091
6871
3348
1866
5420
9322
1273
8222
4376
9588
3236
8730
3085
8889
7538
4303
2457
6412
3116
8988
112
9739
8948
6996
4743
9979
8838
2946
8510
7406
17
6710
4496
815
4133
7972
1378
7660
1444
1843
3548
5959
330
7890
4974
9978
6457
7514
8422
7240
2185
1953
7947
8708
3138
871
4201
6765
6641
9778
5998
1547
7285
9201
4815
6643
1760
8194
4795
8276
6207
5017
3099
4655
2580
5601
6615
2195
4996
1208
9316
1736
2976
6079
7105
2887
5334
779
9113
3073
1556
2800
5880
5184
794
7834
8248
1908
663
6291
1908
3245
9873
9556
9467
8656
3276
4104
9451
34
7543
4537
530
2898
4865
3883
580
7551
7976
6743
4699
3413
4374
6202
3490
2930
7555
922
4199
9714
4163
3933
3917
5305
7044
2083
5390
7338
3602
6711
6384
4574
9031
4234
990
6944
5011
1637
9411
1180
3797
1491
1854
1096
7769
7775
5336
5357
9404
5762
9680
6720
9640
2543
9694
6999
3993
7941
8893
1309
8502
9334
378
3304
9444
5149
2462
1893
2112
6444
5727
415
328
5652
7729
1853
6835
7200
1113
5189
6116
8378
6013
2975
2380
2082
9613
2095
3046
1666
8848
6733
434
3939
205
5095
7505
9090
6830
6141
4443
6468
4005
9239
4215
1328
5689
3833
6266
4437
4881
3884
6591
6024
1656
9365
6195
1962
2748
1266
7598
6725
9488
4121
706
5018
8680
4470
1324
4064
7478
5080
7738
2331
7975
6212
1482
1376
1806
5902
4528
6025
531
7572
2546
960
553
9911
7942
6708
1182
4957
3031
2883
7014
1129
9639
9147
181
9865
9378
773
6712
6014
945
2021
8517
1306
8571
3810
5775
8077
4958
7244
8204
2968
8702
1082
2406
3248
511
3527
6
4140
6254
4745
1883
9893
4769
1735
927
6244
9085
3441
7368
7126
9807
3686
1781
4171
2091
7589
3707
337
247
2030
8316
6130
8777
4279
4299
5816
3857
5376
5469
5051
8308
4042
8040
5365
424
3624
7879
8875
3312
6503
2243
3767
483
1035
2342
2108
3243
8291
6724
1285
9779
3057
4906
4340
1186
2485
6679
6430
6394
1136
1034
5070
7313
3787
7705
8268
1254
1625
890
8449
5421
7589
6766
712
5725
4917
7869
7590
8906
725
3905
500
8426
132
8138
5614
9626
1595
667
9781
111
3083
3430
5558
3303
7671
4041
1565
8468
854
1489
9889
8856
2036
9734
5777
6422
4562
9517
796
6198
1581
9965
6149
8578
6973
8712
1480
5279
7590
398
5994
3884
9761
2532
715
5479
1956
5105
430
6403
9158
90
2046
7839
3309
9326
3685
5854
85
8637
8427
2295
5178
8045
1587
9844
9572
1385
6616
1228
1445
8529
4
3172
2685
1044
4808
6806
6063
3921
9525
1858
337
4537
1105
9757
3738
6164
3312
3112
8723
1093
6887
5155
9686
3121
6444
2564
1084
4781
4782
5888
3353
885
255
2892
6062
4688
2557
9428
5262
2023
600
409
584
1670
7162
2668
4306
4889
5959
776
8925
4928
3783
2613
2168
7589
5194
5720
973
8501
3073
5403
7564
1098
5182
5536
7234
967
3908
8867
4731
6526
5929
4603
2584
6887
7800
9035
8758
9196
4346
945
8147
9599
8743
6385
1858
581
7102
4033
3330
8188
6493
7043
9730
4215
969
5290
8829
3668
7994
2700
5698
815
9858
4638
2784
2796
6904
6273
1490
9862
9095
6036
4310
1566
8770
7078
214
4873
7286
9918
559
5869
130
3931
4580
8594
4321
7108
4200
4856
8809
6003
7244
2235
4187
6479
4185
110
7430
6475
8740
7040
192
3485
3184
437
1123
6138
2111
2655
8151
8694
9708
8430
409
4278
5030
4657
4646
7612
3439
59
1160
9641
8388
8106
1176
3580
1338
9613
6073
6304
6287
8341
7942
3188
5490
1654
2800
1798
2298
7489
8588
7089
4804
6804
8673
6841
6736
4172
2164
5747
3196
2636
4465
4784
3813
9765
3412
6247
6971
1699
5520
5901
4353
7504
2540
4449
7190
5970
6176
4968
9706
307
2728
8785
9529
9141
5892
6237
717
9987
8953
5448
6986
6315
6858
974
6855
7961
4606
6034
7134
9378
7877
1227
4181
137
739
247
4154
4128
513
9036
7540
1838
8274
2244
8702
2944
429
6437
9046
7866
5193
1835
944
4056
8368
6251
7730
9172
970
21
4720
1911
5751
7859
9945
4771
4170
5211
9735
9706
6689
7579
8652
5649
3276
5232
8199
4402
9908
883
9285
8122
5487
3589
7506
6191
5553
7110
1721
5233
9678
4613
2044
1104
5291
678
6758
1669
7571
2242
6692
381
9728
8733
4756
3608
3447
1684
3279
566
5301
5236
7314
4525
4634
2215
7175
8312
2069
1038
3963
6790
1942
4011
6802
8527
2384
5119
8296
571
4571
4125
5713
4241
4855
289
1505
6967
5520
5413
5220
8489
6209
5275
6526
9547
5604
1920
4743
9399
3992
2133
4427
8071
4836
8240
9336
3820
9636
4744
2333
5254
7283
7262
7497
7873
2227
7270
6712
5441
2789
7607
8105
1553
1525
2130
5953
5261
305
905
9504
4797
699
4433
5212
5255
8736
8326
4916
7522
148
4705
5962
9201
7745
6219
5796
4500
5812
3783
1189
2330
1776
836
6597
6653
7883
5540
7046
5547
6327
1861
5996
9028
4675
6217
1272
4013
5358
6528
5679
529
1480
9523
7078
5308
6537
9838
1882
8739
9684
3085
8797
246
9832
7582
840
266
7152
6951
9875
6326
8690
8345
9466
5222
8900
4604
5545
180
1828
3120
771
6138
6731
5623
3438
7019
2055
7179
8429
9509
9631
1518
2660
9071
9423
3595
4365
3572
5940
8699
9418
7040
6926
8225
6825
3672
5687
931
5644
1362
8391
3371
9510
2424
233
9030
844
2106
9726
8576
6430
4429
5656
9607
4165
4265
1715
8191
3575
6776
8447
6873
6528
9246
422
5413
3361
4923
1657
5698
695
4028
7874
2689
134
3909
798
6659
7637
159
6406
4465
3278
5655
7824
4366
2000
1891
6454
670
7901
4596
3805
203
5799
8370
9337
3299
7312
3971
2781
5518
868
1216
8013
8675
9694
6709
2056
2056
9345
1905
9771
5936
3623
7252
6323
5385
4956
5710
1830
6487
5124
8682
7601
5404
5618
7085
9725
7813
8173
7546
947
7723
5596
9960
1720
9566
3481
2796
3220
9833
3511
2438
9316
1957
5248
9881
8909
8016
6416
3504
3846
2192
3596
9967
3272
5912
3527
6646
844
9670
3427
225
4541
6176
5638
4178
9880
3957
1221
3575
3451
7360
8668
7682
3076
3143
5762
1280
4299
2589
4622
8499
3758
5284
5895
852
2085
7934
5933
5101
4684
982
1505
794
8077
2457
5512
4787
5759
1085
4358
5352
7350
2655
9496
4287
1328
2082
2341
5952
4079
3900
656
5840
5578
8137
2523
7980
2506
3267
6955
8633
7362
7939
3537
6645
2739
7158
2836
616
8897
9858
2431
8027
9858
6281
7459
9746
3889
6175
974
3412
6658
7140
5159
7371
1408
5132
9394
7189
5242
9758
33
5901
4099
8401
1972
4588
5891
989
7157
5656
5061
1990
5710
7360
5118
3620
6020
8344
6842
2522
2308
1390
2966
6317
5750
5021
1126
3414
7362
1653
1009
7600
8743
7249
3220
5684
231
3027
6489
4957
9351
8898
5893
4644
2599
1195
5755
3420
3656
1082
7230
7504
3162
2369
6169
1035
8055
7882
3123
7927
136
9314
5237
4758
8172
1568
716
6421
4475
3732
5485
877
5649
6506
6322
985
3469
7186
454
8618
6097
9677
8861
4025
5393
935
1769
8946
794
2268
2493
9344
6437
9784
1758
3377
1034
5142
4003
1381
996
6426
8731
4368
4863
2778
1519
5751
3948
8262
5702
5238
795
371
8324
9334
4012
3828
4856
146
1906
6417
2011
2942
3861
4600
7891
8670
9135
1238
3671
6113
9927
6668
5101
8647
9965
840
8401
7941
4322
5984
6537
2172
7716
6426
7574
5190
7859
5723
9060
1327
447
632
4421
2985
3488
8365
83
9471
6644
5305
2934
4310
6159
4807
5563
4144
5601
5824
1337
5087
4850
8953
8807
1494
5318
3036
4226
2182
5284
9092
2371
3102
9920
1177
1182
7326
1017
5589
4280
175
1207
1225
9413
1489
8686
9467
4620
2800
1904
7639
394
5344
8204
1623
3743
9707
4573
6084
6724
9600
3012
7390
1123
1420
4554
6085
7740
1369
7176
8440
9989
912
4833
9995
6428
5536
8619
2501
5323
3629
9833
4585
236
2432
4254
680
4437
906
9888
3939
4196
9862
6445
7070
4653
2450
6023
1424
4877
4690
7055
6878
7185
615
6088
491
7172
7407
4526
8338
1419
7827
3716
8370
7985
152
5775
4295
1929
797
4805
1310
7674
953
9745
6603
4194
3880
9478
6480
3245
4080
8096
5429
1584
4678
9278
1529
5936
2662
6461
261
9916
3898
639
9960
9816
5299
134
266
3154
6409
2035
2786
7473
3773
7670
9507
7381
6064
3066
4360
7896
5897
6354
5167
8666
2548
1617
6003
2364
9865
6769
128
8912
9450
6687
4030
249
9311
2353
5099
8585
646
7898
4547
6749
3681
3143
7673
215
6584
9647
3584
4229
8404
9309
6911
5839
8576
6556
8378
216
1634
8518
7962
883
9348
4043
3352
4342
593
6522
5509
8076
2798
7741
9814
261
66
7347
5779
5915
5435
4254
5062
2171
1190
6600
6694
6041
1597
121
9778
8430
2560
7089
8088
4946
791
4079
1254
5233
6232
2641
5304
4626
1244
2842
2411
4523
4964
4902
5160
7700
6800
5829
5927
1246
5770
4865
2786
684
8266
5234
6698
744
3371
8038
6196
9248
959
8384
4570
2346
7260
4778
6221
9606
8395
6946
1286
5287
8370
6026
7015
499
3452
9615
9983
4866
5426
9313
9027
2743
7048
9269
1305
6862
4242
468
8839
3640
9061
3779
3751
1712
9004
3416
1127
9242
4483
4218
2948
4594
9412
6440
1623
4059
4843
9955
5060
4472
2211
9847
4372
9680
9743
9114
9652
5863
8487
8081
8087
4595
5718
8420
9054
4458
3846
2857
5751
7346
1697
8090
2339
4462
2801
5510
2302
3069
6663
8374
9289
2012
3680
9163
5938
67
6234
7666
2621
6631
6068
3801
568
7653
4867
4826
9
2834
1886
8321
6051
7286
5947
964
7271
4086
759
7016
7263
6546
1724
1481
9359
3305
3933
3712
3886
3538
8323
9939
3929
1203
3419
6237
5209
2714
6696
8578
6868
3242
1249
6177
3640
4056
2617
2591
4528
5402
8774
8868
305
8968
8432
4731
396
6942
8310
8174
3584
3974
7875
7680
6434
3379
7704
4321
8632
9881
2805
1282
3532
4424
2252
2803
9056
2246
6070
6154
7346
9239
8828
30
2017
1153
3581
1931
1839
1100
404
6217
826
7480
7372
2423
9401
2655
7369
9440
9282
5746
6067
6872
3629
3309
418
8930
7666
6765
104
7481
8728
8812
6937
8557
1892
9740
8885
1428
8228
2449
8148
1366
937
8979
8231
9484
714
4971
5552
612
2465
2001
3429
1083
9020
4500
5148
4831
4286
7020
4310
533
1507
9842
7568
5264
7930
4071
3239
5872
5511
6125
6870
2016
7020
2489
8273
6377
9121
1480
4013
9522
9610
8519
2018
1052
164
1150
812
7961
3150
1414
9698
7757
1413
1817
7234
642
1928
958
6868
636
6869
4181
4169
5401
8815
6377
5186
8327
8987
6012
1490
9600
8984
7362
8837
7727
9052
8523
6437
7393
1257
7883
2765
4653
9706
3335
3897
1676
7415
1752
3064
473
2640
5920
3449
9118
6588
9537
930
6519
6276
3257
8310
3474
5865
4680
4933
5956
3682
7041
5321
2374
3533
4778
5939
2823
9760
2244
9766
6818
5068
8175
3007
2277
5407
4188
2311
6378
3008
5725
9789
7227
4677
6062
9509
7289
8544
2307
8498
9873
9700
8113
3898
7859
3389
5686
832
127
7583
2874
6565
9791
451
7801
1728
3406
4568
2959
6133
2554
5925
5255
8821
2495
7164
4432
6944
2559
3948
8885
3809
3545
2985
550
4878
7355
2671
8820
2151
5594
65
7207
9178
2047
9570
6096
1918
4718
6798
6135
329
1817
7994
7101
493
3858
651
1447
8691
1932
432
4833
2527
5924
5177
2448
5850
6019
2291
6270
3939
293
456
4639
1850
3830
494
2372
2902
3427
5578
8353
6657
5464
933
800
1862
1174
3177
7493
1819
2826
9868
7672
6663
1300
9798
5903
1763
5507
2884
6406
8551
620
5303
5977
1970
575
4369
2180
6581
9171
6678
2042
4240
3992
5738
4143
6462
4008
6191
606
1151
786
9382
7693
7847
2317
9591
4459
8568
6258
2
6955
5640
8218
9246
8263
3275
8288
3908
6843
216
2940
7128
1328
2169
3485
8164
9598
9846
9069
3574
7496
4417
5392
7355
7958
4103
9290
9930
8639
113
3876
8383
6833
7716
1434
2396
9607
2593
2476
259
3206
7635
6952
579
4922
175
5937
1147
6652
2574
8267
8514
8275
7936
9008
3245
9645
3634
5046
8140
9538
5475
3168
422
3100
8854
126
7699
3155
9561
7304
3762
5766
5130
6628
8351
6628
8681
423
7626
2927
4011
3414
714
1085
5991
8222
9806
4811
7539
5430
8348
7591
9225
3821
1547
8852
8004
1104
2183
5548
879
7887
4628
2011
7224
4555
6552
9942
4616
6427
8016
12
2975
1924
4475
3092
4892
6692
7317
2028
1824
3045
7235
9339
1999
4196
5476
9902
18
3366
1258
7191
8502
8077
8185
8832
760
1543
1256
6094
8487
4140
3422
9957
1571
900
735
5133
6318
9091
2432
1291
997
7961
8605
2660
7893
3911
1649
7882
2030
6027
9071
8746
7070
6731
7115
837
5732
4569
740
7864
2593
2350
7315
6436
3896
3169
1341
1339
5083
7042
7806
568
1410
8417
7554
3009
5967
825
6951
9369
8611
5769
5070
517
5596
9221
6123
8040
7078
1699
1413
9130
1598
6052
6344
3424
773
6618
478
5820
7142
2256
6576
254
8157
2058
9499
2273
6891
2535
2336
1512
6950
8736
9134
3363
8181
4599
6494
621
41
5363
5686
48
4568
1864
2609
1741
2087
3143
2
353
6682
9624
3355
7308
581
9906
4247
8971
4164
6999
8929
5274
4820
3497
9362
1314
8242
616
2006
9558
2077
2953
2048
222
6726
4824
8014
1077
2330
3955
3377
2547
5572
6906
5776
1184
8960
6211
1253
2471
8301
6296
5797
2484
9684
7625
2421
8243
9994
3111
804
5152
6163
3856
1051
1009
2714
8802
499
2617
8551
4628
4605
1846
5762
869
7956
4846
4600
2672
2378
4776
7483
2887
9471
4811
9381
4895
8803
3335
8250
9728
8234
1343
715
3146
3437
3380
606
2418
8873
5480
5929
2336
3825
5582
9825
5070
9727
5715
1533
7004
2962
7360
5792
8664
9655
5884
7741
1963
5742
4199
1830
9648
5800
4977
7123
7211
6012
2380
1854
7753
7931
9344
1637
1912
183
9155
8376
5882
8683
2110
1157
5597
5460
4575
8584
2910
3046
6381
1230
4430
6256
1442
4229
6962
9268
3673
6690
7746
7018
7909
4380
9431
7385
7569
4091
8305
9967
173
607
3535
6275
466
3657
2062
6808
1263
4496
9865
7047
3253
4350
9007
2277
5480
5553
3436
2114
2501
9204
6896
1766
8622
2035
2511
6598
1708
2827
8192
1806
8804
4804
2618
5278
1448
2762
1572
8708
1951
2563
7720
9453
3630
2512
6111
1437
8581
3756
3958
6865
5355
9787
6186
9295
1467
8308
6377
837
864
8703
9148
2991
7100
4665
6897
9016
6826
4529
6985
5603
5212
16
1983
3907
1930
9638
9774
965
2451
3238
3994
5210
1789
5441
7863
4779
1869
7939
1694
6605
8620
4397
5957
3623
5627
6477
1242
9879
8919
5781
4608
3913
9045
5944
7342
9954
678
8477
6098
3335
6574
4617
5568
2648
7443
8258
9803
8815
6870
4124
9185
7507
4550
4078
1336
1520
8632
3337
9904
8315
2570
5418
8879
6148
5640
5042
7807
5407
5853
1422
5618
8534
4046
3225
3968
5904
5070
7242
2798
9923
9298
7352
4287
4085
1230
8338
7761
1192
8656
6629
1521
9715
8220
7868
5041
2337
7471
3612
15
1959
7220
9719
806
6904
1938
5809
7887
974
3233
4828
3125
4510
6751
6007
6125
3702
1086
7443
8176
7666
5594
2125
8938
6851
5207
2407
125
98
5913
9022
2452
4039
636
6571
4861
9349
5400
4736
1758
3629
3533
8850
2311
9053
671
192
6083
7902
8213
6250
4892
5683
586
8361
336
7662
4820
2491
8563
9126
2621
5207
4237
6073
6415
8777
1554
4854
6972
3885
6835
826
5403
4350
3346
6264
2809
8247
417
6117
5778
501
9537
6251
9098
2082
9520
6394
6978
9395
168
8731
3255
43
5040
7762
420
6242
9435
7536
4370
7926
6674
8035
988
4240
6184
8063
9343
9810
6002
1576
3663
1034
5045
8232
2112
3965
5399
8198
7383
2710
2423
4074
9398
825
7218
2282
9374
6658
6212
889
3319
3151
7745
4594
9367
641
1939
9560
7726
4271
3809
7309
8085
8325
5827
5656
2886
8707
3466
2370
601
3779
9447
2286
4125
8542
8354
9449
7476
3543
1761
2881
3055
3725
5869
2011
9336
5089
3718
2898
5617
7059
6048
7123
2066
9794
6019
8295
2406
6261
4511
1968
5070
4866
1239
3013
522
3783
9596
6047
6261
298
8270
8103
7780
6885
62
5850
6852
1761
2231
2383
926
6396
752
6239
5610
5638
236
5990
7410
6935
2465
3473
9852
1118
3914
4462
9617
6738
8730
8711
1158
6439
8947
2092
3266
4782
9234
9086
9435
5739
7287
6843
8826
4375
2457
6469
899
7818
6758
7611
6947
3819
5772
8357
3485
5471
1914
9447
4891
9179
4965
5988
8697
6407
4880
9964
627
4159
2214
2761
3893
2659
2051
9347
3228
2956
8597
4383
900
3037
7300
6494
4509
6081
8414
9925
9276
9774
2645
981
4480
5383
9078
9163
3414
3953
9905
1508
9058
7709
361
9683
8381
9665
8319
2625
7559
932
5592
2457
4787
546
833
7143
1450
4401
1963
2006
9319
9818
2839
3650
2128
2933
309
4854
6453
6724
7641
1444
8176
3294
1227
7208
6941
1902
3645
8483
9537
1886
8899
5483
8086
454
4414
9439
8955
8773
254
7483
6424
9617
5051
2316
2879
1102
9371
1971
1414
8016
1080
6888
6718
3923
1144
8306
8932
7866
73
9986
8898
7291
751
6541
7401
1375
1878
2647
4392
2060
5393
4657
5707
4767
1025
4314
9128
2414
1207
8319
9654
9470
1475
3224
4121
5182
6706
7481
4403
345
6692
2534
2617
4082
5283
8359
9585
6908
2148
8025
2620
7776
2967
8964
7956
8805
833
3855
4846
5703
9552
8518
6349
8649
3345
5674
5257
2635
7154
1292
7641
4738
1509
9317
6056
1453
177
3343
6334
469
4221
1760
6019
599
6966
8250
6507
9528
5992
9651
9609
6447
7268
9001
3617
4949
9707
7977
5855
5455
9771
3215
5607
2530
3597
3339
2483
4626
4538
3888
3881
7170
9929
9747
8171
3330
4413
9984
1016
7761
7138
7368
2614
8914
7675
5020
5043
2507
2751
3677
5979
3046
6188
6179
1190
7339
1059
9240
9214
2434
9399
8333
3799
218
8419
397
5454
8813
7548
6518
7392
9855
4801
7612
8617
2162
7124
3480
7231
4138
7130
9957
3393
9167
3086
4070
3054
6726
8667
6011
3832
8273
8749
5361
8573
7313
8559
4906
1330
1665
6676
110
6256
5182
1711
9539
6045
9851
638
5617
8025
6420
9602
4845
3839
1427
1544
460
9996
6334
8812
8774
7814
3480
3890
4724
3552
5069
5181
6287
4319
3383
3536
348
3367
6563
6403
654
2982
3623
5272
7354
2589
2498
2208
8041
6609
4819
8686
4941
3649
5155
465
7791
5791
4632
5892
3047
5117
7049
9165
6431
5454
563
2191
3986
3175
82
880
7209
5645
440
3241
4959
4252
1781
79
1039
2125
8406
2107
5151
1247
4938
5446
4910
3538
8657
6926
8490
9135
3975
1716
9369
852
1935
3760
2346
7096
6292
634
1061
6174
4691
3725
7635
9165
2021
6474
120
4346
523
4936
1363
2156
5913
8887
6600
4841
905
6359
697
8062
9789
2166
4017
1716
6125
4426
5706
9174
4243
5164
5086
9012
8649
8106
5400
4492
4442
2508
9666
8274
5987
1834
7302
2766
6929
987
718
1662
5726
8644
2
6280
9519
1809
1446
4437
5475
3301
5747
2242
4459
423
1988
7213
3785
9012
157
2861
1245
7875
302
2112
5538
7542
6900
4584
4941
3267
342
8650
4478
5663
4267
8809
4358
5331
477
8373
1220
5364
8040
3755
1916
3917
6473
7266
4555
1192
1004
784
5200
6
6657
8874
4872
3153
3886
8187
4507
3419
9231
2181
741
8417
5274
5395
8738
1387
9838
2335
976
4617
2998
3610
9954
24
7850
2005
6162
2229
3598
857
977
8554
6773
9720
443
2028
2022
8776
8161
9034
4073
8014
6143
3142
8095
200
9146
2561
1153
9488
9551
6593
4488
4339
3087
3889
1608
9913
8952
1227
2772
2909
2599
1953
4154
7743
7007
8870
9377
3401
7183
4979
6332
4181
6248
917
1926
3818
5881
1986
1280
231
4300
3001
4379
8975
4521
9683
8505
128
5641
1285
2812
255
2378
4005
4668
1046
3356
4960
6667
8859
7060
790
934
2848
2265
7737
4354
8479
9015
8166
6305
4326
5676
5544
5787
8349
7012
3073
5416
2945
3845
2144
3742
7061
7587
9226
7991
3243
1217
1131
7021
5170
7332
7883
3852
7721
739
1325
1695
7771
8342
1806
911
5485
6458
3013
6822
2693
9525
4298
6044
2951
3222
4668
5906
3183
5044
1246
1557
3004
3245
100
226
3422
2193
8814
4538
9772
9720
4306
737
9014
2682
5615
267
8350
7317
4926
690
9498
2221
3927
2406
8412
4863
7931
8186
9732
3571
8194
5386
814
9334
6976
5774
1885
7866
3211
3009
5182
6623
3573
5004
2590
2264
2015
7785
6897
4016
5643
633
7025
4158
2358
4549
2121
4675
593
8991
2469
652
2342
7756
710
4946
4444
7947
5744
2012
7468
2222
9297
4323
6937
3955
5399
3655
5270
9941
857
1926
1686
382
3917
4802
1206
3967
5853
889
2851
4969
6856
8772
1814
1977
3526
1804
7457
921
5106
5930
323
2140
9814
6386
5016
1965
2918
5191
2066
5649
748
8706
4890
5395
8159
5251
6517
5302
5251
3718
4758
4629
7439
8280
1319
9247
7347
7664
7089
6277
2784
4907
3584
7831
2355
2459
1226
9753
3476
4743
5703
5006
2916
6165
679
5203
5038
1944
3503
451
3608
8524
1509
6278
8064
3614
843
8978
5469
430
1286
8720
8978
7318
1498
6726
2901
7350
8181
1307
6475
7661
9755
5145
1515
1119
239
4367
8806
5765
4338
9938
4382
1546
7919
6244
683
1069
6714
5279
6533
1241
4539
6898
7370
9108
3572
5669
3220
7763
1112
7850
5559
4451
5832
5255
4781
7062
5248
9296
9782
2542
5880
450
3687
512
2756
7080
9770
5092
6209
9675
7023
2084
7950
7729
8190
187
8071
5018
5165
5521
1486
4357
8174
3452
9192
5900
7093
7132
7031
4437
9434
273
9735
2611
3515
6289
8981
7220
524
1339
6085
1781
7870
6610
6445
5759
4799
1570
2721
8423
6544
273
6487
1467
5906
2093
3196
3497
6123
2514
9958
8064
2385
8753
8179
1498
123
5303
4096
2950
1087
2946
3761
832
1484
8950
5205
3100
8609
2508
4165
8158
8401
5631
1388
1551
1776
7036
7442
8925
5319
207
9578
1590
457
4344
228
5588
3052
335
1859
8130
325
2041
9934
3907
7327
1452
2143
1992
3939
1458
6145
6713
7923
2555
7052
6061
7377
7771
1139
6591
5356
2796
5886
4559
7358
4193
101
3165
870
8134
7460
8176
753
548
9440
8047
6879
8319
138
2109
7799
1868
1732
6915
152
6750
398
4422
180
1371
2631
8043
5923
8630
4739
1617
9100
5297
8035
9509
2486
6851
2066
9595
761
2776
6203
7377
4944
4382
3254
8045
5461
4838
264
6114
6212
3100
194
1668
2125
2858
4991
587
5673
4144
1665
2682
5440
468
3194
6781
3250
2667
3237
6606
4682
2242
1661
4963
8614
3219
1254
6049
1869
523
5017
9188
4148
9706
9180
6786
4925
3288
6490
8881
3126
5869
1026
2551
2588
4253
9090
5168
9031
1033
8156
394
6839
7737
720
8643
2723
195
6085
5796
5187
2748
366
3369
6171
376
1049
9529
9845
658
1830
5868
8051
7077
9938
7802
3992
8590
3264
2206
2351
5935
4311
3168
6961
7120
6849
818
4029
5949
1588
1489
8437
4336
8611
3463
6406
8495
1463
4785
8613
8178
1857
2664
2618
9849
2828
1701
194
6281
7083
8348
2677
2098
6692
2224
7399
8081
1871
1561
1069
5705
3477
3812
9128
4087
5486
7289
5334
2688
3935
6163
4590
6881
5043
8971
5155
7264
5092
6631
5258
5654
2217
8997
1169
830
4337
4912
2091
2327
3919
8886
511
5504
3357
4306
5928
694
7321
7779
484
7542
7868
7952
8026
1200
145
8992
5267
6422
5210
8006
6530
5978
1192
9871
9080
5633
3337
2990
1619
8049
1154
8683
3917
7488
6706
9277
3681
8992
4712
3492
6613
6923
1514
1326
3263
8611
5253
4967
7599
6774
4684
6914
5988
8619
990
4204
2215
2471
8323
854
5985
6075
2905
3701
4030
4462
92
6444
7583
4929
716
8180
254
8138
801
3687
7273
5604
3988
6101
6005
9269
5658
9529
3003
4188
1671
1651
8945
6513
8306
7260
7600
7814
4041
9138
2110
2610
6348
2851
8993
5849
2443
7419
5011
8786
61
5916
4812
893
8744
7442
6582
1658
886
2599
6177
5372
848
7561
1931
4149
8701
974
3699
3169
9058
5550
8156
4987
5051
9738
9795
8399
2494
9062
280
5494
5848
9709
5752
5545
4985
2558
6151
1827
8930
7417
3829
396
5303
4687
941
2072
6591
9969
9474
4818
729
3469
718
5049
4423
1263
1782
2329
2350
8319
1714
384
471
6271
4185
9389
1796
9843
6418
2281
3486
4405
1088
9765
3096
6411
7439
1511
4879
9518
6526
3127
7122
5468
6172
2882
7712
8493
7106
2828
2932
3711
2392
8253
9078
3892
9849
6765
574
6946
3823
9994
9526
8899
9737
2389
8900
9720
4428
38
9875
6211
7172
6471
7242
6602
8595
6521
6601
2122
1520
725
973
3581
6477
4409
8547
3927
8757
118
4049
5767
7062
4071
954
2198
9580
5077
2641
3465
4423
751
2403
1540
2255
4291
4380
8502
6438
3594
111
4923
8037
1394
4729
5947
862
7724
1084
4575
243
2135
1423
1870
2088
7162
3644
8252
2614
9254
3064
1106
5083
707
8508
7538
4462
5880
8911
439
1227
3885
8976
567
1266
2198
8123
4159
6327
6814
1057
6869
1069
4182
7653
4183
333
256
7345
5566
9373
792
8812
4607
1917
6965
4806
5857
4918
6018
5764
6316
4301
8571
6435
9094
1168
561
2801
6614
6433
9824
6779
5345
3681
7784
3941
2800
4226
9577
3849
1988
5858
3623
7936
1
3993
8250
5112
8007
9085
9076
879
6753
477
766
5007
3707
4573
7214
1343
9122
9785
4758
641
5449
4962
4254
2854
5666
5544
8058
4827
896
4145
8095
3375
6601
1936
4349
3425
6855
6091
2545
3973
8495
2394
1022
8607
1495
1840
3832
7244
3465
947
1291
4686
8282
1358
443
3799
6705
3660
4585
1501
362
2468
4760
9381
6902
1614
7517
2785
2966
2182
2096
1059
4438
5409
8369
6638
4399
9639
1309
2828
2213
6240
9353
3137
5805
8781
4861
7047
2855
7831
2983
747
2164
3046
4050
2189
9870
3403
497
3792
4133
7033
8997
4785
524
3306
1815
3812
501
9125
3080
1509
3344
5426
6722
3414
2228
7615
6012
3805
882
6515
6719
6281
7302
886
8188
9053
5206
1903
5582
2920
9673
1803
7376
5576
6986
504
2746
9263
1339
7367
3700
1586
3367
9008
1208
6138
2634
2258
6252
7979
997
1491
9932
6673
1328
2773
1762
9086
6507
759
6462
3620
6364
1600
689
9538
6309
6968
759
809
2633
8555
1418
6200
825
934
6653
3945
3591
6099
1859
84
9295
8886
5819
5366
2264
9680
2930
5432
837
7320
8810
8509
3854
798
2209
199
3762
9416
36
4054
8744
795
6573
3800
5355
7119
4566
8803
1112
3456
2785
5619
2417
6833
6323
4654
567
7378
2745
7863
9065
2475
5212
6542
5634
6161
2361
6169
8676
8148
15
4868
8334
6712
5282
3588
8741
5519
6889
4350
8083
1404
5300
1366
3081
2370
5879
2497
3136
7101
8556
7500
1225
538
4645
4062
5263
28
8701
9469
54
3364
7549
8016
9406
8775
645
1116
7716
8214
4868
9756
583
3824
6822
3611
1394
4478
5150
1469
2542
331
7843
5930
9636
839
5694
8810
9243
956
7999
2695
2751
7539
6674
4812
8038
3228
2308
1322
2539
627
5374
8745
1341
2790
3450
7334
1565
7502
5897
8691
9183
2418
3818
3403
7815
4889
8082
9232
2747
7000
5870
104
8506
6740
558
623
2025
455
5443
6150
1109
9099
6692
3610
8471
405
415
1096
9000
1974
9406
2211
3521
9259
4976
8603
2339
7347
3756
7610
8665
2808
8294
2750
622
8380
2326
480
9811
3003
6116
109
8099
2374
8163
2340
3867
7696
8538
6047
2622
8360
9957
1192
7241
8172
5257
6273
3081
6167
8973
8251
5818
9527
1223
2531
7848
9348
5802
1316
3005
6546
6204
2175
25
9360
335
1468
6254
2309
9339
247
5726
9236
6784
3362
4838
2197
5068
6937
635
9820
797
4469
8327
8731
8436
4281
6321
9685
7246
6619
4159
8451
1750
8517
3061
391
186
1427
5670
4465
8696
1430
4778
3616
2155
4681
7649
8142
3841
7524
7937
1801
6397
1936
7684
9695
4503
2125
7139
6629
2493
9202
4482
9703
9014
983
7513
5259
6152
5403
9239
4049
9948
647
170
1753
981
5244
841
6572
5746
4177
6402
7355
6401
7930
2775
1670
2568
9659
3434
4763
975
968
5925
2482
7598
7144
5957
932
2562
2893
3758
8263
2141
5771
183
7417
9490
35
4481
9858
1837
6724
4200
1419
5497
1783
189
6239
4569
8634
7188
8407
4011
6221
4896
6522
6710
8237
6687
5403
245
6380
8798
5284
8145
9163
8095
3397
4613
3106
8129
7389
9416
3470
8820
7219
1303
5997
990
531
1062
271
348
931
847
3452
6360
5313
654
3764
6353
5462
9170
9448
9405
1890
763
6286
8615
3676
6734
6895
6062
5412
2406
8869
4957
8123
7500
587
6499
1893
4870
7365
6046
7402
6642
1880
4984
3726
1037
7235
9906
4925
889
9204
5142
8323
5816
9306
5027
2871
5210
1057
4014
5874
7616
9259
9534
4909
2113
5749
7668
3806
7165
1927
8095
4944
3649
6735
62
4382
741
2804
5169
4461
884
7901
7559
6064
5752
7758
7989
5029
3196
1120
456
848
4778
1869
1885
8454
605
7159
535
2121
1513
9062
5034
2002
363
1717
7152
8689
2914
5581
7232
2109
2872
1062
1623
7195
9626
4200
4906
3057
5848
3400
2460
9355
9605
6022
9365
1031
6706
5944
945
6235
2187
6070
8995
3006
8629
3849
7711
9086
8242
3482
7961
2701
1016
464
3410
5647
5446
7882
6569
5089
2935
4456
8222
8365
363
1396
3232
5392
1928
1844
7932
5272
8054
9292
2316
388
654
1860
1462
389
5169
2573
6085
7071
8890
7652
4916
3534
3833
265
4440
9562
6652
3782
1165
2621
8354
500
4692
3409
9189
8332
930
7342
6089
9370
8487
978
3478
2162
2725
4197
4788
4358
4472
7279
4786
9805
3770
3010
1660
921
721
9881
4665
2604
9647
82
1349
2624
8273
620
6112
289
3336
5521
6851
9044
8172
3602
7900
9425
8711
5806
5553
4010
3003
9502
1582
1512
749
1294
644
9275
3075
8907
7491
802
3403
6253
368
1123
1789
326
5674
5303
1542
9463
3267
3320
4454
2365
4415
7320
2406
6063
21
8484
138
2959
9604
1561
5190
3957
6224
1547
6410
7823
9960
403
6168
4316
2518
6895
7566
8963
7300
9286
1227
63
1033
464
2300
9312
7387
3119
156
2106
163
6956
4907
4386
1524
3977
9081
5211
4166
9242
7995
4980
3409
1183
5049
8754
3150
6365
8755
2852
5115
2973
160
6750
3604
7912
8178
9462
4282
7097
35
2720
9672
5087
4941
3398
4607
3514
5511
3755
3878
5472
9279
4302
869
6875
3973
9081
1971
3603
1111
5625
1026
9587
4642
8045
1076
2248
1979
9072
2675
4847
7602
4668
6089
8224
1707
4339
3032
3396
190
9837
7414
3846
761
4677
4728
6141
1719
2667
2086
5625
9825
6655
6638
2570
2592
9620
144
3780
3042
5057
3159
8055
1945
7197
8089
2764
6256
490
3020
5993
4199
9101
9942
8841
6164
1622
6256
6713
2485
5790
8600
9621
3166
992
591
4884
4455
8906
2744
4340
3636
7395
3484
1968
9025
8617
4915
1312
1830
7293
4173
7423
6338
8289
3127
274
7123
2805
6702
8374
6909
3498
5136
8219
5732
5723
3834
4907
2170
6611
7697
3523
7286
8895
3361
636
6385
6052
1792
9749
3103
4255
7897
3267
3893
9139
7270
3792
3058
3500
4737
4174
9755
6505
2861
3087
9261
6296
2924
2101
2112
4979
8499
254
3463
9142
7357
2906
6288
5711
8679
3925
7888
61
8947
7148
5004
6557
4828
7207
2097
5506
8577
6123
994
8968
1960
4462
8419
4681
2317
3625
8535
885
2902
3217
6156
4131
439
4977
8238
2864
2460
6329
3154
6668
9854
5485
3059
8219
3995
6946
8757
6553
300
6748
6523
7977
5062
6273
116
8289
7186
9584
3877
2584
1076
4060
2171
9387
4259
3343
3648
138
1477
8187
1710
9786
2873
8303
2668
5983
5013
5295
9550
3640
4718
2590
9281
6643
9584
4856
7720
6932
7529
1214
3830
1104
7407
877
2210
2506
6973
1046
9497
2212
9886
4187
6254
8313
1022
1079
7845
925
4170
3477
9419
8291
7481
2563
7283
185
4628
2803
4346
1264
3811
933
9754
1468
4853
6973
9423
7100
6081
1587
6751
373
6963
9474
7299
8885
9305
3794
6435
6810
6550
4435
8363
7265
844
2537
9010
7307
8761
2212
4590
2669
3383
1835
8026
4129
4619
3228
7459
2988
5436
2481
951
7041
6825
4193
722
6406
4091
4772
8183
9215
5050
8463
1385
2566
5676
7746
4387
5741
4784
3618
2547
902
2283
8963
3804
5557
9963
5892
1282
5226
8897
4461
7226
4617
9875
6547
5340
2720
8068
823
2031
8822
7314
3843
686
9577
1369
6404
1239
9606
8470
8672
7611
6858
5027
1332
6054
4546
3585
3021
33
9434
5255
5857
7245
2912
4552
3493
7990
1012
6591
5390
5922
4597
9539
254
3584
949
6276
710
5882
1946
4501
5765
2239
6387
7078
5652
8464
5795
2920
9354
3211
5485
6307
7652
2117
3362
8112
6914
6311
8660
7173
7898
4351
2585
3298
2945
3853
820
3820
7073
2959
6799
7890
9837
2892
5646
624
1502
8011
1942
605
5041
4419
8026
4746
3826
300
619
7775
4433
7826
7705
6213
1265
397
179
2242
4587
9486
