7215
0
-6439
7032
-8576
-2365
-5952
4583
-5276
1837
-4567
-4489
-1574
-6666
8884
4783
-1048
2387
-718
3384
1761
4105
1802
-1768
9543
-9617
-6213
-5807
-5598
-5642
3834
9426
-4939
-2514
-7029
6313
-4228
3780
-5927
6266
-7666
1895
6143
-7290
-4766
-8084
-8071
-982
7595
-8053
2245
-3053
774
-1656
4080
4658
-1957
-4495
5498
-1733
-14
5555
7092
-4860
-9801
5373
-7495
7402
642
3760
-8281
-1287
3655
-6484
-4171
-6429
-6644
4127
8819
-6718
1844
-3525
-8568
-9422
-2640
7812
8238
-7114
9424
3801
-8082
-9010
-8590
-9467
-8024
5496
-8043
-7342
-2521
-9982
-4672
1301
-3362
-2340
-8362
2279
-3429
9687
3990
999
-3270
2384
-7710
-2828
3514
434
1113
119
5049
-7892
-6551
-5288
8214
-4816
-7142
-8368
-5960
-1973
8
-9986
-6652
-4888
-7215
-4752
-8853
-9203
-8158
1330
5046
5373
-3529
6970
-8037
-9932
193
815
4889
8466
5712
8663
-5905
9709
8895
3032
2988
4737
3823
-5242
-9927
-2951
7301
9690
-2017
4455
9015
-3088
-3763
7860
-1108
7973
2618
8278
7406
-6170
-4912
-9954
2772
-3970
9272
2474
-9969
7104
8515
-2298
-6524
-2048
-7769
-7048
-1039
15
8054
3520
-6945
3351
3041
-4220
-8327
6718
-8005
-1705
3599
8971
1808
-5456
-7382
4671
-7916
-3306
-9751
1429
-2706
4138
-4288
-9604
9534
-2262
-1138
-7227
-8101
4969
6639
-3930
-3103
-5807
5802
-4680
4948
-9582
1860
9936
8029
8498
1863
-1746
5171
9775
2418
4576
-9638
239
9825
6349
1894
9936
220
467
218
-299
7383
-402
4940
24
5336
6763
9061
-1817
2329
4817
8701
2564
1522
-8133
-8044
-7969
8585
-1393
-4172
-1266
5668
-6449
1719
14
1720
5289
-6125
4371
-6406
9909
4719
-6967
3876
-3497
8678
-1188
6075
5887
-8300
3852
1786
7184
-2929
-2915
-1686
-991
3761
5280
681
4210
8393
5919
-1881
1494
-7751
-6990
-929
-5115
-6832
1390
271
5813
1555
-1342
8962
4708
-915
-3056
8394
6729
-8488
3712
6208
-2845
-1563
4951
-7411
-4504
-6601
6456
6632
5989
-2617
-751
-1828
-1231
7335
-6615
-8052
-9503
668
7827
5482
-4213
1952
6296
5149
-6255
-9324
-6479
8998
-2390
9477
-6195
-3930
5198
-10000
2830
-2379
-5724
-3140
4246
5439
-2498
8384
8065
6369
-1968
-6776
1208
-4428
-9473
-5604
2388
-5909
-8778
2287
-2310
-652
-6721
8160
-4032
8704
-6555
-45
7976
8750
-2418
-3723
3813
1585
7715
-6650
5450
1588
-3315
7165
-5507
-3237
-6164
1391
8009
2933
5400
2482
-391
-2524
-8668
2754
584
-1028
-4489
-2502
956
-2616
-8200
-4047
-479
5450
-7797
-6963
-5264
8013
1765
-2286
-5159
5736
5878
5957
-6451
-6664
6360
-3568
8022
3618
-7812
-9139
1753
-9688
-9052
7954
-9333
2890
4481
-6860
-3186
4466
-4151
-6985
2909
-8761
3329
-9376
-1512
-5942
186
5586
3972
7476
2610
7225
246
6077
8302
-3289
-6148
-9775
6936
-3165
1394
-2960
-3396
9603
-3939
-2545
-3952
5585
-5952
4911
2056
2824
146
-3769
-8755
-751
-8865
-2058
-4830
-9960
6502
-7190
7826
-245
-6125
4858
-6274
-2186
7808
-9173
7897
6064
7786
-5153
-73
-183
-8915
-8541
3201
3385
-2200
-1518
-1043
-6966
-3
-4509
-5289
-8186
8267
9441
5992
9331
4347
5639
7403
-1750
-2794
5608
-2387
158
-1383
-5204
-3124
-5549
143
2775
9746
6917
-9075
-1184
-240
9802
-8086
-2001
-3467
-9780
4093
5740
8354
-557
9095
9012
5637
-4584
-9166
-2211
-1170
-2026
-9213
-9763
5529
-1776
-1968
1463
5279
6834
6732
1419
2004
-1522
4638
4532
-9138
9424
-8212
-5608
7546
3073
4843
4325
7519
-3803
-605
-7507
219
7894
-6755
-1673
7713
8762
-3833
-9149
-5627
-4031
-2784
3869
6740
5587
917
-1383
-344
5362
2358
7314
-5928
-9753
853
-1530
-8817
-6564
1747
4634
-6162
3951
-8834
6861
3219
1188
-3442
7419
8293
-1385
4826
4819
-2610
-8979
8057
2462
-2777
4107
9267
-3682
-4450
5802
2024
2487
-4829
-7157
8297
5809
-140
3249
-9118
8087
-4141
3275
2693
5824
8518
-785
-5663
4531
-5795
9291
-9450
5716
-6517
-4246
-455
8272
3120
4603
-4559
-7913
8073
-2055
-5384
-6206
9428
117
4048
-5503
-4598
3291
-1958
1503
3159
7939
-7682
-4368
-1694
-5333
6651
8399
-829
-8035
7813
3321
-6394
-4357
-2208
4213
2761
1891
827
-7580
699
6617
-7084
-4205
8256
6437
1859
6381
-6914
-8383
6056
836
-6901
-217
7277
-9506
-8806
7672
5565
-8015
-9464
-4406
-4864
-4171
1228
-7612
-9715
2986
-4563
8329
7358
-3937
1228
-3539
-812
-2558
-9271
482
-7203
6253
-4370
536
8155
-5970
2675
-6490
7678
5340
7887
80
-7032
-8141
-9696
-9114
-9714
266
4304
-4414
3932
4850
-7568
3344
-808
59
135
7530
-6008
1155
-2491
-5295
9963
530
-8088
8685
9683
-4830
-2722
-9410
-4805
4788
-665
4927
-6746
5584
6111
-7953
-1403
8943
7746
5116
657
3848
5926
-37
-2358
-1240
5421
8204
-5882
-9001
8295
-5120
-7947
8506
9423
3812
3435
-8482
-7912
-8207
-6011
2980
6092
5691
-734
-4224
2448
-3580
-3226
4363
-291
4356
2920
2007
-5174
5529
-2973
-859
-2392
-3636
-848
-260
-2744
-8604
-7078
9881
3224
-2384
-9345
3637
4883
6352
400
2806
2279
6706
8412
-745
3077
-1674
2573
1426
6735
1227
-1553
4045
-4909
5079
-5545
4388
-2959
2899
-2977
3534
-2345
7402
-435
-1690
3678
-904
4550
-593
2734
-4107
9119
-9068
-4506
7523
1210
-2224
-9179
-3978
-1441
2422
-9598
-4246
-3017
-970
-8352
-2574
7759
8097
-8489
-9076
9286
-666
-7370
-9750
-1067
-5067
5708
-2760
-2382
2762
-3322
-4782
-2500
-2129
5713
-1749
-3475
-9428
-1737
-6140
9125
2069
-7378
-6903
9139
-958
-6684
4139
-2316
-5873
8091
9017
9199
-9772
3865
-4571
1601
-1295
7150
-4190
4405
-3885
-1942
7435
609
4199
-5338
-6457
-7873
7233
8010
7352
-8679
-9541
-9330
1902
-2743
-6522
4932
1214
-2316
9167
-3811
-9479
-3032
-7266
-7820
5700
827
1381
8091
3010
3387
-2572
3594
2029
-8623
9237
-658
603
-1291
4965
-8907
-1723
537
6999
272
-3935
-5725
4599
-8502
-3627
-783
-9011
-1352
-5424
5880
7561
3184
-4870
-2722
4490
-1993
9403
8310
-1569
1291
-527
1978
8509
9268
7785
7350
2506
-8005
8558
6126
-7809
-8517
-9361
3186
-814
8313
-7105
6741
-4943
-3299
7478
6552
-2959
-2141
2039
-9789
-6702
1943
5976
2602
8366
879
-3810
6878
34
-7766
-7103
-4362
-1079
-9158
-6433
6841
7540
-7778
6965
-2046
1050
5672
9298
3818
8554
-6314
9613
465
4939
5673
-8692
8673
-1816
2972
-9368
5621
-596
493
2394
599
8719
2508
3127
-5409
-3812
-537
1926
-4813
5695
-6264
27
7970
6103
-4962
4479
-4254
3464
-3344
9226
-7857
33
-3669
2826
-2612
4386
-3601
5124
2657
-4055
-9020
4062
-4115
2852
-7609
1543
-3904
-9769
5818
2707
5990
1204
4807
-9030
379
8162
-8952
-5718
616
71
1735
5513
-3498
2518
-7163
3138
97
2053
7218
1317
-4107
-5451
8612
-6660
4811
-7120
7587
9514
5084
-260
1664
-7149
9096
9372
-7025
4400
-5738
-4900
6150
5808
7659
3117
-7485
3413
1878
-1693
2679
-8196
6124
9064
240
-5167
1910
-8080
6076
216
-4251
-814
8204
732
4934
5298
-3348
-9690
9536
7199
21
5731
8003
9138
1278
184
-9342
9280
5158
8137
1998
7178
1592
-4204
6186
-6618
-7494
-5035
-6071
6830
8703
9459
-976
3073
3262
9942
-7126
819
8796
-7706
-2072
-1224
942
-3650
9744
-7333
-3834
6818
-4292
2318
9897
5749
252
-5452
-3547
7643
-8934
-7632
-7168
527
-3627
-5445
-6444
290
-7712
-2004
6964
9678
-1154
5306
7218
1923
3296
-8393
7950
-5651
-4040
1739
2242
1994
7928
-5193
6438
-7471
616
-9631
1810
-8238
-9375
-1384
-9349
-7934
-4614
-7140
-1335
-4371
6677
-2413
-1577
-8532
-5583
3253
2201
-9497
-438
-8902
-2203
1324
5119
5789
-9946
-4014
6521
-8258
-3520
-2709
2741
-5610
5946
3228
4817
-9491
-3174
8846
4956
-8334
-3115
-9672
2459
-6961
4670
6147
-1603
5631
2296
7908
3376
7691
-1573
6123
7429
-764
1955
9600
-1401
-9946
-8410
-2175
6701
-9786
-821
-2054
-1698
5991
4686
-2357
-8457
-6289
7087
6969
-9341
-7720
-9400
-2719
2577
7852
4485
575
4426
-8681
-8667
-1696
4387
-9689
5083
5371
-7516
9121
8616
742
-8353
8915
-4088
-5437
-7131
5987
387
-9020
1709
-9596
-9497
-9831
-4113
6705
-5639
5900
9498
-2288
1891
-2661
-3915
-52
-3013
-2669
-3881
5208
-7112
7224
8834
9096
-9056
9598
-5842
-3025
8590
9248
7001
-1666
-480
7661
1537
-6002
-4608
505
-6171
7935
4537
-1439
2447
8173
9570
-4160
5509
-688
-9977
6124
734
9549
-3023
-602
-5820
9409
2731
-9898
-80
-2030
3475
-9816
6867
-1368
-1398
117
-3998
9692
1850
428
3716
9115
2926
-1273
8446
-4016
4220
-4836
-9548
-1151
-1316
3818
466
6239
-428
1160
3083
3609
-2405
5242
-5267
6720
2707
5098
-2773
4245
-2863
7162
-2298
1125
-6401
1420
8147
2181
-6968
-53
7157
-1021
-7013
-4031
318
3568
-5351
-4193
6362
-6140
4512
-7474
-8064
1891
2379
-9387
9599
-5241
-207
-7202
2290
-1899
-2868
-5510
-1780
-5346
9461
-5781
-3276
2522
745
-1312
-6334
-7945
-4046
6802
-565
-3226
-43
9157
8226
-5451
-4064
2433
-1219
-5757
2386
6083
-4928
7681
1873
5951
-4545
-9068
-4413
4793
3837
-7227
-476
9398
5351
1407
-7847
6363
-3920
6524
-8919
8508
4887
-9290
-5132
9205
-7179
6033
3498
-2539
-5215
-3530
5621
9929
-4876
-4868
3098
9968
-7837
2752
119
658
-6033
9515
-1451
2628
1381
1453
-9711
-3605
-1993
2511
3812
184
4244
-9319
1724
8318
8751
8316
-1866
-7545
-7848
4846
-2851
93
-5105
6027
8720
793
7355
5016
-2086
-2113
5065
5118
3417
-21
7832
-7784
4420
-4038
3129
6355
7764
-6220
1303
-6897
6785
5023
-9808
5882
-3537
-2070
-8874
3351
7498
-4784
-1786
2236
7346
-1431
-1974
-9367
-7581
-9458
262
9001
6986
-8525
-4997
-2781
-2581
3074
5423
-7023
6432
1607
734
-5257
7946
-3888
-227
1217
2502
2277
-1531
7324
-1594
3062
-1220
-9394
2238
8157
-393
2112
4849
-4512
8103
-9691
3116
-3282
-7420
-6114
-2453
-6455
-5231
-5869
-9014
-486
-8289
-7990
6106
-3840
-5022
-3619
-7083
4238
813
1495
-963
-1780
-6729
1298
-5333
-3513
8715
118
6486
-1148
-7561
-1781
-5782
-4863
1511
8605
2443
1833
-5121
167
6689
-8226
1776
387
809
-860
4829
-6181
-9466
3298
-9486
-5031
9244
7660
2248
-5901
9376
-5281
-3088
-8678
-6855
7774
3206
5472
9122
958
-8721
-7085
9436
-5207
-4720
3493
3358
-9355
-3920
9263
-7681
-6918
6604
49
8405
-4625
-7629
-3450
4558
-4975
-2200
1507
1015
925
-4565
6507
7996
4521
810
7370
-701
-7854
-9868
2187
1216
957
-5984
8077
3211
-7577
3248
-2877
-2919
119
9384
1534
-6881
5443
-5719
2704
4161
-1157
-6554
1335
-2103
-3978
-5444
278
-8896
-579
-3670
-1582
-5694
4967
9265
6382
-6285
7773
5865
6320
5081
-6505
4498
5503
-3886
-971
2189
-6585
1478
273
6388
-5449
8521
4898
-9030
-6411
-2049
-1849
824
1636
-6795
9113
5008
-6972
-5090
2314
3177
994
8127
-5964
4209
4346
4813
-3153
47
-9430
-8305
-2066
-6784
2101
550
-6482
6417
-5610
-6278
4916
-2486
-6949
-3938
-4340
2084
-5227
-694
1476
-8238
-7894
-5547
3005
-6674
5662
5696
-751
6053
5260
1871
4204
-8034
-7232
771
4975
4891
-4402
4371
-7694
279
5853
-9914
255
-444
-2426
3275
94
1476
2931
-3447
-5665
2461
-4680
2822
-2512
2674
1542
-9509
-6495
-8319
-4060
5805
-9007
-8297
-5697
7478
1522
-470
7758
-6324
-2051
6326
-108
3399
4769
4462
948
1766
6456
5213
-97
-3718
5932
8405
-8175
8723
-893
-8694
5141
3240
7244
7002
9719
-2773
-7587
227
-5998
4927
-270
-289
4704
6696
-4578
7583
3729
4903
-3673
-7367
4250
-4868
6047
-4901
-7524
8708
-3749
-7096
-1285
-1808
9775
-4133
2847
3246
2834
1866
-5204
8950
-6494
-2780
3632
-1330
-7646
-7064
6108
5793
853
-8778
-7521
-9847
4123
2446
-1197
6559
-4911
9885
4532
1325
6392
8856
-5843
6631
-9162
1240
3423
-7586
-1685
4079
7622
-3593
4830
-5575
-1897
-7786
-9408
6435
6291
6155
995
-8737
432
7509
-3663
-1579
7215
-6565
-2540
1523
1518
2695
-8117
-1391
-8926
498
-3980
-626
6768
1808
-5523
9690
-9530
-6177
2155
-4512
5209
-9311
-1872
-8098
1422
5170
8902
4207
-167
1831
4769
-1
-8296
8774
8769
-2004
3815
-2226
5389
-7195
-6673
-5052
-3633
6773
-8903
6035
-7767
7578
244
4869
-8611
5306
-6646
1615
1624
9662
5947
-8350
7076
1429
7837
-865
-3259
-1615
5471
-1348
2469
5692
6666
-5543
2294
7340
-6919
2454
5058
-1206
7509
-1896
-8800
-3708
677
71
-3870
-8977
-1649
-9349
-9726
-1077
-3427
-3866
36
2755
3579
2158
8015
-52
-6900
-7086
-147
4149
-3545
-4084
3557
6451
-4401
677
-7314
-4292
-4596
-8693
-4539
-2937
993
7613
7636
-8419
-4398
-7142
-9987
629
-4742
-2312
-3362
4199
9204
6659
-2244
5114
-560
-8673
6680
-3120
6368
1794
1061
2295
3580
981
-306
7111
8914
8978
6496
7295
-9146
-5877
-1341
-5479
7926
-1882
398
-5382
-8332
-6830
1538
3600
-2178
8105
-2380
7992
-5619
-1484
-2239
-3300
-9272
2989
5975
7544
-831
3691
-2448
-9583
-3325
-4922
-3491
-2171
4758
2219
1516
-6661
3420
-3929
7959
6684
8546
4223
-4043
-807
-3819
-2841
5260
-8669
-4752
-2264
-4252
1232
-5638
1904
4842
-4075
-3912
5385
8045
7674
6793
-478
-1877
7761
-2702
-7557
9115
336
-3301
-1150
-3813
2235
4027
3090
5975
2387
-1890
-473
6611
5870
-522
-7238
3135
4533
9268
-4657
-9456
-4602
30
-3564
6512
-1113
6103
-2927
9772
5146
-7482
-5157
-9676
-5862
8388
-5638
-2511
5483
-9227
7498
7947
7400
-2910
6899
-6564
-6362
912
1665
6384
-278
5741
552
-353
-2827
4311
3227
-1336
6468
-5742
-4311
1384
7229
-1699
1585
6718
1178
2777
-5893
-9205
1930
6277
2654
-4737
7361
208
9233
6676
8833
-7382
-4717
-1059
-3439
8801
-4691
7235
2370
9260
-4085
2638
-40
3469
-3516
3453
-3817
-5898
-7160
4728
3419
-8098
1855
-2460
8233
1289
5600
-9992
6335
-3210
-8345
-2902
-4104
7577
-5720
2799
7581
8844
4855
6230
-5457
-9953
-8258
-8198
7277
5089
-9174
936
6441
1296
1225
4201
-8765
6041
-2668
-8229
-6279
1071
268
5409
-3020
7418
-1891
-984
-729
-6064
5374
7338
5080
-4981
-9838
1413
-4861
868
9592
8179
2918
-478
250
-4313
6456
-2280
-5883
-7618
2157
-5994
3520
1277
-58
2692
-175
-3089
-109
330
1311
5571
8646
-6525
-2763
9553
-7489
-2105
-1190
-6877
-3913
-8450
509
-8388
8371
-6711
5656
-4489
-1884
-1980
-9594
6938
6342
-8331
-8156
-4307
435
-7403
4590
8539
-7177
-1444
-3635
-5192
9895
9253
-3268
1685
-8956
-3089
9125
3070
649
-126
5889
9306
3435
-4523
155
-8465
-9447
-8198
3409
-6495
5677
-8571
-1437
8527
-829
-5625
-4660
-86
3732
5544
7637
5798
9185
-8721
-7372
8641
1820
5989
3996
-5519
-7453
-6577
8902
3039
731
-4275
896
793
9264
-7956
1986
-8977
-4288
7232
-9956
9770
-3254
-2561
-665
-1640
9583
-7975
9669
8037
-9679
-3510
-100
5249
17
3954
-1265
1637
7669
8938
-7008
-755
9373
1715
7200
7066
-268
-8688
5197
-2161
-1577
-5447
6560
7784
1865
-7821
7607
2655
4998
-4624
5416
2155
8502
8252
-216
7672
98
-3099
-637
-7713
8549
-6728
-2855
3745
-6342
7730
2979
3833
-4204
-6774
-1875
-9917
5398
3363
-1448
-5115
-459
5104
6734
588
5680
6976
7467
8687
8439
9766
7592
-5698
9691
-7867
-8805
-423
6003
3356
4387
1213
5036
5686
5299
-5025
-6583
7062
4085
8148
2153
4961
8190
8093
8217
9957
2440
6295
5377
-3623
9977
7326
5445
7314
3883
9248
8522
-9140
4601
7318
5465
-5915
3052
9493
-9138
8265
-1434
77
-3318
-7120
-1569
-6662
22
1758
3544
9175
-1692
-3939
-1366
-2982
-436
2929
-7706
9185
-3493
-2011
7121
-414
-904
4083
1023
8209
4323
-6205
-1533
-5510
-1546
-4780
9654
-9290
5288
-1812
-8348
-5760
-7413
7852
-4829
-2799
4629
-8227
1645
-8667
812
-4791
-7783
8632
-705
9820
1378
-590
-828
4482
9419
-7286
7748
-7809
4577
5657
8557
6348
-9171
5935
1608
6464
6676
9293
1476
101
2790
-5548
-7283
-6235
-6493
147
7469
-9374
2105
-3466
-4545
-5936
9185
-3318
-908
5092
9029
-4246
-4783
-404
4641
1007
3325
3555
1951
-7361
-9601
-3392
-8550
6630
-3765
6751
-174
5741
-6079
9001
-9653
6354
6172
-1950
-8885
-2568
4282
-1246
6217
-8564
-627
5273
-2917
-8815
364
5448
-1085
-6538
3518
1354
819
4700
6308
3884
9090
4644
-4063
-5071
-1271
3675
8972
-1346
-9704
9085
-5435
2609
4843
-2800
6172
-9943
7356
4692
6741
9224
8371
5922
-8159
-2052
458
-1607
-4581
-5754
-8645
1232
4479
-3231
8517
5034
997
5907
1808
6706
-828
9315
5295
-5611
515
4300
1265
6763
1298
-9248
4186
-8376
6605
7981
-3821
-5406
-8345
-2537
-9610
-957
6850
-4174
9115
-5370
-3652
-588
-9290
2464
-6249
-8827
8730
-8656
4757
205
6635
2827
6907
2771
7313
-9431
4312
-7911
6999
195
-7311
7041
-1249
-4941
-163
-7130
498
-3490
8715
7649
2916
-3558
-278
6380
-2401
4566
-4579
-2962
-5060
-7217
2325
-7836
-340
-4171
8997
-7469
-5788
679
-1141
1411
7941
1406
-7294
-3807
5998
6662
5068
7543
8255
713
-9892
-5629
-6884
-2874
3812
-1390
-703
-8847
9975
4088
8009
-7490
1535
8711
1244
3889
305
9721
-8152
-7880
9620
-4663
6875
6045
9839
9447
-8240
4254
-2181
2581
-5331
2078
7754
8757
-728
6437
9354
5703
6205
2969
9251
-8550
973
-9852
-4028
-252
6428
896
1872
4799
2573
-5850
9304
9386
-811
6381
2518
1290
-9864
-6785
-5628
-817
4355
5335
-4218
3301
-2583
9924
-2832
2497
1682
220
9193
-5742
-3004
-4687
-8917
8259
5700
2718
-1329
5783
6254
7975
-612
6279
998
-7449
687
5042
9613
1962
-2185
1483
-8574
-9044
9289
3181
-1935
1414
7925
-7105
5639
4699
6858
5543
-7391
3326
-4918
-1096
-2294
3910
-4354
1620
7173
-9707
-6307
7368
3460
-9150
-3383
-4373
6094
-6142
-6866
1034
-3611
-3883
-1817
-9036
6747
4592
-1791
-8448
-9225
-3018
-1987
494
-4344
-1472
5146
-3817
2984
-5347
-4459
-8605
4079
-6797
-4208
3420
-8844
-3078
8325
-6632
-8575
-4339
-6896
9158
9656
-1253
3948
8107
-7021
7313
-5623
6454
-6461
-9831
-7507
-8119
-8303
7230
2439
-4617
3842
2692
3025
-7476
-3866
569
-5303
9918
6271
-9553
-2906
7936
-4712
-4177
7432
-388
-5019
-9766
-9786
-3407
4206
6147
-8506
1547
-4979
4354
-3458
627
2005
-1590
9263
5865
-7104
-8793
2287
2686
1421
-3887
-1402
69
-6443
4857
9211
7365
-7057
7481
-9348
5478
-2062
4706
-5702
-435
-5251
565
2423
-4160
2749
722
-7239
-4698
2597
-3962
-8681
1188
-4368
738
7256
-4990
-5327
2515
-816
9289
7611
-3364
3750
-3001
-1293
2107
2142
8310
5613
9298
654
-6514
4885
9769
8869
6638
9402
-1632
-9825
-976
8647
-877
1114
4297
4072
1934
8791
-3081
3053
-9841
-4048
3152
-4929
8828
2182
-5738
-7967
-3085
8507
-2930
-4211
6469
-7875
-2524
-9862
-5067
9059
-7325
-6428
-9270
-1571
-1296
-9448
-9368
2831
-2158
3041
1421
6466
-2774
9641
-5163
5516
1118
2055
-3027
-8303
7178
5985
-441
1705
7231
-160
-8703
1245
-8972
-9046
3307
-2038
2608
-4680
-3865
-8178
-2866
-8609
7457
1255
-2975
8646
8810
-5614
3892
4389
-6225
-6440
2077
-2624
-6162
3195
5840
3065
-6094
-6625
-4942
3349
-4474
-3694
8462
4279
-9031
-1813
-2777
439
5919
-9311
130
-7342
-1140
6918
-3939
7546
1714
868
6977
210
5328
-9150
-1635
-8328
9462
-3559
-3426
8578
7748
-3340
7224
4804
-7170
-217
-7899
-2067
3138
-6115
6277
8953
1550
-6535
8750
-3275
3844
3234
7502
-4370
7084
-1782
-1832
7943
-6066
7937
-8569
-9732
3551
-420
8935
6173
-6544
8417
5963
-3519
-1137
-3233
8060
-3353
-8204
-9207
-1063
9985
-1774
-4798
-6624
4569
-3303
-1365
-4929
4397
2082
-4059
951
9100
-3214
8446
8782
-724
3789
-9703
2337
-136
2244
8470
6051
1075
-5164
-9344
-9896
-917
1668
8622
-1078
-7809
-1424
-4779
7142
-7952
-7972
-3003
-6103
1000
7192
-4352
-5925
-2738
747
3783
784
2744
-5654
-2527
-5354
991
-891
-9395
4748
942
-4359
3810
-927
-8762
-596
3903
8077
4168
-7939
-7458
7559
3716
-330
-83
2965
3294
-9433
-532
6383
-1145
7480
9190
-2402
-9470
227
-1490
-8923
7196
-904
3684
-2929
-8475
-7353
1075
5602
-6219
5281
-5097
-3211
-9733
-8373
8615
-8210
-1114
3882
-8410
-83
-3124
-9686
-323
-5615
8828
9669
-96
9413
5512
-5245
-7617
-5695
-8247
-2663
-6854
-585
882
1236
2058
-9297
-9107
-9918
7337
81
7159
-5811
-3173
725
210
-3656
6089
-8909
5515
-9421
-8807
-4309
-3595
-3181
-2047
8528
7201
6838
-7878
-132
-9094
7447
7792
6098
-8318
7716
-7064
1318
-9460
-1410
4489
-6999
-2253
6692
-8413
-2121
-6365
-5297
-6844
2782
-6937
-5409
3408
7568
6409
519
5725
5226
-5624
-4133
1914
1080
4938
2100
-3678
-1987
9243
-7163
1565
-344
3129
-7851
-804
7623
4702
6169
8763
3202
-5784
-2609
1453
-3162
8055
8524
-7539
8172
9313
737
8236
-7734
-7750
7590
31
398
2318
-1733
-5788
7254
-5651
7805
-4221
5486
4276
-5990
-868
-3990
8029
-1676
9202
5455
2686
601
7426
1080
-2890
-7108
4191
-2800
-4984
-9167
5897
-1857
-1539
-7319
448
-8592
-3495
-1752
369
-9634
2980
1909
-8112
-7794
-4184
-5598
-6499
-1655
-5751
7601
-4454
-9573
8132
9244
-398
1543
1213
-4793
-805
-3842
-8116
-4823
2144
8357
4108
7061
5070
-1232
1978
3675
-1429
-6580
-449
361
6839
2968
2374
1753
-4611
2246
4705
-4322
-1394
-8969
8118
-135
-1236
7118
-8080
-7016
3673
-3171
-5215
-2550
-4152
-4574
-1457
-4272
-6826
-4803
-5763
8389
326
-2999
-8900
-7411
4189
-4654
1592
-4356
2929
-4393
9382
-6853
-1798
-6659
5615
-5989
7148
3304
441
-333
3827
3664
8351
-3428
-8987
-2225
7675
-5615
5622
1610
176
8560
5624
4948
6970
8288
-7894
-9777
-3888
-3906
-3886
779
6332
-9350
4629
7963
-23
-3925
-3149
-3818
6032
-8617
2975
6470
4985
-1627
249
318
4091
371
8617
8705
-7363
2734
5704
5986
-1199
3534
550
6460
-5233
2081
4165
-4257
2595
6152
8473
5207
9140
7829
7349
5875
7885
-4261
-3796
-7025
-6789
2516
-3861
4414
1717
-3166
-2206
6728
4066
-4153
-7079
7057
-5461
-1511
4945
-3229
-7758
4401
6049
2235
-210
311
1616
2644
-8430
-4911
-9158
-6458
5894
-3722
2531
-6793
7831
3085
-8351
-9445
6946
-6259
-3288
3923
-1334
2339
-7015
-4615
4517
4616
6373
-612
-2783
7332
5514
9579
-1188
4284
9741
-135
-1928
-2197
5908
32
4678
8941
-6523
3484
-1870
5998
3348
-5398
1697
3770
2032
-7751
-9166
-2418
-1738
1191
-4510
-5634
-7743
-5387
2882
4659
8710
-1583
5583
-9178
3011
2355
7122
6638
-7380
6915
7736
8021
-7701
7246
-7420
4407
-9530
8780
-1717
882
6966
-799
4055
3634
-8730
1000
3554
349
7856
-129
2704
-4265
2367
-8211
-3147
-1087
-4700
8641
-7023
-5641
4646
9594
4285
-1776
7236
8299
9251
-8612
-1231
5585
2199
-2298
-8258
-7955
-1437
-7933
-5069
-4438
-9430
4498
3062
5792
-3269
1029
-8616
4292
-6416
-2445
2233
-1669
-3589
-4500
1665
75
-6244
7111
-1332
-139
8790
-2421
-2183
4031
-5889
-4822
-3512
6950
-4015
7394
-5784
-1055
-2601
5375
1735
6712
4328
9416
-5130
7021
-9841
4850
7662
7146
-8539
-6986
8407
9120
3617
-8085
-3180
-1889
6251
-9225
6893
-277
-5098
-2984
9907
-1534
-6113
-7968
-3537
-5975
-5680
-9380
-9489
-3994
-2937
-505
-9549
8765
-1068
-4865
230
4864
-3370
-6860
2890
-1701
524
-126
-8296
1530
-9435
-567
8473
9455
2093
-2155
-424
4739
709
-3394
1808
7182
-9617
-5526
-906
-3495
-3881
1152
-9275
-6130
-2248
-140
3983
8899
-1197
-1201
-8783
-2480
6316
-325
8921
8839
653
1944
3394
1861
-6429
-1556
-8154
-6005
3406
8803
-8444
4045
4132
-5540
9043
-6174
-2888
-2542
8151
-8533
-3430
-6423
3782
2338
2606
6876
1155
3664
5996
8977
9772
-1838
-2914
2996
7481
-1020
-2893
-2847
8519
6167
-7228
5571
5160
2703
-5335
3676
4740
4524
9281
5103
-6217
-446
-7834
7346
3329
-2170
8162
-4446
-2086
1664
6691
-142
1699
6788
-683
966
9652
1304
9058
7204
3183
6461
-8240
-3114
-9615
-2536
1120
2422
-9715
3970
1144
4624
-9170
7479
2181
1112
3219
-7074
-6732
7655
5301
2036
8207
329
9200
-4019
6715
-4856
-5019
-7505
1346
4559
-4653
-4502
9345
2919
9253
6402
1568
8177
8203
-9266
-241
-6724
5078
-3652
-9746
4055
-9119
-8354
3215
-8525
1561
1749
637
-1860
7480
-3627
3180
-2342
4216
7803
-9575
-2628
-6167
-824
-7864
8897
6116
-9493
-6667
-5892
3609
5480
-1069
3472
9343
-7333
6031
-991
-4142
9029
-8923
-6504
1397
-7807
5690
512
806
-6259
-6975
2652
-6687
8342
-4366
359
6534
-9224
8238
-7611
-8892
-7713
5065
7731
3459
-330
8549
-5142
2453
-1170
-171
-6319
-9320
8188
-3542
-3509
9661
-880
-8456
-1610
-6315
4419
4108
-1721
-1814
8758
7415
6922
746
-628
-1144
-6285
-1476
3718
-4466
8447
-426
-4916
2029
-1653
-3707
-799
-8562
4876
-9980
9472
-6673
5413
-5277
-4870
3544
-9980
7229
-1104
5282
6247
9292
597
-6509
4796
-6487
-8269
-3866
6667
4624
-9837
4750
1784
-1460
-4257
-462
7742
5599
-539
-7773
-2185
5178
-846
4880
8994
-5996
2590
-9453
-3825
2912
-9445
4288
7056
-8684
7073
-4377
2819
9959
-9366
268
9671
-9427
2838
-1879
459
-2567
-5111
4234
1429
2888
-8457
-4210
-3450
-5686
-2101
1376
8782
9316
-7666
-5373
-4688
6987
-8620
-7749
6979
-398
-6946
4173
-3250
672
-4745
-6827
1771
9611
-1001
2197
1924
9771
-9947
-767
4313
1907
2866
-3426
6998
-7519
2131
2719
7015
-5000
121
5990
-1667
-1007
1078
4947
-7878
6187
3505
7003
4370
-9566
4943
5246
-978
257
7712
5141
863
9268
-6249
3245
4493
-2009
-5189
768
6348
-162
4310
-7951
-3599
-6944
2599
2876
-2209
21
158
-4128
8620
2826
958
-7185
-9440
-6606
-8137
2117
-6998
764
3165
-2051
9306
-755
5642
1565
6294
-4575
1205
984
3789
-3178
2727
270
6356
684
-5936
-3747
-3391
-9518
3806
5238
4447
5850
9784
-1227
-5326
5294
8409
3735
-5860
-5913
6033
1213
-1208
-4587
-2586
4352
343
-9865
6855
-382
-8146
4216
5406
-6719
1017
-8176
-6090
-9801
-6411
-9317
294
8696
-6449
2727
1965
7683
-695
7878
5356
4932
4752
3553
-5318
2110
-5218
-397
-3066
-1179
-9769
3532
5352
8288
5432
7463
205
-250
8568
-6957
5589
-7062
-7396
-2402
-8168
3052
782
4099
-7988
-9556
8095
-3826
-3976
723
7980
-3057
-8715
7668
-210
1693
9480
-5911
-748
9876
5427
6188
-6615
4966
-6268
-7057
8054
-9881
-368
-9501
8388
6400
-6644
7555
-7000
1310
-3365
9655
-4342
6305
5234
-2774
-2812
1796
2212
34
-2464
934
8511
-7469
-4827
5228
-113
3040
-7519
5218
-9190
-9375
-868
4744
-8598
-814
-5306
9002
5353
1750
3780
6331
-9075
-6592
2835
-7420
3917
-739
8317
5640
-4908
9484
1119
3063
3131
4879
-5829
-4889
6398
6785
4544
6929
-1976
9428
1329
-579
-5015
-1876
3254
6298
-6519
-4645
5614
1000
-2995
3322
5497
3732
-3458
4049
-9237
-7521
-5327
7722
6292
3758
-1029
8555
4963
-4081
3991
3402
-9116
-5705
2301
8831
8309
-5792
-7398
96
-2628
-8132
-7585
8240
8648
1104
1332
6847
9811
-8362
8086
9661
5100
-4084
5818
36
-3972
4124
-7481
-5439
601
-5556
-3378
6229
880
-5188
5156
6269
1432
4229
-2394
-3143
1523
595
3564
-8862
1828
-5764
-751
76
-645
9765
6447
-4203
5397
558
3635
-8261
-6637
6348
9265
576
945
-8045
4783
1355
-4607
4705
-621
-7667
6905
1045
-7499
-3418
2233
-9499
2003
4719
-3695
-1597
820
7156
-449
-7124
-3933
-9510
4979
-5348
8996
1629
6415
-5712
3086
-6071
7362
1698
-8271
-900
9916
-1490
-9295
5139
7981
-4428
-3688
-6251
4120
928
-4290
5649
6164
7687
-6341
-8304
-1105
9218
-8418
-3192
-2759
5474
-1676
-7723
4409
5751
4007
-1363
-7037
-4928
-6817
5870
-8817
3897
8230
-7729
-6784
-9458
7381
2772
-3776
9337
3780
-9349
-2257
3771
-494
-2532
8900
-247
-9970
-8173
-412
-7099
-9312
-9962
-3314
-4005
1715
-5678
-7759
8046
-487
-3876
-5691
-2578
-2281
-4121
-3488
5335
270
153
5770
9684
3380
-4016
-8728
-6287
5254
747
3680
3038
1712
-8410
7685
-8348
-5512
-5165
2286
-6554
4782
1493
2688
3623
-1958
9807
312
9996
-9337
-1427
2523
-6742
-211
5924
7088
5407
3666
6467
2050
-3261
7220
9565
-6771
-6584
1718
8302
339
4455
-2073
-254
8158
6851
-2982
-8535
-5213
3761
-8241
-5711
4915
-7119
8430
-5334
9726
2508
3517
-1223
-7115
1981
-8307
2155
-864
1109
1536
-1306
2959
9393
7906
-2730
-948
-890
-520
-9036
6952
3896
6538
919
4346
2403
-4537
1913
-1743
-7828
279
-5901
-4160
4929
-6587
2193
1811
9422
-8735
5675
-1759
-2145
-1856
-9976
-6325
-1163
3680
3231
-7483
7789
6580
-3091
1017
1348
3160
6734
-3566
560
-5289
2255
-2947
7286
-1376
-7007
-298
-309
-1662
-9901
-5558
-541
3051
9273
2847
5199
6413
4263
7414
-2517
7942
-3534
-9552
-8148
4263
-9858
1825
-9832
4325
3954
979
-2740
-3600
1896
6802
3125
156
-8194
-9499
-9119
-7570
3712
-3059
-240
-8107
-7089
-7285
-4924
-9344
2461
6410
-504
1622
-6279
6582
4673
7666
5186
2748
-1809
4503
-3134
5980
-4813
4979
9379
-8134
-963
-5096
-978
-9137
-1446
-1955
8901
-478
3803
6041
3659
2503
5448
-1284
-3394
-3283
-1734
2019
3086
-1030
1611
-8841
2905
-2916
5597
-9435
-623
-2840
-7559
-4366
4797
7602
-452
-1181
-5959
7208
-8158
-6740
3732
-7785
-5212
6865
-2062
-2704
-280
-999
7022
-2945
-3232
-1772
923
-3915
1725
-2446
-2985
3455
-1899
-4615
-8970
6880
4265
-8084
-5425
-4993
6145
6768
137
7583
4051
-8492
9164
-4914
5173
6993
-8919
6287
1004
9388
8669
3430
-3490
5531
3930
2820
-9246
5886
437
6036
-9470
-727
9955
-2248
-9093
-794
-4682
8077
-9721
-845
-6083
294
4650
141
-6329
-1825
3183
561
6648
3698
8969
-1826
3727
2870
-9250
-6819
3764
-3453
2498
1834
7873
-1543
9841
1045
1116
-3744
4564
-5195
-3647
-88
-6812
-4067
-1132
-785
5366
-9073
-2289
8194
1046
-6628
-4351
-7494
-4703
9475
-1586
5368
2436
5128
4063
-2747
-5665
5673
-9574
4681
-1286
-2082
9668
-6688
-3824
-7956
-1124
5946
-7664
5640
100
-1441
-3529
9987
-5835
-4772
4693
-1254
-4905
9779
3883
3756
-7778
-7913
-5203
1436
-4572
8252
-7784
5592
2462
-4465
3443
8331
5500
-9683
1069
-5593
7798
5700
4053
666
4168
212
2897
5877
-2732
-3014
9903
-9826
-1621
3131
-3555
3044
5227
4767
-1619
-2328
-540
2230
-8215
-7470
-5155
-5923
971
-3502
-7183
-8971
9235
3568
8343
3102
-3787
-4332
-5501
2117
2819
6334
-5990
-8297
-4461
9862
6574
-3192
-7960
-2122
-1113
-4627
-6172
1587
9021
-8006
2656
-8243
-1647
-1942
3653
-2272
9004
-6165
5052
-7536
-9191
-1682
5657
-430
1087
-2057
-8529
2929
9420
9967
9961
8088
5026
2414
6061
1397
4566
-6047
-2788
-4265
-3087
9604
7742
8516
9553
-3542
-6434
-5518
1905
-1916
8138
8814
-5415
-3056
-7320
4485
-7159
-4612
7014
6715
1607
-2118
6599
-5713
-6116
3661
5940
7000
9141
816
1899
-3306
1444
7398
-6953
278
-7366
-5245
2932
6041
-8714
2745
1653
-505
3453
5306
-7311
4485
3401
7694
5222
-1262
872
-3342
1351
1936
-1890
-4578
3547
-484
2232
-4338
-6917
6149
-8443
-2048
-1258
7046
4983
-8619
-3840
7903
2477
5852
6246
-8930
6759
-4274
2467
8429
-6780
6409
-8365
8518
-8210
-3803
3768
-2123
-6363
-8685
885
6926
-3120
3151
9158
8325
8916
-1049
73
7359
6395
2852
9853
9245
1737
-6156
9223
-2404
-7043
1144
-3876
6016
-6028
-8066
6218
1102
3890
4783
6328
8558
-7878
69
-7995
3737
8180
1257
-4275
-9843
-3938
9818
554
-6037
8925
-2945
9461
-2433
2942
6417
8780
-1638
-3790
-5579
4763
-4965
-1495
8072
3209
2036
-3736
-2543
4956
-3514
3320
2417
-6014
-5128
-4528
-6249
-4285
-3077
3958
-5261
4480
3689
-775
-8758
-1228
-9631
-6271
-2908
-7979
-1842
1758
-3305
467
7178
-4635
1336
-9219
-8162
7786
-9841
9312
-6696
584
-1392
9485
4157
3342
5498
-7209
-5643
-2513
-9009
-2352
2474
4470
-3046
2512
-9655
-9245
-6380
-3113
304
-405
2461
8538
-5749
-7171
8446
1284
-4291
8575
-5171
9328
-9330
463
-496
-6207
5554
2214
-9387
6785
-7920
-1910
6743
6903
1199
-9018
-6716
-5683
8123
-1443
-9548
8374
2500
7908
-8450
4727
-7530
1805
-4704
-4974
9680
5452
-7579
1298
-1127
9768
-6650
-2196
9593
-3288
1150
3907
8842
6298
4373
195
822
-5366
8372
-7877
-2586
-2254
7380
661
923
-4708
-6855
8844
1397
9706
8688
8101
2115
-408
-7557
5265
3762
7022
7062
4371
-3605
8088
4165
-9752
-7353
-8516
-3647
9626
1751
3696
-2856
84
-6971
-2186
-216
4628
151
1045
5626
-8893
1509
-5455
9992
-8635
-1468
-4001
8101
8617
-7031
-4625
-5094
-8096
2600
-8442
7158
3387
-6671
520
9119
-4998
-1046
9802
-7957
-1750
8209
-7411
-1964
-9028
1347
-6879
9466
2903
-1468
4739
1826
1148
-7268
-5816
-3877
6435
1345
3812
3712
-1775
9979
3854
-7316
-2205
-8273
-3879
6948
-8492
-1895
1262
-2760
-9837
6563
1107
48
-6313
1056
8124
-3926
-8724
9688
4020
-7191
3968
-6282
7497
-8102
8790
3856
-5166
-2197
37
-6774
-1457
-7874
-1677
9525
5447
-2587
2821
-5106
4028
-932
6940
-2060
1096
4026
-1046
-2194
-5090
2133
-1909
7626
9432
-1895
-9875
2555
-6788
-9693
5141
2773
6927
-3275
3675
301
-4410
-6678
4047
-9942
702
9548
-2989
3202
-5477
9796
-1246
-8904
-683
813
-8858
9783
7948
-7253
-513
7167
3228
-1211
-3064
1576
3590
-9759
3698
-134
-8634
-9966
2985
8095
7533
7538
-245
4251
7342
-5277
8218
8238
-5321
-9446
-6825
2461
7162
860
-2085
9549
-5600
9451
-1935
8651
-1695
1117
1600
-405
3157
-2090
9688
8735
-5713
-794
-6973
-4036
-9183
-407
-7095
3308
8471
6083
3828
-3306
5365
9343
-6557
-7775
1034
7950
9264
-8291
1626
-2455
-2386
-9342
5690
5768
8428
-5865
-5005
6339
-1933
-4585
7671
-7180
-4672
-1159
8450
4376
-7596
-3819
-342
-9817
-6676
3073
-1786
-9535
-881
-49
-4064
-2476
499
2281
6518
-7393
-4603
-1807
3212
-3621
-3595
5037
3679
6209
-5025
5077
556
784
-5758
-8498
7975
-1119
-9801
-1972
-3196
-3354
-1232
-8489
908
2282
3272
-4383
-537
5386
3394
7894
-4829
-4801
-2539
-6990
-1307
2247
-1741
-8971
1265
-7231
1609
8599
9460
7630
-6303
-96
-9453
-2411
7731
-3604
9423
4660
7858
4070
-9544
2662
9591
287
-7067
-7877
-5452
4466
-4661
1331
-376
8787
6456
6961
9892
-3658
4330
8096
4565
9396
-5328
-2506
4022
-1049
3984
8678
-5507
1973
-6234
2790
-2535
4383
-8437
5623
9177
8839
-4194
-4125
6955
-2059
-8366
8696
8027
-6888
-9712
3081
617
-843
-5728
3537
9117
1933
-7499
4971
-8396
-4173
-6644
2050
-3618
5751
-811
-514
1509
-2832
-6031
-1680
3812
1495
1968
2372
6461
6076
940
-8747
3845
-3364
5863
9091
3101
5998
3539
3769
3711
-8352
9019
-509
6156
6439
-8256
8922
7518
9521
-5324
-4873
9579
-3572
5393
-6194
-3420
8867
-661
532
4446
-2225
8883
1561
-7238
6731
2121
-8953
-9814
-9307
-7614
-467
-5925
4750
6495
-440
3720
2255
2440
7687
-1193
3186
-9421
-5451
-4808
-8802
2379
-6477
6111
4774
-632
-1840
9136
-1246
-662
-580
-4862
-8772
-7694
2532
-1912
-7114
-1027
3405
4451
5693
-1972
-849
20
-2203
-1146
-3865
8301
9457
6495
-1325
5430
-7123
6014
7389
2600
-3426
5869
-3748
7289
-1902
-6685
-795
7921
1539
-9460
-3827
3080
-7136
716
2966
5500
5391
972
6163
3002
7634
-440
-4963
9098
3135
-7848
1195
-5474
-1656
-3036
1755
414
8109
-3565
4184
-9947
-601
1087
-5451
-422
-3022
-5506
-1472
-2174
-596
8024
-491
840
-7117
-4423
3061
-3161
1890
5128
4808
-667
2454
7092
1414
-2657
-4233
6809
-121
-8483
3616
2199
-4542
1373
4980
-8063
-4366
9002
-4280
4116
-7573
-5758
6875
-199
-4409
-8865
-777
8567
9084
-2101
-5526
-5936
1704
8159
-5634
5397
-142
8732
-491
8450
-2805
284
8607
-6739
-4710
-1730
-2505
-3767
-7529
-6662
-9560
-2996
3235
6391
-4009
-9302
8799
-3268
-8128
-1568
-5785
6709
8939
4630
-7329
1402
9250
26
3671
3988
6708
-6679
6374
-6997
-3031
6053
-824
-8595
8907
-9411
2890
6835
6504
1810
-5896
7186
2484
509
-4724
3738
3607
4871
-3829
-2960
-9284
211
4219
9870
9284
1086
-7939
-6520
6374
-571
1708
140
4237
-2148
-7453
8169
-2242
-6179
8334
-3328
-3858
-2275
7980
-5193
1077
-3258
6886
9412
2567
6976
4490
-2214
-4
-3260
3282
-7714
7040
930
-1609
-9891
685
-2274
-2173
-4406
6722
-2822
-8429
6094
7106
-9835
-9898
-6175
7592
3753
-7842
3567
-3513
4092
-8789
8273
8847
3634
-9216
789
-234
-5044
1392
328
-3921
-5851
-3929
8181
-6013
1336
9034
-8962
3180
8952
-3763
534
4464
-5362
-9984
3415
-8399
3334
8017
2161
4523
4680
-3559
1323
3426
-1404
9471
-9559
2657
-9009
4016
-8954
9204
3985
-2304
-8824
6147
-3168
8431
-8841
-1730
1690
1657
7512
-1385
-3964
9087
532
3519
3517
9275
-8848
-8286
-5303
119
-9093
1135
625
-2224
1939
-568
4377
429
6948
-2986
3163
609
-8002
-3128
-9387
9066
-4538
5725
7591
-9202
-2288
-873
-2659
-3557
-6540
5967
9123
-9248
2685
-4803
71
-7027
-4809
2058
-3273
6579
-6595
6571
9215
-867
-5064
1827
-8001
-8015
4090
9137
1019
1397
-700
-770
8907
-606
3992
8298
-1991
-7190
7037
-2940
2837
4539
9776
640
3524
9252
-721
404
-657
2590
2593
-5611
-322
-7429
-7206
-4364
-5771
-8088
-151
3756
8050
-4365
4802
7674
2859
-7113
-8382
-6318
7020
-4596
6881
830
-284
-6017
4741
-3559
9311
-3273
-156
7312
5781
1118
1210
-9869
-8776
-3193
-7535
2570
55
3670
4277
3317
-7591
7117
4689
-2771
1471
-7562
9880
-6368
-3449
1076
-4329
1478
2451
-3150
7747
-8407
2722
-7195
8858
-6859
7542
8851
-1186
9525
4742
8944
-1101
-1587
1082
3186
8379
4709
-1403
1404
-6795
-3350
9378
1387
7962
-4613
2043
7241
-2588
-5988
9023
9004
-8321
2451
-7986
-4987
-6381
8586
1548
-8566
4167
-6466
-7035
-8526
-8569
1443
2437
1599
-1171
-9926
-9338
-2879
-439
-7501
5416
-4605
6887
-1523
4646
-2293
-4325
7473
-9014
-3671
6330
1767
-9109
7603
5388
-5922
9359
-8862
2841
5476
-7913
541
-2975
3185
9838
6591
-4184
-469
1968
4002
-7066
-5610
-9308
-1896
-8154
4254
8709
-2933
-5338
7675
3085
-1104
2524
614
-4296
5511
4483
8044
-4386
9599
1397
4193
1967
-6449
8122
2918
-7545
-847
3976
8933
2536
719
-5715
1787
-7826
-3805
5340
7266
2736
-7290
4462
-5806
-931
-2006
-7970
7499
-3100
9991
-1010
9515
140
-1806
-8415
-79
-123
495
-5419
-9163
6336
-7391
-1775
-5680
9532
-1621
5240
1304
-3921
146
-446
3912
-7432
5082
2436
8195
510
-9463
2034
28
292
-3500
-8276
9054
5689
7501
819
4418
9907
8942
1156
-1426
-7588
-1605
-8096
5527
4113
-4331
-1336
9236
-3376
-3276
4008
-5176
-1429
6819
9
-1137
-6563
-1898
5581
-3726
-3077
534
9083
8302
1679
6575
466
5979
3434
-8072
101
1516
9702
-8994
-3889
8125
-7260
-8645
-8579
7229
-4131
289
8683
-3604
5962
-126
7298
2088
-2261
-7041
-77
-6608
4988
-8129
-3775
-9445
-1573
-3092
-2807
-8794
-2014
9546
6470
-1198
-5358
-4186
-2308
3296
9748
-6142
-1033
7156
8621
-1359
8015
-3031
1809
661
8451
9804
-4279
-5890
-9363
-1638
-8449
1929
1267
4097
276
-7544
-7841
-1216
-3691
1410
3431
7567
5723
6508
5210
-1054
-1097
-9121
7693
982
9536
4686
9373
-987
6473
1562
8000
884
-2433
-2014
3585
4223
-8353
-2828
-8838
-9454
-6461
6285
-3167
-7344
9995
-6826
7110
-561
9990
-2244
-4121
4292
2927
723
6581
3118
-799
-563
-7934
7074
-1283
6419
9728
4426
2063
9363
3992
-2846
2716
1731
-3852
-555
4453
7755
2448
2931
7849
4603
-5893
-3757
4402
5236
-7402
-4587
-463
5802
-4426
-4367
6376
8031
-8307
728
3621
-5114
2532
-1272
5490
-8378
-8842
7102
4194
5531
-4291
3110
1990
-9787
7335
9403
1960
-9561
-713
-9187
680
-3712
-8074
-7077
4441
-2024
2395
-8481
-2747
3009
-7364
6260
322
-583
-1397
-1547
4684
-6664
334
-6644
-6610
-5226
347
-489
1478
-9552
4120
-8898
-5183
-553
-9268
-8598
-7990
-4974
459
4045
-8112
2304
-4035
8718
-2235
7387
-9036
4316
-4236
4571
877
-4005
-4546
4073
-5238
-8408
977
-2981
4899
-6536
-4813
-6809
-9002
5197
-5661
2318
8765
-8832
-7072
-1940
-6687
-3543
-3385
1100
3644
-7935
1773
6791
-8311
-2879
9483
6248
9706
-4628
1226
6589
2296
8787
-4279
-1305
-4598
4568
-5637
-9600
6147
-8486
6652
6500
-6027
9774
7655
2679
4526
-8283
6048
4664
738
1347
-7094
1362
-6622
2901
-7434
-2717
1546
3970
7774
271
-9216
8597
-3855
9144
-498
9602
-5193
-841
-5811
-7825
-6397
-802
-2664
9385
-345
-740
-921
4871
-9966
-6209
4959
5446
-3987
-7146
-5441
-3274
3744
-9379
2966
9058
-6119
-598
2162
-6619
6004
6393
5102
-5158
-7050
4143
-2501
4228
-108
-7621
8886
-6467
-4623
2702
-4806
-2749
-6952
8705
-1000
-1334
1549
1093
5487
4608
-9848
-5117
-6504
5217
1284
4793
-1175
5550
5923
-3136
-8
1043
-4913
8949
-2153
-4122
7251
-219
1327
-7261
8446
-8397
-766
-9943
8286
663
4668
5557
-8417
-2812
2670
-420
-149
5229
9450
-391
1704
-6799
421
7873
-3705
220
303
2911
5429
6222
-5197
-7906
1263
4785
1194
410
-5549
6145
7259
-7031
4812
6332
9670
1791
1472
-6412
9668
-2002
-2933
7867
-4524
6768
-2532
3319
-7796
4687
2115
-9808
-3281
9584
254
1346
7566
6822
-6771
2392
7875
3559
-383
-1869
-7425
1114
-2652
3105
9823
-1799
-6019
-1895
8238
-3002
1780
3813
-1055
-9998
-8221
2020
-1685
9334
3639
893
4682
-272
8149
-6359
9734
-4641
-102
2174
-4247
9672
2476
1804
7535
-5238
4080
6113
-7040
-3753
-4154
4046
-8006
-4801
127
9132
-6660
-9275
-9361
-2600
3196
-7615
-9725
438
-8289
-4040
-3881
9333
4179
-2519
-8110
-2794
1298
-9006
-6317
9822
-9502
-5968
-9530
-7633
2310
8020
-7288
-9122
-6015
9212
9707
-7774
-3708
-168
6882
5800
7501
-2739
6572
-724
-7638
-601
7810
2051
1156
-5661
-9086
-4805
7050
8994
-6300
-6616
2159
753
-4262
5197
-8999
7518
6469
8992
7677
6105
2733
4837
6519
761
-2428
-8731
3906
3928
-2692
4913
-1159
-7415
-1227
7040
4164
-5811
3784
3829
6869
7644
1272
2921
-8469
8478
-2463
522
-316
-4531
-8575
915
1720
7519
-6758
-7690
-8974
491
-6808
-8322
-9929
-2329
-8830
-6643
1341
-2512
-8068
-4692
8580
-6734
8997
9763
-1766
100
-2611
-5888
-2926
-5242
-9826
-4653
3657
6126
-7690
5790
5384
8203
-5359
1383
5905
-5945
-5056
-1643
-3106
5104
8034
-53
7632
6589
9691
4958
-9352
3195
-291
-5099
8634
9288
539
-3506
-1976
-3908
92
1120
9187
1997
-8222
3122
209
8631
8863
436
7518
3090
-1991
5444
2841
-7497
-7960
-1425
-4182
7800
-23
-4410
8609
7314
718
-9578
-5692
-9169
5582
2301
-9915
-7318
1510
6592
-2771
8904
4732
5456
5820
-5605
173
-6672
656
-4562
-7332
9139
3109
-9142
-8668
-7982
-4284
7350
8118
-9492
3359
4267
-7692
8251
2018
7966
4789
4745
7674
3580
299
5911
-1393
2065
-9684
-6211
4238
677
6147
1519
8899
9021
-1566
-9200
112
-6888
-9938
-4752
7876
3091
-8553
-4010
6557
3783
3033
-3473
-3576
6121
-7471
1370
9251
8505
9131
3257
5521
7104
-8494
-3245
-5606
-3588
-9152
5583
-5541
-9334
-7877
-1794
5286
2827
4816
5174
-5681
4612
7616
5054
4735
-8669
-3040
9120
5307
2529
2050
-464
-8051
1117
-789
751
-4689
-8008
-6211
-9042
-3468
-8041
-7964
-8753
-6111
-5232
-257
2516
-6669
-1185
-4392
-6161
9767
2687
-2573
-363
-2975
4359
7760
-8210
-1296
-2938
-6745
3441
-368
-9632
-6609
9258
7736
417
3356
-3859
-9335
5771
-8794
-8473
-9910
-7302
1376
-3099
1018
4096
