2981
1
-8149
-646
4720
-4138
5375
-117
1188
8120
6337
-7424
-9051
-8230
2721
-5288
-748
-317
8796
726
3492
5348
5247
-3268
-7661
-8308
-2622
-8578
8798
3642
5190
-4709
1013
168
-2770
-4580
-5926
95
-6621
-5458
-5193
5259
1941
6027
-5275
-6270
-1741
-7756
-9864
-4885
7739
9533
-1464
-2447
4807
5597
-7289
-2363
-8541
5732
6665
-3333
-8739
6236
-2541
-863
8701
1592
1518
-6725
-1204
4588
-1156
3136
9265
-3092
-7163
-6947
7012
-5725
-5075
9914
1902
2902
1017
-2489
-5704
-6141
-2799
7940
-8096
2777
-3735
7605
-9921
7360
-9425
1995
-9639
9335
-2126
-27
-1943
-3547
-391
-1191
4426
6235
6503
9122
-2901
-4293
-5387
-9342
-3907
-735
6318
-949
-6839
-9879
1635
-2449
5507
7930
4800
-1240
-1247
-8594
-9202
-7208
-2964
-798
1163
3481
4765
-1959
8057
4902
7054
3536
2801
8915
-8013
-5440
-534
-394
2869
2260
6908
-9839
4284
4599
225
-9897
-2406
-479
8876
8224
-8496
9692
-6059
-6604
-3189
-28
4658
9677
-3719
9314
-2859
2728
-9997
-6804
4935
-7498
-9030
-6660
3647
2202
1318
-8128
-2989
-9847
7768
8770
97
3947
-8852
-8021
8905
9232
693
9069
-4
3947
-7720
2910
2885
2896
3893
1573
-7216
3285
2835
1517
-4531
-7734
-2517
4938
-141
-5592
-3181
-9072
6708
9452
1070
-5944
-2562
2961
1593
-7298
-5195
-4659
-6480
870
9846
-3899
-9442
-3459
104
7883
-734
1612
-4683
-1105
-8197
-8237
-9830
-723
-4621
9183
3925
-1847
4450
487
192
1623
-8479
2030
2480
6717
-6635
-5604
-9590
6625
5308
5465
4371
6648
9526
6195
9433
3492
1986
4138
1418
6034
2335
-577
112
1704
-3669
6234
4702
3684
2077
4979
9551
5799
-7893
6282
-1887
-9589
3559
7858
5255
-8282
-2198
3070
6596
-7157
4604
-4605
-881
-2078
-5995
8620
-3139
3889
7178
-259
-8987
-7323
7597
-1303
8969
2453
-5377
-4387
-1227
7676
1570
7455
-5598
-3878
-3344
-6828
5684
7162
-8050
2955
6199
-9993
3974
8839
5936
-871
5281
8291
642
-4893
-7456
9657
8288
5086
9087
-8613
8129
3188
-1769
-5271
4578
-4895
-3493
5717
8933
-8751
-8517
9426
791
-4896
-5977
-2598
-6753
2452
-719
-1239
9156
-8839
-9517
5756
-8721
-6024
-3560
-1693
-7716
2578
-161
-6333
5573
-4137
-9136
5496
4962
7222
1955
-4722
3301
6328
2168
535
8761
4015
-6447
4304
1655
-9917
-8684
-7017
-4798
-9811
-9384
2579
-5523
-1503
7463
-6933
3637
-3236
1069
475
5954
2439
1126
-5045
-911
-4960
9252
-2875
-7429
2257
-3308
6590
-9410
2347
-2655
-5640
-469
5371
-6557
-8650
9552
-3285
-3079
-5074
8789
2946
-18
-2077
-3214
2301
8685
-7764
-45
-3508
4058
3502
5406
-4968
5247
6019
-4430
-958
805
-2429
-2024
-1637
3022
-4205
2796
5925
5839
2960
5148
-83
3999
-1919
-4666
6632
3341
-4937
1929
-5207
4103
-6655
-4769
-6708
-6155
4313
-6353
-8942
-4146
-2506
-4085
-4039
-6097
-7999
4499
-3835
-1434
8730
7495
-944
-4307
-5518
-5866
8868
-1919
-4559
5076
2036
9418
-1736
7465
7606
8941
-5663
3298
9553
-1437
-6896
-5636
-205
-7028
1860
-6096
6143
-852
6924
-3960
-5049
3967
3448
3365
-8882
-1057
-6255
-5023
-5482
3540
-5597
-7338
5394
7405
2906
-1652
1520
-3914
4368
267
9645
-11
2212
-5351
-8365
5306
-9350
-6848
7231
-3656
7760
-2503
3909
-1221
3569
2658
8353
-1024
-8873
-6901
-1835
3808
4860
-4126
3758
4041
-6593
-466
3224
-5241
1492
-7329
-8756
-2960
4512
7402
-868
5226
4214
-247
-6101
-1735
7814
-2106
3273
-4377
-702
124
-8222
8075
-9037
-1756
-6316
6493
2264
-8556
-3918
-6238
4823
-3364
-5757
-9978
-6636
-3726
-2627
6023
5983
-9310
7354
6207
-3481
-5590
-9384
9744
-9968
8897
-4669
-9614
1151
-4567
-7985
6194
2258
5936
-7642
-3790
6199
8367
6176
-7413
-2501
9352
1357
-1025
-4484
-4037
321
-841
5336
-1675
-8311
5552
-5279
9641
3282
-6326
6211
7967
9178
-3372
8202
-7022
9271
-9689
2527
4507
4718
-19
-6880
-640
-16
4435
6188
-2800
4823
-8474
8524
-4621
-8384
3711
-9403
5598
-9892
-6581
-1793
-6006
3690
3116
1341
-885
-5954
-1044
-8953
-9836
-7589
-3358
6887
4964
6143
5912
-3305
-6585
4039
-3185
9466
-2191
-6904
-3809
7767
-7673
-1796
4074
8932
-3966
-8462
-3707
9303
-8862
-8673
-6174
-9118
8014
-9852
-6430
-9811
821
-1348
7764
7691
6907
-2225
4907
3853
1319
-246
2364
3007
-7794
1263
-7502
3800
-1452
2689
5250
6148
4443
-8187
6
1223
-7153
-2893
2210
-7720
1984
-7259
7989
3725
-6487
8136
1912
-3351
3154
-7479
3937
-9053
1238
8125
-5376
-1069
2603
-3089
-46
-6614
4314
-4085
5660
-1062
-9571
5960
3856
-2052
7407
-5364
-1634
9141
3833
-1693
5633
-1324
-8444
-5296
-2658
2957
9300
6356
-4759
1029
896
-2410
-8672
9448
2935
9447
1505
6346
5181
-5448
-8197
7415
488
-8243
-8972
-7448
3126
-8100
-6950
-7150
4076
3071
-5019
-4661
6053
841
6399
9071
3320
8486
6761
3392
8469
3918
-2025
-363
2060
7126
-4576
1323
-5992
5210
-1133
-2336
2703
2101
-4473
-7619
-4762
-2216
-3478
8826
-9558
-2981
-6775
-8349
-653
-1875
1297
-6339
4608
-9456
1528
-8598
-1114
-9887
-944
-3442
3137
-581
-8157
-6360
-7622
-4578
-2944
-2816
9184
-1825
-3506
5677
-4982
-7589
-755
6997
38
7296
-7149
-8051
935
9588
3152
-1271
-649
9004
-8937
-4977
-3586
-8183
-4528
7540
-9006
3018
9720
2140
4264
2446
4676
7417
4693
-6694
-7696
-6645
-7207
-4353
564
5965
-9955
4491
4451
3050
1465
9989
-9495
2836
6964
7177
5979
2267
9067
-3694
-5703
-7192
8099
5967
-8702
-274
3950
8653
-2592
12
-2732
-7463
-3858
1880
1722
8721
393
6479
-9076
-9344
5803
4372
9396
-2203
-673
-3160
623
-9864
6336
7549
1446
-8323
-9272
-4471
-5848
8176
-2725
-2603
-5119
481
4886
1266
-2354
463
2072
-6055
-8590
6021
2580
2212
-8651
7325
-3688
-809
9572
-9897
2955
8249
729
8658
-2789
-7352
8376
8869
1423
-6659
6562
-2368
4661
-1624
-3538
7911
-246
-939
-4293
1808
9158
8609
237
-6475
2319
3662
4180
2416
-8562
5175
-5136
-5482
-7215
-5970
4062
3658
4225
-1716
6130
1524
-1484
-3369
1316
-2085
8436
7007
-818
2091
5587
8490
-6792
1424
8473
-4766
7676
-5048
-6202
-9931
41
3276
6295
-3767
-1780
-7212
-740
-6008
-5939
-1953
8272
-1825
6015
4200
1208
-9944
7199
3625
7803
4794
6064
3945
3199
6869
7962
-136
3349
-2606
-8193
-6211
4692
9361
8752
-5277
9003
-7422
-1102
-9024
6909
8009
-4237
266
8567
1406
-5203
9705
6626
-2277
-3764
-8143
9656
-3457
-3462
-8739
-4953
-9220
-500
-3388
-4203
-1585
-6850
-4355
8837
2309
8356
-6694
-571
5754
743
-4505
7515
756
2977
-527
-9124
5938
-4108
7111
-5979
480
126
-5489
1386
-636
-3402
-6139
9365
7588
7514
-6201
9263
2335
2239
-3784
-9001
-4868
7810
9961
5533
9987
-4608
6769
8119
7376
5864
-1832
6720
-5643
1802
-9224
-4336
9033
5620
4639
5970
-3493
-2457
8946
1228
-1665
-7252
-9200
3998
2627
9725
-4296
-2284
1390
9623
-1979
9567
-4851
6084
1484
-6235
-8776
2094
-2934
-5519
-740
3941
4209
-7240
-5249
-7340
-2347
2883
-1108
8060
-5213
7884
-1471
1376
3659
-6862
8860
-2520
1756
-4488
6993
7572
790
-2493
-9424
9746
7819
4597
-5692
5395
1973
-8307
3520
-9117
-4443
6545
4342
-1337
1450
-3172
-5662
4963
7123
-300
-1715
-7452
6946
6646
-1700
550
7927
6918
1096
-2121
-86
5459
516
8755
-3611
1501
3203
4245
-7605
-8094
5234
491
5709
-2418
7257
7817
6177
-1398
8150
2774
-4911
7284
-5804
-7103
-9481
-5691
4028
-402
-9908
7087
8936
5828
7362
-2026
-7073
-2242
-7884
7632
358
-3520
-1632
4612
7866
890
-1885
-1370
-7992
-9874
5606
3843
8352
4839
7508
4807
-6611
-726
5128
7377
7036
-7360
-5704
6445
8924
-18
-1239
-1081
-4475
-9647
7331
-9982
1882
-3889
-7911
-8595
-4530
6771
-252
-3160
5982
2226
5338
2039
6975
-3731
5081
846
4566
-2541
5404
236
-7212
-83
-3072
-4233
3709
-2401
-1268
-9304
243
6777
-719
488
-2562
-3137
3220
-3658
-8153
3817
-8483
-5897
-1938
-9038
-585
9378
2315
2496
-4016
6279
-770
-1339
9739
-9311
7963
-7677
-7261
-7882
5746
-8436
7822
-2013
-9177
-28
7782
4032
4884
9817
2281
5021
605
7109
-3076
8982
-7242
82
-7689
-9374
250
4195
-8718
-8920
-9976
-3400
5181
-5707
-842
-7239
3118
2391
9209
-7441
-2771
-7455
7962
-7351
-5496
7691
3901
-7154
-8497
-8926
-6099
-1933
-8119
9161
-8226
-6984
5288
2647
-6488
3421
9320
5270
-5010
-4360
-4905
-4281
4199
-3764
-3833
-1899
71
8700
1268
9852
3483
-8214
4953
1545
-2106
-1901
-584
-1605
-5757
6712
579
7432
9374
-4894
6314
9891
-4806
-1614
1572
8483
-1504
-4733
-1159
267
-5660
9206
-6458
325
3933
8988
9833
3801
-397
-9614
-5704
5314
-9225
553
-3792
1988
431
8456
3865
7597
-568
2425
3658
1143
-3671
-3502
-6285
-7359
-1552
-1225
-794
9579
-6547
2962
-1026
942
2188
-5876
8722
-3177
9302
-1173
-9219
6696
3871
6151
9351
-536
6096
-2999
-2520
1864
-2070
4910
304
1875
8247
-5202
1806
-9444
-4687
184
-2355
4041
-8737
6986
-2219
-922
4352
2863
-1882
-342
-1902
9100
-3489
9939
3451
9703
3675
-3434
-6309
7190
1415
4514
7592
5598
5893
-3102
4402
-9306
4427
-3624
-2720
-6797
9842
1406
8338
4737
-311
2574
807
-2632
699
-6920
1917
5630
6320
8364
-6026
6663
-2583
-6810
-1550
7796
2978
-8358
-6118
-7283
6317
4385
7717
1916
-553
-1396
4961
7592
-7976
9647
-1807
-9588
-5178
-9307
3105
9917
3858
-7156
-5664
-9132
-2539
3184
-8111
-5862
3811
-2814
-1845
1402
-6050
6313
7794
-8779
8015
-9749
4593
7524
7165
-8165
-5210
1082
-1501
5494
7556
8692
-6035
9908
-3474
-8937
7888
-1441
-9776
-1628
9581
-1861
-6006
-711
-4655
-4336
-8648
-2752
2174
9861
5793
-1461
5468
3401
1407
7476
-4129
-4618
76
314
-7729
-7025
-4787
9013
-5120
9028
6769
-5566
3092
9660
5369
9622
-4503
-1188
-3807
-2448
245
-9777
-112
-7745
4264
7203
3496
8731
6783
-8590
9713
-906
6754
-8376
-3105
6408
2890
7329
9527
-3443
-8397
-8199
-7447
9454
9736
1347
6156
-4621
2974
-523
4536
-5889
8774
2896
-2700
-6993
9831
-9039
8921
6938
9479
-6020
9464
-6703
7398
441
564
-7200
-7051
-1699
4446
1404
3872
6363
-6856
1769
-3871
-4747
-4727
4206
-9693
5779
-6103
-1746
-8514
5145
-7812
-7872
3231
4874
2493
1380
-2511
7597
6593
-7241
5051
-7029
9013
2773
7656
-9612
-2087
-2142
-6290
3171
-3251
8764
-8804
7378
6334
5979
-9851
7662
5699
-5823
966
2516
-6443
-4576
-8305
6808
2607
-1588
-5167
6580
-1785
4949
-1901
5485
6051
6930
-8746
7886
-5241
6384
5875
-8242
-1956
-6889
-4418
1300
-5441
-449
1877
6334
-5869
1047
-4213
-557
3863
-3614
-571
268
-9896
-7941
1544
6566
-2124
3962
6507
4741
828
-2413
-6476
-4343
9084
-3157
94
-9104
-6300
-3776
9948
1686
-7832
2244
-297
8849
-427
1920
-5890
-3795
7056
1920
6365
9470
4404
-1444
-811
1484
-2176
-225
3181
-973
-9567
6447
-4991
-3787
-4516
3073
4908
3505
6952
-5029
-4879
2512
-6054
3426
9052
-8884
9813
-2682
9440
-9789
5217
5021
-2565
9802
5219
-798
-335
-2181
7941
-413
-7654
7115
9049
6962
-5053
3474
7286
6430
9191
-2644
9699
-2485
-8475
-1241
5453
8357
-5175
-1610
-7173
-9554
-5709
9883
8173
7188
3664
614
-574
-110
7517
-3965
-3540
1656
-3010
2598
465
326
7081
-108
2212
5785
5502
-6075
752
3785
2690
9882
5645
2480
-5518
7327
-8970
7179
5323
946
-1424
3535
1820
922
-8760
5003
-1894
-6066
-8290
-810
-4128
-5599
9716
-3965
-9279
4429
5012
8986
7283
5708
-7044
4394
8185
-7112
-6044
-6731
2603
-3942
-6743
-6266
2769
836
3738
-6840
-7438
-9634
-9526
3405
-757
3516
6519
6370
9961
-6599
-8383
1103
5690
6918
2384
7700
-5801
9744
-3007
6664
-2438
-7569
-7701
-2069
3447
4313
-9765
-993
2734
-2643
-2715
5596
-7788
1488
6542
-3868
3863
5066
-1355
-6834
1084
-5529
-5757
-6943
-8417
7246
6398
3436
-2111
-3980
8992
-6152
8938
4851
-9144
9647
-6295
7833
-9711
760
-1596
1712
2565
8006
-7077
2775
7316
551
5696
96
5613
1318
-2305
6345
6085
1494
4723
-3561
-2864
3600
8445
-7970
-1864
-8995
-9914
-6543
-2834
-7731
-7457
-6476
-8644
7431
4364
-7091
9460
-8414
-6105
-7231
139
5816
-2625
8231
2244
2322
-7577
9391
672
4884
-9628
-734
8257
6507
-7303
4145
6239
7639
-2494
8758
-2348
-8006
2107
753
-9707
-5539
6097
9201
-5017
4911
-8819
-7757
-3999
6007
-1537
-5456
9415
402
4138
8724
-5678
-128
9476
-3844
4570
1483
7643
9599
438
8772
-9925
-4101
3179
-8608
-2415
171
-4876
-4224
751
-9511
-4048
-2874
-3772
-8130
6212
218
-532
-4202
-3182
6449
8201
7876
-9711
-1356
5193
-2689
-7987
7231
-4741
5215
9969
2168
-4
-4385
9847
299
-9401
883
-9237
-9106
-3625
8017
2379
9438
-6955
-3774
8081
-3287
3280
-1699
1346
-9647
1202
-3852
-7250
-5316
-2506
141
4541
6077
7227
4299
-3983
-4265
2058
-1766
7000
-2630
750
-109
-2551
5546
6131
8486
7164
6411
-639
6490
-9658
8377
8088
1198
-3488
6724
-3788
-2172
7579
-6948
9148
-3917
5468
5947
-1828
-901
8926
2416
7681
-2965
-9670
-52
365
-2277
-420
-8014
-2497
5802
-765
1116
4948
3746
-9824
2689
7330
1212
-5325
2386
-4052
-7991
-972
5731
-4365
-8897
1535
2394
-179
-1572
6699
-1935
545
-5803
-5574
-3740
-7957
7459
6744
-251
3321
-2093
5465
-1320
7794
5096
-6049
2719
318
-9920
8737
6528
1733
6781
-8867
7266
798
-6539
224
-5222
8819
8981
4690
-8773
8910
7898
543
-2357
7442
566
7001
-298
92
-1742
-1548
3933
1685
4452
-3219
-3943
-2468
-2202
-2407
-9641
-1135
7963
2276
-3292
-6966
-9086
-2926
-9510
5384
1699
-3692
-2212
2785
6290
-6287
2661
1851
-9460
2372
9268
6996
-563
4915
5197
4011
9561
-6147
946
8521
-7669
-172
2708
-5321
-6416
-8402
-9392
-295
-2035
-5757
-8649
2289
-5624
353
-1531
645
993
4246
4830
-7009
-2017
-8789
-8638
65
6389
9596
-6072
-6157
4989
702
8410
6561
1759
-8644
2346
-8011
-2514
-1042
6195
9846
8219
6715
-5725
-7316
3398
6349
630
-9181
1723
-8209
-5071
5783
-2989
4570
9497
5343
-8738
-86
-2840
-146
-3950
4291
-7593
9727
-3611
-2561
-5971
8723
-5060
-6780
3900
-8956
3843
3157
4011
1298
6154
3140
-3661
444
-1497
529
4216
7860
1180
6048
4719
-6480
-5715
9992
-9218
9740
-8308
899
5186
4035
-6919
6634
6122
-7055
5050
-924
-6018
-6818
-6979
5981
-8007
-7767
9372
942
-8481
-862
-6830
-3591
9363
7331
4458
6641
-2433
-9851
4817
-2604
-7460
1017
5259
-9386
9307
-1554
-3577
6653
5453
-3256
4595
5573
-2430
-5510
-3419
8884
5046
5984
-2728
8713
1961
3471
-2838
3667
3091
6695
-5864
-2677
4413
-9457
9504
-5346
1363
1562
6633
101
5643
315
9665
9663
593
-9480
363
3760
-71
6149
-919
-4951
-799
-4883
6636
8919
2517
-8370
8330
-8508
-4457
5448
9527
-2456
5575
396
-4810
6964
-4686
-8023
-231
3979
-7381
-7079
5393
-7035
-5394
9481
85
2398
-8296
-6229
5578
2096
9044
9796
-3418
648
931
-1015
-258
1161
2915
8502
-8262
-5264
4301
-8654
-3955
8260
6790
-7793
1464
6542
-6684
8018
-1680
-7875
7664
5521
1461
-2166
9983
4576
-9256
4203
-822
-6247
-4283
-4223
5642
-920
677
-2199
-8158
-1594
-1133
-798
-2420
-9828
-7053
564
8846
1900
-9419
4619
-5553
-3561
9066
-4285
-9457
2736
4632
550
-2152
-9825
5273
7635
9070
826
8362
-6989
-4686
7967
7279
-4387
-6229
-9032
-1773
9153
5039
-9020
1750
-3923
-8997
-963
-9533
-350
-3624
3192
-6296
6304
-3031
4438
4528
7380
8258
3078
-2281
-3700
7591
-1692
-315
-6117
-2348
-2102
-7592
-6012
9153
-496
-7165
754
-1471
-4488
8120
3700
-1000
-983
6672
-3858
-2451
-4679
3439
9636
-8079
6929
-207
7199
8499
-1175
5044
6364
-934
1606
-745
5773
293
-7087
-3331
1591
4295
670
-1585
-7379
3988
180
8484
-9013
-277
4468
-2145
8075
5632
-285
-1189
5170
-1638
1756
608
-4777
-9546
-6509
5030
-911
3906
-8632
-6331
-5509
5621
8349
-5465
-6770
8034
-4881
3285
-7513
-8554
7061
-5444
228
2848
4067
-7526
8437
-2422
9620
-3292
7966
8607
-1828
-8719
8286
1154
8376
7887
-1928
-9492
4645
-3729
3393
787
3149
4160
-4727
6683
-4418
-3001
-7095
9281
-5349
1448
-217
-8117
-7906
4930
2239
-7032
5677
3749
-8275
8946
8478
6809
-401
3618
-5068
7977
-1998
2433
-6904
9245
-7262
9519
1678
4688
7198
-7375
9926
6931
-7194
-5196
-9047
9666
2561
-5192
4673
-9003
-1414
6800
8933
-4343
3662
897
7775
-1511
-1156
-6773
3719
4172
8451
3921
-1838
9740
-3084
-7911
-8538
-4792
162
7082
5841
-5214
-6489
-8498
-2924
7906
287
-4956
-4490
-6848
-512
-7474
-7678
9622
-7730
6715
8441
-9149
833
-9945
-4257
-3349
-2104
5450
-3925
-8405
366
9434
-4292
-9992
-6727
-7880
-4369
931
-576
-1460
6324
3193
3437
-2245
-6227
-2190
1005
2448
-5090
-430
5690
4246
-7136
-5970
-270
3501
-9179
-8698
-6069
2700
-1277
3583
4969
4357
8640
-8845
5682
-7821
-9505
32
9348
4677
-2522
-3535
-3614
-1115
-8542
5948
-9250
6732
6314
-1420
4044
-1160
2409
8065
-5548
-665
5150
-2048
1779
-387
-5130
-2320
9500
4976
9218
3890
5564
2434
151
-2473
9957
-1199
1449
1349
1984
-8259
8578
8499
3957
-4491
-6482
8066
-5530
-1772
6229
-1067
-650
8527
525
155
1692
9120
2418
-4660
-676
-9779
9896
9668
3852
-7439
96
9150
-5870
8893
-5339
6260
-4550
-9841
-9966
9509
-4310
4864
-2657
8020
-2160
-8508
6364
-9481
6997
5417
-5076
-7285
6156
-9203
-2977
-5841
4099
-4723
5591
-7981
-2143
-3839
3781
-7132
3769
2653
6533
-1206
-9083
-2611
-5840
8374
6546
-9316
-3367
3944
9137
1243
2256
-1014
4697
-9387
-6992
4390
9350
-539
1116
4947
2416
-6714
3367
-2774
-4870
-3864
9962
9797
-4490
-2835
9744
-6356
-8771
4541
-4963
7092
7681
-7353
-2718
3897
9062
1805
1695
-2730
-9874
-9045
6388
5044
431
3505
-1615
3119
-8399
-4532
4583
7028
9258
-684
-5025
1377
-6743
8236
-7874
4822
