8147
0
8937
9031
6331
1237
7310
6145
9330
2812
3161
8036
7819
3222
4444
41
2409
2414
2678
2709
6565
4861
9739
56
1043
9072
6073
36
6990
9118
4305
3529
1148
4000
860
1058
8468
6106
3564
5904
5143
1970
8602
3922
4400
8751
4620
3722
7615
8610
7197
2700
2216
5974
2648
7081
3788
7274
6019
2410
3920
2282
6805
4708
3647
9479
5507
7645
4237
6345
92
4454
632
7864
6932
1077
8925
7399
7320
8130
7133
8104
8290
4656
6334
1777
2530
4869
7453
5954
6473
3297
5329
2222
5103
3340
2972
9873
9659
4849
4894
1542
4948
1360
7774
4738
1394
1873
4987
7090
6159
5567
6738
4544
4896
3654
8332
8327
9530
5134
329
9245
8089
8774
1913
7745
352
2063
5336
1130
736
4863
1453
8348
3849
102
9165
3169
2628
5032
4519
1783
7484
9493
644
5365
6096
1672
4695
8925
5580
2653
8597
2702
4931
6932
9235
6595
4383
2019
9234
6182
1524
4995
5820
3
7580
5332
6040
4908
5262
9824
8853
2213
2006
1239
5863
9333
3205
7331
4190
2845
5131
1461
3780
5164
8335
2515
4076
804
6802
7827
7984
2161
2822
8822
6828
928
1880
4223
9265
3664
5015
6088
3979
7577
8637
4106
1411
4776
5053
5385
8050
8194
3686
6794
4431
1552
4848
1318
641
4589
8874
4395
7335
4781
7275
7306
4033
9617
8360
5319
9711
253
5329
3489
6854
3145
7622
3714
3564
2200
8015
4305
9816
8926
2241
4484
3053
6062
8309
8572
8025
7029
8967
8777
4893
9086
5937
3563
4020
5187
1554
1746
1707
6911
3549
4437
475
7689
183
4242
6621
9846
26
4705
9318
7931
8021
384
2199
6061
4516
9567
1960
5757
256
3377
4198
6187
3005
7591
5954
7768
5183
2066
4620
2048
842
5202
4271
8388
4190
52
1151
1351
3164
8776
4887
94
1896
2377
3885
6870
74
4875
8138
2288
9288
8775
3832
4145
9711
1767
8395
107
2179
2723
8438
9371
6542
2177
2484
3321
8835
3133
2027
4849
1316
5289
2177
718
8555
1422
9891
1269
2964
5659
5262
5321
2391
7086
6643
7057
1470
4919
392
1410
1591
829
4572
8795
3706
1395
3270
3632
1687
3454
5603
1551
6204
1814
8885
1591
7648
9118
8210
1229
5690
6541
3492
4231
2869
2304
5821
8736
5132
8392
2697
7072
9445
8364
9420
1312
3845
5829
6853
2827
2087
5470
3379
6193
5621
8682
5871
1738
4808
8412
4686
396
7908
4533
9866
5411
1088
569
4499
5608
9020
352
5773
1145
9091
3742
1005
394
6888
5686
2767
9589
9262
9554
6700
341
7582
1503
8944
3164
9637
2592
5835
640
2554
4010
8654
8033
1870
2005
4215
3727
9500
8880
6692
2772
7727
1053
3990
2330
5354
7820
1088
973
9318
6128
2441
3197
4506
973
2687
1285
1835
4884
2367
5625
9937
7523
8940
4726
6165
9296
6418
1941
9761
8263
4642
6652
7798
5557
3710
3304
5306
3781
8415
9428
909
7620
4165
7297
8396
8618
8840
9532
241
6517
8605
3230
9485
7860
5212
2916
4651
2863
3625
2330
7578
2243
1655
9196
8296
5543
5387
891
6601
5987
6414
9947
3186
2762
7701
1453
9702
2297
7872
1026
3585
4791
2865
5176
6318
2123
7605
9174
182
8275
2415
1549
4915
4093
3011
7784
6133
5756
2738
237
5949
2470
5156
4822
1808
5783
4139
1804
83
8680
1616
4466
4978
9594
9148
8433
9750
3511
8012
8133
683
8897
9708
1885
9194
1825
1458
2308
755
1332
3249
1801
8598
5920
5399
8384
1102
8870
3931
7409
1202
2452
4891
8835
8577
3515
1486
9518
8680
5525
5815
3049
6619
4554
3394
8120
573
8709
1983
6754
7372
3104
8549
2673
4577
2117
3498
8771
4177
4212
4684
478
9102
9488
8256
9811
44
8404
5541
3289
9066
7926
4676
4756
9148
2612
1102
9332
6975
4041
6673
8160
997
9381
4533
5319
9697
5308
9380
6388
8322
8341
7369
736
9897
7465
2239
8979
9992
9561
5930
3807
9806
788
7660
9954
9030
7570
2603
3848
5687
8637
8667
8123
3872
776
6127
770
4829
387
9400
5263
699
1922
8205
6251
3137
2959
1448
1593
1641
2997
7809
1401
1287
5587
6470
9340
2782
8907
1359
4293
3759
9550
1183
2208
2835
1663
3411
633
5551
5107
9889
6596
2891
2072
3574
6753
8776
5727
7987
7131
5850
5553
3762
2069
8963
295
8223
9174
2181
2829
9337
9584
8742
6331
9743
2938
8375
1786
1852
679
4177
6414
1049
6269
6759
1273
5317
7420
1748
750
2307
1113
526
7321
6740
7144
8768
7784
2668
8054
2620
5883
1766
286
1715
7909
830
5597
1412
1541
2534
1169
3968
2739
9600
6191
9150
426
1432
4242
1422
7001
3963
9103
6551
7462
6731
9065
1718
9885
9244
8125
630
7961
6294
2271
3581
2529
5069
7301
1320
3134
4107
9017
4942
7291
4557
4857
6838
3769
5222
2243
5218
5069
387
778
7767
1072
5381
2405
2055
7072
3802
627
1530
3313
385
4019
9585
2821
3263
5850
1674
2866
218
1398
8979
688
6169
1158
5466
5886
7632
6589
8353
5492
2601
5704
2073
4148
8893
2691
9659
3715
1054
19
1102
9533
3055
251
4007
4683
939
3085
8648
3182
5410
2392
6004
9160
4390
1824
5748
1513
4382
7879
3656
4209
4667
6403
8008
2211
4885
8271
7086
9815
5090
6041
7574
9453
489
5714
4298
7415
3340
8207
9393
7550
3734
6767
3136
676
5932
5000
5125
1457
4519
1836
711
5915
39
6152
3137
6403
4177
6297
6616
5931
5607
3090
6362
5443
2695
3089
3342
6062
8506
153
3459
9151
1493
2836
7123
1751
4699
1940
5582
6927
1055
2030
7844
2767
4091
9818
7248
51
2474
138
3664
7165
9455
3925
1194
5842
1551
5780
7963
646
3225
5695
7826
4337
828
641
3163
2822
5940
4520
4641
479
3409
3305
2159
3137
5094
146
7482
4447
1718
6230
2386
8726
2990
9026
2688
3234
7424
3027
8006
6146
2896
5930
7907
8033
5608
1965
9866
9150
7009
3926
4388
7090
8499
9239
9306
3368
2802
5449
5720
3751
1325
3631
5269
112
2541
6208
725
7145
9774
3252
8635
5801
7245
5514
8759
617
8236
4369
272
7021
5999
4681
4742
7463
5492
2873
5292
9413
4350
551
6057
604
3939
3162
4714
4228
6901
992
7652
2348
2563
3612
1802
5014
4068
8697
6642
3983
8362
748
5969
7374
6636
3157
9243
8302
3618
6082
1980
3370
414
2268
7486
7506
6966
3042
64
823
6871
8525
1608
2376
8427
8165
6628
6921
5431
8772
2946
8529
7224
1494
252
1907
2086
6327
4257
8900
9726
6128
546
7655
8000
1146
8474
9176
1927
2416
8623
9030
2487
3814
3879
7040
3874
7327
4587
3850
8246
2785
5228
6966
5495
9851
3947
2229
655
645
2763
3374
6091
8911
6358
4208
2368
1703
578
9670
2345
9339
6256
5431
798
6663
7484
4873
2864
1082
3218
1476
2820
5674
1855
2762
4380
8376
411
3286
1661
8683
4538
9135
1882
8290
2139
6225
5954
3596
9960
4317
5024
3483
5647
9343
2573
4271
8798
7596
2166
9950
237
6277
5560
1185
6393
8569
4202
6905
5781
5679
1245
8538
3837
6011
4345
6659
3660
4559
2336
2362
9005
650
5881
6453
8485
276
9935
6616
2377
5363
6084
9614
6908
1053
9327
9333
8581
4700
7530
3714
7517
4185
583
4211
4500
8704
6091
4089
6199
276
4901
8962
7631
5
7465
9555
4995
5686
5880
1443
8519
418
1909
4633
6653
8842
8026
1889
6705
5361
8825
4460
6470
6016
791
3466
4519
7301
2195
357
7747
3094
7167
9280
27
6243
4400
3722
9407
9813
4343
9949
3761
1563
8239
475
5398
8265
6003
7496
7375
465
1539
7843
206
9031
5430
5492
2486
1043
4794
4236
6063
8494
3911
5621
817
9740
6296
2524
4331
4861
5654
2114
9056
8268
4971
4527
8456
3481
6374
8124
8531
5854
6432
3762
5311
3051
7047
5903
9169
7492
6815
2153
1609
3379
5648
8779
6701
4664
4293
6300
2787
998
5394
4923
6852
2104
6123
6851
9252
2578
9979
7035
3747
8543
9753
3922
5688
9416
6058
2935
4161
9201
393
8875
5595
1674
4092
1319
851
297
1955
9253
7942
7517
4073
9482
1607
7001
557
9993
133
2781
1207
5938
7066
5730
1841
441
999
5873
229
5865
8732
6407
3092
3768
4088
2253
9205
7329
645
7914
5737
2622
6127
8447
5771
747
4590
2930
7191
5513
1550
2666
7818
5299
7590
7088
9781
3940
990
982
5348
6522
5181
8440
4466
3046
4710
1812
8057
1967
5595
6821
2921
9119
6468
9457
6600
1302
1706
9767
2673
1245
5832
2964
218
4561
4876
5873
3444
4317
5488
3420
6215
3590
6927
8803
7748
3247
3047
3996
8018
7632
1290
5768
9472
1630
6507
5338
1085
5727
119
330
8162
8221
4944
9230
6502
1306
462
7623
3816
9355
2591
3996
6763
5237
7649
1924
8440
2552
2692
1944
7366
3216
116
344
7031
166
6470
6465
6547
1801
3267
7243
43
1467
8833
946
806
4957
2876
5453
1501
517
5057
1165
7176
8255
6868
6202
8643
9169
2378
8245
6691
4712
189
6938
2630
9348
4736
8047
1031
2361
7840
5851
2993
759
1026
6270
3037
2589
8042
7266
1253
4513
2384
480
1965
7789
798
8762
6456
1734
6814
9789
3252
8440
9588
4294
140
5219
5904
7723
5068
1576
7412
379
720
2857
3947
1147
7641
3969
6204
6086
8139
4341
2655
8879
7083
350
2096
3298
6949
8381
2007
7045
2389
9412
2692
7268
6893
1227
8249
8506
1120
9446
7139
4837
7147
9403
8221
6871
1377
4674
4373
4597
6100
7188
7245
95
7563
5
3008
7577
7810
1903
3618
6666
2010
1593
3048
9040
5536
7194
938
8832
2696
2366
427
6420
5911
8985
8645
1507
5188
3769
1984
8722
1711
4469
7902
3798
9327
3931
9605
3118
1988
2869
8214
8364
6558
9901
3896
5468
6089
2798
6131
2519
494
5606
6432
3075
6908
8751
3712
7778
3453
7954
4362
9517
8943
1162
3788
6283
1403
9696
7258
5112
1734
7994
2980
2307
604
5798
2840
3105
7772
1029
9961
7364
365
922
6100
1830
7463
5020
4476
5775
320
4665
1272
3303
2190
7789
3293
2497
4880
5359
9099
4865
5584
3401
7863
4663
6107
3928
8783
6767
6317
8767
3329
9449
8798
831
738
9605
5347
1039
1458
2396
8879
4626
4025
6490
8421
9084
221
3190
6233
6859
3425
5745
951
9450
3971
9458
2333
9075
142
8851
1572
893
5225
3039
8723
9625
3196
5399
8251
2383
7407
4541
7681
6274
522
9455
4839
5891
615
2237
9062
2005
2131
5924
4928
4091
5143
5980
389
5665
2202
5226
7318
9627
7464
4638
8426
1255
5241
5512
8202
8735
8252
979
9377
1491
6143
6893
3329
4750
1416
5554
8787
7086
6915
3459
7849
1860
7747
4521
3759
7838
8403
2107
6304
6087
1843
4357
9681
2038
7770
3540
7255
1217
8561
4382
1935
7074
3580
273
3506
1039
7370
6861
2609
4325
5054
9301
6181
1510
1093
4769
4443
7182
3961
3135
5977
2640
6463
7291
1955
1595
7799
3284
4942
5988
2124
7679
8699
3872
8301
8986
8787
9744
705
4329
577
587
2728
5632
5565
6503
8120
4505
4320
9807
8769
913
8786
1499
4845
6058
9901
3320
8325
1916
3520
5723
6363
312
6726
6702
7048
1779
6485
1375
1825
520
6218
6616
8223
4172
8238
2887
1845
9753
215
3977
2209
6644
8136
3022
607
5596
9398
512
2936
3797
4101
251
7690
6190
2179
754
3771
4654
961
4151
8308
3157
7691
5351
8431
9579
7036
515
8936
8157
1713
3058
5147
8635
4283
3117
139
7846
3477
6515
8161
2220
5728
1067
1825
6207
4300
3781
4939
4686
5481
9838
1562
6369
605
9145
524
3440
6022
4981
8702
1899
6311
6928
5838
4292
2759
4187
6805
8715
8831
6776
3973
3738
6768
9588
8846
95
7311
2375
2273
6719
9298
24
3680
6816
146
3105
6766
4857
3183
6925
6665
729
1423
1265
1990
8667
2644
2533
8015
4752
7220
3549
4327
1697
7855
3904
8114
6298
3604
850
165
3818
2894
6673
2754
7500
2810
9898
7033
1510
3240
6329
8410
6611
6350
7625
8471
5162
1138
2985
8030
9854
1999
139
5886
6648
9683
5709
288
2556
4279
9376
6673
3587
7919
5501
2931
3323
6823
8659
5947
7295
1982
8931
6317
6737
8895
6790
2819
4993
6198
293
6169
2908
9371
8421
5358
2719
9608
3164
5569
5279
6699
6642
3420
2430
8836
1076
5428
4840
6996
9786
1808
2969
653
981
6136
6133
3467
3588
9393
3313
1187
6755
2170
2776
4165
6300
4242
5261
4379
9013
7441
7843
2880
4817
2284
2743
5968
3535
5280
2890
5897
1660
4311
5835
5361
5365
3410
5463
6443
6788
2179
13
9710
4691
7643
1797
3952
9454
5112
4938
3770
686
242
3351
8025
4193
7539
16
3249
523
6221
3696
614
4548
2133
2821
2988
7845
144
319
9787
3871
2112
2216
8448
8180
4184
5914
4210
359
1757
2573
6978
4687
5364
328
4172
218
1169
773
1092
6944
4566
9550
1527
8454
2326
6732
4497
9245
8536
961
6729
919
6866
6819
332
3373
1862
6085
6126
370
7565
7198
5831
1065
5219
5671
2891
8409
5254
467
7300
939
5203
8344
4017
6128
456
9688
1937
702
7006
1214
371
767
7099
9773
9250
2334
8061
2450
9893
9246
3954
9324
6655
4486
4590
2340
1582
2824
5881
9064
8754
3206
5956
4341
711
2611
9331
2884
3743
4300
4979
3673
518
6370
5356
53
3245
6956
4376
8962
6719
7004
8224
8244
482
5937
6846
2411
4889
4629
7482
7172
1174
7657
1906
1448
9642
7808
8518
9166
1257
7383
6837
6980
9249
2116
3309
8813
6489
3478
8859
4740
2958
4567
9899
9366
837
1836
3392
8626
8837
1229
7213
7587
7843
422
1737
571
1140
8022
8294
7539
9664
2688
5028
5430
3704
2819
2643
6236
5432
6489
5616
1660
2124
1198
5638
8632
5332
8516
7827
6598
445
9412
1713
5414
794
5883
2775
5425
2302
6318
2623
8292
650
1458
3187
4054
2655
3585
8587
5641
2367
8958
3533
2398
1067
4812
9479
9656
7478
1238
5191
7401
1265
3778
3343
8573
8698
513
4470
6453
198
7629
1965
8177
4223
8704
4126
7651
7208
7589
585
943
1046
2090
7061
4575
3258
5169
2463
6734
1128
8537
3600
7145
8270
9264
9110
2603
2153
1404
6704
6503
2932
1887
8396
5803
3913
5087
4991
8794
1061
4273
244
5544
8722
7309
5726
3592
4588
4219
5678
3344
1425
3445
9594
9152
4288
4017
3845
199
5040
817
2929
9281
8884
3343
6785
992
7043
892
6294
909
195
5169
6858
7633
1420
1152
9150
5987
4890
617
9383
6578
3498
9691
6253
5514
2414
7427
2494
1087
7620
900
4583
9661
7606
3612
2940
53
7611
7630
4
4038
1854
3105
3409
180
9082
8362
8551
6439
8734
2311
4538
3867
5471
753
2304
1854
3185
2856
6742
3851
2337
8120
4693
8357
8461
2600
4354
4636
6747
4419
1898
6692
9855
9684
6647
8048
3605
9436
4590
5059
8240
1778
1746
112
1643
1957
4208
2314
3446
9017
5449
8828
1655
5233
9813
175
869
7558
5665
4623
4894
1611
8318
8644
591
4473
343
7263
3836
2071
7070
5846
8402
2223
2171
2830
7236
7799
4110
3295
4168
6548
515
5770
2733
4055
7780
5436
1488
6696
3650
3051
5296
4730
162
3806
9062
6905
2780
1113
9708
2582
2647
4407
5425
3565
1971
4429
6992
7160
389
5829
3833
6294
3893
8343
924
795
7082
8322
1052
8098
6511
9854
872
7061
9571
1219
2717
2207
6226
6245
6733
4668
9872
8185
8967
641
7089
9278
2233
5982
8127
6828
491
4749
2703
8345
4393
6876
6179
9434
8534
159
9088
4275
8470
5137
4764
8958
6362
6374
9639
5748
1783
6176
1331
7512
9404
2341
3423
3868
5280
7616
9204
5179
2348
2457
8775
9121
4033
7609
9704
5846
1246
6012
9556
8198
3715
6529
4202
4760
3093
7993
4591
3275
5101
9664
4801
5104
9740
8977
1818
7565
2309
4137
4458
1525
223
8747
4392
577
1440
7487
2974
6255
9595
4463
3638
4948
1326
5756
1213
8716
8250
5963
143
1881
4321
2065
7992
175
9936
811
7902
2806
5678
2930
8324
9470
948
3743
5480
6380
5767
1370
6505
8985
3617
239
5024
6014
6938
9848
3980
862
2172
443
7676
9303
5612
2060
5912
1938
1669
4299
4638
3177
9292
1196
1238
5396
1568
5694
9357
1575
25
1929
6481
2625
6031
7035
9942
971
7911
5810
7440
7415
9010
1067
9359
7516
3641
7620
9285
9766
5209
1669
2204
8874
6252
6710
4911
919
1209
3113
9876
3880
5754
6357
3207
776
3138
7754
2285
9660
5322
1733
9282
8921
2749
7682
5068
2092
2843
1726
7488
6051
1958
6679
142
9195
4079
4032
5009
3342
5950
4532
6606
7170
7368
3296
2257
5893
6892
223
8735
5473
7512
5217
1801
8360
331
8118
1921
2396
159
5670
4297
4177
7782
6165
2778
4280
2298
3168
3486
6596
2110
9323
9098
3553
4528
3588
8575
9971
3314
101
3823
8408
2552
5970
7155
5684
5414
5648
9951
9042
5054
8985
8357
3286
6599
6967
8657
2065
9009
1439
4371
6286
3424
4377
8656
8230
6936
1666
3232
4896
7957
8377
9375
9536
4081
9307
7179
2587
3336
1322
1005
7600
1627
101
4521
8574
6287
2863
8315
7978
3663
9292
1332
7308
5917
2665
5910
1445
7435
6171
4217
7485
2242
4894
1627
989
501
8592
596
8877
9057
907
2123
4890
7333
8840
7915
362
5972
8028
1051
7397
7120
1000
2607
1960
5068
5797
184
1832
3955
3944
6475
456
3920
5174
9569
3437
3437
7514
7785
7064
7995
2823
9082
8569
2908
5367
7054
1876
6200
2300
4816
7883
7621
2792
6215
9306
1764
9337
9104
9843
6170
4085
8121
7219
6483
870
6784
1954
5623
9737
8379
599
280
5034
9710
6485
8414
144
6378
8734
3621
1215
911
7813
8555
9484
4382
4787
7221
7894
895
3383
7696
3051
5882
7444
3168
9558
5638
8522
8626
7857
8734
4445
7232
1897
7823
3621
914
4908
2142
3635
1807
4819
6019
8453
6019
8540
8577
5767
7996
1746
8049
2272
7239
1073
1797
5429
466
325
3623
3597
7633
4456
1290
612
800
676
2668
8190
8509
3715
8771
7422
874
7380
7961
5307
2941
1554
6204
2038
8856
8840
6673
6180
4784
2855
9309
3732
5996
5042
1187
1075
771
3105
7725
3283
1885
28
480
7315
3271
2364
6426
4344
8201
2199
7059
3179
6000
4962
9191
7566
1853
8510
7847
5026
2586
1811
2140
1937
5285
4466
2180
7978
3222
8302
3968
4751
3197
473
8123
5005
68
2498
7062
7060
8827
6892
2373
8742
9120
9608
7791
6601
5125
685
5844
8407
7294
5655
6109
3731
5902
5141
2495
749
9272
1835
8648
9835
2769
2093
2458
2416
3578
7804
7582
2856
1558
2898
6152
4372
2644
9773
8738
6521
2550
8290
9311
7877
6378
2936
5231
4557
7727
2561
3357
407
8335
4535
7157
4513
117
7582
8947
5413
9274
6065
1698
4018
6291
4675
2300
3858
7556
472
5975
8368
2686
5951
7632
9594
37
2268
4181
9295
3636
4209
9260
8919
2493
2484
8478
4749
2029
8999
8613
8023
9441
2897
6401
4139
1118
8369
718
6181
845
1730
6055
3808
1044
276
3416
78
230
5370
3056
1506
5017
9981
3637
7791
5738
5342
2527
5978
6746
3071
6944
6912
1739
3383
2908
330
9526
2627
6652
586
5695
2111
1941
2959
6563
7224
8617
5284
763
4140
5515
6303
3661
5385
6869
8863
2004
7671
7913
8726
9342
7938
3810
3716
7923
3957
4636
1318
7828
6921
7056
2564
2359
6644
7236
2179
1838
5607
1812
572
7588
4774
4445
8065
2291
6148
319
9689
454
6099
5215
3711
8857
5563
8353
8426
5036
3885
4468
5233
8501
5532
922
8982
3584
462
1980
1535
4631
2108
8624
8037
9975
128
497
3638
8484
1415
6884
3520
314
4407
464
7982
6616
4362
297
5645
1682
4716
2149
386
3570
68
9025
4407
260
7162
9198
4461
2788
1796
76
9529
1054
3830
1852
2238
9684
383
9888
5726
8535
5501
7276
8477
247
4585
1747
1736
6885
450
9658
8379
7888
5522
8396
4924
1251
2880
1438
5560
6113
5888
4582
2889
7412
6737
2456
7391
5640
4224
324
9505
3078
1085
7917
6805
90
457
3916
6014
170
2864
5371
9976
7673
3945
2287
880
2168
1892
7386
8342
6903
8724
4961
8161
8971
196
3037
9802
7792
7292
933
9151
3117
8600
7931
4638
1735
5084
666
2791
5202
4030
3274
3959
7810
6215
9761
5496
9396
6481
6901
4283
4163
9468
6572
278
7865
7479
8996
5616
7579
6150
3429
5207
4702
2064
7054
2282
4159
9894
6727
7385
8511
6656
2962
408
7949
5228
9082
5656
4934
4082
2790
8768
4849
7534
2904
9805
8022
9622
2602
3711
5342
6228
5772
9130
8885
5587
7330
5815
6781
3248
2719
9206
1666
7653
6645
7188
3450
5712
2598
5109
2268
9591
9102
4517
4614
1053
7107
8041
5247
8141
175
7704
6180
6409
6018
9994
6503
9384
858
3099
5986
288
7909
3443
9846
5518
8175
3293
1026
9373
6569
4066
7652
9934
6196
4899
1283
9373
6208
9194
7067
6931
5139
6175
7077
9978
4367
563
8625
8135
8959
2001
8655
2815
8574
1426
5096
1461
473
4154
4592
1731
3435
7395
1505
7525
7377
3063
919
7889
6154
6761
4351
6744
213
5132
3175
3419
8731
8114
8946
8773
1655
9838
3950
1182
6644
1041
8445
3798
6420
3109
9209
7411
8141
6964
3438
1819
816
834
2535
1813
3376
603
4794
8002
381
9021
9072
5340
4397
8338
6206
7318
9707
1865
7795
5051
6380
8111
61
1860
9812
2453
401
8337
3351
8283
5854
4398
8291
5798
4232
1322
3943
4367
4906
7544
7263
4766
9001
1765
2494
8401
655
7434
9226
4219
524
9133
4475
4259
2427
9563
1555
1778
7165
533
877
6291
1632
237
1621
2993
9350
918
9092
4494
561
496
8592
3350
4552
8599
8733
3065
8233
2028
862
7152
8300
4166
4683
6676
4039
520
3806
6077
2519
4304
9645
9429
3140
4765
9694
1825
1253
3399
5469
3164
3776
4433
8073
128
3839
6736
6871
6962
358
7210
9236
9155
3484
1564
1223
6558
7779
853
2464
2772
2613
372
2912
4056
6894
4948
8313
3083
3767
6980
9689
5877
2772
8524
5356
701
5278
4126
1599
8075
8866
3431
942
920
3345
6345
9627
6746
4598
1701
5768
6417
6264
8108
1382
8033
339
8948
9720
9433
24
1644
5895
6426
8887
5323
173
1111
4140
7110
2772
432
5111
1668
5336
5171
799
1148
7062
8661
6174
2475
7470
4293
8811
813
1846
678
5074
8941
2436
9316
9898
6960
6186
1546
6347
4498
6566
4137
2358
7836
7243
7849
4257
5660
7409
4550
9813
6728
5901
6804
3949
5038
9704
2219
3588
7910
3285
9740
8711
1013
6601
9331
8558
5619
8545
306
9596
3828
7331
5456
5653
8618
4344
2855
6553
152
5834
924
9741
1161
4091
1453
1418
8033
5543
1558
6477
4560
3999
8572
9206
1666
4675
3149
2875
4937
2931
9466
1464
2776
4222
1697
8401
2238
1489
878
9494
3745
7375
7022
722
5201
1352
3117
9892
8448
9043
6622
1228
6517
621
1621
5110
6557
1564
112
4478
3980
2533
1317
238
2324
5786
6275
958
1983
7467
4733
4237
1688
3109
4760
4511
9642
5237
3617
3508
9014
845
5422
8978
5337
8670
156
1606
2495
56
3686
2196
675
7848
2991
5215
9142
114
599
9751
2062
1660
3460
5868
9729
3892
1538
514
6052
5643
8168
7225
4699
7658
6916
7103
5463
9162
948
1902
9748
6947
2333
5751
4128
3771
4841
6441
4502
5939
6440
4305
9133
7411
3696
2296
4336
1591
6857
2132
4607
4971
2585
8238
8859
821
7238
4368
8066
5502
3808
2258
5263
60
1063
3042
3538
8896
1327
3562
6649
1065
8049
8970
1603
8623
7833
3468
6421
9559
8568
66
34
6178
2505
4397
2636
8377
8475
7404
3567
7975
8223
4523
7483
249
1179
6532
6382
6113
123
4907
5433
2177
3121
9540
6508
8834
2193
9507
1397
1830
6770
677
3537
5088
6403
5209
4899
927
9763
6212
984
1911
3807
8765
2061
8189
7907
5556
589
8246
8803
5370
5172
2476
4485
7729
1771
1570
3020
5526
8144
8088
1713
367
3610
2155
1426
8078
1401
5204
7744
8886
2753
8805
2861
713
8389
5030
3678
9632
3246
9263
8053
325
1254
5461
4387
7478
1848
917
8362
635
7438
4222
926
1083
4961
6151
6867
5922
3312
6696
4201
2170
2521
141
9316
8377
6072
5182
3484
8854
7225
6045
605
5211
2477
6343
9200
4194
8407
5716
8099
2908
7585
8029
5279
4963
8861
8781
7214
789
4919
6295
9502
1165
7592
954
1855
7455
809
9447
5101
9869
8301
5816
6182
9819
2955
8259
3262
7712
7566
5622
9399
5293
3847
7140
4303
7714
505
2052
2585
1411
7467
7210
1870
2537
1139
7714
740
303
4326
3047
1270
6720
1123
3115
4870
6402
8772
7486
1901
8374
8383
9169
8514
4396
5238
704
9097
9795
7603
2332
1264
9704
3389
5337
1161
8422
6729
4539
8075
8181
2735
5083
7679
2938
6406
1190
7555
5300
7969
567
7741
109
4602
1261
8331
6453
5626
18
3971
1289
4106
5113
4263
272
3359
6437
8822
7240
8418
6336
6367
6743
3229
3921
5872
8234
2096
6804
5588
337
5799
2956
3960
4361
8696
3650
1250
1747
7817
1464
2197
8636
682
7032
3748
3326
3588
7211
3556
6765
4907
3653
9837
3243
1034
8006
8578
4681
7072
1859
1004
7341
2011
1805
8595
6753
1702
2991
9258
2598
672
2706
2314
4412
7085
8837
7814
6083
318
368
5360
2531
421
9246
1376
2632
8945
2901
3270
5027
3229
8046
6652
6424
1841
4643
9279
120
1753
9148
7743
377
2481
1904
5162
6480
6539
1659
5680
1371
9080
6049
6294
3507
754
7586
6626
5440
682
1112
2425
3128
1814
7766
9830
6753
8636
4184
7251
4046
5382
8536
9360
312
273
789
5257
7677
3244
1580
2290
5153
5283
3301
6891
5853
2245
735
1318
6508
372
5232
8440
3985
3273
6329
5622
1145
2986
3169
1244
5441
43
8959
5288
35
6765
5807
5457
560
551
6025
4445
2584
3516
6946
9928
1483
6670
4250
8076
9310
4818
7277
3220
6170
3995
6349
630
8910
9137
657
4576
752
4900
7814
621
3043
7699
8181
260
3546
7991
7290
7409
2597
2943
956
5890
2488
887
3735
2475
4620
2267
1775
6075
9826
98
7213
429
7314
1335
3792
9830
7733
5552
444
9120
1679
4920
3795
4680
9038
9382
659
3868
6953
5114
4682
628
9131
9006
2259
5826
7202
6815
1212
4700
8173
3505
2977
3506
9265
3417
4817
5438
8301
4160
1136
6281
714
2442
9558
9624
2423
5673
5100
4780
2936
3560
3986
6326
9453
7735
2454
9912
4177
5879
3731
4825
5414
8752
4404
5739
3094
3473
401
4407
8914
5383
1801
5521
7635
2117
5587
3966
7007
6193
5879
5315
7100
1068
3910
2132
8766
4338
701
4742
2842
4562
1357
41
4518
7346
1351
7123
9235
8771
2138
1030
1137
1321
2026
9864
7068
9415
2073
2411
7918
6787
1119
7244
5303
1033
5754
6746
7381
1518
5026
2334
4030
3522
3546
7399
9461
4279
732
4982
1617
3845
8862
5129
3924
3522
1369
7021
805
4953
3965
4718
7180
8048
6706
98
6440
4284
2719
396
1045
2459
3860
181
5306
8431
2897
7587
1772
2571
9437
6373
9381
8134
9425
976
103
8190
40
865
5555
1799
9000
781
5877
4724
3131
1919
2600
6332
5684
2776
3700
4715
5781
8135
3932
8984
2572
3221
1451
8779
2423
4039
6910
6726
2157
15
5696
3282
5475
7823
8132
6192
4131
425
4887
406
7688
4056
4631
3860
5
8718
7128
2526
4034
3032
6587
9256
5745
3580
8928
5855
1868
1254
3816
6631
6235
4763
4203
8108
9063
778
3517
6456
1088
7514
3172
9397
4719
8086
7502
5136
7509
1786
6007
9925
4653
1815
720
7015
651
683
3587
9973
6472
1141
2146
723
7042
5379
6749
9282
3270
1210
6228
2738
2880
8618
7980
5206
1600
3322
8624
3893
5534
896
6152
6057
4811
9009
4023
6065
288
5391
8374
1255
7038
3833
1563
6685
7491
4150
2198
5836
8055
9778
4407
855
4339
6775
1684
6127
8012
6435
9547
7953
1349
631
8505
920
5278
8931
1773
6543
3446
5257
6840
7098
6655
7676
7156
9559
1212
564
8522
2330
6044
500
2229
1024
9668
7168
1407
4348
9093
5597
9424
1162
787
2948
1713
950
3718
7196
7458
4151
498
8188
6862
9865
3318
4820
9694
1003
3394
3973
3794
846
420
2570
1521
4581
3555
4551
779
1807
3005
8075
9241
7190
2020
4034
4856
4914
4253
4118
573
8198
9729
2328
3747
2426
8207
9499
6030
995
9940
1513
6605
5138
8543
1267
1051
9902
3775
6838
39
3456
1492
6634
9589
3551
8094
7399
2912
9670
3740
667
3879
1939
1548
2860
8431
7652
9408
545
4243
4079
1843
9816
518
8277
3051
5952
2672
3309
3854
1487
5152
6094
4474
309
2651
37
3980
3931
4349
2792
3538
3164
1208
2991
9987
1237
7267
2190
4349
4886
380
929
9861
6404
3958
9554
5717
6729
5966
3154
7213
367
3454
5019
6487
2674
8818
5947
8645
1051
5843
6680
6344
8232
7600
7099
9702
1325
1200
8294
952
1949
891
9463
3330
4617
348
5686
4151
7469
6039
2149
6964
1379
3898
3357
1484
8991
2705
5563
5835
5351
3373
7591
611
6059
5454
8676
9124
40
3460
3208
7399
2597
3990
175
145
3053
3842
9932
4162
3497
3452
2244
914
6591
9613
1241
2873
5838
8214
2401
6290
1129
2526
9965
9988
7975
2397
5273
3965
3867
3825
1443
3444
449
8356
9182
6881
8668
6385
1915
1972
1977
6714
831
6758
3357
845
303
3739
471
6506
7417
8706
6007
5807
3355
5729
3035
5480
7043
5345
983
3533
631
613
7978
4825
5224
7548
5134
5610
8595
9867
8326
1854
6667
7680
9832
3563
4299
2700
697
7453
2732
8393
8810
7302
8352
5164
3585
8454
928
1048
1864
8024
3372
9981
1204
382
2638
7172
5478
8132
9845
14
6307
3830
3034
2221
5923
6048
1137
9517
198
8615
3446
4347
3477
6133
1263
8350
6079
4153
8173
9651
2900
2660
9301
1745
8896
8115
8481
4634
6835
3282
4870
250
1285
5940
1502
7575
3883
958
2936
1215
927
8779
5904
2807
4283
4983
1221
5083
2578
5991
7231
1702
3046
4914
3972
6562
1962
9325
4037
7080
8125
3022
4812
6925
9366
4757
6603
7805
5151
3821
176
4711
1068
3310
9542
7495
8729
9062
3151
5611
74
4491
8027
567
9594
2530
5768
7148
4900
4744
4248
5212
6967
6749
9181
8809
4651
2651
4649
9745
8949
8734
4003
7384
4806
8046
5710
8090
9977
6357
9893
8857
6806
879
168
4922
7854
5743
1174
394
1505
6662
1163
1712
3543
6794
3987
3853
8623
4182
7324
1662
4927
8753
2532
1601
4652
8375
7030
9204
2971
3298
2470
5105
4971
3911
1921
8650
1975
572
5028
7183
9900
6119
7753
3704
9070
4756
7330
4652
2635
8598
7297
4406
2711
7058
2494
2372
3490
7257
5464
1044
9758
7999
4372
9622
2248
6090
2668
6780
3529
5529
178
1815
360
3707
597
7168
1514
9019
7148
7200
4625
4219
2866
6667
8560
4728
8217
3105
41
1354
8500
7630
7010
6796
3792
7244
738
8292
9496
9767
886
9088
5116
2375
6277
5675
9522
3403
4575
505
3695
6251
6425
7792
2785
9228
8073
8325
4079
531
9932
6528
8559
3299
420
1608
9395
6139
6914
4074
9388
4216
3416
4443
1455
2410
1827
6027
9196
602
8213
5103
8043
9758
2762
561
352
4091
6728
5047
3086
9059
6780
41
2264
802
7487
3169
7816
4472
397
3752
9362
9426
9853
2277
1570
9924
1183
2064
1694
8958
8285
4723
7834
3559
5934
206
663
6465
4736
7252
6637
2188
4915
3184
8667
6486
9913
7626
4335
9033
7840
8765
8903
5149
9315
6769
3382
5369
7980
9954
3057
2008
4794
3449
6703
1568
5642
2783
1123
3126
1263
2518
8464
5392
6187
5754
6780
5408
9647
1411
7612
9418
8488
7384
9428
259
4665
9622
4257
709
1445
5246
6276
4674
3957
3563
7096
1946
7699
4913
8066
3730
3425
8989
224
2369
6041
2817
6486
9437
2817
3909
8209
3262
9700
5362
9368
5971
3768
8897
2587
2204
712
6005
747
2030
8454
4595
2504
224
3098
8858
4574
9052
8741
7785
3722
9588
8916
5717
1963
9561
1829
4309
7665
3645
470
9547
8472
871
6033
5778
9908
6849
4159
2322
1628
9160
8478
2395
4310
7809
2380
1499
9691
7334
7827
3757
763
7096
2900
3307
1669
6229
5926
9153
2498
2656
3298
3871
3786
388
8346
512
484
1174
3621
8477
1590
3806
7107
3061
8897
4657
6503
3500
5220
1149
5410
2827
1082
323
8613
6012
7394
9654
5365
5892
7399
4439
553
41
9187
3149
8907
1458
9725
2207
2123
1955
791
5831
1546
8273
6782
6320
1563
4562
7749
7387
2581
7823
8625
7207
3115
939
5323
7240
1487
5680
427
6660
9433
365
86
1562
6329
6504
8722
9438
338
582
4928
4280
6244
6244
874
6867
339
4325
5215
3795
4810
167
8579
8254
1212
3970
8910
5656
6927
8652
7690
970
5879
3925
2322
9122
5702
5892
2443
8130
7729
6800
713
9369
4260
4425
5492
6295
4902
669
3798
2135
2593
6979
1917
8030
5761
3528
4242
598
5209
694
2678
8051
6338
3950
3681
6046
452
9767
9099
6096
3150
1972
6056
823
5012
5782
732
4910
5273
3074
8688
9032
895
6019
2359
4533
9358
7492
9158
7795
4443
1214
8903
9202
6305
3502
9693
2931
192
6164
4401
7502
6135
1151
9697
9650
1016
203
8199
5190
5057
3981
7676
1388
430
3891
3135
4550
251
9309
2297
3187
6079
5766
6937
8954
1985
4472
8020
4251
4894
8930
5168
947
734
8947
6528
1578
9860
7933
3427
4350
765
1454
927
2817
8131
5541
4746
3764
1627
2161
9352
3385
9956
6607
9529
8523
1896
7630
5691
3850
2913
8738
9328
1462
3056
2608
1236
3559
4541
9731
9347
6595
3029
9959
4238
1179
5315
5414
8040
8371
3676
8758
7612
763
1305
2682
3932
2416
435
7531
9332
9157
5704
8897
5441
2423
1102
6409
5424
246
4519
3267
942
4935
2062
910
943
8092
4804
8407
9164
8335
4973
3475
639
8468
7995
3205
9833
4161
5776
5117
3933
8817
4639
1928
3997
5282
1130
6857
4039
8651
5172
2055
2498
5739
5313
7864
6058
3787
2261
59
6559
1715
2166
7558
1780
1042
5562
3704
5872
2225
8175
8174
1260
7639
410
9737
7144
344
369
6781
6483
2386
3547
7451
4131
2903
6125
6572
5994
9102
8992
1414
7207
8590
7881
5917
3771
6837
5646
8434
5729
538
1282
7043
9202
5024
8216
7343
9399
7666
9876
2644
7832
81
9021
4745
6149
16
2823
6830
6191
1669
6377
1567
7475
9423
780
7332
4179
4370
4451
7147
6284
9167
7556
7874
9760
9290
2074
7143
9788
6848
6499
6976
2273
3179
5919
9442
4561
6799
7901
1558
7621
1422
6245
2568
7545
4457
2039
1938
410
9242
5388
4917
2678
2763
1653
6181
2413
7528
1912
8336
9232
4081
5755
9378
916
6040
86
4060
1092
2738
4470
81
3536
6558
9116
9636
162
7664
1598
3458
8400
8247
1070
4444
5663
1677
8186
681
9152
904
8603
9895
2071
4903
6197
9079
2580
3310
9157
5699
1486
1415
6813
4022
8421
2265
3222
3846
6943
9194
4984
2386
9753
6907
2345
2003
7421
5741
9385
3757
8658
9730
9082
489
9628
6848
9856
4722
3389
6720
1845
2498
6606
5320
4903
4004
1676
8512
9885
8185
1267
1840
9898
4151
7161
7873
4945
3531
5771
2057
9009
2740
2285
1670
250
4338
8866
3120
7469
7408
2543
1921
4777
6049
4179
81
4773
5029
5834
5455
3517
4780
6299
4220
1443
9464
5551
7087
1103
4201
4673
4563
1209
5355
2868
1967
6482
4868
2937
1598
2682
2408
5500
5127
5433
6934
9771
261
6466
1582
9870
3442
9842
2481
8734
8674
4433
8368
9580
5819
867
6897
2605
1290
7000
6967
5324
6762
4629
4925
1223
3329
7488
8967
6267
6322
7405
1244
4319
2041
5110
4022
1229
2958
3999
1104
9292
2118
8057
8541
9197
2384
9398
976
1534
5297
4800
9403
3218
3268
7509
4714
7969
7446
1535
341
689
8301
4121
5784
8773
1127
5007
8582
1668
6050
6315
7436
2553
3594
9121
8837
869
7950
3851
4327
1609
8071
9010
3556
3447
2874
265
2317
1005
1789
7136
7316
7246
5610
5787
6323
9742
3767
4238
2625
7233
4599
7617
4701
4926
5190
8817
7575
8401
4751
9461
16
2117
4718
1435
5646
9176
2223
2969
8962
2109
546
4775
4124
6578
6746
972
8857
7450
5339
7703
3802
6646
5936
8546
1441
4521
3425
5973
995
9158
9747
9858
8201
7690
3396
8089
769
4285
4066
1283
8096
2948
334
3674
3376
2606
8617
8202
5024
580
8203
9326
1688
1370
3045
1829
5459
7393
2809
874
4637
8983
9353
6049
5926
1617
4197
757
2529
2730
4067
5857
1225
6300
7211
6136
6011
7208
5405
5241
9469
571
2762
1261
2883
2784
9985
8925
4297
1786
4949
5642
7054
2424
1801
2476
2908
9962
4354
4998
2679
8323
7808
8689
2026
6595
9600
5689
9679
1245
3561
4808
2636
4267
9358
718
2807
8732
2736
9465
6817
5323
8113
9889
4871
1228
2673
3124
9916
9695
9567
5028
2887
2066
3032
629
1164
2137
3040
5876
5296
717
961
5025
1359
2261
9352
1752
681
98
2469
2004
4882
7950
360
2691
3526
291
1722
2690
5322
6801
1281
4433
6511
2922
5433
1021
6648
6062
4318
5164
3375
9494
7717
9496
3166
9174
810
6017
2929
2285
927
9450
1774
2091
4450
7843
2605
1573
3111
3778
6839
5017
2542
7795
9508
1373
38
9232
9452
1035
4678
9770
2917
9498
958
8297
8030
3493
2753
7816
2762
77
6687
8594
2222
3847
7610
6876
5998
2430
1867
42
4355
3141
9722
3737
9167
6864
9763
9835
8478
6920
3408
9119
1672
8326
7642
7337
6054
5975
9588
2274
6363
3587
6698
1119
5170
983
9456
3804
5643
6623
5331
3069
4470
6122
5798
3925
6317
5258
1038
8170
6377
2982
9516
4185
5161
91
9095
4696
8289
9097
8239
7771
9176
1574
7097
9703
9533
5017
186
5397
4316
714
9473
9364
5674
8392
1508
938
3388
3293
9466
8352
2608
523
6586
7735
3270
6931
2823
6980
459
6215
3670
4006
188
1644
8140
9799
8242
9409
9737
2972
1480
9103
2841
6169
4694
1481
8204
5788
2435
8981
5240
4089
5528
9989
2913
4595
3630
2504
1330
6700
3650
2904
5698
3932
9084
3770
1139
8079
714
6887
9053
6301
571
1410
4100
1660
4597
3752
5873
4512
6723
2308
9786
5471
4207
2713
6510
5774
5166
9485
1699
7670
888
422
945
8381
2835
2850
5187
9730
1278
4582
5529
182
9499
6709
9285
1323
5970
3011
6478
8676
4851
7431
5664
2148
3436
8601
1367
2279
9255
9297
3087
9160
9693
8183
8704
6428
6053
7897
1575
283
6390
9436
6709
4191
1805
1813
4703
386
3275
7636
8337
6687
9697
7336
2238
7715
2264
594
4339
8585
9311
2950
8036
5896
9767
6312
2524
1927
1065
6252
4407
5717
7398
8840
7806
8809
1442
1954
38
9425
4569
6469
8946
6190
5676
1108
7297
8858
2312
9760
7015
1618
9552
2099
9786
6536
6456
9947
7762
5362
4056
3126
1054
5069
9050
823
9069
1607
5014
3767
2244
6221
9463
7533
7657
6472
9606
1105
4965
7264
3239
7238
4560
4833
2324
3140
2227
48
302
1286
6372
1966
2173
5824
9447
7303
2780
2658
8171
5808
5712
4959
6809
319
5560
9599
9481
1535
9253
6375
6524
1275
4600
1799
6534
2971
736
1697
5373
5622
3851
3437
1023
5011
5636
667
2992
7174
7908
4359
468
549
2437
1858
0
9438
2921
4634
8694
1817
2450
6326
1324
6481
6170
196
7361
3224
2520
8120
9597
6383
2270
4604
9336
5737
323
198
5186
9388
2689
1345
6960
9138
7314
6735
4360
6307
2455
9047
3375
9104
3175
9176
9413
663
9562
8829
8107
7668
4985
9595
4638
8751
3296
5725
8624
9590
3794
9695
1836
2070
3607
5631
4781
4402
57
34
5969
5571
7785
3798
7697
5681
7538
8319
390
2802
5628
3283
4841
52
797
6549
2625
7887
205
88
8756
150
1169
2981
6513
254
4241
1494
2843
6013
9957
2839
1862
8526
4446
1536
7354
4270
8045
6801
7742
1080
8483
5723
7442
7502
5574
6294
6981
9172
477
9379
4945
4500
7463
1242
5986
4457
8984
8903
3600
1942
2438
4337
7012
9846
4781
9603
2380
5175
8172
3176
5983
346
7723
1174
470
3302
5575
9427
9723
1803
6831
4769
1164
3536
3889
4808
9472
174
4875
4951
4242
512
6945
4619
8155
4298
314
6877
1032
7862
2170
4755
5306
9247
8834
2446
4923
3896
2494
7558
9959
9667
482
2240
6002
3825
5774
165
9812
3979
2125
4831
1130
5912
7508
8330
5173
831
3187
5718
4985
1557
9563
854
1499
6830
7999
7877
7830
8247
4888
7782
6033
3551
9851
3623
541
3644
7315
9862
1819
7136
6454
6035
7668
4687
6217
9302
4405
6175
6779
5661
6400
5331
3493
8483
195
3802
7256
4545
5970
1803
5498
5965
5023
5276
7561
8183
7916
4054
7633
8216
5379
5162
2485
4128
5393
1387
2887
2918
6395
8070
9135
3417
2788
571
1736
1660
1085
6153
7922
1238
7604
6164
6508
2303
3617
4674
8122
6419
6851
2311
6263
4780
6607
9548
1538
4478
448
7527
3436
2457
365
7233
862
5449
924
154
5394
5886
1482
6035
5722
9880
2400
8975
1466
5941
1604
386
6418
6297
34
1424
7394
4336
6816
6700
7847
6126
4996
8085
6173
4050
5103
2871
2241
9653
807
5069
4876
4909
3996
9142
3202
458
6232
284
437
1223
915
6127
2552
8560
3806
2796
9031
1482
2611
1824
5567
443
9012
3111
4642
1681
1804
4939
2654
8879
1195
156
4415
1994
1822
8546
8753
3430
2093
7013
4589
3567
2250
5322
9334
196
2217
9119
6631
6812
7555
820
9358
9446
690
1118
2068
3396
4958
8559
599
7997
8991
7740
5622
8298
6444
6470
677
5058
7811
3228
3119
6532
3071
2
4300
3286
8575
213
1207
9440
9399
451
6655
4290
9457
7580
2214
7720
2253
4662
6326
7691
8369
213
7753
1958
32
1482
9573
348
9537
8894
860
9106
4854
5409
3000
4102
8513
7486
4138
8246
3224
3225
1378
6981
9716
2980
3383
8989
6292
7875
9849
7320
3422
6467
5122
5260
7089
8522
3740
1339
6463
2865
8963
8062
5956
2524
3377
6754
4226
7127
4524
9938
7039
4607
2824
7696
894
2215
4875
5071
5883
3748
7221
1355
9337
81
4354
5766
2148
4714
5731
7467
1843
3281
2658
3799
1437
1847
3562
5590
6083
7386
7224
2527
8081
431
4510
3838
802
4893
5347
286
5929
6232
5610
1018
8207
642
5720
9425
8827
1447
1597
1616
8822
5042
4173
6983
5129
7450
8142
4343
6310
6251
8808
7931
6404
2729
5914
3271
4484
6207
8065
907
1830
7275
6810
3774
2362
4957
3565
7519
9857
8884
9172
9206
1249
9820
1319
1455
2306
5912
2889
488
9567
4454
4669
777
7966
1660
8894
4856
7114
8582
7623
1269
2971
766
9853
8150
9054
9010
3336
7309
1720
8357
4520
9099
2973
8654
9792
8021
5582
3402
1460
8363
5860
1254
3686
4335
4977
8173
3949
8854
2673
3959
5094
4441
8415
785
3791
521
5517
5206
9099
465
5148
773
916
1033
1700
5424
4095
1009
9858
9206
3091
1570
2840
4451
1770
6251
9146
1829
1944
1792
1053
7544
9882
1989
392
195
8024
7287
4798
197
4501
8904
3512
8624
7241
8831
1775
2265
6694
2432
505
5364
9959
5691
2460
1698
7903
2815
6888
9507
2938
2131
793
7588
6016
1216
1134
3129
3437
785
5290
3129
7903
6284
3014
860
3105
1045
6203
9025
290
847
8759
8591
9975
659
8042
1285
2152
2074
7379
6559
3246
3137
2235
1440
8106
6894
4859
2924
804
931
7280
5100
2944
5586
4206
6031
3802
6556
2128
2469
1697
1516
1559
2301
7042
468
6576
9693
4726
9026
2217
5181
4050
9530
5840
2349
1890
7186
1281
4357
1367
3933
5994
2772
547
4765
3362
470
6758
9397
451
6826
8030
2429
1612
7681
5002
9531
2709
8288
5979
3168
6213
9784
7012
780
4315
5085
1712
7870
2470
6983
6980
4308
221
4978
1706
8435
8357
4478
2705
2385
9813
9762
4521
4023
5596
5480
6708
1459
8077
2232
7996
9836
2860
7280
8698
9106
6794
6640
6458
6426
107
170
2469
756
4401
9760
5273
92
137
6287
2610
500
5926
1370
6543
3628
4503
8026
533
4237
788
4297
5481
3022
3742
8573
2734
517
378
5303
6173
9011
9383
1179
8576
770
4260
2753
8385
2974
1722
6251
2172
4314
1092
4363
782
3100
948
2167
5883
8896
8080
8707
9423
8875
8497
1435
6254
3238
2852
7998
7409
8753
6555
3281
3267
4503
831
91
7741
738
3207
5177
6778
6790
3534
5628
7606
719
140
5060
455
766
9444
565
3965
4700
8685
7142
8572
5693
4285
7597
7588
1217
9987
6585
8997
2054
4304
8959
8122
6084
9886
2813
5150
8175
4854
5124
2743
5664
6930
5722
3281
4636
1187
4043
7145
4604
7335
1477
1208
8838
7580
7147
2497
7892
4104
3103
1276
9542
9097
8143
2335
7921
9927
595
1360
6464
4855
4472
4360
8508
9998
2220
4561
995
828
6277
1791
7666
6251
6024
8084
5853
8976
2656
4066
1053
7997
6336
5103
4856
2633
2065
1484
415
5399
8924
8392
8401
2310
290
6006
8570
7523
4484
228
2072
5236
5540
5959
3755
2301
3675
1416
3508
9826
1064
8034
5978
2057
7352
8287
9411
9339
888
6780
3358
3820
8712
7303
6151
7903
8253
7615
8037
6280
4873
8603
586
8722
8349
993
9969
1469
321
170
6609
8198
7921
2327
7404
7774
3253
1181
6152
6844
9677
757
5131
1852
9455
2342
9641
3074
3432
6303
9169
51
1859
3839
2582
2779
1666
9749
2767
488
4636
2210
6151
3034
8973
9611
6269
3958
9918
3482
8375
6960
2154
2530
8399
9964
3295
7969
3858
8256
7732
4929
6151
1870
3534
676
5670
3239
2518
9986
7269
3919
1635
434
2772
2
1991
6941
7681
9447
9603
5819
1952
5600
3483
7267
3060
3620
7017
4655
1986
632
1346
5768
4248
8574
621
7874
9707
7100
7519
1523
1734
4770
876
9651
7078
9422
260
8988
8948
3001
3539
9744
3906
658
9829
9060
1619
2673
205
9385
4380
4649
9078
1576
8607
4044
5961
6846
7871
8808
3488
9714
1810
3893
9211
3783
542
1072
9073
9568
9331
3117
4616
7233
530
4854
7077
3280
1184
7942
5600
8727
6586
8625
4914
6171
511
2992
4268
5815
3586
2738
1553
986
4229
317
7416
6306
9515
5489
5902
9382
2484
2896
8522
1761
561
9819
2179
8663
8294
1854
6886
6852
9793
6492
1921
9955
8935
5319
1077
1095
6231
7428
4607
3175
5631
2244
5812
8797
1197
1476
3732
7126
138
9947
4204
8933
2440
4137
6109
7709
5994
8276
8904
7455
2916
7272
3652
9591
2430
8257
5799
4948
5888
274
4123
9775
3800
552
892
251
585
5491
5092
1506
7146
2120
6013
4379
6582
7804
6536
3198
826
4332
4324
3855
9458
3951
7138
9251
4407
8948
9306
8470
751
1857
8476
1902
3784
3352
5273
1067
8459
630
2560
2193
5043
1078
3560
8875
3173
5783
8259
5858
2453
2260
3455
2888
2026
4538
7196
9706
2281
3823
3089
7848
6726
8631
6422
8557
5578
7575
5074
8382
6473
8284
837
1314
4861
6476
595
6692
3259
7571
6329
5009
952
2455
5919
6719
8520
4794
8977
1032
3114
3909
4356
8569
9235
256
722
4313
2230
9899
5093
3214
9629
5840
5756
8678
4576
5139
2647
7237
2335
7627
8630
215
5519
1808
5715
5999
8625
8876
2013
3997
109
3795
7594
6413
4493
2114
9905
4620
4537
7886
9706
5347
9356
5282
9428
6933
3453
2028
9394
534
9724
2009
6335
3452
800
7472
9194
9123
8405
3494
6966
3576
6964
2125
495
7135
6717
8392
1996
423
4
5135
1620
4956
9168
9333
99
706
1301
1488
3364
147
7889
4050
3829
1076
770
5598
2837
6311
374
7612
2626
250
3842
9876
7221
3804
5519
8741
6795
5064
3411
1569
6735
1877
