5548
1
-6253
1953
-7948
-4712
6119
5898
-958
3163
-2060
197
2534
-9
4919
-7127
2609
-3359
5166
8626
-7167
-3310
5519
-815
-3968
-9025
4914
-407
1056
9565
9315
8709
-3583
3398
-61
5950
-9514
-5330
-8414
-4030
-2569
7143
-8930
7700
8323
-7323
6536
1756
-6783
-9861
-3064
2427
-8159
1237
-5746
6949
-2146
5689
8503
-5367
4863
7532
-4003
-8847
-4245
-907
7346
-5478
-4368
1122
5454
-6226
-2116
-5181
4288
3268
-5079
-5345
-2344
-7831
1179
5400
-1567
5468
-5647
4710
-8207
8368
2493
1832
8152
5522
3332
2165
-4285
5368
5056
-7470
-1962
-6682
7604
2271
7706
3737
-9491
-6467
-8920
-3514
-9681
-6195
-5320
-2834
3535
-1375
-917
-5038
-1284
8200
9880
-4267
1592
1212
211
5341
6714
-3292
-6185
-4445
-8220
-4865
-4618
-5840
7052
-3645
300
8528
1318
-2206
-2413
7068
2988
3445
-7724
-1471
1906
-5572
-574
3430
-2029
-3662
7716
-6773
-2614
-3468
5468
6911
-2667
-758
9293
3179
-6267
9715
-6891
-2353
-5207
-1818
5023
-3057
-6803
-2046
-1703
9605
8874
2316
-6497
-2898
1740
4842
5679
5534
4859
3956
-9009
-8604
4643
2128
-994
-5238
1286
2103
-9525
-9165
4170
7781
-1016
-251
-5437
-4690
-8920
7143
-8654
3287
-7157
-2614
-6667
-3828
282
9184
6111
1260
-7013
-8560
9246
4393
-7296
-9642
-6596
2379
4870
-8587
-3176
-1215
6299
-9957
1230
4497
5131
-2622
9067
2741
-8611
8786
-7247
-5664
357
9164
8632
-2653
7822
6027
-5584
-4962
3568
-2364
3459
4909
662
3717
1946
834
7159
4885
-6678
-5504
9825
-8606
-2027
-5059
4118
-1949
9753
4027
5596
-7759
3056
4510
-7004
-7782
5378
6724
-5429
-9979
-2554
5799
-2554
-4112
5760
4969
-1902
7261
2423
3150
7224
-8916
9106
-2201
-2356
6388
-3736
-8343
204
-5228
-4942
6555
349
-3534
-2236
-6340
861
4227
-8886
-3717
6795
-6748
-4827
8451
4501
-4795
6227
7274
5539
7589
2470
3470
6638
5064
-9459
-3711
-8702
-4
6405
-1959
-4684
1937
-8827
9859
-3443
6039
3509
9265
6524
-2170
1843
8924
9604
1458
-879
-3619
8067
2353
3514
3325
1390
-7238
9227
-8415
-6115
2264
-4946
4367
-4778
-7246
-6467
8328
8752
-5802
-9473
8447
8649
9788
428
3412
2611
-7863
1479
3920
-7832
-5417
7591
2166
-6786
-3828
-2834
-4835
8392
-3284
-5234
7546
-1281
2927
2771
-4289
7395
-5350
-4522
-7073
7220
-7448
-3260
3290
8110
-5210
4187
6194
-3296
-7179
-9112
257
-8360
-3666
324
7501
-5172
9684
-5710
-1660
-9381
3390
-6959
-8328
2251
9938
-9290
1598
5787
-107
-972
4163
8208
-6038
-7689
-7745
-3964
9828
7439
720
-4982
-927
6274
-373
-4374
-8394
-5407
-959
-5159
-2581
3610
-2515
4337
2860
1115
-8719
-8859
-7262
5559
631
-387
-4974
-3830
3406
-3163
6191
-356
7096
-327
-9622
-7893
6122
7551
8868
5877
3404
2355
-9787
5074
4044
-6173
1493
6401
7631
6713
-5786
6520
7971
-4265
-949
-277
-5497
-214
-488
-5790
4595
-7504
-5621
1090
3329
-2733
-7029
243
-6667
1199
9933
-6831
7749
2109
-3946
5006
9608
-8586
8399
3797
-9324
-7956
-6769
8082
3270
4305
-8391
-1309
2002
5001
-4721
5123
1128
-5607
6732
-3020
-5494
-4507
-3094
-2117
6547
6826
-6024
3998
2944
3596
-443
9823
4469
1307
6024
9573
1697
-2811
-1145
5457
-8556
-8695
-3224
3148
-35
195
-5137
-5202
-9136
-2916
-4858
-7341
9553
-4631
9587
1651
-4926
3658
-6688
-4856
-388
4202
-2134
3673
6015
9374
-9797
8553
-6311
3121
-6443
2418
-1370
3437
-2204
9554
5307
-8869
-5788
-3258
-8701
-3478
-736
-8209
4667
5191
-6187
-3702
3921
-3082
-543
-5801
2895
-2132
-4933
1302
-211
-5941
4206
3822
9741
-1370
5453
2761
-9343
-4277
-5590
4513
1787
-9870
6147
3328
-720
7658
-1319
-2376
9539
-4116
5601
2378
-8499
-9668
-923
5373
-4915
1837
-5504
445
-8375
-5131
682
8608
1455
-7707
8320
-3750
6158
2587
6136
-3214
3986
7353
7610
-1317
9066
6630
-4717
-9289
-9750
-416
9658
-2270
2677
-6646
-3058
2782
8557
-6986
-1302
-5780
-9188
-1665
-5438
-9285
-1629
2746
-2258
-6035
-4173
7159
-5592
5384
-8403
-1037
-3680
3828
5930
-5760
-9124
8308
5802
9963
-3299
-6794
2614
-7994
757
8647
-7029
-1341
-1174
-6428
-5967
7134
-2736
9473
3649
8751
-669
-3112
3117
6773
1130
1195
-6128
-3352
-1039
-6941
8859
1035
8142
8726
-6224
-6654
1141
5624
3157
3315
-8599
6428
3289
2538
5402
-3944
-4579
7259
9586
-5050
8333
5746
-577
2497
1176
-449
-6165
2231
-8504
-2083
-8135
1151
-3507
-8151
-4915
3100
-6264
-3069
4333
-4715
9340
9453
2316
-3868
6907
8661
7569
2314
-7713
4037
5546
-2499
3515
5153
-5585
1080
-9666
6475
4317
-3255
-5982
1994
-850
2057
72
-9430
8977
9707
-5526
-494
-8788
8755
8
9856
-1967
-1364
7430
-3068
-6679
-5744
-4622
7115
4616
-2414
-4665
-9568
-2328
6338
760
9778
-9065
580
-4247
4083
-9708
-9609
3679
-7404
5939
-3941
-7777
-502
-2318
8413
5028
4429
-9445
6914
6364
-471
-394
1336
-5038
4784
-3163
-8044
-6721
-8350
-640
-9716
5161
6088
-8356
-9334
6791
3038
-9560
5958
9976
730
7693
5505
-2940
-4233
-436
-3617
6786
4006
-5417
9903
7729
6928
4092
1491
2295
-6827
6605
9918
8520
-2932
457
-2565
-9238
-211
-870
4431
5167
4688
5439
6652
3131
9422
9570
7225
-5540
2067
7741
-5826
9651
2648
8012
6516
5266
1579
1044
-5470
-9851
9574
3201
-3682
-932
9306
2587
-668
7101
-5557
-6828
5017
3784
7144
-112
164
9559
-1185
9199
8077
1547
-5696
-3204
6275
-8953
4784
-6488
6914
-5773
-6432
-5692
1246
-707
8324
-6622
9144
-1828
7304
-8467
3141
7201
-4763
1898
664
9204
-9863
449
-6669
-5681
-4709
-2057
9939
5595
2337
-4066
-3929
4080
6452
8781
8009
2765
3998
-1048
7330
3094
4737
-6277
1659
1800
-80
-5882
-2410
776
-1372
-503
-1384
641
-629
-4560
7227
4232
-4610
-4535
-3252
2331
-7647
4618
-8367
9566
9881
-2521
-2174
5213
-4179
-9134
-1744
-7176
-7157
1947
-7612
9393
7992
9223
5273
1619
-359
7204
2832
-2451
9908
8264
-7914
-826
-7817
-3785
4775
2188
8875
-4787
6260
-2067
2088
-7678
202
-5117
8706
-7567
-3859
-1033
4113
2846
-2884
-1449
-1253
-1552
-528
6662
7165
4250
-2199
5016
-5025
2440
-4517
5923
-5437
-935
78
3954
-6417
9672
-479
-7835
8712
-255
9060
-8259
-7661
-532
560
2563
-2308
-242
6778
4161
6957
-1692
-5548
1679
4964
125
-1939
-4688
4375
-5388
4850
1363
8989
2012
6370
1724
-7649
7113
-6329
5795
799
-1730
-7577
-2358
9462
6374
-7178
6481
-1724
-5901
5117
7816
4237
1225
-9602
-6463
2143
-1890
9344
2156
1099
-5438
-4362
-5741
-5174
1625
9586
-7759
9354
9939
-3286
2591
4625
-1912
-1889
1569
-2656
1840
-264
-107
432
-8801
1098
793
-235
2820
218
-75
8334
-3538
9851
2052
1526
3600
-1579
-1151
7952
3474
-9813
5552
5211
-2209
-5842
-5956
-6010
-7949
2278
8229
-4792
6585
9112
3384
-7970
-4350
-6663
-8890
-8596
-3165
5535
4241
8239
7557
6573
8501
4580
2849
-421
-784
-438
500
-5446
-5447
-64
7677
9139
-1424
-2122
8759
-1919
-7382
-3008
8123
4618
2026
-1784
8730
4847
-7782
-8315
1435
-9842
21
-9067
5834
-5956
-97
7582
-8522
-3615
1759
-5213
9295
4086
-6025
-2801
4788
-6597
3433
8418
272
904
-6117
9500
9927
9377
-8925
-4948
1521
-2667
-729
-3380
5490
-9227
8677
-6703
-9939
-3969
4651
648
-3138
7711
1306
3231
9236
-3537
-5330
602
-5187
-7712
98
-9761
3239
-2909
1965
3294
368
-9818
3000
2271
-558
2697
9411
6002
-5467
5271
-5635
-6165
5481
-4612
-3660
-2650
2560
8713
5132
6788
-9992
-182
-8723
-2509
-6980
-6662
-9982
4113
1712
-9276
-4656
7232
-8189
1261
-9230
6308
615
9338
8408
8537
-6946
4248
-881
-7338
-416
-8396
4684
-6087
7847
-9273
3555
-6892
8334
-1482
9408
-132
2861
2986
-3239
-2476
2248
-6753
-5481
3065
1809
1682
-5585
2043
8629
-4616
1358
3612
2700
5870
-2910
6971
6687
-6985
-4667
6017
-3159
8740
-5558
-6798
3004
-3636
-57
-5954
9394
4073
-3740
9288
8586
8701
5297
6835
7573
-2634
-1519
2856
6266
-1398
8106
-7265
4871
7047
-758
9223
-6588
-4843
254
2276
-2526
-3105
3829
1771
3536
9332
-2811
132
5211
-5413
-8205
-7894
-4368
-9521
-4932
-381
-605
-9313
4664
9216
-9374
-7631
-7269
-4999
6414
-9378
-7670
-7827
-7322
-9252
8336
714
-9651
-3214
4973
-9129
8220
-7644
400
9944
-2470
-7204
-4065
-7351
4806
3747
-4090
3125
5690
-6789
6936
-5835
-3452
4394
-4124
-8434
5839
9294
-3955
-6193
-2737
7884
9781
4462
-4495
-668
4428
-5236
1585
8940
4246
7299
-2565
-1552
8233
2638
-738
-4256
5611
-7542
-7818
7560
-7125
-5840
-2903
215
-4858
-5397
8867
3474
3756
-5536
619
-9282
1112
-7154
2468
-9244
1039
9053
8268
8929
566
-8112
4992
-5612
684
-4441
7033
-7173
-8882
-333
-7940
1969
4033
3441
5834
5884
-2930
2024
-8127
-9199
2704
-8720
7768
8303
-6592
8715
1983
9368
2026
-3940
1882
-3026
-5565
-44
-4728
3128
2226
-7720
-9910
-4553
-6809
3592
9200
-9818
4957
4161
6472
-1061
5880
1560
-9470
5260
279
-218
5168
454
7260
-8214
-3650
7068
894
6722
3606
8921
6044
-5171
8439
5308
-2560
-3027
9753
4552
2363
-9737
-2018
2632
-3896
-5286
-9972
-9834
-4701
35
-6440
-3635
9699
5770
9155
-2824
-1478
5122
-5078
5859
-7006
3913
8586
-1351
-540
9051
-3245
-397
-6062
5491
-7506
2269
-1684
-5089
2376
-4280
5304
6582
2919
-1185
-8340
-1532
2029
-5682
-6299
3000
-257
-832
-5593
-2637
8233
5494
1821
-1793
-7049
1760
-4974
1578
7829
-7868
-958
5975
-7073
-4981
3108
8816
8288
5152
-9636
-4211
-9241
-6144
4387
9738
-9722
-6431
670
-9376
-1601
2423
9450
-1414
-5296
-4439
-1422
-6827
-1951
-4645
4611
8636
1731
1128
-325
-1071
938
-6643
9419
999
1915
442
-5423
-2064
8731
-712
6349
5179
-8103
-962
6888
2435
4087
-549
-9157
49
4247
-3712
-2328
-3813
-8263
-5768
-9513
-2047
6325
8723
-6695
9521
4483
9509
428
-8861
6705
2085
4101
9136
-6061
-4888
8491
-2926
-8160
6136
-6782
-8149
3682
-3681
1320
-1175
1759
-2748
-4315
-435
-8923
-3205
-2475
6096
7486
-2556
-9339
-5073
-637
-643
-7327
-6462
4379
-6721
-7067
6950
7551
-8325
6118
7554
-4607
9493
901
-4418
-1397
-4565
-8483
-9781
5424
-4299
6486
-3797
3109
-7054
7621
5539
-166
-3684
-9078
-7314
8920
8210
-2644
-9928
4562
464
-4803
-2918
9611
-8345
7615
1196
-6515
-5087
8565
8774
8580
8547
-5803
9803
-948
-1564
4035
3831
-5468
4989
-5937
6524
3708
4444
4696
-489
-7231
8025
-868
7100
3723
9540
9348
-6353
-7386
3605
641
-9414
-7345
-4674
-1306
2277
-8467
2552
-9488
-8135
8329
3931
-7046
3403
425
-7151
-1096
5654
-7270
-6863
3269
-7534
-4847
-2314
8581
-7938
5368
-3255
-768
1192
-2437
-4950
7039
1626
5843
-883
628
7839
-5889
9334
8828
9212
835
9876
1295
-6089
-1864
6630
361
-6529
1215
2827
-9951
3438
-6057
3369
6986
-4736
3302
2816
-1453
7070
-6796
6766
-9401
-8657
5404
3260
735
-4575
9781
-9225
-7791
-6270
7277
5221
2743
3943
-9966
-4710
-9219
4411
8192
-7244
641
7279
9283
-6643
-5767
-4997
-5478
6054
-9862
-6560
-8189
1614
7453
-7355
-8929
5505
-4662
-8797
5079
-9896
-9399
-7982
572
-7835
796
-2677
1743
9193
-7974
-5286
4645
-6933
4422
1350
7187
-5037
1004
-6711
-1893
5837
667
-2356
3723
-6276
-175
7337
6349
331
4240
1458
-3755
-952
-6951
8839
-6390
-6319
-8071
9975
-7681
-7720
-7967
1190
-399
8651
-5142
-463
-6490
-3596
5172
-7532
6215
-5100
8445
9539
4864
-1781
5191
548
-2954
5982
-5971
-7821
7716
-6428
-6930
-6340
-2396
-7879
-2045
-1253
3725
4390
-3353
9308
-6074
6737
9898
8337
7488
-8496
9654
-8457
3844
3271
-1469
-713
-548
4939
-4884
-5321
-6895
4785
-454
9663
-4049
-9477
9031
9471
-4882
-1183
8826
5083
-4727
-6181
-7146
-2385
7532
2176
6437
-4102
-2867
-5640
-3620
7257
9162
579
-7088
-3029
6841
-2126
-203
5220
-4971
-5207
-2650
8635
-7592
-5785
-663
-3556
2259
62
9442
1967
8125
7418
5458
-4836
6641
-908
7333
-4315
4037
-8597
-2839
-558
-7781
-2947
-676
6250
8945
-3645
8902
6905
-7194
1331
-677
3823
-6883
7534
-9602
-3844
-1104
7720
-5198
-4924
9487
-591
-6464
5306
5289
-7119
3521
-6479
5518
3512
-5399
703
-6401
-3395
6825
-4165
9473
-3145
2037
-6116
-5922
-294
-9477
6273
-4580
-8747
-8084
-6171
6724
-3560
3082
-2924
1196
1454
7366
3402
-4406
1512
-7662
3018
7380
-1679
6141
9379
-733
8627
-7081
6191
-8745
2564
-9843
5146
6539
4954
-8222
9854
-8944
-238
-5691
7234
-608
-7409
1833
-6768
-2527
-5252
6104
-9366
5341
1576
-8923
7972
-4075
7885
-9207
-2922
-4094
4325
-4801
-1172
-8429
6388
-3420
-639
-9712
-7235
1558
1575
4916
4153
-9086
6531
1956
-3293
-1050
4653
3551
9470
-5713
-5422
-8328
4251
6294
8987
-7120
6714
2777
7640
1564
-3663
-8619
8969
-292
2565
-7548
-9843
-5958
-3668
-2146
-3890
-6669
1233
-8682
-7203
-2447
347
6510
4021
-8862
-3489
1399
9586
-1445
-5381
-5552
8693
-4744
3898
8111
4058
-1927
6670
-3240
4893
1568
-7455
5367
9832
8577
-63
-8492
-1245
6608
-4212
1456
3781
-5108
-4863
6005
3839
9812
-7787
-347
6126
6615
-1616
9613
-3310
4353
5122
-9057
5023
-8717
235
6899
4868
7535
-8549
987
4769
8316
1718
462
1593
-686
-7705
-2558
-7150
7912
-6494
-406
-333
6771
9481
1084
8214
4208
-7389
400
6400
-8923
-560
-9515
2052
3277
-571
3774
-9518
-9802
5488
1544
-9838
-75
-3482
-1439
4838
-3208
8621
-6049
3935
-2113
-5280
7232
-1444
4103
-2228
4449
-9992
3357
-6476
-8739
8102
7021
-3857
-2225
-481
-312
528
-1024
4444
3797
4950
-1273
4866
-9802
-836
6728
3466
7593
7390
9917
-7119
-3648
-4826
-9730
-8144
-972
2603
-5561
-1214
-8210
-1611
850
-1559
-2936
6059
-8023
6491
-2061
1995
1282
7991
557
-7658
744
1083
4766
-5984
-1767
-7467
1685
1476
9427
-5213
-4065
-63
8598
2305
1714
2089
7690
9449
-6664
1011
2534
7450
-1187
-1500
-5612
-6232
9916
5948
1052
-1802
-9600
5602
8961
-265
-6220
4205
2501
8543
-8008
-4294
9846
-7329
647
-3253
-754
6735
-4948
-6745
9095
7832
6689
5108
-4466
6488
8661
3246
9283
5184
2272
3256
-5247
2228
-7593
2459
4987
-2182
-868
7930
-8157
6067
-4651
-5846
-1799
-2948
899
8861
4439
-9962
-1450
9336
2014
-2970
-7041
-9633
-922
1589
-119
-2439
-3659
-6796
-2424
-5387
-5851
-17
6054
-6038
-646
-7285
-5821
8022
564
-595
4188
7454
-6776
-9859
2167
-6091
8329
-1777
2295
6060
-961
2804
-5391
-4992
-3680
3503
-1375
5058
8442
7734
-8640
8896
-2956
3890
-4020
4907
2818
21
-348
6862
-6067
-6554
3409
-3788
-4026
5652
953
9423
-1651
7319
-905
-3000
7429
5273
8206
566
8692
4207
-8382
-5577
-1247
-3184
-5814
-2219
-1461
-7059
8630
-6971
-8323
9269
-8474
-8797
5376
3051
5205
-9957
3172
-8931
-2558
-6414
6201
-7207
5048
-1743
1440
-1595
7520
6559
4017
3697
6788
-1648
3604
-6315
6215
5086
7163
1966
-5105
-4067
3801
-1818
6396
-7048
688
-6409
4783
-8653
-252
-8874
2324
-2229
874
6503
5219
-5868
935
7784
3955
-7311
1526
3283
221
-7346
7469
-2427
-9896
-5755
-6376
-109
-7264
8762
9083
4851
-9171
8078
6908
2659
2276
-4165
2930
4994
-8211
-6182
1057
2197
3281
-9487
3731
6478
-7312
9160
-3876
6245
1443
-9007
7415
4212
2810
-634
-1097
-4232
9953
9160
6827
3927
-9284
-88
-7018
-3302
-6834
-4975
-8501
5761
-6613
-1051
3048
4759
5971
-1720
9367
1533
6044
5365
-9814
4584
8405
-1161
-9062
4181
-2508
-4164
-9940
-403
-6596
7382
7698
-4453
1094
-346
8322
1067
-612
3434
6003
6195
-3052
-917
5645
4281
136
-2489
-8926
4927
-9386
-36
4208
754
-7550
-5581
5410
-5689
6578
-7448
-6697
7901
6048
6043
2067
6037
-9599
-8942
-4462
1249
8787
7268
6615
1576
-4350
2187
-1331
1730
2511
-9243
67
-2239
6760
-5378
-5954
-1462
-9033
4549
-1549
9943
-4581
-2027
1747
7124
2765
393
5578
-6707
-8289
-8807
3964
5059
-3451
-2432
3536
-4483
-4776
9609
-2783
-4073
-3391
2621
946
-6712
139
-1827
2709
6044
2405
4840
-4621
-6426
3746
4767
7086
8745
4096
8765
-12
-98
-9541
-4575
-8636
-8317
-4942
-7393
8164
6997
-4164
2187
6121
-7432
-8314
-8171
695
5346
-36
512
6524
-5795
9729
-3444
5363
-9989
-7198
8856
1715
-6412
-1964
5222
9344
-2612
4677
-7526
961
-9170
-7725
-8295
-7838
5269
9263
1861
1700
3534
9193
8646
-4484
244
-7332
3185
-8690
4606
-4137
-1460
-6506
-5318
-562
9974
9394
-8814
799
9055
-2093
5243
-1557
-95
-2105
-6919
331
4098
-9229
-3807
2367
698
1308
-2489
4909
6370
6626
-4771
6895
-7921
2674
-278
2040
4570
-6214
-6530
-5376
4208
-9238
-3205
2759
-6926
8822
3312
4362
-5373
-2918
3586
7662
-1907
3765
-8191
-4846
-915
-6380
-5331
5391
-6932
2351
-6356
8212
5518
8966
-2041
1737
8728
-8941
-8681
-1213
-7094
-9938
-1771
6029
8263
6879
3148
1209
9041
3084
-7146
9094
7809
-4258
7588
7706
-7803
-435
-8350
-1862
-5376
8942
-6472
-5892
5397
-2809
-5173
7333
4334
-7336
2920
-9044
-9533
-5870
-4615
9870
-1982
-2610
1526
7351
-2404
7345
-7433
-6938
3199
-2019
8113
-5618
-457
-5963
-5925
-4661
-724
-2315
131
-4432
-333
-2979
-8384
2232
9482
6651
-7776
-8756
9630
-8802
-7983
2518
1310
-4991
5388
5546
-1931
-2058
-7435
7632
4664
3563
-520
-1248
3965
-4208
7244
-6369
5502
-7299
-2487
4313
-195
-2985
8380
2101
-2464
-3780
4446
6817
-428
-6149
2685
-4861
-7807
1394
5576
-7109
-1992
-6609
3501
-2642
-8469
-3449
5580
-6861
-2906
6990
8284
566
2223
3358
9390
4632
4429
6192
3585
-4222
-5493
3542
7010
-9682
-8750
-5955
2342
-6008
-6039
847
8690
8381
-80
4658
3687
9503
400
-5087
-9953
7661
-8149
-4250
3862
6207
3283
-1370
-3364
6079
8695
3339
5760
4707
-3767
-7079
2955
7444
-2734
-2540
-4439
-1202
5536
9262
5620
6987
1597
6186
-571
-4678
-8595
2229
-1373
-8991
1384
-9962
-8002
9121
-8451
6196
6327
6048
3184
-3581
-2904
4932
9349
-7515
9503
-8016
3518
3829
7347
-2853
9345
185
926
-878
-653
-8843
8940
-6787
8532
-2776
7409
5011
-7951
-2826
-8038
-530
-7615
8081
9855
2396
2830
-1069
-7883
-3417
-1430
-5843
6541
5585
8507
-8520
-902
5918
-156
-3532
6813
508
-9410
-2173
3931
2845
5204
-8523
9023
1356
-3086
-8648
-9268
3420
1458
-8389
3624
1687
-1385
121
-8580
585
-1446
-9906
2517
-3173
1161
-5707
9807
-4067
-2991
8485
3777
-837
5897
2086
-3397
2939
-5808
-5533
-2363
6273
7000
5698
-5319
-3960
6623
9724
4827
5360
-316
-394
-8627
3287
-5643
-8016
-8959
5305
546
-5384
-5489
8949
-42
8132
-6753
4425
4388
6988
7967
-6315
-9465
2347
4480
-5998
5063
3650
9985
8037
7053
-849
-9544
-4454
-7296
6638
2817
4971
1908
-8371
8005
6449
-3031
-4357
-165
-4513
9215
4101
-6215
1691
5199
-3636
4157
-8415
-8317
-895
9444
145
6150
-1158
-4697
8618
2690
5697
8140
-6822
-9736
9680
4693
6862
9774
8018
-3490
3868
-3889
8779
-1167
-5880
2536
-9690
1759
4917
-1001
-2049
9529
4875
-9888
6167
5245
-2502
-8447
7919
5455
-9616
6437
4575
8923
3641
-8042
5983
1937
-9100
2502
8063
5751
-9193
-4283
-8276
-3027
3333
632
3647
3780
-4727
-2549
-6069
9749
6461
9786
-5954
4033
3382
1881
-4433
-3475
-576
-1181
-9428
-7381
-9676
-415
-7815
738
-6562
-3998
1005
3396
-2644
9212
3383
-193
-7177
-6846
3639
8369
2569
-1543
-9948
5644
-8282
-6644
-1169
7371
1654
2313
3932
6610
2124
-6570
-2596
-7580
-8424
7582
-7992
-2329
-4434
-8403
7277
2095
3359
-4451
494
4876
-4691
-4885
8755
1594
-8761
-319
-4560
-2998
-4537
-9801
365
9913
-7399
-7906
-77
-4925
4105
-6591
-3152
8419
-5894
-9107
9004
5513
4357
-6174
-6564
-2082
2368
-9334
-2268
7453
4470
-6593
3102
-6824
-6063
1577
8524
1796
167
-369
-2687
-4788
3538
4039
3063
-5260
-6234
-5688
6501
3377
8308
9478
-1364
-1118
7838
8287
1212
3299
-7448
4878
-5084
-5903
4562
-1807
-9113
-5748
1317
9935
9338
-833
4286
7686
-2763
-3088
8573
5632
4232
8079
-926
-9724
7147
-2934
-868
4350
-5685
-8010
-715
-5200
-5924
8505
3142
-280
-8428
-8854
-3163
-7819
-5121
-3686
-9939
8130
922
-2021
799
899
-7045
-892
-8361
8377
4381
7005
8618
-8637
-4890
1291
2370
-872
-1154
5939
-584
-2381
8210
-6120
862
9795
-193
-8113
-3219
3318
6382
2155
6974
-6908
-2278
-7727
-1805
8649
4591
9131
7882
-4409
4942
-1742
2593
2891
-3589
3657
4470
-3200
131
5079
3353
-1092
1484
-8688
6827
-2558
4252
1781
-413
-3229
2791
-290
5083
-8946
6472
-682
3679
-6016
4410
-4456
72
-116
5477
7987
7138
43
8373
7578
-8652
-9020
105
-1634
616
-9520
-7659
5282
-3841
-7707
9116
2233
-6487
268
-6860
-34
-8965
4842
-8071
9947
-6635
-7975
8531
3947
-1920
-9336
-4344
6220
-5776
-7068
-235
6194
-7042
6553
-5259
-7123
7611
8578
2120
-5127
3581
2592
-5574
-380
-9108
-6877
-8475
-4851
3635
3431
4301
8625
7589
5132
1833
-9231
-6278
-8721
-989
2898
7457
9548
-3685
6629
7207
4705
7351
6997
4983
5588
-254
9485
8872
-918
1720
9333
1458
698
6059
-3135
6072
2619
1044
-7896
-6024
-7706
-5616
-4704
-6585
4476
7888
-2725
-7346
114
-8063
1177
6632
-3810
8460
-6902
-7800
3176
565
-2310
-2588
8521
-6143
-4798
1562
1212
7409
-3895
-9180
4675
-4065
-6275
-2689
-509
7748
-1082
-5249
1127
5973
6723
6161
6057
-3895
-6548
6960
7009
3365
-3698
-6159
3854
106
8785
-2226
8211
778
-7642
-9296
7018
-8349
-8398
-5738
-4189
4424
4518
3906
8201
7431
2255
-6827
-8831
8972
8261
6963
-3353
1183
8370
283
-8962
1557
7354
-9188
-9425
2667
-9686
2230
-3780
-9945
7881
-9891
-5028
-888
-7433
5198
6764
-6563
-8902
-8971
-1434
-3247
-8971
-2546
3128
-5973
-5426
7423
-8845
772
4342
6153
-7956
8328
553
-2530
-1853
-2586
3185
-6425
5823
-9629
7317
3043
-2828
9613
2394
-7882
8535
-6195
5472
-5740
-5505
-1508
-8953
-2053
9565
-1499
4696
-8484
-6315
-188
-6793
374
9706
3387
-8026
-7931
-7493
-7086
-9282
8036
7575
9550
2681
3534
-1521
-9566
8814
-9755
-7748
2159
-2229
-2005
-794
-5758
-3510
4335
-5740
-6044
-8543
1223
-4567
8
-4956
-7914
9940
-2847
9875
-9618
6398
-9649
-1698
-6867
-110
-5943
876
435
-765
9925
5633
5311
-8264
-5069
-7844
-6114
-9339
3395
2430
-8393
-8998
3098
-2759
4134
-6805
-819
-7404
-1062
-3935
1380
-1790
718
9365
-418
-1655
9255
-9279
7256
-5447
7212
-3539
2590
-1554
5487
-9861
-4841
-5718
-2590
-392
774
7526
7878
2349
4690
-6485
-2994
4896
3108
9003
-8547
6933
2708
6632
-8419
2505
-7640
-7572
9617
-4282
6464
1009
993
1916
-7323
-929
-8789
7003
-1422
1754
-9579
3944
-8326
2423
503
-7756
3295
6946
-5935
8180
1065
9222
-7754
1845
9937
1546
4525
-5010
-6225
9415
5737
-5376
-8032
3621
8397
9644
-7816
-9096
7639
9470
1594
4173
-8204
6361
9250
5348
1031
1160
-3856
-5710
-8920
-9910
22
9131
594
-7522
3541
-6372
-9441
-1603
7494
5062
-5500
-8426
-6210
-2296
9844
5035
-5202
-7988
3837
-9018
-8526
-7119
-1344
8037
-5424
7958
-5906
9972
-7406
-3313
-4485
7386
-4722
9351
7929
-7997
-9868
-7905
672
799
7468
1900
-2433
7548
7111
5640
1397
1992
-1863
9617
-7413
-4107
-7710
-4995
8492
6626
-9321
7628
6489
2784
-5459
-5225
-8145
6428
-1055
-2691
-4663
-507
9252
-6225
-1310
3717
8522
-6055
-2959
-9555
-4148
-3163
9836
-1640
9097
1668
723
3971
-343
1717
3828
2021
9748
2818
-9200
6466
-4911
657
3055
4638
9679
630
-2085
-8183
1433
4176
-2028
1594
-5469
5022
-1476
1566
349
9881
5071
-8646
1232
6258
5302
5516
1647
-4494
6687
9028
-4859
-7923
-2360
-9223
3659
7672
-2273
4075
-3431
-2226
-8353
1995
-9221
8783
-9576
1241
6970
9467
-8982
-5862
-8495
-7863
-7282
-9845
-3931
-585
5211
5114
695
-9877
-4964
710
1798
8376
-2734
4647
-6659
4888
-495
-6355
-3223
-4567
-5876
-4338
2408
-155
-9134
-563
-1884
9982
-8782
-8536
-9251
8565
8531
-308
4077
9271
-1902
6044
-5237
-1697
-1358
6945
5448
-8920
-8197
3604
-8460
-8275
988
703
3545
349
-80
637
5420
-3714
1568
6666
-2150
3649
7758
-3607
-4182
8303
-8047
-9720
-1293
-9995
2215
3555
6660
9072
-1211
-4646
378
-9532
-2549
56
6163
-5733
6754
-714
-584
7146
-9439
-5552
-7042
-1677
9218
5809
-6296
8897
-807
-5788
6095
8655
3686
-1735
8962
2128
3190
-3366
4302
8770
2093
7091
1521
5856
810
-8903
-11
-809
-3773
-2781
5974
3214
2843
-9359
928
-4620
910
8661
8320
-6975
-3497
-5508
2184
2136
6971
9572
-9845
-5083
3255
7944
-1780
-167
8943
-4979
-1155
7628
767
-5269
-1614
-2907
-8403
801
7064
7843
9906
-4122
-3702
-5317
-4918
-9947
-2712
-3137
8470
-6909
-5580
9580
-6578
9273
-5896
-6264
-2558
-152
3644
-7154
-9868
-8044
4395
-4155
-9042
-8459
-8831
-988
6670
599
3419
7244
3594
3454
-7076
-5460
3215
-9275
-9686
-1319
-2848
-7689
-9446
-673
2279
-2124
-5713
-8462
9358
5240
-3606
457
1200
-2629
-7765
5796
4172
-5274
3976
1635
-7353
9074
-1808
-5794
7846
1850
8098
4431
-9944
1519
1766
-8831
-1323
-373
6539
-9597
-9211
1639
-5150
-3497
7141
162
-2411
-5718
-8171
-8855
-3880
-2528
-9615
9650
-7066
-9619
6463
-1671
-3262
-2443
-476
226
662
-4116
1202
5621
-2293
-1095
6344
-7774
-2563
9827
3635
4245
1478
8293
393
-1491
-9255
-2809
-831
-2601
190
4700
1795
272
5792
1879
-3398
2047
379
5493
4565
-8071
-6652
9831
8900
-303
-6460
9678
1392
591
-2431
-3191
-8359
1751
-6063
-7969
360
1241
-4688
3183
-4122
-1183
-8998
-1563
-6892
1310
-6339
9191
9148
9823
2862
39
3354
-8860
3227
8290
561
722
-2359
4295
-5745
4463
-9602
7055
3326
-65
7204
-8747
-9214
1590
-2400
3220
5541
2431
-874
8651
-2422
9688
3683
5410
-9730
-3083
-5664
630
-2496
-1777
-7484
-4284
-5765
7640
2951
-2255
642
-1603
-6410
-1994
-2589
5445
3213
-7861
-8669
-5597
9792
-6542
-6581
1696
-6750
780
-9171
4781
-5311
3840
8033
-6774
-2272
-4943
1085
-5741
6402
-5167
-7385
-1533
-8897
5322
-1971
-228
-1132
-6457
-3772
-3987
8899
3507
5365
-4978
-9060
130
-2528
-4500
4901
7772
5202
9369
1537
8554
-9686
-851
-6946
3384
-7814
-5736
8795
-630
-2787
833
2407
2595
1147
-1318
5340
-869
9
-6032
3216
9561
-9782
2267
-7102
-2580
4959
3454
3789
7852
3762
-6302
-3759
2016
-3130
-4386
4712
7016
-5678
5830
7945
-1691
-938
7520
-3699
7616
-329
-3354
-8322
1441
4297
-5674
-9245
5862
-3092
-2585
-8213
5371
6697
-9409
2576
9045
425
-9370
4096
-2020
-3536
3521
3236
8609
3082
2417
-4906
2840
329
-6727
-7037
-7441
525
-3698
-7461
-4221
223
-5771
-9505
-8416
9205
6824
-7595
-2796
2094
372
4386
2170
-8480
9051
-928
7498
4597
1329
-1705
-8891
9831
3200
3864
-114
-527
-6349
-7699
9287
743
-801
4003
-6529
1315
-2693
-4061
5675
-8671
3415
-7772
-4482
7748
3702
2086
-2854
-6002
-5535
5437
1155
8039
-246
9641
-3826
-4319
-1317
-6420
2021
-6474
2562
4510
-8938
5049
9064
5078
4292
5074
-1690
3260
-3672
8315
-7674
2219
-8544
-3141
-148
9557
6138
9786
363
4337
-47
3536
-4898
-7309
-1784
5782
-4873
-6755
6208
4174
-4295
4157
5738
-3791
960
2061
4693
-430
5736
269
-3175
-3797
1043
-2730
-7791
-7223
-4654
7672
7030
6383
9724
-8493
9415
-5053
7738
4052
-2615
-8162
8533
6371
4000
386
-4792
-2401
-4736
9410
3895
-7559
1076
6772
7701
-7845
1543
5754
308
-1318
6835
-4707
6199
-2204
1191
-1495
6714
-9831
6509
-6193
-6705
6743
8004
7340
-1994
7529
-4795
-5399
-5732
-5021
6577
-686
9729
9055
908
-3056
-2866
4547
-2907
-6952
-6127
-3316
5471
-9060
-9560
3957
-2865
6138
877
9709
-7309
6891
-8073
-8776
-9005
-920
-2619
3932
-845
4033
6709
7043
-1113
-7179
-772
-9879
726
-3977
-3279
8388
-7237
-3900
7657
-7661
-3947
3498
5398
9467
-2747
3941
-4301
-1751
1222
-8719
-6687
5420
-2118
-4222
-6273
-9353
-228
1263
-1424
-5928
-9602
-797
-5710
2607
5005
-2424
9816
-7024
6272
-7627
-1401
3254
7200
1612
237
-1690
4121
-1999
-652
-1335
7697
53
1571
-3206
-5821
-9654
-4417
9162
8387
-6721
5295
-4702
617
6712
-8505
6092
-593
1384
9881
8677
7521
-3206
7404
7576
9318
-5457
961
7440
4438
2487
4129
-1207
-277
1420
9488
-4338
6271
-8182
9863
-5944
-2156
3910
-10
8878
-9110
-1326
7749
6669
1393
4728
-7745
4486
-5681
-2135
9994
-2572
755
-3705
9227
2221
-6640
4966
-6316
7030
-8578
-4141
5020
-2950
3507
-4046
-4515
4314
-5439
6203
3360
-3618
-9501
-199
-1476
4296
8402
4658
-2858
6815
3509
-9629
7837
5792
3895
4852
9369
9270
-2249
5258
3912
-815
8870
-1356
-6155
5765
-1893
-3443
-7842
-2147
3796
7812
-5371
4245
-7805
-2231
9564
9454
-807
1387
-2916
7537
-5491
-8600
1611
-5912
6297
-3777
-68
-5628
-8965
-1569
-3396
3761
-4668
-6914
-6381
7214
70
-9863
1705
3387
5066
4891
-1728
-3800
7716
-2278
-5238
2370
-8531
-2679
317
-3585
3092
-8367
-4380
7458
-8064
-8895
9978
1989
-5875
9487
-1429
9449
-4789
-1532
-2876
8300
-2484
-9356
1088
2969
-1343
-7128
-8892
-6172
5255
-2636
9721
1356
1530
-1664
9383
-3677
9500
-1929
-589
-3913
-1178
4318
-8349
-8455
-8722
-8051
-2572
-5279
1891
6892
-40
-3926
6676
8880
5303
-385
-9320
4994
1639
-5563
7851
2182
-145
-3721
7981
-3128
-2653
2895
1805
989
-128
-1913
1318
-5717
3439
-9175
-4047
9956
7756
-2607
1267
-701
-8867
-8224
2857
-96
290
-6405
-7535
219
9775
-4220
-8294
1547
-3004
-6639
-7663
6260
994
-1052
-165
6395
-3369
1670
-691
1451
6872
7146
-7468
260
-9488
-4217
-8041
6165
3585
-4288
-2828
-8735
-8532
-5408
-5458
-5357
6213
-5350
222
-1423
1789
8876
-2337
-6956
-8587
7394
-128
-507
-2399
-2694
-8040
1101
2605
4983
128
-2019
-2667
2520
6895
7720
9823
3471
-1828
-1804
-6610
-9085
3125
-655
5476
-8316
-2111
-4677
9295
620
9472
5687
-466
-3848
-4126
1215
3163
6702
8293
290
-3716
6783
-3022
5549
5098
-6026
-1804
2248
-260
-948
-2993
-7424
-1305
-30
51
1607
-2902
-2663
4769
-6686
-1668
-5567
7427
-4101
-3035
-8024
6270
9280
-7195
-4179
2166
-947
1834
-4188
7414
703
-2336
-5953
-9751
-5193
2591
4058
4370
-8620
-5208
3695
4257
-4880
-9237
-6825
-7311
4961
161
3280
8254
-4029
6209
-9588
-262
-358
3380
357
-1875
-8954
-2263
9465
7021
-9109
-5394
-6103
5058
-5511
-9590
-658
908
-4663
1666
-7697
3562
-4094
9281
9138
-4409
8233
-442
-277
-8442
277
9056
9359
3295
2608
-2133
2244
4829
-4395
-2151
-3930
8452
-1546
-9359
6247
-21
6372
4070
-4372
-8582
-6702
-6002
9198
-1286
-6976
9245
-7544
-163
-6998
-8819
6426
8564
6839
-7131
-4958
2284
-3716
8048
122
-4043
-4216
-2018
-9996
5137
-7402
7498
-3878
-2165
6334
-7488
5995
-3720
-1197
3961
-4829
7478
2143
7372
2301
5992
7158
9436
-6682
6590
-5331
1272
-8172
-5948
-7064
2216
-2090
7789
-830
5774
2432
1720
-1668
-3903
6978
1540
1662
-8012
1426
9734
1946
2649
-4253
-1588
-8704
-6105
-4143
4684
5709
-4184
-7229
3164
-9087
155
964
-6399
-6404
-5256
-1966
5281
-6213
915
-2953
9661
559
4163
-924
-4963
7156
-2888
7664
8247
5925
-9160
8354
-4300
96
-5111
-4635
-5040
-1882
9029
-5413
-5228
1029
1870
4058
5399
745
-277
-3442
8458
8879
-6114
3727
5769
-9228
37
-9248
893
-8711
4845
-1495
-9728
5288
-3710
-117
-8445
-9427
-4680
-2769
-5216
3700
4163
-2947
-8858
3771
7002
-9297
9384
-5533
6991
3672
-3470
-6870
8452
-1739
7844
6169
-556
7994
-8194
-9583
4804
-3303
-3952
215
7472
5724
-1991
-629
-4156
-4306
4352
-360
7489
7911
2182
-971
7425
-5414
4435
5962
67
-8994
9917
-2696
-8471
-5146
-2789
-8398
9440
-8293
-8600
5365
6196
8016
5575
-7625
-6006
3633
7104
-6287
6058
-8352
-8724
-7254
-2015
-1605
7902
1724
-3871
-8933
-2106
8940
-1364
8449
-693
-9684
-2115
9789
-9679
-5798
-9196
-3570
2551
5161
-213
3855
-4334
7917
4405
-5887
-1087
4499
9538
3194
3618
-9294
6072
7988
-4127
205
7659
-8446
1120
2462
-5099
-3656
-2758
7193
-6138
-3195
4395
-1009
-8159
-9979
-774
-6019
4722
4313
-2623
-4235
-9789
5061
-5830
2370
-4368
9318
-7728
9538
-2578
9594
9011
2525
3106
-771
-2164
-3387
9393
8814
-154
-672
2875
7092
-5547
9885
-7605
-4203
135
-6473
3953
-5918
-4401
2650
4879
3973
-8778
-6456
981
3117
5803
-256
-7908
5862
7636
-4546
6508
6356
-5910
6333
-3531
2629
-9678
-5743
2018
-6703
-285
-1959
8943
5280
9021
1879
5033
-6615
-5391
-7420
2
-1411
4145
-6395
-4883
-3190
-9593
4650
-9005
-9604
1889
2073
-617
1273
1216
-7157
7211
8992
-5175
-5879
-9355
-4536
-3650
-5244
8385
6058
-3079
-2841
-4014
3205
181
-8264
2977
8122
-1601
-769
-3638
5920
-3907
6621
3256
1367
5575
8703
-3585
-6528
-6459
-625
4299
-7908
-7313
4860
-9979
8113
4183
-8603
-4532
7145
2269
9522
5852
-4450
-2231
4845
-1297
-7230
3480
-4198
-4794
-840
-831
8307
-6095
6225
-2633
-6818
-3493
-197
-409
8431
1626
8828
8760
-3013
7965
709
2551
-445
1565
-3671
504
-6852
-1691
-5666
-1923
-6818
4816
-9833
1157
-1527
-9017
-1993
-8629
-9650
5232
972
-5635
-3987
-6581
-7810
9274
9338
5851
-5384
5811
4344
-6283
7619
-4740
-6301
3552
3746
947
6322
-9350
2918
-3625
2018
2363
4677
1744
-9341
-5929
1568
