410
0
6994
4001
8496
6153
6858
9771
5871
4893
8489
6534
3494
2717
4245
8762
9235
3427
3870
6325
982
7781
6619
6258
1750
8222
3917
9838
7654
7218
1557
5415
4659
5488
7766
3404
2328
4305
9875
4422
5606
4367
3699
956
4309
9112
6723
6959
512
5757
4250
4722
4000
270
6427
3201
9123
8234
3985
7659
7821
8506
1605
2098
2573
2613
3695
7958
6343
1902
417
9653
564
2587
6086
6195
3398
7644
1462
7541
2943
8563
6844
3699
407
4543
6291
3140
2465
6200
1447
6525
6293
1203
8330
2925
2536
2594
3128
3248
6690
7524
4871
290
5425
5550
9674
4659
2286
5794
8878
9955
4242
3012
3720
2291
6069
9721
5780
7789
8597
6116
139
3806
3290
2224
8589
4759
1509
2559
863
3868
1763
4977
2987
1414
1535
4635
2998
6169
5269
636
1874
3099
8888
6372
6127
3571
9239
5153
5267
2267
6999
8056
5951
7748
1998
7432
9619
4997
2451
3684
287
3256
7869
5566
4034
5165
8148
7985
5690
2803
9782
8697
6350
6119
9538
6211
1640
74
9244
8450
1205
4692
9496
7253
9399
8044
6871
161
6497
3830
2093
2143
4357
5305
8841
1405
1909
6001
8060
3087
7283
1906
355
5062
7716
7249
9712
383
1158
1431
3551
7508
9111
5628
7946
1666
9378
75
7961
8732
2685
6771
9148
8369
5510
2988
9265
5893
3771
9919
7612
9749
723
8920
3817
2326
5227
8743
3699
898
9458
8862
9011
7748
3093
9564
9902
8292
2684
3842
4686
6702
5466
3460
9000
5938
735
3195
9718
7148
3690
504
7305
6343
3461
2930
8127
8633
9535
6242
3249
8539
6080
3658
140
5968
3119
5905
3512
7118
3176
6208
3597
5264
9358
2738
8252
1142
7382
4775
9303
3356
641
5784
7160
3273
8637
8958
8692
4397
7705
6499
7366
2694
1566
9746
6768
9664
916
9098
4068
6424
5849
4055
3011
1998
5967
2743
1363
9401
5564
396
1751
9249
1270
6162
9599
8176
4154
6882
7509
1208
4767
7433
6658
3697
9148
940
7542
8849
5455
9259
5000
783
3566
1621
5915
2963
24
2704
4628
5835
6321
6686
9679
1779
4233
7984
2460
3393
1927
8311
3774
8102
1378
2917
8776
4751
8697
1562
6043
3487
3032
8310
1660
10
9782
8434
2669
3187
2275
8786
3916
6198
8602
7402
1325
847
4274
9538
5717
8172
4659
7559
2614
3790
8556
5011
5179
7465
1908
89
2088
227
2319
7552
1256
4356
4210
7897
