7119
0
-3656
-5997
-7719
7573
5169
-1976
3987
5776
-6299
5980
-4460
-6203
920
-1056
7705
-6351
6456
-8433
1474
6702
-8135
3831
-8296
-8366
7509
-229
-4630
-1027
-3495
-6086
-5592
-4703
6732
-2061
2386
-1400
4581
-2311
3585
-2276
5456
-5587
-8014
-6909
3440
9686
-2157
2232
4944
3327
-132
-6485
66
-8866
-153
9608
-5314
7043
4542
-5899
3476
3117
1091
1009
5320
-9714
-9676
8721
-3757
-415
1535
-1952
2899
-9646
3816
-7482
2427
-3084
791
-4030
4380
-1543
5686
8160
-8163
-2124
2751
867
-7589
8399
-8109
7064
-1945
-7829
-7987
2961
-702
5968
-1620
-8954
7060
327
2276
170
6241
1588
4120
-5481
9776
-1636
-8390
4086
8316
-7549
7886
-7695
-437
225
7328
-7920
8488
-4532
-4328
-8459
8756
-5938
4686
5171
7524
5727
7507
-6945
1771
-8377
-5882
3197
4513
-9727
6708
5347
3910
8629
8625
-3456
2016
-5975
1015
-9241
-3266
9946
7499
2649
2005
6012
-4559
-7397
1217
71
-8769
-8491
-7287
-6849
2864
2532
668
5401
6577
-7068
-2886
-2124
8028
-5559
8604
-1801
4905
3557
9828
4786
-9607
2066
-6474
6565
-1634
4338
-3897
-3654
7129
-8381
-5869
-4151
641
8673
-8034
4718
3411
5481
3101
5707
-8766
-5980
3086
-43
-6263
3561
-6027
-135
-5041
-8528
5951
-522
5391
-9052
-7215
6535
-6625
-7988
-7350
6047
-9687
-2513
-9276
-8951
9682
1180
-606
7070
-2817
1598
7270
3922
2032
2523
5756
-7349
4273
-4878
-8202
3120
-5741
3944
4703
-8314
7267
995
-4370
-1419
7292
9848
-9735
-9763
8001
-8037
-234
6467
-6065
-4773
9551
-6000
-2152
-6831
-5398
7663
-7740
-3495
4561
799
7628
6469
-3352
-2943
-6668
-9098
4621
-1369
-6759
-3863
-8073
8933
5848
-7129
7583
-8040
-5811
4946
3571
-6991
680
8856
2458
6585
3681
4210
8446
-3905
-2909
1336
-1803
8723
5956
-9964
-7424
1557
7680
3788
8265
-2288
946
3071
-1513
-1300
8875
-4466
7153
2832
-96
-6986
2518
-3171
9431
151
-7065
6397
2126
4997
5739
7817
6302
2687
3787
785
-1995
-7464
-3146
6761
-1150
-2798
5591
4877
1797
-254
-4775
1274
-3555
8827
-974
-2298
-8406
-7590
-3779
-4344
4895
8861
-2309
-7459
-8033
9183
-9191
-3587
6550
9610
-6529
7088
5346
7476
-1497
-317
1660
-7816
9898
4909
5939
4789
-1405
-4443
-7852
-3617
6481
-2333
856
-9968
6403
-9236
-4413
-6631
-6342
2521
-42
-8560
2827
-5281
-1667
7552
-8206
9532
6923
3005
-4704
26
3492
-970
5290
3900
7905
1992
2525
-7338
3265
4545
9328
9857
-8218
3763
-9261
-3417
2361
2407
1320
-9543
2722
-4289
-6078
-4690
4286
8363
2531
-2203
-8160
1371
-9954
-4072
4402
-3440
7134
-4002
740
-494
4223
-3270
6777
8911
3629
-1490
5387
-4739
-8588
7685
2349
-4279
443
8451
-9551
8575
-4074
-3031
-2280
7446
1720
9969
-597
9300
-5195
-2122
3487
-4076
-6247
2351
1331
452
-7455
-6945
-114
-4931
-1629
5940
-5239
1957
-7930
-2099
-7388
-7222
5101
-2511
-4967
-558
8806
-8618
-1204
-7937
-7691
-3909
581
-1056
-6200
-2524
-4875
-4552
-2876
-7355
4422
8582
6711
9298
-9658
3961
2941
7589
2380
-1668
-6092
-6802
-2255
6471
-3429
4699
-6675
7815
-7189
9251
8289
4114
5376
5670
972
6375
-5461
1363
2787
-6214
-5049
6227
5498
-5213
-2190
1543
-1414
1042
-5896
-1073
-2882
1073
5093
-9478
-3366
2039
6610
7940
-4059
-4299
-4262
-9886
-1991
3055
5486
-8097
8740
-5056
-9281
9248
4374
141
1352
-4009
5710
6972
8548
9348
7061
7046
9318
-3345
9052
-3590
5783
8253
4627
-7868
-2926
3532
-3228
-37
-7340
3608
6280
2766
5598
6926
3715
9956
3825
2897
-47
-4025
143
-9649
-7625
-7599
-9635
1075
7842
-9980
-1019
-5280
9705
3389
3320
5287
-9596
-9568
2054
-9155
-1519
-9228
3899
503
3779
191
-8824
8949
-3036
-1157
-6093
2217
-4022
7409
724
2751
-5399
-2305
-5987
-7924
5814
1628
7523
4157
-9301
-9935
-9967
-9600
-1147
6517
3914
992
-7673
-2599
-1836
9902
6362
-9520
-6106
-6281
-1773
8434
-3128
-270
-5402
-3852
7629
-7736
-3745
5567
1149
6304
5512
3072
-307
-6764
2680
-9831
-2746
-7403
3770
-4225
-3571
9748
-3499
-7615
-3224
434
-1702
3172
-3139
9691
-3508
-6833
-6134
7046
-4948
-8444
-4476
-2135
-6119
2129
6017
-2435
897
6842
-336
9788
-1708
9822
9063
-4535
-9422
-4429
-1540
-8990
1756
-7468
-909
4102
-2114
-1408
-8633
-1199
5644
-4326
-817
-8411
9166
-1071
8757
3234
4079
-3146
-4401
-3744
-1500
6731
5977
8310
3007
-8650
6040
5897
7421
7625
7375
-3705
-586
4644
-5188
-7048
-8078
8227
-8765
1399
4009
-9039
7938
-2739
-6651
1751
3035
-8709
178
3400
-5155
3355
2519
-897
3498
4011
8470
-8372
-8206
2368
2633
-7771
2715
-2011
225
1896
-5890
-353
-141
-613
-8417
6614
7116
4546
8772
-8174
-1390
-3786
-3219
-930
9738
-2606
4810
-2248
-936
-3672
1937
-8666
-152
-7548
4918
-5350
8081
-3394
3621
1892
-5948
-7259
-2411
-4024
-8092
1949
-9476
9839
2569
4566
1973
-6399
653
4556
-4318
9703
-5608
-2526
4487
-2962
-3179
-8547
-7629
8670
2303
2856
7842
1034
-3767
-3689
236
5780
-6843
-5324
5030
1282
-6135
7967
4252
-5953
-7769
4574
2326
9963
-7387
7310
-9077
-6378
6133
9423
2335
8609
6437
5116
7719
9383
-2429
6713
6716
-5841
2897
-9880
4843
-9191
798
-9031
3006
9849
3465
638
5368
-7884
5658
-2056
7621
-9617
6535
4546
-9944
-1301
5358
-4710
-7144
-4496
-3496
-6570
8388
1776
-6623
-2977
5681
-3563
-7776
-3031
-4576
7501
969
-4577
6596
-9402
-9008
-531
-2816
3091
-6912
-5119
-2884
-7710
-6006
7795
-8335
217
-8573
-5072
2095
1945
7302
2798
8937
1425
-2919
4630
7303
-7947
4105
-4507
-3030
4284
2
-4984
-8520
2212
4649
-8182
2668
7163
-8409
377
4563
-5692
-4720
-5377
4760
-6978
4127
8788
5973
6215
5887
6935
3712
-7240
-4917
2077
8170
-6112
956
-8211
5747
-2557
1203
765
2541
1652
3754
-279
-3217
-9625
-9196
1917
8099
-3617
-9431
-8206
6497
-7342
-2307
-4578
2360
-610
-9110
8443
6168
4781
447
-8292
-8738
8806
404
-6480
1186
-345
-9035
181
2856
8051
-4360
-7582
959
-3731
5580
8743
-913
-5459
1003
6596
-947
-3111
-6775
-9742
6365
4712
-8980
7123
-8731
1144
-4148
3438
-2068
-1744
-5061
-7981
-72
-8526
-8828
5855
-8369
-294
-9852
7301
3453
5843
-5712
3448
4826
832
4726
8133
-4845
-1312
-6448
-7005
9753
-4056
-3424
6561
-919
-238
9215
9622
-5995
-7379
-7301
4786
-6297
973
-2831
1702
9238
-3411
817
294
1326
-3040
-5619
726
3104
-4409
-4996
-9902
4439
3847
3193
-6592
-8945
2692
7799
-1462
-7751
6682
8102
305
2438
5315
7772
3382
-9499
-9273
-9167
-1762
-3232
-5617
2468
8126
-9265
-8568
9177
-8509
-8834
-5042
-2248
7061
-1041
-3284
5563
-6344
4719
-5696
7337
-538
6761
12
5422
-4971
7874
-3561
1096
2647
-9996
-2203
-5641
-2613
-5314
-1363
3844
2900
-9352
-9741
-6890
9460
-6704
-3134
9455
425
-9445
8905
-88
-2130
2363
7003
-2464
-9705
8695
6620
-5886
-1581
-1797
498
7695
190
-5197
2413
-6278
7673
1051
4018
-9200
-4301
3607
3495
3603
-7154
-8002
4141
206
-42
2066
-9135
-6296
2125
-8547
4502
-2504
6635
-3970
6770
-2999
-3103
-8616
7374
6280
2165
-1652
504
6773
8743
-7879
-2272
-9512
8211
736
-3507
9277
-456
9181
7839
4416
-2170
3347
-2369
9898
8805
9837
-444
5575
6769
7880
-4883
-576
-1867
-761
-3310
-1409
-4901
-5131
-7278
5884
-9338
-5270
-8428
4864
-5842
-4038
-9254
-4543
-9682
-4761
7389
2102
8448
-3694
7266
-5188
9542
-4638
-9309
-2698
-8825
-5181
-4217
1767
5917
-8006
5159
-4971
6148
-4043
7149
7313
-5608
-3840
1951
3626
7630
8507
-6089
-8929
-1865
-3300
-9281
-3158
-8292
-774
-870
7633
-7618
1237
2461
-8529
-7364
-4714
-3868
1004
2992
-3402
5855
2962
1991
-1880
896
7120
9524
-7073
-7003
-8691
-220
6720
-2048
3348
1463
9344
-6491
2491
-2146
1025
1748
5796
5793
7185
58
-8480
7752
-9290
-7005
-1150
5034
-2867
-4525
1988
-7986
3811
1247
1090
-5047
-77
3182
2733
-7180
4571
-5445
-9903
5620
-7729
-2372
4041
-2005
-7432
-2331
-1938
7407
-6413
-7026
7813
-1910
-4129
5709
-6916
4839
-312
4103
-9593
-6306
-9092
-9386
5406
1784
445
5984
-4716
-3265
6073
2694
2515
-4347
-8754
-1743
3954
-2893
2418
2378
-5687
-3052
-1200
5905
-8106
4544
2856
-1903
-8025
-9955
5051
-2030
215
1879
-2810
-9358
2770
4659
2828
9819
-1575
-8981
5353
5231
9596
-3626
2993
8835
-580
1082
1518
-6763
-3827
858
5177
-758
7954
-5917
-5565
1085
86
2830
8693
-6235
8842
4194
7809
-5352
-1181
-6329
-6209
-7155
4995
-6675
4111
8735
-750
2966
-540
8954
-9745
6622
-5128
-5554
-1170
4057
-7650
-2818
-2719
-8546
9835
-6326
-816
1702
6703
-6975
1250
5205
-5456
-9799
7062
1427
-5241
-2778
6697
326
4005
-8992
-2964
3108
-6402
2794
-4329
-3423
-1187
-6269
-7471
-746
-707
-1464
1365
4345
4409
-880
4220
-3126
4691
6949
-9754
-9944
-1199
-9826
-1874
-136
-396
-5798
9121
6978
-3541
2206
1662
6744
4293
-4432
-6102
-1285
3501
5303
-848
3714
264
-594
6219
-8211
413
-4365
-3547
8179
-3981
-6965
-2976
-7330
-3638
7753
2273
-5227
-3977
-8789
5918
-4248
808
-245
5525
-312
5750
-5931
9396
807
-9734
-5749
9704
-5728
-6171
1156
-7827
-7898
7686
-7878
-2643
-2523
-9195
2470
-818
-9714
2056
9950
1036
-931
7867
3172
7763
9829
2513
8828
-2924
7328
-2482
-3035
2288
-1119
852
-7797
-1937
-2774
8627
-1364
4034
-2458
3160
9309
3489
-8409
254
-9203
9835
5385
4636
9624
6847
3355
7919
298
-8695
6867
-632
7503
3152
-7661
-3188
-1905
-4195
-7580
-6798
-2623
-5261
6774
-7401
6328
6023
7275
-3314
4133
3380
-594
-7641
-6537
6180
-844
5866
4607
4068
8779
1534
6266
8726
-3016
-7612
5608
7125
-5484
-616
-9333
-1783
727
-7830
-4777
3920
-9557
-8663
-8672
-4683
-9912
5250
6410
-3233
8083
-3964
3608
2085
-5384
-2084
-7340
-4019
415
-4134
-6768
-4930
3722
3753
1096
-2239
6896
-3035
-740
-3850
-7088
-7461
931
-1082
-6324
3898
3048
-8174
-2588
2038
4839
522
4567
-8453
1364
8673
8710
8470
1846
6507
4797
-3821
-78
137
-8326
4073
1394
-5138
626
595
6503
-200
-7535
658
2439
-1088
-6881
3023
8745
7454
6249
-1245
7299
-2794
6340
-7885
-5222
-2542
6737
-1930
428
3233
-5469
7262
4801
-9765
-815
8465
-4472
-7980
-5245
-9131
-6257
4430
-1701
2447
-6950
-2278
3595
-7382
-5023
521
-1232
5661
9885
-6517
1491
-3576
6284
-8971
8600
7790
6778
-1746
2203
-6500
-906
-5295
4846
-8995
9891
-9933
-9036
-1499
265
8348
-2275
-3676
3284
8245
9169
3476
-3280
-5716
4154
-5026
-2240
5116
-683
5415
-6200
7965
9068
-4109
-6630
8877
-8981
-8139
7140
-7186
28
3217
270
6049
2775
6192
5798
-8001
-3307
9356
-8806
2624
2937
9571
-4172
-3259
-3980
-6016
-3774
-7896
-9103
4573
-8633
7908
-2580
796
5354
5112
-4679
9801
-7359
5819
-8834
-1646
-7134
-9623
-903
8030
8541
-8382
8
4754
-9727
6758
9603
7119
-3680
7408
6420
-3029
-590
-1110
6002
-4003
9858
1301
854
1145
6144
818
-563
1676
8031
-7730
-379
-3211
5393
7140
-4607
-9117
-1383
6606
3296
-9499
5112
-7514
2979
5231
-1092
771
6407
-4911
-5944
523
5841
402
-5168
2511
8472
5608
5839
-8897
9574
5065
4031
5883
-7160
4997
-8267
-496
-6882
4995
658
-3287
4166
-9730
-8525
-5076
1839
9395
1961
-145
-6006
1009
2636
-2311
6946
5111
6023
771
3917
-7500
4304
-7374
5025
-8155
-8906
6622
-8636
-2620
-5465
-2770
-1436
-6137
1247
5986
-5918
-7249
4361
-1787
-2317
-7222
9490
8140
-3216
4864
-8155
1950
-543
-5018
-4564
-8314
6843
4391
32
9198
-6879
-8154
-1577
-2068
4732
-81
-5539
6419
8289
8206
3763
-3355
-7599
-9923
6176
-4808
4683
-7764
4430
3502
4865
-8826
9067
-6268
4491
430
6784
4742
4524
5349
-1603
4257
3581
3448
-5160
8623
-7650
7538
-1364
9084
-5977
-3877
-6852
-3700
-7933
2493
-8942
4060
6963
8664
-6908
8754
-2079
-6579
-1231
5859
-2510
7443
9482
-409
-984
3394
2918
440
-819
-3719
1488
-4485
8056
-9822
2102
-7000
8063
-5472
4402
4985
-4450
3766
-1337
9202
-7288
1496
-4854
5673
1605
3037
-6409
6323
-9058
-514
-8242
-9460
7137
-142
6521
4770
-928
-4088
-3577
-7847
4482
-2076
-5231
5826
-5913
-3693
1019
-8533
3376
1842
8335
2127
7551
-5402
1287
-36
-6966
3290
4230
4979
-9375
7895
-3124
2861
8757
-4253
-3169
5728
8419
-4667
-4497
-8763
4021
-1650
-9099
-3091
5734
-3525
-8234
3435
639
3799
6477
7824
-2044
5879
-7
8161
-2180
-777
5878
-7813
-5313
4037
-1935
-9229
9307
1232
4072
-6887
1271
4041
-4248
7183
-3251
3693
5035
-6314
-8568
9728
-7627
-9848
-3248
4372
6481
5443
-78
-9974
3903
224
-3938
-5375
-8318
-4930
-3402
8609
2767
-3334
-5069
3902
7768
9090
-5513
-7897
2774
-8585
6356
9956
-1249
6123
1193
-5343
1893
7007
-9329
5691
-6644
3654
-5480
8210
-4723
-7177
7030
-9886
-2560
851
-9697
6231
-8477
-4820
-459
-4095
9098
4598
3562
-9082
3917
-3741
-7467
-5413
8331
238
-1112
-8258
2431
-2901
-4819
-3270
5084
-8278
-1185
-6367
-3026
-9994
7612
217
-18
-4753
-9032
2319
-1548
-4335
4937
-9827
2271
8264
-2483
-5753
5540
-8160
-2396
1356
4746
2815
-4160
-8311
2742
2094
343
5142
5818
-3990
7327
4115
-6743
-4429
-3574
989
-4789
-9288
-4005
-4828
1599
-4918
2382
-4605
8915
-4778
-3182
-9822
3761
-6260
2918
-9911
-495
-8579
6040
624
-1767
-8565
3490
6033
2133
-9233
-898
-6622
86
-2428
-2288
1089
409
-6662
3726
-172
-8683
9089
-2960
-3653
-5068
8958
7367
-1373
-4784
8843
-7433
4805
4346
-8090
-8617
-1919
-7627
-5369
-5552
-6411
-5215
-8339
-8734
7000
-490
-384
-1035
-1100
-107
2969
9947
5988
538
-6247
9667
-1439
-3761
-4650
502
-6435
-7190
567
-8869
-1281
-3
2831
-4691
-409
-4985
-7000
7133
318
1050
-8396
-565
-8304
-4189
-4844
-2555
2862
-849
2749
-7534
6228
-418
-2366
373
4858
7333
3556
256
-6356
8649
-9300
-8091
953
-7108
1480
2937
-6877
-9644
-1668
-5128
8466
-833
5619
9271
6342
2365
1910
-9044
-2728
-9854
-2820
1813
-3039
1369
-3348
9487
3663
7252
-5552
-6760
-7494
4962
3301
3844
4749
-3607
-6751
-4110
-1162
-451
-1396
-8101
-4142
-1500
-9072
-1396
627
-476
1850
-7725
-7418
1828
9890
-2005
2570
3590
4712
2438
5040
-474
-6093
8717
4561
2376
-4156
-2841
-6292
-9882
461
8001
9924
6390
-9532
7132
6626
4476
-730
-2666
-3820
-8170
-8399
-325
8731
-5280
-7770
2983
4653
-1707
2765
-1929
-2337
-8276
-5384
5939
252
9372
5655
8080
-6717
8381
3137
-6372
-8350
595
5216
1974
8975
-8476
-8174
6463
7856
-82
448
8275
3562
1841
-5896
-1256
6564
-779
8227
2277
-1552
-3893
319
7478
9230
-3906
-9594
-5766
-3077
-2157
-211
-9684
-9420
-1478
-8029
4897
-5618
9602
-4409
5934
2966
-6551
6163
-6679
6772
-2847
259
6160
-7877
9679
2236
-8953
3983
-61
-1117
-3769
-8909
5758
-1328
-3520
6015
2507
3111
2683
-9870
9975
9543
-337
7625
-3849
-120
-1401
9114
2764
3266
-6040
9248
9376
1060
7263
-3672
-4514
-7439
6083
-1021
1074
-7778
755
3891
3964
3180
-7931
2894
-5320
1786
-6209
-2264
1455
2403
730
-2208
2777
3377
5096
4457
4259
-574
-7041
-2721
-1952
-1686
1417
5911
8117
7259
-8014
4201
7329
-8376
6311
1504
-3525
2078
-7982
-6720
8916
-9135
1764
7209
3220
-6515
-5044
-6198
-4788
-7653
-6065
-561
-1412
-9731
351
6598
264
-1354
9311
6120
6162
6728
9360
2273
-7439
-1499
-7362
-5154
-1349
9092
-2037
7079
8560
-1210
-213
-1511
-6616
1023
8431
-1496
-4447
-3946
3651
-1505
2070
-7719
-3593
-3874
7269
-5603
-1175
1954
1600
2201
-2895
-2304
1540
822
1371
-6597
2568
4050
7060
-9007
2832
-925
978
-8250
1171
5918
-4774
-3635
8826
-2345
7641
7076
7695
-5497
-1830
-5339
-6828
1852
6371
9554
8837
7689
-7179
3078
2054
-9260
8472
6955
29
-1397
-1602
-2860
-8065
5618
6573
152
-6755
-7494
1899
6586
-2656
1798
6827
-7381
-7234
4824
3518
-9451
-4601
-2054
-9317
-1052
-9057
-9312
2239
-4478
-7651
6392
1261
-5666
-1403
-9132
987
-9343
-4907
-5517
7032
2670
-777
8822
-2165
2792
2145
6317
-6155
-2028
8821
-4998
6477
9225
6637
9501
3980
-8420
9501
3561
-4293
3629
-9349
-3882
-6885
-5148
-7570
-3285
6173
-3139
8982
-7199
9947
-8214
-5912
5395
-3383
-2253
-3335
3520
-9222
4875
2791
-4995
1810
-5644
-928
-2777
9739
623
-4510
-1980
-5843
1615
-8311
-65
-5924
-9744
4575
666
4595
-8899
2031
2621
8762
-9267
-1599
7173
-6847
-9780
6410
-9374
4166
5016
-6999
-4089
1690
-3983
24
4091
-3582
-8887
2760
2556
3055
489
1582
-1573
-5191
2853
-6116
-3820
1713
7107
-4562
-1799
-1029
-5673
4823
-7903
-9963
-849
-6990
5613
-341
-5836
-1884
-8750
5157
275
-4204
-7131
9751
-9580
9252
-4493
7229
-6416
5616
5317
632
-4158
5391
5839
7856
8166
6215
7359
652
-9455
-3473
-5371
2008
-7188
117
6141
-8315
-1633
-3095
-4477
-4473
-4547
6422
-7005
6381
2792
-3669
3573
5902
-1853
-9530
8144
3289
-7096
6325
-3043
7607
-1027
904
3354
8794
6182
-7104
-7467
7005
-132
8198
5400
2299
242
4131
-4397
1380
-5302
-6445
-583
8734
-2942
-2295
-6064
-9586
2451
-5583
-3241
-3070
-3451
-2404
6065
-2510
6299
-1206
-4581
4221
4403
-7935
2768
4739
2078
-6341
865
6458
2444
8923
6629
2383
6919
-1128
9380
-2669
-8969
-3106
-4887
7215
5349
-6257
-9055
-9262
-1479
-6056
-8162
-5278
6070
8801
-2836
-9502
3887
8857
-3743
-9852
-2827
9480
7437
4963
8125
1907
935
333
446
-7745
2763
6398
8167
-8002
3233
-9488
8445
-126
3072
2794
3820
8681
-6557
-2418
8079
-3736
-4493
579
972
-9774
-5463
-9848
-5578
-6853
-5931
8245
-5861
-6745
-1395
1540
1295
6200
5284
-8623
5680
1076
1546
-7486
6906
5280
8991
-6700
-2497
-5096
2314
6310
3694
-9503
-7811
-7226
-7299
9270
7738
9565
-3217
-5847
4888
7083
8995
3261
9758
-4766
-3362
1948
-6898
9743
-7823
-6653
4172
1760
3644
-1567
2903
-4606
6232
7224
1229
-7262
2988
3631
-4584
-1534
1369
-3162
7695
-3550
7064
5979
-6228
6210
-7309
-3749
-1425
1022
-5237
4097
2324
-4445
-5139
-9520
5427
-6884
8076
673
-1520
2765
3865
-268
-518
-849
8199
7243
729
7891
4364
-9118
1005
-8503
-2606
-4293
6079
-836
-2357
2935
-6149
3308
-4746
9707
4439
2627
2691
-7622
-9551
-2928
-4059
389
-8370
-4286
-4639
4836
-6219
1571
2823
-5986
-2790
-3790
3185
-7478
2815
6086
7519
7163
7822
-8130
-3475
-4597
-2420
-7165
7018
-6066
-3455
8949
-6942
9735
4048
7007
-3194
5433
-3634
-2280
-4078
1146
5682
8963
-8791
-3333
4175
1116
1888
8491
-6158
7895
-6453
-1909
4883
8562
-7707
3335
499
1006
7314
-9758
4332
6476
-5381
-1
-8966
2793
9095
3714
-3940
-3928
2597
2288
-7157
9578
-3771
-3926
-4177
-5533
-665
-3152
-903
9584
-1267
1889
-7013
-1953
-136
-6579
6340
-5926
6081
4678
9015
4359
-1723
9212
603
-4207
4830
2149
9334
1703
4432
-8807
7801
-1974
-4610
-81
3022
-2375
-2822
1539
263
-6431
-5356
-599
-2882
3386
6027
-6641
-9188
-4646
2552
-8637
-6886
-4033
-5295
-3658
-9840
6613
8840
-9526
-7134
-3437
3195
2116
4284
-6235
7380
-9106
-2340
5855
-7195
-8786
-286
-8024
2279
604
2970
-1148
-4267
-8523
7463
7811
-8374
8924
5929
3595
-4598
9046
-7722
78
-1650
-7741
1402
7202
2684
-5050
-4779
-7240
-3925
6755
-7586
4919
5293
431
4615
-6895
-3470
5481
6770
5538
6205
-2006
2830
3022
8261
-9689
2370
1717
-2605
5277
-8229
1892
7646
-3503
-525
9264
6403
7183
-5913
-2850
-2630
1988
-1587
1284
-5322
-5592
-6596
2446
-6547
733
-8419
-1846
-9517
-73
8024
7608
-3250
7534
2490
-7222
6446
-9274
-3136
-8444
5738
-2097
-2601
-5068
-1225
8683
-4325
-8613
90
-7061
-3010
-3539
217
-5551
3937
-9359
-7742
6067
112
2290
5844
-5401
3340
-9557
3305
-9886
7543
-680
3943
-7965
7256
9042
5397
-8556
8049
-4833
1553
3041
7147
-8704
-7236
-4354
15
5485
7158
7084
7474
-6009
-4329
-6990
-3868
-56
7371
-9753
-6770
-5119
8214
3823
-9903
-2105
6381
-601
141
825
-3412
2737
-5071
6026
-5248
-9371
-4437
3655
-6037
-3561
-1049
8849
-7470
-2945
185
6718
-8898
246
3774
-5908
583
-6058
-4126
-4659
-6980
5881
-479
4141
1680
-387
7081
-7250
-1061
-8665
-1951
-8263
6281
1625
1851
1571
8406
-7462
7853
-4613
931
3059
686
8944
1286
-5683
-2137
4150
4176
-1865
5953
3641
-5628
2850
2491
-3857
-2756
-9325
-1558
171
-4156
882
8591
-1593
4713
3078
-2958
-3159
6603
-4222
9190
-3467
-4579
6417
-2599
-9543
-7855
3156
-4090
-7286
-4103
-4664
-5346
2621
1582
9293
-269
5207
-7063
8298
-1337
2004
5794
-9012
6259
4664
-6442
4495
7696
-150
-759
5745
-1352
7126
9904
2128
-8279
9223
-9578
2124
-5951
-9738
-3363
9357
9292
2375
-6752
-3094
4500
3193
4706
-270
-6724
-114
-7698
4396
-2049
2583
4993
2810
-36
9391
5846
-4110
7690
9450
-2244
9636
3156
-7836
7115
-5815
-1946
1048
7642
-1003
-5553
-2415
-7468
5815
-1887
-8378
-3408
3279
-1400
-6004
-2054
4339
-5089
-6253
2976
5406
-6956
2186
8023
6798
-9363
-1026
9638
3035
3107
-2593
-263
-1688
3855
2644
5075
2985
4173
5208
-1309
7856
4745
4190
-171
3968
2250
7165
896
6958
4426
3891
-9164
852
5367
752
-9802
9609
-1198
52
4201
3103
-9571
-3927
-9641
2857
760
5126
7995
-8107
-2659
-7978
185
1934
4525
-4257
-4196
2901
-9909
9704
-3815
-9066
-8174
-2514
-7382
-2879
-6940
8776
-9027
-286
2572
4173
7960
7577
5836
-8975
-7883
-990
5747
2215
9409
7380
-7431
-9594
-5291
-4192
-3712
-2277
6430
-6269
7102
3736
-108
7588
-2174
9197
-8214
5409
2036
-8800
3311
-3264
6378
2439
1177
-2409
5234
-2313
4066
2734
-1615
-5396
6202
5159
-7513
3483
-2861
-8442
-5590
-2767
9215
-192
7081
6888
-4066
1221
-3183
-5127
-6478
-7786
-5909
5996
-1772
-5559
-5699
2035
3419
6314
5587
-3712
3519
6301
930
-9213
-4791
-243
5278
5919
2763
3789
-8572
-6645
3369
1708
7807
656
-3337
6555
6553
2540
-7256
3760
6821
-4873
3794
3694
3997
8973
-7958
1820
-7306
-3576
9942
2127
1962
724
-209
8414
-947
1327
-2384
-9824
-1098
8246
-3063
9123
2086
7969
4585
9298
5097
9084
-3360
1890
-1995
-3094
3127
-5970
-4437
1933
-3183
976
-1255
8775
-1731
-6127
9408
-1939
-1716
9550
-4097
1904
4999
2709
683
4532
3317
-7100
7134
4486
4178
7530
6471
-7187
-54
-1791
-3978
-8781
3619
4298
-7873
1622
-6680
-8429
1101
3869
-3525
-1962
5708
-1231
-2524
573
6599
-5814
-6472
4870
-2561
258
9677
-3200
-3945
-7506
3782
-402
-2198
8030
19
2901
1481
7907
4167
-2946
-4332
-5038
8715
8637
-2867
3519
4985
-8754
4691
5222
255
-866
-5988
-3776
-9958
8468
7063
-3790
-3195
5808
-3330
-3133
9796
824
-4008
-1933
334
-8530
8702
-1439
-6881
4325
8623
6196
7071
4074
-2977
2770
1431
-3212
9382
-5463
-3413
-5648
-3374
6120
7934
3045
1909
-6541
-6352
-5107
7718
6671
3676
-8297
-8808
-4226
3357
-747
2949
6831
3760
6689
-5464
-490
2044
3727
5440
28
4601
-876
-8872
2787
3240
-5136
8517
-2292
-1000
-4919
-7425
-7554
-856
-3250
6749
4626
-9623
4710
-9606
1483
-2900
2868
-51
5273
2467
-5805
7751
-866
-8477
-937
-8474
7312
2186
5021
-7681
-6594
-5056
7304
8515
-2967
4077
-4211
-3539
-7511
9872
8776
8541
-4068
6126
-358
3555
2755
9134
-3832
609
6087
-25
-5015
5191
-6478
2345
-7295
8853
2975
-7791
3038
636
-8130
-3815
540
-7209
-2234
-4848
-6568
1509
9725
-160
9992
-8144
-4624
3786
-3461
-1479
6172
7847
7808
-2871
-4059
5651
-3504
1078
9770
6848
-9758
-2492
-9081
-8567
-2480
5823
9905
500
2815
6493
9426
-1066
7041
-4555
-6821
7900
5916
-8639
-4171
6943
-1714
111
-9853
1786
-6066
3149
6064
-6667
4891
-4173
-1656
-1305
-942
-8793
-6499
-5425
1395
-570
8300
-8793
6390
-3073
7759
1637
5402
5297
-8186
-582
-8256
4939
-9928
7465
5554
7134
-9082
3858
-2164
-185
-9011
1722
2350
-7692
-1939
2929
298
-5644
7534
-8102
-4811
-412
-1399
-5149
4995
3361
5377
-5266
-4635
1884
4665
-4852
2620
5902
-7663
6314
386
5800
1204
-1408
7902
-1012
1111
830
8061
6756
7894
-8643
-3441
-7349
2381
-6739
-6264
-4541
4092
20
-1252
8852
-3044
-7874
7373
-3695
-5220
9462
5367
-2671
3816
-3716
-440
-9942
5274
-3521
465
-7263
7506
-2137
6204
1816
5825
2642
-8937
-2736
1950
-9821
-7750
5202
-9872
9819
5789
-2308
-7084
-1301
-5215
6532
6084
5966
9708
5764
-4918
-5554
-3404
-5463
-9155
1438
3632
-4552
6611
-686
2876
-3593
3052
-34
7212
7706
-28
9526
7353
-9628
-843
-3558
2
9816
1977
6920
-1968
9210
6131
-2326
4270
-1190
-6044
6198
4808
-2112
-5227
423
7187
-9210
-1208
-110
2791
7307
3751
-5750
-2445
-946
3999
-4550
6903
-4192
-9097
1930
-4286
26
21
1539
-7679
-3944
-1172
8998
-6867
-8383
9662
9296
-6715
6755
-3027
3680
1039
9238
9468
-4603
6341
6168
-4374
-2735
4494
1219
-5916
-8169
4672
9274
-1468
-7493
1745
7283
-1633
2034
9302
5784
-7173
-5643
9206
-1361
-3695
-3008
-3872
-2170
-9478
6321
8813
-5000
-6178
-9860
-4187
5578
4629
-638
3778
-7106
-6454
9279
5028
-3809
3105
3159
-2337
6978
-4173
-3256
-8813
-3777
6258
-4805
6279
6973
7973
-5625
-842
513
8806
5385
-5569
-3881
4178
6288
-102
3540
-1740
7679
1087
3474
-5811
-651
9426
-3286
-5083
-1351
9248
8876
-9829
-2868
9628
4691
-8239
-1293
-9777
7826
-847
5557
-4431
-523
1700
265
460
1896
-4407
-405
-4781
4870
-4597
9970
6298
1888
-5215
-5051
3305
-1021
-5206
5122
5235
-28
-146
3078
9684
-1549
-1113
-4147
7585
3438
-25
1856
4375
-6526
1348
4147
5404
-3684
3350
-5274
8987
-857
317
-5920
6216
1587
-7293
-4475
8388
1185
-1217
7902
-8526
-2953
-2464
-7351
-9835
1459
-5880
-1224
-9858
-5113
2555
-6645
4542
-4528
1647
7669
-7125
-5831
-7605
-933
-4999
-695
5945
-8032
2546
-9224
660
-6060
-9539
-9309
4170
-1644
-3599
-2551
-4961
336
9449
-6912
-3336
-4513
1980
-9125
7439
8572
5239
-6042
-4225
-587
-2676
1692
-3153
5609
-728
2657
-2033
-148
7825
-4932
3978
-6313
-8492
2971
8573
-8728
273
9228
1264
-2498
-5606
8746
7372
-302
-5238
-5208
-3533
5425
-2351
-9039
6037
-3633
-6262
-804
2733
3751
-9944
63
-7053
-6956
7453
-6608
-5878
-8103
-4666
1533
8170
2256
-1295
7065
-8272
-4566
3903
-813
5315
1064
5249
4757
3292
-5926
-9545
-9705
-748
-6817
4572
-8805
1719
8065
8534
4816
826
-486
6899
3487
-670
-6942
-7901
7314
-7992
2135
2890
-2213
-5065
5798
2134
7527
-5760
9091
-70
7876
-5887
4344
179
1051
-6688
1042
-9707
2492
-8727
4634
4208
7109
-7806
7107
-2384
9261
2945
7423
-1992
8800
-7534
3971
6554
-7244
-5211
3851
-3054
-5080
2494
-9082
-4019
2915
3396
-886
943
5772
482
-1233
-6689
6840
3565
779
9430
-4322
14
7939
5124
1560
-6770
531
-8479
5255
9405
-213
7623
178
7076
-940
-8760
88
-8655
357
-1504
1418
-9102
-7174
-218
-6179
-9914
8312
4054
-6257
2455
-3535
-6462
-6696
9088
3287
-9318
8048
9621
341
6216
-8172
3
-6500
-533
-9187
-2460
386
-3973
4045
-5872
4735
695
5089
-3170
1744
-6342
4503
-9546
-620
1393
-5432
-373
8810
-2871
4382
2057
2564
-452
4597
-3281
3367
8623
9248
3134
-5946
-224
-1588
3758
-2097
-1293
-555
1272
-2501
8394
8755
7273
8335
-5220
3650
-3991
874
-6165
-9320
3177
5699
-3736
-9733
-6898
192
-8762
-2415
4565
3755
7282
-6537
-3154
9093
7617
-9321
3336
9995
3551
-7235
-5743
-8916
979
-8246
8267
3330
7088
210
8749
-7881
8542
-9652
-7425
-1140
-4720
-8404
-2377
-9901
6333
9796
-4224
3509
9763
6218
-1137
5946
-7034
8555
-5829
-357
-743
-6543
8718
-5611
3878
-6423
3303
-3853
-5159
1994
-7124
8704
1463
-3396
-9528
9627
-2929
-186
6174
7303
5432
8227
-7798
4306
8929
7564
823
-5172
-3461
-1537
-3788
3925
908
-7089
-226
1108
-8063
-1803
-5249
1323
-5367
-7761
2369
-6278
-3317
-7300
2189
2640
4164
-5786
766
-5749
-5930
4861
-4861
1418
-3995
3972
3143
-5041
-3002
3127
-9742
302
5890
6734
-5536
2049
3192
-5906
-6787
-680
-4108
-4123
-4381
1932
-3373
1957
7398
2619
3920
-2723
8329
1745
-413
7597
1699
7457
-4892
7987
4084
-712
-8870
-4462
5253
-5153
-1504
8221
-958
9103
-2983
-4580
-860
7739
-5351
3847
-4257
-3779
5189
-3503
-2065
-5238
-4413
-4592
634
3181
5294
9628
554
8072
6445
-7708
1661
9978
-4084
-4505
9235
6118
3467
-8417
4754
-5632
8562
3115
5624
-28
1133
-2438
6668
1466
7114
6933
8107
-164
-8420
-6536
-8020
1554
5852
-7346
-7907
-6888
-8638
3725
-9787
4766
9399
3820
-747
-9800
3456
-7100
6381
1259
-1589
5745
-7964
4424
-8319
2797
2920
703
-3213
6570
-5504
-6000
377
3228
-9258
1134
-8380
4382
3318
8787
6474
6696
-701
-1402
-6542
-8692
-1541
4653
-7709
-3649
-3706
-4209
-7091
-5846
6080
-6921
-2225
-2284
197
-7603
6788
521
4302
1921
-8983
-1998
-4911
11
9362
7685
-7611
-1809
172
5552
-117
-8034
-714
-3294
4365
-123
9040
4858
-2620
7156
-5012
-612
4895
-7632
-6191
-6930
-2454
-411
-2727
7849
-118
673
109
-9867
-7385
-265
9588
6526
-992
-2682
-6486
1702
8761
8469
-926
-6354
6379
-1292
-9714
-8269
8900
-6665
-8488
-4582
-3283
-9118
-1420
-3670
6940
5707
7186
-2358
3422
-6643
8169
-2367
9265
4766
-7847
698
9883
-7846
-8211
2256
7543
-9934
-8047
-7762
8472
6538
3315
-9365
-6586
-3669
6982
-5709
-5296
5502
-777
-7542
6018
-4365
5283
-8757
8924
-6889
8806
-9035
-8921
-9018
6861
3092
9024
7791
8890
6354
-9003
5241
6735
5988
3157
-4323
-14
5187
719
-1441
8185
-6683
-2965
4981
3701
2229
-7723
6395
-5288
5217
-9555
1042
5276
-8276
-647
-9557
7791
6331
-583
3498
-7551
7149
-1434
-7348
-463
-9427
-4931
-191
5502
-1154
6926
-5405
-9754
-321
3082
1032
-5700
8559
-5975
4278
-8032
-8143
-8360
7760
-3008
-1087
-2558
-3006
-2875
-7043
9790
4317
-9059
-1190
7491
-1637
4605
-5402
5014
1006
5730
428
-2605
7999
127
-6496
6202
1622
8187
980
-2651
-2747
2717
-6344
-1213
-7604
-6042
-1517
2889
-1364
-4760
-6226
834
-754
1990
-4145
-7020
-5978
-8730
4474
-8525
3540
-1911
8187
7678
-7618
5030
-1363
8803
-9468
4796
3830
862
1550
-810
5027
-7841
9667
-6825
-1230
-2530
8424
2010
-1400
4919
-648
2971
-2444
830
-4946
8375
8617
3603
9843
60
7700
-6866
1110
-7801
-9269
-3991
-2446
-7149
-6239
-789
-5486
-9001
8763
6239
-2834
-9702
6454
-3580
-7685
7465
-8423
-5615
-4642
2420
-3778
-409
6190
5608
-8484
632
-7259
-2432
-6016
3199
2788
4861
469
-5120
3166
-2416
2390
-1841
-1424
-7964
-5760
-7632
3432
-4808
-3779
4715
8167
9917
6989
-3707
-9985
5379
2027
-8569
-5257
6569
6345
702
5295
6804
3890
6342
-9310
7423
593
4685
2059
-8764
3644
-7429
-8305
9723
-9928
-7773
-5241
-1560
-9665
9112
-2272
-4544
579
-4933
-3567
-4577
7951
-4606
4753
-3271
-7479
26
5721
-3185
7561
-1541
3396
-2342
-5824
6609
-5148
9607
-9407
-2606
7408
739
1950
461
-7225
9885
994
3973
5283
-2228
3771
-5893
4329
-2692
-3665
2694
1463
1413
5681
-2478
-5476
-3563
-5616
6975
2652
-746
9545
6901
-8011
-1943
341
4681
4152
8027
45
-6356
-3120
7286
9493
-5459
-4076
6731
-3797
-8192
4607
3698
-3810
4339
1077
-3802
-7709
-1537
-9051
-3774
-2637
-7867
-4278
-9120
24
8159
-6398
5907
-3164
-8027
-1993
-5264
95
783
-2750
-8046
-7657
-953
-691
-6857
4553
1420
-4531
2792
-8289
8554
280
834
-1305
-7684
-2718
-3747
-8909
9694
7590
-3636
-2046
-7323
4631
3937
9544
2952
3463
-6557
1149
4688
-7687
8027
6846
-8927
567
-5532
-4106
2477
-4094
7750
-4946
4353
-7022
-1834
8870
-6700
656
4224
5286
9044
-8639
-2517
4680
4584
-7360
-1426
-6607
5729
615
-1145
4654
-3665
-5198
-7705
-8410
5079
5512
-6962
2611
8847
-8853
4325
-7860
-2118
5771
1911
2221
-3450
-6667
1425
1497
2864
-6594
-8950
-4919
2193
-844
-6368
-3247
2952
2669
-5073
4979
406
-2803
4336
4969
526
-7092
-2112
5602
-1897
-3212
5378
1224
1018
1260
6234
-6000
-1864
5885
-5725
-9473
5027
8591
-24
861
-371
6250
-6769
-3762
-9819
-6397
-2498
-570
-4591
-5339
-8984
-2108
2121
7671
-8506
-3640
-6983
2007
-6807
4286
-1793
-6501
4953
-2654
9212
3500
9402
2487
5675
-5222
-5313
6413
7017
4120
-5302
-9056
-2744
-2234
8166
7792
-6749
8656
2144
-9281
-4432
3992
601
-7795
-9778
3661
-5533
-6419
254
7912
-9109
-7115
-5671
3950
-5780
7024
-8699
-7282
-4966
3955
3160
5959
-6236
-2790
-1555
8620
3305
-8385
-9065
-4424
-7000
-9674
6945
1888
3698
3945
2384
523
-4152
-4619
6404
451
38
-4835
7200
-5940
1897
4280
-3141
-2127
5339
-403
9989
-7646
9548
-2846
2703
3477
-7972
8751
-8592
3301
-2808
7988
9541
1353
5027
5202
-8876
-2378
-8699
7786
8146
-1999
-825
7291
8430
2590
-8191
-7222
-8996
-9867
-5423
9047
813
-4966
-2
-4920
8450
-9312
3940
5200
-1706
-5050
9090
-4783
3279
8657
-5242
-6278
931
3910
-5090
-7410
-5551
-1203
6634
-770
-7381
9142
2395
-2505
6015
7524
7573
-9688
5290
3289
-8011
8655
-9366
-1902
-815
-667
5663
5061
6965
-7435
-3645
4089
-3038
9664
-7236
8423
-3302
2562
-88
2324
2677
-272
4055
-9864
-8427
2431
4695
4812
1413
-9242
-366
-4258
-9335
-1652
3318
-2132
-612
3859
6929
-466
416
6738
-3461
-4245
-5500
4321
9635
-9640
-2064
4046
-6808
5677
3076
-7912
6761
-3937
-6844
-1133
-7646
7186
-7064
-5250
-1364
-1067
9628
6493
4539
1273
-3959
-4803
-7199
-9957
-5881
2821
8951
-6115
-8949
7250
8545
-836
-2326
915
2081
7589
-4810
-1556
-426
5998
8124
8591
8840
2101
6096
5985
-3378
-2859
6575
-4945
7502
4515
6249
-4291
5076
8985
3892
-9621
4203
4609
-7186
3488
6112
-7722
9640
-1528
-4459
9599
5476
4417
-6682
8590
238
929
6554
-2840
2305
2358
-1895
-3912
6018
-9193
5027
-6811
3979
-8270
-2302
229
-8321
934
-4494
-736
7279
1287
6787
-6586
6786
7308
1260
5172
-7087
75
851
-2949
-7060
3672
-1022
3233
-6489
2026
-5466
-4044
3887
7008
7884
9169
5590
9742
6023
3964
-8712
-3806
-9260
1665
4740
2213
2878
1234
114
-7597
2052
9073
5517
2143
-3545
7441
8571
9978
-6805
-8303
9966
268
4337
-7183
-2138
4592
-2304
5905
-6511
-3362
5237
-3998
277
2287
8653
6996
2634
6948
-3696
-7110
-1972
-1552
3165
-1343
-5368
-9622
-8418
-7291
3338
8668
8759
2402
-1047
-1324
98
3964
-6804
6678
5870
9158
2580
3882
-7730
-7388
-6645
9592
941
4436
-8056
4190
469
-9039
1613
5667
-8357
-6329
-1224
-2617
6425
9453
-6657
-1801
8098
-4061
9537
-7898
1548
7892
-6193
7951
4095
5812
7104
-4340
-7875
-6491
7616
-1077
618
-8903
-5902
428
-9608
-4620
9513
8430
-1928
1424
656
-1839
-8248
-9672
-6655
6285
6156
-3685
-6639
-1479
-5927
7690
5253
-5303
-458
3199
-9904
7360
6875
6341
9643
1274
1707
44
9746
7831
-4790
774
509
-3305
-2798
6559
-8266
8610
-7368
-4627
7458
4904
4619
-3149
-340
-83
704
-8663
8728
3933
1871
-8202
-3009
1184
-9305
-258
3872
5584
-3118
454
-4879
-4787
4410
-1311
-7446
9805
922
-7825
3446
-1179
-1418
-3613
-5853
-2814
-731
-3713
6129
2557
-8812
-8639
6124
-4198
7129
5868
4049
-117
5362
-8631
-7190
-4796
-4609
-7818
5280
2341
-7704
3935
6103
-9709
1963
-7919
840
-4948
-431
4389
9527
7246
4747
201
937
-789
388
3170
-3972
-3658
-2445
-4937
4176
-1393
3900
1046
2212
-8310
-8286
9974
-7720
1711
-496
-130
802
-8743
2689
4434
-1507
7933
-2830
9471
-7469
-6973
-6259
7709
-4763
-9533
-7147
8799
-3673
9065
-7372
2732
-6750
8520
-3654
3120
-1506
-3405
488
687
-3413
-7247
-279
3123
-744
8507
-4521
1195
-5937
-4071
813
7299
208
4049
4682
-4824
-9561
-2644
9473
-5206
1416
5026
473
-5123
3392
-5930
2703
-7039
-3143
108
-689
50
7320
8530
-1305
-2177
-6703
-9099
-9877
-3942
8899
-8637
-6129
-6554
-7356
9455
-7322
446
-5075
1713
-2522
1959
2428
-7145
9093
-9100
-9033
2172
7408
-3510
-5975
-3596
7306
-4991
-4824
7894
-8698
-7027
-1357
129
9629
3986
7986
6343
3704
6000
8215
4880
-5163
4318
7778
4049
478
-3675
1325
-3204
-2905
1855
-9570
-8586
2123
2453
-3001
1483
8376
7458
8133
-8969
-1165
5824
7496
50
-4839
3582
4934
4665
4539
3016
1541
-7460
-4147
3007
-7323
2833
1375
-3948
-118
-3074
-7337
-4159
526
7358
8383
512
-8058
-6349
9236
2451
-788
994
-9988
-1696
-1905
5578
-8332
-2508
2840
-2065
2380
9309
3881
-5071
-9920
-7802
4255
8789
4785
3828
-7600
-6030
-5225
-5179
-7279
2720
2537
-7298
862
-4718
4973
-5428
-1543
9920
8589
-9709
-1677
3916
-7266
-9214
729
-8726
783
367
594
-653
-6905
-6958
5945
4736
9849
2094
-5394
6005
8816
955
1315
2107
-4468
5801
6039
-7995
6998
4415
-3476
2058
5247
9433
3829
5196
-2213
-3576
7296
5080
-6621
2803
8276
8880
-3721
5497
6591
-1559
7084
1707
6778
-4065
-6733
-2260
-2708
3752
-9512
5632
3737
151
3230
6712
-3272
-5821
-7262
-2030
2998
372
7174
9818
7971
3735
652
3620
-6374
5843
-7131
8863
-3839
588
9547
5966
-5884
-1977
5822
-7460
1910
4515
-7
-5705
-188
-3831
5192
-1379
4136
2442
6015
4059
-4963
-6801
-6569
6853
-1545
6082
-8177
-5287
457
6970
-4941
5438
3149
9106
904
3993
1070
-4772
-9258
-150
-3722
-7905
8259
4838
5079
-3118
-9177
1984
4630
760
6050
8509
-5628
-4277
-3782
2257
-3935
3435
-8618
-3080
-7034
214
-2206
7429
-4341
4109
-6742
2938
9705
3708
9835
7036
-4341
-21
-7485
-731
-3086
-7391
6894
5405
-2008
8553
-8367
-3465
-6315
1984
-7736
6622
-6845
-8647
-7117
4358
1315
1089
8857
200
9955
2454
5598
5917
5813
5720
2399
-3354
-3742
2771
4164
-8273
9158
7766
-4241
6765
-7571
363
-8039
-7907
6736
-8457
-9779
7074
4016
6004
3072
-8464
-4577
-3109
6369
8863
7016
7718
-98
887
-4065
1469
9461
-9392
-1453
1874
6233
-1383
7706
-6379
3704
9981
4111
1654
-6846
-1077
5033
1582
-1845
5917
-6701
965
7280
8734
-4432
-9696
7446
3504
411
8064
5053
-1248
-5693
-9072
-1338
-5341
-8688
-9595
6474
-172
-8157
-3752
6084
6019
-9482
-5450
4634
-2832
-8548
9144
-216
-9974
5546
-7953
-6323
-7530
7059
5758
-5379
-5312
-6017
4528
-7172
-3747
4596
1015
3669
8240
8221
2433
1675
6333
-7962
6680
-4713
9682
-3869
-3263
5006
-4014
-442
-7593
-490
3092
-3709
5187
-3654
-2764
4779
-5852
-5187
-3579
-1963
-4572
7769
8349
9656
-9085
5896
8862
2039
676
2265
-9819
-3482
-4922
4504
4783
-6897
648
-4935
-6379
-4552
-6905
-7661
7024
-2816
5042
-4357
450
-9355
-9345
7902
6777
-5666
6194
5461
-1976
2626
-8641
7096
-8501
3489
7180
4657
3163
9463
7192
-3066
7476
-1564
-4480
606
-6180
-4682
-3572
-5186
6598
-4812
-8336
2243
-6104
-3022
9701
-3546
-5110
-3611
-7883
5000
7175
-8029
-5865
2192
1860
-7945
7258
-3343
9865
-7788
2048
8277
-8637
-8508
4833
-557
-6957
6036
8677
8890
-1694
-2997
-6480
-6954
-4256
-2741
-1977
-1103
-7642
4663
212
-1722
7996
1147
8080
-6484
9236
1253
-9036
4852
-7054
5686
8770
-820
4396
7157
4645
-9034
-7203
-5622
-1564
2179
4716
8263
-9531
8028
5986
-5974
457
9484
9180
1451
-7284
7822
-7294
-2117
3348
4566
5619
-8842
5833
-7499
8301
-136
2530
4547
-6064
-490
6685
4141
9265
-5287
-1260
8841
-4096
2163
8909
317
-5736
-7545
4592
-9471
7428
494
1593
-1558
4322
-824
-7600
-5593
-5248
5583
-39
7285
7405
-549
-417
-1237
9615
-4386
-8915
5752
-9180
-8506
8788
-8079
-7504
-6889
627
-9514
977
-1155
587
8623
-9472
106
-8550
-2944
-5374
-4086
-2252
5438
9343
2911
2133
8912
1977
-2927
1804
-8760
-2663
5954
-1695
-6063
-3196
9511
-5654
-949
437
3844
-2217
-409
-1021
4852
-9036
4641
-4055
-385
5432
-6005
-1046
-6911
-2553
-3377
-8428
1324
-6075
-9822
-9102
4319
7071
-9085
1368
10000
-6166
3282
-3527
-7243
-8907
6335
-6632
-2686
3361
8394
894
-6647
1617
-5606
9292
8801
-63
-4610
-3947
-443
8368
3951
6124
-468
-4073
3280
-6719
425
8463
-8773
5476
-1882
-5273
-2400
-245
-5832
-7956
-3482
-4123
-3302
-2831
1575
-5429
9669
-8222
-7170
-2567
8594
-8272
1223
-4855
7688
-3409
8753
-1497
9997
8010
7710
-8257
-5161
-530
-8622
3044
-946
9390
9825
-1391
1919
-9471
432
-6407
-2671
1297
-3185
4114
-3556
5314
6140
-7619
2702
-2612
2753
-8126
934
5750
-1707
1306
-8862
9809
-3616
166
-3761
-2096
8488
6255
3284
3875
1471
9872
6340
-9282
7907
1047
9046
-4535
265
6025
7910
1398
-3841
4889
8353
5870
7071
-176
3474
-5773
-1143
-6245
5100
1431
-2375
-2085
-2926
-5061
5837
-8080
-3710
-678
7432
-4087
837
6275
8701
-7804
-1491
6470
-2722
-7212
4909
-3418
-9378
5850
1822
7034
1335
-6807
4670
7174
-1314
9673
-1845
-620
-8103
3357
6911
135
-5599
9535
1875
-5106
7753
6353
8668
3647
-5701
9406
-259
4644
-3159
2352
-8558
-8809
5985
-8360
1907
-8045
9732
-1195
2881
-9247
885
-5499
-3129
9312
-9131
-3354
-6911
1479
24
7676
-6874
-233
-958
-4004
77
-3137
149
-3795
-3535
-4283
5451
31
7777
6270
-2124
-1324
-2822
-2158
7997
9931
-1740
3838
-1455
-3018
-9099
-2275
-5335
5673
7475
-8538
2752
-1113
8507
5262
-363
-2471
7580
-7050
4222
8679
336
-7764
-7685
8821
-6768
-8567
1833
1890
1651
1104
-398
1210
730
5127
-2798
-659
4665
6025
826
5730
6968
-3615
-8849
1728
9348
874
8855
-5156
-1032
-4663
309
-6133
-2858
7260
2410
4969
6557
922
230
841
7658
7267
-6981
-9053
4425
8136
3259
-3114
-8927
8285
-6727
7511
-9565
-878
-5724
-7620
-1589
6580
7175
-2587
9784
-347
4225
-5033
-9142
8078
-5141
2915
9952
8833
2592
-5876
-1318
7697
-8624
4942
-9878
3420
-2503
-3450
7359
6718
5610
-2153
-6005
5716
6814
5899
2987
-8804
-3588
914
-987
3994
1672
-6199
1392
9585
-2840
5850
-4078
-9793
-9610
-1904
-1305
4537
-6739
1839
4284
-100
-7803
-6444
-948
9370
2170
3264
-2779
-7448
-4407
1635
-3639
8000
-9716
-1171
9076
1861
3069
-3940
7580
-9553
-7915
-8297
-1439
6002
-5629
-9659
6983
-1141
4024
4051
3890
1712
3778
2363
-8289
7744
-6891
1850
5478
1027
-3874
7911
-5595
-145
-2792
-4603
8945
7060
-206
9014
-149
-6405
-4660
2659
3567
-1844
-3781
-3516
-2266
-1645
8589
-4175
-3303
563
-8784
2455
7450
71
7259
5616
-6575
3135
1362
4295
-9139
6997
9192
5599
-4049
5987
2496
-746
3327
5122
1874
-7460
-9430
7158
3125
-2149
4670
-5246
4285
9858
-9412
5447
-192
1825
4341
5145
7874
-4582
3117
8245
-3357
-6145
5069
6351
4178
6773
5066
142
-7674
2083
357
-3207
3114
-643
4042
74
836
-3613
8673
-244
9630
-1057
-9709
9114
-1045
5952
-5177
1106
1833
4938
4989
-6395
9999
-7424
-5899
-6677
