7566
0
-4554
-535
9835
9386
-6681
9429
-9395
1276
-3170
-5290
-1767
-4559
-6819
-3982
-2488
-8436
-1167
7453
5761
-7752
-6171
5167
6550
1021
-6024
3917
-2842
-1974
-4309
-3983
6995
-2980
-3266
-8863
-9080
-8513
866
1167
492
-6180
-8148
-5653
-5441
5916
-4153
3581
-8505
7991
934
7339
-2586
9144
578
6679
6061
-3077
8106
-8216
1714
-5540
9887
-9606
5349
1922
-5204
892
-4567
-4890
3937
-3102
8499
8208
2737
8590
-5007
-5551
7110
1317
154
527
-9301
3578
9252
-4736
-5430
-7200
-5664
6342
-1653
-346
-796
-5472
9989
5424
9318
-3700
1683
-7134
-5177
-4403
6644
-2739
-8837
215
-6240
-492
-7531
-9412
4499
-4992
9356
-6945
-2302
-2621
3383
6417
-4234
954
7613
203
-5361
2790
-2582
5199
-1690
5534
-5911
7303
6485
6143
-9543
8111
-5373
-1717
4533
-696
-7333
9590
-9629
-5608
-473
6466
7673
816
6766
7496
7456
-2397
-7293
-5920
-4451
7888
7744
6060
-4886
6209
9264
-1614
6321
7747
-4054
-8225
2200
-3318
7788
-1772
-1012
1478
9029
8624
9480
-8396
8605
-7373
8381
-1420
5852
9217
-1090
-1069
5834
5384
2214
-7312
5014
-3888
-3700
3034
-6906
2418
-8942
1379
2474
468
7351
7482
-1921
4885
340
-1174
-3257
-2809
-2136
-8335
6315
8331
7626
3179
-9117
-4125
9748
902
-8739
-4399
5374
1391
1419
-3759
-7701
1398
9216
9601
2727
-166
2305
4485
1613
9009
-9426
3478
4673
8626
-5475
1274
-1070
4701
-1024
-7820
5214
-3351
2064
-4673
1798
3912
6613
-6364
5335
-9365
7197
371
9326
-8755
162
-3040
9262
8841
-4890
-7387
-4990
-6523
-8700
4770
9546
-4307
-7782
-9129
-7229
661
9745
-2530
-670
-2368
5130
-9348
6443
-8292
-6254
-2365
-2751
9753
-3137
735
6317
2901
5733
4595
199
-4692
-3929
-2571
-3798
-511
8214
9956
-1705
6683
-5353
9693
-5896
-2577
-9675
-2268
371
9644
5782
-6813
3146
282
365
7574
-8321
8910
4654
-5557
-1163
-8015
617
6347
1159
-4412
-3390
-9138
1182
1186
-6830
-210
-1348
8703
4051
-9813
4072
1829
8781
1086
7453
-4486
-3043
8044
9275
9393
5356
-9229
7251
-1158
-8443
9919
4545
1342
5101
4429
4317
4793
2847
8493
-5721
-5345
-4111
-58
8643
6974
3944
1022
5904
-8158
3296
-6410
3001
3690
2738
6613
3169
9307
-6294
435
-830
-2562
4133
2871
8868
-9999
-8423
9974
2070
3076
-5166
-6151
-1191
-1516
5432
1597
4629
5047
-4908
-3528
8425
2267
-7436
-925
-2362
5077
-4213
-3308
7920
-6545
-1023
6825
2176
3021
-7679
5315
5794
1177
-108
4538
-4093
5944
-6344
-9443
-358
-4422
8252
-3150
-4532
-1126
-6212
596
1130
-2324
2757
8998
3240
-7962
3711
8061
-4127
8979
1442
4239
-6679
-7863
-8602
-322
-4683
-7329
-5575
5883
-2660
3769
9140
9024
7822
4241
8102
-6974
9994
-1776
-4249
-9440
-680
4970
9790
-6565
8407
-2007
-3296
8876
2579
9255
-9560
-3274
4479
3295
-7986
-849
-7910
9834
1032
4675
-3850
9444
-7559
-7267
552
-5852
9451
4295
5633
-6625
-8873
4668
5274
775
4190
-400
8406
-7091
2630
6557
1198
752
9959
-3654
8276
9931
-4682
3460
-2359
-6349
6414
3426
1713
-7207
-1513
-2121
4551
4582
5640
5509
-7055
2416
-9159
8089
-3324
5970
5018
-5461
-8574
-3190
-157
-9624
7119
-878
6138
-3254
-7961
-6410
2400
8194
816
60
6558
1949
3539
6744
-8691
1648
-7819
2424
3070
-6976
4112
-4380
9004
-5435
-4468
6979
-128
4538
1050
3944
-259
-2523
-714
-3875
-7144
-5227
3312
6225
3839
-547
-7955
-2965
-6798
2112
-7979
-2456
-540
-6981
2203
-3139
871
4560
-9542
1827
918
-7213
-2007
-9686
343
3620
5926
3956
8427
-5121
3740
4108
5130
-9940
-6951
-9985
9523
683
2260
9318
-8075
-2081
-3536
-4444
-7863
9665
-488
3609
-557
-949
2385
4241
-7599
-8390
1340
-9502
-3943
1965
-4813
7448
-8520
-8057
-6699
-4736
3974
-8155
-2179
4137
-9455
-1041
278
-881
1920
8150
1219
-6785
9837
9972
-3065
-9337
-809
-882
8360
7226
-3927
-9346
2115
-1053
-8680
3784
8726
-4367
7373
-402
-312
-175
-426
6385
-6701
-9515
9453
4041
9030
-4803
-9796
1963
-134
-4458
-6135
-2971
-2667
3855
-3498
7768
4640
8871
218
7503
875
-383
2603
-8063
167
-1261
6309
8844
-1699
8678
5414
-5762
-2308
541
2228
-4935
-8193
-7330
1961
-3703
-9689
890
8155
5725
-4291
-5001
3312
-2155
6315
-1189
-2173
-9266
1812
-1617
-475
4204
339
-6275
-5044
9252
4367
-720
-415
4176
2984
4474
-1757
-3540
2955
-8376
-9945
-7257
2240
-6691
9038
-7275
-351
-8677
7881
-9160
-6922
2972
893
1572
-7801
-7346
-5081
4735
-3082
-3943
1931
-6239
9823
-5692
-9644
-4453
-9131
5100
962
-7499
9972
2477
215
8691
4054
-4493
9920
1793
6599
-9943
8721
821
1139
-5645
5441
7685
-1503
-3775
8661
-8322
-3063
-1213
-7567
-378
2118
8775
2111
-1387
3738
7965
7056
3369
-4622
1168
-4957
-4908
3441
-9390
-3298
-6677
135
8942
2881
7921
-6987
-6353
5448
8063
1504
-5613
8468
-6559
-1339
1080
8906
8647
-2946
-1285
-8425
1747
-5193
5643
-1594
-6828
6251
4684
4553
-3041
-3097
8625
-484
5746
9195
-5233
4550
-7174
-6033
5973
9377
-3913
6143
4997
4146
7967
-6788
9041
573
-151
-8528
-1270
-1010
5308
5280
2341
7447
3367
6476
877
-9271
2033
4371
3705
7407
6162
-574
1123
-6859
1496
-2194
-9488
-1840
9049
7195
-2014
-3136
481
2040
8332
-1234
9650
-737
-8464
8269
3141
4524
-2149
7632
4105
-7421
-4667
-5406
-5951
-1525
-4445
3352
6939
8062
108
379
7770
5228
-9074
-920
-1728
9173
-3960
6585
-4221
487
382
-5905
-4605
-7567
4592
-2343
-8906
4151
-2421
8228
3536
6703
-8530
2517
-5869
-4254
-763
9172
9819
-6768
958
-6466
8991
1066
-8815
-4831
-9908
3283
-1108
8734
-4524
5433
-2437
9901
-1851
-5430
5884
-6023
1749
-5164
-3690
-6712
-7570
8881
1576
7768
8587
-2997
5239
-7697
4587
938
-6462
778
333
9201
4866
1122
5394
-9391
1601
-141
-3798
9924
-8135
-1469
-3011
8090
9402
7421
-4617
-5497
-1514
4336
6544
4235
-6616
-6140
-6822
-6009
5302
7400
6571
689
-8698
4557
8675
-4795
-5407
-3334
8108
-5276
9802
-6791
-4627
9476
-2079
9891
-6254
496
6683
3416
-2967
3873
-6165
743
2840
2833
7498
-7929
-1390
2678
4587
-4524
-7685
5747
6774
1192
4007
1488
-5751
-7298
3886
-8368
6341
8942
3299
-2078
-5483
-2404
-7045
3710
-6203
1174
-8319
8586
7932
7154
9231
-1576
2118
-3859
7226
5960
-4014
2037
-7359
3191
-4483
4654
-8227
5118
6960
8722
-3947
6859
5895
8059
-3453
-9730
-3293
9167
-7986
-9840
5486
5523
923
-3970
-589
8293
3143
-6128
-3847
2974
-1205
-1712
-597
-6945
-7359
1533
5152
670
1775
1757
9276
8241
-7082
-8954
6225
2314
5254
1410
4107
-5560
-6589
9718
1340
-7975
2338
273
1185
3509
-9096
-950
-7081
-6359
4452
-3177
7544
-8797
8229
5992
-6480
9295
-6437
587
8862
7280
-9831
-2863
3165
-9061
2436
-2320
-1291
-7176
1458
-8533
2485
-8762
-1734
9659
-7140
2118
589
-1319
-2496
-6440
4615
-5049
-8206
2949
9386
7303
-6142
-8025
-5364
7536
-2119
-1682
9326
96
-4949
8971
-7309
-3771
6269
-1457
2649
-9986
-5267
-9191
9044
3769
5031
9854
-9936
1372
-7133
-8689
875
-3170
-7600
-4255
8890
-9645
-2069
-8777
-9200
8282
845
5099
5735
8610
-1211
-4609
-8321
-9184
4358
4091
-2063
-2765
8706
-2245
6393
-817
835
-7968
-6746
-7373
3794
-5988
-49
-765
2118
4818
-836
524
-4847
-677
4306
908
6578
-1320
-8026
-9155
3449
-9128
3132
-3978
762
-2973
-1683
619
-4352
3717
-8194
-8864
-4257
-89
-1116
-8937
-5095
-2158
-2989
7409
472
4111
-6003
-754
-8352
8730
8664
-3277
931
-4550
-6073
7862
-4437
1258
-6178
1657
-5708
2923
-5199
-8032
-2140
-1461
3449
9591
8681
-9750
6394
-3636
1110
8811
-1103
-4879
8242
-1253
-5846
1334
-23
3135
-2497
1712
8217
3765
-1330
-198
5403
4658
-2360
-9165
-245
-7275
7548
9790
8465
8793
-5504
-2497
6441
4087
7343
-8542
9169
7610
-4781
8704
-3801
-5098
-1046
6302
-6925
4195
-3443
8092
-1453
8290
4217
3794
-8307
-7961
9128
1688
-3902
-1400
-1024
-7417
8492
-2675
8056
2764
-6896
3090
-4341
-5598
569
161
-8548
-323
-6445
-2360
1959
6464
-2195
4074
-2623
-8440
8168
170
4403
-1103
165
5134
5775
5012
5416
1975
-87
3208
-9790
1978
-4717
-7482
1076
5727
-8027
2939
3
4510
-5472
9785
-4363
-4919
-9042
-8276
-7681
1507
1076
20
-2701
4299
-4548
3420
3847
-9566
-3311
3334
2203
6688
-8952
8084
-9689
-2205
-7466
-5810
-1270
316
-5864
1883
-6143
6659
930
-5461
4291
-8835
-1486
-5699
2776
-1003
4995
-991
8795
4963
-6774
-4824
524
-49
-6
2573
-2743
-698
-5823
-5121
6807
-1453
3813
-5701
577
8267
7461
-7951
-380
4278
-1976
-5112
5521
-5828
-4806
3890
-188
-1548
-2069
-549
1620
5186
134
6365
2833
-7798
-5284
-5727
8866
-8137
-8213
-5329
-7348
2231
5651
7819
1376
8980
-1352
-8370
4738
5604
2864
5018
4041
-5969
-5103
1490
4711
-2394
7076
8825
-8706
-5200
-9211
5766
5917
1762
-33
-3322
2883
2233
-1628
1843
-8828
-398
-1412
9307
-6554
8025
-8300
115
-3236
9556
-8414
6510
-507
117
3719
6083
7441
-9333
-8076
8901
-3750
-1512
-8459
-8227
8899
5030
2098
7217
8938
69
9763
-560
4974
-9585
3411
-4989
-7413
-9817
2340
-3410
2407
-3444
3792
5015
-483
-9576
4519
-1335
-3031
8775
9309
-4797
-6420
-332
-3398
-6025
-2292
5651
7918
-9341
7371
180
5638
9180
-1347
8659
1555
-4651
-4426
8451
9236
7647
8712
6231
-439
5055
-4490
3314
-1497
-9693
2708
7697
-7470
161
2154
-6221
-8098
7293
8218
44
7414
2399
-59
-3510
-8810
-9421
9264
6887
2822
209
-7534
6034
8666
1974
-9728
-5361
-3015
-8363
-6235
-7104
-6867
-6024
7948
3433
6654
-3642
5733
-5662
-9186
-1872
-4937
-6618
9609
-164
-2805
6916
-3800
-5289
-1484
3609
-1658
-1152
2687
-9697
-7945
7738
-2067
1876
5851
-5890
-4004
-5734
6374
-8784
3637
9684
6950
4425
-2440
1060
4871
9645
5526
-4056
9393
-8854
4851
1870
660
2803
-5982
8135
-8003
8968
2605
2701
-9058
-4088
3101
9143
3219
-414
-5791
-1938
-1028
-244
4512
-7695
-4364
6332
-6057
7639
1674
4839
2768
-3081
2335
-4712
521
7150
-5114
2633
6705
-5986
2449
-4200
-6889
317
4843
-8117
9736
-4916
5110
-225
8459
-8546
-6189
-4811
-8015
-2436
5236
-7200
5804
9006
-3834
9242
-7419
6481
5339
-5481
6684
-2923
-3684
9908
98
-477
-2996
-6028
166
1469
-8083
1025
8410
-8462
-9617
-701
7461
138
-3280
1205
-2396
1767
-587
-3370
5993
268
9904
-7889
796
-8015
6934
-9736
-5315
-6378
-3244
1415
2610
-4598
-295
-1042
6523
7135
-6245
-2696
-8930
-8427
-390
6873
7442
-2134
-8109
2236
3883
78
3644
-9488
1158
-7954
-7543
2150
-1451
-9296
5230
263
-6430
8062
2748
-3823
-555
-8650
8546
6593
5625
-4083
-2228
-5827
2178
-9063
-288
8397
-9131
9738
8815
-3828
9374
4075
720
9457
-7293
-4124
8424
222
-5949
-8249
3689
-247
4033
-7893
-1430
-2995
-6382
-9706
-4983
8643
1879
-1173
8296
3085
8241
4325
-4793
4043
363
-1554
-1547
179
4494
3858
3993
-2648
1336
-279
2196
1188
984
5451
332
-7084
-9761
-952
-4832
1637
-8037
-9415
-3534
-9895
-9153
4331
306
5795
7398
3088
3451
-7763
2527
8311
-5899
6070
-8222
8518
1767
-2890
-1480
-9506
2470
1260
-6986
-4429
1275
1303
-1515
9946
8325
3494
-3017
-5639
2439
5628
8885
-9861
-8776
-8172
-7898
-7140
-2861
-7309
-3137
9606
-1961
-9645
8540
2802
-9277
335
4566
1056
7161
6633
-3927
-2446
2265
-4196
-5763
7679
6832
4185
-6093
-610
-2582
3936
7801
-806
-3665
4087
-8061
3016
-3381
-9378
-9284
1314
-4296
413
4627
7187
4850
-6812
7808
126
3427
-33
6280
-9583
8026
-5285
1308
-8194
-301
6017
-2110
5060
524
-1954
-3476
-4292
-990
9328
513
-2267
8431
7062
-5434
-4939
299
-2322
7161
-8977
2193
-709
-1686
-2611
-7004
3456
2886
3128
2589
7488
9089
638
-168
-5565
-9405
-5888
-6927
-8645
5348
-2425
5161
-744
-1627
3364
-7341
2906
9656
591
1025
6348
3468
5753
5742
-4437
4023
-4160
-2128
-3967
-6039
-4935
7288
-6650
-464
711
-1156
-468
1888
3576
-5611
-5799
-2995
9039
2148
-5813
8897
-8087
5983
8057
697
366
-2056
9283
9100
-8479
-9122
-4528
-2041
3728
7842
9808
910
-1329
5248
-4620
-987
-4200
-3078
-268
1955
-740
4148
1361
-6912
8284
-3771
-9428
1064
-7933
-6004
4793
3540
-1160
2734
-4548
-8060
-6142
-9846
-3717
-1321
-7120
-3731
4891
1577
7716
-7476
3049
-6992
8782
-6473
-1787
7688
2574
-7593
-9002
-4250
4839
-1137
2974
-1576
-2590
-3586
-735
9195
-3895
2216
1135
-355
5965
-4120
-6524
-5347
6975
-1131
9404
-1734
-1208
406
-2536
8826
-5289
73
-6404
-6894
-6772
-1473
1640
4219
-7444
-7150
238
-7903
-4974
-5894
3687
5641
3019
-8416
1773
-1667
-4471
-7348
-3944
-9414
4041
7424
1438
220
-2398
-5861
6196
8036
5698
9606
1178
8237
11
-2633
1320
-2336
9047
8974
-571
942
-1935
-6706
-4718
3365
9991
-97
3997
-3924
-2783
-2026
5815
-7490
4836
-1938
-2900
-9224
-1359
1975
8835
3378
-4705
-9949
-2191
-3511
-5400
-4794
7428
-421
-6403
-2384
3467
-6349
-8634
2380
-7412
-2533
5806
-202
-6154
-1962
-6375
7107
-7172
2778
-3093
-7705
-2635
7065
-4370
-2545
-763
7571
6885
-2309
6623
6398
8701
-5373
-6489
2464
-3725
-1546
-1862
-4487
-4863
-6505
-488
2675
-8549
-2316
-1033
-2812
1711
8616
-9448
5527
-530
-7867
-7017
-3772
3669
-3845
7506
-9355
-2434
9597
-6084
6513
-8818
-2093
-5384
8761
5349
-9026
9369
-7177
-7655
-7556
8640
4081
3039
-5238
-9092
9048
-4525
-2687
-7478
5788
-9488
8871
8115
-1104
1738
-1940
9440
5004
4483
9357
6150
-386
3649
-6773
-7097
-2119
4376
-5536
8200
-1936
5662
4555
3654
-7587
7611
1134
-6356
-8035
2646
1170
-1093
6329
6381
782
8360
5900
-1397
2673
-2304
-4761
3220
-1565
-500
3654
9429
-8223
5204
4621
-9182
1172
-603
525
5987
-1048
-9166
8328
1693
5640
4518
-508
-1135
4594
1719
-5636
9308
6219
9326
-1399
8451
-1908
-5212
-856
8837
4244
7135
-6442
-6424
1798
3158
1055
1533
-1625
7546
-7826
6285
-4224
-7662
7536
4730
-6321
7018
-2121
9271
-2963
-6294
5189
8608
1683
-5384
-4186
-6055
-2250
2824
8445
4474
-2081
-3867
8648
873
-227
-979
-7986
6526
2851
-1110
-8038
-600
1715
-5079
4326
-5011
-2154
-3242
-7883
1249
-4238
8449
-4551
-9498
-9814
9114
-2724
-1975
-7881
1750
4026
9273
4523
-4705
-4910
-9963
3277
4831
-8312
-9261
-3748
-7404
-3395
816
-5860
-7423
1695
-250
2247
-8590
-7251
7431
-7395
-7369
-7467
9915
2912
-2991
9057
1528
-3491
1079
8106
1446
2282
8974
-973
-6228
-924
8520
7683
6270
2315
-1619
-8173
3591
-9872
-9653
3051
-2034
7235
7501
-9021
1978
-5248
9060
-2266
6810
5671
7451
1249
-4589
-4224
1549
996
-3849
-2996
682
4834
-236
-4316
-5608
4088
9058
-9613
7250
5797
-512
6122
6736
-374
8503
2806
752
-5405
-8977
-784
-8860
-6177
8027
-5871
-4160
-4627
6445
-9239
-3759
-1246
82
2389
4169
-8028
8759
-4998
-1566
-8765
705
1425
-1754
9550
4414
1267
1182
-963
-4313
-2326
8398
-9746
-5134
-2270
-2625
660
5843
8207
8856
-3046
6536
117
-2775
3516
3021
783
-4816
-7508
3875
3032
6415
5128
9376
-5766
5908
-1189
-8563
2956
-4914
-3735
-7841
5319
5371
-2900
-5890
-4442
-8367
-9610
-2812
6541
6398
-1572
1133
2007
-8702
541
-7083
4136
6513
-9804
-553
-8993
4731
7144
-3388
2043
-375
2225
-9717
-843
7439
9723
5963
-8962
2911
-9032
8205
1865
5855
-2113
9611
5332
6067
-7859
8237
-2906
-2899
-9478
1689
9788
173
-5170
2082
-4230
-9437
6381
1329
540
-1348
-2276
467
-4936
-5832
8595
7893
4233
-307
8007
1804
-1557
-7163
7966
6612
-9240
-8779
-2948
-8841
-4307
-4098
-3111
-170
-5339
8660
-8781
3660
-4054
9209
1045
-9344
-8351
-4265
-671
-8723
9431
-3697
1047
5383
-4389
-1891
-2313
-8463
2427
-1437
5461
9092
1327
9429
-7343
3979
-5914
5638
2323
8572
-8137
-6082
-4463
3944
313
-983
-5920
9610
-9541
-2596
-4156
520
-6955
4835
-6368
7757
6808
-3183
-9197
-5076
6748
228
1847
-7984
-1598
9191
-6713
-1292
-4757
2436
-9456
-1378
-5222
-8744
-286
9217
7192
-4675
1640
4133
6635
8498
7721
-9437
-3015
5368
-4589
2624
-3211
-5246
-4255
-6580
-3593
3830
-8
-7847
8520
7193
5386
5774
-3756
2684
5903
-5101
-6577
-3379
67
-564
4037
5707
2004
-8054
-5815
6603
1850
-65
-3095
-131
-4505
3610
4937
-9793
-8549
-250
-5195
-690
-2084
-2082
1145
3602
-9894
8090
2543
-9587
-6553
-3233
8663
86
-1336
6353
1449
5349
6181
4168
3978
-4090
-3763
1994
-8359
-5320
-6093
7046
9504
-6174
-9914
-3403
8183
-8791
7572
2402
681
-3108
9479
983
2583
-1343
-4167
-2034
-3908
-2570
6634
-6197
6126
-2702
-3417
7087
3057
686
4177
5893
-5667
-7546
-8262
-165
-3218
1277
7125
1321
-8794
-6108
951
1521
-313
873
-4525
9687
3579
-2238
-4857
-5010
-1794
4422
4983
2903
-8004
1422
1360
5088
3899
6322
2148
9427
-7303
-1551
1555
-1452
5150
4802
8057
8009
-4758
3178
2284
4976
-1360
-6376
3814
-1534
7470
1971
9930
8176
-8576
6459
-1922
7680
-8417
-1643
-2409
-1444
2166
5364
-7293
-8012
3484
-598
6150
-6942
938
6324
-8838
-1123
-6627
1690
-8336
-6104
-1639
-2195
6192
3634
121
8344
-2785
5183
-6176
7405
4601
-5215
395
8503
-1823
3252
-6018
-1267
-8190
-3763
2648
2681
4058
2934
7364
-4802
833
3437
-3561
-5184
-2087
-1557
-110
6718
-3348
2092
-8370
2586
-1001
592
8879
860
8584
-311
-4050
2013
2256
4387
4841
2959
-67
4279
3026
5741
-2424
7392
-1536
-9688
1526
-9458
-9813
7676
-7060
7968
7899
-3144
-9833
2010
-2550
-9865
-686
-1216
-6347
-6303
9463
-4370
3201
-420
-9694
-665
-8601
6831
3644
3441
4746
-7626
6742
9753
1139
-311
-4994
-2061
2577
-7950
6457
6711
2101
-1542
197
-4598
-2184
6403
-5222
9121
7477
3329
3888
-718
3156
-871
-4968
1073
2158
-1454
-8613
5040
9997
-7090
4784
6890
-5208
1671
-2281
-6772
6201
-4648
524
1662
-7315
5552
-8716
1388
5539
7700
5700
4013
-553
-2935
8824
-4621
-5558
-4771
-9
5830
-4022
1958
-8524
2154
7051
9442
3952
3618
-9658
-7057
7205
-6506
-7153
8707
5209
6850
-8933
-3338
9445
-4525
6509
1537
-5069
-1576
-3806
2621
8333
-9180
4671
3988
-1998
6993
2306
3716
9542
1743
-213
6978
3069
-3011
-4565
-1509
7524
8471
-3146
-2260
2650
-8036
5563
3238
2516
-6499
6444
-2165
9677
5308
4437
-6886
830
-682
977
5533
-3191
-5344
-1390
9751
-1155
1213
-1266
-2602
-8088
-1382
8224
3447
3918
-8975
1514
-1500
-556
-2000
-9459
2854
-3598
8246
6468
-2030
5318
5643
7012
-6789
-5804
-4854
-4773
-2610
5917
2687
-6196
-9165
9306
-8871
-4825
2173
2390
-3204
5289
-7076
5083
-4114
7127
3689
-2602
-9186
-914
2582
-3719
-5069
2401
-7105
3050
2587
-7593
6661
-4149
-4928
-4811
-3744
-3504
3380
5049
-257
-9419
850
1100
9349
-682
-5427
1588
7756
9911
-1516
-3975
-2560
-5418
2139
9443
1561
5578
7194
2232
-9722
-2387
-3420
-5551
7179
-482
-6981
-4881
-8273
-2263
-6474
-46
-4025
-7172
-6929
-730
-4004
2338
538
-8727
-6252
-3801
7777
2744
2255
-2857
8478
307
535
-5465
3999
6113
1903
5497
-6004
4864
9238
-5
-5098
-2632
-9426
-3487
5739
1132
-1931
330
6297
5970
1380
-4394
9564
7394
2701
2239
9076
2423
-6719
-9851
8488
6900
-7589
-615
8992
4507
8799
6089
3742
-9678
2994
-2340
-5813
-5714
-1285
610
7683
-7190
-6182
2002
6120
-3826
4566
-6188
-9289
125
5433
4498
9425
-9234
-7684
-7138
-2898
5017
8223
1256
5892
-6668
8757
-9850
5922
7465
-4629
3542
8297
6739
1020
-4024
8530
1787
-2457
9839
5224
9499
-8553
7840
-2365
-5348
454
7486
-2602
-8204
8916
7725
8022
5497
-3813
9129
9804
6585
-4632
-2315
-627
3404
933
-3079
8000
1877
-8530
-3610
9437
4296
-2619
-8991
4611
2686
-3077
-4140
6255
7266
9070
2485
-3502
7079
2161
-2683
-9719
1936
-3761
1811
-2975
4236
-3647
2416
-2806
529
8717
-4523
6505
-7715
4764
-450
8606
-3287
-8718
1568
4321
-3453
7275
7917
7385
-1206
5411
2999
4732
-4611
-6868
9493
3537
9328
-8168
8197
-1864
2848
1699
-1890
-3977
-6004
1935
-4514
-7273
8803
1128
-9208
-6498
8499
-7459
2325
9198
6352
-1691
3764
5019
-7583
-465
4867
3317
-2605
8296
-8120
5084
7698
911
8518
0
-8433
-2867
-6758
1830
-4074
-9952
-4592
-744
1671
2642
3372
9359
-6442
-1533
5969
-5080
-3214
-6146
6622
-2451
6205
-7243
-4166
7552
-497
7395
-6875
2086
-3026
-3935
6621
-6680
-9980
9565
6868
-4662
-3625
-5449
7573
-2167
2396
7204
4805
-7350
-8305
-1452
9077
1435
6344
-681
5119
-4772
-2420
7113
23
359
4930
-6183
-9821
-5823
-9546
-5362
5104
-7488
-1287
-1580
5794
-2918
-8956
-7031
-3690
9570
-4731
5992
-3482
-1598
6914
-8100
104
6753
2363
1725
2606
-4638
-1585
1688
-3947
9324
2470
-3939
3257
7273
-2175
4014
7611
1423
-9775
-7954
-7380
-5309
7506
-3830
-733
5830
-4992
-4488
6179
5197
-4690
-8008
5149
-9309
7490
-3320
246
1788
-9784
6445
-1816
7876
9376
2746
7554
-3149
-821
4151
9512
2560
-4614
-6132
-8130
-394
62
-4852
5979
5927
-9361
3031
4389
49
-5765
-3600
-7849
-1106
-6169
4976
9974
-8981
-3409
-2751
135
5882
-1228
-7120
4363
5601
-1843
4185
8976
-6735
6640
-6948
-1003
5754
1756
1953
-8244
9638
6592
3636
2071
-3575
-3501
7502
3732
4191
3965
-9288
-8511
2370
9291
1882
4631
-7525
2003
-8047
3494
8826
3898
339
-1039
8379
-6284
-108
6520
-5190
-3215
6317
-2511
4739
195
3627
1160
-9062
8296
8988
-3877
5312
139
9499
5803
-2510
-7204
1597
678
-4146
-4831
-1532
9610
-8434
-6411
9557
-7115
-4042
-7899
5461
5261
-5002
-2516
2742
-2311
-1449
5830
5381
6731
8845
-5287
6481
-8007
-2640
-3444
2181
-7294
5197
-5849
8885
1752
4141
-4207
-6096
9433
5277
-5128
-1245
5578
187
-9047
-8627
7209
6099
597
-2485
9482
4466
7466
-1195
-4612
-855
-8369
-9355
-3622
-5172
-5596
460
3167
9616
9177
-8227
3573
2507
8148
577
-6261
1508
-9139
-9500
-8851
3998
-5978
2651
-3128
4704
-6205
-5254
-1201
-9885
1358
-5636
2601
9789
-3199
4031
-3381
9744
-196
-4217
8203
4787
5746
-6168
3631
9722
-3983
1207
3519
9394
-5438
7426
-5898
5876
-9756
8091
-693
3025
-4744
-5640
-2315
999
-5381
-3218
-1710
8321
-5249
4371
-6987
-4394
4969
1109
3116
3463
-8022
-1835
4620
-5102
-7422
1907
-2277
-3761
-199
-1525
7076
873
8746
1129
7511
8311
3885
8098
6793
8949
3927
-9776
-1071
-1832
-5492
-195
9091
8264
967
1445
1026
7133
7015
1311
8989
-7557
-93
-3647
6898
-3947
1563
-6688
-7988
-1196
6500
1599
-8311
-5386
-917
4534
2328
-7955
3099
-884
-2481
-8366
-9353
-4797
9193
-6178
-9559
-3655
-663
-2918
-8422
4095
-1454
-2333
8992
2452
-5698
5833
193
7296
5012
7099
-6501
8508
2821
8694
4435
-5878
5894
4716
9129
427
7735
-8872
6488
2703
3945
-9169
2831
-8662
-9314
-1985
-3239
-5041
2305
-6802
-5007
-2497
-7806
-3431
-4921
-1465
-7309
5809
-5971
-4115
-3233
-6036
-5950
2771
-5546
4892
5031
9595
-5614
-8887
4644
5147
-502
4018
7681
-1322
7845
1268
3593
2465
1554
1545
4071
8907
4907
1471
3328
-6194
4590
-6106
6614
-3609
5627
-472
7097
3360
787
4081
-3844
880
7065
7174
-3652
-2798
-3771
3742
6201
3162
-3938
-992
5883
4434
509
-7130
9255
9154
-1111
-2342
5255
-3251
5045
3308
-5473
-3510
-3850
-3708
9782
-5341
7560
-6458
-3112
-434
2728
3241
4445
-3996
4191
5230
8922
-817
-7264
-65
1483
-8869
6084
3231
-9256
1181
-2274
-7255
5451
-8558
7057
-3599
-3603
1181
-6035
1984
4362
9900
-4003
6195
2278
-3369
8105
-545
5835
8430
-2231
-6454
1353
-5342
8429
5888
4971
-5293
-2079
-8279
9939
1930
6869
-7827
-4181
-2704
-7059
4647
3411
5515
-5111
3937
-5130
-1451
1695
-2535
-7834
7484
-3641
-7948
9891
597
4048
-6191
-4302
872
-8313
-8220
5399
3234
-9644
-7734
-1993
-6099
-942
-6945
-2346
3084
-3481
6282
-3113
4215
-6128
1283
-941
-9641
9758
-9879
6200
5247
-8252
5103
-7831
-4609
4821
-7988
5777
-2099
-4825
4944
5169
6724
6433
1310
-1250
2816
7719
261
6693
498
7805
1337
-2263
-7104
-7632
-6977
-8144
-4907
-1456
7968
-789
3119
5548
-4616
-6633
6570
-5553
6281
-6747
-4870
-6110
7747
-1553
-8384
6591
7373
-4883
3473
9744
-2727
-2853
-8194
-82
7606
-1590
8906
5601
-6014
8370
-9298
9712
-8720
-8086
-7286
-2177
6930
4821
-1319
-2314
5657
7931
1101
-2046
5330
-265
-6460
2524
-8185
-2644
-7575
-8275
1552
8176
-3790
5415
8422
-7775
-5928
-4680
-8636
3946
952
-854
2992
6779
-8138
-1636
-9159
932
-5925
8216
-3467
6882
-9007
-1997
6672
3788
4767
6619
7055
5646
7063
5162
-9889
-4620
4301
-407
-7137
-3055
1945
4044
-5892
-6471
5206
-5099
4785
-4009
-4126
-5285
-4784
-70
-6115
-6089
-4874
3331
-8394
-4140
4231
-4909
2883
3370
7982
9158
-7296
3301
-5303
-3555
-1762
-4357
-5125
-4397
-6188
2699
3985
7387
-7554
394
9547
-609
3540
-8504
-2094
-8037
-8835
1543
1392
3749
-6912
-1290
-5583
-5160
9663
-7243
-9710
3356
9888
-5868
-3457
-9222
-2536
-3678
-8320
-4778
9749
-8245
6668
4004
-4496
8796
6884
-5771
5763
-9522
3787
40
-6683
6327
-6473
3869
4577
-8424
-2843
-309
-8889
3355
3037
3789
-2645
624
-7115
-9009
-4417
-4818
-2095
836
-2504
-275
-429
1587
-760
5260
-1814
-5247
7631
-5953
7727
-9686
2628
-2299
4310
-8657
-2294
-2546
4298
3786
-3597
-8254
-1869
3578
7777
-1782
-1866
7145
-4569
4024
-80
4246
-8491
4300
-3550
4777
-4541
705
-1155
-2218
-8161
-9471
-754
7910
-127
3004
-9055
-4896
7870
-4367
5568
-7031
7623
-1987
1717
-500
-1994
-5757
1498
2360
5577
8258
-7261
-6651
-3570
-9267
6984
-764
-9697
-1232
-6855
-7484
-6357
-6657
-153
-5439
-7006
509
-9367
3736
-4999
7262
5511
4474
8939
-2442
3833
5290
-6435
2447
-3302
-6971
6082
-202
4381
-2471
1551
-7000
-2586
-5005
8572
-7320
-8883
-7927
-9639
-1762
884
3504
9264
-9278
5356
6703
-3891
-1197
8433
-1326
4907
-8441
-1839
9279
-8457
7543
9118
4985
-6483
1643
9672
3303
7716
6220
-8088
6835
2715
6622
-8042
-7941
-4032
6365
-4956
8294
1957
-4391
3811
6159
-2810
3414
123
8389
-4144
166
3164
5737
2861
3774
-2744
2761
-116
6211
-6789
-5754
-9253
8737
-1582
-9900
-4622
9145
3299
-752
5192
-9777
9692
7989
420
5348
5320
-4253
9902
6876
-2207
-3444
2184
3169
-4068
7973
8904
-4908
-4088
-9875
6221
-5846
-8198
5473
7906
-870
-7896
-8972
-2460
5814
-4123
7304
6489
-8241
-3047
3304
-2589
135
6329
-7190
-1142
2413
2123
-2181
5749
8413
-9378
3546
-1129
-4137
6129
-8607
-5837
-7467
370
2481
7360
7732
-805
-9462
-4585
9168
4660
2302
7773
-8651
3374
1443
-8033
2817
-4798
9521
-2626
-4966
4873
-4822
255
-7117
5996
9490
-1280
544
-166
-415
6209
8887
-9760
-2018
4030
9692
-9107
-1838
-4037
-3319
-3153
-6233
-8294
-2020
-1859
-2634
3462
1280
2775
4768
-4310
730
2940
7490
1898
-482
-1172
272
7514
8835
3061
420
7272
-5084
6936
-7752
2128
994
7776
2862
-7352
1775
6276
-6745
1184
-8954
6150
774
6944
2944
-4283
3133
-9162
-9685
6386
-8521
-4760
178
7823
147
5357
3179
466
-9569
6479
-2144
-2524
648
7402
-9912
-1155
-8891
-9065
1398
-1257
9341
840
4209
1606
-2216
1595
-5408
6839
1632
4577
9879
9672
-4917
-9901
2087
9718
7383
8101
9808
-5608
1010
-5054
-726
-7456
2330
65
-417
6570
-2984
4413
-9039
-2868
2294
-7748
9814
8378
-4296
-485
6331
-6574
-4722
-7372
-7511
6968
-753
7478
9782
7883
6902
-8522
7630
6464
345
-4163
9032
-7268
-8285
-4036
-4792
-9315
6143
5776
7020
2091
7340
-5892
2625
-689
-526
983
909
4553
5959
-7571
-9798
-4919
9574
-1368
-5571
-4628
1160
2151
-9820
8310
-3762
7369
4749
-4467
5448
-9163
3706
-5302
7067
-7987
-2736
-6785
4186
2491
-4244
-8042
-3273
9566
-504
5577
3963
2852
-6257
-7948
-7859
-8784
-8455
-3240
-9631
-9057
-6357
-7058
-2281
-3777
4649
3291
-1707
-55
6578
6984
9365
-3793
3643
731
1643
5316
-9293
7696
-481
-8272
2716
5609
-1796
3399
7580
-9015
2003
8499
-975
-7509
8536
-4299
-9271
4878
8906
2488
5220
-8826
-1696
8238
-6540
-9623
5927
6475
1452
-6446
8212
-3393
-4559
-693
-8886
-364
2522
5246
9402
5013
-5451
-294
-2191
-1361
-5562
-4551
1961
2252
9943
-7250
929
3349
1637
2836
7172
2308
-6163
4549
-3236
8027
-8142
8333
-1425
4610
-9579
-8611
-5748
-5733
2875
4860
-361
3999
-8355
5025
-6194
-2462
1452
-9626
-9587
-2832
7583
-9731
-7062
-8938
9256
6924
6566
-8196
-3294
-2974
-7393
5554
9466
-1464
3768
-2357
-3723
9129
5187
7920
-915
3473
5415
6447
-4922
-7211
8111
7730
7460
-4796
-1122
8981
1253
3845
-2587
1046
4691
5631
6923
-3668
-2420
9088
992
-525
7866
6279
5097
8634
7403
60
-6609
-1556
-202
-3473
-7418
2867
9864
5791
8944
2092
-3056
931
2860
3615
2173
-4946
9027
-3069
2495
-2265
6745
-8877
1240
-9767
-3867
-5852
5196
5463
2797
5631
6007
5358
-3074
-6888
-4805
1519
7766
-1188
-6818
2092
6148
2720
-2647
8594
-7978
7490
-1112
-4301
4560
-9045
8781
3341
8246
5321
-768
-6794
-1442
-9768
7775
1233
-84
726
-3738
-3340
-2549
6403
7964
-3891
-8043
2241
-627
6811
7765
2514
8962
-7776
-4277
-194
9761
3894
-975
-5095
3433
-7796
-2303
7282
-6417
-698
4504
2763
5728
-1918
1656
3447
-4134
-7387
-3811
1007
8260
-7222
-7214
-3406
-4182
-7158
6334
7824
-8836
-4664
-9990
3678
-8754
2080
3723
-9573
-2531
4887
-5885
-5586
4176
-6308
-3408
-6649
3065
6085
-797
-293
-6818
8172
-6767
-8511
-542
6716
-7739
1389
-3680
-5406
-4555
-1387
-2875
-8438
4532
9737
9289
-9297
2853
-9604
-3630
1503
-1031
-9393
2693
6329
8730
4094
-4739
8294
9371
-6144
-7533
-1051
1917
1463
8255
-5815
-9406
2966
-4742
1622
-2283
-9269
9998
-2421
-7378
-2936
-5224
-6781
5283
-7977
7359
7971
-8193
-8906
-561
-2308
1167
4528
3111
-6894
-837
8907
2566
8674
-2616
4337
-831
-6739
-2071
4267
-3534
-8317
-540
8294
-8109
8116
-5232
9875
-2697
-3554
9880
4280
9442
-8723
6613
168
-3445
1621
4351
-1349
8643
492
1809
-3141
1877
9501
4422
8799
-8509
4149
8167
5461
-1048
8732
-7668
-6341
-6004
-3649
526
5439
-9667
-587
-211
-275
-4364
7252
-6257
7879
8286
1530
-1250
-2953
2300
-5853
5166
7200
-4241
-3626
8053
302
-5589
1745
-6902
-8223
-8414
9075
-6369
-2705
9862
9254
-767
2035
141
-1520
-5062
-243
-9879
6992
-7954
9870
-2843
-4839
-6829
6618
7115
-9755
3935
9825
5995
-6723
-6733
5250
9960
1273
-290
6836
3863
-3124
-5862
-6610
5763
-3022
888
-9215
7194
9528
8718
-2762
8372
3176
-2147
-2670
-4202
-2579
-2373
1841
868
2041
7276
-7751
139
-1555
1673
473
1374
-9747
6323
-7184
257
2023
312
-2487
9075
-960
8848
5426
1580
-4110
-8102
-8271
4140
-2090
-4196
-47
4663
8307
6871
-9739
-8206
-4085
-4865
8611
8004
5649
-8026
6064
-3928
-3472
-9051
2451
6999
-949
-9341
6956
-395
-4201
-1817
5417
3321
-3269
-6936
7323
6398
-2432
6264
4806
-7195
8009
2779
1371
-9733
-8748
2609
9866
8547
-8466
2436
-3947
-9458
-8117
7415
-2530
-867
6608
-1330
9979
371
6214
-3749
-2276
9525
1290
-2993
7740
9151
-4038
9054
9873
-7856
7215
-8225
8751
-898
6714
-5448
-9695
-9682
2288
4343
8785
2185
4135
-3094
9019
-9663
689
9666
-9046
1526
-257
9999
8301
-2509
4281
-9914
9910
-4905
-4045
-3554
5184
-250
-1363
6005
-4381
1242
-7790
-1830
7477
-4365
-6827
4091
-3406
-7706
9754
-1149
-2999
-1109
1517
568
7083
-8499
-8442
-755
-79
87
6853
-8056
8751
1325
1416
2054
6499
5327
6871
-853
826
6946
-8416
7594
6469
9323
7583
8476
6267
5784
-2284
3010
4518
-9442
1567
3037
7673
5646
9270
7852
1846
8461
-288
-2885
8831
-8338
-6779
4076
4344
-2162
9142
-1918
-653
-8933
-1069
1565
7389
-6391
-5446
-2019
9614
6397
-9766
2409
571
-248
6791
-2283
-1342
-4799
7296
7709
1832
-4016
-8264
-4732
522
9745
-129
-2294
-2913
6231
-7755
2090
4252
-2461
-1757
-678
-2572
5915
-1466
6473
-6153
-3045
-5769
-9746
-6065
1549
329
1593
-6473
224
-9834
-8825
4497
-9274
673
4802
6462
5945
-3375
4406
4941
-9680
-2927
4536
-9898
3839
9079
4274
2636
9932
6738
-3487
-6153
-9781
-1641
3084
-1642
-9582
-6164
-8545
-8357
-2384
7440
-6023
771
-6009
-354
5926
88
-7375
-4028
1799
-8491
6075
8676
-7730
-5749
-7656
1517
7199
-4397
-5340
2992
-4250
-9963
6279
-2322
-4589
-6130
9923
-803
8360
1811
4726
-7022
1224
7716
-1992
6883
6604
-820
1235
9751
-9998
-6682
-9184
-2222
3879
-3487
5177
-8349
754
5800
3654
-9104
-5908
5814
-546
-1677
-6560
1298
-2016
-2806
-8999
-3338
-647
9310
4692
7093
7742
765
2078
7381
-5433
-175
532
4544
2396
6419
-6947
7753
-327
-6287
4637
8021
-5136
-1160
-2074
8013
-2125
1015
-1001
-6722
166
9313
-8948
-1104
-2962
-8884
-7610
-5497
3745
-5749
3181
9300
7927
3121
-5209
-956
-4717
885
8169
-6813
273
-7153
-7173
-4992
4696
-1082
-8325
-6333
2397
-8154
-2711
7756
-3507
164
3188
2079
5758
681
-6655
-6355
-3617
7746
-9425
-1547
-8792
2252
-8174
3321
-1205
-6176
9908
-4922
3423
9588
7244
-7367
5678
3118
-4023
4092
905
7708
-2292
3583
-1344
8650
-1315
5252
7939
5835
-831
-1678
-6000
-140
-8289
8824
-9713
2530
-4150
4663
4006
-6313
4154
4939
4809
-9973
-167
-2874
6540
-1108
-4451
8947
9714
-718
-6565
-3356
1040
-4086
8970
-1727
7609
-7453
-3803
6421
5900
882
-8236
3975
3074
6435
7943
4187
-9464
6100
-3711
2758
5392
9264
-3334
3846
-9711
-2447
4581
8763
8602
-904
9900
-9190
-3899
-3084
-4257
4447
8209
2131
-2422
2700
3608
-1399
6555
-6017
9389
7208
7090
939
2342
-4362
-7743
-8361
-8754
1582
-9437
-8276
1930
-3025
1126
-434
3060
-9775
5019
5511
-908
-8837
-1548
7103
8147
-3070
-7165
8590
4076
-6714
3659
3386
6598
3947
-5743
6737
-4752
6029
-7484
-9951
6276
-7486
-1297
1516
-5740
7897
3713
566
-9936
1832
-3336
7723
4638
1164
3285
-9659
-7402
8905
-5640
5567
-7345
6284
-8807
-6773
-6214
-9590
591
9370
-6214
-330
-6698
-120
3044
9128
-8554
-8550
-2252
-5378
-7920
9454
748
3004
-4528
2772
-8511
8786
7558
5291
-4615
1054
8059
-4650
-2698
8452
517
5774
5868
3840
5169
-3973
596
-9584
397
-8059
-1960
2209
-5058
9311
2431
3031
-9089
-1341
1901
9135
-8770
-4823
7363
-2272
-7937
-7908
-570
-2968
-6487
-5356
1554
307
831
9690
6020
-9262
7006
3014
8347
5728
2665
-8441
-5862
1697
6589
6888
-7046
1525
1228
7476
-1504
693
-302
-1683
-1325
-5949
-1072
-3976
-4678
-1499
7423
-1504
4933
-205
3376
9356
-3437
-3547
-6182
-1847
7496
-251
3671
6791
-321
1942
-9929
-276
9015
6232
-4229
9381
9984
1943
9909
9635
3007
-8241
1321
15
-8561
-8185
-9393
-6882
-8761
-6662
-3334
8794
7357
9332
-578
-7319
2812
-7473
-9822
2316
-6062
3475
-1490
7643
-7083
-7041
-9188
-2305
-277
2199
9158
-2361
5245
9966
-6494
-5687
-2118
184
2125
7148
-1792
6401
-8783
-5663
5858
9058
1832
7021
-1639
-4029
6690
7209
9386
469
1626
-6477
7274
4307
6860
-7656
9960
-8727
7670
-9955
-5362
9154
-8161
-9860
5180
-1806
8172
6969
-5306
901
9673
-1602
-7569
-6225
-840
-6837
-6814
498
-7153
958
2033
6156
-5378
739
-2866
-3443
-8314
-8591
8767
630
5238
4754
-5689
-1697
7982
-9143
878
3089
9848
-7253
4842
2380
-7660
-3723
6007
-1844
-2627
510
-8314
2013
2154
3120
3418
-2844
-2484
-4008
3098
-9939
6476
-5465
-8806
6273
1904
8676
9115
-5956
-9929
-7413
-3273
2412
4008
1132
668
7586
-7466
-2321
-4143
-8403
-3030
7522
-2430
7559
-6685
2479
800
4642
7610
8463
5341
-5524
6990
-6115
3170
3599
8276
-5361
2477
-9910
5809
2933
1292
8199
5484
9124
5510
-1968
-5656
3952
64
9336
5981
-1944
-3783
-3691
-896
5633
-4696
-3276
6387
4380
9249
2804
2712
-4247
5250
-5301
-2351
7813
-9670
-5662
1537
-5118
-2419
9903
9814
7259
8507
2821
-6387
1663
-7476
8048
8222
5829
7468
9066
-9146
836
6640
-7016
8425
7891
4478
-6208
-1128
6732
6963
-4934
8028
-2643
8972
-452
-1738
-784
-7206
8770
-7140
1699
6509
-3031
-4287
4551
6790
2337
-1816
2357
2756
-4441
-6801
9108
-9399
8305
-7944
8995
6342
1277
2867
6152
712
4883
6152
-6163
9676
-1100
-704
-72
6827
8652
7702
-6304
1903
-2991
-5091
-5103
5686
-5136
8914
118
-7696
921
6286
1943
-6251
6920
8695
1836
-5916
9274
7875
-5798
-1006
-348
-4605
2758
-4832
-3746
8415
6633
8746
4768
-4289
-6864
3989
1150
1901
1455
521
-1324
9748
-6801
-9032
6183
-5641
-8078
2172
4572
-336
-4267
-7079
2722
8799
4433
-6946
-2986
7085
-1791
-8989
4846
3359
-6604
-4644
82
-3620
-1214
3988
-6927
853
2763
1640
-908
3385
-8595
-4387
5206
2976
2583
2756
290
-2018
1859
9462
656
-4673
9065
-727
-672
3080
767
4540
-3730
8332
-115
8059
-5844
-3057
8294
-3961
-4691
-7035
5283
6470
9301
-221
-8323
-6031
6491
7409
-6596
-3882
5931
-7006
1648
6768
-3906
1752
-1208
5913
-5469
-7899
1645
-9105
-7472
-7746
-9398
-7056
-6180
4221
-8163
3437
7203
-8075
8574
2939
-6585
-919
-8142
1460
-2841
-1229
919
6157
6960
-2875
4991
1671
-3389
820
-6569
6519
2491
-2988
-4881
1687
7627
2539
-302
-4330
-1722
-62
-2064
8961
-823
8436
4721
-3886
3551
-7175
5772
1858
3352
-1551
7168
7884
-2209
8816
4660
3626
6391
-412
6320
5216
3036
6590
-2497
-8464
9118
-1662
-797
3376
-5593
-3304
3341
4847
-7299
2487
777
-2570
-9132
-1951
-6998
-8522
6093
-1258
1573
-1751
5297
-28
-6240
-4745
-5769
4556
7723
-198
4662
8288
6163
-8268
-7349
-2787
1071
1430
-1579
-732
4922
6323
9247
-8569
4822
7249
-1460
-3338
-7019
-208
-7814
-9739
5276
3189
3008
-4830
9422
48
-825
4065
7889
-8639
520
-5413
-1819
-592
-8249
5279
-1583
177
-1317
6738
-569
5427
8671
9715
-5056
-2044
548
-4903
9682
-5057
4195
1664
453
7301
5244
5337
-9579
-1709
-5083
-524
8344
-7562
-3146
7050
-7437
-8159
1921
-9654
-7681
-2312
-93
-9709
-8471
-5185
4226
8859
-9700
8075
-4145
381
-8976
7253
2003
-6314
2652
-8909
3062
640
-4729
-231
4990
-3984
-7675
-4290
3165
5298
7423
-653
6473
7153
-7282
-6369
-6149
-8352
91
2247
-2453
9768
-6016
8145
3695
-7929
3909
-9355
8317
-2650
215
-8966
2689
3781
-2249
-38
-3565
145
-5031
2148
5969
-8725
-8475
4247
9321
9149
-6504
-669
-2521
9409
7756
8215
-9522
-5150
-9599
-175
7116
-2663
-1443
1547
3517
4461
1097
-3602
5849
6178
988
-1134
1829
7950
-9371
6008
205
293
-7964
6592
-29
2565
-2348
-9097
-2164
5960
1534
-3425
1574
9026
-8572
5679
2160
-6628
8713
3144
-7430
-5882
3429
4164
-6967
942
-8565
-7862
-1385
-5788
-6429
-2651
-3738
3888
-9095
3179
-1068
-7691
-908
-1834
-7444
5751
-520
1246
4217
8975
-7405
1802
-5842
2904
-2069
5916
7028
-3909
4585
7237
9674
-9319
-553
844
7907
-3327
-4256
-8875
-5171
4863
413
7352
4182
-3771
-465
-9226
-8193
1425
-969
3459
-8176
3402
9760
5901
-2805
-8962
-5201
1069
-2373
-7489
-978
5146
-2517
-9406
6507
-4827
2752
2368
-4935
-9993
-4071
1969
8795
5491
-2767
8131
1110
-1165
-6445
1526
-3713
-7802
7842
-8375
-5106
-570
1461
7076
-5207
3313
-9676
2292
1187
5049
7205
-4862
-2511
3899
297
6097
-8934
-9058
-8050
8144
1254
-4414
-3129
-5688
3860
5918
9053
-318
-7989
7776
5277
303
1159
-3686
5375
-3943
-6833
-5362
1993
9245
8537
9730
8339
4989
8965
6491
-2985
-1996
6856
7292
7446
-7512
-1725
3465
-5266
-1809
-6329
6382
-7479
1060
7123
4564
-1862
2772
-3742
75
6614
-5821
3484
-2506
5823
3620
4405
8665
3005
8476
-3087
-4328
9344
7472
-4106
7639
-888
-8577
-6240
-5192
6323
300
-7733
4016
-6791
8864
6655
761
-3732
-1748
6742
-897
-8089
8638
-4469
9784
4277
-1762
-843
-7325
2579
2012
7670
7558
6509
514
-389
-2454
-504
-1306
6389
1634
-9759
8848
2935
392
9670
-5871
-433
4087
-7831
-826
-305
9095
3543
1840
-2352
3149
-2000
-4657
-5116
42
5621
-6703
-7939
-2587
94
-1514
4464
-6853
-4456
-7983
-5225
2685
-1883
-3635
7398
-2959
348
642
4787
8521
432
-9454
7101
7726
5502
-2631
-6830
1197
3008
-8773
-8969
-3242
5050
8272
-3933
-1235
-8580
-380
9822
-1710
7287
-9191
436
-4617
7313
-7157
-3155
829
-1603
-1383
-1668
7130
743
7824
-5604
9337
-4036
-6354
-1586
9329
-7049
-8359
-4618
-7419
-2274
-4578
-9264
-788
-7076
-1039
-4280
-3188
-1195
5657
4512
2886
4395
7839
9097
-1192
-1215
-1954
-2431
-8406
8884
190
-7634
-6598
-9861
8473
-4767
4432
-8756
-1747
-4763
1616
1505
2410
2904
-9923
-9380
9307
5305
-4427
-5672
8267
-8611
9385
5361
1872
7652
-1264
3147
-9350
3137
3974
1074
-3618
-1151
6301
-8369
-3085
2654
2050
7047
-6881
-3641
8562
7728
9324
9177
9473
7913
-1983
-3234
5416
-5036
-7421
9585
-6071
-4325
5041
7050
-6230
-4988
2015
-8036
-6466
-7583
3000
-4345
-2713
8759
-2532
3164
8295
-9806
-3241
-1225
-2005
-5962
1375
-5972
8082
-8174
4596
-8096
-3379
2006
-2315
-1183
7837
-9439
3281
-5929
422
-2725
-3559
-9448
-7640
-3897
1158
4164
-4959
7050
-3225
6764
-7971
-999
735
-8937
8728
5992
-8290
-1833
-1119
-447
-1225
2293
-8858
2452
3485
-7335
-5846
-7672
3355
-1350
5475
-9392
9958
5466
-8953
-2810
6912
-4013
-3142
3022
-4886
6259
4746
-2868
-5675
5617
9370
-9869
9813
-6321
5316
9310
-4164
3223
6187
6574
1348
8886
-7915
-1228
225
-8237
-8317
1544
8433
4660
-656
5126
-3384
-3774
8604
311
-8174
2332
5704
6238
477
5507
-321
-887
7260
6088
-2241
-6876
4386
5413
-8786
-3536
5489
-73
8026
4933
-1624
9146
4539
5935
-962
9782
-5454
5150
6448
6591
8750
-6788
7384
-3767
8768
3308
-8143
-8744
-3122
-4379
4536
9413
4740
5708
-8655
-2521
-6568
-3197
3222
5816
-2437
5070
4822
7926
179
-5904
-8129
6948
7642
-7225
-3541
3086
-2340
-7205
5591
-2879
-4441
-5890
-3989
-9541
-6986
5648
-1019
-7106
-2126
-2188
2939
-719
-8683
3873
-99
-9602
12
-8453
2034
-9029
2160
-4166
-697
-3771
-8991
-205
-6097
9678
4439
-5855
-6891
-2096
-8120
-8392
6571
-6777
3469
-4025
9735
-21
3058
1693
-1862
-8089
-6678
-9866
7
432
-8146
-4401
-7786
2765
-9337
-3479
-9718
685
2556
-3386
4698
4255
4099
-6415
-5369
-6070
7045
-5236
4215
6390
2378
-2620
-1045
5181
-8832
2308
3774
-1305
8782
-2946
-4636
-9899
1505
5956
-9974
2589
2271
2525
-9934
9488
-5081
7465
-1965
-2533
-5450
4002
-6693
2038
-9158
2338
-7879
4817
-9
-4005
1417
2831
5547
7317
3243
-1428
4761
4942
5121
-1039
4235
-4089
-6470
7074
-6294
5331
-6832
-7047
-2009
-1164
-4730
4061
-9957
-6573
-3470
-4863
-6170
1890
741
3737
1730
-5071
-336
-7256
7984
8800
-831
853
7356
-6427
-1903
-1964
4941
-4484
-6518
3461
740
-2414
2000
201
1008
6565
7968
-6057
6539
6282
1818
-5038
-6287
8170
-5491
6939
-3636
-4414
-2060
-4480
-2287
-2740
6327
6851
-1116
-9259
-1588
-815
-9346
-212
2339
580
5500
-8639
8953
7430
-3137
-3302
1396
1506
-1908
4920
4857
-7145
1183
2781
2797
9703
-3346
-9185
-1809
-153
2188
-8265
9697
-4579
924
1272
9719
-937
1863
-6283
-3416
-2691
3222
-3938
-4888
-9436
1600
5510
-6231
-759
5383
4810
5614
5809
-5577
5518
-3248
5041
93
7215
-8468
-2760
-9940
-7814
1281
3843
-9219
3499
-263
-4254
-7861
2811
6381
-5926
-4057
-4385
639
8266
-9381
342
-6244
5475
-7576
2470
-3020
1842
6568
-9635
-2751
1790
-7594
-196
6678
2706
3549
3907
4465
9521
3535
3402
4445
-8835
685
5492
2674
419
-6283
-7543
-5523
-1662
5204
3391
-1568
-2321
-3404
-2309
-6784
2536
5111
-9212
-2032
8895
-8016
6427
4201
-9065
-6335
-6908
620
-4417
-663
-1178
-6389
-4268
-1372
1418
4482
-2091
2317
9899
-7078
-2283
-4994
1068
225
-4037
7923
-6443
-6069
-3945
3188
5983
-3433
-4804
3261
-5364
9211
-4498
6219
3014
-1235
6951
2247
4215
1547
-2303
-5364
7655
9960
-5877
-7829
6811
-4371
-7088
-8966
-2811
-3981
-3244
-6983
8578
5363
8203
8337
514
1287
1497
-7381
-5300
-664
-7358
2362
3881
-9175
2042
-9231
8614
-9617
7075
-1297
1439
-7942
5118
2747
872
2300
2597
-8869
-1706
-96
-430
3426
8878
-7911
-970
-9769
-1914
2403
7622
-4365
4677
-7461
273
-4105
-1196
4567
4270
3947
2812
-9234
-5168
-4006
5498
-4508
2915
1407
-3051
5068
7515
-8246
3015
6094
2121
-1533
-6213
-1335
-4728
-7297
-2837
5045
-7796
-3902
-6727
1124
5729
-7223
-8790
-1950
2621
5959
3337
-8116
-7280
-4850
6964
6041
-9010
4396
-412
7847
2481
-7093
-9029
-5778
-2001
269
-3721
2928
-6186
8945
-2128
2389
7103
-7635
3677
-9011
2135
-771
6945
8605
4037
-7034
-9278
-9288
-3408
417
7846
-8403
-8289
1251
-6895
-358
-5114
-6340
8576
8362
-3828
-9265
-7220
7084
478
-9863
7688
-6521
3485
-319
937
3919
7407
-2966
3253
-4766
2826
-1450
-1580
-4875
-7778
9664
3583
-2509
8321
7507
7406
-2342
9095
-2439
2096
-1135
9180
5926
-2339
3261
-493
-6340
3877
-9380
-8684
4483
-8840
-8185
1358
-6210
-2290
1016
-3631
-2421
-8864
7514
4563
-9358
-507
-1804
-2225
3890
-4748
-7476
7204
5441
5689
4156
-3494
-2757
-7662
7677
4943
6486
1325
7321
8473
9746
1461
4477
-2762
359
-1626
9533
2584
-1851
-5611
8979
3319
-3306
5223
5655
-2741
5682
-7700
-1088
-844
1811
-7781
238
-7549
-7973
-4522
576
