9035
1
-3486
6417
2949
9756
-6529
-338
9154
1122
-3710
-7923
-5983
-8808
-4835
-9164
-3082
2561
7584
6608
559
-6341
7119
-9111
4751
-7941
3001
1208
6133
-2169
4411
-9860
-2801
-5173
8526
3150
1832
7384
7274
-6162
1360
-8052
1914
-6700
-6348
5355
-1122
3685
6543
9674
-790
1880
4666
1445
5615
-5263
4946
1310
-4120
-4350
-5389
40
-1211
-7111
-3160
1073
34
8817
-3318
-5807
6546
513
4159
2030
-8227
-6354
4276
-5305
4558
9099
275
3029
7841
-2910
8492
-7003
144
1497
168
8497
2932
-6909
-2805
7258
1993
-1950
5633
-8235
-6941
30
-894
-2675
-5245
7358
-903
-3503
-8107
-1563
3043
4138
5799
-5385
3562
3491
-927
-4459
-5667
-1158
6695
-9613
3003
-3888
6468
-4896
7754
-335
-4392
7036
-4191
-9965
5249
-8593
-6116
6679
8612
3943
2219
-7736
-1874
8635
-5393
-1185
-4197
2917
-332
-7674
901
-6449
-1241
2583
-473
2518
-6995
-254
-8135
9259
3195
-27
3120
4055
-4423
-1288
-7744
-7816
-2089
-7728
2228
-1806
-6436
2398
8661
6695
-9114
-6865
-827
-1815
4223
-3650
4909
7857
3685
-5562
-5127
8264
9695
2212
8917
-6773
4255
-9077
-2324
1604
-3613
7151
-4070
5488
2579
-5194
-7393
7885
-8271
-7712
-8631
-2347
-4203
-402
1653
9243
-1299
-8007
-7332
5337
7996
9176
7673
-9691
-707
3309
547
-9733
-285
4474
-2377
2464
-6560
-4676
9456
-816
-9115
384
-3209
-3768
-8754
-8439
-6773
9446
-9278
338
-4678
3257
-9102
-3377
2150
-8015
4467
7171
-5310
-9139
-1269
7775
-3119
7591
-5129
9329
-6034
-6516
-2186
-6376
8058
-9162
-8040
-3617
3082
8627
-2527
7712
-8346
-643
8276
-7998
-9438
9455
1358
-7519
-1643
-5385
-6775
-8468
-2118
-4966
-9961
-4353
1998
-2449
-7541
4077
8424
-8586
-1136
-9353
-3578
9642
3787
-3009
4493
4414
-6688
-7037
-4407
7765
308
5868
3008
-5929
-8273
3692
9652
517
5369
9342
2413
-6862
6284
8030
2929
1298
-4
-3533
-6330
9937
-2167
1386
-3496
-480
-1594
1829
-5655
-8975
3680
5952
2837
-7422
-3333
-2538
52
4793
-9980
-4681
2084
4735
-8610
-6189
2440
-8575
8193
-5147
1059
-7189
-4393
9896
5280
-4801
-3341
3725
-8354
-5760
261
1329
2111
-7474
3593
-7443
-6993
9575
-6838
428
8509
5621
7776
2024
4455
8072
2091
-9440
620
-6100
4970
-1732
7284
7067
1240
4292
3665
-5968
6274
300
-189
8472
-4216
3886
-2555
5545
8458
-3619
-2828
1313
138
8577
-5804
-5928
-7127
-9806
5610
-1760
8314
3310
5944
-7065
9699
4336
-5995
8804
-7276
6236
6079
-1988
7070
-7883
-2552
-2200
8505
-1671
-3657
-4081
-6289
6122
-2337
9281
-8327
6863
234
5923
-9277
-4471
-1541
351
-4210
-4167
3761
5622
9728
6757
-6492
2566
5649
7177
2493
-632
-2823
361
6798
6449
-3000
-9570
2450
-4264
3204
9139
-6668
512
-6428
5503
7164
1923
-172
2926
8558
7068
-9291
-2404
-7231
6499
9881
-8080
-327
-8303
-1916
1146
5122
9527
6197
1997
2725
3819
-6534
1715
2047
5847
9434
9342
7328
1388
7592
101
8442
-1550
6890
-9070
1536
-2654
8659
8717
3613
2167
2020
-9356
-8888
-8792
-6929
9067
1288
9998
6362
7846
-6887
-5509
-4237
-4041
-9720
-6047
2213
1946
-180
-9844
1811
-5974
469
6833
3132
-3863
2127
-8493
598
-1327
2920
-9320
9643
6484
-8503
-8066
-4090
4375
5351
1027
-6477
2434
-6341
-3604
-728
-8220
-3367
3141
4374
1884
4704
-6663
-657
1754
-4173
7467
1494
-3284
-8333
8118
7068
-5892
2283
-8193
2222
-9643
5761
-9728
-1707
174
8554
-901
-8973
-2498
-8813
9058
1063
6378
-3641
2950
7149
-128
2170
3529
4011
1882
9462
5134
4582
-2594
9973
-8952
-9808
3140
-9729
-7802
-5629
-4009
-7112
-931
-7848
3942
-4940
-3664
3638
8159
2264
-4553
-7554
4460
7815
-8433
-5620
-9984
-4681
9031
-7475
-1565
-8863
-7416
-3370
-5034
6131
6788
6463
-5921
2206
-1256
7398
-7717
8114
5666
6780
-9923
6719
2725
4146
-1479
-9693
-215
-1330
-2799
-658
-7709
-8416
-7035
-4539
4915
3866
3382
-4599
9566
-1956
590
-7636
3390
2401
3281
-9649
2095
5054
3528
-3407
-8993
5582
2602
-2817
5650
4023
-2207
7022
7393
4089
2556
-6533
-5356
-2224
7696
7577
6286
3369
7625
-2657
-1605
6172
4054
-1850
2879
-7740
1840
3520
5648
-5531
4820
545
5096
-1065
3331
9031
-275
-891
8166
-2031
8593
-7832
-1942
1852
7189
9212
-1189
3712
2333
-7094
5845
9109
6496
-7828
4604
-3977
1377
-3098
6534
-705
1628
-1745
9484
3391
3624
4729
5680
3226
-4437
-7126
2280
7044
-4639
-6616
6561
6499
4807
7762
-4403
7993
1789
-8537
2066
1501
3649
-3471
-2393
-2216
556
-4043
-2186
5983
7105
-5460
-3227
9951
7018
7612
-9061
2138
8391
-8052
2880
-4597
-9588
6764
6541
383
-9346
6440
9370
329
6283
-5340
1642
3868
4921
7536
-3726
3487
-5181
6357
1189
-1273
-5318
2410
3862
3515
-7556
5209
2007
-4982
1176
-7575
-6612
6869
4839
3415
393
-4693
785
3236
3220
5612
-1663
2922
3900
3676
1578
7932
-290
8700
8771
-1678
9842
-2108
-3799
-8208
7425
6272
-5873
-8203
-6010
8297
-1426
6765
6542
4070
-5860
-2689
-6037
-6806
9426
-9082
-751
-9365
3085
-3007
7780
3660
6800
-9987
-4854
1478
-3380
-2294
6049
2963
-1498
-3549
8940
-5534
-3552
762
-2100
-2958
-8943
9625
5583
-371
-1813
-5840
2427
-9615
3784
-813
-1975
1686
-3015
-3597
6681
-4448
-6185
8152
-9633
-242
1412
3214
-8896
5192
-2795
9562
-9402
-1364
-8783
-5568
2221
-6343
5585
1743
1850
-8509
4921
-1701
9871
-2093
1674
9704
8007
5162
-3079
1538
139
1617
2556
-7451
-6014
6153
1566
-3930
1481
1344
5165
-6514
7822
-1110
3558
7152
6935
-3026
-2303
-5237
935
9070
4256
-597
-6144
353
1353
-5349
9538
-6362
-1524
7607
-2368
825
998
7201
-1237
-2035
-2024
-5062
1101
5446
2500
4485
-2548
-4125
2037
-4235
8650
2082
-5131
2307
-5050
-547
2495
-2039
2793
-1061
9794
7445
9671
-7854
-9998
-7180
9794
9434
-1990
-5867
-6322
-2685
-6617
-6575
-6116
-5024
2454
-7209
2282
-5610
-8696
-5571
91
-7308
4611
-5753
-3297
9304
-1296
-7275
4120
954
-396
-3685
-6426
-2664
5823
6243
-8670
9495
-6145
4084
3673
-918
852
-6412
-9703
6346
9252
-1726
-4460
9226
-2107
5516
-6477
7334
5518
315
3456
-6186
-4007
112
9591
-779
6867
3172
5467
-9702
6809
-308
-6675
-2848
-8111
5493
-6672
3329
3211
-3959
4887
9747
-7393
-7534
296
6879
4214
8176
-8451
-9115
752
-8999
-5666
-8929
4868
4251
317
-9641
-7788
-5090
-4006
-3358
7625
7798
5559
-179
-3612
-2936
6704
-3792
9389
-8842
149
-5499
-4184
-1258
-2051
1340
-2270
6913
-3673
-3948
-7790
-1942
4466
4325
-8171
-6106
-9067
9746
-3901
-7282
-6251
722
8220
1469
-9764
-1683
-7406
6408
-6775
522
5810
7547
1967
-2274
-8463
8899
4901
-6421
-9210
9395
6610
-6549
8025
8731
-7234
7135
-1107
-4367
8891
-7359
8381
-2481
-6807
8184
-2619
5213
6373
3606
-3168
4727
6496
9168
-2510
6170
-4357
-2764
-4559
-9245
4919
-5138
-6367
2917
686
707
-7
3199
-36
-5958
118
-6194
3217
-9354
5925
6119
6125
3921
-4697
3799
4864
-6535
-4523
6740
506
-9825
-6805
-2109
-6714
-2651
-5273
7099
5154
9903
8309
-5770
3272
6577
7495
4470
-3546
-8411
7949
7148
-8001
7607
-5699
-8611
8553
8203
6880
-9738
-8919
6891
5561
9926
-8065
9248
-4166
-4043
2063
-9991
3726
5644
-4832
-5294
-8494
417
7208
1695
-7866
-5659
-8985
-6452
-2723
4608
5988
-6606
-3033
4753
-2413
4102
5775
-8347
2278
9841
-7797
9875
-4436
-4473
2686
-6704
4280
8538
576
-1432
-2157
1807
5940
7684
-3106
9996
-5468
-6090
7848
9765
-1825
-1461
-2322
-6174
8642
1571
-5171
9114
-3476
-5111
-479
1434
5225
-2988
1658
-89
-4468
1185
4646
-5147
3287
-6982
-2769
-9575
-9298
2302
2857
-6227
5645
-2343
3557
-9394
-9480
810
2001
8346
3013
4987
6962
-1513
-9057
5191
9985
4429
-4595
9989
4933
-8751
-5409
-1027
-6746
3367
8310
1917
9194
-7889
2444
-1423
-2713
6148
-5341
3451
2481
1681
-3411
-7814
-3505
6149
-3472
-7035
6759
5831
-1847
-37
-7424
-7254
5773
456
6456
879
-9651
3716
-4822
6573
2497
8741
6008
174
-5878
6483
901
5315
-2603
3757
-955
7043
8828
-3444
-1555
4325
-6419
4666
-5454
-1684
-166
8277
3897
-4742
-2896
-7413
6928
-2551
2691
7273
4293
-6224
-8596
8667
-7169
9298
-8878
-7937
-3549
-8301
3917
9357
-4784
9407
3321
-3236
5543
-8025
4247
-9289
5726
4497
4495
-9310
-6019
-377
-5568
-2001
8217
3325
4531
-2215
-9934
5080
9639
-9234
-2208
-2704
1561
8496
6001
-2277
9904
-6030
6881
-9962
1404
5634
-1946
-5895
-8356
-1508
-7547
-294
-5950
-2845
-3949
-9084
3744
9702
2678
-7511
-373
-6178
-9812
-4241
-6770
-8862
1154
3763
8540
-3025
-101
3267
-4406
7069
3859
3028
7374
8383
-4842
-4904
-4196
2294
-8215
-1674
-1414
-7492
-2733
4544
5026
4465
2282
5837
7932
-3217
-8563
-9495
277
2424
-40
7805
-9547
5139
8778
2295
-733
2935
5444
-9800
2043
1213
-9863
-7736
-7084
256
847
2441
2999
-2652
-725
-965
9457
6698
6354
2015
-9131
1881
-2413
4333
3045
-95
7025
5211
7541
410
-3036
-2022
-8024
3110
-4027
-3846
6149
9987
-3350
5793
736
7854
5128
6957
-7985
9957
-4919
9244
483
-1545
-2
-3742
-5624
-3957
4469
7924
-3179
8790
1376
8640
3409
5802
-7462
-318
3315
6677
9009
-5298
1544
-7208
-50
4364
6027
-2890
-1549
-8785
-1484
-6849
-6891
-1163
7244
4096
3599
-9817
-5664
7405
1593
2443
1933
-3175
5912
-4954
-3829
-6876
-8076
9420
6344
-8946
1411
-8901
9196
8814
6485
-7515
459
-990
9074
-4535
7576
-9058
-6499
9738
852
-6203
-9126
9231
-1902
7549
-1551
-5659
3554
-3351
-5811
8764
743
-9132
3508
-8324
-3419
1453
315
-4559
3587
-171
-6366
163
-1170
1893
9030
6522
-8016
9150
6533
-30
5012
-1285
-6441
-7648
-91
47
-5350
1123
4931
-4117
-2251
-358
1032
-1535
2215
-842
-4695
-6022
8273
1563
1692
2346
-1144
-4106
-3575
-534
5743
7916
6031
835
1522
7597
-4226
9872
-1141
-298
5800
9678
-9603
6302
-1775
987
-6404
7243
5129
-6325
-5898
-2064
8290
7270
1607
-7305
8346
1127
8339
8203
1004
8831
8992
-9577
5702
3692
6427
4254
1989
-1279
-7322
-4102
9258
-94
2595
3387
-2573
-7409
9931
-2718
3126
-6533
4340
3327
8158
175
-9748
8796
-7434
-8520
-5713
5758
-2728
-7370
3644
-2697
-1532
2700
-8748
8101
-9762
8222
-2841
-1871
7367
-797
-7248
-653
-3692
9577
-8922
779
4667
-5485
-4404
1690
7250
537
-2834
-750
-7927
-7475
6992
6552
899
1914
5392
6393
2300
9942
9269
4505
9844
-8306
9324
6680
4660
472
9130
-4496
3430
-759
8951
-2476
-144
-9667
-8978
-6657
-7052
511
-8948
-5411
-8545
9811
-2528
6338
5614
6763
5900
-3823
4044
8288
-5693
6505
-6606
9426
-9256
4329
-8483
4197
2552
8001
-1201
1562
6162
-7712
5309
3016
6700
-3315
-8373
-347
-4220
-3455
1496
-1786
-1425
-1750
9658
-2077
-4358
9731
7058
4822
5072
-4531
-8288
5871
309
1241
-8027
-6954
7504
-4927
-9395
5524
-7722
-9048
-1363
-7590
-4066
3990
-8914
-4850
-2528
-8030
1128
-688
2964
-8400
-1976
-775
8232
139
3064
-426
-3223
-7663
4959
-7169
4040
-2316
507
-435
-8732
-8046
96
3295
-9798
-1636
9760
3970
5404
7325
-9800
5340
9598
8637
2419
-7113
-6228
-1429
-7527
4439
9310
6150
4560
3398
-668
727
-2568
4580
5137
8002
-2251
-2013
-9609
6925
2235
-8440
-8869
3625
-7663
2412
3822
-1353
-4280
6334
-955
-7856
4908
2160
6414
-1564
-2189
-7353
-486
4553
1835
2803
5442
3086
6596
-3160
-1007
8485
8867
9713
9553
-986
-308
7958
-2863
9579
9517
4320
-1842
8108
3607
-9501
8337
4485
-9182
8600
-8887
-5471
2348
-5037
9037
6611
-2158
-8777
-9161
5656
-6472
8253
8283
-2279
-9600
3024
-3040
3452
-8612
-3559
-2418
8531
8132
-4423
-6059
-2815
-8762
-5329
4037
-4276
-3341
-8215
6143
-2369
-7708
-3958
-9932
-1045
6351
-9750
-94
3216
-3670
7517
-3294
-2048
8463
-4456
-8842
-4798
-9919
-3565
-4399
9414
-5374
1402
4680
-2369
4818
-5127
-7896
-4281
-100
269
5145
-1209
-5947
-6039
5511
-6804
5640
4836
-8080
6247
-8508
-8401
-2042
-7107
5461
-7850
-1676
3385
5084
-9857
4902
-7145
-3019
7818
8547
2508
4455
-5998
-8636
6641
-4693
-8752
5126
-1047
6641
7129
9190
3927
-7881
-9702
-5975
-4345
-5498
-5625
-6680
1550
-6109
-4677
6482
1399
538
1787
-6167
8920
275
-2428
5742
-3665
-3300
2866
-8275
-8829
8344
5992
124
9832
-646
7049
-9332
-7361
1649
-9111
6310
-7608
-7577
-3298
4871
-9343
781
8321
2328
414
9579
-4054
4372
-1555
5395
4933
-4932
9430
4643
-2551
-1761
86
-8442
-1370
-5207
8304
2103
6435
6009
2595
-2767
6664
-5494
-4602
-2780
-4242
-210
-6319
5094
-1560
5985
-336
7531
3380
-1815
5837
945
-7768
-8406
-2038
-5493
-1396
7130
-5678
-4751
7242
987
6223
6494
-3084
4519
-4479
-9222
-4109
7893
-7221
-8162
2809
-9619
-3672
-1054
-4992
-1033
5437
-1962
102
-1534
3953
1333
9086
-6832
3180
-9403
1060
5327
6158
6210
-7572
4071
-4652
7315
-9044
-8545
8868
2412
-2258
8411
-3148
4891
-9124
3386
5444
-2840
9365
9997
-8520
-1592
-5930
7355
1077
-5713
-8456
-2682
5185
-3507
9007
7846
5821
-657
-8474
7377
-1750
-3501
-7402
-7368
-5477
273
9387
2611
-7885
3994
-1709
-389
-5358
-5547
-7356
8710
1809
-4830
-6997
-3506
-488
6058
-8542
-5707
8998
-2913
3306
6441
-5486
-3380
-3387
6730
3387
-5357
4648
7963
-1270
-1727
803
2095
3633
7572
4894
2165
-8938
7685
-213
1415
-4193
3061
-2221
5972
1360
8347
5254
4886
-5703
-858
4318
3544
8251
-9245
5692
-2962
-8341
-6466
-8840
1925
-8402
4734
6389
-5820
3670
1833
4865
-3464
-8705
-9645
2508
4263
-1491
9635
1421
4906
5048
3851
-1700
3457
-2577
425
3873
-5730
-7115
3600
-6476
9548
-251
-2484
-1879
-1663
-121
8395
-5109
377
-428
-5610
-1721
-1048
-7914
-8556
-7154
8723
-6906
9979
-6723
4135
8797
-4232
834
-591
9732
-4715
2385
4086
-9158
3509
6939
-3991
-828
8519
7752
1656
-9604
5643
9695
391
-7337
-340
-7125
-7812
3074
-4217
1120
7947
-8320
1444
-3158
-3756
7221
-7928
2172
-2296
-8565
-3127
-3283
5989
-1177
-9974
-4422
-499
9216
1968
-2693
8537
-7645
-2234
1030
-6883
-5029
4961
7661
6066
2270
-7559
-9710
-4556
6149
-836
1761
8858
1574
3353
9591
4158
-4348
-6667
9914
-2704
-8048
2925
4294
38
8347
3329
-1133
-5450
1319
-8239
5683
9454
-4562
6479
6338
-6040
1187
1020
-3816
-6958
1691
-6266
7024
8643
9249
-6413
-745
2629
2378
-2556
1644
4366
5321
-9089
7845
-9047
8404
-224
3666
-5015
179
-8929
-7703
2107
-2357
-2362
-4871
5509
5849
-2488
-2871
7864
-1981
3547
-7786
8529
9464
-2128
8619
-4324
6831
-9957
9223
-895
751
-7418
-2828
4347
6625
9283
8478
9339
-6836
446
-738
8320
1489
-4377
-1506
9210
-3359
8113
-5534
-8152
-7297
-4245
-6496
-9498
-5239
-3376
-2328
1947
9840
6460
8981
5550
-9261
-7075
5418
4954
-6862
7957
-1113
-7422
-3460
-9695
6251
-1582
6306
873
-5947
-9169
-5007
-4677
-8571
8109
-4689
7328
-7208
-4591
1422
5430
8092
-1795
4459
-6884
-2430
-6615
-6228
-9523
-6788
-511
-2279
-5811
-2936
-7473
7497
-2395
4303
4405
-8288
-8491
-2950
-523
-9332
-7842
-243
2112
7344
-9407
-1353
6037
-4085
-3645
9031
7756
2699
6368
6590
-8985
-279
-8428
2317
-2435
-796
-6867
6802
-5716
-6898
-5300
1135
6499
-9745
-5370
4549
2971
9418
3960
-2424
-4729
-7956
-5697
3781
8165
916
4979
6927
-7155
9370
-418
-1750
-9658
-2693
5377
-7851
-6266
781
-6332
4513
3193
-9206
-5529
-1830
1314
6907
-6737
3694
2490
5815
-835
6466
-9691
6060
-7929
-363
2196
-2258
5490
-7752
-7372
-2397
-9214
-5657
-213
-8774
2290
7525
1778
-5276
-2008
-1287
9461
-8689
-4313
-2293
-1004
7673
3557
-1213
-2784
6239
-845
-5671
5245
-8777
-824
-3425
1005
-6787
9197
-2905
918
-9725
2190
-7789
-2797
158
1571
-7839
-2450
-3933
-3202
-6647
7139
-1155
-1042
-5993
4560
1152
-8575
2331
5918
-7845
-7572
1129
3611
4105
9868
6879
-5067
-2694
-4187
7120
-7941
-1522
5999
4051
-6442
9708
-779
-4866
-8393
-5214
8156
1178
-9697
7359
4984
-2928
-7556
-9580
9584
8891
7744
-8623
9233
-4142
4691
8977
9634
6746
-513
-2584
6080
-8838
-9114
-3324
5406
-3115
-9249
1640
-7386
-1500
-5090
3696
-4454
-9380
3874
3148
6783
-4585
1410
1026
1391
814
2413
6125
3603
3778
668
6519
4788
-8148
-5588
-8411
8513
7260
-2869
-1981
8678
-2819
-8692
6477
-1393
7335
-4496
9972
4189
-1642
-5831
3324
5503
-3286
-5155
9860
-6724
-2839
-2642
4292
-60
-406
6139
-9995
533
-4708
-4359
111
5256
-6734
-2379
-3673
6949
-7007
-9006
212
9915
-7297
5232
5503
5325
6572
-8299
2624
-7992
-191
-411
-4648
-3663
7147
-25
-9279
-7186
-4064
-5681
4108
1662
4836
2487
8428
-7885
2907
-6266
6213
-9943
8293
8499
7659
1217
9309
6671
6249
-2902
4797
3517
-2227
3044
-2185
-8691
4454
-1347
-5542
-7892
3952
-4901
3465
-646
-4130
6657
1159
5530
-6470
2249
-1422
-2910
-6331
-8827
297
-9021
-1469
2218
643
-4173
-5565
-8208
-1318
9412
9106
2510
2222
-8166
-7855
3875
8851
-8317
-2783
-4011
-4645
1996
2536
3570
6374
-9769
9153
3015
-3131
-5649
-2674
4479
-7673
-9302
7315
-2013
2033
-6869
-5611
-3676
3654
-9481
6729
7883
6475
-3084
1978
3386
-7833
9401
7268
-6918
7883
4490
-7931
845
-9071
5527
-6106
3827
5941
423
-6371
-9965
-1638
-8587
2158
-6106
1492
-3465
-671
-4977
905
3385
1740
-2876
-2
-1433
8490
-8990
5689
6821
-5839
-9298
-1156
8562
-2019
-2209
-4656
-2527
-9930
4483
1555
-7342
4847
-6755
-3154
-6147
-9812
3594
-4176
8375
-4219
-2129
4749
-6479
-2166
6864
4572
1040
1959
7153
307
-8678
9056
-1765
-3890
7724
-5427
7283
7304
-3140
-6090
-9509
6762
6244
-8437
-4361
4045
-3689
-847
2834
7671
9415
2739
-32
286
-3482
1430
-15
-9896
2167
-2127
-6342
-1422
-3316
-2990
-1476
9194
5856
-1041
-3812
9255
313
2140
422
-1202
9899
667
2603
8464
-5683
-1632
3721
-4723
-2861
-4568
9422
-8249
1918
-8549
-914
-2846
-703
-3656
1638
817
-5150
-7101
5696
-8812
8516
-94
-6683
-1539
4247
5543
-9963
3853
1143
73
-168
8208
714
5524
-3864
4158
-6953
7255
-4722
3695
4215
4897
-381
4471
7821
5793
8542
5235
-5720
-6384
-5512
2875
-1944
-3089
-2801
-2523
1019
-7725
-8873
-2530
308
728
3081
1734
7760
6211
6687
6089
-9418
7833
-6172
-1243
-6630
3049
9605
2899
2219
-8583
-170
7452
-5503
-3765
-4689
-5112
-1486
6635
7027
-72
-8605
-6001
8598
-7321
9962
-7024
5122
3495
-5683
-8640
-8522
-9596
6743
3788
1965
-162
-5040
-6181
2463
1318
-2534
-3684
-8050
-1907
-3950
8338
2519
5288
-8217
5279
7928
704
-3927
2244
757
6958
-2494
2898
-6908
1421
-3382
-4845
9532
9364
-9587
-9646
165
-8265
-4138
6951
-7498
-9956
-7171
9706
4884
-7326
-5718
1167
719
-3109
1946
9011
-3421
4704
-6985
-8236
-2506
5372
-7016
3970
221
1639
-8297
-9808
-1770
-8925
4744
801
9036
71
6921
-6076
5677
-5209
-5383
5206
1307
3910
1992
-7088
-3466
-4926
2247
-8116
-7722
7039
3780
-8800
7863
-5130
8404
9408
1106
-4971
2173
-263
-4986
9020
-2999
5482
5394
6912
-2845
-2798
6124
9263
7918
5921
-7680
5981
681
-1716
-6646
-6930
6004
9705
-6289
8733
1370
-6842
1508
7638
5843
2537
8550
9360
468
-9549
-7673
-6496
-6160
2884
2464
7426
-547
-9997
-1171
-2435
6308
-8077
-7393
3979
-8068
3097
9815
9282
-7777
5821
3682
7076
-5959
-3031
-7702
5902
-6601
1872
5807
-6467
312
-6154
7903
1636
-586
-8764
-8578
-2782
4217
7220
-1461
269
1088
-8307
-3043
7960
9080
-1462
-5973
-3650
-7997
-614
-4413
-1080
-8553
-8704
5102
63
-5197
1773
-1669
-7820
-5745
-1944
-3268
-2895
8773
182
7991
-4452
4664
-4998
2795
2356
2529
-3228
749
3564
1492
4992
-2757
3421
-979
8597
6995
-3909
1292
3732
-6932
7422
-1001
6441
-2641
2290
-573
-4685
6624
2640
10000
-1942
-271
3790
6349
-7060
6768
8934
8214
3464
6863
4074
-409
4878
-686
9326
-599
-9536
-7016
2127
8960
5431
-2078
-2727
9878
-7160
6312
-8977
-3078
5987
903
-3030
-3161
9883
-1876
-8688
6680
5322
3062
-2013
5804
709
-3525
3907
6928
2287
-1957
-2056
1986
6357
-6058
-4087
6644
-7496
9969
-4147
9365
-4917
1629
3836
-6736
-8389
-3265
-3565
8717
-3456
-9562
-6644
9224
7698
-4489
-7734
640
8407
-5997
-3961
-4310
-2580
9038
-211
673
8058
-984
7405
2013
3047
3869
-108
-2666
3672
1584
-5590
6083
9310
-396
4663
-2602
-1829
-3306
-1657
-1383
4330
-5790
-4384
-6331
1106
7915
-1444
4044
-6592
3038
-2107
5187
441
5024
5094
1977
-4852
-8264
-9378
-522
-5571
-1026
3994
-2987
-523
-596
-1739
-7198
-1780
-2342
-2236
-3210
-3609
-3155
-5319
356
-5404
58
-4765
4921
1529
9297
-4525
-353
-4470
8558
4440
8418
-3377
-314
-7576
-3143
9653
8195
-3523
-9528
2802
-5609
-563
-7239
9520
-8149
-3400
6540
5797
5794
1000
-7278
-2336
140
1456
3489
-3461
9280
2479
1717
-6133
8952
-7789
-5660
1046
-7375
-5709
9499
8619
831
-3942
-9106
8520
1060
2199
2442
-7530
1452
-8795
-9375
-5926
7570
2185
4764
1482
4190
7494
3632
8334
9139
-3928
8093
1396
1243
2904
-2309
-7454
-1994
2334
-7787
2148
1111
6871
-5175
112
-6086
6535
4037
-2926
-966
7827
9751
4476
-8970
-6309
-3331
914
4177
8139
-2966
6899
8173
-4135
828
6132
-7672
-8539
-4241
3732
-1424
6567
3655
7255
7422
-6576
4862
-4603
-2361
-5512
7044
9195
-5834
6491
-9286
-2388
-7210
7261
-3656
888
676
-3222
5687
723
-4490
9688
9710
-9954
2770
3919
2049
-6391
-289
2546
-9179
-2940
3915
-2176
-3137
-7720
59
-3324
-7306
3186
5378
4033
-1835
135
-9041
5358
-9941
-4830
3946
7161
3096
7817
3463
-751
4889
-4915
5124
-6770
-1053
4677
5803
4296
4531
5647
-838
-8375
7425
-9052
4308
487
9484
-221
-8429
-8360
-6801
916
-5253
-9427
-243
-4632
-1483
93
3567
-1323
-3627
-9394
-7578
-2741
2158
2209
304
-5323
8223
4972
3213
-6542
8037
-7290
-6461
-6949
-5145
-2119
-7172
2833
6868
-9729
-8688
6758
-3614
7691
8442
-8092
-7595
2878
-4740
-5631
-7060
-5052
2115
2304
-9772
3670
5712
8961
-8799
-4340
-7814
2317
5229
7251
-4502
648
-7745
3230
9280
5587
-4237
-9711
-4142
-8415
-3665
-1009
9457
-5196
-7259
-1079
-4933
-1411
6993
-8250
-2952
-5272
-5755
-6965
-1592
8603
-3641
1713
596
-2135
-5582
4097
4872
8777
-5380
-4071
3794
-2748
792
-9020
-2489
-2873
6759
-6154
9684
-6933
243
-2567
663
1867
1884
-9969
-3624
4276
3598
-1741
-7496
-5824
8298
-6751
-1402
9783
5036
1942
8814
-8917
-558
-8194
2485
-2506
-8331
-9544
-7623
5045
-3471
6865
-2397
7435
2784
518
7198
3472
7875
-1945
8806
-5093
-6914
2176
8120
5851
8417
5538
-8802
-3387
-7213
-8538
8409
-1585
-7986
7465
7072
-7025
-6017
-371
-1799
-7549
-672
-1249
3767
-4027
-6664
-7563
1349
-2791
1248
-9933
8480
6706
2038
3871
-150
3375
-3708
-7006
7551
9468
8608
5300
-5220
-1456
3059
-5062
-6565
-1801
-1735
2
5775
-8930
-9675
2338
-4274
9406
-7062
3628
-961
1946
-6657
791
-9423
-1999
5099
-4919
-8095
-7713
4441
-105
2888
-8446
-4631
2492
-7879
5745
-4689
7375
6112
-1258
-4249
6425
9005
-8494
-9918
193
-6144
-8933
-8969
722
-2933
8207
-4485
-5017
6936
-5694
6082
-2831
4753
-2526
-378
8576
-4210
9546
5275
4588
5639
-9203
-3701
4002
2668
2092
-1623
-5519
6742
4033
-8437
-9654
-1018
-3500
2571
-3203
3753
8319
-9390
7622
-2906
6437
-9299
-4093
4784
-3352
-4519
7198
-7037
7666
-5402
5299
1352
7590
405
7435
-4684
-105
2033
5335
8373
-8178
3897
8364
5966
-9266
888
-6751
9037
-7786
7539
-6715
1212
-3477
4580
-4675
8822
-8085
1289
3788
8693
7343
5420
-2455
8293
-5651
126
-5778
-985
490
-1388
7899
-3497
7261
-2253
-3870
7076
1833
-1960
-1194
1385
6992
-4710
5462
-8827
8775
3212
4300
-2867
2655
534
-1402
-6423
2368
-1799
1729
8100
2973
6775
5712
-2754
4880
920
1056
-5276
3569
-9721
6149
7773
7672
214
2453
6445
2945
-3301
1970
-185
5811
4461
-4736
8025
3075
5065
-6420
1792
-8338
-1591
3352
-8642
1723
-6929
-6411
8384
8955
-5284
-788
2483
3553
5808
-3738
8059
5655
-9005
3394
8735
-8990
-9407
-1593
-6272
-4947
8742
-1756
-5667
421
-9811
3498
9783
9229
2080
-2154
-2555
-7696
-686
55
-3216
-5735
7585
-2384
-9927
4344
-7517
3043
-3510
2081
317
-8929
598
1879
-84
-4423
9392
1793
4195
3011
9393
110
-3062
-2560
4573
-3221
8168
6679
5195
4927
-8385
7614
2423
-9066
7438
3278
4759
1215
-7234
1012
485
8387
-7199
-8412
9704
-1643
-4147
3270
-6550
3958
-9819
-9130
7542
1371
835
-6870
-6696
8194
-6937
-9389
-1820
2080
5123
-7856
8756
8378
-3930
8834
5101
-6407
9974
9295
9387
4943
2216
-3776
4575
-6586
-7581
416
886
-8569
9180
-7037
3227
-1974
1332
-9391
311
3172
1424
-4531
7957
-5630
-2888
3112
-9221
5417
2211
-1302
-4791
2100
-4278
-6329
8561
5445
3226
3940
7355
-6299
7460
5666
-7289
-3970
7187
1219
1216
4718
-7793
-705
3541
-1598
4535
-6460
2389
8964
-6239
1829
-8237
-6430
-5681
-8093
8332
6750
-7814
8394
7130
8738
3284
-9191
-5991
-8372
7394
-3324
-4531
8646
3906
-5052
5239
5779
1801
5864
3994
-9091
-2506
4168
3447
2127
417
1583
6586
-8717
-5920
9599
8705
-8971
-3640
6241
-6102
-5234
8700
-973
-7188
-9446
-7067
6460
9756
-5789
-6582
6570
3597
-7039
7695
8700
1561
-1617
2523
-3233
566
-9520
-7837
640
6141
-9029
-6936
-7765
-2783
1371
-1792
6570
7025
-6002
180
9723
-3617
2484
-4191
9102
-6686
-6398
-4027
-6089
8950
2213
4414
3511
5693
-6848
8848
7110
-1302
2881
4645
4936
-5676
-6621
-3697
200
3830
-7809
-2174
-6576
9216
-7670
7735
-4515
-4204
5389
386
-1445
-70
7006
1093
3175
6360
7799
1670
8241
-1778
-2259
4905
-9680
-6044
4510
-5662
-6741
-4457
-7826
-2459
-9513
-3226
7390
-6843
1714
-2934
-2295
7337
1755
-7364
-7990
1905
3166
-3692
9000
-3634
-3608
-589
-4873
-5993
-2349
3007
-6650
-2119
7796
-4332
-7027
4061
8503
-4413
8319
-8470
-3652
8590
-453
8740
-793
-6135
-7071
9701
-2312
9668
9839
3262
-4754
-4818
9839
8293
3780
-3851
-9160
-765
-8013
8731
5141
2660
457
5972
-4227
-7720
381
-9408
3584
701
7862
3196
5614
-8273
-5673
-1022
1599
3065
9210
-5463
2430
6249
7609
3976
-9124
1940
7566
-4236
-8465
1668
-2389
4530
-1508
4145
-9058
7209
8437
-6351
-5700
-6558
4763
-1132
4716
-5507
9700
3058
-4931
-2733
-1673
-6569
-2321
2289
-5507
-2533
5017
-6888
9420
-5996
-1144
1185
-3158
-3463
6044
5775
-4043
4588
-5662
-9711
-5187
3668
2666
-2655
5621
9165
-4886
-8026
7929
7599
5254
2112
9251
3516
-5370
-6044
-8105
-7792
-9581
-4601
-1436
-1306
4116
-6761
-3862
-3977
-6706
-7114
-6627
3474
1731
799
3677
1667
-1306
-379
-168
-7262
8738
-6202
-8579
-1745
1280
-3842
-1596
-5636
-6696
-1778
-6083
-1707
-2893
6090
88
-4069
-1014
-9801
3843
-5375
5094
5859
7559
1199
-805
-5975
6075
8677
7309
1166
1671
7198
8472
-7115
-1331
2917
-6401
9632
8130
-5976
-3262
9105
-4413
767
7892
-2321
-1044
6939
3485
9393
-3936
-8420
2663
-7989
-3807
6459
7839
-1447
161
6179
2972
4964
-1774
-5099
6992
6492
-3252
6331
-3655
-7245
8660
9251
6788
560
1072
5890
752
6933
7857
-1329
-4915
-1320
-9625
2803
-4945
2152
-3810
8249
495
-2044
-7404
1887
-4066
-172
785
623
6830
3370
-8635
1026
-2160
2559
-8466
2429
-1720
-607
-7428
-3042
-5923
855
8822
5669
-7019
4226
-3807
2224
-6339
4332
2187
3237
-1908
1572
5628
3215
1528
-6917
-242
-3523
6308
-8902
-4887
8701
809
-8519
-760
-3286
4199
-2487
1150
-5514
306
4172
-6191
525
-1696
2020
573
2093
2582
-6075
-5470
6533
-8480
4415
-9660
-1413
9637
-5637
7704
-1509
582
7084
1839
9883
-780
-3214
-7483
2000
6415
1128
-581
-6265
-8054
7999
5219
-297
8197
-3057
9544
78
-4396
-1567
2952
6733
-4465
-6636
2315
1421
-7260
-4868
6156
-5738
1495
3510
1757
-9670
8415
8669
-9124
-3023
-1491
-8166
-689
3894
-7096
-554
5688
2023
-5728
-3908
-6579
6248
8306
8377
4899
3112
-9883
-1278
2924
-8135
8669
-9234
8316
-7808
2284
-6201
5081
-9311
7856
4117
-1388
-7102
-9957
7512
-9688
2264
6276
-5779
-1196
7078
-61
-1135
3688
-837
8314
-1593
4795
3468
4843
-2001
3734
8242
-189
4589
7433
-3052
1257
-5457
-7955
-5623
-7827
-7961
-3848
-5395
7801
4379
-5508
-8588
-1748
-8231
-6710
-6666
4350
4664
-9392
8699
-9160
973
4530
4242
-803
2816
742
-1682
6673
-5398
-6490
-364
1218
8267
-3397
909
-3037
8118
9317
-643
-1977
7551
-6642
-4662
4306
-8566
6314
1253
2325
6742
-2423
-3112
2107
-8988
4316
971
6064
-501
-8393
-7339
7353
-1079
4590
7738
4108
2339
-7889
7675
6277
-8554
-322
5188
1534
6721
1745
4513
-9431
2348
1042
5615
4268
-6898
-150
-5107
-4276
6350
7981
-2047
5046
294
-2058
-1824
-6890
6116
6131
9131
5272
7435
-8814
-9610
534
1037
-6462
-5209
-705
-2655
7102
6958
9764
5931
6222
-8695
-3627
3239
5035
4100
-4180
-7711
-167
8338
2473
-9978
296
5233
-7864
5033
-1530
-3483
5626
1080
-7804
9728
-4383
8011
-2953
-8182
7746
7661
4119
-3757
2950
9244
-3504
-6840
578
-1200
8347
7345
-2311
-9232
-5196
-6658
-1491
1889
-9551
8579
597
-8394
-5599
2106
7275
-9849
3637
6131
1529
8987
1979
7936
-3866
6721
-707
-9206
2344
2985
-7542
-1652
9631
7097
-3578
1431
-3655
-2418
3500
-8062
-6214
-626
-1502
-5683
-4920
8254
-7739
-4275
-3946
-8448
-197
3459
-8116
-123
-5610
1927
-5180
5618
-4992
4537
1716
-754
-4560
-26
3068
-1812
3186
4419
2946
-4558
-6719
8286
3448
4021
9110
-7175
-4342
-1289
9626
7066
729
7894
1970
-6429
8686
3576
-4397
-882
5908
-7657
-10000
-6795
9879
4076
-6045
-4689
7298
-9996
3644
-6369
3153
8601
460
-7636
9171
-4278
-6954
5504
-3271
7558
4766
-7817
-2035
-1089
3336
803
7212
6395
-2702
-9030
3583
7964
-8354
-609
5342
-9405
-8697
-1878
7727
9765
7158
1389
6554
-5045
6228
-4608
2743
4099
856
414
1683
5990
5673
6102
-400
-8139
2815
-3330
3142
-1200
472
-939
6080
8577
-2173
-6907
-9939
3441
-3661
-4019
1992
7984
3688
-5158
-8620
-8475
7210
-2599
-5732
-9542
-2860
3151
-8150
-662
-1866
5349
9261
-9565
7476
6871
3157
9440
2732
8355
1243
5431
-7573
6535
-8120
6947
5528
8167
-5311
3750
5030
-7487
-5719
3597
-254
-4704
3814
-8097
4611
-9614
7674
7500
2770
-2721
876
5162
-2527
-3695
8227
6277
-3457
-2860
-5180
6465
6509
-744
961
8612
-5956
-3417
1574
610
-67
-2835
1900
-2847
3198
-8772
-7101
-7040
-4338
1131
-1191
4531
8359
2592
6050
4174
7087
48
-8188
175
2729
8954
4418
-3494
3362
8640
4920
4448
3682
7791
3596
8962
8718
-5173
1321
8923
2436
5825
-1438
5796
5915
-2280
-3656
909
-8226
-5737
-1172
5970
-1076
-8861
1139
2800
-9557
8473
1449
-8753
-1728
-8059
4258
3520
9126
-9085
-4556
6879
6679
-2233
-8650
-9998
-5780
-9990
-5587
-1087
-5191
-904
-2716
-1512
-4280
5735
-3169
-1258
8125
9699
-4891
-9090
5842
-6507
9743
-3851
-9357
-1087
7612
-6810
5257
7502
236
9720
-7727
816
3795
5699
5457
-5399
-2203
-7685
6737
-1259
-2791
8186
-5177
-9612
-2748
1445
3761
-4243
4887
1524
4423
-9437
4486
7192
4060
-3653
4223
-6305
-8016
-189
-964
8005
7870
-87
1633
-2486
-8557
-4161
1950
-3878
-4399
-5153
-5181
-8233
7862
-6620
647
-5497
9040
2378
-1955
3225
-7871
9759
7160
-22
5945
1525
-5797
-5377
4757
121
7783
1032
4940
1468
-4189
2327
-7320
-7405
3320
110
3235
5680
6435
5294
3795
240
-1682
-5902
-9114
6704
5365
3050
-7574
5853
-6645
-5219
5179
-3518
9357
7386
-1426
-2512
1739
-4718
4354
9714
-6728
-8754
7062
-7424
6986
-4942
-6724
-9959
7040
-5648
1267
-7006
4444
-4338
-5495
-5639
2666
-6821
-2698
-699
-9574
3117
-7856
1782
8597
-5637
-5111
-3259
8365
-2839
3819
-2539
-8687
8736
-2574
-7380
-4161
4994
-231
8055
-2245
-9021
-5068
1855
1025
8080
2775
-2659
659
4506
4006
-1262
-1477
827
7762
-9301
8915
-6041
5780
5972
6343
8489
-1154
-931
2565
8631
-5999
-6818
5908
1762
8341
4723
8132
-7565
7346
2949
5297
4935
-3953
2907
9524
4459
1354
465
-7390
2389
-7851
5896
-3351
893
9748
-8106
6177
8445
-568
-92
-8917
-8639
9640
7497
-155
7892
8101
-9492
5278
6151
-7057
-8884
-9243
-7354
2385
-8370
-7224
-6835
7418
3922
-2331
7936
-2493
-1208
-3338
8044
-3266
2406
7331
-5536
-7841
-9302
-7652
-7824
-852
946
-1788
7233
-857
-3686
-3517
-5623
144
-2224
-3995
-8497
-7410
-2786
-6789
-5730
5522
-3486
-809
-3342
-108
-7259
-2202
9590
-9228
3403
4847
-9618
-1789
3416
3668
224
3295
-9395
547
4460
-9985
-6973
7044
-8816
473
-3038
2827
3824
4822
5100
-3280
-7751
-2997
-7364
4225
3743
7566
4668
-5942
-4167
6241
1155
9347
-2618
-7277
-1687
-2073
2
-1199
1206
-7274
-3790
669
700
-870
-7132
-6251
-3153
1519
-5853
-1237
-9204
-6009
9095
-6780
-4965
-4220
3090
-2229
3864
-161
8771
-8448
6818
1540
-9623
8206
8955
-2182
-1928
1921
1346
3020
-5596
-1075
9146
5616
8622
9555
-6440
-2488
6693
-111
-9505
-5102
-9183
-1423
5154
-3157
1547
-4321
-5250
-8308
-1118
-7859
1420
-5440
-7879
8804
-8304
5619
712
-9650
1119
7305
3836
9348
8606
2530
8712
-762
1381
-3124
5547
1656
550
6344
9417
-6034
-6051
-362
3886
9137
9039
7293
-1637
8809
-8893
-9526
-5995
-8035
-675
1126
-583
1582
5577
2103
4732
6725
4701
-5121
-4553
-1131
-3206
-8692
-9152
-9593
-3447
4149
3648
-7233
-4768
-9832
-394
4828
3074
3702
4915
7338
7578
-507
3522
-889
9448
2375
-5238
-9066
-6439
-1980
-8824
9709
4856
9500
3112
-7245
1391
4583
1914
1100
-3672
9977
-9398
3476
3440
3856
3258
-4359
5117
-7996
904
-2129
4464
-9865
-7029
2188
717
5578
6612
4798
-7598
-6687
4667
4564
7803
2608
4415
-3577
1028
-559
-297
7936
4676
4393
-7161
5755
4607
-3274
7878
6578
-4057
6974
-1147
5259
-7935
-1743
9847
4474
-9564
2845
7403
1998
9278
-1777
9960
-4624
5739
-388
9509
1720
-1053
-2859
8106
3277
827
1667
-4134
4851
191
9873
-4913
538
963
-5539
-818
-3659
6810
4355
2085
9265
7683
612
-3806
-1426
174
-9692
-4994
-499
3663
6516
-5371
-4827
-6596
-61
-8657
2892
-493
-6459
-4098
-4824
5035
3322
-1215
-9831
-8104
-7127
-4105
-6045
-3930
-5470
8120
-1284
8084
-9067
-4520
-3399
-5401
5077
3550
-137
8491
1728
1095
1655
3782
-6454
7669
-920
9002
-582
-756
-2696
-6203
9024
-7642
-8037
-769
-5737
4944
-4539
2226
-9160
-6133
-3747
272
6254
-630
-5995
-1076
-7119
9221
-9544
703
-6120
-5367
1557
-8151
-9702
-1394
-3799
-1080
-9955
6039
-9593
-2184
392
-1061
12
6297
-2213
-903
-4685
-1208
-1831
-9425
8502
-6104
-1881
-973
3740
-6510
5977
-7215
3765
-7219
-8879
3963
5268
943
-7911
7795
7996
8890
-5923
545
-426
4796
1667
-6460
6842
9335
-7456
2078
2151
-6067
-423
-8377
9652
-5286
-6825
-1790
-4036
93
-518
-8180
9550
9354
6781
-169
40
7494
-1272
6366
1865
244
-1073
9619
-6207
-2184
2989
4153
1667
-5211
6597
-4229
-3540
-2904
5027
-3791
-5370
7977
2698
1806
6105
852
9006
-3582
4772
-4806
45
-3006
-7511
2029
9084
-6145
-6505
2706
628
-4737
4449
7364
-200
3267
-3480
-6528
-341
1149
-2918
7050
-5359
6410
-6410
-9138
-4605
-2851
-5518
787
-2865
-3333
512
6654
-7317
-9515
-9440
8454
-9375
-7632
3204
-9034
8982
6724
-4828
6257
-3201
-7063
2054
5917
7645
210
6438
-8911
1771
5019
-6990
2253
-9070
-8756
8113
6335
7840
8427
-5338
3666
-6340
-2210
-1949
243
5340
-4617
-2082
432
1950
-1108
1457
-8571
7636
3658
-5279
5792
6394
-7669
-1425
2322
-1006
4344
-7398
-112
4752
1637
-177
-1757
7436
-711
-5890
-2627
-799
-6829
3431
884
-4242
4148
740
1072
-7540
8316
9826
-2377
7577
7184
7450
565
-6597
6804
1976
3359
1930
9822
-5019
-7575
2252
379
-8331
5280
-8555
5984
-9049
6371
-7423
-7971
7977
-4716
-8946
7295
-3474
-8810
-8462
6712
8853
-5438
4579
-8122
7556
1225
-5128
-9632
-4898
8863
4060
8480
6629
4496
9531
2640
-5039
-5554
6041
-1218
2588
-8549
9188
7228
-6526
4378
6211
7802
5467
-971
-4282
-6672
-1557
-4054
-55
5354
-5995
-6080
-7683
7883
565
-950
6589
-8607
-7873
-346
-8604
4627
4222
-8779
-9512
4224
-8954
-8071
-1504
6622
9858
2155
-1566
5840
6773
7838
-3973
-4377
-4187
-5403
5282
4978
6368
6433
-1485
-8097
4358
-2927
8661
3556
-316
-5759
-8470
1543
9515
8414
2757
181
-8491
8437
-1096
544
8344
6046
2304
1882
6855
857
-8679
8113
410
-8698
5495
-4306
3948
-6707
2551
4065
3545
962
-3672
-7333
-1384
-1294
5628
598
4717
-2340
-3817
-7405
-6813
7258
-5696
5716
-4450
3395
6386
-2122
-8654
7155
-83
7402
735
-5621
3747
-9703
8555
-4446
5371
4010
8408
8192
6426
6697
-2514
-7138
-7240
-8517
9389
2456
3256
-8914
8089
-2421
-8402
6343
525
-4648
-8066
5095
-6157
3139
-4507
6209
-7410
3972
-3629
-9579
-4090
-7159
5222
7294
-9362
-379
6024
-6133
-3747
1481
-3796
-4408
5973
9645
6768
-1983
3623
-8706
-5098
-33
-4946
9399
4934
6978
-5954
-4542
-3770
9334
-209
-8320
1184
1437
9791
-5218
1401
6752
7613
1550
-6534
-3921
7678
8776
-34
3045
6949
7398
-5756
-8383
7184
1321
5716
336
-6071
-431
388
-8798
1771
4906
-6881
-9985
5900
-1203
-3482
-3650
-8837
-9218
-7732
-7640
4467
7307
6912
-5016
-8085
1526
-6400
-3406
3502
-9711
4323
-9044
7329
1714
2492
5207
-3487
-3642
2794
1686
-1672
-1315
-800
-1628
4722
-7154
-9247
-4769
-5897
990
6721
-9262
-5010
-8193
-5352
-2775
-7188
-5118
-438
7374
1997
-6600
-280
3878
8775
-5502
8494
-7827
-8128
-8168
3362
9811
-1757
2114
-6744
-8523
2357
3358
9434
886
5891
-8698
1681
-5046
2517
2140
-7357
-5730
-9902
-7203
-8862
-8909
4617
-391
-4677
-6917
-2617
-6951
5957
-5370
5072
-349
6244
8453
8783
-4149
-7741
-3299
-6140
-7003
-3997
4012
-3248
-4206
3864
636
6922
-6629
4694
3951
-4478
6580
-2370
8516
-2986
-1844
7202
-2032
1041
-6463
6012
-3181
4863
-9211
7595
7019
-4057
5889
5833
6447
4031
7365
-9638
-92
3005
8974
-1851
-2503
1337
5955
-9170
6795
7914
-9030
-8479
402
7988
-4766
-5384
-28
9522
1591
-221
1972
1110
-6592
-4483
6322
-5519
-3970
101
7340
4399
-6797
-7275
-3607
558
2408
-5106
-3809
5904
7824
-9790
-10
-8019
1456
-4906
1500
1120
-9290
-4359
2190
2266
-7169
8508
-2886
2607
5318
4198
-2011
8441
3761
-5349
-483
5407
1377
2556
-2535
-8263
2878
-559
-7940
8743
1576
7916
6264
1318
3107
-3834
-9241
9331
4086
-8464
2471
8384
1143
-2261
-3061
-6657
-4645
-4071
1551
931
-6393
3130
2732
-5893
7114
-5672
3466
-9321
-8642
1045
4532
-4542
-9387
5712
-301
-6389
5283
-1685
9285
2020
-648
5348
-6950
-1593
5544
6903
148
-3225
-5445
1793
-1919
-9126
-4523
9519
-7879
8015
5188
4531
-8750
6405
3963
4096
3296
-8756
-9286
9823
9461
-2657
-9495
7205
8500
9079
-3274
-8396
3209
3966
-9089
-586
4593
6534
-9012
-9970
2687
3547
7874
-5467
8826
8592
-6465
-7701
7129
2168
-7800
3140
-8578
8616
-533
2462
5567
4923
1631
3563
-1712
-2321
8367
6348
3185
3217
-3647
3615
-8177
6559
-6772
-9276
8519
7687
-3484
5156
-2071
3706
-858
5965
-5614
-7879
-8544
4405
2842
-9269
7860
8664
4324
8070
5517
-6018
502
-6530
-3402
-1348
8344
8137
-4482
-3518
-9425
-4677
8902
3869
9131
-8067
1425
7146
-3956
-3185
7622
7137
7001
5095
2990
-1677
47
-1696
-401
-4502
-4610
291
-7643
6012
592
-5468
4966
-9466
-9132
-8997
9615
595
1585
-5311
9175
4400
7374
-1293
2330
-8374
-5644
4966
-240
5400
-606
5896
1936
5831
-1727
6943
-8892
7718
-5581
2255
4562
1798
6112
3974
3923
-9308
-2479
-6780
846
2652
-3859
-8914
5353
2489
7675
-7776
3427
914
6179
9426
-773
-8370
3486
1440
-5273
-9277
494
7199
-76
-3759
5028
-3016
2934
9956
-6752
-7967
9768
-4118
-4531
-2183
-8333
-1076
-624
4995
7834
6958
-9603
6813
-5335
-7908
-2027
8207
1481
-6862
-8188
3089
-2261
5334
-4061
9122
7174
-6631
1088
-8028
-9496
-4167
-2118
2569
6176
-3873
-1437
-4950
1246
-9588
7975
-9697
-1121
1207
8368
6875
1055
6861
-9181
-4515
373
-444
4585
-8757
-4105
612
5106
-8183
960
2954
4238
218
-5503
3916
2432
-1247
-875
-6374
1361
970
-5035
-8513
-1198
-5252
2182
-7274
6902
6814
-2976
2553
-4675
-714
9423
-9638
-7476
210
-7224
-1797
3974
1318
3089
-8909
-2995
1156
8227
-4088
-9549
9014
-6722
2310
7794
435
2571
102
1120
9785
1997
-353
-5907
-971
-2272
910
6848
-2404
-9666
-5517
2249
-8067
-6376
9355
7350
-8370
-206
-9165
-8079
-8110
6356
5670
4417
8755
-6930
-1592
2922
-2816
3395
-1856
7028
-737
7606
-9227
-1443
9643
5932
9414
7867
-7785
-5182
9695
-1163
4520
-828
-621
-1564
-4347
5275
-1900
-5227
-9648
9764
5383
-4964
-3811
8917
-864
-4627
4021
2999
3689
8947
-9852
-314
-5827
-8742
5456
5994
3970
-5004
5622
-3081
-4403
-2399
1910
-8248
7131
852
4942
-6146
-7507
-7986
-1622
-5948
2391
3473
9731
-8156
567
6089
1398
-1664
6101
217
-9583
3415
-4225
-6939
-6984
9500
-1732
-1970
-3575
-4258
5635
9065
-1505
-6911
-6023
2422
733
-4993
5614
-231
8957
7004
9231
-5528
-90
-8955
-5367
2184
2870
5055
-7616
6074
1185
-2194
-8185
328
-9311
7494
-1511
272
-6349
-2440
-3164
9457
7353
-472
7948
2542
-2239
-500
5504
-9163
9872
8773
6276
9908
440
-2024
4161
-2556
-7619
-4354
-824
1217
-9558
7443
3086
9095
669
-7177
2071
-4362
9933
-9239
7557
3489
-8548
9185
-5666
1434
-9878
4009
-2083
839
7461
7967
-1613
-5819
-2446
5200
-5081
8675
713
9529
8776
9176
17
7297
8030
3400
744
-5267
4867
7215
5966
6642
-4739
-3986
3325
-4859
-6473
-8828
8275
8056
1366
4215
5182
5672
4760
786
-9056
-1714
-4970
4768
6199
-5601
-4094
1154
-8637
2756
-6265
359
-2083
-6411
1134
430
2833
-1702
-4519
-1806
-6754
8187
-7057
217
-6918
6898
473
2984
4705
1993
156
-4287
6557
-3215
1209
4296
-3225
-2699
-9803
-3400
-2750
5356
6243
3443
-9159
9358
6901
-1743
-408
7199
-6013
3715
2987
-8452
-5818
-7115
8059
7304
-3778
3516
-417
-8732
1404
4036
-3607
3888
-4379
6843
5359
5118
2874
7537
-1663
-1286
-9086
2694
-2173
9778
7254
2169
-1414
5840
-679
9889
-6286
-7603
3321
-1505
8600
-3379
-6609
-7930
1918
8477
3223
3435
-1644
-44
-9670
-5130
-2469
589
-7274
2529
6817
-5983
-3914
-831
-598
5368
-8849
671
-1161
-7411
1723
2781
-5484
-4796
6984
-9099
9375
718
-7334
8332
7562
-7650
-4835
2975
3487
3558
-8387
-8815
-9757
-9667
-6726
-1734
5211
228
8788
-7971
9889
4811
887
-6627
-8090
743
2475
6415
4106
-7623
9643
-4835
-991
-1152
4813
4715
497
6606
-2217
-128
-5321
109
-5595
7656
-2482
2702
-2286
3664
-9499
719
2242
3701
2562
-6474
7878
-6042
6503
-9194
-2735
5765
-5486
7759
436
-3974
-1196
1572
8157
-9714
6904
88
4169
-6523
-9471
-2793
9359
3318
-6753
-8335
-2659
2359
4123
836
-603
5481
-4358
-1243
7867
7414
1830
7059
-5549
2324
3816
7125
9839
-7631
2172
5631
-1068
-8636
-4685
-1158
-8197
2652
9557
-615
4907
9027
6532
6800
-2524
-1278
-8010
2420
-9809
-4471
-883
5063
95
-6600
-8690
5599
4256
-9370
-3406
2838
-3870
-5012
9853
3298
4079
1723
-1445
8798
-3190
4455
-6770
-80
-480
5622
3320
4570
-7779
5213
6526
-6248
-5259
-9863
4123
6716
-5421
-4681
2696
5086
1377
4412
-9229
1557
4153
2750
8024
4209
-5005
-3899
-3736
-7920
-5538
-9856
9707
9303
-9442
8010
-1054
7683
-8163
-6815
8574
-4549
-5854
-2237
4195
-6242
5506
717
9470
8144
-1422
-964
-8481
-9444
-7566
-204
-3452
-8894
2479
4181
-4401
5749
3012
-4707
-9358
-3398
164
-4516
-447
2421
5498
-3512
-1755
-5987
6327
6333
9113
1893
-1553
3544
7887
2938
4906
-4328
-3456
2255
7440
-4674
-8451
-1097
-1866
-6657
-1571
7329
9693
2141
4519
-4128
-8807
622
-4077
2950
8163
-4077
-1622
-110
3069
-3915
3792
7683
-9455
5327
8560
3843
-5229
9289
-5163
-7760
-251
-1563
-8681
-5191
6065
3029
-3508
-2138
9939
3283
465
8645
7485
-4856
-2225
-5384
2117
-907
5695
-2433
-2732
-892
-4194
1211
5242
-7714
8387
-3264
8613
4347
-6215
330
-6329
-2021
-7636
9559
6006
740
4397
-5053
-8782
4175
9558
-2559
-8556
-3295
-1193
-4977
9578
9328
-8184
-6756
-5459
4742
-7656
-3374
-9299
-8763
4665
-6070
-4097
3725
-8623
-6468
4867
-4001
-5788
-3163
-8952
-4312
9008
-3198
-6940
1671
7457
9340
-1281
-9833
-526
-7400
3117
7876
3596
5280
-6632
457
-7527
-1128
-4693
5976
4740
5942
-500
8615
-5110
4871
6645
-5531
2571
7787
731
-7527
544
8523
-718
1584
4617
1820
2430
-1774
6988
2670
16
6385
1665
-4942
5148
9828
9529
5595
-637
-3296
-342
-4518
-7121
5857
-1331
-4405
-4376
7693
9762
4946
-321
2802
78
7417
8548
191
5798
8919
-1314
-7936
7918
-7548
3340
-5923
8725
-3842
6559
8036
-2535
7486
-1804
-3230
78
2862
-7696
-294
2256
6281
-3617
4293
-1441
8166
-3089
9535
-7880
5859
-4823
5387
9906
8206
192
-8379
-5179
-6447
4540
1122
-7984
938
2563
-7260
-457
-750
-8881
-5870
-484
4929
-80
8014
8417
-4097
3881
3009
7544
-3975
6223
5749
3389
5918
9215
-9095
-3828
9289
-5817
6004
-7817
-6734
9334
6560
-5299
-9076
447
335
9601
-9274
-9440
6861
-9339
6255
7546
7652
205
-6645
9375
-6619
2978
1109
-4238
9026
4660
-4263
-8867
7664
3309
8487
-9590
-8946
-2240
-9102
-8370
-3565
5440
8172
-5905
-4695
-3239
-5493
-5878
-4083
-8304
8113
-734
2165
4386
3484
1355
3101
6616
3304
1617
-8430
2353
-631
8812
143
3753
4118
8610
-7829
3406
4107
-7512
-8250
-3651
2763
4171
-1288
6324
-6020
-6886
3309
1151
-5079
-2565
-2802
5002
-6785
-6179
945
-8839
-8333
-254
356
814
9094
5274
2077
-6782
-6762
9209
-9094
734
-7307
1084
1625
7809
5571
3053
-1687
1842
2060
9647
9606
-3601
-2936
8800
6804
-9576
-8281
8135
-336
6965
-6812
5350
-1510
1530
6180
3391
-1831
-7440
-7914
3950
-241
-5253
5895
-3579
79
9082
4065
-8110
6155
8132
2206
4494
-4510
-5935
-8428
-6901
-8479
1817
-5149
9464
-5389
-908
-1751
9259
1986
0
8359
-987
9521
-5582
-2070
-1295
-5868
3959
7984
-3884
-4621
-3808
-3635
-676
-776
-2215
-1617
-6086
-256
7012
-2133
8173
2381
-7284
3270
-5258
-2587
-4278
8353
4133
-90
-3987
-5984
7999
4481
9104
-4184
6402
436
-7389
7333
9305
-3476
-433
-1767
-4736
-7505
-9896
5804
-4179
-1243
-621
-3119
-9754
5291
8986
2212
8051
1530
-1929
-1492
-9257
263
-1541
-7137
7618
523
-3954
-424
4585
-342
7700
4055
435
-1536
-293
1044
5723
-9720
-1457
4845
-7172
6093
1644
-7900
8959
-8030
-247
-8343
876
6896
-3220
2625
-8451
-6295
9661
-5011
-4726
-9479
1407
-454
-6477
9941
-589
3491
7419
-1850
8702
9122
3723
5796
7339
4908
-1272
-948
7452
-3943
9903
4620
-6528
9204
5357
1951
7039
4637
9641
-6297
9890
9093
5702
6208
2760
-4517
-4351
-9465
-3773
6469
7732
-6798
7615
7718
7567
-2348
9273
2988
-8635
-8811
2016
229
-5384
-7238
-1478
-6551
8594
-1158
-9972
4918
-9310
-8204
3644
-3719
339
5696
1382
7067
3037
7182
8200
-7604
206
7802
4639
-2981
-8023
-578
-4676
-6355
7127
324
-9062
-6603
-990
2498
-2099
-1990
195
-8155
2296
-8551
7352
6756
3414
-725
4187
-3656
5502
2715
5263
4949
782
2291
4471
2208
-3316
-9319
1555
4943
6305
5599
1928
-5458
-410
600
-2862
-2038
4020
427
-8554
4704
-1926
-7581
-3406
2380
7312
2284
8086
4109
7544
-7221
-4343
-7860
592
-5036
-1596
-3159
-6188
-5483
3668
-2784
3424
7518
517
-854
810
-7042
3232
9292
2061
2829
-6108
9510
-9894
-3059
6577
-9665
2302
2168
-7452
4832
-9643
-835
-4542
2677
-4050
6863
-9442
-2064
-3657
-4629
9286
-6156
-4089
-5375
1524
7803
6918
-1423
3455
6429
1285
6281
9368
9434
5580
3770
183
-4910
-6117
6201
3702
-3135
2949
-7283
-7376
-7441
-1225
-1416
-8515
3786
4958
-3535
1591
7933
-3096
-5328
290
-1823
-5516
553
-5307
2171
-915
-6030
5036
8233
9852
-5184
-6374
-4539
3868
5798
2470
-1645
1761
9853
-9086
4947
-7974
-4757
-7664
2692
2935
8071
-7416
7048
1038
-5073
7931
7157
2104
-6637
-1948
6728
2023
5281
8894
-324
-1139
-4243
7550
-992
-8857
5994
-217
-6647
-1052
8352
-9242
-9408
6245
-3222
1930
7373
4388
8430
-2453
7624
7740
7152
-4286
-6115
8
-9708
-4110
1947
-1203
70
7549
8164
-1346
4623
2978
-678
-8413
596
3533
794
4106
-3929
7938
2803
3528
-9229
1536
-9715
-2526
-578
3718
-8956
-8029
8913
8819
-5987
-5165
8714
-7617
-788
-9025
2578
3249
4269
6059
-1177
-8836
-6260
5116
8523
-468
6540
-8339
-3012
-5511
3644
-6950
-5264
-7034
2492
-1657
8577
-6899
9325
-8603
-2791
5510
-848
-9032
-3428
-8644
4076
-2049
-8357
-2584
6621
-6179
-7078
-3143
4939
2471
-7196
8617
-4808
493
1675
590
7770
4098
9639
6089
9776
-3782
-9425
-7398
3589
6022
9993
-2620
-5509
-2931
-976
6419
-8506
-4577
3568
3850
-7792
-8570
-4296
1803
6267
5567
-3293
7992
-2295
3285
-7656
-853
4937
-7743
4018
9601
-806
-2347
-7689
-2224
-1290
6637
761
1545
6127
2157
-294
-5923
-8854
3711
-9380
-1182
-2314
3959
-4136
-8558
1860
8875
-2552
-834
2695
9257
-9247
-755
5000
-3815
-3396
-1166
-5270
1009
2998
1965
-2530
3971
7968
9493
-8760
-234
9066
-3670
-2413
3158
4849
-3805
-2726
-246
-5427
7942
3880
8172
6507
-5330
6610
1009
7087
-2787
-8140
7648
7658
-572
4765
9926
8521
-3543
-2851
4484
4954
1320
3939
6631
6585
8286
-6531
-9638
-2580
-6053
2590
-1129
7563
4762
2027
7557
835
9118
-3781
923
2868
-8624
-6569
1748
-3042
-8291
-5327
9812
8600
7414
-6449
1676
-4240
7104
-1297
6690
-4753
3987
1446
-1655
-5587
6498
5852
8422
136
9394
-5517
-3757
7288
-9763
4152
-6602
-481
8297
-431
9560
-6981
-1109
160
-1882
8524
345
4507
7191
9372
7040
-75
-8609
-1583
1514
-2134
3358
8900
8890
571
8188
3821
-6540
5991
-5983
-5831
7214
4520
1520
4631
9904
-8123
-7225
-1088
-5588
4979
6566
-8247
9749
2851
9952
8998
9222
-9148
7738
7761
-1630
-7595
3537
-9175
107
-3349
-5231
9880
8664
-3992
-4142
-5981
5756
-144
-623
200
5022
9653
4903
303
-1587
2827
-2825
8063
-8064
4077
1873
-5138
5501
7281
-7892
6843
-616
-2103
8414
3164
-985
9927
9395
5059
-6227
-805
-2361
-7564
-5103
4007
3243
7520
-2540
5734
-6287
3806
-5588
4753
-2760
-287
70
-8320
-2171
-4294
1189
2371
-4368
2830
8350
-8087
5849
6821
5726
2715
-182
-6568
-989
-298
5911
-1932
-6649
9794
-4724
2235
-4955
8234
-5933
-7117
-5145
-585
-4225
-3374
7189
8082
8536
6484
9908
-8206
8138
-4267
3748
5315
-8629
-5085
3814
2675
-553
6700
-5361
4929
4717
6820
5552
-6893
-6235
-9481
8358
-1178
-7385
8068
1250
-6433
-786
-1070
-4780
3305
-668
-8901
-3520
-7649
-8858
5884
7118
-3343
8372
7319
882
-1373
-882
3156
8702
1799
-6780
-1211
4975
-8309
4771
-2999
8594
4108
2520
7859
-8831
8451
-9671
898
5763
2582
-4517
2278
9976
3778
-1027
4752
4604
-4695
2535
-4301
-6935
4290
-8850
2970
4659
-7167
-3149
-4938
-3413
4527
377
-2890
9355
8869
1591
2413
-259
9236
-7705
8356
1478
455
488
-3058
-4910
-6978
8255
4751
-2320
2732
-3984
6829
5595
-9355
4509
-6272
-8905
3784
-3907
-4802
5271
-4840
9794
2401
2069
-5368
6080
-2009
1833
-6107
-4010
7458
9973
-4028
400
5043
7442
8875
9718
6800
3433
7807
-3066
-4020
-4529
-5309
246
-4981
-6885
-5742
5068
-1375
-7735
-3419
2292
-6273
7750
4688
-1218
2406
4681
5567
4982
-6718
2695
7215
-2095
7323
9581
3889
5580
-8027
954
8782
5160
-1179
5713
3528
-3597
-9695
6572
-6115
9578
-9839
9551
-6400
-4501
-474
5868
5678
-7923
9891
-9438
-96
-3367
833
4267
6659
-6362
5898
-6114
8158
-8828
6720
7484
-8915
-4416
5436
-2909
-3618
-9707
-7541
-2737
-7379
1955
-4590
1570
2555
-5266
1515
-2445
-4550
4836
4978
2485
7553
9776
-3651
3370
4078
-9417
-2240
1720
3506
9026
-6673
8900
-4478
-29
-8418
-9010
4635
1665
-5141
5135
9002
1737
-5625
3491
9631
-2857
-1523
633
-4705
2452
-2588
8497
7082
-3682
450
9237
624
-6397
6326
-9701
9309
-4924
-8457
-8470
-7169
-7289
4955
3798
5508
3441
-9821
3029
8958
-4439
3781
-5988
4234
9116
7956
-6587
1099
-342
-1349
-1676
-2945
-9799
-4641
-5041
-3869
5006
285
5870
468
6495
3509
7218
8657
-9169
-8033
6664
146
7322
3525
1183
2848
8146
-1653
1649
-2603
-6318
-8697
-7006
1149
-818
-1485
-4844
-4822
-4214
-3742
7610
9789
427
-7600
9890
3790
-9893
2821
-3159
-7137
-6830
9094
8943
6298
-1172
-7566
-7715
7507
1920
-8932
-5084
-9402
9097
7431
4900
-8727
743
-6410
-872
7156
-4667
-4010
5481
-794
3998
4492
7048
8678
3443
-3719
-6824
-1819
6541
-267
9946
-3782
-6133
-2391
-9756
3617
3789
4450
-6993
5152
831
-3682
507
-4668
8623
6238
-8996
-7965
7173
2635
1112
-3526
8200
7919
6456
3686
2712
938
4144
-8998
-4415
-630
-727
3474
-3595
-1135
746
9944
1247
799
-7949
5807
-1294
9263
3275
-5476
-2192
-6477
-1982
2428
-8007
1355
-5440
-4937
2466
2067
8892
3186
-1487
-3650
-5138
7059
-6777
3971
2762
6639
-2354
9282
8446
4624
-8784
-5288
6083
-6277
-8645
9169
-6798
-1079
-1890
6532
-6886
7866
5995
-8336
3307
-1707
7779
-509
-216
1731
-150
6010
-4325
5144
-5974
6779
4468
-3882
7430
-4996
5586
-4508
5337
2858
5697
-302
820
-8942
1743
-8541
-2494
-3492
-6462
-3878
429
9831
4362
-4778
2961
7778
-104
2921
-2208
-2305
-1654
-1352
-4942
3332
8743
-795
4036
-4240
3461
1780
-6827
8409
-9433
2682
-2361
-1477
4175
5915
1089
7464
-2317
-4550
-3007
2858
-9827
-4275
311
-1917
7460
8525
-8665
6939
-6592
-1240
2413
3326
-386
-7960
-2192
-313
1450
-8856
6593
4709
2492
-7071
3228
-3598
51
-3617
-9769
-5421
-3458
-822
-4686
-3000
8491
7140
-4860
3639
8450
-9791
-6586
-121
-3512
2494
-9641
-6217
7098
-4092
-6253
6868
-799
-3952
8322
1407
-3798
-1829
7477
6759
-8907
-1519
-4658
-2264
638
2384
-1728
-8780
4265
-3023
1726
7612
-4072
