7759
1
7738
1993
4857
2581
135
2066
4192
9651
1667
6704
9073
6431
5396
6377
8415
7429
6315
782
2538
5208
4845
8310
7378
4326
8238
1653
3602
717
4602
3702
9844
5337
5588
8987
399
6381
1738
3785
4896
4208
9771
4159
1809
7876
8981
4296
2187
16
2982
649
3949
4866
7714
3395
6259
718
3921
1425
6623
3927
3476
7966
3244
8921
268
4751
7525
975
2209
6733
7900
6572
3416
5629
3671
3723
4882
3187
2889
2485
965
2828
7552
5802
6817
1885
5544
9302
4551
4151
9208
5351
4232
16
6569
9748
4342
3343
5511
7760
7353
1898
8824
9604
4113
4142
8855
6627
6027
8070
7079
3539
2401
8085
2776
8664
1194
1569
6119
1746
7390
115
4335
6920
9842
5339
3999
6906
9154
5837
1726
8137
6982
890
1573
3146
9337
1356
3580
1131
2043
2545
73
753
7179
8716
7412
1663
3423
9678
8616
9318
3523
3256
4248
1395
6937
4605
8730
1396
3771
7198
6695
8619
5063
9778
7224
5865
7720
5681
7093
7650
5026
476
1207
7092
4829
3699
7656
120
3243
911
7234
7049
4661
8354
2822
455
2923
7443
8147
2123
7513
1617
6879
2445
1181
7912
6309
8436
3666
8009
8192
2857
7908
4872
2474
521
9206
8991
7401
6735
5200
2183
8147
6799
6977
2727
7119
3728
6413
6615
9938
1484
2913
5371
8120
3139
2376
9796
1858
5864
2438
1671
7645
7241
1345
8594
2456
2978
8482
5846
169
5583
2349
3915
4786
6816
5977
8107
7576
6090
1246
4608
9118
623
3991
9950
5491
8985
4246
8939
5247
9310
2824
872
1091
3686
4733
5592
515
1866
2013
3778
9629
5225
9542
6321
6358
384
8998
5576
62
1376
4667
5037
6465
2758
4979
817
2568
6482
3615
9115
154
9170
385
8586
8284
3818
5698
9744
7792
7507
270
5496
1402
4903
1801
1628
9924
9399
8214
936
3609
8378
5737
3713
4941
9740
5869
8451
8161
8880
1500
7367
5397
5890
2245
2841
3099
6596
2494
8667
7001
4061
8201
6737
6342
9120
3723
3100
4124
7124
2130
6954
6194
5826
5963
6625
7089
8192
7826
9248
1205
8547
4960
2246
2071
9506
3790
3259
8803
5705
2340
1896
7079
6336
340
8752
3373
3160
3158
6907
1250
6542
3663
631
9508
8513
7408
1640
8407
4471
1416
8842
860
5856
3936
606
6601
9328
367
8210
7790
1491
3271
6919
3875
3242
4688
3388
7666
8777
2415
5373
9154
4559
5538
1734
231
5543
4507
5659
7502
1128
2544
4132
7883
9812
6913
6581
380
4448
5344
8663
3418
3639
8859
1549
5512
9621
3713
2352
4105
2895
8702
1837
9985
6489
8121
2746
93
2715
1833
1060
3156
385
5403
3811
8263
1494
8191
8656
9359
5321
3342
7212
3454
9342
2644
5349
6645
8862
1572
3735
1275
9638
9451
2702
4202
3167
6133
1145
1093
1493
9593
5455
3404
3094
9450
2253
3996
2267
5801
4783
7876
610
1980
2514
3593
3679
7946
9626
4218
6873
1891
5070
2996
4095
8891
5539
5140
4961
6085
556
2235
6017
6967
9571
1594
9386
1783
1416
9719
4908
3802
7282
4020
7505
4357
8420
4840
21
3948
600
7115
7640
1376
6271
7625
9771
1677
4785
5756
5498
7891
8910
9539
4097
1968
3945
5834
7979
6804
8549
2938
9181
5989
4616
3297
1378
8762
5456
9601
2567
3688
5249
4549
6422
2843
3266
97
696
5251
9944
1960
924
6690
2673
234
217
8015
6059
6226
9942
6100
1430
4575
5373
5294
3793
981
7912
4795
4927
4724
6437
2466
1431
4921
3665
6114
5046
2575
6077
7112
8667
5822
7884
481
1906
347
5629
3494
4280
126
801
5652
2669
998
6247
3991
864
5405
5649
2289
9075
4606
454
4771
8131
4546
4362
8209
5845
9463
3857
2122
7218
2374
891
7510
4621
3211
2912
527
4633
3095
8421
9734
7854
359
6964
1257
796
8852
1228
1370
8467
1583
8546
2882
9848
3347
2829
5501
5171
7594
1133
8655
6251
183
529
7555
9482
9215
7186
7045
281
283
5632
401
4079
6310
173
5758
3436
4654
8560
5014
9736
4477
9201
7734
1443
5630
8606
7306
3120
7643
6858
3015
5777
1741
9408
904
9710
9552
7388
4804
8327
5243
4516
2769
6648
2132
5754
6458
3476
7940
7718
305
1830
3974
5055
4527
9050
8861
937
6608
1850
6919
6509
1338
2228
9084
3346
120
7300
4468
8708
3495
3777
4194
6453
6947
769
8624
8710
6210
419
9263
126
4615
3448
143
2877
2773
8077
8607
9242
6003
6015
544
2303
5362
4183
4646
8510
926
4615
3737
3455
4311
562
237
9326
8253
9020
8450
6376
2299
7931
1546
7823
6314
9324
6573
7688
332
8901
4964
9225
8803
5482
3141
1549
7062
9148
4792
5651
6664
2121
7491
7453
1242
3494
9200
6742
2814
7134
415
2396
6812
2827
5755
6422
5706
6377
2090
771
4907
5697
3805
2609
1108
8528
4115
8923
1118
3916
8636
914
5973
8207
2472
1105
116
5645
2965
3868
5932
1740
4303
9949
2272
681
885
482
3760
8437
7476
511
2604
9863
3629
7635
4151
4286
1666
8618
9077
914
2708
8962
8369
4671
5995
8413
5714
7898
9885
9901
2928
4305
5679
5431
701
1579
2621
410
9511
1592
2841
3607
6217
3023
6257
6808
8021
8860
1413
2068
9413
9568
6567
9240
4023
8645
2038
6693
8749
87
334
6325
9321
3637
8938
8218
7004
9303
4133
4596
4457
4278
9022
7827
4548
7227
6685
5726
7473
6690
6965
2992
5021
2624
7828
3768
4551
9790
4542
6128
9184
8630
7849
760
8340
6237
426
9455
190
1339
8980
6681
4426
5332
9520
5642
1224
1755
4279
7580
2006
1701
672
7339
4679
185
5425
3217
9793
4294
4317
5249
2442
9188
2436
7629
3654
6411
8471
4017
8680
7456
4963
964
5530
3227
5038
1431
6059
1876
2256
1932
4292
3116
6906
7786
1335
7175
3694
4121
1119
1334
5138
3902
3665
6483
620
8738
9015
8369
7155
2541
2208
256
8204
2537
6993
6124
2071
1821
7105
1168
9031
3624
7716
1755
1262
3228
1307
742
6235
5106
6234
8928
546
9776
7463
21
6927
5407
7082
4842
633
9987
8519
6556
1534
5245
1808
5337
1679
7586
5176
1937
7014
2626
9227
479
1353
1573
1257
945
9721
9706
2844
5122
8665
6994
4310
9631
2400
2828
7094
9874
8721
9052
2192
7566
5860
2748
3547
2968
4009
3993
6223
763
855
2377
5682
8296
9309
2591
7826
4335
4289
9413
7652
4702
5785
6559
9252
768
8907
7273
2409
758
487
8876
2067
2610
6505
2241
7366
1798
304
7018
1756
5138
2035
3013
6684
6520
7203
330
8356
7154
2705
5159
5228
5971
5472
1250
3672
9664
6801
4833
5463
2416
3732
2959
2230
3389
1024
9210
6991
614
9411
3890
1854
3530
6481
1530
4998
5005
9587
5636
875
8006
7866
5037
5980
7705
8603
5151
5076
960
1298
2127
1734
4424
1075
885
8654
1683
7663
6969
4175
3879
7067
685
3351
5892
7101
1612
3622
96
1784
7400
6211
4487
8093
7797
6325
4184
3001
4773
3107
762
7916
4506
5025
4219
8803
9408
3651
669
3327
7001
8394
4722
4694
7292
9039
2256
8591
8054
5077
1209
8258
3277
9120
9663
7332
958
8390
7629
558
1422
2373
8972
3223
1912
2991
3862
6908
6750
7320
9794
5731
5195
8268
5907
9116
933
1730
2569
6637
9687
9211
5147
4826
1516
659
4751
1551
7502
6719
6052
1277
6692
863
668
7836
1491
8980
316
160
5309
8058
7545
7269
1487
669
3642
840
1245
8992
611
6360
6420
6008
3965
6747
1324
7455
7764
6981
1301
8614
6128
8568
1823
2086
3571
7952
8216
880
1887
8012
8913
8293
538
9150
2058
5764
1524
1546
4553
8774
3949
6287
549
2223
6874
23
4830
1632
2071
6238
9042
1681
478
5487
3501
5961
160
6572
2590
7257
4207
6547
3709
7083
46
61
8013
7660
4261
5319
2824
7518
6670
8064
7381
9249
1872
4326
1123
8473
193
3891
5949
1008
6121
7918
8593
2207
2655
3447
5695
1524
4
1348
2414
7102
1335
9165
3961
8266
2463
3472
8992
8883
1417
3692
776
1176
1726
9915
300
4296
2383
3363
8287
7448
9728
8513
6454
9315
1882
282
4746
3220
5318
9997
5446
9201
7266
4003
2173
558
2479
5599
3764
727
4274
7422
4743
1337
9812
5334
303
836
9609
7680
8466
233
5996
4626
9413
5636
8707
8872
4683
3343
9765
6497
8931
3704
9869
6613
9922
9306
3416
9453
7845
5613
4727
7272
5045
6540
5162
8055
342
257
9281
4778
6838
6423
3758
514
3486
7851
9725
3685
5183
6206
963
4477
439
8833
9778
2335
9941
5748
125
9280
5442
3799
5342
2765
2970
8338
8711
7383
9836
181
1876
926
4085
876
9957
6319
4175
9553
9868
3495
4789
4059
3475
8045
5880
4506
6588
907
8370
3126
3289
2595
3062
8762
4389
3139
8280
3206
5542
5227
1117
3873
8393
1623
3914
3147
7300
2344
4190
5447
8905
4159
9421
7702
9118
366
1687
303
1845
4021
5643
3761
2193
3315
6099
6735
4907
8252
20
8497
1585
1365
7270
2354
2101
9510
6283
8803
2604
7392
7111
9592
8362
7751
6286
1594
8345
7765
3605
3233
5478
1557
7146
5339
8481
3818
5799
9648
6102
7086
5488
1327
1788
9534
140
1214
725
9160
7651
3018
1376
9897
4410
820
4926
5112
7067
2636
180
7610
9342
6315
6814
6064
2098
6572
4739
8039
3251
8770
2732
2172
3196
2173
5179
2832
5395
9570
9919
3157
2925
6477
3588
6045
2759
3788
8927
7041
4450
1456
5407
2223
1562
8414
404
870
923
2034
7681
2240
6952
624
720
9900
3935
7368
913
2378
3701
6812
7593
7490
1498
6926
7635
2187
9821
7826
3402
8302
7394
1285
4893
4271
4357
6968
3256
8521
6474
7553
6579
1367
2680
7489
4293
1537
1318
967
9467
8412
9229
985
5502
1002
7225
4885
5708
5580
6409
3652
714
2086
993
7353
3263
3037
3471
3598
1594
4319
4113
184
951
692
8287
7125
6497
9390
3555
544
3610
9337
1889
3776
9766
3484
1039
8620
6946
5405
7681
7588
3545
3900
7487
6942
3495
3527
7243
1443
1214
199
9627
3179
2720
9477
1923
599
3810
8357
3347
986
1480
3750
4203
9757
5295
4103
2199
3429
2488
6526
851
2802
5266
2578
5195
8576
2266
5567
807
3595
346
8283
6521
1498
2085
8243
5287
5688
2502
826
3483
6770
5807
1013
7841
1776
6102
9340
6001
3070
6167
3753
8023
4517
3917
4179
8580
3118
4785
1045
6806
8191
248
8844
1975
274
2540
39
6941
8392
8811
9357
8942
3847
6060
7898
7522
9453
8178
222
3917
532
4336
7933
1859
2669
7741
7066
5498
1635
9719
8847
1891
5445
5900
6029
1615
1134
2417
9816
764
5143
5143
9848
222
7449
4995
6948
1728
7834
9084
5887
6597
1458
2780
9947
5737
2508
6758
1547
5766
5915
6471
2182
5704
1488
6873
976
5413
8800
752
656
9641
258
6272
674
2495
3042
4391
2308
5969
7768
3440
7108
6361
234
4100
1542
7361
7594
6924
1020
4698
5522
9845
7482
5231
6046
5816
4692
9010
6902
9473
4325
3176
687
4347
6741
792
4368
3542
7520
2544
8676
8191
5759
150
4348
2404
2699
7596
6521
8882
7224
3007
3052
1098
1356
6309
8565
5850
8468
8062
7078
8926
9097
3602
5288
4841
6698
7807
188
6683
3564
259
1087
3361
9622
6720
8562
7758
3322
7515
7880
8746
4688
1815
1144
5411
2744
4360
1314
5757
7063
4172
6331
2187
2547
2048
5888
6510
3495
1189
5741
3408
9924
5027
4284
7012
5753
8084
1428
3287
6592
8311
2836
1269
6229
5653
7559
7864
7020
9770
1675
6593
2966
2633
1954
9947
1604
7073
2314
1506
9201
1725
6825
7960
8870
7365
9788
1487
5952
9437
9375
323
6275
3189
7032
6291
30
252
9960
4096
2008
6004
338
8763
7569
5560
3954
2940
6885
9974
6368
4739
9293
1433
1234
8788
9863
156
8662
212
8097
6513
2757
6362
8657
4625
2227
9571
999
8717
854
1393
4510
9582
9719
3997
2668
9801
9834
7767
7920
2313
4570
845
2479
4878
3348
1093
4928
2885
9634
8655
3408
2651
7991
1742
9020
3130
9111
2404
3019
6182
8236
1395
3982
9359
3914
9765
3523
1649
2219
1347
494
9740
454
5044
6268
5840
3265
6172
2259
9672
7163
7249
6265
4244
6443
2685
612
6908
1608
5016
6224
7575
4132
4033
4337
4821
7138
5699
4887
8376
1747
6899
7580
9308
5862
1297
3854
5432
8837
9117
2059
7403
8057
147
9124
3176
7546
3262
4954
2558
8479
9851
7260
646
8139
7708
158
4403
543
7422
9983
5872
9485
3189
9551
143
1551
9081
266
3398
1267
9839
660
3556
5822
1268
1920
6352
8630
3211
3035
9139
587
3247
3701
9086
261
3049
3427
19
3521
8843
3156
8457
5663
685
5564
621
2736
9637
850
7392
720
6398
4941
5996
9148
7941
75
2641
4111
2528
5903
6684
8375
7471
3485
902
8640
6075
5172
5887
5711
9777
2297
5557
2324
9548
4994
3796
2896
3755
2487
8821
163
4558
2501
5380
7382
1162
2858
6263
6222
6392
1005
2335
3540
9060
5115
3308
8324
474
5159
4649
219
9689
7589
672
1413
3006
1414
7220
5016
8651
4567
5009
8012
8509
5045
3216
3520
4027
705
7582
5326
1386
128
4304
9515
3182
8733
2991
613
7384
5469
3666
3364
2188
3402
3269
5951
4116
2463
7959
5778
7360
3866
8737
9102
2902
5716
5320
4847
4071
7508
5423
6304
1055
8177
6157
2874
6294
6496
588
9924
328
1485
5605
6183
1163
8269
9866
7267
5357
7855
4954
3881
121
539
4638
3005
4457
7865
7066
1810
986
6796
5389
7458
9930
3378
9772
634
5455
8735
8800
2902
1206
7221
5934
6968
5435
4076
9766
818
8715
672
1734
5186
4134
9926
4742
9642
3249
7109
7389
6481
1945
551
1590
5207
7848
5524
3950
4411
1904
9233
1587
461
2293
6114
7956
8029
7902
8479
2908
8974
4630
9969
5997
1368
8706
3454
599
7386
3376
1643
7757
7563
8526
7194
9432
3234
6872
5476
5151
9523
843
6377
6331
9688
8011
616
1191
5769
5465
9594
585
1434
2415
6014
4512
7171
897
2051
8222
5455
6020
1595
4996
4708
2372
4233
8980
2468
6346
8161
9033
3254
9316
5430
2811
5875
2533
2036
517
5135
6370
7292
9180
9946
8626
2084
7837
2228
2563
5549
4229
3430
7547
1442
2146
5305
3255
9309
4384
2088
3750
1553
7158
5702
7908
7671
1150
4666
4811
2821
272
4715
336
1524
3369
3183
7900
1371
22
2999
7199
5582
4837
9492
8761
4746
3175
8002
4233
7972
8910
2061
748
1764
916
5415
3956
9916
3337
7389
3869
8866
9583
3141
9768
7621
4781
5346
2664
1642
5984
6889
1637
3669
6747
8318
4084
9350
5103
3516
1953
1165
1151
7073
2421
8552
7517
4740
4222
7756
8362
3731
9730
1227
1169
7802
5789
1063
7029
3018
6785
5865
747
6887
6997
6341
6143
1697
3345
7660
4413
9136
3958
4994
164
3297
9422
3119
9221
2202
2547
9895
6539
9027
6184
8996
1073
6583
3037
1625
1954
601
3326
5997
8773
7220
2021
9096
840
7014
6228
2835
5150
9925
5691
4773
7972
4581
5875
7494
7471
1944
4060
3617
3796
7337
9498
7484
7572
224
2252
4758
9677
3343
5705
7099
1186
4484
3502
2761
8617
1389
9643
3583
3260
2050
6095
662
3546
2751
9267
179
7569
9707
7835
7870
5002
4146
4976
9686
4320
3761
9180
1178
570
1825
230
420
8766
964
4617
6556
1956
57
9520
4953
5729
1140
3937
3288
3061
7927
7406
5209
7129
52
2954
9521
2518
3794
5292
297
1351
7899
9381
6695
1202
8226
2819
1321
4428
3276
8625
5722
3903
8395
3883
8431
8475
1463
7086
9551
5806
3175
3993
864
3772
7346
2203
5904
8896
8254
3488
7994
2702
8641
8208
8944
103
7284
3259
3315
2779
6624
6679
8836
4318
9761
7163
7725
5278
1074
2126
45
733
3612
7753
1622
9167
9878
1509
5787
6026
6361
1222
1472
6207
4452
6977
4606
1964
523
9396
1518
5062
7383
3069
8259
1781
8471
5977
6080
247
5517
6521
984
4937
2287
2063
9235
4133
9222
5303
405
6690
4017
4336
4755
5435
9064
5135
7570
6302
8768
4219
9518
4289
9724
6802
760
9686
9668
5205
126
8209
9791
5923
166
9900
5821
7307
5326
528
4163
1581
1469
9338
2883
2365
1750
4702
9128
9777
190
1735
7533
3463
5580
5483
8397
9615
1473
9077
1294
3357
5577
5815
2567
5728
2689
9668
9746
447
451
2529
8601
9608
7230
2932
9433
8078
9098
8767
8514
7946
343
1250
4710
9588
2177
92
4494
7888
8317
7442
8195
7827
5419
227
6168
232
6854
6689
8650
655
197
2252
2996
4826
5691
451
1408
9952
4805
7378
4227
7658
6670
4294
5263
2441
5515
3217
1946
4459
6447
7686
4035
2087
3024
8698
7499
5431
6700
9581
7627
9974
4909
3577
5923
3806
1210
9595
7274
3655
3525
1306
4046
183
3862
3150
6411
141
5914
5050
8838
505
9170
3243
5900
7484
5434
5953
7376
3312
3814
9824
5373
1447
1252
3444
8745
1604
7496
2526
9229
5203
3393
7765
4616
5094
6728
281
395
4104
1815
3617
1831
9830
5623
1029
2853
9868
4230
7145
9227
6868
8979
5561
1163
9764
5070
8417
3431
6122
353
8130
6103
6225
3608
9680
3484
8983
2287
956
1023
8531
9053
790
7833
4370
2145
6264
5680
4801
5029
9416
204
1487
638
2713
8843
4187
4286
1155
5102
7288
4843
2993
793
151
2207
5884
1787
7579
4603
5552
4202
1269
6028
8771
545
1608
1515
9813
1482
1374
6897
5559
5511
4679
6748
3240
5190
2695
339
4879
14
1663
4024
2754
5021
6476
7909
2261
8990
1418
3327
5451
7487
9988
4035
3320
3742
1241
8329
3883
4506
2986
7121
4110
195
7426
9872
190
3878
4426
2295
1273
7760
5712
6188
7813
7324
7667
232
2963
5239
4492
5098
1394
1709
9751
7153
7465
5447
8026
7898
8922
9046
8426
513
2275
717
1164
9634
5807
6237
5486
5672
8799
5629
789
93
975
6795
598
4397
7046
8283
1296
738
1698
3410
3032
6818
7072
9166
8866
5589
714
4766
1352
9881
8128
6342
3094
4135
6198
285
9797
5772
9159
6725
4666
4943
2203
7687
7641
3359
8249
3252
257
7856
1040
1519
7249
8290
6512
5403
2210
967
9487
2355
8206
8722
1278
2483
1479
4341
3949
1418
5746
1111
6282
4069
9639
5988
7388
7685
7966
2213
5133
2926
8739
7976
9123
5269
2484
689
4745
8736
2483
9624
4432
5849
9880
4200
2855
8816
5087
9803
2711
228
3814
1884
5005
2116
7105
4598
7858
4046
247
3090
4606
7495
3051
2091
9746
6800
1687
371
9850
7976
8625
4589
5254
2751
9001
3486
8751
7383
3515
5190
5999
925
6507
976
1992
8115
502
9194
5693
8062
1287
8578
1297
9606
7663
5350
3364
2322
1419
4072
1350
245
6866
6391
4621
2893
3656
3997
5803
6999
1848
3002
7764
8343
4763
9575
730
7019
8514
1477
545
3581
1103
6143
401
1832
857
8227
1573
1524
1396
9291
183
3052
4473
2383
4214
9576
7659
3680
6578
9968
6658
3364
2568
699
4421
2637
7607
2803
4807
5123
6924
7533
6004
8140
9362
9661
7363
7994
5265
3960
9232
5490
1179
4070
9974
7377
2744
3619
3552
5074
5543
7502
659
5759
3763
3804
4452
1560
7420
9628
4001
7479
5010
6700
7482
9255
3727
6082
8312
8957
6964
2178
5641
3416
5445
7266
2762
5984
9608
6316
1701
7784
2629
7047
409
2246
6556
602
9855
3711
7142
6806
249
2838
2994
8804
5973
5566
2692
7510
4175
6481
6765
9928
2955
9423
8697
1495
8312
1656
2737
887
5956
4370
6262
543
1944
2455
3870
9944
4394
9552
4679
8508
2350
7718
3555
9030
9969
9286
6970
7309
6411
8117
6675
8741
7623
5111
2613
1863
3706
3802
4487
5753
8412
7163
5241
7790
2832
1906
5445
7331
9564
2033
9717
2349
4151
5242
8836
7014
8527
7994
7643
6535
5630
4750
3480
3109
4338
9183
1179
4799
6971
3292
231
2460
2907
4214
5096
560
5579
8086
8173
6661
1286
8692
8496
7543
1713
7921
4343
1768
6664
724
9250
420
6295
6472
2116
2345
327
6669
3457
8024
5378
4751
6785
5771
4092
8197
9656
4683
5083
2311
4016
8751
615
2895
2977
9050
6628
3069
8515
4602
7003
501
1642
9259
6181
8428
1591
1463
4234
6469
1980
3015
4732
3569
5260
949
1294
4104
4692
2345
5788
8531
7443
5088
6160
9150
6003
3192
7739
7380
8822
2931
4997
8977
9217
7966
6994
6344
8914
3262
5853
8412
9181
2322
3057
3441
5631
2412
6638
803
6253
6137
7807
7099
9160
4742
1461
3322
1948
7019
9814
5196
2082
5907
2546
5483
2759
3122
397
3182
6558
9554
5235
9268
8988
114
5968
3010
6820
9211
8733
2769
2163
3718
1996
4464
1079
2032
4713
8315
8511
4635
4357
3489
1776
732
7632
5868
1801
9672
3581
2504
2507
2271
9190
8568
3081
6060
4587
1967
7318
1680
3353
3939
4580
4523
332
7980
828
510
1126
4851
2574
3703
6070
49
4958
8188
4483
7835
6574
1146
1692
593
8552
7665
2886
7770
4586
4673
2041
594
87
9123
5847
7665
6859
7919
8684
8052
3830
1854
2823
9875
8273
3322
8382
4719
9062
4210
7528
9182
4070
5995
7207
364
9519
4312
6887
2099
4885
7184
2520
9046
2729
5549
369
3055
8033
902
3496
7423
5073
5891
4311
5827
8944
4035
7176
6477
2083
6725
8239
2874
1982
1877
9143
3304
4376
3262
8329
8203
9295
9465
6242
1699
4901
921
5280
5009
2406
590
5283
7667
8625
746
7033
169
3387
3474
2499
9917
1820
4278
3387
6210
7948
8822
3252
9903
4089
9701
516
1548
8661
4830
457
2512
2361
9971
9030
3053
5335
1397
8308
6874
2137
533
6352
8849
8433
1851
7676
4023
247
1557
7140
761
3467
2446
9593
9481
995
7630
5146
1105
5130
2386
8291
1443
493
2209
67
3372
9162
8065
6482
6196
8237
9639
746
5701
3749
3405
8588
7303
2598
7358
8820
701
5988
669
8079
5288
5183
7187
5761
3304
9773
7265
7012
8668
340
937
7598
3453
8927
8641
9633
3402
3142
9449
8256
9173
6766
6775
8477
6491
4280
4602
4494
2502
6696
6976
1155
4334
7679
9853
3484
7641
2393
5375
9811
5247
4977
429
5180
3999
4645
5019
2075
3011
5404
3254
833
4632
9880
5621
5611
6795
2530
5545
3830
5974
5690
4517
7130
1646
9708
8281
32
7071
2801
1878
3632
5202
8892
3937
7523
9495
487
8631
6231
3232
4190
2989
6701
7237
8064
4471
2804
7061
7219
6269
1987
8377
2343
5796
3091
4401
7859
9708
9153
1275
3998
3820
3917
9956
5791
9290
2850
5280
8244
7334
799
7675
7817
7167
8433
8221
2629
5933
510
1344
7760
6289
9038
3864
3054
981
6547
4961
8629
5805
6424
6361
1733
4024
9449
5144
6480
4543
494
3609
9930
9440
4719
4321
5210
3538
3464
4126
2230
508
6716
6336
2241
2429
3056
6937
6285
7520
2597
7918
7026
875
8049
5271
5015
4705
444
4152
5997
370
9557
3143
3728
9349
6031
3243
1272
4637
4421
1495
6022
4800
7592
7492
8099
5732
1677
6819
8718
1795
9758
7870
5874
8422
3079
7195
8421
5460
4268
3045
1350
3771
9593
1123
3670
3974
401
5337
974
7911
1265
583
9310
6506
6233
7922
1050
6881
3002
5656
4807
6616
4910
3577
612
8890
7308
2208
1820
9646
9717
2441
2886
6430
4131
5722
6852
5050
6557
5394
7551
2224
1263
3614
3075
2196
5128
6969
339
7607
6562
8672
4633
6241
2539
8228
8375
7304
4448
189
686
2073
4039
9925
2675
8939
7423
5200
484
5646
1868
8620
1463
6003
9268
9600
4637
6238
3610
9988
4598
6000
5253
2849
4183
3055
9091
8493
1628
4773
5802
4435
7458
4400
9001
7258
7518
147
3882
9703
6473
3959
8560
6843
7443
9119
4558
9216
1922
55
7691
7336
1091
6079
6370
659
7902
2238
3767
749
9723
7392
9261
5091
708
2606
3372
1063
659
3532
6907
4987
9269
4419
1081
3862
5733
5348
4742
1400
9258
5019
7337
8220
2069
6188
207
6739
5919
5977
2320
8674
6813
774
3160
6375
4674
9562
7292
2989
7299
3195
4428
8050
1056
3043
9248
2221
4909
6732
3984
5000
4655
6994
9036
7563
9047
6093
3298
4784
9347
2609
2452
5
6712
2021
6443
6381
8889
8331
5080
7940
3699
5300
3746
4311
5934
4164
898
9813
3487
9621
6491
6951
4125
5384
355
5010
4582
5396
1130
5664
3478
6341
8461
5310
6542
3207
8357
5853
1533
5438
5460
5
4152
950
3613
9251
8111
2007
8305
2517
9795
7829
768
9760
410
723
5412
5009
5191
5501
5336
1769
9132
9337
4596
3106
8870
4061
456
9853
215
5846
6813
4328
4307
8049
8857
4996
7514
2344
8138
2759
9269
2215
5021
8130
4464
7394
5084
7376
8716
7804
7693
2927
4918
2234
1066
9373
161
9935
1615
0
8866
6236
8541
8230
1509
87
2321
8297
8331
9756
4149
7363
6866
909
5308
1714
4807
8106
5442
3898
6678
4597
4567
80
1144
6971
2097
6458
5970
8345
4929
410
8587
7636
1222
511
8518
2706
6204
7380
9056
6123
10
6360
9473
4398
5719
9591
4110
970
984
4923
8989
2009
8523
67
2731
2788
9402
7141
6579
9787
9030
6160
2075
3951
7928
1025
2695
8806
1211
8841
2091
8120
6615
8538
547
2163
1823
2985
5445
5381
6689
5657
3148
5911
5556
7204
3844
9247
4200
7211
8369
8420
2891
239
4987
1284
5156
8398
7056
2626
8286
6078
2060
8384
2622
2441
1121
7581
4051
8780
4111
8087
3904
6951
4341
8012
6088
8678
9555
6290
7
8979
8348
1950
4184
7813
9262
3539
7418
4325
4815
2343
8752
6397
326
3540
791
6529
2592
2087
9468
9514
2289
826
1218
2760
7597
5973
2208
6204
4219
9668
4053
4064
1332
9020
5401
6868
7629
2219
5857
2328
8652
9408
5179
688
5261
6108
7047
9945
7058
6189
3224
6815
6553
4011
640
2638
329
2929
3663
9363
2317
8905
278
405
1173
3357
1060
2898
400
2802
6085
2037
6470
7394
483
8722
8932
8038
6616
4811
2156
5810
7212
9217
104
9184
2457
2125
6330
1858
8338
98
2237
5629
7129
2185
18
1381
339
288
7877
1708
9808
4913
6724
8799
3633
7017
6429
5867
5383
7548
8142
7716
2157
3943
6044
43
6550
3967
551
5653
6166
1963
5694
1257
474
931
3374
9739
9457
2822
6565
2945
3898
4139
4406
6104
4949
7178
1933
380
1813
3262
811
1189
9363
5015
8459
136
4454
3610
7834
9043
1795
388
2534
9087
1481
6035
5066
979
5480
7554
230
8425
4896
2139
2835
2377
1802
7577
7389
2971
5780
3879
2726
2433
785
5506
4937
2450
2068
9925
9291
4509
8401
9516
9658
5628
638
6684
2857
4739
8895
737
4978
7092
788
3520
8022
5325
2900
378
3335
9426
6322
6087
5022
7969
9353
3851
9146
293
9762
3549
9481
5479
7186
6430
3903
462
1633
1436
7939
3156
8153
4569
3380
4496
4649
5920
9773
3702
9019
1994
7905
536
9656
394
7019
4737
365
4558
9491
7327
6657
8021
6097
1009
8052
5068
4547
413
3497
4395
5627
8072
7902
3168
7591
8370
5976
3221
9218
3392
2246
9652
2887
867
5085
8849
3064
5520
6890
3600
5065
7844
5357
1108
8780
695
2037
947
6883
8714
530
6846
7304
3896
410
7609
7956
2162
3062
4827
1275
699
9528
258
1935
4701
2314
7176
1538
8976
3556
6192
2247
7147
8945
800
2948
1913
7840
2265
3306
1077
8130
8471
9295
1452
392
2806
118
945
8813
8526
7227
5882
3487
9313
5017
874
1441
1692
6093
5526
9931
8219
9803
4037
7250
4059
9821
714
5602
945
3511
8887
5793
9443
7995
417
1258
7620
5994
5052
2848
3981
4653
4550
6633
1629
7607
1859
7651
2388
1878
9843
6574
1818
8745
5693
7873
3920
2057
3287
7327
1651
5778
1336
8292
9487
8331
1741
6986
6762
890
6176
556
1903
6315
2361
9869
9441
7121
4592
7830
3724
2202
755
1429
7550
7180
1472
2253
8504
7323
477
6398
888
5020
3586
9080
3364
1370
3462
8147
9881
2514
8835
859
8114
8774
517
8340
882
7300
3117
6286
7410
929
457
7923
5577
366
8262
1226
1012
3909
8855
4733
6554
9151
3600
5331
4234
2835
2724
6491
8255
4154
5379
2013
5108
3318
9353
2220
869
5399
2808
7675
9989
8117
7043
6369
7564
2030
2004
3932
385
5274
8863
5650
8433
8254
5480
4261
8183
2058
9808
699
2615
3298
4764
8317
9002
2073
6669
9964
8615
1327
9771
2867
435
5150
3720
6
4457
5845
4998
3080
2451
3646
540
7855
8252
525
7759
2452
9594
4472
2688
1336
4636
8683
1435
2647
506
166
2448
2634
3443
4116
4284
6935
954
1744
6928
895
6862
338
4963
6761
2444
5070
1202
1279
3111
6728
1469
3176
770
1370
4197
6931
7273
4375
3661
8663
2799
718
3642
2850
4521
7181
8945
6353
1902
8371
4294
8485
2299
1141
8877
7267
2578
3424
8371
6538
2602
8467
7008
6359
4826
9937
6465
3445
1691
6355
537
7019
9909
9309
984
4198
1353
9798
5479
5828
3534
1093
4567
8605
2985
7813
6635
1878
9564
5972
135
3060
960
5257
1985
8494
6074
7166
6519
6324
9533
1906
7298
185
5240
6894
9159
6029
1104
1308
6300
9045
5969
1293
1793
6257
5431
6820
2819
9994
4436
7381
4072
4821
4437
6648
7852
3551
727
3473
1341
9661
6876
7617
2802
7625
4003
4291
1809
3213
7695
6750
8581
9662
4977
2820
8677
6229
2495
9132
9003
3989
3279
8262
9243
7986
5430
537
3204
2184
6674
4603
1202
6758
2872
4422
681
9418
2500
5167
2355
853
2515
807
4015
2781
3045
2467
9136
7132
8791
4198
1948
6593
9922
797
2648
7196
9996
4538
9343
9243
4575
1950
9654
2648
674
5291
6605
7811
793
54
2915
6493
903
3883
6998
3500
5358
7642
8596
4242
3917
7804
5970
6576
4080
6783
3764
5404
2783
4438
178
7044
4311
7507
5560
5468
1427
282
3707
9759
8639
8628
2722
6774
3026
2589
7070
7668
2892
4993
4396
457
4306
4606
2628
2720
3542
9391
1486
6182
1211
4965
5580
1860
5016
4469
8756
6158
1839
8982
9646
2825
9200
642
4319
1992
1143
6400
204
9471
4021
6161
6871
4245
6403
4751
2343
6390
5010
6986
4380
9286
3763
8334
3241
2132
3383
9275
1071
6701
9610
2230
3772
211
425
3730
5765
2778
7887
3164
1697
381
2022
3225
6465
7055
9150
2163
7443
8122
8935
4920
4564
7523
878
3534
7790
10000
5300
7180
5237
5787
6708
2115
5387
8250
25
8907
3336
8488
1985
3115
4966
6586
3104
887
552
4957
3752
8558
8437
8174
3084
3301
7800
2096
900
9648
474
8990
8046
8005
7087
771
3074
2749
1726
5443
9186
5944
166
8539
8936
8919
2073
4079
8440
3568
9772
5073
925
8817
3115
3096
3425
7405
4556
6491
155
7056
4038
9554
6649
911
2272
232
5481
9962
4659
1590
4298
3752
7310
3981
5432
9421
2198
9312
8887
9776
9067
4663
9352
1775
4321
7910
7331
4446
4402
5989
1175
4171
3372
3398
3431
7360
9499
1487
1260
3959
2281
2115
3915
501
5032
2814
6481
3853
7142
663
3260
6949
3986
1018
6409
5345
5680
7972
6962
5007
735
9491
7215
5613
8977
1572
405
6489
6973
8859
6377
5733
1339
6486
3701
4680
5330
101
4525
622
6371
7497
8598
4796
1305
2340
5499
1705
3186
4087
9599
733
3764
2287
2425
2643
9864
5291
5388
2114
9416
4534
6119
4966
4178
6416
2390
2758
6518
8172
4396
2591
5400
2171
6811
9159
28
5169
8383
4914
9194
750
6436
7532
5030
2029
386
8859
3351
9924
1993
4677
3886
3448
1268
1653
6896
1536
563
765
7351
4295
2623
9226
7267
7995
2629
1538
6625
8517
8076
9160
9201
1133
6273
9874
3689
3842
892
9588
415
2168
1773
763
6847
64
143
9821
2721
9303
3106
8851
717
4338
1900
7494
6935
6678
6498
8114
4345
5888
3736
4370
4771
7936
1449
1445
8601
528
1371
3106
7645
2566
6650
7444
7716
8794
4725
1159
5151
1105
7880
1857
7871
8982
9150
5417
7670
2816
8406
2094
6572
3147
7968
8310
3928
9722
5582
2202
9542
6472
8360
4141
3899
8887
4216
7135
3798
9527
4493
7264
9248
4973
8672
6999
2509
5180
4303
1195
4132
439
1469
1751
7810
7689
7181
5597
5929
6199
458
6589
8444
4163
9031
3064
5862
6718
1770
2403
4696
6269
6037
3461
5121
4999
9368
483
1180
3828
1106
9203
4008
8173
8766
8726
3675
8202
3452
1235
1856
2277
1145
8318
4349
8279
6162
79
62
459
612
9504
1025
4949
6971
744
9702
7505
622
2181
1696
3065
8303
8613
265
8264
1429
1026
4253
3460
2911
4708
1476
5392
2775
2025
8816
1391
4816
9530
5686
2836
1819
4172
8367
3847
8563
3291
1031
254
5691
2227
9115
3379
5048
7769
7309
8958
3518
8624
2140
4701
7451
3496
9496
2428
9243
6085
8231
4083
6867
7404
3956
1441
1123
7213
4327
4336
2616
3152
9937
4507
924
2257
2614
7589
7191
5912
7957
8079
5417
6675
3293
4446
3555
1629
9273
9109
4382
7482
1723
3037
195
9289
4776
8324
2024
8934
2556
6787
2940
1967
8406
3734
3281
9126
5443
6625
6881
8888
3103
3064
5014
8212
7343
9861
388
6485
2395
6644
7175
4436
7539
5214
5579
8493
91
6564
5504
5618
4557
4363
4568
6474
9156
1672
2389
6590
241
133
5312
7046
6236
5899
3581
2657
9590
9484
5628
4536
5133
3321
748
7380
8418
3608
9255
5288
5761
7238
4773
8952
7221
465
699
6755
2343
1499
5007
6934
7213
1496
8568
7412
306
7712
8586
6020
6431
7913
8144
972
256
6568
1199
5595
8106
463
9650
2614
5884
8795
2293
400
8397
6306
7528
13
8792
669
5335
3804
5822
1634
4039
7573
7916
4429
9460
1700
7010
7737
8558
8126
4476
9268
9905
220
3492
9332
2357
4869
9284
4771
3015
1852
5555
1691
1598
7481
9032
1509
291
8322
2916
5571
4498
1823
5590
1535
6385
7850
719
7435
6099
5365
996
3190
5588
4794
4850
7075
3741
2655
3729
6737
8030
124
8814
2484
4882
622
6788
1678
8921
8505
6824
267
1265
1225
1943
6640
7432
9334
1501
3302
1973
8460
7047
7681
6922
3786
5260
8599
6309
8882
1494
8205
9365
3338
5420
2122
7076
4349
4309
3733
6095
5315
8736
58
626
4441
8258
591
3479
806
3000
2904
8869
4034
2609
6379
2669
1236
8751
2232
713
3873
5698
2811
6068
3091
9959
7121
7678
1757
8224
3560
1978
5281
2915
9688
84
6986
6341
1340
1413
1833
1972
4438
6434
4795
1655
9608
1189
2482
4416
3157
3438
6695
4941
6203
6635
8033
4175
2125
3446
4495
6286
1238
6268
7209
8747
6269
3223
656
3037
7507
7595
6861
4069
5160
3736
211
3288
9115
1641
9450
8204
435
4503
5421
7125
5635
4870
1903
8767
2487
9258
3283
891
1273
3256
3076
8976
556
931
3886
5139
971
3433
3876
2013
5736
3981
4535
2169
93
3583
8356
1117
3623
3731
6380
7360
494
5322
7224
1074
6684
811
7012
4707
8900
6555
4398
764
3316
7317
1935
6754
3526
5654
9501
4332
4816
4735
7792
715
5141
731
544
179
930
4206
8279
682
4489
8810
2504
8370
1611
536
276
1984
2819
8290
4427
5498
8426
3665
3048
213
8910
5527
5581
3399
1308
8941
1620
8100
2114
9357
2806
6514
8002
9252
2569
3228
5405
6860
8321
9198
4484
6322
9825
4818
3813
6344
5004
4452
2284
6722
3824
8124
3130
4425
9910
4371
4328
9204
3162
6225
3264
6784
931
8521
5756
4343
6653
5251
2778
1872
1543
2196
8045
1835
8001
3093
9491
1633
5356
2539
9848
3706
8540
5478
3716
8494
8442
2522
3695
2716
1553
1798
4062
9235
4264
1770
2468
5498
7794
1288
7606
2319
2704
5825
9335
3876
646
4685
5248
4053
7341
3181
2732
1572
7632
8147
6156
7355
1759
2673
3877
8556
9301
2507
1577
6111
8164
2881
7975
6731
5158
79
8658
1189
5591
5638
8296
7188
8324
1690
5516
1490
4995
6764
6814
741
7011
4351
252
6289
6204
139
9311
4330
3233
537
4613
7056
6541
5372
5384
7679
957
2166
5116
2417
6646
4575
5136
8057
895
1790
1706
5568
4090
9404
5124
9303
7614
9568
4485
9302
7519
9290
857
1726
6085
2613
9867
5339
2191
2310
2638
3286
3861
778
6983
8032
9553
3240
77
1829
3960
8702
3751
5808
9874
3898
6964
880
4235
7355
6991
2610
1354
8556
6704
7090
2002
4111
9559
8191
4295
5172
4991
1320
429
7821
2007
8619
4675
7058
7348
5280
6068
5018
779
7499
6451
8159
1534
302
6988
6236
6687
7476
5033
3589
2822
7775
1029
3996
441
4258
3447
2748
5418
3062
5325
8735
1116
8462
6546
9092
2226
9011
9696
643
1106
2269
7349
9018
6557
2869
5753
593
7436
9355
1436
4309
2387
593
9739
4545
612
5704
6375
6650
9968
9957
1951
2706
2447
6751
6932
1807
5423
7326
1513
4071
194
5358
8149
9835
389
9414
4794
3998
7202
7371
228
6307
725
9053
3056
7836
2153
4916
6391
4795
464
9024
6080
6169
4953
9559
3414
4002
332
8863
1790
3798
5444
4660
6409
6271
3885
3363
290
8760
2817
8366
1618
9809
5506
2496
2703
932
5172
504
3168
9712
3382
9995
4255
5249
6157
8444
7406
1176
2096
4476
6866
1312
2550
6808
5058
3526
9776
5226
5176
6881
6275
1374
8557
1878
1006
6732
4180
5842
5390
4047
8582
3504
5171
1952
4134
2631
6738
1706
5648
4130
3548
411
8546
5803
1182
3855
649
3102
5942
1282
3804
4257
9005
2320
931
951
6591
6304
3495
4667
3525
6081
8523
6083
5994
7054
8481
4685
607
2320
2916
7814
7347
2694
9386
3550
9423
1990
53
1983
7543
3666
5837
8593
9420
1225
9192
1024
4588
683
1027
8692
1208
2942
8913
1083
2760
5744
3257
5195
344
6631
7708
7269
2875
5443
1560
7066
5309
9606
8262
9761
9577
7832
2344
476
4653
3528
2465
9680
555
1307
4235
7812
2606
8691
3630
7529
8625
1728
8177
5519
1648
6059
7777
1653
6147
8819
3725
6368
5582
5625
9358
8266
8944
8843
9063
2675
7308
1858
3899
4621
7056
4197
134
8765
292
3152
7990
2981
5285
1513
5448
735
4228
2053
6453
7543
547
1837
2461
8240
462
2033
9943
7416
8412
5472
4683
1746
5024
1365
8452
6423
5739
8383
1423
2046
6094
9207
8804
9224
7553
5526
7731
2164
1775
2216
8954
2693
2052
2807
5743
3620
6285
3933
1003
2967
2227
6302
7631
2209
702
1275
6663
339
8153
5003
2993
7024
6222
3855
2562
9852
6152
6529
2929
2879
9420
8464
6809
267
3671
7998
3450
9620
2688
5857
6379
7513
5811
6766
6669
5504
3427
3515
8101
9335
8237
1238
7221
2323
1723
7400
1036
2752
6323
2581
573
5202
7398
4987
118
7311
8655
3362
4171
8841
2378
3316
5250
2668
3534
3242
5500
4057
9326
1874
3940
5718
9859
2980
3860
237
3429
6279
6678
6121
7309
4213
8292
6642
7708
982
527
4798
484
6292
9110
5355
3694
2868
3498
7214
4216
1124
7752
7072
5434
7446
2902
8684
5537
7271
4116
3590
854
3410
2060
6267
7994
6185
7632
9097
4685
2047
2736
1045
799
549
6462
5612
2824
699
2370
6567
7424
7443
4163
2512
5612
7188
7709
3271
9056
3516
2721
6050
5411
2073
1004
4738
1541
3179
4237
4199
4252
7956
8022
5079
9399
1133
5645
8789
306
9375
8540
9550
4
4058
6668
9989
1018
459
2418
215
1706
2171
4108
6928
3842
4781
7337
3164
6567
9261
5352
2859
8306
7373
3160
8658
6662
7782
851
9755
687
9214
2168
3807
8746
7155
3424
2871
1121
1559
2032
2754
1707
8333
2991
9300
1954
5407
7807
2930
9382
756
2147
4719
143
837
1103
268
2754
6312
4368
824
5913
5067
29
9827
4706
6137
5308
4088
9988
8596
889
85
2922
6740
3085
7875
8513
6923
4523
1124
1628
6880
4693
7922
5463
1516
6701
9334
5888
6415
1062
4138
9651
5606
8264
5931
1243
1788
9691
3330
2370
1813
1813
2091
2886
376
4039
4931
4621
3754
3905
228
2377
4548
9384
8407
2463
3393
238
1173
4479
7842
9870
3810
7940
4363
5253
7196
2882
6383
5059
4807
5950
7837
5480
3307
3917
6037
9872
6113
1730
6904
7833
4786
9416
965
7198
2860
3520
5245
458
9302
1209
6212
9514
5876
20
2869
8956
3478
3279
8594
693
1787
3145
8337
6115
8990
7640
5149
2031
3057
8842
973
7519
9483
3188
9071
7262
8624
8191
5095
4624
408
535
1166
100
3756
9235
7559
3703
11
7804
2004
899
2914
7548
3364
8714
8404
3832
9350
4657
6515
6127
7875
9229
8815
1905
8803
1615
8544
1206
6662
3528
370
592
3965
5202
976
5226
448
8003
7163
9793
7162
5969
8902
4414
3515
708
8078
1386
4676
1921
3245
4478
3796
3561
4400
6289
4413
6913
9885
8427
4430
8090
3410
7679
5578
7792
4389
8808
6158
3427
9267
2075
4568
6884
4151
4031
7182
6235
7275
8727
5692
9645
6648
8047
4959
2765
2030
6259
813
9932
4679
6956
881
9323
5222
7721
2587
7455
7066
267
6104
344
6203
5097
4956
2285
760
8646
4555
570
4517
6905
6637
475
2011
7447
7773
8114
2335
5170
5080
855
2502
1540
2562
2459
7923
3413
4227
1214
1023
7169
524
7416
9903
3078
7303
670
3647
87
9165
7312
954
9034
9634
2
2033
1934
9060
6159
6169
9701
5007
2520
8150
8367
6919
2736
9118
4265
9108
2299
9399
7789
45
9384
5544
4902
2436
1016
2839
1412
4981
3121
4641
370
4548
755
308
8227
5203
6808
6147
4008
8438
5799
6173
4784
9327
3523
506
1923
8827
2231
4874
611
7777
8905
2479
8308
1144
5368
5146
1483
9908
4027
4430
3621
899
5960
9302
8262
1754
9715
8044
2957
252
5088
5552
8276
8681
2518
5745
4469
806
2662
1684
8505
1932
3398
8880
8384
6403
1956
9168
9245
4068
1715
1708
586
8326
4362
988
1224
9118
2547
4084
6235
9310
9331
2097
7240
2237
8059
4105
391
2290
2124
2019
8326
9055
191
9077
5879
2018
6688
7025
5862
1892
5700
7268
6737
6888
7534
2573
8280
9415
144
2549
1508
4496
335
8635
9441
3105
3934
4473
1257
9422
434
1083
49
3135
5173
4894
3012
633
3020
5906
2970
8951
8358
8724
7338
3658
7593
3418
7657
3315
4951
8882
2091
5885
664
4355
5331
5261
5553
5230
4757
5311
6255
6467
3825
3464
4884
3525
3513
1744
9880
951
1229
4585
7283
7324
2609
3197
6269
4093
8537
2217
289
5139
405
9145
6893
2754
8283
4974
708
9875
9876
6364
9907
5058
7774
4790
8410
1565
6643
4977
9916
3291
9356
1676
5460
1008
155
8220
1599
6776
8140
2119
116
4180
4138
5007
4449
9418
3234
1359
9425
1634
6026
6081
4799
3774
3263
8906
5228
5453
6005
354
4125
5715
3416
9324
8821
7544
9741
539
9199
2458
4265
4045
7217
5847
4818
5293
8612
2637
9791
868
4747
1432
2309
8408
2052
1689
8960
9108
9804
7770
3199
9673
1519
1519
9425
6246
5413
9270
1827
7833
2285
477
6155
2954
2915
5054
9083
6347
903
3644
3080
4787
6470
1887
2055
5475
6477
1707
6631
2992
6434
3788
7967
9105
9759
409
1003
1142
3532
422
2690
6930
8502
2802
4352
5949
2461
8359
4018
4036
4178
6617
8543
6721
4816
5278
2585
423
6623
688
6719
8730
9578
235
5394
4500
1407
2366
925
4830
4474
1303
4400
3107
7379
5220
2802
7511
1280
2576
6882
1690
3765
4656
2972
7913
355
8947
1425
8483
5466
5771
3664
9992
7122
5660
8613
2588
2375
9178
4449
2039
4156
3707
6169
6003
8809
1894
5271
1866
7171
693
6513
3707
7378
4334
23
1654
6743
8344
9424
8769
8250
5574
7987
8296
2787
1367
1375
6130
9677
7030
7280
1793
4905
1628
4830
2995
434
1350
6581
2582
8738
1810
4635
5394
1011
5146
8879
6986
5824
1563
4589
2319
7346
8329
4714
7145
3824
8903
1006
2764
8084
2453
9186
512
355
7250
3874
449
2721
2923
2581
638
3777
45
9211
3519
2795
8458
3487
6674
5567
9158
139
5877
4590
4310
1344
5711
7001
6067
2150
1342
8077
9008
6315
7644
9247
4956
7467
6269
1442
1902
5963
811
1267
9972
1468
4669
9080
9219
3572
2252
5175
4326
7807
2153
4360
1789
9101
116
3344
2328
8807
5421
6658
2739
7724
4769
694
5369
3748
8849
6912
9933
2798
4029
5353
1789
6189
2662
5922
7388
7235
9867
877
9041
587
632
3924
8752
2577
4719
5258
7734
3534
3562
4866
452
2446
9023
9022
6670
4589
4599
4860
509
7759
1631
3218
18
3227
9709
5790
3829
1645
2205
5096
2990
8893
4750
3726
560
9818
3103
6537
4709
1074
3154
9771
4663
1000
6027
3114
4435
6617
6883
9679
8379
2529
944
2352
3268
6628
1644
5503
4974
2595
8174
328
2994
3435
5279
759
8775
3129
3613
8080
5851
8394
9192
356
3992
8790
6121
4430
5122
7285
5815
2489
8487
5026
704
8317
8893
5998
3727
5938
6923
4604
3509
2659
2183
7422
5461
9376
3977
3924
1688
7165
3818
478
8712
4626
81
7947
6072
3810
4480
1136
417
7005
2554
879
4804
9414
4749
1500
9983
5349
6358
5495
3429
5147
5087
4390
197
2768
572
2119
2328
4198
1633
4111
4092
8050
1795
7026
1770
7016
3504
7470
8177
3377
2808
6255
599
6389
6783
7764
2072
9144
7773
2331
5621
1741
9963
5582
4991
8254
5270
9407
4164
9099
3694
515
607
6580
2870
7234
9064
2812
7487
6949
6935
6749
8923
3546
2677
9573
6095
597
6113
889
6316
6277
9161
2319
4292
615
4611
3867
2645
3856
522
3726
2707
2424
1043
5291
1192
3696
9950
3712
3747
8795
8477
2241
3155
9339
6157
9318
8104
5039
923
8859
8966
7926
4669
9470
3653
5336
6789
135
3316
9542
3400
