6193
1
-4119
2887
4012
3453
-8962
1600
-3274
1656
2117
1854
-3176
-1712
2123
5639
5353
8356
-8513
3626
-249
-6367
-633
-5929
6087
-9289
-9736
2168
-7027
-5710
-3205
9020
997
4830
8087
-6139
9487
-7726
-9101
2832
5899
4038
3219
-7074
-3061
-8513
5278
-3840
551
3714
-7688
4591
6238
-9918
-2073
8980
-5775
4040
-3710
-9786
-9746
4008
9411
1088
5362
-770
2224
8801
-6939
-2165
8438
3964
9781
-8985
3706
-5039
8529
4803
9403
-818
-9323
2798
6314
-4478
-5232
-8675
-7172
7424
-1344
8742
570
-8533
-3181
5106
-444
-6502
-3590
-8164
-8385
-5320
5705
1115
-951
9062
-212
2748
-2982
2821
-6017
-787
-3941
5060
-4574
-4266
3171
291
-7460
-1110
-3775
4344
-4236
-9463
1184
-962
3618
-221
4398
-4547
6556
-148
-2221
-8671
5246
3131
-3687
2550
4555
-5988
-4373
4927
41
915
-7355
927
2814
-9906
-1732
-1552
-7338
6399
3090
3679
7592
-3471
986
-6850
8098
966
9547
-4659
-3789
4674
2426
-4796
3262
3666
-3017
9172
2262
7249
2264
7152
6489
-8599
3379
9729
-4318
2581
-6491
-5940
-6680
4261
7838
-7594
-9901
8960
3850
-7201
7622
-5432
2236
-3025
-5808
-8457
-5848
6143
3424
-7393
2438
-797
984
1843
-5485
1688
2647
-7219
-230
-8013
1707
8824
3251
8708
-4213
4969
-1779
-9206
8517
599
-3310
2614
5163
9976
4427
5998
-1373
-7749
4056
-6365
-3533
-2340
-9274
5661
8709
-1618
455
-3370
9999
-5725
6470
705
3611
-898
-5583
575
-3115
-5090
6836
-3183
1468
-7067
-2343
1271
-3241
-860
-3232
1222
3800
5283
-1486
-3894
3160
-2924
-3702
4345
-5286
-4522
-2841
-9207
5514
-5036
-7281
-2549
-60
5748
574
7262
2089
-9287
3410
2938
-4104
5531
4326
1591
3587
-9410
6965
6989
-7761
-3798
6404
8733
-2326
3469
-3557
9220
-5188
5613
8077
4632
-9477
6985
1698
-8811
2438
-4950
-2960
-647
4337
6869
-9082
-8282
-6537
-8675
1683
-8985
-9569
3062
1481
2886
9245
2452
-6278
-7510
-1752
-6504
6862
-3601
-6360
4324
-8406
-8887
-7862
800
-2109
-5941
-5974
3319
9670
-7577
-7397
623
-3578
-4826
4298
-9256
-3414
9480
2666
-4352
-8428
-1136
3816
-7470
3845
2656
-7238
6738
-4636
9773
-9272
2751
5356
-5702
-420
-1718
-202
3677
-7814
243
1017
2321
9618
-4790
1291
-4582
4172
-4345
-3884
2697
4797
9410
1859
917
-4406
-4617
3638
-1159
-2241
-6143
-5155
-9017
-3244
-3296
-9389
4337
-5691
-1595
5726
1250
-1271
4661
-6857
-1405
5084
-7851
700
-3541
-5571
-45
-7585
8484
-302
-864
844
1355
-7336
9165
-585
3268
-9520
6650
5491
9950
5164
3776
7406
-6897
6697
7947
-4414
-499
-4969
7362
-5257
-1708
9619
9451
5875
9045
8280
-645
9140
8857
-1858
-1705
-9672
-2057
-7650
6161
9426
2405
8672
-742
-1239
-1805
-4308
-6525
-8810
9406
5990
4414
-2668
-4570
-7820
5937
1743
-7188
4636
680
4327
115
-8580
8219
-2985
-1531
-3493
348
-8735
9811
3651
-7662
9875
-9585
9646
-5868
-9076
-8859
8851
-1013
-6222
-7175
-3375
-6580
-3248
-3472
6551
-5650
9312
3593
4564
-5895
-6792
-525
2091
7136
-2971
-6746
-9145
5208
5964
-9425
4787
-6493
1118
-313
1849
4440
-7874
669
5172
-881
7986
7874
-2082
7523
-8176
-1216
2457
17
2937
323
-8563
-6346
-2445
5212
8750
-4056
-3325
-1267
-1388
868
3259
-6667
-5030
1229
1123
-4777
-2817
-5394
-8217
-6893
8156
5651
6829
1438
7009
-8908
-1309
8249
-8446
5102
-3074
255
-9173
-4698
2523
-3771
-4336
-8819
9512
-7547
-6262
-9609
481
-2337
2942
4048
-8761
5710
9874
-9199
3337
-9781
2650
-2194
-4563
812
-607
8253
2897
-5133
-7372
-6734
-6530
6435
-3832
-8486
5646
-6593
4664
4507
607
3642
334
-7690
4271
9788
4948
-4375
-6739
2882
-3554
3186
625
-165
-1066
6087
7848
9597
9649
552
5169
-6154
2260
-8211
5923
3877
8132
-373
6758
983
8202
-2248
3648
-5274
-9295
3272
6370
-509
1203
-7277
93
8162
-2755
8261
-9540
7859
-8346
7307
3919
859
-1604
3280
9607
-4075
691
-4366
-478
-1868
1097
-5340
8411
9451
-7794
9000
-4864
3635
-3255
-9183
8449
7013
-5718
-1117
-7322
-4808
-7701
-8997
4935
7683
1862
681
-4983
-6878
-9504
704
-3116
-4375
3155
-4699
3430
7346
620
9472
-6801
-7175
2606
-9073
-2369
9406
-7011
-1615
2277
5713
-8637
-1480
4796
-7933
4626
6029
5773
-5524
5427
-9253
8594
3805
1708
6301
-9486
2462
-4933
-5291
-8047
401
-7651
-4978
9842
-8396
2811
-2779
2873
-2525
-5475
4450
6604
3160
-8273
-641
-3094
-7960
1148
6485
8998
916
-9646
-7609
967
-1361
9249
-7560
-153
9222
7401
2621
6545
5771
7432
-3441
6090
6138
9970
6337
9357
4238
8336
6179
1163
9365
-1878
-1290
4515
-4927
-461
3824
2191
4557
-5487
-6275
-9271
3389
-7773
-3517
-4147
5840
-8130
-3463
7600
7618
7358
-9933
-7532
-9269
3809
-8786
-2688
1463
-4116
-5118
-8605
-7718
5714
2333
-9935
-1379
3074
6176
6329
-2335
-2755
-1619
-6665
7652
7086
-6844
-6913
-9162
-5660
616
8550
-6411
-4045
-8392
6178
3260
-1257
-1701
9460
-4174
3302
-5714
-1772
-3043
-9577
-6903
8472
-7687
7883
-8793
1254
5054
9643
2792
-4022
-9938
1030
7502
1154
3090
-6902
4340
-8556
2731
-5873
-6278
5414
7391
-3408
-406
3388
7396
9192
5591
6948
1185
-8113
-4793
9575
-672
-1640
-3844
-2532
-7771
-434
-1459
-9367
4125
5034
224
7310
4251
-5569
-6492
-4551
8244
-1429
-1908
-8357
-2043
1216
5967
-4275
5197
7794
-251
1550
-7092
-913
3888
1105
-6790
3127
-1343
5103
4844
-9932
-1917
1920
2849
-5413
-5604
9867
-6945
-6357
7998
-2357
6792
-7174
3751
9375
-3184
-3521
7303
5180
3280
-9961
3503
-8945
4971
-2861
4787
-3543
-5636
7351
-9224
3406
5621
-5598
9297
-1025
-2784
-6596
8896
8851
4025
-1229
-7046
8293
3236
-9457
-1318
3999
-7352
245
2680
-2906
4259
-8868
6121
8872
6068
1001
-7919
6958
-7312
2878
9213
-5668
-8865
9751
6691
-6100
111
-8793
-9388
-3204
703
1171
-452
-7698
5026
5103
-5266
-6856
-3068
5449
5539
7548
9715
-9132
3780
-3828
-1739
4368
-689
-5024
271
-9352
-2311
-9626
-6199
3191
1584
-7347
-5037
3150
-2667
4440
3739
-3938
1677
9851
7625
-7731
-9923
2927
5883
4391
-251
9507
3649
-3226
5602
-8019
138
4862
2167
6372
-2519
2639
1768
6480
1281
-851
9758
383
6874
-5071
7943
-1659
2683
-6594
-8258
5744
3621
-3788
7997
4202
-1910
2429
2419
-2082
-2736
-3601
-1571
-6777
-2188
-9085
-1348
-376
-9058
-4892
4447
2560
-2199
2758
2837
-1908
1841
-5165
-8741
9267
8988
-7043
1100
-8379
7622
-735
7356
5402
-4260
-4211
-741
-5984
-7778
-4374
-8079
6867
-4328
-7575
-6372
7069
-318
1683
6496
313
4087
-18
9884
9752
-7253
1874
-3778
4488
-2598
-9793
4437
-8903
-783
-3718
-5907
-9477
-5929
-9398
1934
7622
582
-4557
444
6477
-3898
3589
-7418
6665
-5911
-1638
6757
-3110
-1221
-5027
-5113
7202
4212
-5115
8316
-9309
-6448
7962
-2486
3294
-6562
528
9342
6340
-7084
-3102
-340
-1520
3204
7424
382
-8280
7998
3250
5172
-4772
-1344
-8522
3101
-2329
755
-7848
8371
6255
4608
9519
-1428
5194
-5796
9320
-7932
-3550
2138
-8764
9864
-5005
-1273
-5308
376
-8874
-5733
-7385
3718
3075
7429
838
-5082
-2605
1981
-2520
4677
-4442
8766
-4450
-182
-6536
-6579
3202
-4031
-5160
-4278
107
-6341
211
1712
-7385
-5296
6762
-1925
2902
-5330
9340
8807
6131
623
-8811
-3794
5728
8837
-2383
-9086
-1108
3627
-3070
4971
-2083
-2575
9828
193
984
-5566
9488
8773
8082
1994
-1198
-273
-4363
-7105
9720
8000
-5684
410
-5149
-2488
-9603
6851
-3796
-8274
-4587
7938
1918
-3971
-1455
2380
-8049
-7611
7959
2652
6175
4213
-7197
-7786
4312
-22
-503
2067
-4282
9776
-9625
5291
-7817
-3487
-993
-6772
-1547
-9434
1954
1653
6124
-9086
1220
5257
257
5875
-9950
-5536
-2978
-7661
-9424
8136
587
-8248
2159
7150
5267
4082
1564
-1244
-7541
4781
6522
8673
-4575
9457
7332
9434
-3322
6197
3479
-2382
7799
-197
1136
9314
5550
-6816
5364
-6547
-5600
-1889
3758
-81
455
-4351
-6363
-3947
4336
5477
1944
355
7161
-6181
1622
-2767
720
-329
1986
-1678
-1612
4389
1505
62
-5279
555
-5981
-3675
760
6920
-7672
2443
-9822
-4141
-1752
2691
8472
6277
-1073
-8378
-862
-4067
6297
-6907
-298
1314
2080
-5312
1354
-4481
7835
-4330
-3438
193
-7160
7616
-7666
6029
7462
4776
90
5902
-4879
-6633
-9758
-4827
-292
6119
6663
1224
-89
-1070
3137
8162
4265
3249
-9157
7404
8081
-2148
9656
7058
-6142
-9935
7305
5567
-9722
-6107
-1179
6941
-3187
-4688
-9546
-9102
5352
7627
-9160
7680
7791
5142
-5143
-4199
5447
6749
909
-4134
-4661
1505
-7007
6431
7124
-2800
4826
3608
996
-6922
-5265
-6998
1511
-8405
-413
-6591
-3517
-293
-7758
-6082
1994
1385
-7948
-8662
758
-9526
-2009
-3874
6323
7655
-1465
7346
-1657
2799
-4618
-9487
-1114
6544
-8665
2037
6282
-6849
1724
9749
2230
3292
1486
7514
-948
6171
5298
-7670
-4706
-9039
1035
2599
-2529
-1075
-8500
385
3115
9462
-9518
9778
5510
-6804
5705
2967
-3879
-3951
2557
-1744
859
5185
-5898
5771
-187
5868
4691
-8200
-3874
-9400
6668
-5869
-1614
2150
1698
9890
-7286
6155
4461
1760
9867
-826
-6736
5138
1732
-7279
4211
-6199
-3063
3255
2689
-4118
2653
-66
-7983
5701
3327
955
-3145
3779
-3726
-6796
-2091
-488
-7356
8801
-3687
-9688
7799
-938
-4635
-7344
-8836
8239
-5846
4041
1131
-6228
-614
7474
5288
-2824
3136
-9973
9043
8093
2463
4443
2097
-2794
818
5714
2440
7013
-9222
9778
8084
-9706
-6516
7872
8429
-7033
9826
8515
7158
-7975
1697
3215
-6285
-669
1389
3695
9461
6614
9143
4082
-5796
-3014
-1955
5802
-5974
3097
-9591
-1180
-1621
3786
9225
-8001
9378
5025
-5211
8341
3001
-2571
6617
-509
-5978
-1352
-5946
-8055
-1026
-5567
9968
-8295
-1832
802
-7695
-5822
907
-7298
8732
-2862
6176
4745
-508
-6087
-9986
8795
1222
-4773
-6868
-6264
-965
-3750
9727
-8862
2590
-5125
8003
2833
-3615
-3402
-9044
416
7068
-7321
5705
6052
7544
-7237
-3875
-1576
5622
9809
5403
-3607
3100
8119
-2509
-5623
-8982
-5550
-3839
9204
3739
-2553
-4543
4912
-7621
-8043
-8855
-5020
-2445
-4763
9150
-4932
-1857
-905
-6195
8870
3898
-2069
6564
-6043
-2056
5363
1116
7470
3474
3008
8095
-4110
-5605
3521
-636
1500
-5110
4037
7894
-2453
5420
5654
4689
8820
1183
-1967
-7881
2861
-4421
-5980
-529
6464
7978
-5928
5027
7158
-6271
-1735
-2635
-1093
-710
-7015
-1900
9076
1733
-2802
-5385
6760
6569
-4851
5033
-7438
-6967
-5250
9166
-433
476
-8328
-6832
2620
-4841
5065
-2708
-2902
-1792
8471
-5243
-1472
-7234
-3683
1618
-6537
7600
-9521
-3185
-6509
-191
-9916
-5957
1336
-1072
-2463
-2088
-49
4905
9216
-8876
4603
-4706
-205
-6768
349
-1710
-9905
6753
9778
-974
-2393
7029
-8627
2339
4585
-4460
-7729
9739
1619
-2217
-7732
8780
-6684
6809
-7964
5474
-2367
7244
-3937
290
2076
2838
2009
-9617
5895
4684
-2252
-5912
5769
-4147
-5384
3582
-3070
-5831
-1423
-3560
9608
-8586
-288
-933
6900
-6776
6028
882
-2525
546
-5110
502
-144
-189
28
-4305
7617
887
-175
447
-8863
5321
-16
-3383
-7560
6689
5834
-2208
-4325
-7271
-8654
-9632
-714
-1968
-7093
-751
-9158
-8760
6771
-9271
-4870
117
-4678
-2707
5413
-5965
-526
2419
-4443
9290
-2687
-9868
9095
-2806
4514
1959
459
6770
-5271
-2024
1675
7412
-7384
-2995
-1432
-4384
-3597
-7451
8901
2909
1243
185
1762
-4918
-3053
-988
5517
-2220
61
8556
4642
-3365
-1204
1215
6496
4183
-2202
-5514
1752
-5574
-2964
-8730
-8530
3635
6862
5281
1888
2580
-3445
4533
-5751
4352
3924
6142
-888
7781
-8419
-9886
-8049
4397
6657
-1702
-8034
-6918
-658
6448
-435
3551
1200
-717
-1746
5910
4907
8595
7780
-3243
7381
-2582
-9757
7679
-9377
-8681
4205
7257
-4741
-8313
-5484
3951
6700
2597
6580
5745
-4607
5440
-2869
7032
-3138
-5058
-2100
1826
-3412
253
-7473
1831
3625
-4911
-6362
-7528
5721
-4627
1707
6943
1265
9494
1514
-6569
421
8733
376
1967
1325
5660
3543
6995
2642
-8083
-1643
9771
3149
-1294
-5319
-4930
8749
4562
94
-7875
-8272
-9001
393
663
904
-9052
7442
-2975
9203
7029
4128
-9178
6569
236
-252
455
-4264
-3501
2821
3370
9415
4065
2396
4162
-6406
-8915
-4653
3001
9662
-9702
8018
5916
-7929
4287
9618
4266
-6122
-6407
-1594
8245
-5497
-172
8504
-8308
3141
8384
-4013
6366
-4422
1603
7216
7806
-7702
621
-4086
5584
-520
8210
5082
5290
-7828
-9795
5734
4634
6135
-5112
-6161
-8437
-2602
-6563
-7529
6860
1806
-1060
2588
4760
6803
-7688
2854
8642
-7773
6211
1659
-2378
-8663
4569
1164
-8864
7114
-9239
-4584
-8856
9690
777
5562
-138
-2627
4676
2958
6036
-8824
-2199
2360
1018
645
-5833
-7820
-8901
-446
-6596
-6899
-1045
6961
6128
7731
8183
-3560
5706
3099
884
7711
727
-5112
4694
-9894
8036
-1217
-437
-9016
-3840
8747
-5822
9377
1731
-534
-795
-8050
6656
6867
-9298
389
-5601
5538
5948
658
5008
-2641
-373
4646
-1557
-217
-7039
-8777
-7277
-5178
-3563
-5882
1284
8787
6862
990
-343
-9539
3459
-7258
4487
1242
4499
-2647
-5957
4577
-752
6748
6278
8335
7071
-9260
-9157
-9947
-4590
-3738
4023
8766
-8964
8939
-1534
899
-9456
-978
4408
290
-5807
-4105
-2606
5670
-7732
-8269
9771
8906
-8407
-5557
-7452
-6070
420
5604
-4513
-2612
-3290
-4870
4796
2591
3103
921
-9798
-2344
-4411
5014
-408
-7213
-2594
5528
3234
9046
-504
-2735
3879
4648
-9335
4424
4023
-3122
3962
-9923
-1719
-9163
-319
9452
-5981
9107
-34
-3803
5779
-5258
-7485
-9081
1600
-6975
3324
-7656
-1821
3332
-4006
8460
-1557
-9607
-7059
8671
8577
8287
-8200
-317
-6751
-5444
6128
8643
-9416
-9855
-4997
3534
1120
1917
6848
4765
-3897
4828
-6219
-745
-4605
9443
-1014
8575
4070
-1291
5727
-6538
-2872
5379
-135
3828
2157
-194
3347
8089
3959
5015
9813
9444
2190
-2772
1785
2610
4473
-3034
4310
-8663
-6076
-9594
-3184
9419
9916
375
-1206
8863
1611
6305
9136
-8097
1498
7418
-1162
129
-3827
-8440
-7083
7403
-7896
-9858
3038
-5673
8386
1818
7601
8396
-199
-6489
-2668
-4705
3099
-6217
5472
-3168
-7364
8692
4676
6220
-7677
-4474
1578
-7612
-5807
-4619
-855
-5297
-7249
-3404
-2714
9441
-473
-9955
-4265
8311
3271
9200
6976
-9558
8649
-8037
7575
9419
-107
-5333
830
439
-9707
-6277
2302
-2545
-6958
-7642
-2799
-4445
3812
5232
1509
-173
9057
8284
3439
209
1274
-7572
2097
6494
-6619
-4172
1917
4531
8224
-3394
-9375
8885
-2290
-4524
4505
6259
3203
7394
-4275
364
2296
6800
-586
5313
7636
-5301
-4654
-1993
6698
-2274
-3978
7442
-9308
-9142
-3170
5616
-3722
7972
-4334
9944
920
-6618
-9119
-8832
6711
-4328
4086
7761
-1356
-7193
-4897
-185
8420
1948
-26
-5181
-3250
9896
-1015
-1559
6112
-4369
-8902
5791
1214
-9931
8234
-985
4401
-159
9206
-1693
-5391
2863
8809
-1124
-9843
597
1944
-6267
-90
2492
-3252
-9588
3998
1747
-1174
6417
-2382
-3187
-5182
3478
-7928
901
4227
6768
-3027
-8416
1330
7691
9537
6245
-5571
-3719
2825
9724
6759
-2623
-9655
-8199
-6831
8826
5750
4796
8730
4764
3221
1280
5473
1761
8079
6705
4956
-5224
-2717
-7888
3843
3713
-5940
-8814
-5917
2784
3349
-6419
-8665
-3997
3500
5391
-8044
7965
-224
-4613
6638
5740
582
-3393
-3982
6233
9744
4246
-2711
3704
-507
5207
2254
3151
7928
-1215
1222
6932
-618
4232
3651
-8003
3013
-7975
-5258
5281
9986
1276
-2595
-8633
2928
-8216
7629
-8583
9962
1637
7840
6112
-8514
7330
6582
-5686
3538
-9990
-2622
983
8844
2074
-9958
-8477
-5660
172
5931
-1156
-1441
584
9010
-163
7292
-3942
-2020
-4933
3407
7055
8135
-8886
-4069
-1788
-2222
-8619
-5513
4276
-749
-7852
4457
-4536
-1356
-9708
4766
4817
7961
5733
6109
8677
7803
-5225
4084
4835
3593
-807
-3686
-1060
-8219
8236
117
-2407
6372
6842
7527
5055
4005
-7627
-2617
-6023
3487
-2839
-3542
-8804
-2925
-8884
7978
-1344
1334
-1875
4933
-9394
-9289
8272
9833
-7879
-1943
3555
6837
-1000
8815
992
-3932
-3492
-849
9971
4431
5953
-6303
7241
578
8355
-7142
-431
6187
-1702
9851
-8890
4124
-7544
-2028
3428
-7738
-9221
-9694
-9204
-2988
-3986
5181
9388
-4885
7932
-8375
-8227
2186
-8060
-4583
1009
8828
2642
7121
8548
-6052
-5400
-9608
2171
-7827
1583
-8966
2645
-7561
-1825
-6137
5299
5218
-8328
-3070
6948
397
4833
-7868
6194
8223
1882
-6288
5927
-2864
2028
-9393
-7394
5626
3320
276
4068
6737
-6602
-1092
-9043
-5711
-6195
-6275
8542
9749
7633
-1232
-4176
9863
9041
4693
668
1467
3430
7484
-1183
7699
9693
9489
-9322
7567
7309
313
-7146
-4399
448
-7896
-4976
4088
3951
-2574
-8570
-4238
9462
-4735
6409
-9462
-5884
-3459
-7806
1624
593
-3044
3407
5120
5633
-7527
4040
4285
9661
7784
1885
4240
-8511
-2226
-4007
937
-3049
-6089
3645
-7803
-7652
3267
-1778
-7733
8866
9410
-8981
2560
8711
-2651
9985
8725
-2737
8695
3539
-4605
-5246
8420
7763
4254
-565
7810
-8921
-1508
-9958
1405
-4422
5820
-3510
-8537
7272
-6020
-9317
617
-1477
5263
-989
9620
9243
4205
-2420
-5792
9954
4838
7065
6368
9462
1413
-5883
-45
-3276
3155
-4079
3837
-89
-8117
-8094
280
6448
-9488
-7235
-7963
-3579
6994
-8980
-809
-8303
4172
4119
-3259
-9552
-4307
-4157
2226
-4700
-8142
9389
3086
4220
8315
1459
-1065
7293
8544
-9126
-748
-4502
3823
7694
7052
-7423
3013
7591
612
-7904
-9623
-1609
7470
-956
4841
4559
7888
-3981
5932
-7421
-3936
3615
-9460
-180
7878
-6347
63
6901
4404
-6982
4200
7495
-6719
9091
9096
9641
3342
-2059
-9876
5113
4383
4449
1633
9757
-3369
1882
5642
-7804
6425
-6698
7103
7688
-2840
-5819
7381
-3173
5631
-8970
8622
-6313
3281
84
-6292
7082
-9366
6680
5971
-6926
-7333
6177
-7805
4392
7082
-1405
7468
2801
7061
6657
1910
7655
5770
-3517
1602
-5136
6903
9179
-9714
6008
-7138
-4852
-9236
-4207
-728
1034
7739
-9487
-6817
3528
-2633
-2279
6417
-4005
3142
-220
-2900
-490
2436
9497
-535
-8923
-6284
1644
7608
-6540
1609
6500
-7436
8266
-9274
9935
8268
-7220
-7067
-506
7632
-7370
6860
-6664
-6532
3480
-7399
7359
-4427
-5711
1366
-4105
5059
-1338
-4352
5626
5139
9342
-2361
-3275
-6341
-5217
-9009
-757
-2821
-9372
404
7789
-23
-8892
1679
848
1912
2197
-441
223
-1666
8690
-3132
-4897
-428
1305
-286
-2702
4166
-355
-5427
3585
9824
-630
3459
-5709
-9806
-7133
-2549
-1641
-8420
-9346
6089
-2333
4314
-5787
-5466
-1048
9379
-2992
-9685
3313
6071
-1386
-9585
-9286
-2152
-6478
5206
-7771
4053
-4486
-7678
-5562
3574
-7125
757
8208
-8915
6630
-7276
-8731
6733
-7407
8503
-5706
-5414
-8522
5584
3823
-1542
3339
-3922
5580
7998
-4106
6473
7300
5683
-5006
-8390
-4791
1226
5667
7853
-7694
2668
-9660
1874
-4624
-7555
-6132
5492
-7141
93
9601
7361
-4611
5377
6351
3307
-700
-4536
6719
159
8575
-1762
-1212
8961
5131
6389
-4936
1658
-2656
9780
6604
-6488
-3764
-7769
7238
-7003
660
3992
4083
2868
2650
-7215
-8006
-1555
-868
-2993
-6914
5971
6032
-3602
-8477
3540
7983
8164
6757
-5241
9864
412
7033
-2694
9165
-7085
-8437
-2283
-8645
-8755
2892
-2576
-730
2338
-7276
3847
-1785
-9889
9425
1176
-6760
3876
-67
5258
7278
6150
4636
987
-8425
-116
4299
3502
-2556
-8602
129
2067
-9776
1508
-2890
5182
3260
-3608
-1222
1497
-4840
-8934
10000
-7367
-1204
9925
3640
-6877
-5765
-8677
-9531
426
-6936
-1076
-2238
-1273
4958
7148
1043
-8979
-3974
-3746
6607
8712
-338
-6223
2880
-4364
-4683
6352
-5752
2700
-2760
-9793
-679
-287
7275
4139
3690
3620
9197
-9812
-6255
-9650
-941
-3205
9748
-4517
-5185
-5807
4614
2227
-5933
8975
7319
-8832
4325
7613
7750
-5843
-1062
-8724
8700
9223
735
9438
-4716
8040
2030
-5416
8231
-9158
-9490
-3862
8816
8567
5404
1686
97
416
6608
7422
6321
6713
-3182
-9294
6430
8095
-8856
5802
2089
8864
-1992
-5184
669
5455
3938
-9336
-501
-638
-4059
-4622
-4810
-4184
-3544
-5638
6463
-5099
5050
2141
-4180
-3323
5226
3259
1247
9645
2661
9636
-2590
1458
6152
1482
-4248
-5560
1008
7541
1503
-1405
5120
-1249
5606
-4072
-7082
6140
-882
-3983
7288
6337
7352
5992
7264
3454
-183
9561
-4115
3662
216
-5894
-3622
6782
-3167
-2538
5369
2230
7340
-7528
6201
9169
-7929
-6277
5098
-1635
9459
-7823
-1305
-1390
714
-4145
-1425
4701
-492
-6113
-1053
6834
8231
5313
-7919
3543
-2700
3408
2454
-6243
-7074
1725
-377
8085
1265
-1356
8238
6431
3130
-4642
-7953
8797
-6334
4000
-3478
-3974
1065
4441
-1474
9685
-5388
-3492
-7066
-4035
-2449
-2438
-9228
-8156
-1668
-1601
-8087
-9956
8610
8977
-2972
3592
-6871
7227
-2730
-6837
-4621
-6145
-2692
5164
9702
-9815
1639
9088
8625
-3400
-6379
8778
6107
4266
-6272
1282
-3644
-2891
-6711
-8077
5620
2812
-2937
-6289
-7732
-9346
-4762
2611
1107
9175
3541
6948
-9883
8504
391
6578
6970
2447
2003
-9451
-170
-4720
7
1733
7819
-7029
-5365
4657
2408
-5281
-7350
-7931
5714
8440
-5078
-5042
6090
5370
1043
-6315
-8095
6470
-4200
-5409
4432
-4729
-4474
3116
9760
4648
1371
5386
-8782
9846
7396
-6583
-9556
-9466
517
-4878
740
1771
2607
-9961
2383
-821
6539
2802
-8843
-5476
-6784
-534
2638
-9107
-9335
-149
-5358
-5228
-3108
2183
-8819
-808
5104
1907
4079
-1304
362
1512
-228
-1817
-5657
-7081
-8886
4132
1314
-293
9410
9363
8043
381
3020
209
-9526
2600
6762
-9873
-6350
-863
6012
9941
-5947
9242
1006
-5818
8610
-2499
4035
2032
3197
-5634
-7501
4739
-5415
9793
-4145
-9444
-267
-5640
-4062
2504
3882
326
2122
6045
-6988
3543
4253
4950
-1373
501
-1456
7691
9977
-5745
-172
1127
-6023
9431
9100
2341
-3223
-6503
-502
6005
8219
8429
-815
8595
-9326
-9782
-4580
672
-1160
3120
5859
-268
-9274
1762
8227
-6835
6613
944
1250
-2875
-4018
5566
3226
-4642
6648
-3270
-1768
-475
-9437
2313
-3306
-5741
-1675
-4498
636
3435
9923
8641
-4654
5626
-3566
-2172
-6991
-3330
-8165
6073
-6972
6658
-9075
6717
-8218
2868
6159
6165
-2389
7497
-5515
-158
-6501
7851
-4343
4155
9104
-5429
-6612
9470
-439
7413
1312
5117
-9391
902
4962
1493
-9211
2433
2031
3191
1736
-3996
-3261
-2523
1463
-5998
128
-3644
-8047
7547
5622
-1123
6160
6822
5394
-3220
-1951
1948
8971
4845
8055
-2317
2257
-1507
5737
2399
-7122
-8700
-8790
2219
5320
-3279
-9092
-3373
-6655
-9807
3139
2264
9002
3628
9488
-8370
-5086
6445
-2818
5578
-1711
-7409
-4284
-2952
7819
-1110
6971
-5710
-2835
7541
-857
-5183
3293
-6426
-4141
4110
4756
-6802
462
-2623
2585
5129
-4671
6119
-5319
4270
8607
660
-7176
-5003
5335
-2256
-3036
2077
-3913
-6558
2665
7360
-7544
-8746
4140
2278
-5674
-2394
-7404
-6681
-148
-7619
-9639
-206
-345
3796
-489
-8264
2574
-7922
4919
-5040
-6697
5834
-2048
4033
-2981
7888
5859
-7326
7577
-2830
4371
-4302
6059
9710
6247
-2321
-6769
6794
6470
-2515
5384
-1955
-2038
8593
5356
18
2092
5421
-2400
-5946
-583
-4856
1535
4533
5602
8523
-8422
-4706
-808
-5144
-3543
-340
770
8843
-6426
-2838
-7188
4354
3500
-1988
-3197
4594
3749
-9914
-8431
-9460
5720
-5956
-4503
8278
1264
3932
3740
-6089
-761
4711
-5812
-8632
-6657
-6919
6362
-9241
-8513
5806
-8518
3773
343
8932
-5785
-5313
8313
1257
-4235
5019
9354
-5206
715
-4556
-1830
8691
-7517
-6532
144
-5910
-9759
-2277
677
-3252
1896
3282
2174
5251
1376
1852
-4640
-6547
-7067
-827
9805
589
2116
-1700
-3869
1376
1785
-740
-5560
-2844
-6987
-5579
-7622
7001
-4308
-9685
-7251
-8526
-3752
8969
3225
-2453
-6876
2313
3880
3558
8417
4678
-5965
-981
-3721
-7836
-2059
-1156
1562
3406
-6214
8241
-6868
5207
-5609
6116
3682
-2622
3537
3891
-6680
2570
-8361
1269
-2929
4802
7666
-9488
7170
3732
6916
-5760
9722
-7799
2333
-5769
2837
2227
4093
679
-2712
2820
9848
6933
-7887
8757
-4677
-3029
7431
-1679
-1969
-4787
-1268
-7237
9282
7120
-7581
2230
-2390
-9007
4928
7425
2515
-1533
-6374
6479
2888
2861
-6960
-9270
429
3996
6341
9136
2816
5642
-4038
3023
-1319
-6455
-4987
3423
-4483
4833
-6984
-5288
-227
8497
4306
6168
7310
-8165
6049
-3560
-7873
-336
-1333
-789
9608
-3138
-3531
3981
5749
9561
9348
1936
-5270
-5291
-8439
1385
-2918
-1339
5215
-9449
7486
-8967
-7717
-6015
6839
3879
-1323
8979
4595
-7141
-8808
-5916
8673
-7840
8340
5131
507
-8513
-6264
4444
3282
-9328
-1044
-7989
2334
-5443
-355
-4412
5468
-5169
-3845
6797
6314
-6273
1588
-1027
-915
-9746
-7235
-7331
-4242
7006
-392
-3896
1249
-4908
-9849
284
-8374
-8221
-1422
2908
2782
8717
-8574
5648
-8118
-7982
-8915
3599
-271
3681
-2256
-2299
7494
6227
-9440
-3444
5522
-3750
4994
1412
4615
6599
-7469
8845
360
-224
-2416
-5263
6030
4990
6183
2087
-478
3851
-4237
7840
2891
-5890
1621
4810
-2114
5182
-836
7114
-6825
5640
7706
-268
5024
3256
9075
5280
-2407
902
-4786
5622
314
6959
2526
398
-888
-2684
-2697
8674
-5115
-9447
-5936
-9914
2368
-9914
6744
5167
-6236
3821
2423
4465
-1105
5215
-1543
-396
2054
4137
4567
1152
415
1104
-7362
-4954
-4528
812
4788
-4503
9776
-7572
-2057
-6768
-3277
-7429
9570
8175
-8464
-4627
-7960
-9111
-9844
1554
4891
-8576
2562
8414
8893
5821
1688
400
5900
-3030
3478
6166
-7389
3558
-132
753
-9942
2885
-8976
-3178
2414
-3737
-636
-8257
2739
-3421
-4817
9959
6736
-6301
349
-8164
7634
363
-4628
-3619
8206
2410
-635
4842
-6841
-7734
2035
9160
4814
-3126
-675
-549
8542
9415
-9233
8597
-6753
8607
-28
-592
-8085
-1706
3327
-3262
447
702
-8241
8134
5922
-6880
-4904
-73
3548
-8928
-4476
-4062
9698
-8168
2431
8847
2962
-3629
5986
-8376
8400
4580
-2701
-5490
-4157
-9667
8430
1627
65
9539
3216
187
-9141
-9114
7502
-3108
6691
8333
-4398
-8004
-3287
-6496
6727
2440
3190
7536
-9061
1470
3837
4323
8634
8045
840
-4208
-6272
8351
2068
-284
313
8667
1901
-7729
943
3721
-3662
495
8799
4098
7719
3632
-4226
8735
7638
-9705
-2896
-8351
2831
-1939
-6292
-7448
-8884
8629
1952
-6985
-4554
-6288
3386
-6804
4779
-4359
-4855
6023
-6430
-2081
-5380
2091
-625
4919
820
8098
-8670
-6755
-2512
5052
8441
-2791
1874
9711
-1794
8526
-3183
5914
9232
3799
9283
-1038
-8593
-9731
7663
-2659
6214
3636
-9957
7880
-1390
-4522
-9621
6338
-8469
5970
-7986
9831
5167
-1026
-4342
-1238
280
-4605
-8999
5205
4959
-2071
8205
6134
-7558
-4450
7935
-1492
6019
8772
-5300
-3230
-978
2289
-4442
2622
4685
-4246
-8817
4465
-4066
3342
2369
-7939
-1651
1741
-7146
3825
-5246
-9441
5227
6800
7795
-4142
5284
-6031
-1265
-5517
-5969
4107
-995
-2159
5146
-8723
971
9951
2525
-7167
-9154
-4012
-3788
-4939
-4324
6050
4308
9332
-9107
9350
5526
6819
8177
-3570
514
6785
8306
7876
7291
3255
867
-3791
6751
-4054
9170
-3212
9410
8890
8057
7635
-575
-5767
18
-3216
-6076
7270
2527
-9358
-6348
-2333
-2084
472
1500
-6372
7713
-2522
9336
2337
4519
9841
4769
6334
7291
-3038
-4809
8561
-4796
4464
1153
-2674
8100
8938
4872
7978
-4951
-5703
5035
-1818
2651
-5606
-5018
9548
-9390
-6960
8661
2551
7046
1587
8029
8320
-197
-761
-2987
8895
-3795
-1624
2663
-606
-3515
-5194
-2507
4207
-4993
-1696
4650
-8587
5995
6537
-8796
337
3600
7003
-2850
4692
-1434
5261
-9237
3745
3686
-4662
5436
-2027
5274
3389
-3878
3638
-5411
8294
-3631
-4816
407
-6858
-5990
-1206
-1539
6801
9643
2010
-7718
164
-6032
9061
1007
7788
6790
431
-315
-9805
6454
-2407
-9505
-1425
-5211
-7840
2819
2518
-2688
6377
-185
-9661
7064
6616
6934
9685
390
2815
-953
5069
700
4266
-8302
-6402
-4721
-9098
2715
-9712
-6344
4952
6284
-3459
9528
8464
2369
4405
-6062
9893
-2088
692
6780
6541
-3583
-1517
-370
3368
992
5996
1196
9210
-9229
-6086
-6397
-5610
-6771
3454
2974
-8451
4365
-2431
4526
6586
-3374
7175
-1797
848
2062
2971
1440
1727
-7287
-4438
3508
-9983
7177
1693
6481
4434
-7481
9025
6551
-4007
-1899
-1345
-1061
-6676
-1780
-9872
2904
2878
7737
5752
371
-5879
4908
2640
4931
2438
-2706
2719
8386
-459
-3721
-6054
1657
-4445
8785
-5472
-5671
-2371
5007
9202
-4198
-6031
-4401
-3318
-6873
-4405
-1893
2423
3766
-2382
2952
-1276
-2921
5050
-1715
449
9508
-4940
9586
-1178
6212
-3551
-414
-7909
6049
-8116
5168
-6930
-3094
-6076
116
8605
3336
9360
-6945
-7332
594
3002
-8320
-9263
-4325
-9314
-2404
281
-7937
-99
760
7064
1890
7428
-3357
5378
-8787
-5394
-7266
8597
-4136
4607
2487
5865
-9444
2255
143
-4837
-8067
2343
4434
-4048
-4701
6980
7480
-9507
9532
-8850
-561
7767
8450
8887
-8821
-8566
5432
1872
4454
-2589
-3964
-5055
3889
-7865
-8753
4711
5926
-4257
-9636
7497
-2405
7490
9228
-1403
6873
113
-967
1186
-5328
9643
3464
-8338
-8686
-4444
-9658
7215
9884
3901
8746
-6966
-9871
9431
7919
-9290
9090
-3762
-7608
-1610
-9529
9805
-455
2788
-2807
9576
1739
5698
9085
-1821
-3475
-3827
-3968
-9060
1479
-9782
7545
6031
-8810
-1310
5159
-9364
-2500
3298
7582
-5491
6675
-493
5849
-5198
4614
1132
-1363
-7259
3365
-6150
2737
1933
-9209
6896
210
-6506
9480
-5189
-3632
-4454
7393
8352
-2058
-7162
6647
6706
5632
3367
9438
-5977
3758
-2326
6311
-4114
676
-2349
1788
8917
2154
-1972
-5877
2847
-2810
-4613
960
-6160
-4522
5978
-5058
5262
-928
1553
-7631
-998
-3770
-3658
-8691
-4607
2956
-8910
-115
-9286
-4249
-4539
6615
-1937
-375
8740
-4198
-846
2300
2977
-6381
4769
6782
2822
-6448
4873
3395
4474
-3005
-2937
4640
-499
-1093
6627
4519
1548
-1021
4002
-6395
9435
-7581
-508
3220
9279
-5185
-685
396
-9562
-380
2653
8816
-4998
2208
-7266
3726
4105
5423
-369
2854
-8771
-9611
-8276
-4883
-2276
9484
-3190
1877
-6163
-1675
-7049
-5156
-544
-3079
-619
-2055
-724
3047
-679
-5708
5847
4320
-6775
3201
6550
4813
3140
-8619
582
9557
693
-4713
-6270
930
6563
-7766
-8948
5757
199
2780
-4297
-2810
-4715
-4377
-6809
6970
6455
-5068
-2453
-3391
4360
-6833
-2336
-8087
-788
-5968
-7213
174
-9552
4439
6747
-3582
8999
5114
-5922
6890
-9350
-1400
8380
8299
6134
4800
-663
73
-7729
403
-1814
-931
-9618
-1753
6699
9534
-3405
6545
9844
1862
-1828
2002
5933
-7273
-4370
7334
6750
-4059
1942
-1996
8736
9249
9327
-5503
3810
4491
4846
-3391
-6877
-2809
4914
3077
5661
3310
-5560
-5269
-530
-664
8452
2381
-7089
6596
4718
9989
-4820
1499
-27
-8758
-1379
-2722
8040
-9528
8086
-1838
-9725
-6687
8633
3908
-6964
-6171
2388
-1934
784
2192
-2366
1587
-9057
-6913
-8032
-2280
-8823
2548
71
-4315
1147
-2625
6952
1442
-7488
423
-3752
-6637
-2592
3906
-3871
-4046
7474
5728
-5521
6910
-2470
5789
219
-1991
4373
6372
2131
-2066
4694
4766
2446
85
-5922
8429
-1589
5613
-9120
6450
8536
-918
-4338
380
3969
298
-9171
-9224
-1766
-5918
-6730
-4154
5488
-307
-7066
-270
-2410
3281
-2825
-626
1106
-4843
4317
-915
-2987
3392
-3337
312
2399
9255
7337
-6284
-4110
7903
9707
4530
2571
6006
-4210
2174
-5947
-5019
-6786
-7175
4699
-5577
4377
-7498
7602
1795
1588
3186
-593
-9307
8972
2973
-8639
1361
-8848
8234
4117
-8883
-5854
816
1526
-5507
953
-5664
-2971
9272
-3000
-7871
-5317
-167
7721
-9665
-8367
-4517
3353
6635
-6308
-6214
6952
-8971
-4756
-1400
-1344
-8670
7205
-6099
8790
4906
-7273
9202
-5693
4316
4125
8380
8284
-9615
3288
-6388
-5893
-2902
3235
6324
7542
5528
7816
-805
-3025
-9214
-6914
-1509
-2576
6247
-2757
9840
4888
1225
-1138
1334
-6376
7331
5195
1570
9077
-4744
7840
-5819
-6843
-7191
-6767
35
7610
2185
-9881
6052
-7157
6957
-1735
1523
2377
-6451
2689
-2847
7188
-5624
3901
-8713
3461
3204
-3158
-7059
-8622
887
-1740
8481
-8186
-9419
-1170
3247
8515
-2076
703
-235
-8560
1711
2995
5825
-7257
4150
-8480
3015
-9152
8813
-6206
3335
-7095
8447
5238
4696
7148
9790
7659
2932
4883
6037
-6653
9072
7268
-6607
1450
-830
-8116
9691
1444
6404
2634
6630
8076
-7219
-7642
1218
-3978
2294
8446
-6436
729
3574
-2439
9530
6699
6460
4901
9835
-6416
9496
-8083
-6700
-784
-4806
9440
-5948
4815
3686
2951
9993
-7351
5711
-5614
-1135
7791
131
-8415
-5604
-3474
7986
828
4278
4736
-1551
5502
7596
1553
1167
-9211
-4862
5474
1372
-1697
5808
4825
-7761
-8702
-1197
-2570
1420
-6543
-1957
-7779
4114
-4946
3438
-2273
8349
6604
-9609
3933
4180
-3952
-5045
-4172
-30
-4843
7249
948
1833
5936
-420
6770
-4202
-908
-9244
-2447
4129
6890
-4416
-2922
238
8745
9531
9266
5980
8806
2491
-899
5135
-7219
2585
-9901
6047
-3829
1916
-8465
-868
-193
-2386
3287
1782
4404
-2861
-6851
525
-2242
8414
-6419
-4843
-5236
994
-5388
-1399
6497
-1049
-1790
-2211
7118
2671
6689
2848
-8209
8726
5364
-7849
2599
4253
8398
-234
6402
-404
-8811
8578
3206
-5928
-3424
2457
-8688
2658
-6351
8451
-3457
2268
-4791
-8454
3581
-7034
4381
-4398
-8811
-297
9769
-8019
-5789
2801
-1594
2105
-5636
5670
7669
7930
1503
-9289
9366
-7475
-9788
8292
-5980
-6754
6801
-5549
8838
427
-4196
7628
9475
-2322
3484
-1511
3544
-1756
-7246
-1089
-1462
3544
6565
1721
3446
9232
-1795
-1510
4051
360
-7124
-7237
-4744
4181
4549
9372
-3579
6812
-2656
1455
-8419
-3206
6765
6657
90
-2781
-1355
4510
846
6391
-2430
-7657
771
-882
1464
-7605
-3010
3955
7366
3581
7958
-9296
-4773
-5483
-3808
9722
-9054
-3649
2120
3372
6758
-5082
3330
-2239
-1998
-3512
9413
-756
1074
-6780
-4543
-3894
6669
-9617
-6026
8303
336
-1615
-5768
9919
-6326
-8156
-4038
-380
3385
667
-173
-8424
-2381
7322
2713
-3877
596
-9822
-3951
2050
8972
-4654
-6024
1512
-7321
798
3811
-5900
4200
4350
9835
-7147
4724
-832
9870
8650
-4787
518
-3155
4309
4125
-3290
-7387
2373
-9722
569
1533
-1648
8326
-7922
5184
-3493
2584
3929
-3300
-8050
-4251
3901
4394
-2374
-5497
-3332
-8949
8169
-3850
-2458
-903
5095
2821
5904
-7917
8129
8216
1498
8180
700
1791
-480
3
8181
-8827
6503
-7542
3029
-2478
-4190
7208
-5183
-5831
4355
-9594
6454
9179
7327
4771
3249
1614
4007
9730
8648
-3218
-3059
-8937
-6626
5434
-500
-613
9051
-9278
240
518
9337
7240
6122
-5680
1137
9204
6765
4271
-4592
7139
-6596
-1239
4630
-4643
7475
-1620
-5904
-1455
3873
6269
-3750
350
-1077
-5862
-9524
-8002
8119
-6897
-2087
6433
4998
9455
4775
1859
5027
5806
-9964
-852
-4135
-9191
-6803
-8431
-6027
-2310
2994
3695
9508
-8519
1019
-7869
6133
6143
-8073
-2147
9339
-2172
7079
-5139
-2347
5872
1190
-949
-6923
4625
5170
-2831
1254
-4500
5344
-7211
2650
-9399
1231
4568
-864
-4960
-5745
-6759
-7334
-3553
-8160
6260
-4601
9199
-2485
7473
-3250
-1505
-6229
-879
7931
-5335
-116
-8224
-1419
7279
1456
8773
-4567
7202
-6484
-1068
-114
7790
6713
-3961
-6628
1224
5445
-4489
1458
6770
209
2060
6615
9003
-1630
-7532
771
-1359
6375
-8081
7598
-3729
-7669
710
-6613
9164
327
-7345
-3085
3912
-440
-4445
9646
-4692
-6746
-4862
-7989
-6896
9012
-7846
-6507
-9337
-4023
-9750
-3517
-3098
6675
1007
-6612
5097
5503
8740
8351
-7776
-5111
2359
21
-9679
5045
-3259
6685
-7492
-1272
6238
3995
6299
-8584
-7572
-5930
-3076
-7085
-9044
5159
-9469
5540
9119
2713
-6732
1094
1179
3776
9641
-5477
8781
-2257
3092
1691
-4749
5857
-4574
-8297
-1040
9314
6434
-3612
4000
-3968
-1228
3039
-6322
9768
5567
-3736
-4138
4388
-1092
-8273
-7236
-6405
6833
7512
-4470
-5973
6096
5313
-2678
-4943
-624
-5852
-5863
1138
-6685
-7344
-4442
8258
1330
-8290
-1731
-7671
308
5121
-6302
-9896
5305
-7409
8627
-1314
6291
-3947
-8696
-4689
-6628
-8670
4793
2759
9165
-6413
2658
277
6350
-3008
-5712
-658
-2737
-1359
-6128
-7620
-7859
8768
-9577
1922
2918
-4652
-64
-3481
7291
3965
-3565
-3913
3860
6920
2422
4447
5691
749
430
-921
-4606
-9808
6058
5973
8684
-6620
3465
-2200
-4762
-6622
-3236
-7862
5718
-4760
-1506
-6288
8838
8969
1838
4080
-4040
986
-7947
-4464
-7624
-9634
1625
-2925
5546
1425
-5731
-5733
-1799
-3174
-6236
-1665
-1432
-4463
2711
-1981
6378
8652
-939
8984
-8163
5146
-8835
-7262
-6780
3937
9472
6022
-6136
3968
-7131
-950
9296
9884
-285
-3996
2495
7145
-9283
1343
-9469
-6826
4399
3819
-8498
-4324
-379
3385
-8959
-7494
1588
8996
1953
8526
-7784
-5057
6260
-6861
-5237
-4393
-3329
-503
8284
5178
4603
8757
7297
-2236
-6796
2161
9777
845
-3927
953
-5066
-6115
-1478
-683
417
2611
-3962
2577
4063
-353
-8778
2932
-1307
6008
2688
-3196
-2613
-1655
3658
-4204
629
-4090
7957
1337
-401
-8231
4061
-5885
-4829
-4721
-8974
-99
7410
1806
-5057
393
-5050
-7488
9072
-6791
-1094
-4552
1867
3801
8490
-5567
3488
4001
-3812
-8026
463
4907
-7491
-8845
3424
-9542
-3475
7708
-5205
-5179
-2843
-7309
3081
8005
-9600
2863
2874
-2446
-5296
6833
9350
-1373
-140
-8313
389
-8164
5845
-8783
-8689
5403
7356
-3044
-7580
-6883
6728
-3156
9949
3680
9466
2929
-4144
-1744
-9145
-8733
-5490
-602
-7212
-99
-542
-7579
5781
-6383
6644
4552
-4700
