1750
1
1360
6202
338
1440
8676
3763
3365
975
7920
8472
93
7673
7282
8613
1576
2040
7952
2371
4519
314
5354
4320
992
4038
1247
8364
548
7383
879
1527
7242
2823
3575
9166
9593
5734
3957
2508
3915
1719
6041
3847
2682
4183
2367
587
4311
9749
8017
9051
4964
5849
9669
3680
5322
210
7098
8787
8108
7772
6527
746
1505
5303
9303
3417
149
8583
9870
7419
3341
3630
513
7113
4148
457
1044
8218
6407
7176
9313
4780
3068
1977
8111
698
3181
4210
8722
1127
2515
656
1069
2776
2923
9775
7761
7899
9107
9522
1660
4424
8306
123
7842
3496
6867
6525
450
7642
3486
8343
1974
9006
6240
6638
6815
2172
7514
2648
1209
5983
3084
5549
7114
4681
571
9570
9157
4171
1219
1840
7120
9251
2824
4772
8638
5807
4410
3842
6664
7106
6889
8778
2570
9262
5355
3828
6301
37
5096
4206
9732
4547
1989
706
6285
6425
2532
9321
569
3730
6677
8468
5012
7510
506
8831
9559
7543
8482
7414
9809
5951
6079
8558
7327
7392
9293
6598
5016
1591
4874
4583
5289
7088
1256
4789
6781
2677
9558
3016
1363
9932
7370
7690
5651
2821
8092
2071
4215
2795
581
725
4948
5584
9025
3167
4416
7375
5062
5502
9905
2762
3874
2855
3956
5446
4232
8612
9941
7130
7711
4946
43
8382
2848
1877
6192
4897
5814
7807
6390
8284
6614
6866
5680
7705
7551
5624
3683
4771
283
5610
8727
5601
375
7070
4887
8872
8724
8278
861
9310
8512
7543
5920
2121
3336
9624
9486
8372
7286
5780
3826
4465
3862
4465
9782
1619
104
771
4695
6257
8719
4400
3681
1895
8408
3428
6130
1244
6886
2019
7319
4390
4842
144
6771
7906
8521
4320
9426
4605
4798
6100
5595
2472
4734
5364
3299
4853
2338
57
2192
8833
2866
7833
4150
8541
7200
8987
6110
7978
3001
277
3675
5679
2753
5781
3739
9015
8830
1299
2585
9591
1138
2833
7424
4303
6941
6390
2525
2394
5150
2461
3453
3450
5255
5013
1355
8480
6730
3361
4007
3382
7194
3178
1960
5792
4821
1305
6185
3566
9674
8742
4695
8732
2586
3521
3571
2073
6831
5424
2310
6498
1798
9178
7519
5821
6106
9543
7794
3408
5613
6744
5535
6896
5295
7086
151
8803
1041
4302
604
8385
2741
9440
8156
3603
7042
7885
3782
8483
4432
4332
6674
8124
7589
7179
8819
4635
628
4325
5064
9662
3156
5615
7575
917
1402
9956
971
4807
703
1536
2648
1653
9462
9239
7952
2223
232
1984
7560
6171
6787
4325
5147
3636
5075
3528
6169
5222
5030
3126
3405
6724
754
1137
4947
1082
7180
2074
2489
2492
9063
4201
1086
1812
2896
7790
9377
6883
8477
5758
7881
2863
7748
6214
7638
8400
6991
3148
2033
9009
8712
274
6588
7465
9094
4630
7313
9528
6845
8841
9275
8258
2835
3510
7268
6729
2860
4565
4107
2206
5123
1947
7701
8898
652
3953
2428
1230
3918
7256
213
1563
9464
1389
8729
3322
8956
8720
7341
5442
1320
2040
4214
7721
7051
9354
3438
4908
4596
5132
7241
6716
2395
4405
9129
4346
374
6735
7694
144
366
5911
724
7676
3772
1080
1569
3914
8580
5514
9642
3289
3343
3442
1187
7346
9746
5842
5828
950
9386
4273
6413
4114
9249
8302
7432
6063
7476
7011
6364
1310
8339
5569
8229
980
3976
8732
1575
1842
5663
7415
934
4317
6343
51
9841
5451
2104
1520
8786
7164
1236
9075
4883
33
5103
4554
15
7066
7038
5703
4027
2707
3528
1734
5746
9854
8179
8010
2678
9956
5748
2776
2058
3979
1572
796
5075
6771
5740
7568
5677
226
4888
2916
3479
4107
5113
8417
9165
8161
2142
1950
3855
9921
1271
2488
895
287
8718
4118
8797
3837
8269
4248
6024
7938
6664
4962
6228
365
2084
9950
4477
5193
2806
3801
9618
5770
1846
3191
6487
4828
148
2342
6705
7999
9585
6169
1896
2181
886
1181
2062
8607
5213
7039
6230
4468
5315
8253
6468
6285
9986
365
1446
176
1681
1720
9243
3987
4746
7257
1058
1889
363
9576
3395
245
6680
9530
742
3832
164
5234
5966
8614
3783
6900
6859
3808
2493
3416
3404
5403
514
8751
3308
9991
1119
9780
9547
3579
5618
22
4749
9870
5820
5513
150
998
3886
7153
9294
5190
3061
6769
2708
9024
7969
5614
6875
6833
2896
8423
2008
559
3710
4701
1124
8283
5303
3615
8383
2065
3861
1564
5749
8734
9562
9569
4388
846
5679
8590
6251
4086
506
9969
7694
9299
3956
6268
6497
6393
6944
7212
4736
5381
1405
8813
2347
4344
6544
682
221
2428
6617
3078
8784
9329
4059
1026
9217
9934
6214
2793
1761
599
4320
4739
7764
3685
5594
9237
8882
1834
8937
3429
8901
8079
8829
1307
3550
3412
7094
6996
5052
8611
7660
3841
9631
3177
6992
9808
7259
5377
9258
5108
2213
8436
8276
9853
1984
6617
1623
9649
4790
7008
7492
9007
3533
2905
786
1991
161
9442
9737
3575
2395
5497
7024
5733
739
5594
660
6908
8216
5488
2327
2978
9983
4202
1435
6311
2237
8943
305
5112
7439
4851
504
1381
9139
9163
2281
7855
1710
3844
9081
6993
4566
8713
9700
5091
2077
9104
6318
1374
126
5718
5316
8429
5952
1392
556
4024
8839
2963
911
3634
3172
6438
5205
3009
7885
5461
5826
4341
8367
1706
433
8528
2988
8767
5114
6657
1083
290
7104
5675
2890
3979
8226
3013
4021
8201
1895
9614
5926
6516
1853
4374
3202
9626
7656
9263
0
5281
4836
2422
5553
1385
3852
5262
8358
7557
4668
5387
7028
4340
2216
9878
1748
6393
8118
3987
5051
6240
451
1565
9630
8348
4156
7985
3344
6385
5488
7534
1603
7896
7050
3563
2219
2988
6177
455
7296
5040
6154
4398
4855
2933
5211
7372
758
9465
3110
3658
8422
5456
1854
2323
7543
4251
7811
2609
5757
6502
1533
8253
9556
2139
1271
3952
5102
1179
8310
1384
8931
5728
9879
5671
8941
6072
9583
98
1989
9289
3625
4657
28
243
141
8860
8619
7621
5512
5038
9593
9590
566
6818
8906
5120
3346
4462
600
12
1822
6809
925
2304
1032
6236
7987
7610
6122
3755
7651
4719
3585
8818
7758
6243
5403
4627
848
1568
91
7420
4783
3906
2992
9660
2429
7101
3086
3429
7839
1079
7905
745
383
5520
5865
4319
3508
9326
1808
315
7189
3565
8794
7893
2812
2756
7698
9040
8383
365
808
6198
822
1205
2691
6877
2193
7335
6863
4752
8445
5483
5752
8180
2953
5805
7128
2354
9663
5610
5119
5879
5064
2954
8807
9760
2405
1146
6681
7985
7873
2948
8211
3422
2420
7354
1548
6087
5164
2287
1591
6415
7943
6246
5843
3319
7406
7465
7409
9302
5464
8159
1112
3636
8236
8524
4480
9028
1369
3723
149
4114
9705
9772
3454
1948
157
7292
337
8927
1919
4439
2487
171
9134
1081
8528
5522
9330
8600
1692
3133
3280
4348
8617
1241
1549
7370
1929
3705
4888
6771
2614
7393
5363
3405
4346
1840
4349
1717
3154
3420
8190
8749
7418
4827
4006
8247
4821
3851
9684
3098
8846
4715
4451
13
1355
8105
3252
4481
8510
8113
1151
41
443
4453
7999
8761
1607
9195
4399
1206
8188
7275
9296
4506
3622
7043
5307
6386
6339
7391
4239
2562
3647
7467
4479
570
1043
5475
860
4519
6955
7500
6690
2821
6833
3966
1229
8102
2116
1478
988
5686
9614
7493
6353
6070
1141
9918
7754
6580
1694
1956
3231
3175
3778
7794
3209
5714
4839
4023
1382
7379
5377
9059
6085
5049
2611
4502
9230
8843
4022
3113
5156
9281
2032
2611
2783
1848
7003
4052
1321
6572
9160
5518
8412
2769
2715
7598
6408
2571
877
6338
4334
8619
5308
6333
2388
772
8312
6651
722
4063
1541
2249
2937
8078
4183
5941
1381
883
7748
1504
5263
829
4695
9362
5649
6666
6786
4852
6821
1113
7731
2403
9692
5601
1911
2604
6284
9060
7440
9895
3306
4291
1057
5133
4230
5520
4596
9640
1476
6351
5508
5160
7330
522
653
5187
8326
9651
110
6949
7179
6070
2861
7417
9909
7153
8560
4588
8788
6313
9655
1329
5993
4022
7783
4600
2434
1953
6227
63
5799
507
1187
6592
2278
4195
2341
6713
5780
8715
3149
3557
2764
3
1487
2760
9308
8158
9654
1724
4744
8318
4219
1650
932
9953
230
9322
5819
4562
7396
4582
3860
9347
914
6262
4567
3937
8345
2808
2633
6518
4175
6868
3805
321
2181
1002
1116
699
5663
7290
4643
5911
6619
9020
6520
1768
1945
9490
9961
7919
4131
974
5689
5885
3926
6370
7580
5414
9940
747
9883
1578
9925
9721
5699
1110
5494
4024
4016
416
9584
42
442
5332
4598
7015
3345
5099
1296
6076
3267
7446
5696
2483
9658
2023
293
2036
1082
666
4708
5757
1369
2900
8468
9338
3465
6920
9895
3927
3793
7580
1880
1859
272
2352
6730
5764
4421
2450
4659
4205
1152
937
3009
6208
8058
7584
9267
7508
5751
3631
4903
2711
5729
138
2591
7849
2998
4175
1842
1354
7790
6323
791
8961
8895
4861
345
6273
1253
5792
5315
4908
6423
473
9449
4492
1349
3558
9187
6892
4036
5580
5931
6326
5871
5511
8207
6436
3442
358
4325
5380
643
739
5183
5240
8101
1040
5794
1087
5940
829
3134
3806
8985
4614
3681
8476
8592
664
580
9540
4645
916
2660
7641
5892
3399
7678
57
8798
2506
6042
1600
1988
4981
3150
626
5751
2045
4804
1376
6861
4988
1988
7376
3579
7255
9401
8682
1428
910
2250
8424
1263
4313
8191
905
2299
4045
2276
5181
6859
5323
3878
4490
5227
3598
287
5902
9176
3519
9755
6954
3988
188
8093
551
5930
4110
8754
348
1319
3550
9333
5276
8982
1356
7320
580
3865
7234
9170
6346
6900
9107
6716
45
5406
8407
2706
2404
3211
2209
4581
3256
2377
4646
3834
7418
7436
388
8935
9651
9359
7100
709
1981
9947
6843
7160
4118
3793
1177
8944
989
6799
1490
3472
363
2152
3548
4612
7338
5804
4265
8553
52
4665
9470
4628
8693
6473
6082
1831
84
2440
721
1529
2378
6726
7632
5169
8897
5622
7088
7769
7284
4830
9522
7366
3199
6934
6342
7456
4417
1504
173
3864
8273
3579
2647
6538
4302
456
6800
9792
290
1620
6876
7223
2207
3403
8347
2719
5141
2120
3903
9454
399
5687
6659
2173
7473
5182
8214
5561
8440
9922
6565
5128
4912
3492
3558
