9411
1
-2143
-7588
-9170
-7273
327
-5052
-2611
5714
5797
-1213
3686
-3165
6809
-5255
-7713
7695
8904
6010
531
-7712
-7264
4562
1414
-3966
-798
-2468
2975
6077
2881
929
-3459
7988
-8658
2184
-932
-4099
-7617
-3177
-4968
-6261
-8366
-7126
-994
1078
-9579
8928
5110
8506
4687
3817
8692
1976
635
1378
2596
-1880
9892
8699
3648
5019
7141
8270
3789
-2510
-549
-9418
-6821
2204
-626
-8484
1711
5895
-1185
2699
2283
3658
-5333
3190
-9943
2827
-3776
267
-6721
5533
8716
-3130
3337
-2063
-7706
-6268
2450
-834
-958
-1639
-5444
5675
-6741
-8864
-95
-2631
7208
-7111
-6287
2642
745
6310
-9169
-2625
3896
-1041
8495
-6179
790
1177
-9044
7616
-4011
-2851
5365
2521
5790
9771
8558
5441
-9406
-1178
-9174
2901
-4670
5415
8807
-6835
779
9160
6509
8915
-2551
-7625
-5021
9049
9764
-6781
1371
-3893
-8687
-6420
3744
-9575
1564
3320
7822
-6654
-7095
-4244
-4849
-6532
-8447
4874
6248
-1095
3028
3417
9304
5620
-3561
-3814
5470
3863
5540
8346
-8788
186
-6832
2598
4104
1007
725
-3653
1173
-9160
-585
-8721
8410
8958
-2406
2169
-1308
6700
-4060
-2667
-147
-3597
-9981
1665
7078
-7311
-68
286
-4359
-6595
494
-2142
7253
-6941
3967
-5072
8343
2384
7589
-8709
-1590
-9516
-8500
6556
-3833
91
-8431
4800
-487
6536
-2412
-9364
4110
-1987
8140
-2734
-8472
-5902
6323
5758
-6396
-7743
8564
9668
5562
-5732
1302
1939
3056
6192
-3387
9216
-5457
-1094
702
-5673
-854
-8223
-6683
5873
-3752
7355
-8372
-2395
5752
-3582
-7971
8046
8599
-2456
1185
-2396
7790
405
2305
9864
4850
-6159
-7657
-3346
5216
2721
-2247
-5113
-5730
3764
-355
-2212
-2468
-9458
-2318
-7294
3716
5330
-722
-1261
-8636
9492
8357
-7186
1266
-4477
8875
9072
9549
-884
-2602
2173
-3479
-9062
8131
-1307
6041
-736
-458
-3309
8158
-324
-8212
-6033
676
4684
-9770
-3437
-4227
5987
5357
194
266
4874
4074
-4459
4879
1836
6373
636
-8441
-3393
-9423
432
-7727
-7491
7306
-289
-556
-3883
-859
-1122
-6813
2107
-129
3566
-3556
675
-2770
5802
4440
-623
9830
-9559
3614
-6840
-3886
2198
4021
7054
-5470
-5761
-1710
-3892
-1093
9460
-9157
2350
-623
3431
7010
-874
-4216
6762
8702
-7590
5476
5268
-5605
6231
-6462
7556
-842
4105
-8243
1225
3036
-3352
3602
-3514
-2459
-9837
-4407
6097
5317
-3068
752
778
1391
-8320
-2532
964
-32
3151
-1897
2434
9849
3419
651
-1316
-7044
-9487
-7559
5421
-841
1016
-5265
3837
-4099
3352
4367
-7748
846
-7702
-846
9206
-4331
4847
-212
847
2764
9546
4433
4868
-5273
-4276
8741
5248
7803
8071
7028
-7738
8034
4524
-8377
-3956
2699
3158
6877
-1501
-5822
2212
-6499
8269
-8951
-9415
-9725
7709
6107
-8934
-7378
8518
6466
2920
1499
-3803
5321
7654
4878
-830
-9683
7469
-7955
374
3082
5190
3033
-6683
-3279
-9146
-1839
5976
6917
-9660
203
1798
5044
-9025
-2845
6009
-6554
2982
6639
1402
2002
-7666
-5815
1799
-8952
-4418
4805
7993
2560
-3366
7826
-5714
4204
-4916
5902
-2975
-2006
-2456
-6769
4752
-875
8439
-6394
-1072
1442
9083
5608
4591
-5916
2687
-9973
-5673
4143
-682
-3418
5290
4976
-5145
4065
-8432
4461
-4600
-2486
-7374
8786
-5902
-6879
-6293
-9550
-8954
-5415
-6620
4121
-8433
-8512
-7124
4259
-9261
9797
-1437
4760
4863
-1627
-7772
-8017
1751
5140
-6808
-3028
-517
1224
5517
5993
-488
-4593
7180
9359
-6173
2132
-6968
7384
-6107
2720
-9896
-468
5014
-532
2890
-5920
7609
-2538
-3680
-1590
2010
9325
7062
-7668
-4017
9927
-2967
-9365
2940
3599
2389
3672
-4329
-9724
-9055
-6906
9690
-9620
-2680
-5414
-28
-2651
5045
-6531
-4873
-9391
-8168
7150
1032
1024
-4721
4830
-2578
-422
4648
3685
680
-463
-5276
-2086
-1147
4848
-7752
-6361
-2036
-5237
5475
3925
6905
3431
5859
9092
-7664
7681
8898
-8449
58
6528
-1849
9349
-4801
-450
-6223
151
6012
-9202
-2111
-598
-6088
-6996
-6888
6469
-9387
-5157
6396
-1530
8198
9527
-1304
590
-7674
-8805
-272
566
809
-1528
3167
-3897
794
-6194
8720
-3637
-5229
-8914
-1430
4784
8372
-9847
-9486
837
-3379
6952
-9805
-1391
-2060
-5883
-485
4483
-915
-2019
7003
-4263
-3798
4187
2612
-8987
-1495
-2800
-2662
-8423
-4864
6371
7259
2608
-7814
840
-3577
-1512
5983
9521
6886
6251
9503
8065
-7363
9246
-7164
-219
-6257
-4801
-820
2341
-2950
8672
16
-4225
3206
-3564
-8653
6768
-2596
8288
-3860
5376
9923
-7249
288
-1010
-3689
9544
356
7863
5414
-8978
-5483
-7803
-6260
7685
4481
-7260
-7990
1112
-7510
4582
-9821
1086
-8483
-6771
-7603
7045
-6994
-2631
-5937
-4545
5422
7696
-2672
-6954
9867
5214
-4707
6796
-4744
6452
9078
-2963
-7322
-4882
6756
-9729
-6564
2205
-1544
-2667
-1872
4638
-4031
-9863
-3498
-9316
-4352
7783
9527
374
3376
7600
-7780
-3514
9323
5048
-7383
-4547
1857
-9223
5367
-737
-5605
-176
-6779
7865
7886
-3522
-9860
7393
-2462
-8886
-1283
8654
-787
-8713
7877
1474
-2628
3047
-1976
8414
-4286
-9794
-129
-5762
-8226
8078
5088
-7935
4340
6398
-9592
3744
7529
-1116
-6474
1637
1689
-6330
4076
2986
-7421
-1167
-4104
9416
-4216
2230
-1738
841
8499
-3830
6768
5048
7160
5880
-5684
-9634
-2478
2362
-2468
-8844
-2686
-6071
-6300
6275
-3838
9294
3086
7229
5510
-2044
1707
-1829
-2827
-8725
5051
-5225
-1776
9196
2999
-6998
-9516
4339
-5310
-7176
8196
7252
-8885
2013
8354
-5998
-3494
-6722
-3818
-9074
4685
9828
1432
-4494
-3023
-2511
-8190
-8174
629
-4467
6827
3212
1376
-4762
-3934
-7644
-9567
-8880
9165
7333
5255
-5249
-8816
-9996
5579
-1255
-6416
3014
6524
6979
2822
9136
1546
3729
-7739
-4702
-4374
-9115
1629
3059
8203
-5856
2377
-5641
5679
4244
-3031
1305
-5296
4977
-5477
-3600
-3330
-8278
-1607
-15
-320
-5429
-7684
-5098
-6364
2077
-3564
-1909
6799
5546
-4587
-5924
-4041
7747
-463
-193
-5556
7510
-5809
-1110
-4733
2679
-5350
-6239
-2929
7105
-9426
-589
6167
-4205
60
-4759
-3408
7405
-6402
8601
-4288
-3861
1471
-3969
-3680
7189
-4387
2477
-6696
3346
6069
290
4141
-5601
629
3047
-2727
5105
-5826
-8098
5610
1138
9822
-4526
112
-1630
-3420
-7685
-8859
7097
-6136
-7796
8826
-6373
659
3469
-6451
5503
-4654
124
1308
-2608
9634
2600
3967
-8310
-5811
-6325
-8099
-7923
-7625
-2336
7507
-6916
-5820
-7325
-6600
-2905
3493
3977
1105
-4532
9566
9442
5847
6518
-29
9050
6845
4044
6462
-9588
8980
-5614
4952
-3671
9940
9472
2621
8436
-1576
8561
-8772
6244
3534
-5359
-7727
4725
2934
7763
-8969
9317
904
-1390
5548
108
1455
-5787
8130
3934
8279
-1270
-9253
4472
-1313
-9436
9254
5723
-1576
-4644
-7657
-2887
-8038
5438
7871
-5434
2909
-5421
4199
1769
1540
-2167
5383
7953
-731
3250
9348
998
-2967
545
-1539
-9074
-2601
-2049
5224
5505
-3083
-6602
690
-2928
8487
4500
6379
9713
8170
503
7217
-2518
6144
-3933
-2924
-1767
8345
-2445
3654
4598
1132
6672
-1458
-5357
-1913
-3698
-817
-2635
-1000
7212
6506
-3934
-1115
6972
9914
4463
5127
414
8239
4591
-1027
4099
1443
-2279
-9618
-7541
-3669
7263
4069
-6542
1617
-8298
-5538
2518
5707
-387
9230
-8168
-9077
-8922
5678
-3026
6209
-4919
3175
-1010
-5784
-6979
-9666
-2223
8798
2744
6785
-4042
-9334
7943
3724
-8312
-8195
-608
713
-3741
-9830
-9597
8372
-2013
1087
-8369
-7313
7022
4968
3372
1963
4111
9731
-4099
884
-7515
9110
4114
4128
7785
-6730
3687
938
9502
1465
-5954
-4149
-9651
6691
-2273
3108
-4578
959
8753
-9848
2428
3726
-9950
-1139
-9992
1247
6054
-1113
-10
-3702
9313
9265
-4423
-1834
9697
-7978
-8074
-3286
-5506
-7544
1667
-9693
9173
-8713
5987
-8391
9333
-2402
9575
8076
620
-3410
-8787
-985
-4222
5350
-8760
5668
801
8400
-3066
-3099
495
3401
1892
1957
4843
-3083
5343
-6356
7045
-7755
-1242
9045
-562
-1413
-6363
7664
7878
936
-1191
-9017
4301
7682
-9862
1531
6190
7055
-9658
7529
566
7309
1976
2357
-932
5467
-1811
424
9285
-6148
1733
7390
9399
-5358
-3752
-3495
9743
-9205
836
-9854
-1802
-126
5084
-3054
-6536
-4861
137
-343
-367
2637
6641
2834
7263
2048
-6453
-404
6335
5723
-128
5809
-5930
-5238
2393
-9697
9939
-4125
-5964
-5080
288
-5510
3504
-484
-6843
3480
3856
-5742
-6671
5638
-1620
5419
2350
-6728
-3916
4903
8677
7327
-9505
4298
3725
-1455
-4911
7870
-2690
-3084
2825
-5614
9954
5380
-8861
9841
6419
9676
-646
-2546
-8335
-6405
-2487
-4984
2092
-6321
8335
-9664
-6486
3458
8120
-515
6266
2874
5885
6999
5143
-867
596
7113
-1936
2157
-2807
1990
-2556
-5617
6692
-9586
5061
4293
1003
-760
-2111
184
-1145
-4783
2901
-8965
4551
5991
-9109
-8817
983
3321
4615
981
-8006
8775
562
9806
-2221
-7300
3761
400
-2856
-364
-6223
-5263
3990
4960
-5541
-3550
-748
9693
7249
4110
-5222
294
-6425
9318
-695
6135
-9565
-8584
5125
4922
-3534
9422
7153
-1226
-4885
-6393
-2481
9811
5728
7539
-2130
-3376
3183
-1860
3463
-3536
5142
-3059
-5622
3846
4867
6216
749
5630
-1144
2654
-3073
-8733
-5507
4250
-5733
7508
5985
2348
-8910
2899
1770
-2372
-1803
760
-8250
1519
-6377
-4135
3146
5944
7621
8709
6646
6485
564
306
4241
-7850
8196
604
-6999
5140
-4349
-1314
3419
6405
-4266
4617
-9636
-160
1150
651
8172
4864
1459
59
-7632
-1427
-5749
-6607
-2415
-279
3156
3996
-5822
7694
-1268
-5902
5630
8165
3431
-4521
-4176
3420
3504
-9855
-8901
390
-2774
4865
450
-1547
2357
541
-6004
-9812
-3731
7938
7200
4147
3712
1109
1282
5069
9483
-8692
-3862
-1846
-8669
3795
-8446
-8794
7196
4664
3556
5450
5931
3488
4645
10
7657
3218
-2351
6085
-5966
-7848
1234
-1432
9615
4534
8249
9563
222
3284
9188
-9757
-5338
9737
-1047
-5526
9718
-3700
-2728
-3132
6654
-4839
5603
-1867
-7434
8868
2991
-8987
3809
-5116
-517
-3788
-364
1213
388
-212
-9353
-9779
2508
-307
-1224
-5936
9127
-6328
7070
-2878
5023
9071
9852
-241
667
-8111
-3915
567
2187
9447
9549
-6688
-1847
8946
5018
4066
-5701
-2170
4572
-7270
351
-3741
-4611
4299
-84
-8434
-227
-5039
6720
6901
2271
1500
2063
-1918
-7002
3101
-9128
3011
4911
-818
3751
-5260
-7227
933
7613
-3354
8305
5716
5769
8738
6659
-232
2956
-710
2273
8368
-6389
9817
1872
7360
2561
-4176
-4484
4064
-3849
1051
-1285
9123
8545
-168
-1656
7006
-3150
-5664
6349
9146
7617
-8201
-2252
-6645
6135
2284
9069
2229
3085
-1479
-5532
-5218
-8337
-5076
1774
-642
9072
-5766
9227
320
-6588
7929
2686
-1689
-2765
9563
-5046
-8077
1352
-171
7183
-7366
-8898
445
2397
3423
-7946
4479
3780
-7009
-871
-2564
-8783
5296
9083
7894
-1977
-9621
7100
4758
5706
1599
-1679
-432
6384
8484
-9180
-7748
4369
7893
-2937
3832
6238
232
9509
6672
5525
-7817
4591
3628
1150
-9428
-8248
4429
9621
-6875
-3224
-1825
10000
9760
-8836
-545
-7736
4497
-9334
-5004
-1499
-6778
4133
5613
-9701
-6800
-4849
7956
-343
3461
-4459
4043
7375
5788
-8185
4383
-8103
9185
230
6808
2091
5656
-1084
8030
-9076
8299
-4376
-1745
819
-4323
-6582
796
-3867
2817
-2442
2407
4890
-8394
-5147
1859
-92
-4636
1805
8402
2641
-4473
-9001
1226
8865
1391
-8650
8169
-5739
-1345
-4552
8740
1719
9289
-9263
9444
4695
3495
-100
-2927
-2525
6364
-2494
6937
3416
-6948
-7581
-3815
2851
631
-8412
-2942
2161
-8536
9329
5374
-1298
1519
476
3118
-8653
3012
-7804
-9652
-5578
-1558
-6718
-5330
-7838
-6169
3921
7110
6316
500
-740
-9711
-682
-5967
-7020
-1621
-8047
5774
-4394
983
8304
6880
-8343
2257
-3536
1071
-6441
3983
5694
2125
3529
4891
-7650
2058
9891
3018
-6364
2261
-6985
-2773
6633
7570
-6355
3123
3648
5448
3418
-8007
257
-7563
8458
4146
9545
5751
4810
3624
-957
524
-9420
7832
250
3378
-9872
2889
-7638
-8047
-1137
-92
-3545
3005
-9741
2986
9054
-8047
-9347
7888
-6555
6038
-9908
2085
-2
-7093
1583
-8117
-7825
5397
4289
3839
-6572
9550
-1996
27
-1880
3065
4371
899
7110
-3726
1371
-6209
9502
1085
6502
7604
9450
618
405
7671
9225
-5826
9294
-6603
555
7393
7178
4007
-9420
-8048
-3025
8300
6078
7142
9807
7888
9631
7261
7708
8008
-5083
6389
-8003
-9587
7231
-9326
-8588
-4722
3457
9900
9572
-1478
-9806
-4898
5369
4521
2115
-9778
-2636
5656
3972
-7753
-479
6241
1209
-8242
-6260
-7513
6666
6274
-1250
-5147
1181
8079
893
3560
-4646
-8579
5330
8542
1498
9324
-4378
-1310
-174
-9265
1017
-236
-7797
-5188
-3902
-8142
509
2540
4344
-6894
-8862
5331
-9833
-4586
6425
7828
2650
-4938
-5665
-1456
8476
-2646
-7374
-5482
-4091
-7928
1587
-5050
754
2466
6532
-8474
-8915
7305
-7354
5694
1072
-6191
121
-2003
7561
-2964
-4310
4182
-1066
7984
7671
-5314
-6965
-9388
4627
-3871
9797
9975
4094
7764
1396
-3273
3207
3760
6433
9172
-5504
-2950
41
9238
6192
2578
8941
2053
-1910
9007
-570
-9095
6235
1035
-1266
3693
2666
7101
477
-4970
-9392
3250
7390
9443
-7523
6546
8468
19
7071
7250
-7146
-144
2943
6560
3370
-5733
5651
7000
417
-4317
-4700
-3067
8023
-4945
-9032
9939
8238
-7401
-215
551
-1395
5879
-7376
9305
2579
3872
-5614
3564
4222
74
-3566
4672
-3587
1457
-4665
1414
2158
-5842
7633
-9812
7171
2975
-5169
2632
5382
8864
9614
-7857
-4501
6491
8395
9394
2811
-3867
-3567
5299
-2923
5173
2328
3466
-4321
-6330
4767
-578
-181
9644
682
-5448
3096
1339
-3580
3166
-7924
-6191
7520
4262
-6937
4910
-732
231
-4344
-4022
-4853
5418
6892
-2791
8662
1226
-488
-3365
6350
-4099
870
6840
4465
-3644
-4573
9548
-9555
3311
9554
764
-2066
1839
-5301
-2289
-1115
7745
-7314
3980
5972
-4698
456
6710
6959
5800
-5465
-5302
7519
-3712
-1270
4298
2608
-2786
3302
-8314
-7564
6927
-7557
-4700
-6424
9746
-8570
4547
-1372
666
5306
-6034
4407
-5744
-5340
-6918
-330
5565
-5755
3210
8962
-7273
-943
3925
4450
-901
-6873
1051
2213
-7189
131
2265
8840
-4912
-1284
8376
3702
4383
-2937
3397
2989
773
732
-3048
7342
-6094
-6333
3273
-6627
129
-545
7341
9603
-3024
-3322
2207
5594
-1986
-318
-9608
7543
2956
3581
5057
9239
4662
-9230
6719
5661
8381
-9818
7458
5548
3961
6991
-7941
3748
180
4163
8262
8347
1725
-2719
1712
4738
7511
-3314
-7454
4092
-4030
8858
831
-384
27
-4858
-3778
7755
4554
4309
-5398
-3298
1228
7292
9224
5697
-7696
-7806
6361
-1481
1418
-8543
-1589
-9801
-9610
-5103
-3953
-8231
6112
-280
7434
-7063
76
9704
9915
9274
-2899
4378
-3122
3981
1816
7803
1615
7373
-9766
-3605
-5940
-2199
-9432
1211
1697
4544
-7160
-376
-8498
-7923
-3324
4523
86
-5505
-3118
3306
-1258
3689
9050
-9547
5506
-9546
-9112
9577
5839
-1630
-5028
-9802
-7490
-693
7661
-3970
8142
3983
-5384
4201
-8762
-7307
-2100
-3527
-3559
-6036
7574
6796
8257
-7977
-9761
-7133
9937
-4664
6064
-9116
8081
-5319
-9760
-8506
-2679
-3786
6879
9753
9397
1964
-7984
-2947
509
-5745
9512
4091
7878
9780
-2643
-8259
6844
-439
6715
-5138
-7114
2859
-8543
-2821
12
1801
-6532
-6268
-7291
9666
3386
-3173
-5612
-2792
9386
3564
-8331
-5195
-9751
8353
-3939
6297
-4479
-1340
6891
7986
-6862
-3313
-8167
7308
-5740
6912
-8235
-5783
9121
2627
-4952
-6318
7692
-7763
-3033
-7261
8203
1796
-6253
-4622
-3069
-5832
-8369
9249
-9922
5971
-8057
-7402
-1131
-166
9148
-8724
-1175
7082
7717
1214
-7522
-8960
-8268
-2329
4690
-2105
2762
-5728
1062
-3119
-257
4436
7681
4068
865
-3815
8595
8423
4458
-6252
4331
4972
7009
-297
-4311
-9402
4430
-4738
340
-1969
2759
-6518
2533
-391
-5682
-1427
9493
656
2670
5434
2713
7854
-7894
-5425
7344
7329
5225
-7799
2405
-7707
-5448
2159
-6553
-1403
-6152
3808
-1197
5697
2828
-6459
-2039
-6944
-6146
5629
391
6048
1928
1009
-7563
7687
3171
-873
-2456
5709
-620
-1663
-2315
3270
-2854
-1284
1037
-9241
-3201
-6767
2834
9584
6374
-6116
9433
-4895
8444
-1545
-6538
-2702
6747
685
-9356
-2211
-3419
-5770
-7477
9328
-3133
4351
9582
7075
-3617
-1678
1604
-6777
7436
59
3734
-6963
8597
-125
-1374
779
8987
8500
-8174
-184
8663
8141
1653
8204
282
-3670
5977
-1460
-8860
-1511
-2375
-7498
1022
9550
-3635
-6958
3593
3223
-862
-9393
5489
-5194
393
-3475
5205
-8754
-2602
8078
-7291
9778
5522
4750
5022
3879
-2710
1523
1138
1062
-8598
-2678
5878
-482
-5099
-7156
-7347
9343
4057
4282
-1532
5590
3037
9080
-9039
-2577
9546
5831
6804
1743
1676
9119
-1283
8542
-8457
9173
7461
7310
-1968
8149
453
2978
9991
-3663
4395
7659
7765
904
7547
-5583
673
-4865
8193
1280
-975
-7008
-1503
9193
6894
8983
-7081
5431
-2496
5148
3735
7742
305
-1388
9925
1501
-2865
-9401
-4909
5254
112
3400
2077
2764
4835
82
1335
-5541
-950
3085
-7491
2542
8365
8287
-9884
6860
-2248
-8452
-6038
-3875
-6069
-6280
-1363
-593
-8089
7863
-5868
6322
6510
9356
-4876
-8737
-798
1258
-6707
-9536
-3677
-7973
2568
8151
-7970
-184
2955
-6359
2312
-355
1307
-7072
-106
4469
-7511
-138
-7809
9269
-6197
1751
-5404
-9538
9151
-8475
5223
-8614
-3567
3352
-1901
3529
3112
-1627
7378
4302
-766
4004
-8432
-7619
1138
-6174
224
-6329
8397
-114
-7953
587
-2284
7760
-5125
-7035
4352
9153
-3665
2646
-7348
-7218
-7116
-813
-9234
-3975
-3045
-570
3262
-3102
-525
-6773
5689
5427
-790
1545
-5153
-2446
3698
8323
-9866
-4885
-9782
-7627
8448
8998
9408
-3049
-760
-6461
4300
-2698
4603
-2754
4794
4501
6048
-182
-2639
9567
-1453
4400
-2083
4968
-3997
1860
-7814
9554
-3358
-561
-9168
-4752
-4965
4392
5808
7941
-8811
-7101
-7911
-9348
1835
672
6883
-2460
8716
1741
9478
-8305
4313
-4763
-4670
-8954
3898
8212
51
-9501
-9970
784
2171
856
8750
2574
-9475
-3529
-8788
6113
-2401
8946
-5355
-5118
4003
-713
-1107
709
3734
-6182
-2066
6284
-6935
-2627
-6411
-5340
205
-6204
204
2916
-1516
6835
-2112
-3954
1364
4980
9497
-4998
-9586
-8927
-6417
-994
1852
-4484
-2178
864
-9772
-6740
4832
5585
-7290
-392
7982
-8147
-5143
-347
-20
8941
7509
4917
-6073
-5513
-2803
-1838
9576
-9733
5784
6170
-6435
-9399
-1399
-5342
-7444
4580
8121
-8188
518
8059
-9729
9403
-2632
9149
8580
1513
-7494
6101
9023
-7159
-6918
2339
-8797
-3160
-8859
1410
107
-4586
-3005
3805
4929
-9251
64
3374
-7837
-9676
-1288
4237
9588
-3770
8932
-2990
-397
-6246
-642
7092
8153
-4345
4500
-758
581
-1151
-6154
-1892
-8281
399
-1713
-7153
5730
-4408
5611
-9357
-4986
7746
2165
9906
-4670
-6860
-8114
3062
-544
-7288
5056
5194
131
7948
-4776
3635
7868
-326
-5401
-1635
5389
-725
-7709
-664
61
-4147
9503
8494
-6986
-6299
2729
-5334
-4672
-4745
7452
7452
-952
5199
-6746
7250
9693
1708
5088
-6362
-9720
-163
932
2845
6307
-5447
703
-7529
-1054
-1038
2680
-2399
7459
9379
-8761
5924
-8312
233
-5345
-3293
-4769
1463
5704
-3330
5101
-7723
-484
4466
349
-9045
9874
6855
3003
4060
-5064
1502
9278
5867
-8278
8157
-8139
-1973
-9052
-4983
-3337
675
966
-776
-9464
8811
9062
7752
5694
6468
-8637
5212
-5831
-8432
6012
7540
-9885
-8748
-162
9861
4398
67
9989
6487
-1491
-5867
5164
-658
4641
1773
1858
-4509
-1670
-4093
3707
-2462
-3495
-2007
8069
3968
5297
-2528
-9478
814
3360
-8896
-1692
2008
2531
13
-4412
7283
-9988
-3382
-8715
6565
-5976
5107
-6746
-7382
5395
9544
5498
6410
574
3037
-2914
8094
3339
8801
-8503
1505
1269
-9630
8613
-4987
7675
-3147
4259
-6623
-6033
7843
6864
9670
9363
6679
2932
5784
-6954
-3064
1459
-3884
7544
-320
-199
-7081
1350
6830
2471
-6383
-5485
1006
-6642
1013
-8582
2861
-8823
5477
-6297
-3332
-5130
5972
4847
-8960
2165
8614
9140
8329
-6939
8128
2169
-8645
-6357
-1345
9900
-9617
975
-3893
8524
9016
-8497
-6807
-3776
-2588
-3443
7509
7397
-1340
878
-5719
-8362
-6945
-3721
-336
-6147
-2605
-7915
-3488
8519
-3784
-4242
-8344
5466
-369
-5623
8273
-5937
7714
-5448
3629
-3783
-5168
4438
-2544
-7932
540
9007
-6309
-9480
3806
-2533
-4372
-4965
-5678
5615
-5527
9008
3161
-163
-6611
-7074
5298
-2597
9020
-8410
-2792
-398
717
759
4353
-4085
-7793
497
3010
6872
107
-1260
-6869
2213
4835
-7530
1482
5315
5524
9739
-718
1020
3454
4212
-2933
9028
-8676
-1530
-6924
530
-8168
4990
-4905
7888
6203
-4681
6225
6582
-9927
-1447
4492
8661
-3084
-367
4945
1398
-479
8406
6639
6922
-3014
6226
7814
-7543
528
3160
5033
4360
-1785
6804
5238
6541
2130
-2944
-8686
-9984
-4269
4025
8285
6887
-7599
-3350
-8882
8744
8843
9475
-241
7901
1227
6052
7812
566
-228
6040
9507
2995
2466
5250
563
7409
8286
1531
4553
962
5444
4160
0
-8534
-3223
-8682
8581
6
-7985
-641
3611
9000
1592
-5097
-1713
2270
-4018
6126
1799
8347
-2822
-3609
4857
-7955
-8318
5943
3605
-8112
845
-5664
-7542
-5274
-3171
9496
8150
537
4482
3903
3669
-9218
-1775
395
3655
6381
-9316
-2918
1263
6531
-1361
-8508
-7940
-6808
-4554
-8211
-4877
5249
-5084
-4382
-5655
7884
4663
-1865
-1500
-1972
-2271
-1183
4962
8067
5739
1974
8962
8941
-8758
-7297
-1598
-9544
2520
-7204
-9737
6669
2569
9416
8206
3278
8706
-9726
-321
-7655
8637
4414
-763
-806
-7745
5164
5322
6310
-341
1611
5350
-7673
8624
-7515
-3115
-7184
-3121
-8990
-6664
-336
2718
-4789
-7609
9449
-882
4716
1264
-5462
8239
2058
-4084
9163
6184
-2861
-1336
5429
-2087
184
4982
-85
-4648
3574
2189
-1771
-9597
-5926
5710
7389
-3561
2503
-6510
2489
-4394
-1853
-5107
8377
7938
1253
-6375
-6640
-3341
2655
-5088
8776
-8790
-4820
-9323
-2528
2608
-1040
-3241
4252
-4080
-6505
-1225
-7598
5773
-185
5803
-4359
510
1512
-7809
8070
971
-1586
-9458
-5601
566
5910
8278
1951
-9209
-6053
-5093
-2325
-3711
866
7531
-8665
6404
-9962
-6488
-2026
3998
1555
7253
-2280
-5994
-9689
-5265
-852
4703
5163
9188
-2002
-6147
-4455
-7407
3251
-4588
-3968
-4234
4920
-2540
3340
-2835
1687
7784
7429
696
-8260
6387
-936
-8160
-2596
2302
-572
8821
3678
6230
-2367
-7499
-2769
3919
-7237
9854
-4507
9200
6150
7842
6275
721
-442
7815
4497
-230
4594
-4097
3816
-7206
-4105
-451
-9915
-6033
-1590
-2481
-5083
8735
5990
2004
8595
8861
72
4728
-1218
-8974
-269
6611
-2938
-4081
-285
-3895
4605
-5392
-4271
-9876
7548
-5762
-864
-7833
-3325
-8714
6871
2705
-104
6833
1804
6978
-7711
4160
7949
808
5204
5873
-834
406
-9275
9411
-4739
7875
-2181
5825
-9129
-2731
7294
-5561
-6232
4108
-5648
-5607
9113
-7696
4678
3277
-6658
-6084
-750
-994
2900
6505
1449
-2309
-9684
-571
2117
-2211
2457
-5504
-4150
4859
5500
1327
-11
-5098
7327
3531
7144
-8359
-5402
-3946
2943
-4951
7643
8819
4359
-9062
3527
2045
9405
-9624
806
4185
-5851
4415
-4282
146
-2893
-6903
1904
-8026
-182
-2394
-7418
-497
3557
1676
50
-2143
1192
9435
7759
-2744
530
3787
-8592
1800
5726
6810
-4667
-2216
2006
7812
2946
5856
-3376
6186
-414
4597
-3206
3058
-9014
-1204
-9202
-8593
-3809
-5228
-5373
4038
9871
-2845
635
9770
-8395
-914
-2848
4705
6391
-5564
5159
-773
8825
8814
5210
3527
-9647
4309
4386
-7844
-6032
1089
5878
-2336
8704
-8161
-8649
-4352
-8587
-214
8135
9085
-1169
1043
-7966
4633
-1610
1150
-8213
-3783
-5472
-1996
3738
-6057
20
-6256
6613
-4514
-1844
-4337
-6944
-5988
-4250
8451
-3532
4509
1648
-4865
-4270
3158
79
-3004
-668
8037
731
5502
3619
-4144
2788
-4951
-2851
-3190
-2922
-3715
3342
-7415
-1517
6278
-817
-7878
-8709
259
6303
6702
-9259
-7901
-4710
-3688
-9701
-1918
-7973
-2799
-5954
-3717
-5990
3059
-170
-1141
6067
-3480
38
300
-2971
7491
-1228
-721
9595
2411
-5793
4851
-8122
1087
-5926
-9308
-5870
8609
-6357
8946
1380
-6126
-2665
9443
2824
-3423
-9955
-4892
-3558
260
9855
4366
979
-3121
-3482
4872
4548
-8194
-1405
-8946
-1961
9670
-5134
-514
7336
9783
-2251
-5171
-8195
5623
-2423
4948
1516
2683
-8187
975
655
-1727
6512
3229
4594
8841
-8320
105
1986
2380
-2324
4347
985
6184
4428
-4466
3636
6091
4469
-5768
-9924
2774
1433
-9080
3022
-2852
-4326
-6443
-1470
4684
8567
2550
1005
436
-9853
6372
-7008
-8300
-3828
4746
-38
-9597
993
2194
-6549
7980
9091
-5889
-7124
-4283
3548
939
-7242
-436
174
8424
5993
7997
4006
-341
-4324
-2203
5425
1767
-3560
-4578
2465
1251
-9004
-406
-6877
3022
-3102
2831
-777
-7151
-9064
820
-9344
2700
6152
-5622
4532
-992
-2296
2565
-4043
8109
4179
-4573
-1303
-6800
9904
1520
-7551
-9632
-6353
9107
-2014
1579
7536
-1710
9169
610
-8504
6818
-6327
-4222
-8414
7185
1899
5525
-6251
4809
-431
5149
4213
-5264
2666
-1762
1929
9303
-5971
2502
7712
-4230
-3779
1035
-3818
6769
-1362
-7578
-5713
-8164
-7958
-7506
7537
-9521
9845
157
-6555
6517
-2283
-6811
-9330
4981
-3232
2759
8952
-7312
1981
5962
3948
6913
-6230
-2197
-5848
5996
8065
-487
1488
-4840
3076
9455
4462
-664
-9073
-7272
-2653
1695
-9804
6505
-5996
-86
8328
4562
-7212
7083
9366
-4640
-8268
-6072
6182
5309
-1055
-1474
6196
-2137
-5603
-1727
9083
1739
-5087
-9053
3592
-429
1212
3388
-6587
-5031
2046
-1389
916
-3731
3011
6281
-7969
7866
6133
-8734
34
3822
-6194
-341
-4656
1461
4456
4517
527
-9866
-8918
-2161
-1809
-2044
7347
-4943
478
1730
91
-3649
-5550
3094
-9512
-5352
-1443
-4023
-7413
-6472
-9850
6895
6764
-5550
-8489
6859
3742
-1456
-8966
7032
7243
-3918
8250
2761
-3719
-8616
-9
7614
3003
-6486
5773
8958
5238
8252
4271
-277
3598
-7722
-5788
524
-6161
-4485
6981
-2848
-7612
-3405
-1576
1780
6712
7113
-1472
8631
3641
1885
9240
-7496
-3598
6104
-5878
-6999
-2774
390
9949
-7714
4082
-666
6631
325
-4745
2357
4288
7844
-3961
8296
122
-396
7194
7911
5540
-8941
2178
-7953
8396
5922
-8575
-9918
-7205
-5765
6352
4258
-5326
-5069
8946
-1455
4295
5210
-5732
6083
2506
-1809
7425
9856
8439
4281
-4204
-4877
-1206
-1450
3193
2335
6390
-591
5223
-3143
8236
-8033
2229
-1659
-3369
5277
942
2855
9871
-8542
-9805
-2949
6610
-5293
-8954
-5183
4580
4279
-5529
122
7436
7337
-7295
-3971
-4473
-3852
-7203
-5542
4417
5685
4389
-9485
-2965
-4223
-1262
5226
-1134
-4828
-6276
-9272
-3191
-4973
5987
-4317
-7661
-7483
-249
6097
5418
-7686
-6872
-9386
7736
-1856
-4939
8603
-8613
6059
-223
3387
1572
8879
8328
975
7281
7013
7698
-3851
-181
-5082
7837
6461
-2815
-8770
-9740
6710
3131
6415
-5830
6713
-3913
-4102
-9423
4332
4473
9849
3526
6834
3700
-1773
-5078
7263
699
-8999
6781
5845
-4092
1247
9277
1935
-4357
-4704
-3074
-7393
8556
-8283
-2232
7698
5793
2213
-3871
3755
-4650
-6746
7640
1411
7322
-441
9441
489
4649
-3691
4696
3601
-2765
-4652
-3117
-3887
-9848
1820
-551
6025
604
-7761
8902
-7360
1128
-2957
4320
9468
-6784
8844
-3423
-47
1662
-5914
-1610
8196
247
-5991
-2231
-1221
2848
-351
2553
9951
-5938
2800
-9037
-9915
3120
-5636
-5578
-7860
3818
9492
-2984
-2703
1088
1652
1250
9813
-656
7902
2426
2788
4766
2328
-1068
-9422
5917
-7185
-3887
-8498
-2536
1892
-7800
7948
9796
6832
-7821
-3436
3376
-483
7025
-4602
-3017
8248
9071
815
3821
-1782
6935
-2690
-7357
-7116
-7118
-7093
-8890
-9515
-3307
7012
4133
-1123
-2299
3928
-7388
-882
-1211
7314
-3318
-4846
-5735
4625
-4996
-3519
6240
5631
6178
5110
4604
4864
8246
-8404
3327
7657
-966
-1948
-5079
133
8795
-5260
3705
-4496
6843
-7156
6613
1723
6360
6829
-1094
4913
7245
5817
6397
-9868
-6380
-274
-5194
7983
8756
-9175
-2165
-9726
-5770
6934
2658
571
-8440
5598
4669
-8689
-3943
-2377
-1737
-5314
4777
2475
7117
7728
-4144
-9553
629
-9436
755
-7995
-9438
-5729
6602
3248
5056
1483
-2209
-6613
8080
6424
7183
-4625
-4007
3190
-4704
-1599
7943
154
2589
-5968
3001
2155
4662
-3840
4311
1082
-9909
-1265
6035
-602
-1097
-3471
8011
-9178
-8476
-3675
3175
-6455
-2944
-9465
821
9325
-9087
1625
-7225
8609
1320
-749
-1567
-9562
-7818
-4287
8711
-9076
8789
-3649
2740
1684
5777
4075
-2501
6901
-9005
3457
-4857
9407
7974
-8741
-6521
7497
-3751
671
2974
3244
3143
-4152
-2584
-7773
-2146
-2332
6671
3480
1599
8896
7067
-536
-1453
-374
-3874
3351
9431
375
7925
1090
-7139
-6311
1589
-5210
-3434
5169
1514
-1758
8627
1343
-8801
2877
1984
-984
6081
-945
7270
641
-913
-1769
6535
-2183
4144
8810
-9390
-9563
-4474
-5006
-6603
1151
-1680
1136
-5359
-3187
-2713
-4601
1324
-5943
-8567
-4900
-2733
-1215
-2176
-983
-1442
2281
-1470
2434
-1138
8376
-803
6349
8646
3456
-3323
-8213
-6145
-9016
6287
1185
-5594
6437
-7951
6150
-8925
-5208
-3578
-9644
4346
-6480
-6223
4104
-7516
-5019
-395
-8232
-9409
1228
-3418
5534
3642
7970
-4826
-4726
-8463
-5582
8402
9901
5804
4369
-2550
1399
6429
-4788
5764
5776
-8661
-6187
-381
8455
9413
-8674
8534
-1602
6590
-3377
5381
6375
-164
4484
2249
5717
-9733
7960
-7154
-1117
-7398
4041
1219
2750
3980
7254
8849
-4590
9838
-5236
-9255
2639
2740
2694
-8348
8841
2709
7128
183
9770
680
-235
1519
9082
-7071
6298
-1137
-4927
8333
-5441
-9816
3279
-6194
8167
6546
-2039
2277
4583
-1597
1819
1912
7817
-3158
-5537
2055
-5873
-5453
5240
-1429
802
-7516
-5098
3952
37
4413
-9826
4586
8728
-7196
-1687
2028
-8180
-5354
-7420
9394
-4623
-522
734
-1605
9794
-7826
-8762
7623
772
-53
9241
9740
-7866
6417
5976
5897
-9157
-3792
1850
6208
-4814
3007
729
6028
4508
1588
9677
5588
-6206
5420
1304
7421
4230
-7387
1758
8389
-204
9255
9620
-1
4393
-3297
8084
-6178
7011
-6750
2489
693
-7970
-1072
7445
9171
8235
-7912
-9561
-4857
-5068
-964
9825
-9419
9927
8629
-192
-7005
-1030
-5656
3997
-9993
-7836
4548
9605
8689
9966
-4701
-8790
-9040
1606
3468
9649
4823
618
-7116
4781
5133
-4764
-9907
-9066
-7448
1640
-9696
4830
962
-954
8398
6067
-9077
-635
-3020
-3855
2660
6899
1508
-2273
9047
729
8180
-3874
9114
7458
-7599
6842
-7804
-1017
2974
2229
238
8629
5356
-2364
6783
1541
-4811
5106
5401
-2148
6156
-7774
-7035
-6375
-1021
-7502
-6846
-6834
-3311
340
-7829
9855
-496
-1907
-2640
9189
-3826
9298
9324
4439
1511
452
2691
-4489
5570
-953
3615
4795
-9281
-1795
-3829
-7903
-4858
5758
3049
5511
-614
4074
8374
3813
-5975
-7952
9107
3133
5127
311
4817
-3908
5606
-5572
-6208
-5780
-6164
-6020
-5744
-2216
-521
-1798
8347
4236
7798
-9091
5188
9407
-2772
3521
3267
-1453
4936
-7576
663
-8767
361
7748
1402
-2617
-1981
6023
9288
-4555
-3638
9995
-7200
5204
2927
1716
7416
-1335
-5631
598
4694
-779
2601
-2655
2895
9059
-9652
8241
-4056
9309
-5885
6484
-3774
6474
9629
-3247
9922
1087
-7637
-7544
-9370
1209
8991
-5385
6015
-1213
4074
1920
-17
-2587
-8636
-345
4438
-2628
243
-2805
-1181
3435
-6227
-8419
-5151
-6428
3827
2173
3607
-5172
-9016
-3549
4635
-7505
5739
-761
-582
-8295
8973
-4692
-7146
-7250
4436
-6500
-9428
-7069
3052
895
-7698
-8354
3191
6811
-6254
-1060
-5829
8662
9720
-2586
1757
5321
3891
-8375
4793
2379
4173
3389
-4986
-8231
3820
3283
927
9380
-628
7732
3677
2443
-3930
-6853
-6048
1881
9876
2966
-9578
-653
-8686
2162
991
-1240
8358
8041
7895
-9229
5127
2119
-2551
3469
5447
4397
1781
-3542
-1891
-9522
9251
-4439
39
4811
7795
-7563
-9098
-3811
5076
4471
-1509
-4212
-6215
2930
4421
-3696
-3493
-6381
4039
8586
643
1097
4049
9344
-3161
8205
-7167
-1556
2737
-1008
6627
-4466
-5696
832
-5532
-871
-9775
-4917
5723
8357
-154
5604
5765
-6365
1634
8129
8009
6472
-6990
-5219
-9050
-4304
2584
-2916
3001
-2928
-1003
-6399
-4563
2783
6343
13
-4844
5940
-8078
-6331
-4261
-2953
-1604
-3635
5455
-8245
-4716
8361
2574
-4774
-368
-8095
-454
3838
-6171
-3579
481
8880
-151
-3638
-7257
-5232
-7070
-2503
-8997
-1515
7467
7259
-5108
8771
3834
84
3432
8331
-4507
3025
-4007
-6948
-6990
5163
6758
6222
8092
-8664
8857
118
1767
8273
-4676
-6880
5013
-6375
4405
-1033
5435
-7690
7531
-5756
1143
-4145
9046
-6875
3029
-2443
-3974
-3748
8162
2143
-2674
9274
-6160
248
8591
-9815
-2520
896
6396
4864
-4868
9487
-290
1644
6873
-1545
-4170
2543
-5199
5606
6590
-2601
-8741
7208
-2843
6621
-6840
4752
4030
3276
3793
2706
5752
270
1560
2265
-1507
-8305
3066
8209
-4167
-9078
-6531
2754
-5823
-7889
3485
9741
3157
8358
5296
3183
-3069
-9235
2098
-1164
5065
977
-6826
-4886
-3163
1736
-8748
4708
7663
-6558
647
-2581
-4528
-498
992
2556
9779
988
7514
5521
2342
-524
6488
6978
-7700
6648
4501
-6953
8944
-628
-6165
1411
-7279
-7631
7749
3090
-9561
-2630
8130
-9042
6496
8278
4417
-8358
7828
2243
7552
8578
-1153
8922
7546
6209
3083
-5207
-4405
-5768
-1602
67
9091
6529
-7363
8216
-2047
-8135
-7108
-1575
-9915
9646
-9263
-1830
8751
-1727
5569
-1004
-6855
1102
-4259
1424
-6071
5623
9009
-7304
-3174
3411
8455
3797
-9865
-5523
9921
1859
2551
1714
9551
8833
3837
-9951
-4887
4044
9936
-7063
2508
6776
-7274
2949
9908
4205
9339
2646
121
-9956
1502
2289
2883
-2500
-3691
7970
-7109
-8449
8491
6458
8099
944
-1858
2600
6619
4664
-8604
7509
7224
-5749
3365
6630
8779
-8848
-9282
9659
4765
5036
-8460
5809
-5171
-316
7382
-927
7357
-8309
4052
1970
6205
-6699
-9942
9722
1977
-729
-3389
9738
6138
-826
8872
6704
6019
8886
-2441
-9292
9746
-3284
9029
5090
-9483
-8087
335
-2786
-2915
-7353
-3816
607
9493
5871
6813
8592
1102
-2876
9360
7416
-3236
-2225
4458
-729
5824
-1471
9085
-8050
-5144
-7754
-6300
2535
9645
880
-9159
-7856
6337
-4925
-3033
5195
1578
6588
-8059
-5848
3922
6491
8112
6447
-2439
4298
-2412
-7333
6745
-5694
833
-2852
368
1284
-2422
2535
-5729
-2213
-141
-1415
-9634
-3148
2350
5082
9642
6404
-4238
4186
7726
994
3785
9763
4154
-2638
-6857
-1342
9377
-2179
2228
-6667
-5492
2168
5940
405
3481
-7879
-2954
-7235
8760
9023
7516
-5674
-606
-7692
8380
-2768
-391
6604
480
-9731
9106
7575
-1975
9804
-5210
1677
-3249
4996
-8518
7395
-9932
-5808
-3571
-9296
511
9212
7032
-332
-5400
1021
-7875
1005
-1856
-945
-5229
-5929
-9406
3226
-7440
-8040
3521
-4545
-5068
-8093
6938
1631
-8384
8283
3981
3062
-1916
4861
644
1110
9884
-4782
-7762
6503
2327
7581
-4065
-7084
1895
-2092
-1018
-9302
-2005
-9099
8122
-9018
8696
-4974
-9848
5396
-1830
-6535
-4268
-1703
-7446
5257
8108
8897
1115
-2833
-1139
7144
4578
635
-862
9940
1018
4370
3154
-3725
8493
-7092
7611
759
-47
-7025
8219
7916
-4893
-9089
3494
9033
5572
4413
-3702
883
6084
8287
-6308
-1928
-4998
1390
4827
3367
3454
-6727
4862
-5957
299
-1230
-4425
-3601
7128
3338
2892
-2039
-5807
980
9184
-2397
6625
-221
-4521
-3558
8014
4318
4295
5870
9621
-6879
6534
-8792
-2732
8962
5573
5471
-3833
4050
4995
-7397
-6463
8307
4375
-3215
-213
7141
8750
-8848
-9089
-4485
7758
-4901
3193
208
7375
-1226
-7781
-7605
-9124
-5588
3947
-8842
2852
8334
7843
8867
5571
-9634
8971
5209
588
8335
1987
-9337
-7261
-3649
9447
-9857
3734
-6331
5985
-4365
1731
5195
819
7104
4426
-8092
-6119
-7409
5293
6110
-1331
-1782
-2196
6850
-6798
-742
-2170
-2185
-4272
667
-8277
-4217
-863
537
9300
-1393
-5068
5380
-4327
-4513
-1574
8142
-8172
3030
9603
-5276
16
4796
1762
-8971
-5492
-9031
-333
-8732
-7010
-510
-9968
4455
-2752
-1172
6530
-9875
4723
662
633
-4633
-6883
8531
690
9497
-7059
4221
-5937
912
901
-3808
250
8388
1739
-9595
1980
-6587
2804
3002
6652
9051
-4350
-7421
8640
-3891
141
7925
-3125
5377
-3486
6864
5391
-9170
1496
5386
5659
7266
-9584
-612
4192
7529
9386
-3319
2618
3109
2132
2924
-3700
-9558
-4100
8493
5386
-9962
-2844
-5300
-755
-2606
1712
4929
-7761
-7989
4597
2217
4920
6512
81
4660
-3132
4281
6245
-277
-6231
5650
-5908
-7249
-1758
-6378
-8953
2186
3392
-1128
-7923
-7329
3095
1698
6864
-6231
8569
5025
6962
-3306
-7130
1997
-5905
9548
2977
-2269
-4931
6924
-4315
1184
1443
-754
-4038
-543
-960
-5117
-9153
8829
-685
7509
-5905
292
81
6960
6674
8172
-9601
-3384
-2596
4040
9120
-3203
-8470
-9524
6252
-8651
3303
1424
4628
601
-2294
-9600
-8001
-8018
1181
-1874
146
6015
-4559
-1541
-4306
-596
-7761
7743
-9220
6518
-5800
1887
-4664
6786
2006
8768
3008
-5009
-4330
8025
3978
6034
-5319
-4614
-2435
-735
2462
-4277
-5196
7040
-9606
1584
2205
-2020
34
8990
7256
1188
-9112
8778
-5901
-1795
5243
-2981
7853
-32
95
-8634
-5662
5563
-1193
-7331
-5912
-7013
-2328
-4059
-2705
3021
-2192
-4739
7876
-7865
3056
-155
9138
3817
1200
-6677
6166
-1828
-7392
8436
2019
-1247
5269
-8030
-2287
-1000
-9777
-7792
-6606
5110
8208
9988
8321
-7285
8322
9797
-4610
2636
-9703
5716
-4074
8804
2771
-8977
-4173
1555
-7212
-7845
-5418
-356
-7061
-900
8411
-9281
3567
-5371
3191
529
1419
-7019
3717
-7010
8409
5890
-3188
1033
9661
-9643
9129
5868
3029
-3225
1785
-4176
9478
-609
6646
-5689
-2120
3737
-5474
-9631
4675
-4851
1689
-8068
-5623
-4605
5259
1077
7427
-6510
7503
9077
5874
2820
-8379
-6742
-7510
8660
5655
-5022
9360
-7784
-7993
8554
6551
5165
566
4559
3687
-1880
2918
-3197
-5345
389
3453
-7680
-772
-3911
4889
1693
-3059
-7090
-9861
4830
-3211
-2429
-9011
-7216
8615
-3364
3777
-3484
6905
7474
9834
-9751
-1457
-3293
4015
2766
4764
2208
-7626
-2222
-1371
-5135
-3328
-5067
-3422
-3990
-7988
-5988
-1056
-2634
-8559
7431
-984
-6446
8302
3048
1902
-4315
4066
1962
2807
403
-3895
50
-8807
7750
5006
-5921
2800
-6539
-1656
-2080
-6230
-9684
4691
-4867
-5063
2530
-6141
9935
4337
9487
7815
9616
-287
-1630
3317
-7015
-1984
-6458
-9323
-5911
-6096
6544
6774
-9350
5140
3131
5475
8060
8062
-66
6683
-9486
-9433
2910
1133
2679
8568
-6629
-3355
-5510
1974
-9275
19
6180
1365
960
987
-3601
5463
8161
-8407
8172
7790
-2434
-9169
1885
-8042
-7758
-1972
-2706
-7399
2963
-393
-6336
-5924
-3903
3623
3864
-2148
-3088
-3119
-2242
-5868
9441
6926
7373
4035
-1063
-2872
-3951
7054
7310
-2618
-6891
8972
4624
-7222
8312
4991
8360
5476
-9783
8681
-5176
-5432
-1978
-3554
8541
-3139
-3714
1180
6467
8528
7754
-6724
3523
1753
6064
-5249
-3148
4250
-6763
-5507
3429
-1681
-3280
6736
6149
-765
9297
-8692
-1705
-4659
-6432
-5441
-965
-49
-275
5539
958
-5558
1429
7444
-2565
-6749
-8891
-398
-9030
-8142
6347
1019
-8341
-1215
-9606
4611
-744
8082
-9504
-4786
5733
-3744
2064
8421
-8816
9176
-3413
7812
9303
-3313
222
9329
7757
-7398
-9044
5014
9879
-9718
9596
-9464
9474
3972
5086
-3239
5224
4603
-1410
365
-1774
-5801
3049
7496
4805
-708
8653
-3072
4160
-105
-152
-9278
-2296
-5555
3128
-2244
-3353
178
6946
9517
4029
1068
-8290
-9233
8357
9064
-7731
3062
5037
7891
4250
1635
-2182
6809
9208
1816
8562
1485
-2393
-4180
9906
-5108
-6086
3733
-2320
9714
-8560
-1704
6050
-9790
5066
6921
5035
9022
7326
-4658
91
-8609
-4852
-9991
5799
8157
5943
-2091
-8505
-9423
565
2783
4921
2479
7688
5500
1189
-6036
-7745
7794
-5686
-1903
2546
-5642
-5256
3515
3210
-3176
7832
8982
-9925
-77
4874
903
-5094
-5153
9448
3947
-3788
-3924
5547
-9126
5076
-5840
-8001
-7686
5973
-4785
-1442
-5651
4637
6218
-503
-4514
5064
790
-1262
-1355
-2313
1813
4183
-4455
9202
6914
-1206
931
-6013
9140
-8783
3405
1123
-4302
8923
7883
2845
910
-557
1443
3052
9224
4509
-729
5646
559
3964
6197
-6310
6811
1273
6279
-2282
2344
-794
9993
-799
-8360
9706
-2120
-9694
-5456
-7880
3155
307
7410
-5298
-6140
4640
617
8928
-4727
7252
-6050
106
9839
-3396
-6553
-6924
5919
-2644
-7592
-4306
2859
2781
-8616
-7503
2051
6805
-4005
7662
-232
-8197
7550
-3132
1092
-7558
-4746
3439
-6140
7247
-2529
-9484
4648
-2401
-9981
5534
7248
-2666
8759
-2369
7825
1812
-7354
-6665
-2349
1239
-98
9793
-3243
-3084
4824
5874
8109
481
1188
-5790
-1802
-2087
-9854
7764
-3212
907
1922
-3209
6379
7259
-7793
-6507
545
7967
3637
3645
-7425
6578
6319
7358
-1220
-1198
-7691
-4080
-1227
872
7902
7051
-1390
1698
-4114
968
6034
-8767
-4228
-8313
-2476
-2589
-3767
9266
6164
8612
-505
7410
-9686
723
6104
1560
4907
-5579
-1137
701
-2514
8923
8653
-4839
19
-9443
416
-4160
-3748
9027
8399
154
6773
9253
1774
1529
557
-1594
-964
5164
2683
4566
-7806
7505
4844
-686
-7187
56
-8715
-1775
4298
1371
1512
-766
3432
-3381
-5967
4199
-6300
2233
4738
1165
7976
9857
-5434
4192
-1616
4177
-9226
-6386
3552
6095
790
-107
1234
-1429
6209
6638
3616
130
-9663
2627
-7503
-6286
386
-5304
-7101
-7964
-2007
9245
-6194
-7088
265
-7535
8453
-3637
-3704
7000
9807
-4837
7190
-9508
-1422
-8320
-163
7711
-6292
-7617
8406
-418
-8868
-2433
-2690
3244
5447
6616
-6239
-1743
-1626
-5521
9075
5907
-3749
6905
6680
-5620
4389
-1616
-2578
-3688
-7709
-3647
-1473
-2619
-1162
4012
6811
4193
-1672
-583
8773
-5290
-8693
-4800
-7314
-5234
-5426
4037
-5299
-8898
6503
-4757
-4725
-7652
8340
-3258
7707
8752
3052
-5073
432
-2067
3800
9013
4335
-163
-7343
522
3772
-5969
-7248
-5208
4632
-1602
-9148
-9181
-805
-8065
-3501
6912
889
7572
-5682
-1989
4077
4740
6447
-5416
1385
8034
-42
-8811
5225
-8224
-4862
-5871
6934
6531
461
2695
7311
-7737
2520
4434
4108
-9998
171
7147
-2727
-5720
-7551
-8266
7101
5008
-3530
-9790
7118
8782
8540
-9069
-3204
-437
2052
-9422
7341
4786
1086
-5175
-1249
-2523
3590
-6599
260
-9240
2261
4751
5055
-801
7716
1016
1226
1026
4057
2836
26
3256
-5425
547
6807
5061
4137
7146
6864
3100
-3163
-569
-9674
6763
-2372
-4663
4773
1415
4914
2556
1856
5130
5782
-1285
1944
4629
343
-8599
1738
-9547
6381
3842
8696
-5665
-2946
-8111
3889
-3806
-414
-6734
-4057
4136
8386
-5385
459
-5814
7395
4614
1330
2445
426
464
3534
-9243
-4735
2521
2414
6509
9588
7628
4116
2122
-2321
6613
2290
5567
-6808
-3560
-4082
2974
-3265
2683
-7278
-9795
6441
-433
1206
-1120
-7974
-1042
-9489
2695
-5251
4007
1150
8787
-18
8838
-2580
9169
9093
-5325
760
3039
5310
4125
-7140
-7439
9657
9680
3127
8168
6460
-9809
4942
-2212
-3958
-6127
452
-5599
-6720
-6964
8692
-7293
398
4643
8837
-3060
6350
-8259
4667
-4926
4910
-6618
3025
-8472
8163
-7973
-6252
8858
-2199
4755
2843
-3602
-7461
3516
8698
6404
4306
-8041
5705
8164
-3936
-1358
-3776
908
4720
8541
-9610
-6294
4075
-398
-7161
-7091
-2480
4114
2949
-7958
9757
-7652
8464
4345
-4086
-4769
-1999
-9703
-3557
4842
-5736
-773
1670
580
66
6684
7080
4366
-6942
5034
4067
-5260
-4639
3762
-3995
6639
-1119
2206
-6842
7000
-5548
2052
7726
-415
2425
-9100
-9588
-1680
7704
9934
-9229
-2246
3238
5948
3535
1119
6867
9047
20
7262
858
-3234
7200
68
-83
-7441
7637
6877
-2142
-2628
3376
-9067
6342
6551
-577
2236
2276
-8618
4146
4390
6842
5621
811
-9580
-916
1325
-525
9465
6118
-6303
-5346
4241
7048
8274
7564
4864
3018
-5925
4339
-4716
514
-6771
-5485
-6888
-7817
5982
6282
-9957
-6270
-3285
-8129
-6800
5800
6777
-2690
6423
6845
-3617
2141
5021
9171
-2225
8549
7487
3179
2093
-5736
951
-8632
-4188
-4119
-1070
5911
-7626
6387
-2970
6666
2666
-8829
4024
4556
-5490
-5996
1064
-9657
2281
-2483
-5214
-8919
-7656
507
5593
8123
4628
-1613
1130
8019
-6379
436
3178
6428
-2056
-6577
3646
-7453
3702
6985
-6207
9731
-7680
-448
3570
-5629
-9055
-3833
7122
-4821
7680
9003
-1664
1904
6288
-6498
6988
-3900
-9848
-2238
-9285
-589
8995
-1054
-4583
-5162
-9278
-8832
8120
6233
3413
8162
2039
5124
7954
-9257
2805
-6622
8168
-4598
-3648
3516
-2521
5382
9436
-9732
-6640
6918
-6016
6332
-9550
6147
-5608
1487
-8562
2866
9679
-2888
-2214
-9373
9479
7620
-7135
9599
3194
7189
-5998
2307
-9322
-8065
-3316
-3670
-5566
-9091
7700
4657
-8510
4167
-5517
-8936
9264
5379
-8152
-5149
-3849
1628
-5995
5331
9473
8657
-4131
1995
-6689
-2118
-6239
3948
-2933
-9798
8591
-6629
-5379
-9176
-643
-175
-2629
577
5884
-7090
-3181
400
-4727
1897
248
-1644
3657
-8392
8450
2266
5598
8998
9692
3388
259
-5820
-5903
-3787
-2486
-4752
29
-3262
1669
-130
5455
2576
-3918
1941
4055
-27
9888
-5193
-6845
6460
-2176
7702
9079
4924
9763
2982
325
-779
9001
-7205
709
2459
-2929
-3982
8797
-603
5750
9094
280
-961
7199
-2614
7811
-7270
-8482
7286
-4162
5516
6573
4322
-2529
8707
-1931
-6519
-7107
842
-2292
8080
1071
4708
1467
9441
3213
7263
-8299
8188
-8333
8611
5644
-2885
8621
9992
557
4396
5738
-1494
6143
5074
8033
242
2383
-4824
8451
1682
-9964
7941
5819
1888
7896
3958
274
-4715
-556
-4581
-7650
726
4774
1918
7808
-9676
5748
5388
-2422
-6351
2675
3396
-2147
3588
-2453
-2062
4429
1835
-2881
4159
-598
-8907
-8988
7504
2921
6205
-7165
-1711
-830
6180
-5963
1142
7343
-2671
3792
-9083
-3502
-8858
3281
-6867
2125
-3276
-1630
-1363
4734
-6742
2828
-8192
4355
-6621
-6818
-6062
-8488
7513
-2589
211
-41
-2941
-2235
-4515
-1971
-3631
-6535
5453
-1337
-2090
6724
-8906
7926
-9682
3457
-8560
5507
2754
1016
1378
5613
5056
-5315
-642
-1613
3131
-3858
1592
6796
-7632
6917
-5483
7590
7449
1236
-3535
-7381
-7548
4190
-6556
-2923
5410
5739
5316
-9274
-5986
-8978
4712
4315
4045
3759
1173
-835
-6648
-2111
-1298
9857
-2729
3039
-2581
2775
3529
7578
387
6833
8718
-8180
-173
-1298
-3792
9865
1103
-2954
-4447
-7829
1854
-4337
-790
-1200
357
-2789
2086
-6958
-332
-2534
6020
-1330
-8723
7683
5082
-864
5426
3853
-9387
5676
-4252
1469
2624
2383
-8165
-3528
-4644
-4132
-3812
4901
6072
-8643
-5679
-2172
-8163
-6567
-4918
-1840
3231
5148
2014
-5673
-9318
-8010
9957
-4849
-4826
2270
8683
5813
1764
3639
9092
-2546
-3563
6494
-6338
-6849
6070
1388
-2394
662
2816
8452
2857
-5461
-2494
150
-2273
9268
-7273
3419
3578
-8152
8239
9524
2447
4788
-1643
2344
-704
-7331
-7988
7735
-3680
1497
9353
-5100
-5470
2457
6909
2636
-5136
-9337
-5364
-7978
-101
-9205
-6476
7977
5297
8021
760
-3956
-2500
-761
-7812
9044
7077
-8322
2923
-9316
-1602
-3549
1557
8222
-8177
4907
1041
-4645
-2332
-1357
-4610
6933
7895
-944
9435
-8632
-7952
3111
825
-1004
-4060
3924
1719
-1529
4719
-5142
-1200
-2159
469
518
5386
7821
9188
1580
-4386
3117
1908
-9479
-8082
-3549
3884
-5155
-1113
-1126
5759
-5602
-7509
8755
-974
-3788
3508
6927
2065
-2288
-2512
-4529
-8138
-4885
9066
363
-5908
933
7388
-5368
-4972
-4751
405
-3840
-3586
1076
-1723
-4045
-775
-5813
-1336
866
-7167
-3229
-5503
-2886
-3724
717
-6060
5438
-3628
7146
7517
-3868
4331
-1932
5210
5380
44
5466
8855
-2643
-902
-9301
-6455
5200
-46
-654
-4043
3718
-9162
-2940
-518
-4856
9964
-4965
-8294
-7880
6596
804
4004
-9073
-2014
-222
-7325
-8480
6432
9355
-5256
-8005
-2327
-9249
2623
9062
-6893
-2583
-1681
-3873
-6043
9896
-1412
-1354
-4610
915
8452
-5535
8628
1175
-2410
-1520
5712
3507
-4006
-5288
7720
6195
2599
7595
9322
8801
4111
9871
-3913
-3030
3426
1850
-9631
2236
8956
-5893
5675
9612
5442
-6855
-749
-8346
-7085
1464
-5619
-901
1023
8506
5170
-8202
2608
-3315
3982
-7724
-4041
6078
1334
1991
-1714
-2655
-2690
-1190
-2600
94
-1414
9700
6231
-7800
3354
9483
1499
-8800
1741
3751
2478
-7697
-6100
9760
-135
7106
5475
9219
8107
-4628
2274
-6113
-4047
5749
-8867
8597
6732
1910
698
3178
886
-7695
7774
-4933
6792
7517
-7276
-4022
3581
-8967
7744
-34
-2164
788
-4775
7940
-6672
1368
3652
4787
-9994
-2512
1777
27
7122
-3826
-1828
-9390
-1723
-7359
580
3148
-1188
-9901
9554
-6191
-9834
4673
6373
8375
5209
-769
-4945
-2789
-6624
-5375
-6668
8783
-620
9878
-538
3934
8418
-4873
-5227
2297
2183
-2715
-7297
-7180
9400
-349
4991
4318
4965
8349
1001
-5527
8665
3590
-4428
-3757
-4409
9821
9206
-3768
-3827
-2623
9839
-2695
-9111
5400
-2223
5293
4064
1277
-9776
-4388
-2268
-4964
-5429
-1968
-7446
-3309
1377
-3516
573
4420
-2141
-4555
-5409
2013
-120
-32
-188
-6776
-7484
-3295
-7977
-1749
2910
-3408
-7832
8814
4800
-7706
-2932
-8559
-3508
8294
-6869
7186
1829
-7434
-9973
-4001
4552
4212
-3729
-1875
-9627
3585
3656
-646
-8748
636
1068
6292
-2732
1975
5455
-8429
-7377
3369
2001
8524
837
4734
-315
5890
-6014
8400
-8600
8282
9869
-9009
-6958
-5898
-500
-6452
-5425
-227
4299
-3708
2343
-5026
-2683
-1246
1171
-8294
660
-3649
-4018
4860
-3037
7974
3128
-7606
8712
-3243
2196
-2597
5756
-9082
-7387
8008
-9442
-1492
9250
4031
3567
4683
473
3045
3926
-2713
-7562
-7240
-2122
-3530
-7842
-7145
-1017
7438
4368
-411
6369
-6301
9086
-360
3595
-8455
3830
-9603
1253
-6886
-3753
9186
2265
-5572
6323
9824
1430
4417
-2700
4342
6369
3809
4355
1762
962
1618
2994
2612
-6536
8646
7790
3173
6142
-2756
4883
-8901
2288
-2695
4161
2443
-7118
5948
-8024
-4075
-259
-245
-6620
5661
-4913
3531
7840
-9726
6003
-3066
439
2027
3608
-7415
6978
-1421
6745
3882
9673
-8242
-2645
3076
7394
-2708
4887
6226
6389
-8054
-2637
605
4752
-6815
8699
-9696
-4448
-3483
-5611
-5568
-8908
-9131
-430
-5084
7462
5869
-1487
1865
5670
1851
-3857
-5934
-7818
212
-1820
1797
6934
-6551
6311
45
7898
2765
6603
-1909
9133
-3206
-5141
-1042
6941
-4617
5982
-7500
6254
1180
8971
-954
4586
-6979
-4610
-7271
-5858
-2710
-8257
4858
7364
7728
7645
-5353
-3663
-7795
-6653
-7960
-2878
-8128
-4496
2414
-8769
1007
-4503
8056
6046
-1938
-7829
-6596
-2224
-2625
-4288
4660
-5808
-2791
6630
-4159
9374
3712
-9558
-5448
8155
-9667
3988
9875
-2563
-2507
-6748
-6004
-1441
-8849
-6637
-1423
6796
6465
-7759
-9945
-3706
-1083
-610
-1145
2178
-8423
997
-9320
3669
-3552
-3462
7876
2084
3780
-4405
9406
3332
-1395
3335
6416
-7751
-4240
3652
-4036
-277
-3528
2048
6682
3430
-399
4671
7880
4706
-8417
5900
4898
-7883
7599
7694
-4803
9354
-5686
-6837
8742
6460
-8163
6163
-5072
5675
8494
7510
-7719
1826
-2105
2379
604
4665
6122
1087
-1956
-9610
6407
1522
3217
-5325
-2433
-4649
-8665
1302
841
8962
-1437
9674
-1489
-6895
6208
-2778
-8447
7548
6661
-7102
-34
9722
-5305
-899
751
417
5518
2387
6910
-3289
-1669
634
5231
1279
-4092
-214
9911
-1301
-7305
-5826
-8908
-764
-7136
-5574
5155
-6494
5458
-1881
9689
-3674
-2039
-9863
-6153
5282
8428
1231
3850
3273
-4385
-9027
-3252
7400
8684
-7969
-297
-4486
7548
1589
-5139
-727
863
5039
-1695
-9777
1456
6973
-596
-1440
3118
-4263
-6648
-3124
9732
4934
1337
-9035
6694
1833
-1456
4836
1586
-325
5907
3165
1591
-7640
2937
-5041
3057
-7747
6891
9568
1518
4747
4601
-9446
-4282
-7822
-9971
1797
2157
6485
3038
3934
2584
-3958
-6000
-5911
4847
2619
-4181
-9563
-1486
-474
-415
6735
-7468
494
5066
-6622
-2965
1862
1531
8977
-8215
6670
3695
2763
-2863
9237
-3914
2163
4149
9091
-9664
-9464
-5542
9036
5134
4337
-586
8266
-9549
-1564
-1449
9032
-7022
943
-7441
5630
-2860
8232
-2756
-8934
-665
-5983
-368
-8949
-9143
7397
-3378
-6193
533
8464
-8789
-1365
8277
-7358
-2123
3895
-5169
1434
6821
-4640
9283
2040
1890
1375
-8944
-7623
6102
-5384
9111
-7997
-8832
-7587
6631
284
2260
-6993
6117
6706
-7350
9511
-5395
4442
-1264
-3510
-3865
-8456
2746
-6084
-8879
-8320
-2066
-8307
3657
3594
7209
8024
-7201
6319
-7946
3322
1501
4263
-5137
-626
4736
-1749
6247
-3171
5889
8946
-678
-8307
-2591
4205
-8558
-5068
-3526
-9256
-7499
9362
7764
-7974
-4897
1780
7984
-2995
5107
-2912
-3153
5460
-9147
5612
-8830
9378
1706
3398
2370
-2621
1492
6569
3505
1119
-3050
-8351
-2916
-6393
4966
5329
6059
9317
3150
-4071
-5342
9325
8757
-8118
-3575
829
3735
133
-7436
-9899
-948
-6
-434
3438
-6965
-4130
-4127
560
-1543
8789
-7824
-2709
-6992
-119
9129
-2329
-2807
-4797
-1838
-2061
-1894
2122
5927
-267
-2517
-759
-1764
496
9746
-6366
-8686
-1139
-7006
-6666
6185
6530
-1882
1236
2708
-6939
-438
-3671
4099
4262
3416
-4772
8865
-1023
-792
7069
-6192
2228
-3680
-7807
7457
-9647
-1854
-329
-7598
-8769
-1522
-9497
-4253
-7033
5835
5676
4463
5510
-2178
1651
2142
1815
-6837
763
3490
4516
9778
2877
4715
-5174
6661
1065
7495
4728
-4035
7175
5845
7472
-5364
-8020
-468
9591
-1601
451
-6542
-1403
4559
202
-1879
-4585
8506
-5435
-1422
7834
1965
3272
5532
8417
-7126
-4355
5357
-6519
8701
-599
2974
8893
5103
368
-8474
-3840
541
8376
-7235
5972
2201
-6328
-4907
-3653
2088
483
-7281
-5038
-5346
363
-5143
-4181
-6904
7896
-4781
-7761
17
1669
-3569
7485
2502
7100
-662
-6757
1260
2947
-5769
2244
-9964
-4792
-1663
6935
-7814
-7149
-8799
9974
-444
-4056
7753
8645
-4705
8702
8897
-1720
1607
-3339
-9377
1456
-9059
-296
8828
-8129
-4068
2566
-2782
-2386
7244
5311
6395
7982
-3746
-5661
-7826
-9007
9883
-2963
-1477
-3128
9457
4772
7522
-3597
-7006
-8668
-5831
8877
2145
-7492
-2549
2894
-6339
-9488
1495
1090
385
-5360
2544
7974
-1728
-3417
-5465
-922
-6076
-897
-7788
6612
2611
-2776
4667
4227
-7686
181
7276
-421
-6092
-6087
-845
-750
-7356
-4043
-2003
-5522
-5608
2585
-5131
9404
-9644
6319
975
9088
-9198
-7697
3053
-6480
-6915
-9820
-1628
-1435
736
-7210
674
-3184
656
-6315
9467
4907
9775
2641
3573
9114
102
1340
-8719
6311
-4211
2289
2947
-3513
-5548
-1520
-2532
2094
7313
-9277
3520
-2870
1716
8434
-6315
9197
-5673
-3088
-2937
-8478
8647
7106
9062
9277
3759
-6324
-6078
5367
-599
6890
-9833
5859
6784
2969
7832
5577
8945
-4161
550
851
-4865
5006
-4728
-8725
5218
1787
-8044
-8813
7405
-6690
5492
-4125
3121
-1304
1999
7773
3867
6721
-1122
8874
-3960
-5609
-2512
-320
-208
-2806
-1638
2729
2856
-4634
-3467
-7600
-9159
-8383
3317
1233
2845
-4380
-148
5823
-4808
-866
2386
2536
-6598
4260
-6602
-9095
6136
6918
657
-6346
9677
463
-3251
6512
-8348
5235
3576
-4937
3864
7896
-9900
4175
-31
8352
-408
-6653
9245
6874
-9296
-6329
-1616
6882
-8500
5522
5598
3841
52
-1503
2683
-9877
985
7317
9376
-5491
-2727
606
-5514
-7929
-4038
3863
5487
8537
3290
-9785
-4028
-8698
-6540
5822
-7742
6469
4761
8239
2666
-5699
-5155
6028
6506
9453
-9458
-8165
-9692
5747
7957
3700
5672
4246
6051
8368
8742
7768
7515
9441
-1256
-3496
186
5682
-4887
-2677
6615
1141
-594
1998
976
-3471
6097
2283
-5640
1985
9942
-8172
-9018
7342
-2425
3310
3294
-9964
1061
-4687
3120
7700
-2845
-8005
51
-7975
7203
3695
7665
-3963
6443
-4702
-9747
-6528
-7564
7997
-7730
5976
-1891
8726
-88
-67
-6271
-2344
-4487
-9174
-9861
-7343
8284
3612
5565
-7474
-5611
-7218
-5854
-9611
-6966
6025
3937
4751
-5326
8497
658
9724
-9414
-9258
1033
3980
-3478
3624
-5780
-8696
2186
7551
-5163
-4711
7726
-8406
-6567
-2427
4644
3136
-9243
-6714
2956
773
5732
4162
8111
-2309
-9461
-3375
6555
2470
-323
-2461
8466
8378
-6787
-2652
1692
3395
7694
3983
-7115
4855
-8820
3906
8242
-7005
-7415
-954
-6067
7524
-4040
-7400
2529
-7401
5471
-5259
7881
-77
-381
8140
2605
4523
-5840
-3209
9358
-8338
3863
-1386
8055
-569
8018
6129
7124
-4763
-2842
-6296
4758
4681
-7359
-1240
-1552
-7727
-7055
9822
594
-1706
-8890
-8388
-1197
2434
4025
1864
1342
-4226
-3657
1333
4582
-76
9405
7502
763
-2558
1092
-5420
8703
-4698
-5848
7564
-3171
-8142
8190
1704
-6433
2692
-5417
-3285
-5558
1705
5867
5354
8341
5473
1871
7008
-9713
756
-902
-8299
9165
-6025
1817
-3925
3776
6224
-4274
-1494
6371
4128
-9209
178
-725
-5520
3389
-4670
1673
9075
5179
2343
7081
-3886
5411
-8236
3061
-5394
4237
6959
7180
-8553
-728
8971
3635
4255
-130
-4688
639
8012
6889
-8533
-4665
7923
-9624
5512
7401
-4450
5298
-410
-9105
7727
-8924
3196
-665
-7908
8393
8406
-454
8475
7788
5575
-2269
-5742
2722
1756
-9645
-3389
-7362
-473
6089
9693
6862
-6746
7754
4228
-1290
