1195
1
1837
6799
1031
7458
1134
9275
924
2044
2684
2231
2699
1405
4327
727
216
8194
2427
1857
3058
278
9090
6173
6826
5613
196
3788
6612
3838
7558
4170
1257
8515
4232
5016
7380
8313
7447
7391
3129
7862
3333
4246
4338
2118
4746
3549
697
3865
7958
7889
5757
7527
529
5747
6010
1723
7659
6555
5298
7922
8838
1004
8237
3262
4428
8278
2440
2357
6175
8969
6446
4555
7128
5727
1117
594
8791
9686
8744
4889
3000
7749
2934
9827
5437
1988
1321
3058
7775
9643
8233
6607
3119
4633
4165
3014
5859
7530
2644
5727
1767
9785
8091
6406
8374
2003
4346
3345
8126
1112
8730
672
6731
4655
2737
1995
9146
1646
6701
6148
5190
9844
5844
521
70
6047
1070
3124
8289
9072
7147
9074
7906
8873
9992
4221
5712
1996
5298
3525
8307
1548
7926
815
5147
8766
2458
5197
9743
8893
4536
7794
681
577
2378
7083
8676
5399
1978
9411
193
212
5889
7652
5679
7891
4636
3269
704
2697
3185
2299
5228
4623
1748
8773
4
2869
9243
832
9495
4541
5464
5662
3113
5888
3429
7868
6533
4304
477
3995
3353
5522
7436
4727
5060
4679
8485
8411
3941
7220
5847
3495
4072
7939
2521
555
9625
4133
4509
5728
757
6991
8756
9745
6838
7266
6401
3872
8053
9810
9302
1400
112
2253
5087
7905
7727
5273
8954
2746
2801
5595
8476
6515
1171
141
7652
5315
1754
9608
4775
8444
6741
1049
4293
8057
2644
1818
8193
490
2568
839
540
8660
8153
6608
9995
1000
3258
5158
7774
3279
3245
4300
1232
9470
7628
6343
8260
7882
4800
3369
485
7971
8163
9610
4980
9988
7760
1174
1700
7992
6687
4360
9900
439
793
1099
7036
3392
2261
1270
3306
8307
3413
8784
5261
623
1501
8694
1269
2227
3678
1765
4119
4958
8005
4713
4723
5699
4187
9798
2977
1201
1808
4868
6642
693
6680
489
932
5495
8260
7923
6746
5404
7753
1933
7361
9575
304
284
2394
8336
6703
3642
7111
4986
4218
8851
5549
5834
6115
4217
2667
3
2354
2585
5696
6326
8307
4817
7212
5073
4837
5929
9799
2972
3370
1322
8144
6069
9207
5343
1478
7182
5258
732
9075
1528
3361
1206
2570
3154
7396
9288
1422
6995
221
8669
5411
3097
2954
868
7676
4395
3281
7493
7677
7428
758
2174
4389
5869
537
1991
3127
5054
538
9675
7175
5669
3397
468
6344
4610
3507
453
7312
5905
5760
8916
639
8453
1792
2881
5289
6210
7726
3262
1912
5262
1894
1658
6888
6114
6738
1149
5277
4154
800
7195
9829
3756
4372
8221
4749
8329
4786
7258
8687
2846
2312
584
1769
7051
3865
6276
1203
6979
1129
4782
6147
1941
253
7580
8744
5773
6137
9277
5146
8215
3234
6861
5900
6632
7425
1327
6234
5504
2704
357
2278
5597
2626
2784
8071
4273
7817
3230
4101
5808
662
9241
1374
9817
3813
2809
2673
203
6698
7628
7409
9793
8755
7811
6771
2771
8718
5283
6930
7848
1566
6885
8506
5602
8373
2995
4878
2854
8936
4386
5904
8583
5642
3014
3309
7070
5130
7133
6444
2061
4101
1658
686
5591
9649
100
4421
6846
8677
207
4625
6069
3866
3112
7661
8674
2047
4835
9390
6847
768
8500
8175
9340
449
3243
416
6532
4973
4630
5835
9063
9044
2970
5180
6829
118
1594
807
3628
9308
4766
370
706
529
1655
7964
1881
6329
7159
1931
5505
1811
4731
4687
1605
978
1644
8624
2179
8715
6418
4993
8497
9053
4991
3647
9830
3065
264
3896
8287
2646
3333
8512
937
7354
3319
1857
3421
9718
9443
1761
8005
8377
1129
5906
189
9594
8219
274
740
9538
7610
6165
7661
3358
7021
2672
7503
3770
4490
3602
8314
6729
4606
4498
6426
6423
1704
1916
4105
4176
3017
5303
3864
7692
3064
7028
3532
9330
6480
6138
3567
7341
5741
6364
5191
8608
278
1914
3722
2984
7487
5400
500
3831
8538
3499
5964
8865
5982
9713
7798
5716
5922
1417
9935
680
3218
3
3270
9491
7389
4151
5839
5838
8538
4382
2952
735
432
1938
270
3343
1202
3796
8900
9180
6909
3562
6443
4807
134
4
8220
7653
4413
4032
134
590
5409
5470
9098
1897
9164
4461
2530
2958
54
3911
3231
4135
7753
5921
6232
5814
758
7714
5508
1272
5627
811
1145
699
1828
5238
3557
5529
733
9465
5599
297
303
7616
446
7390
5319
9547
3711
1631
8481
196
296
1550
9903
3406
7129
1510
3652
3825
7756
1142
5912
7322
3909
2411
1150
9273
1149
2674
1620
5114
3288
4518
9011
2086
4175
3529
8005
750
2649
129
3563
469
6475
5222
8252
9713
5756
2938
1201
6572
5944
9579
8651
108
9617
6634
4107
8318
1405
1794
289
6528
5168
4708
9678
3463
3905
4970
5399
9070
8172
2806
3941
6326
6914
2033
2528
6184
4113
1374
5419
18
9437
4484
9602
7016
3836
2223
5292
2028
4882
6146
2425
8228
7763
7692
2113
9231
615
17
5350
2275
4603
6734
5994
1935
6629
1206
6417
8890
5918
5444
6508
3897
2189
9042
1492
4208
4298
1150
6602
3023
520
3079
497
9065
5013
916
5117
2482
5308
9187
4550
3782
4182
8680
8086
1368
1860
3334
5421
572
9683
7518
6610
4612
9260
6354
3434
3510
694
7426
5964
1184
1317
848
1852
3833
9410
7984
7801
968
1040
9596
9197
4838
3925
4215
7638
8728
8135
8311
3719
800
5031
8692
5678
298
1420
6356
6208
3468
3151
8399
1926
5443
3235
5124
3384
6967
9098
5030
1949
1147
6752
1565
5214
4545
6003
3934
4410
7927
8488
2008
1781
4489
8326
3715
4642
6048
1191
2387
481
7252
3958
3671
6663
9011
5791
1930
998
6482
3656
2836
2340
1678
6900
9682
56
4094
7931
6964
2050
5694
6656
3702
4734
6700
4391
9261
5048
9186
9845
1079
1564
2079
8455
8470
1074
2996
1305
3088
2117
4765
1022
3629
652
3728
8389
3380
9668
1333
9463
6090
2478
4718
7422
567
3814
8201
2533
3207
9011
934
5445
9561
5046
4341
9148
8504
8981
2614
5173
2945
614
7308
2945
481
9560
688
4375
5263
707
8274
7534
9067
8411
6870
3775
6644
2408
9409
4361
8653
10000
6272
6918
1904
3354
6345
2817
5904
1441
1750
187
4677
6693
1155
8805
6662
943
1822
5698
5118
937
9447
9731
7678
7641
1674
2035
4711
9844
6333
7465
4385
5110
933
5748
2668
1886
4369
9217
6820
9872
9054
634
382
2197
3965
5011
9459
524
5461
3515
281
9550
4069
4937
7325
5540
2453
1394
1268
8790
3738
6087
619
3432
5036
8616
9694
9290
2305
7419
5310
8495
5824
3066
7619
5050
1555
1892
1814
377
9952
6037
889
3643
8306
5463
4942
968
6561
5562
8367
335
3159
9551
510
7987
2481
9145
7232
434
1848
4978
2253
2789
7106
9525
1689
5368
7468
338
6777
2442
8221
6159
5602
3023
1289
332
9783
9010
7469
1171
4383
2926
1659
2232
7049
545
7534
295
5498
3428
1550
9786
1645
4814
9101
3446
7434
782
7458
5932
6771
9617
9358
3508
3280
7982
5672
9728
4190
3903
5794
