9300
1
8614
4106
7449
8837
4969
7829
1242
8292
3881
6216
9210
9928
788
4461
541
8790
7668
1229
9717
5541
2076
4610
2227
5183
1067
2469
9949
1351
8423
9452
5985
4124
1935
5174
5052
2087
8969
1396
4351
2105
2692
9878
9732
4493
6159
5432
2276
8401
1382
1392
2693
3083
6247
7336
3280
7186
1250
5554
2407
6090
8447
3172
5987
9223
5642
3776
9678
1152
3299
551
9335
4032
9344
7963
3698
5784
1806
9457
8959
6997
6390
2749
8552
8004
6921
164
2421
9240
4403
9297
5123
7188
4401
7312
5575
5052
8929
9394
611
7569
9737
5190
5534
8333
8410
1527
8867
5171
1730
9808
2154
2739
1543
9523
1644
2706
7404
1433
4550
7661
8036
6004
5244
4643
2097
4192
8832
1737
8564
8245
8822
6111
8593
9220
6481
7159
6236
7814
3852
5004
602
1576
2695
9570
8932
4873
9756
3147
2334
76
4128
9221
492
3623
5237
5699
1711
2006
9842
3093
752
1196
3080
4423
7561
3029
9367
9162
2017
8544
1227
5464
9065
5300
4415
4727
7256
8227
8713
7760
6227
6796
1741
8165
1688
6339
6320
1636
7818
2451
8488
1790
6534
4354
1186
1255
8983
1223
3880
2757
7582
7351
8934
2974
4858
1420
7484
7111
1485
623
3494
1614
5778
6651
9034
885
5277
2129
261
7028
7106
2804
4867
9884
95
9588
5604
838
4330
9326
2491
178
3199
1009
2956
571
9809
5541
9845
2052
6181
1613
1189
379
936
9569
7012
2654
3414
6092
7340
2733
6642
5379
8904
8218
4813
6919
2537
4025
8457
6346
8729
2324
9407
4908
5280
1483
3656
2363
4701
8253
2309
3826
9699
8919
5905
375
759
3395
1552
5770
8998
3721
1208
8089
5688
3617
2056
7615
6027
6791
3300
4921
5282
8377
8771
1726
896
3161
2891
6876
9798
2762
9444
5926
1012
8878
4495
5942
2227
600
8784
7964
1054
2312
4167
1409
8743
9452
9499
6894
9808
1170
1372
1336
4078
1131
8080
5090
923
6107
2759
2942
6194
4669
8754
6215
725
4983
5132
648
8398
8872
9991
9837
7316
4949
7578
673
4873
184
8258
1868
2912
4104
8773
7504
1911
3645
88
4954
251
7746
4991
528
1128
7943
9857
7990
7297
9073
4437
7704
9063
8907
1852
1349
6090
3375
8968
1369
1329
8986
9012
476
3810
6661
6507
6754
4434
8088
7427
4422
140
7226
6471
9493
9619
7523
6632
378
4713
877
859
5009
1507
954
6774
6552
8515
1392
6518
3260
9769
8576
1548
9011
9008
779
5716
8603
6003
8281
8634
6345
2665
5634
8845
6728
901
2086
1158
9584
4290
4423
2144
2266
9385
3587
2080
7694
2981
2528
7911
6079
4855
7181
2488
6660
2383
2500
4786
8803
8195
2058
5130
3510
4732
1029
3985
5792
8435
9068
8960
2095
6559
4107
14
4142
437
2528
8752
4132
5845
2314
2631
9574
30
2927
1721
4535
8549
3039
7305
4707
9561
1052
6069
9059
4287
9041
4967
9405
1474
9788
7970
3531
4090
7513
4271
7747
8558
7087
2018
8713
4773
320
4926
6937
3552
3823
7181
4206
958
1883
3930
336
5694
4520
9702
9670
9090
2596
7226
8947
1797
2392
3447
2855
4901
6634
9810
2692
2002
5280
9988
3826
4275
2478
2917
2513
2112
6185
879
641
2365
7242
1746
9330
8305
6277
8528
2295
2788
432
6847
4067
394
2897
1622
835
9425
4901
5862
6022
9370
1102
5202
6063
7528
5159
4171
8267
2477
4827
1218
5916
5374
5805
7235
5730
5499
8617
5308
3569
6544
3474
2646
3227
9539
1704
4656
4587
1379
7559
5046
2293
4321
5166
3847
7648
5625
1734
1516
715
8187
9162
2063
2162
9102
6579
537
9686
8881
4167
9726
4981
9943
4562
8025
9871
8316
2386
9330
8499
5448
4323
5681
5444
6090
1043
5725
4422
5237
3199
7372
5773
7221
3864
8637
1562
1505
6119
9584
2229
9374
448
8765
5264
3044
6078
1609
8644
3270
7883
3465
6538
7076
6422
3517
5311
8313
5
5961
41
1110
5721
100
128
4724
6682
1392
6477
890
6396
6085
3696
4922
3857
2103
5532
976
9446
7481
1338
1153
7173
9664
3484
1214
585
7008
436
6414
7105
7208
171
8064
5112
2647
2105
5095
3308
353
3189
4437
2225
3582
9803
8953
8422
8992
3778
1407
4367
7510
6606
2643
4800
9170
493
4925
7067
8883
218
846
3791
4058
6470
8089
6775
9201
908
3995
3531
9733
1496
1425
2294
3809
3203
1510
7399
1266
2096
8764
7119
4272
5416
8097
969
8163
7671
3653
6624
6787
4347
1465
9926
9278
3826
5707
4450
7216
583
9498
7077
3180
2173
4717
9923
8221
3960
3476
4260
3856
292
1754
7992
5699
141
7629
7651
7682
5685
289
9387
6835
4222
8256
3185
847
6126
5053
478
3504
6282
3601
6370
4353
7938
3573
3358
7611
1102
2122
6927
602
6087
3195
3470
5593
4178
189
3930
520
8888
7831
2966
5537
6743
2424
4458
7759
6948
79
5556
4224
489
8623
8936
8410
8737
8792
1158
8360
4651
8994
4614
7235
6185
2714
3799
5971
4493
1072
2422
838
9797
1390
3934
2154
4962
5192
314
6090
6010
8009
2428
4848
6762
4610
6671
6812
3665
4009
5001
3511
7513
7275
7996
7612
8652
2171
3726
824
207
4122
8468
7446
3250
6401
3772
9658
1454
8040
7373
4610
6780
4148
253
2808
4694
8503
7406
3819
7355
1477
9471
6274
4272
4468
5238
7734
2228
7109
3059
2105
4306
205
6164
1740
2240
6026
725
9699
8250
556
4976
8734
727
2036
2426
9039
6196
7475
641
7965
6640
29
4262
7397
116
7874
1751
9268
5865
5356
9358
6924
9337
9690
6832
2375
3848
6276
4119
4716
2319
9086
7021
5387
9782
8002
4215
2853
3167
2894
3083
2024
6389
7669
1478
2994
8367
8316
3343
6145
6456
3532
6946
957
9153
9658
4885
3791
5490
4767
4541
1578
8089
6758
7471
8684
2658
4196
5148
1973
6501
1632
8958
1272
6440
4756
4604
8787
6395
8047
3061
1455
1850
7910
9223
7927
1903
2812
305
67
6853
1265
5675
6541
3817
2191
6526
2556
913
5339
7568
4392
5060
8931
5941
9220
4968
5051
5640
1763
3132
2390
4821
4406
3045
21
3813
9421
2158
5233
1043
6250
9706
4944
4981
937
7388
7940
3323
1404
6301
3589
1772
1759
3799
1815
7279
1292
761
3835
7741
4807
3504
4111
2632
9818
8435
2723
5612
2234
310
1298
3833
1357
7531
9857
3591
1630
7642
31
4245
5123
650
6781
6290
4112
3963
5967
9499
7003
2488
2277
8555
657
2160
6334
287
5243
2847
6763
9685
8931
4050
4144
2571
5787
3524
3764
7487
5658
4
9918
4218
3828
2525
2225
4685
6556
834
394
5071
91
6116
6117
6130
9612
1418
6243
6577
2287
7483
2608
1728
8568
8344
3295
6740
6744
8500
4399
6376
6433
1104
5496
6498
8294
8048
5833
4967
296
1218
9218
7301
5996
801
4928
4514
4537
3374
3914
5343
6814
6595
8748
3175
7576
2596
6683
5226
5151
2211
7930
2667
237
9415
7719
2180
7606
1775
578
7183
6331
9363
89
2660
3376
6621
7911
7880
1598
763
4021
1278
4207
3960
2737
4885
4601
6896
2696
9865
9716
470
8914
692
8261
9267
6810
1619
8314
411
8949
8395
8341
9183
4363
7400
3546
5847
3353
2610
3737
8673
804
3327
4916
545
5019
4098
4616
5464
1353
6467
9015
6451
4568
7387
2555
5009
7835
2751
7539
6501
7717
7989
2177
4810
790
4504
8979
8831
6147
8148
3767
5358
9661
374
7495
165
2507
3701
7252
2198
5035
941
5719
6991
5461
7517
7063
4301
774
4382
818
4959
6838
547
9685
83
4278
5444
4034
1582
9495
6964
6262
7845
4213
9815
7342
8715
238
4747
9361
2634
9668
1748
4885
9001
2618
7591
429
7081
4603
8063
7115
7076
1628
9986
6605
5721
9736
4954
1599
1387
1789
8266
1768
7952
7324
5977
9567
7590
7968
2037
3191
5995
1427
5609
7501
7552
2611
5102
1597
521
1433
9832
1216
8013
9377
6193
1947
431
2235
3364
8551
6820
3649
4792
9894
7540
1698
3814
8499
9677
8167
9997
455
9782
1996
894
859
8858
9724
6103
6973
3163
3002
969
207
1988
6316
628
691
9702
6082
7896
9942
5737
1391
8750
4903
630
8
3761
4718
7798
13
6716
1862
4988
9857
921
2415
4047
8075
5139
1728
7031
7468
1225
9566
6756
8094
4675
5940
3514
4842
5758
5541
2820
7717
4949
1953
2573
65
2963
4123
7649
1895
4033
8345
2423
2160
9510
3900
3432
2673
1400
7881
4242
7711
7963
3359
4648
4362
5460
514
993
9714
7124
701
3193
1187
1734
9423
3432
1724
5980
3993
1449
7175
3635
5496
7564
4089
9199
2111
1893
7903
8857
6884
1769
5382
1848
9316
9300
7245
5891
8080
7397
2040
6488
5755
4566
6955
8378
540
7121
1340
100
3890
3583
5037
734
9156
3748
4191
2217
4879
3272
6578
8468
4297
9655
8613
5492
5342
2535
1568
6036
6932
5528
7195
368
9351
8018
9155
5303
3939
3235
8985
8367
8946
2162
8312
1119
9313
939
7040
6786
8814
307
533
8593
1602
2423
8236
1851
4224
3393
5142
4497
917
1074
4576
6012
2809
8364
8330
315
9389
1790
6910
4279
2481
2221
8466
8477
4480
655
8870
5591
7037
9034
5218
824
7943
6703
9724
6276
9003
600
9081
3578
8587
4788
5125
2565
272
90
1777
9706
4533
5285
2078
9013
7158
9243
3775
4849
6916
7912
3235
4093
2692
1757
7224
6820
2714
9365
8891
8281
2524
6292
6157
6025
9509
5769
6074
4333
9507
8386
3525
2816
6096
9022
3341
6539
9469
5730
5247
8042
2611
8291
8024
7001
1298
2804
2234
4100
166
855
9643
8914
5864
5896
7503
6548
9084
6776
941
9258
6114
7434
7385
9792
613
6893
1021
7383
4469
381
7323
4674
6098
9187
9967
8997
9156
3442
5732
3319
9236
2701
1887
5337
6391
7538
129
9134
1999
4167
6403
1396
4428
49
9343
5663
2988
911
1644
8451
1044
4178
2217
7692
3287
6737
6446
2399
537
2299
1417
6257
9723
2107
7513
6483
7008
9792
5
8169
9739
9830
8661
7160
5274
7402
6369
7739
4872
5047
3303
9787
6530
7098
3607
5098
885
1509
6640
532
5118
1752
9619
1912
7699
4745
5381
7299
4754
6834
7395
6011
9177
1502
9498
1781
2017
4999
4463
4132
2855
1257
4005
7866
755
2794
8961
725
2137
5313
5735
1032
6380
9242
4908
6943
5582
6330
8583
2952
79
5859
1432
1048
5445
2740
5849
9496
4501
4198
7924
6712
8418
3508
1499
7031
5141
6181
6464
2920
6236
6805
891
5405
2761
9554
8736
3414
2152
1677
5797
3690
3943
7563
8475
1480
4770
1843
3669
9504
904
1686
1030
8896
3531
9192
9670
7961
4674
4520
7273
6510
5105
6570
7778
9364
5242
5014
9158
863
3241
2650
8043
4674
4504
559
1721
8719
6602
8131
5725
7481
2103
237
4394
5326
6034
1380
3716
6418
9377
7932
9302
1311
5342
6108
3356
4336
8471
1466
7640
922
9104
3784
4998
5376
7232
9276
827
3942
1544
3955
7918
6441
1764
5352
9343
9538
7614
3550
5251
9467
6148
1327
6151
4022
4404
2496
8626
4263
1137
169
3337
8180
6553
3336
9935
3547
2028
4076
2266
7915
9251
9244
2585
5050
905
3260
7168
551
7955
6178
5107
5236
9374
4047
3963
8020
7919
3949
6587
1244
6717
2756
7376
7339
4408
6215
8907
9219
8454
3683
4400
2461
3448
1713
7555
1325
2729
9301
8895
2435
3509
1701
2566
700
3933
6660
1334
6722
2448
2692
4683
1330
5571
7050
7724
3827
2393
132
1588
9772
2673
3399
7075
3390
8521
2293
6883
4284
2558
9475
7208
1357
1106
1861
3134
8161
14
7368
2186
2693
6493
4614
7916
8420
1260
1801
5811
5034
8618
4632
4052
485
336
6622
9639
9035
6029
4204
2196
1068
3411
763
9377
4433
9461
5300
4866
4217
4627
101
4280
7016
7497
6486
664
9507
3179
8426
6183
3087
1549
677
7328
4753
7204
988
4948
8651
3400
2828
6614
3750
5152
7175
1454
2722
7613
6728
2840
3986
1614
8303
5247
5547
3559
49
8867
7993
490
5016
6541
4330
6677
6121
6764
4584
3094
8654
4480
9502
2935
5666
6574
6100
2562
3415
1562
1840
4292
8728
9443
6195
2699
2205
7615
8224
5396
9404
1544
4268
6008
7651
9994
1819
2312
705
7639
4796
3375
5806
3737
4161
4320
6633
1046
3704
8633
7402
5879
5317
4231
1516
9508
2545
6490
8231
5879
5822
9053
546
2355
1332
1534
3383
6050
3536
2752
2037
6417
9133
1829
5900
1001
268
7976
2227
2952
259
296
9753
3123
2210
9161
6882
9865
1261
5119
3460
5777
7117
6096
8200
4714
7824
42
3730
4390
5005
146
1259
1752
284
4042
9525
2094
3931
4295
7663
8734
7202
4208
7103
7380
5895
6460
5562
582
7680
3858
514
7220
5754
8586
1996
4993
8279
7120
2412
380
3503
8826
7247
9884
1086
4988
6625
106
9917
1846
5492
5872
554
3368
1370
9005
8063
4556
6083
6058
1418
5172
6414
4285
8367
499
1635
4915
7744
7713
3832
8255
5277
5369
7852
8030
3925
2038
7377
2052
4907
4353
6675
4429
7998
7931
9068
580
779
7757
3384
96
1466
5237
3866
6086
8918
3229
7997
7347
8921
9348
7635
5159
7181
1372
846
6102
4790
2279
9004
619
2146
1921
1048
4858
5669
8782
7060
3128
9076
4628
4770
2960
1269
7849
5223
3127
8956
8455
3527
6760
3909
8896
919
9805
8720
7621
1996
5353
4757
4240
9662
3477
9376
401
3267
8781
3289
84
7605
8647
9581
4279
6710
7350
2009
8197
9283
2728
4845
3118
4375
7807
2731
5973
3471
6232
6470
4794
3706
8512
3888
8886
3160
7731
3584
5951
8741
66
7083
2800
2415
5594
7596
8488
9600
463
678
703
8886
5200
5573
3048
6949
3928
5788
9474
3471
3243
1870
7042
2426
3306
4215
9291
4798
8017
8119
7748
7189
9982
1396
7684
6320
3595
4382
1212
8256
4745
2518
9876
7027
2479
5253
4511
4628
8536
6190
661
5876
108
7013
180
8683
4662
6505
2771
6965
671
3120
7104
964
7490
2354
5534
8166
2578
3550
5303
999
6456
1033
9717
205
2181
2253
451
3454
7814
7190
8900
7767
4634
5658
1787
2433
3054
3321
3253
9971
6515
4449
1748
9326
1486
6820
3030
648
5714
5426
2577
5953
5669
4683
1069
4890
7637
5380
8074
9372
570
9320
3938
1742
6225
1337
1970
1298
1217
840
5070
7357
2456
5556
2298
575
8085
8874
8628
8316
5058
7271
1199
2982
1337
6586
5461
763
7734
706
6033
5832
1213
4962
8716
1431
9829
5605
2905
2809
5906
9060
3568
1342
450
1466
1145
3855
701
1012
272
725
5328
7425
3099
7124
8784
4924
4667
7499
1688
5932
8497
2208
1126
1019
9640
5345
6397
4555
617
3382
354
2492
5218
4676
8736
7371
6083
9697
8271
2773
6339
1691
6634
1650
9280
6851
5617
7651
7852
1296
7704
8879
9338
2269
9384
1188
640
4517
4929
7596
2982
3940
9784
6443
4857
3534
1769
2828
5502
3314
809
28
5029
5566
2363
276
9688
612
4944
7662
2808
5770
3230
4701
856
6609
7445
1874
9484
1220
3930
8249
2566
9756
1636
580
9036
6673
7744
6958
7545
8790
5285
1938
3308
4705
7573
6364
5286
2535
7747
64
8303
7097
6658
5215
7510
9122
7121
9045
6848
898
4262
4475
4747
3687
1264
3712
5207
8815
5136
1397
5023
9370
7121
7735
9280
8210
3220
9024
9464
382
7876
3721
4003
8626
8548
511
287
9383
6247
9030
8014
9949
2136
9995
4202
8232
5810
6910
8772
7660
7696
5110
6954
5391
6476
255
4389
1238
7343
1010
898
7229
2623
6691
317
3041
8527
5165
4591
8524
1375
9133
4557
2347
7515
732
2874
7865
543
3068
2477
6934
7602
9421
5695
4885
8885
886
841
1242
6770
9852
6274
758
755
6335
6137
2579
7404
6037
9912
3263
9559
8243
6613
1147
8518
4387
9637
3142
7536
4641
1858
608
845
9174
8107
9086
7928
5039
2834
9231
9223
7437
4536
312
5066
4346
4576
3346
9933
8670
6397
3077
4562
6039
2340
2354
8715
2873
5816
9215
4310
1776
4500
1055
7115
5785
7510
259
8959
2717
8877
3940
5898
2903
997
3021
1359
3122
6528
4391
7858
9837
4312
2885
4762
89
3131
2301
3425
1790
437
9565
3558
3715
6498
4423
8828
72
148
6639
6145
9226
7237
7906
1892
737
3200
4269
9273
9407
5183
6122
9259
5901
1918
938
2544
4930
8514
8536
2150
8004
8196
7666
2712
9480
2979
4192
8014
2208
7856
6651
427
9926
2139
3468
9936
7479
1762
1778
6260
5053
9648
4965
4056
1557
5094
9510
8356
4354
4618
7876
3969
1324
4223
974
923
491
3152
7980
5505
2515
3364
2108
4435
2985
9729
6631
1741
8986
4555
2490
7001
3734
613
2494
2649
5101
9997
2446
1893
8553
8901
1338
5980
7413
7551
2750
3530
7533
2381
9327
5292
1835
8430
3108
1963
5440
3542
572
2406
6417
7754
8687
7931
3770
9400
743
3435
4283
5496
6591
8118
6177
6379
2139
3786
3495
6974
7392
8556
1948
2343
8784
3799
286
6306
1226
4010
7555
5553
6489
9247
4992
3927
8884
6273
9653
347
977
5500
3379
1122
1766
3408
7898
2091
5284
3562
1806
7488
8357
4872
5208
9101
6041
4002
2445
5688
7802
719
2059
2873
9299
6444
423
3278
7364
4004
4642
549
4961
1049
997
4247
6977
2599
3904
885
2214
5544
7535
7183
3462
9722
6836
8938
2900
8308
8266
8501
7012
8570
5505
9514
6438
6069
8600
8378
1354
8929
2763
1323
1439
5008
8064
2138
6074
2276
2323
9116
6805
4078
6551
7023
4638
3828
6694
942
1256
7093
728
2328
5560
389
7267
9797
365
3217
9034
5330
149
2285
7927
4234
9400
8347
953
8356
2899
3320
4872
8930
5105
9882
3417
7778
2854
7483
7901
2724
7921
2606
8180
2051
4799
863
2747
936
1569
1974
495
6540
3092
2043
6854
8185
9415
3827
857
1261
8261
5258
3107
2306
5525
6816
5508
9041
5975
6802
748
482
3238
3311
2763
4300
276
2730
453
9388
9186
6793
5558
2162
7290
1652
3031
1206
1168
6547
1599
4020
8295
9169
247
1845
3353
4824
574
3142
8937
2555
806
4439
206
8858
6924
9791
2715
8969
8825
4590
8150
4076
2802
2527
8353
5284
7771
685
6263
5649
9317
8423
4322
9217
1478
6
4822
6703
2956
8433
8704
906
4212
5894
1352
3079
1767
1876
7844
8355
3190
8855
8758
3985
6216
4755
114
7675
9088
4382
264
1187
9003
2329
9106
9996
784
7110
1529
1031
3880
8005
5090
1215
6922
374
4411
3889
1043
3247
4041
2696
5233
2451
9606
9871
2644
6746
3866
1716
7626
7409
228
5713
3707
5195
130
5996
2405
6701
8391
6704
3637
3727
3664
6482
4905
5182
4350
4793
2437
6883
902
7148
9402
9236
974
1684
9500
534
9109
7760
9319
3200
5174
5763
4148
794
7093
6473
1935
5942
4290
3223
9313
6588
5945
7315
3129
6316
2359
7583
5268
778
8774
3242
4012
1033
3100
8760
3447
77
5764
4148
4707
5649
311
9246
5027
6368
2081
2244
8002
7973
4190
5660
7854
921
2068
8635
968
2469
2264
3563
2220
984
8279
1160
8965
9175
8737
4652
2115
724
7655
5552
5961
2906
7980
5401
2075
2543
7462
6189
471
718
4270
2947
2981
926
6874
6176
7719
5462
4028
3934
3317
2907
3521
9477
8673
5353
5542
4883
9792
709
1544
6186
5305
9381
9698
1693
8596
1240
9457
9057
9299
8888
9238
732
3261
2285
1587
6096
2525
3484
387
6225
5567
9739
7947
9568
687
3260
5401
4885
6891
1563
8396
356
2995
7255
8953
8974
4475
9390
3181
8558
1115
6030
2842
9695
5243
863
5580
6323
5050
8185
3402
7276
7422
6706
7139
9585
6177
5077
4169
4179
1709
9810
7708
858
545
1877
4585
8262
3616
7532
2967
3578
6460
2012
49
1372
7455
7290
8313
7270
1072
6613
5281
1848
3792
3137
3226
7013
8081
4701
4209
5851
2183
5953
4488
259
6429
9487
9737
4464
3873
8165
9014
6359
5592
5721
6195
356
1313
7652
2695
9527
8937
2989
7561
5152
5894
7190
7697
3269
7123
2980
3015
3265
4808
3453
6584
6376
7714
5244
4301
1074
3823
4803
9535
3585
1189
5228
1395
9074
9181
6878
1829
4262
7748
4686
7848
1821
8058
1574
4111
7532
8092
640
9424
4469
833
9816
5950
6656
438
1651
3598
9052
6456
6071
2205
8522
6601
5656
1529
1535
6786
7995
2501
2213
7009
360
2911
2830
4357
9413
7295
9309
7589
8637
5250
1899
385
9563
757
208
7277
7814
5260
3597
873
505
9281
6909
4195
9737
5444
5551
5581
7344
8190
8119
8371
6881
2941
4605
2335
1864
4492
4615
5424
6655
4872
1746
2040
1321
1112
6186
6522
7022
7245
431
4858
2034
2611
2920
8538
258
8611
3034
2620
2833
7191
56
8302
1009
7982
9710
3911
9399
6846
6308
2472
3480
4253
4054
2550
6679
5197
2666
4929
5379
5976
265
4619
420
3926
3385
2107
20
1010
2116
2642
4895
4728
4131
363
148
9870
6394
7013
3571
8894
1347
1723
6279
56
9853
5686
8567
9782
4070
9742
2177
4441
4609
8130
9183
4140
2341
1088
1785
277
9032
8431
610
9191
8845
8727
3629
4768
7320
5641
8822
5137
3161
6233
5273
6322
9643
8823
5159
6158
5609
258
9448
7821
4016
6740
4130
3180
7933
2297
5550
3268
5764
1381
8206
7314
420
7200
9624
566
3769
2356
6671
1323
1110
7180
1922
9057
7847
9745
2236
9575
2670
6844
2457
3994
5446
1809
7574
2600
4265
9400
5273
4509
3114
8565
1030
207
2180
6775
7926
4491
505
795
7607
7229
2452
8001
135
5978
278
7903
2127
4078
5113
4085
7802
8046
420
2101
2859
7633
6519
4533
9296
3907
9077
1882
8410
247
9546
8893
4727
2767
9964
111
433
9717
8188
6568
9848
922
6749
2096
6358
1345
207
9652
7407
390
8925
8128
4988
9610
5781
3398
3904
3582
6287
2667
3823
7016
4245
4730
6262
7930
6423
2710
4233
7808
9224
6957
5645
6966
9663
9002
2925
8576
5699
1881
5975
4387
1209
5135
8983
9753
7604
8683
5535
4037
9118
733
641
8559
3792
2884
2804
2571
8430
6350
4002
8903
4247
5189
5896
2264
2428
5694
2998
8453
7214
7678
2945
4960
147
6920
8651
1853
8574
8145
6431
7758
3488
4688
2865
7441
5953
2474
2138
3341
9986
631
7437
3932
7743
4554
2786
6533
7035
7404
8456
6401
9444
6031
1806
1064
6101
118
1210
8913
7600
6386
7346
6068
7643
4665
6484
2743
4089
6571
9225
9948
7351
5590
4278
7743
9526
2891
5219
5930
4011
2441
6095
5592
3857
4519
5089
8828
9609
2127
7348
5499
8915
733
8139
1549
7578
7154
8115
792
2455
7305
4973
225
9811
6967
3542
7849
5131
2197
1481
9632
6937
7117
7515
7012
4672
7784
31
3274
4597
5349
9887
5439
5618
8264
2519
5100
729
7519
9827
8767
6941
6048
8158
8381
9927
1509
2242
5467
5319
2654
8624
8314
2989
4653
6894
7170
5942
1327
886
2043
395
1518
7287
2254
9503
5416
4965
707
8595
7083
6207
8831
8049
2868
3088
4878
686
557
5587
621
3697
188
5963
2541
5042
6573
8044
3009
3503
9872
9879
543
978
7445
6868
8806
9800
3703
9392
1763
6170
6766
3069
6001
9382
9586
7544
5369
7287
3918
621
3327
497
175
2412
6102
388
9682
1975
8971
7388
8935
9156
8661
4938
2290
4702
7908
9589
7886
9552
3082
861
511
2097
5827
7943
3262
219
2305
9881
8083
6237
9354
5794
6674
5130
7584
3744
6471
1989
7575
8748
6899
7219
6872
9133
4124
9692
6051
9394
4029
9893
5316
3659
557
1094
5571
4922
6166
1893
6251
9213
5436
4527
865
49
5291
281
9162
4799
3592
3729
3872
8718
9060
8859
1474
2912
3133
6673
1379
579
5589
3256
8034
9123
6982
5412
5898
6811
4825
3030
4677
8561
8111
2501
302
9654
2896
2085
2501
784
5773
1455
6380
1772
408
9973
2601
496
485
7932
6385
251
7902
5807
7752
1564
6357
4438
8786
6482
5811
992
7435
1215
6700
3138
7358
9950
274
6985
7250
5575
5823
2909
419
4704
6099
6777
3201
8855
1513
1721
4095
544
1865
6895
4839
803
9864
123
9492
4961
8677
9521
3293
1488
813
2830
5497
1112
9418
1165
2486
7940
1989
4612
9707
7612
7024
6982
8546
6118
884
8852
230
2463
9921
5412
3592
1321
6583
7648
7081
7206
7336
6721
4257
3573
7835
5027
1094
384
3164
4505
9483
736
5701
73
2162
4734
2746
3876
6398
824
11
4658
2604
6118
3395
1057
7890
4421
5380
2394
7090
4694
8396
5186
2482
3074
6283
3388
3778
6224
9944
7698
6970
6768
4377
484
3064
6918
6840
6853
6845
792
2514
1205
4233
9250
4413
6440
3350
8322
6127
8176
4659
5447
7617
7381
1433
5433
4893
5302
673
2737
7968
9175
8506
3072
6945
5748
3122
3994
8294
6617
2273
8239
8962
7785
7382
7947
8440
5888
712
8008
9742
7645
9564
4463
691
7680
3458
282
3033
5673
3756
6063
9313
2757
2165
7065
3911
4305
6019
383
2339
7548
515
8537
4258
9555
437
1664
1295
6817
8053
7385
8987
8011
9537
3672
2444
1623
7265
5041
4321
8946
6189
7149
9110
2022
8072
4770
4534
1145
6998
1392
5033
2354
1840
6188
8652
5249
5417
2446
2283
86
1552
2196
5804
9438
5887
5784
7331
6983
9706
9321
9067
1048
6062
458
5754
692
2967
8061
913
1359
5089
984
2205
4950
1465
3856
4459
5857
1714
9545
3091
316
9315
3901
273
6911
4193
1494
8690
5695
946
5923
7389
1768
2181
4916
5840
3000
7278
1656
5926
6000
7289
3272
8162
1619
6206
6354
3584
4563
6345
4075
388
8106
6299
336
4683
3404
5207
5882
8194
2245
4505
448
7294
9485
5329
7636
7834
2213
8553
9140
6877
7721
4394
6126
7041
5976
8806
2141
4539
7873
3414
6749
8258
1194
9099
2842
2673
6314
7229
8295
9947
3663
114
8303
7768
1516
3788
8755
722
492
6268
1654
724
5170
1073
1187
7674
915
641
718
2020
6154
4858
6046
1772
3458
3812
2161
7808
3330
3996
7264
7103
5816
7236
9342
7493
4109
2436
9902
7342
1242
8048
7484
7798
5834
1518
7684
8424
5540
3225
8722
274
2079
5850
2246
1689
142
1386
3477
1238
1513
8582
5889
207
9138
5360
1737
5375
3853
4191
7638
4937
3957
4146
7181
2917
6519
4284
7815
7674
4535
3405
8913
8490
5083
130
8993
2248
7316
7068
6998
8700
6580
3671
4950
2997
356
7187
1828
4976
8528
7375
6800
9090
2833
3254
7883
6662
8433
2250
7955
9582
1852
3243
9222
1097
5236
3922
4698
5779
2905
4304
5317
591
1999
3404
5666
1714
8178
8098
5579
9067
9920
5589
7839
4195
5375
8570
5931
5617
7069
7617
5370
9558
3629
4377
4650
1939
9795
7326
820
4369
4492
3050
3274
4233
2943
3552
5468
8105
828
1941
7796
9814
9690
2670
2704
2584
8675
8569
8047
8423
4577
5770
3758
7598
1578
3405
996
3900
5330
9974
3407
880
9777
5488
5957
71
410
6735
7784
2568
83
7938
5573
7511
8322
8622
3102
717
2358
4589
7559
2683
9162
8424
9350
635
5281
876
3323
2161
5375
4266
2267
7767
5766
620
5292
9161
6962
9733
2777
3450
9958
1563
3633
3526
2489
2512
3586
8885
1032
3521
1081
9103
6217
8486
8000
9170
1791
7647
4774
9537
8492
128
5625
5100
2263
8678
84
74
9942
88
7838
1887
5802
7042
1528
2923
5059
8463
6000
884
3184
8931
7715
2476
3467
5810
5519
210
1566
7980
4564
8602
8621
7190
5723
8917
2814
4604
2452
8812
4017
7674
4808
3974
7623
6523
7005
3980
6849
231
7560
9730
1114
5921
5806
8527
5302
6521
8211
8113
6308
184
9909
119
5430
5866
9288
3266
2623
833
8932
1253
4835
6391
8240
5998
4892
8430
8196
4796
9832
5868
5138
4765
6745
3977
1774
5962
3370
6028
6809
2628
5267
2164
7308
7540
2101
7768
35
1980
3483
550
6095
2124
3378
2218
7450
8757
6905
7352
6179
7278
3965
9652
4449
2827
5853
2767
3777
5187
5232
9202
8514
514
716
463
1403
6003
2601
8041
5240
5179
3240
1584
3493
6153
4506
1510
7553
9894
667
4
4382
8557
5182
5167
2237
1234
110
8601
6695
3106
9818
4720
4361
3530
247
2915
4221
4682
8515
1916
2223
2242
7955
9512
2685
62
542
6365
3361
9505
2917
7877
2660
7243
3333
1121
2945
5144
7968
4927
7543
1501
7722
6756
6145
9757
6609
2004
4826
8213
2258
5407
409
7078
8209
3068
2611
2146
2786
8633
6021
7284
7322
4608
9070
7042
9303
8758
5698
7642
3482
2301
7292
5083
9223
958
1395
123
5403
9893
2268
7147
5843
7347
6394
1141
4439
7774
7614
2351
3830
4971
6740
7487
9944
2667
8288
645
286
4875
6286
4174
2625
2279
3024
2246
6339
7497
7228
9112
9154
2468
2318
3029
6355
33
5610
2770
2076
3474
2705
4582
6245
8281
6364
8868
6576
1647
360
7774
2722
1056
829
4999
6470
1634
3738
3188
5596
8658
1747
6570
6903
5013
5972
9842
6862
2831
4152
4172
9860
2911
9780
3112
8563
8501
541
5456
9599
419
7990
9228
331
9352
8212
7177
2593
5283
7738
2531
1016
6329
7235
9835
1615
6765
5416
2024
3390
6737
4916
1503
5581
5419
2151
8697
8747
5116
4291
1995
7218
687
3619
9299
6249
2491
9191
5260
7937
2207
7935
911
4581
2121
726
929
156
4748
9716
3235
6532
1771
5980
5037
1811
2700
5964
8863
1689
6321
6638
9858
8074
6631
3962
8210
5396
9701
1220
1917
6935
3564
4762
3519
8950
9304
9116
362
12
8541
6028
8172
8435
1639
4765
9633
5673
4379
6444
1350
3732
9209
1669
8518
9273
1057
3559
1723
3539
7301
1423
7741
8355
4763
2464
2969
9370
2253
2981
8778
9582
8625
3939
4605
7569
9396
5889
6454
6041
5740
5049
4572
9181
1876
5598
9559
9148
8002
7175
21
3908
6459
5969
5976
8164
2266
9366
5556
6025
9793
2455
5240
9383
1294
5078
1044
5535
9598
1590
4552
1148
3069
5448
5701
9492
8299
3356
8287
4926
4580
946
9415
1982
5309
2637
4389
2611
455
2103
6866
3304
5064
1959
4261
9120
1465
3618
5886
8731
4686
6717
1005
1989
8186
9220
8794
7485
1415
1846
3003
821
692
9853
9649
961
7319
7222
3992
2547
4729
4157
3914
4664
7071
2820
1678
2698
175
8984
7578
9810
3443
5776
4324
4276
2907
6164
9940
9861
3619
9274
9874
7717
5555
586
2073
8724
9600
9910
5882
2701
3220
8373
6313
1654
4545
5976
7365
2310
2986
2249
7713
994
2862
8788
817
574
315
4539
7001
6212
5124
3604
2221
4794
2266
2944
7164
1684
5878
1427
834
5210
1659
8779
9477
6640
3519
1397
5995
8081
279
1110
8301
1445
5552
1201
4120
4659
6524
6844
1475
6777
5347
4569
9335
5030
9910
8308
2896
1480
5927
2659
8105
5760
3738
3513
5398
7221
5698
4731
9018
9605
6010
2361
969
2666
1726
8544
6534
1782
2863
6459
3670
3211
7991
2007
4652
7889
3217
2690
5423
7700
443
1451
5627
1863
2002
6476
1177
7633
6854
441
2907
9511
6442
3270
4456
5095
101
8611
8380
1920
1857
1477
6176
2065
6445
5850
4692
518
8724
7192
4199
3850
1728
5056
3474
4753
9244
461
3549
9454
2542
8592
6177
5309
9133
3609
1774
1441
7887
5907
8741
2460
957
7637
5072
5697
21
4975
2806
9045
303
7940
2378
2591
1564
5207
4935
1288
6169
1175
4940
293
5574
4920
8106
1946
1727
4924
2209
237
4687
712
5848
9449
6874
8832
2744
3277
9153
7301
7027
3974
7094
983
5455
4288
218
9412
8014
312
49
642
7475
2082
6100
8501
8846
2216
397
1488
8851
3693
3990
7734
6898
8043
3436
1054
3946
8117
1093
9847
2616
3964
8853
2258
2990
2810
5447
3763
8236
3544
2437
385
4352
273
9928
3608
1631
3621
9453
8580
2663
5190
5179
1990
2874
8281
7441
3195
2125
2046
7985
5395
6721
3757
5301
7509
2973
1661
3991
383
2667
1610
9069
8759
6368
3990
5917
5933
5486
4378
7298
6027
5118
3819
493
9993
3263
1348
6563
511
8547
3443
456
8265
2590
4875
5467
1034
860
4121
8119
7246
8675
4360
7990
5594
8000
2454
3605
1969
8289
3220
9239
2368
5221
8830
744
8522
2354
7447
5953
1818
8199
2775
4508
9883
6540
9573
5382
4112
6825
2600
9018
2105
7295
5600
6941
5087
4944
7364
7971
970
3275
2930
5466
6040
5894
5729
2532
677
4815
4735
7229
4013
6881
2351
5264
4539
9664
6272
958
3506
5796
1772
8184
6563
3706
2094
9156
1811
1302
816
9794
6324
8925
1559
4630
2537
5431
9090
2111
7260
6597
2472
9696
9858
2446
8545
1018
5395
3803
8393
3006
3708
4376
1341
8478
6739
7453
650
5890
6021
5500
720
6480
285
7272
8480
8320
8120
9014
6954
6382
5883
160
8252
7920
9159
9025
1596
5053
3168
632
1064
4054
805
355
3752
3672
8058
8559
3427
3112
2
7808
3813
5244
8515
6094
3803
1226
4574
4574
8010
3397
6969
7039
5078
8915
8094
8176
6320
958
4025
9780
6251
417
3905
4229
3159
2502
4767
2770
9092
5555
1919
4075
5854
7920
9009
9843
355
7810
3950
1514
4682
5642
6218
378
6560
7397
7730
6373
136
4020
9556
9099
9032
8967
9424
6111
4119
743
846
7652
4013
1684
5057
2733
7844
6953
8961
2926
9279
3840
3234
9396
3579
6865
9114
3139
3238
1010
3083
7547
5351
3099
389
4381
3816
6402
8584
1258
2466
3497
7519
9061
5104
8845
384
106
7071
9179
5307
4916
6454
1379
1292
9499
2274
9044
5512
4267
6292
7381
4960
1007
7676
2184
6160
6927
9255
9009
8146
6578
5292
3271
5568
8132
4441
1457
7433
1868
423
8295
9658
3086
3355
1166
3522
7333
4055
6061
4993
9276
3105
6814
2998
5356
481
3597
8270
2818
4408
9807
8904
3990
265
9871
8696
5234
2081
3676
4419
2293
1834
2357
5907
5424
431
7858
8146
8416
5889
4834
6235
6305
4928
3732
7688
9010
1635
5127
814
5406
8411
7525
2399
260
2450
8227
7804
6570
4785
4619
9267
4140
7137
7957
6617
3107
521
8757
5772
498
7242
1597
1315
4765
8016
4900
4314
2185
6084
5889
6553
3983
4958
4816
1475
2497
6087
8123
2742
5749
8918
3509
2237
2094
6805
8628
62
9466
4909
3459
4994
1850
6465
6067
3821
1590
623
1820
3156
479
9767
1195
7718
561
4213
83
5972
1231
22
7005
304
6806
5079
3009
6489
8245
913
2218
7036
9251
3516
3667
910
3804
9246
4233
405
4103
6161
332
865
5782
5537
1648
4306
3565
4490
1208
6175
6083
9223
1064
5397
2473
2096
2063
9772
6922
3038
9612
3093
6832
2269
3257
8031
3996
1952
7606
6258
2939
4508
9470
1369
6658
3594
7055
4743
568
8075
6337
4234
6276
3289
5955
6794
5269
5264
5082
1335
272
3820
2691
5723
3301
690
5049
8520
5508
9329
2421
2350
9584
9591
3885
3492
3126
6556
4300
1975
1277
3842
5244
7805
7432
3531
7039
1432
262
461
9166
2933
5316
7982
22
2813
1745
7533
4851
7628
9039
4952
6598
8410
8823
6628
3953
5569
3736
4328
3094
8867
7420
5863
7308
8452
9020
8500
3870
3497
9872
1033
511
3359
2052
3101
7986
8655
6479
9878
8320
772
1828
9969
3430
9491
7357
9429
3498
6956
51
8000
249
7685
5891
4033
8020
6770
9243
1415
1979
4974
3202
5791
1147
232
123
8862
7281
8085
4799
162
5821
8152
4133
932
2149
3283
1357
6499
4621
2762
3390
5066
7366
5887
2011
2426
8127
6447
496
2114
9377
627
4624
5671
8847
8354
9072
4654
8580
2799
7639
2139
5631
437
4610
5964
2026
7615
2886
2474
7224
3075
84
7899
8860
8758
9443
5514
203
2860
6612
2661
7320
8549
3281
5459
8496
7578
6470
33
8550
8028
449
8030
800
6742
5567
738
8009
8885
2812
3992
1704
4469
2785
5590
275
1119
8656
6899
4008
6713
1380
1290
8362
3706
5867
5018
7423
6595
3974
5803
9777
3521
1196
528
6972
4888
2075
8936
8465
5769
1538
2555
6433
6478
6239
4757
1709
5536
1254
9329
5390
3115
1057
7550
9751
6711
9767
7992
6167
1139
9959
8967
3126
9518
6797
6606
3261
6430
7649
2172
2722
4959
8777
7293
5414
4428
8513
1336
2561
9082
2221
928
8488
3264
6113
4858
8391
267
4133
7339
2269
8142
7967
4948
2803
3505
5991
5151
7443
5643
8344
5828
9901
3770
2438
5389
8089
1138
4346
1412
5121
7331
4709
6740
6650
9873
5616
5164
4097
54
1528
5289
9464
8538
3009
6915
3738
104
968
7861
6247
7358
1123
2490
4927
6170
211
2581
4626
5005
3641
5351
4608
3791
9373
3822
1152
1181
3238
1414
83
5640
1383
2051
5018
2558
2245
4821
8721
7408
3785
2964
9738
2869
7343
5691
489
9042
4461
6919
5678
5902
4375
2782
2190
3078
1781
7998
1709
8295
3481
1372
4651
7261
1239
5761
2153
3206
9301
4030
6857
5752
494
1024
9277
2314
2424
7940
2145
6030
1319
7472
9439
5298
8477
3837
4565
6496
9769
3329
2467
8946
7359
562
7671
4187
6226
8451
8075
5046
5968
6846
418
9719
6553
7996
7841
863
992
8734
4742
8159
6082
9994
8113
810
1666
5706
7696
1510
7078
3782
7925
2364
3529
7315
9674
1723
6157
6033
6674
7348
7480
2855
332
5871
1152
8283
3057
2373
8177
5851
2787
6874
5092
1270
8006
9511
4174
9465
1228
1875
3149
4898
6110
2519
964
8378
5758
4777
9139
4946
3595
9760
6020
3111
5265
8883
859
9872
8999
726
9468
8472
4623
4095
1119
4767
3635
4342
1742
5635
718
2269
9655
4679
513
4451
6625
9724
6425
3404
6637
869
546
2430
2210
492
6603
398
2498
4546
7848
3603
3196
1307
3339
9105
9783
1027
3117
3530
6991
3036
1717
8280
5978
9811
6462
2134
361
9592
2627
5254
3943
6217
9790
9066
6936
4351
3497
1965
7260
7291
1840
5782
5219
3458
6782
6082
7465
92
8306
1306
8088
9554
1086
6022
9413
6519
7567
943
9218
217
4307
4833
2307
2162
629
2524
334
1754
6097
4
2842
9965
2452
1555
9953
9960
1254
2096
4368
3579
1403
7993
854
8556
962
858
4768
2897
3715
3243
6569
5814
7141
954
5696
3733
8516
8217
8254
6453
521
2000
3415
4872
3521
3431
6023
6764
6685
3846
7318
6318
8530
793
4960
7690
2987
2889
5291
2734
8244
6601
5816
6890
2453
6909
4786
4706
1703
898
1910
8311
6509
1760
2293
7040
9092
3735
1068
5855
6755
6630
7418
8883
8562
677
5360
9861
8104
4494
8598
724
2801
5673
8271
2826
513
8462
7508
7430
3514
4856
8398
1827
8378
9242
7712
6668
8462
2701
6280
5281
3245
9449
9388
6142
9034
8480
1254
67
1380
495
7166
1136
438
8190
7310
8080
3986
7767
188
6826
8263
1023
2068
509
3571
6823
4
616
4842
5056
6554
1370
4423
3099
8090
5367
4766
1418
4656
129
6928
3020
5566
9155
2056
7530
2017
1969
7177
494
5969
2704
8819
6533
1799
1458
3099
8852
4544
3089
4786
1257
6925
5024
5020
2302
138
3123
8200
8526
3520
9227
4511
9016
5021
5628
2915
4720
9469
8559
284
8312
8150
1714
2141
2579
1005
9291
9282
857
6262
4660
3485
182
9774
7275
9672
9609
8195
7555
4977
2583
1224
7530
7356
7349
9350
6515
9761
5998
648
2008
4417
9952
9782
6152
1905
3120
8589
3731
4360
3273
5297
5827
5259
3728
2053
8936
4789
2934
8519
9848
2471
7946
2392
4059
4978
2699
7021
8673
5762
7464
6614
3909
5764
86
5054
8263
9032
6819
9434
7859
6244
9209
2014
388
9411
5596
7755
9432
6571
2465
5560
5524
762
2534
1135
2509
1094
6985
5368
1880
7311
3797
8150
2717
9397
3732
6518
2779
4750
146
9466
7793
7993
6046
4789
225
9677
5655
4135
5595
8314
7887
8845
2174
9399
3507
3818
7469
6969
7927
3073
8784
3557
154
5740
7266
2578
1690
743
6173
9764
7270
2142
5042
9473
8172
7399
2370
9998
1618
1794
9120
6807
5605
7849
5085
1180
9394
2757
29
3246
8309
1210
5135
5323
6711
5060
4474
4381
5506
1494
4498
1933
4918
7734
9172
7378
723
5159
3735
6225
428
4687
8481
5067
5639
9895
6409
7074
6657
4738
3099
9343
4145
9632
142
8119
9340
2899
150
6831
8175
6877
4077
22
7411
1534
9424
953
7283
2138
917
1783
7223
3389
6058
3024
4724
4493
6736
4128
1850
8021
1357
6827
5572
7903
6172
8011
1416
5951
4481
3893
7800
1438
8912
8324
138
3256
2977
4904
6417
9015
6185
9346
6111
8452
7868
9817
1896
633
6662
5054
2115
5784
9780
3293
5462
9819
7817
414
5066
2922
5340
6692
9542
2710
2863
6361
1645
213
9824
6733
8336
3948
3546
9917
8418
2575
8469
2699
2279
1989
3545
6999
8002
221
3159
2973
5362
9198
8180
3923
8210
7056
8052
2623
3205
8716
3429
2955
5094
2444
4412
1970
722
195
9534
641
5952
232
6214
5799
4018
2517
446
2289
2276
6758
2472
1507
6014
7278
2380
4744
5434
2902
7959
1035
4507
653
1687
4472
1401
2715
3617
2860
7824
2595
1057
1082
8290
515
4714
7446
8035
7633
6493
6024
6017
87
2788
6305
6957
212
4231
5335
9867
1389
2490
6443
3286
4586
2606
5074
1333
480
7424
4904
384
8759
4948
5358
6439
1668
7786
401
4996
3360
2771
6581
9031
230
5182
3475
7688
1510
2642
8922
4121
7660
7596
8178
1274
1970
535
6814
5497
8611
4316
6562
9851
9415
4842
7026
3682
5726
5475
5154
2141
6679
175
7056
9031
9842
5893
7785
5117
3439
227
1255
3779
6965
3682
3908
9739
6165
8264
9451
9735
2202
8776
6754
9533
2646
3321
6854
574
5507
8215
2199
645
8904
3837
3460
5669
5343
9787
4726
2620
4465
9452
7455
307
6949
4843
8113
131
8580
7802
4536
1991
9225
6255
7659
1294
9102
6690
7713
9544
6086
7004
7135
9104
2811
8183
7948
2272
2027
4289
7322
2951
1589
7955
86
9036
5324
7520
2610
6426
7789
6766
6228
2139
6108
4972
7726
6991
7308
9536
7659
3688
9312
1639
3357
4867
4384
883
1235
1531
547
4655
1740
1680
5054
9934
1329
2129
2956
6185
5106
7480
7231
3788
692
3557
9639
9967
6123
3693
8241
5981
8656
6979
1005
4557
9366
7606
4452
1136
1912
3018
2758
8100
6028
622
8460
4784
8715
4029
15
7367
3823
9441
8226
3256
9471
7591
2629
293
2146
2280
4348
4074
9294
2280
9398
9297
8494
9032
8355
6396
7237
9981
8288
5460
6186
1180
4059
7597
1087
4913
1178
6874
1826
9707
6054
6688
9407
2616
9958
8455
8716
9041
775
1016
6953
7199
7115
8651
4988
713
4944
4134
1383
1512
9584
3883
9449
7225
269
6033
8004
266
8792
7724
5692
1697
9629
6208
7191
6613
8023
6539
9303
8171
2289
1892
7481
1910
2162
5601
705
7716
6866
593
1921
3442
9007
5970
4571
9753
7613
6631
1187
8771
1754
3617
6223
1122
1461
3818
178
6073
4959
4110
9688
6938
8239
9712
4467
1381
9084
4550
2173
7025
5016
1646
2689
8790
2650
9159
199
4904
1638
8427
8680
5548
3698
4981
5971
4323
3852
3455
2571
7297
7428
9586
1594
9970
350
5885
4995
6885
6622
8766
7574
7975
4358
3030
1204
2559
4172
5886
3000
5885
8620
7863
4856
7295
9755
3714
1620
8060
1724
3299
2149
8374
4134
3253
7536
1928
9555
7476
8754
8936
6872
3389
7095
8182
8607
5807
666
1892
6321
4986
1929
4016
5472
4965
6382
4666
6105
1153
5269
2869
4361
8540
4636
6867
7775
2212
530
9674
1132
9399
1146
8514
1328
9265
9985
7830
99
6400
1175
8313
1200
7551
9350
4691
2347
2373
2632
3495
815
161
5829
3927
2210
629
7459
3070
6370
4312
5088
1711
1357
3559
7983
9437
471
3065
2606
7270
6374
2631
7825
9659
176
5370
5302
6049
2148
3131
8815
8769
1130
8585
4115
2366
8187
6249
9945
7133
7618
6248
1963
8902
9594
1885
8078
666
9015
8800
2995
8672
3246
4737
7410
5896
8571
8433
6801
4495
7802
1843
5485
9470
9942
2978
3031
7046
6605
9402
7640
3959
1011
4209
3184
9898
2491
2193
1448
9544
4864
2135
8507
4374
7308
4968
1276
9074
6905
5238
4852
7555
2041
9635
9427
5098
9162
5992
1080
3508
7794
7587
8117
3842
4000
9031
2821
2786
2073
2387
5373
3205
1420
8556
3143
4013
1510
1869
6025
1858
4947
9423
7005
6723
8724
8026
5944
2152
7247
7397
1419
5543
5086
7900
970
104
6634
4535
4156
7114
7621
7496
1935
3309
1941
4478
7791
1600
6101
3270
4611
276
3082
7055
8302
811
4937
2435
9946
3445
9382
8588
5902
6684
7990
394
275
4542
5449
8844
396
3075
5280
4447
8537
9312
5544
1207
9726
601
5143
8331
6185
9978
6905
5080
4814
9696
901
2626
2086
5609
9535
7893
1408
4600
6041
4488
5014
9828
1535
720
1109
3142
3274
7630
2211
5067
6329
7424
3439
5246
4050
1411
4888
8140
4116
4496
4885
592
1725
7969
666
5521
4605
2797
7619
5052
4757
8721
6641
5629
5639
8691
4400
6641
5999
4083
7025
8286
879
8450
6420
9402
4149
85
6286
4123
6386
8893
7759
8935
5199
927
2794
9317
6598
5746
7473
9278
9854
4660
3267
8317
8448
2873
4605
2824
5662
2613
4343
4721
9190
7656
7165
3803
1421
1901
9642
6261
5118
8484
8010
5118
6818
8045
322
8675
2888
4931
5998
2959
9066
4770
7492
7965
5791
7436
6812
1004
4750
2263
9494
5197
5778
2164
8398
5708
6374
3413
175
5452
8518
6377
1195
3319
7124
6274
2926
24
7629
674
8358
8307
5026
6786
2805
449
9528
1982
4365
3490
392
5428
331
1415
8467
83
4585
2356
696
2129
447
9478
5957
2801
7197
893
3983
3810
4569
1845
3309
2649
8692
5728
154
6767
2210
7678
2487
2488
3828
5989
244
4286
7744
2848
5291
6096
6242
981
1272
3178
4692
1396
3502
367
7556
5825
7528
9675
867
5548
1076
1005
6137
671
3370
5650
7770
3651
2798
3068
4998
9939
8772
5278
6679
6934
3427
3240
699
8847
5790
3315
1933
7217
8474
5675
100
6450
4202
1542
8541
3514
4092
4826
7259
2632
3649
1568
1506
9811
1566
4773
4884
9673
6765
7070
8733
2090
1218
6947
7971
4798
9621
3500
1102
7242
4044
2163
1314
4748
4552
2279
3635
4010
9307
8905
557
3784
2579
6950
2406
5084
8886
2460
135
5533
1851
7937
38
4892
4886
1354
4325
5973
9354
8938
9996
298
6704
8650
7315
8453
7128
7703
5023
6208
2453
1826
3205
8783
4186
9812
9751
9081
4596
3965
6449
2750
3810
9013
1384
7459
5004
6616
7741
3880
8290
6523
4879
4985
5854
4792
2753
1483
5082
8101
2881
5846
3091
3667
4274
1988
3982
9884
5599
2995
3931
2265
2380
1562
526
8437
1500
6136
8042
3015
1822
7975
4172
1014
8405
6082
889
5291
3658
5719
9450
7635
2223
4704
1998
3436
8862
1658
8732
5824
4234
5036
5439
7809
6018
7369
6591
8523
6360
7350
5218
8059
7633
7590
7812
5913
157
1376
2913
9457
7818
3540
3211
1638
4350
465
5754
2010
647
793
7069
115
3453
9329
8924
5338
4810
271
8388
1844
7201
1982
2181
8208
7589
6728
8686
857
3369
9527
1882
7762
121
9414
5649
2067
7550
9985
3132
1935
5163
1170
8862
2303
7081
8117
6291
4766
5037
4986
7507
7159
4108
3108
8739
2775
6306
4370
4030
2828
7090
6758
3450
9466
541
8495
5951
9435
2125
792
4352
9825
4604
1648
2646
7694
8478
5804
3835
1196
5213
1542
4327
8818
9957
4813
3471
3611
7085
8686
3184
1820
2340
7826
2937
4088
187
9195
5080
1341
9364
415
1768
5947
6441
1258
6122
6569
433
8365
3545
2638
7323
8764
6813
436
6155
5023
1815
3317
4966
1535
2262
1145
6627
7584
6150
4878
162
6940
9530
5469
5316
5534
5589
3181
8013
6766
5507
6978
8007
3171
7255
7114
195
2527
5250
9255
5275
8936
5953
1429
7422
928
2268
7822
8328
3997
3892
5240
2262
4763
1270
5700
6358
2903
7203
2160
8161
3921
896
2401
3202
487
6764
4738
179
899
7707
6505
4468
2103
3267
8198
5264
5127
9761
3986
9563
5242
4964
5010
5175
7769
2357
7597
9877
2943
1924
4368
8033
6016
9028
4614
4534
7287
8125
2706
6044
7115
6868
8533
3307
3297
2387
7301
8258
5032
6442
642
6470
5694
9052
9348
6093
7940
9015
6750
2617
6105
2101
9915
5542
8803
955
2923
634
5214
8376
5845
7572
7443
144
6938
4336
387
1761
1647
9331
5880
461
120
1381
9656
2470
5866
6233
653
7558
6263
8010
306
1204
8004
30
306
5444
2532
5971
3777
5260
4842
9558
8990
9716
3318
2166
4770
5797
3045
4881
6857
2915
4597
2399
8076
6746
364
7248
2908
5921
2430
75
7104
4841
2199
1646
5067
572
8640
4503
2251
729
4309
1925
8533
3097
2013
23
3764
3851
3614
8550
5982
2639
2884
3950
4081
4969
1942
2389
5210
9504
5485
6523
2950
4516
9069
1028
2963
5090
7654
7978
2877
1224
8145
8070
7575
7990
5773
9558
6875
2229
4045
9112
6613
3143
524
3286
8629
9679
6041
9845
5350
3967
5359
4448
9690
9206
6914
1556
7606
5798
6027
503
5264
1216
9159
7241
767
3122
3682
9661
1942
6929
1268
1145
1818
3777
4109
3826
2982
9116
242
5531
1202
3790
3776
6838
3487
8488
9189
6704
5078
9989
762
371
3912
4159
5110
9909
4185
8151
1699
8002
8761
3105
9382
203
7273
7573
8282
4863
6310
9853
2714
4927
1695
2377
6486
4154
9714
9639
850
7874
1887
2415
7702
730
3514
6945
1431
5668
860
8784
2673
4977
3506
5302
3542
8928
4919
6014
68
6067
733
7933
2566
4930
507
4314
3243
3143
1817
640
332
4641
9126
1780
3954
263
2491
3820
3545
4719
1516
8237
3837
746
7183
5124
3201
2945
7160
500
1260
5069
2514
5837
2101
5936
8827
7302
2845
9641
2512
42
3697
41
3408
2687
7593
1052
644
7613
2080
3097
2205
4164
5913
1698
6086
2456
5173
5896
7969
9300
6583
6382
9979
1582
491
3319
76
4668
3645
7631
6934
2508
7493
6104
8678
6961
4612
6052
2083
6688
2397
1873
6302
36
2235
8259
5664
4036
4099
8692
9467
5576
3212
6230
7388
7600
7713
1855
2021
9202
7675
1248
1131
3952
6799
6086
3972
7948
1600
5956
103
546
779
9696
4340
5895
8186
3296
6654
6039
4291
1389
946
9689
2429
6050
1894
349
9310
6862
2650
4644
2218
2860
6573
1735
4889
8503
4148
1283
3669
9666
7000
5307
4063
6783
7739
8584
7139
7846
8388
9578
4606
4897
1326
8105
1086
9549
4974
6148
1325
4823
3963
3532
4307
9598
3742
1009
7713
370
7328
6444
8048
1898
6520
8910
4994
8586
3071
9692
6992
2040
8654
9081
9455
48
6944
7678
349
927
7131
1479
1480
4343
4099
2221
3258
50
4532
6519
6733
770
2831
5359
3104
5317
8476
8811
3868
237
9452
6695
7350
5823
8080
6869
323
9625
7351
9304
6050
2440
4521
7365
4888
1302
5290
3593
1234
8837
8450
8263
8375
5551
6035
3476
1495
1738
7025
7113
3546
7053
9802
2541
5155
6980
9569
1546
2541
691
6180
4948
4978
6174
5336
4
1724
8328
7969
9064
5249
8151
6576
3963
7690
4306
2161
1755
519
9161
3788
3700
2866
8895
4164
1565
4757
7953
1733
1206
4484
2986
5605
8284
3012
8614
8642
1965
714
4716
6571
9730
1194
6373
6260
4610
873
5538
424
1131
7377
8514
8502
9537
9745
1318
6719
4192
6373
2726
3009
7866
6151
8763
433
7231
895
7532
7215
5428
9490
4284
9805
3846
5735
1905
3061
5670
2344
3472
1430
2341
3764
7666
9167
8753
9355
9553
7052
7865
4565
2688
7636
8906
361
2913
4684
725
5739
151
3278
5415
7286
4288
9441
8518
7403
9739
3603
3395
5143
1101
8191
2135
6575
9944
4272
7861
8117
3264
8782
1048
5753
5929
1458
4755
3898
1740
7621
4562
3285
1402
1422
8080
8225
7927
2087
3466
3314
8494
7278
2477
8989
8335
4229
5109
9089
9598
7784
3363
7042
4413
7849
4448
9436
1687
7100
6565
841
8627
2895
9981
2973
4348
3141
6539
8745
8379
681
5020
4583
2607
6064
6278
4332
2696
2502
7121
1378
466
4465
8887
6719
2017
4780
6957
3547
2575
2597
5158
7695
6474
90
4410
6119
5526
7771
5474
7957
73
465
4296
7715
5418
6144
7591
9672
9914
6588
8308
5177
492
542
5881
6169
6005
3196
71
9391
405
2864
37
8866
5388
5837
6474
8443
736
7171
3316
7032
8581
8713
947
9521
4113
5421
5660
4362
249
5505
6209
881
486
421
4378
4917
6643
852
4170
6014
6004
1962
9366
5510
733
5641
1080
5532
2544
1874
8139
310
8721
6767
4587
1348
5545
452
3993
6252
7269
6012
7081
9115
299
291
1029
3911
7823
4773
2022
5327
8357
4502
4602
8584
7875
4200
7437
458
6619
2763
8091
4838
3872
6013
2044
7951
4932
633
2366
6165
3056
212
2727
4664
3175
1051
6641
9800
1808
265
7763
7369
7661
7937
7703
4954
6937
6991
2236
9927
7232
4697
9676
394
5482
6521
1122
7995
6972
3933
6416
9956
5664
8537
7336
3262
2142
1300
4619
8477
5401
9935
4241
2737
5760
502
4133
6319
9058
2571
1717
7886
5226
673
9140
4898
4152
8143
1207
2495
9633
5355
6733
9109
1457
196
5511
3599
7119
8602
5867
7850
6063
2817
2397
4346
3973
6048
7228
1086
4985
7978
7305
1487
6214
6770
2098
6486
9723
9008
3846
6843
7242
4149
8483
584
8271
2991
9924
5716
5327
7847
3312
7580
3857
1800
9437
9230
6910
5287
681
4343
8428
8167
7460
7108
2127
3288
1892
2493
8929
7445
5821
1695
6863
1554
4124
2578
9627
113
5170
3185
8825
1373
9055
9606
5752
2402
5853
3814
2228
1065
4057
5237
8652
1117
9564
1696
4390
2979
4906
3837
5749
6934
9594
7449
4267
7156
2594
4108
6070
3658
5385
7311
8430
9509
1031
1835
7764
9338
4356
848
6909
1470
3633
7632
9727
80
6901
4060
9620
8484
6292
2195
465
9989
5635
7243
8773
1696
2519
6299
8561
9828
7181
5888
9823
3311
2675
2978
2817
2648
7675
8502
372
5552
4635
1308
9700
3813
2293
2966
173
7587
3939
2702
8504
7838
2609
4944
6561
4533
2284
6705
5782
3800
6742
9155
6232
4275
7015
3639
492
3226
511
5777
3017
4169
9562
9145
4509
4701
7756
3154
7768
1174
7491
1603
214
648
1941
2419
1146
728
3411
8435
9978
7558
5710
8702
4451
2701
1896
7438
1682
8269
1524
6330
6050
2615
6928
5083
6537
3787
5203
4058
6761
824
6824
6716
5432
5481
8129
849
7413
8821
8512
2200
9487
9792
3311
1169
1438
551
7655
9612
8025
5254
3261
7179
9682
8090
6393
9137
5575
8180
9767
5207
4438
3768
8938
5606
1872
4729
6748
2881
9717
2345
2917
3368
4722
4548
6650
6827
2382
9255
762
9598
3079
9506
4614
241
6359
8259
1160
6257
7852
4337
8546
4630
500
3227
9341
