5846
1
3997
-2098
6003
-2044
-7524
-4835
-6560
-680
559
-2942
5704
6885
2056
8226
8955
2963
-7223
4549
-6184
-7460
-8952
5117
-7222
-8706
7701
9440
-8473
8357
-2
-7984
-8002
4535
-2340
-6975
-6137
-1443
-4352
-2235
8024
-7949
-6718
-7529
-3388
2457
-619
-4881
5038
2313
1183
8388
5396
-7050
1090
-118
7361
-2914
-1171
6503
-2362
-4917
-1736
-1402
5499
-7234
8180
-6941
7959
-2372
4286
5631
7891
3338
-7863
4991
-2786
-656
-2717
2431
7744
-8323
-3498
-7097
1291
5850
5817
792
-792
-771
-4328
1102
-413
-4498
-87
-8473
-3786
1704
-7363
1423
-6745
-9123
-3709
4870
-8796
4517
9712
8288
8504
-8402
-2739
6125
-3912
-7999
7257
2695
-5824
-7778
6679
-34
-8188
6153
-6118
-1995
-715
9227
4820
4354
7425
5988
4840
8912
-3498
-6951
-3731
7210
1157
7572
-6783
6258
6956
4465
463
-3651
-1255
2866
9157
9469
-3890
108
-9713
-7163
9239
-2168
-762
6034
7515
9723
-6979
67
5261
-2052
-3153
-7046
396
-3329
4555
5875
2735
3622
9350
-7728
1853
-1621
869
7201
1484
-5245
-3819
6427
1781
653
-9813
-2237
-7900
4051
-1215
9798
7369
3530
4935
-214
-8604
-9915
8478
-9659
4306
2465
-9867
-5382
5817
7833
4974
-708
4830
-5917
-2560
6525
-738
2377
-1602
614
6016
6213
-2793
2007
3421
-8942
4405
9346
8922
2812
-7742
7160
9873
-8321
-3455
7658
6666
-1370
1785
-1269
7754
7845
5574
2256
-3347
-5752
-7275
5319
-2492
-8986
-9504
-7965
9954
8131
-6749
9208
-3693
-4314
4651
6878
9404
-1455
-8483
3531
-2808
5926
8526
5138
-7783
-7108
3251
677
2335
-2503
8407
-3156
-3802
5257
6513
6067
276
-6590
-9473
-2696
-8945
98
-4896
-6424
-833
136
-7630
6967
5712
-7253
4175
2368
6999
8518
-8838
-608
-6353
-4905
5724
8813
9046
5792
8078
9221
2054
4930
-7970
-5490
-644
-2721
7426
1977
9456
7113
-2736
-1330
-3946
-8745
4201
-4174
-3496
1347
-2054
3888
-7953
1884
-3663
-8003
8167
-4462
7225
6397
3519
-2584
-4388
-5907
-896
8065
-3471
9173
-878
-2481
1334
3262
6333
6080
452
8413
-1632
3535
-8493
-3028
8436
9158
2943
-5942
-694
7801
-6603
1792
6458
-9310
-8857
1720
3344
-2945
3858
9733
-7524
-1759
7895
-6559
2644
-425
972
-1123
-1763
9514
2116
-9832
8934
2042
302
7484
9467
-6780
6316
-2023
7140
4970
1327
-6029
4051
-7701
5227
6674
6059
-2987
948
9117
-5086
995
1138
-7897
1844
-9229
-3182
-9639
1152
-1554
8071
-876
2262
9744
-8215
9109
-9735
8550
254
2717
1245
-1806
-1397
-3120
-5672
561
8670
2245
-325
282
1023
-8172
7685
1760
775
-5575
-6328
-574
-1034
5301
4690
-7889
4882
8885
7936
-9491
1220
-9159
7349
-9159
-430
-1595
5432
-3025
6885
369
2688
3258
7798
-7995
1973
-6774
-924
-4285
-227
-7797
2933
-8406
-7661
-5487
-8104
3385
6035
-5477
-8954
977
-8816
-8587
719
9749
-728
2167
1749
1139
-8833
-2999
-7780
-8617
9947
6091
-3741
-1530
1579
-1968
-9387
7224
-8948
8138
-8768
-7851
2820
-6748
-707
5052
-1225
7654
-5886
3543
3516
7870
2482
-639
-2557
6864
-1665
-1490
2110
8454
-6369
5942
-4944
4037
-4494
-148
-3148
-4451
7722
-115
5210
6313
-3966
5747
-1398
-4816
8147
-4048
-7508
8307
-2414
-1371
327
-136
-5557
8219
-1671
1567
626
3824
8866
-5378
6201
7732
6441
-8961
3633
-5724
617
8767
-1233
3788
-5979
-7840
-1324
2281
6586
-5253
-6373
-6266
5678
5060
-6217
-1982
9814
-6048
1374
6827
-8008
7235
529
5026
-8351
-6360
-622
-4669
-1081
5951
-1469
-8632
8971
-2
3153
5631
5173
-6679
-1081
4096
-2610
9232
-5705
1653
6667
-2150
3714
-982
-521
-7799
-252
9772
8228
4049
-5961
7886
768
-8521
-3534
9032
-3102
87
-371
-2908
-5656
7067
-4207
4558
42
-5456
3123
3847
-5612
-7820
-6181
-5573
4450
-6874
-993
-991
7088
-652
-8485
5188
-9819
-3509
-8570
9301
1039
-6186
8176
-7179
2147
3788
5212
3652
-2684
1564
3443
5829
-8010
9859
-1312
7933
-4146
7845
7088
-8039
-357
-3132
1340
-7102
-9827
-2543
1689
-160
-9168
-1055
8056
-5520
-9904
6818
-6593
-6332
6560
-9100
1347
-642
3417
-8097
-5432
-3833
-687
-9119
9838
-8935
-1880
4692
-4245
-8145
7112
3632
6002
3801
1157
4117
2072
-5113
-2742
6045
-3788
957
-8883
-3996
-6142
89
5992
-5817
-2165
-2377
6591
864
-3126
-9552
-3918
1040
-9958
-4433
4165
8387
-6294
-7589
6325
7203
5363
669
-4668
7756
7473
-3552
-9268
-8803
9545
-2264
-4303
1243
2125
8976
-6722
-8514
6553
-7108
-1134
4474
-808
-9415
-3398
6593
-8062
-5591
-4410
3757
3493
-7627
-9853
-1901
-5729
-6384
7812
-9604
-921
6244
1815
5616
-1720
7457
-8649
4367
3435
-732
-2201
-9601
-7467
1374
9588
5659
8093
-9210
4702
-7345
9196
4948
-2346
-4662
1827
-8340
8292
3612
7172
1677
6613
1093
7278
9115
9530
-303
-5317
5516
-8937
-2496
6637
-2666
-8324
-3925
5162
915
-6074
-1964
2184
-9592
8229
-3556
2580
5291
8608
5738
-3653
5171
-7676
9360
-9133
8431
-8847
-1272
4529
9236
-1734
9030
-5675
8705
6620
-1523
-5742
6407
-7799
-735
5641
-1975
-6087
3595
-5920
7023
-7790
-4105
3255
9092
9841
-8210
1237
655
-3306
197
-7417
-2372
419
-4887
-8144
8905
-1754
6531
-2923
-4328
-2282
9638
8081
-6016
-6104
7908
219
8691
-4668
-6133
2916
-1146
7956
-9829
-8463
-9024
4623
9975
6575
5405
-5041
3357
-1970
8772
3113
-8086
-4770
-6979
-9798
3119
-5104
2974
4248
7699
581
5550
8195
8275
2205
6758
-1282
-5344
-4563
8120
-4729
-961
-10
1811
1689
-5456
-3189
4642
-4628
-196
3452
2869
-2179
-2903
7810
6131
7031
9311
6722
4041
1783
-6728
-4553
1400
5723
4508
-8764
5732
9861
5049
-1333
7376
1075
-675
521
9546
2597
1494
-9005
9807
-8146
-3265
3279
-5745
7594
-5704
7925
7741
-3415
-8643
-3979
-8476
7003
-1680
-8119
525
4506
6282
-9752
8031
7269
1446
-4911
9449
-7502
9856
-5596
7482
-7845
-9584
-5844
6877
-3109
6489
-5908
-5006
2309
229
-5179
-1346
2394
-197
-9004
-6693
-4128
1554
-4761
-836
9263
-3542
4970
9530
7329
-6684
3351
3821
9683
7914
-6544
3455
5381
2256
488
-3850
-8494
8297
-5315
-6576
-2393
-830
-6183
-3211
6710
-7955
-9046
-3573
2558
-9100
-7051
4883
879
-4709
-9039
7085
5501
-8449
-3640
9705
8487
5115
1789
1299
-5916
-4464
8271
-1408
8999
2393
-1667
-9817
9969
-8943
7275
6508
-960
9862
7635
-9200
8989
-9655
5804
7014
6915
-4735
-8232
9710
-9988
1076
4634
74
-1453
9244
-7942
6079
5994
7435
-220
-1195
-6713
5659
-7288
-289
4877
9937
2972
122
-483
2290
-5362
-9042
-1887
-6343
4784
-1678
-4678
4485
7106
-4701
-3445
-7646
-3287
-3967
6246
951
4894
4381
-5579
-7024
-4351
5344
8564
9248
-6878
8401
7514
7570
7126
2951
2123
7501
-7414
-7194
5723
2421
-4695
8974
9018
-7393
6430
-1233
-5092
-548
1098
3553
9912
6295
2068
8654
822
1367
6562
203
-2230
6478
-9123
1990
-3958
3652
-3521
-2823
-9324
-3864
9908
394
-3878
-1560
7757
-1677
-3461
7112
-4261
-7719
9068
3931
6688
391
4444
-3994
8532
-1303
1722
6321
-8172
7430
2564
-1770
-3729
5833
-9098
130
-4903
-5130
8089
-7964
4708
5447
6175
5087
4824
-6439
-5775
-9722
-5546
5355
-6833
6209
8795
2701
-3479
-255
1973
3649
276
2672
8601
-2951
2099
-5528
2392
445
9928
6732
5645
-5348
-4187
-4240
5513
59
8760
9061
1785
4928
-3419
3314
5003
4884
1537
1149
8277
-7920
-6623
-5921
-586
4871
5218
-7442
3741
6633
9278
9381
-5671
-2936
7898
-4623
-4151
-4780
-450
573
-8851
7747
-720
1027
7947
-3883
-7560
-8730
-8519
-4756
-8470
-7353
-8275
2139
-4228
7678
8037
7853
8053
9699
-8316
2562
8765
2054
-5119
7122
2486
-8757
-2768
7501
9605
-8258
2723
-1034
-9583
-2799
-5010
4801
-7002
4418
-3851
-5138
2440
-783
5875
-699
-622
8110
-1290
2323
8477
-3672
7854
-2714
-8045
-2728
-2133
9736
-1201
243
6281
2949
627
9128
8450
7313
2799
578
5128
-9095
3402
666
6911
-1053
-3460
4615
4889
3216
-525
-7335
-9212
-8909
-5379
848
-1596
-6120
-754
-8578
-7725
-4523
-6029
-6645
2836
9121
9977
-3462
4486
-448
-1088
678
-7941
-2919
2372
-9127
-3075
3439
-1211
8742
-2393
-1520
-3907
-7931
1227
-9310
-8851
-5794
3331
2755
2661
9432
7595
-8150
123
7446
-8910
5719
-4608
7988
-8930
-2081
-1884
2142
-7158
-1022
-3499
5547
-4072
-3820
-2594
1580
-1725
5336
-9423
5288
-1571
-4732
3684
5437
6212
4632
7069
-8270
-6962
433
3955
-1069
9343
863
-2839
-5474
6043
-833
-5733
5096
-9733
8968
3745
2737
-2353
6274
8552
-4199
-2162
9672
-4125
2573
2234
9267
-3920
6850
4794
-5272
-6574
-3227
8999
-4867
-8907
3349
2516
7664
-5586
1347
-5342
-2115
-7946
-9868
-1700
-970
-1018
-2481
-9050
2931
-7985
-2944
-3271
-6033
8453
-9144
2518
-8289
6381
-5864
6293
-1030
2378
6153
-7536
6246
-7063
-5052
7200
-3326
1325
7785
7422
-2374
-2219
4740
-683
6579
-1930
-4619
-4616
-1420
9526
-2062
-2077
9114
-2408
-833
-3318
5331
8898
-9320
6552
1714
1885
7517
-4008
9964
5804
601
7471
-4533
-6344
-1811
-9635
-6082
8372
4988
-6860
5542
-5565
-6275
-861
3003
-2723
-9583
-6081
-8258
-3871
2622
-8972
-9619
-6399
4954
1722
1329
2712
8516
-7978
3151
6308
5104
-8471
4595
7201
7095
9722
-1986
9719
-4385
-1911
-2814
2280
1695
4043
6948
1914
-6185
1128
-3018
2866
-2276
3573
3104
-8665
2344
8325
3637
-1139
-1495
-1373
-422
5072
1493
-6815
4168
7073
-2709
1943
-1979
8908
-8552
958
-6857
-5281
120
9903
8432
-9843
5208
9814
7133
2264
9607
-9768
8362
7994
-5097
-6232
-5527
4244
5936
6728
-3916
-7029
4910
9700
-7123
-3276
6212
-4876
-4652
-4167
4810
-5500
-9201
6213
5028
6921
5954
-6460
8876
-749
-2065
-9600
1587
8944
1518
7007
-1263
-7994
7035
7538
-3912
-2605
7212
-965
-9988
-3432
9804
4818
137
9409
3297
-9057
-1140
3522
1947
8442
-2404
4140
5865
3581
7056
-7128
-6657
-4983
-1665
77
2111
-749
4844
3294
7690
1395
2816
-7477
-3144
5300
-6342
9367
1838
2600
2956
5802
5322
-5191
-3743
2863
-4104
-2753
-7470
-3126
-7607
6664
7044
-5796
2958
9159
648
-7948
-2677
7125
6381
6446
6968
-257
-6997
8064
-6729
-9481
6380
9433
-4635
3563
7176
3034
-6270
-6714
-2985
-8968
-773
8243
-6977
1405
5250
6090
-8799
7522
2274
-8262
7382
-9314
7812
6841
-3981
1196
-6134
-1178
-3037
-8574
-2109
2985
8806
-8579
1468
3758
-3944
-5057
8590
7868
-8992
5877
2998
-8917
1218
-3950
3052
-4314
1116
-5827
-3741
3968
-4341
-1028
-4667
8160
9843
603
-342
-9448
1175
-1658
2626
-160
1389
5229
-7239
1991
-1186
-8605
4938
-5253
-9862
8657
5801
-6617
-6055
896
3950
-5907
-1450
-7658
913
-1106
-9363
5006
-6224
3789
-9644
-3021
8571
-7160
-3980
8648
3181
5212
9136
-8384
1412
-8480
-4655
-4446
7438
5444
-7142
-5017
4726
-8708
3445
-4954
6320
658
2890
1442
3582
9934
7756
-5096
-7887
7178
891
-4792
5778
-1847
5836
-9605
-7702
-3838
6076
8996
9804
6926
-4296
-8265
-2277
3479
-5682
9448
-6021
6611
4542
-4554
-4136
-5034
-5346
-4644
-1873
-842
4210
3554
5519
-6332
-5410
-1429
2472
-887
-7632
756
-9992
-8376
2736
5058
-6288
-1519
-7921
-4271
-1587
-1452
-5448
-5795
-8776
-5909
-8251
-5328
-471
9655
503
-4505
-1842
6787
891
4197
116
8348
203
9010
1791
7468
3104
7867
1396
8905
-274
4870
516
-828
-896
-6925
-6020
9387
-9251
-9576
612
2823
-9072
9814
-5357
-7744
-3427
1276
-4681
8334
-8428
-4906
-6488
-5064
-5379
8889
-4201
4321
2487
6038
1157
511
-7670
6479
7823
-4964
-8886
9398
-4444
1843
-2336
-6183
-9962
-3443
-279
6712
6150
-3846
-385
-2330
-4026
-4804
-5722
2022
-3758
-206
3686
4091
3100
-1035
-8804
-3419
-8374
5211
9901
-1020
-9798
-3845
5369
5590
-9227
6503
-1967
2052
6207
-5538
-4704
-8696
-7289
-84
-9777
304
4894
-9987
-3519
-669
1898
9695
4252
-9088
9982
5615
-8040
-4117
8237
2316
-9152
5
-7136
8525
-8171
-2109
-3675
-5498
3364
-8041
8824
-7289
1747
1603
416
4821
-9419
3004
-4973
-1616
-4244
-4979
-5668
167
139
-5927
2997
7735
1074
-9821
2406
-4922
-6590
8388
-4361
-6763
-3408
-6238
3742
3796
-2908
-5896
-5254
5451
5549
9693
6907
3719
7273
-4784
2551
6178
4698
-9678
-4288
-6165
-1669
-6954
-4439
-705
-1182
9237
2223
-2504
-811
-3008
-1409
4135
1483
8203
-156
3236
7047
-8268
-7391
-4531
-3061
8323
5163
3207
-6865
-3329
5253
-1625
5970
2872
2243
9240
4352
3061
9026
-5543
-6642
9486
-6164
-5077
2947
6500
3711
7033
-7268
-1457
3730
-1167
732
-2241
-8393
2215
9702
7400
-596
5803
7457
2041
6747
5640
7352
-6066
-4588
-7006
1983
-6039
821
8665
1332
-3513
7553
-5495
874
-1911
7143
8725
-6470
-5613
3800
-2181
1486
7056
-817
4011
-5537
3662
9990
-1115
8810
4373
5436
1051
9995
7138
-5435
1663
-5450
8878
6902
-6130
4936
-852
4595
-3669
-1634
7911
8246
2216
-3187
7336
-9307
2117
-5780
3376
-9126
3369
-6877
8477
-8605
3509
-9678
-924
-6461
4919
3777
-7275
5247
-2769
9912
8264
-1926
-3351
-6355
-1186
8357
833
5143
6586
-47
2711
-1840
-5531
-7009
3167
8807
-5037
-2636
6099
7438
211
-5941
-9688
-2728
5355
6069
5404
-9528
-2630
-9050
2797
-5061
-1954
9661
7698
-4275
-1706
8507
2368
616
-7257
-7636
7159
1292
-645
7666
-2217
9729
8243
2749
7821
-7400
9957
6240
8076
-8086
-3812
2498
2854
9736
-9187
9099
-6427
-7374
-7389
1205
-5078
-7983
-5110
9519
-5061
-5227
1624
-475
-7224
5695
-2270
-8107
7053
-3389
-6644
6258
-332
-1200
845
9884
-3358
2607
-6557
-2158
-4643
506
8695
4908
-4364
4362
-7204
9123
-8291
522
-7791
5958
1665
-7267
-5935
3338
291
-699
-2759
1684
-55
1247
4523
-2421
5021
-8503
-9537
-794
-5983
-44
377
-6324
-1190
2237
8101
-4321
7427
57
8901
-3565
-1386
3013
5966
-5338
-4608
7118
-9963
-1729
-5601
-235
-3342
3137
5912
346
1803
-6911
5311
303
-6148
-8274
-1665
613
9126
-658
8786
6707
-2950
7403
4471
8611
9287
2536
337
-8037
2890
3919
-6559
-5140
-3513
3981
3169
-9572
-4508
-8559
871
275
5260
-1922
9844
1695
8313
-5317
-1027
-8731
6101
3043
2222
-5285
-3299
9450
-3567
2755
9525
9071
-9628
1613
7733
4375
7119
-6880
-4077
6203
8574
-9793
-3445
-1415
-960
9059
-4790
-2653
-7270
8889
-4631
7572
2095
-8552
7080
7238
8448
-3343
7783
-8650
-2016
5202
-54
2774
1967
-7059
-9219
4978
-9675
1759
6331
-1113
226
-4698
4313
-6309
7008
2766
9402
-6750
8614
-2952
-5870
-2778
6990
-4793
-5613
-9631
-8269
-9204
-2353
7815
-9423
-5906
-2559
-8729
-7437
236
7137
-3319
-9929
3223
8260
-2974
-2640
-1379
-3797
2073
-3988
-3132
-9009
1101
2109
-8906
8759
-722
-3395
-9154
6173
-1374
9291
5963
-2606
6633
-8292
1983
6112
594
8138
2264
541
1037
4368
3554
1723
2076
1309
9754
-1424
9059
-6655
9124
-421
-7029
-3523
9797
-1930
4126
-4116
-1526
-3699
-6910
-4023
3929
784
-108
-7713
-5215
1310
433
-5760
6124
259
4064
9310
-1376
2558
-3739
3964
-8742
3945
-5569
2154
-8600
8491
-7188
3913
-6570
-119
-7123
8313
-9253
-9486
1903
7096
-4177
-9989
4057
-7985
5364
8451
1656
3964
8783
6199
-1971
-1453
-9176
5784
9294
-7274
9199
-5205
9177
-3895
8087
5086
3923
8813
-151
-2678
2608
3212
-858
-373
6179
-8369
3064
777
-4343
-7100
-5755
1618
-2856
-2729
-7079
7734
-7324
6820
-4749
7695
-4797
-7813
4715
8532
-183
-9725
-4988
8640
6474
8222
2120
-1913
8228
-6863
-2712
-1709
-4651
9772
-9285
2581
7019
7730
5844
-5394
3691
2133
2693
-3131
945
-2967
4215
4165
3420
6740
238
-9145
8232
-7712
3721
-8837
1463
2398
9790
2280
105
-3444
-6793
-8059
-5824
-6919
101
-7192
-539
3119
-1073
-1447
4064
8311
1249
-3018
-6
-7411
5233
4109
-5702
1228
-873
6476
7005
-2906
-2880
-4457
-7995
7241
-2766
-700
-4212
-4536
-6693
-3372
-4276
9193
-7440
6552
-9694
2484
6517
594
7492
963
-6760
2847
5051
-9883
2425
-5140
-2934
867
-2740
-2668
9451
-1477
4115
-9503
7547
3730
8143
1718
-3787
-8900
-933
-5212
-1508
5039
-7982
-9546
-1777
-9555
-6022
1080
929
-1814
8705
8115
9116
3717
5038
2833
516
-1906
5559
2767
-61
9263
2015
-9456
1938
8888
-8513
-3891
2274
3596
31
-1004
-5544
3337
8644
9152
7199
2964
-7457
-956
3279
3050
648
4962
-7312
8656
1351
-8967
-102
8902
8751
-8580
-398
-5433
-5631
-3247
6552
-4918
-3122
-3354
1652
-7459
2289
5337
-751
3701
8334
-1745
-464
3462
8173
-2691
2402
-1236
8781
9930
3529
7715
-4120
7259
-5338
87
4038
6119
-3161
6711
4315
-2778
-2151
7957
8453
3
-5621
-8324
3941
-4887
-1196
-9621
-1539
-9427
4219
-954
-8421
9087
7826
-7270
5010
3013
-5024
-8967
-3229
3478
6452
-6601
-4950
-4753
-5749
-8781
7223
-6943
4660
3282
1528
-3376
-5612
7793
8914
7277
-6940
2581
2546
8051
-4235
7467
-5732
3852
5630
5645
8471
7633
1891
3544
6389
-870
-3205
-2654
-1213
-1915
-4566
1890
-5079
-4015
1071
7269
-9972
-5775
5343
6255
6858
-4614
8420
-9749
-5033
5988
-7146
2959
987
2860
-2712
-6037
-1565
-6482
4947
7156
1617
9609
3103
2983
8515
-3075
1524
-5055
-79
184
6491
8423
-5528
-9634
1945
638
266
3664
-3291
-3322
1851
5270
880
-6367
-3347
3609
-4456
-8535
3655
1592
4254
-3227
5556
-8418
6697
2039
8476
-8000
4815
-5226
-6942
-121
-1834
-6559
2597
4763
2697
-7782
-2704
8611
-5558
-1547
1773
-9224
8962
1905
8637
5474
-7827
820
8005
7219
-4056
-3950
3785
-2629
-2254
-4156
73
6384
-662
2227
-7696
-9717
-7716
9891
-5782
925
-1813
-4757
5213
-6472
-9301
3432
8040
1262
9785
3140
6759
2581
-3627
1746
2864
-2011
-195
7507
7764
-6433
7821
-4161
4194
673
17
9323
7143
-1247
-3321
-4073
-6920
9810
3084
4550
-6029
-6830
1516
-511
1168
122
1682
-5644
8359
-4053
-2301
401
-7374
-2810
5523
2097
-3415
3874
-3607
-7254
6380
-7947
4380
4366
-8599
8545
-1168
8230
6823
9264
-8272
-5135
-9157
7790
5245
-5661
-8238
-6404
6010
-7986
2622
6247
-4400
-6141
-226
1023
7188
3102
1111
4130
-2465
8005
-8869
4299
7943
550
-969
-3047
-5244
-4533
9598
9053
7328
1302
-9261
-9531
-5023
-4307
-5561
6556
2606
8438
-2385
-8516
5669
-2298
-1868
-7701
5064
-5140
-7649
9088
3034
7318
-2382
-8058
-8405
-3915
220
-3591
-2537
-376
-4284
-8925
-7695
5364
-8160
2799
4774
-7908
5436
-8024
-2309
9021
-8878
2008
-6627
-9372
-5640
-101
-2755
2274
-8144
-5946
3751
4600
-3437
9237
9660
7588
-6514
-1799
2621
-4559
-2980
-3005
2604
8359
-7328
8012
-1292
1668
1237
-6759
-8374
-4047
9734
1704
-3428
-436
8508
7541
1808
1814
6185
-3477
9578
2773
-8551
-7349
-8689
468
8323
-6435
-3784
-5413
-4679
-2609
5810
6805
5171
-856
7523
455
-9701
3265
4215
-2618
-8324
-9977
-5000
9711
1425
-2873
-490
-1479
3342
8738
8488
-543
-2362
-8817
-4834
7072
7402
-3264
-768
-3055
9018
-6393
-2316
-4428
1230
-8857
6240
9368
1533
5694
9946
7989
3948
7669
9105
-8037
-1473
-886
-8585
8313
573
-9168
7359
7011
-4827
7457
-7974
-2706
7424
6898
8118
7265
-5051
3938
-691
-2658
4183
-2755
-9111
-9812
-1199
-7679
-8571
-4831
-2945
2826
-6781
-2999
4013
9439
2759
-9596
4799
-4620
3651
4679
8018
-2539
-4298
8623
5249
-6697
-7166
-9556
2477
-6680
-2330
-1096
1109
-2360
809
5339
3143
-5433
8211
-489
-5414
-7431
1741
-3929
-2060
-2346
-1532
6424
6650
6915
8845
-8465
3770
9607
-8615
-4190
-6417
33
-6835
-7484
3145
-9363
-9779
-7980
1086
2360
-4353
6275
-7455
-8331
599
-6264
-1875
-2311
-6108
8691
-6724
-4931
-5107
-4501
8990
3736
8202
2044
-7839
1717
-6596
-6530
1616
-1650
-1291
7107
2775
-5089
116
-4643
9066
-4221
-7915
-7991
-993
-3764
6475
-5845
8710
-29
2562
-6332
2468
-4481
1503
7925
-6753
-22
786
-6332
4309
-6053
-2359
-614
-3879
410
-4399
6623
-2494
-3869
-2567
4170
8594
7560
-4285
-873
1739
-7843
8828
-3017
5636
7607
4450
7365
-863
5827
7617
-9197
3085
3557
-2214
180
8210
2916
31
-214
19
-6267
3263
4296
-6567
-4248
-5660
-4396
6580
9421
-3667
-2211
2994
-9956
7870
4735
1504
9757
-9625
-5558
7272
-4023
1887
8004
-9105
8721
-2806
-1003
9940
267
114
-615
7567
-9375
1869
-1712
2084
4430
-8431
-2823
1616
-4757
2539
-7528
126
5100
-2636
-3921
-9184
6765
-4261
-1476
-257
-6767
-377
6442
-9565
-1009
5036
7934
8042
-977
-3320
-7497
-5512
-8715
4503
-8851
9076
2650
3380
8478
2815
4992
1040
3160
7418
-9914
2571
-8836
-7817
1798
-3112
-6241
-7521
7296
3254
-8552
1926
-4295
5309
-4060
9769
-8694
9966
4883
1818
4211
5482
-2444
-5950
-9134
-7074
-8452
140
-8057
-9632
-426
2322
-4346
7170
-3835
-626
-6177
-1573
2978
78
-3960
-9289
1253
-6430
7546
-1673
-6889
9608
-4811
7267
-6881
-5408
8090
3205
7162
1279
-5904
-7550
-4053
9881
2904
-4310
-1276
-672
-157
-5560
9142
-678
3404
-5216
-6166
-4641
3584
-6073
7755
-5496
4838
-4704
3291
5496
4666
-6200
5666
4738
5268
-8206
1877
3741
4585
-9462
-4975
8876
-722
-4002
304
-1739
-1331
3031
5522
7436
9197
-720
6924
7829
-6520
6014
5189
1303
-7183
-9210
5552
6568
-7867
-1514
1757
201
9620
-3090
9268
6748
7460
4632
-7069
-9451
-4509
8641
-8346
-1347
-144
-6344
8839
7278
-7768
8774
-1588
-1878
-9273
6735
-9205
-4582
8872
1595
-9783
1543
-7028
1268
3947
-3254
-6862
901
958
4304
-1088
-7192
-535
4572
-4808
-6487
8849
-303
6495
-9709
-7257
8006
5933
2477
-9276
-9104
-7788
2078
8360
-8112
-1435
-9092
4091
-9305
2007
-1027
-1056
4955
-8264
-2422
823
6475
-8073
4571
-9957
3196
5285
9391
-5111
-2338
-7744
615
-3884
-5319
9000
-8767
-8039
3828
-2171
-9074
-759
-3725
-4742
-7553
-569
4638
-4006
-9895
3317
-5105
5519
9358
897
-4811
6542
1137
3161
3854
4930
8422
-8750
-2894
9793
-7082
-2131
3774
-1254
-9555
-1630
2274
-6269
3354
4848
157
1681
3577
6220
-6605
7117
7225
-5380
-3518
9654
-6368
3699
-7214
-7768
-3136
1028
-8662
-8742
-5281
1930
-86
7141
2532
3938
7682
2874
-6993
-2483
5697
-3211
2318
9227
2300
9422
276
-4115
-3249
-9993
1672
-7351
9396
-8253
9931
-9883
3587
-4442
110
-1408
-5539
4500
-9135
3064
-2383
8035
2511
-200
649
8611
1756
-4176
1058
8777
1851
419
-426
2072
5184
-3895
4021
-4144
2316
947
-8236
-7732
-8208
7131
-5386
-4333
3219
6748
-855
8353
-6030
8135
-8869
8916
61
-3565
-8488
-6178
8789
3836
-4105
-3356
7530
-1335
-6613
-3663
-8319
8595
-9374
-241
7920
3928
-1657
-2609
-2020
4367
7600
-9476
1141
173
-7245
-1521
-9277
-2987
4732
2887
-8776
542
1841
678
5915
-2551
783
-8786
6
2965
7200
2811
3221
-3420
1299
5394
-9180
-5241
-3286
-8064
-8074
2952
9727
8802
8401
-1098
8694
-3112
-1522
4621
-8326
-7503
3187
473
869
7282
4180
2608
-8363
-1269
1505
6359
1661
-9262
-1619
6820
4388
7438
9165
-2485
9450
-2527
-7975
6003
-8595
8979
9955
-3736
-8075
8139
-9865
2094
987
3717
-398
-4690
-3577
8968
-5660
-783
-9613
6136
-1208
-5766
5371
1126
5502
-372
1651
-2834
-7338
-4107
-5776
3580
1150
-6592
-9885
2722
-9076
5779
-995
-7532
5320
5740
-7106
1173
2373
-6593
-262
-6085
-8992
5383
1814
7346
2576
-6342
-3310
1126
-8283
-4289
-6971
606
-9431
4155
8077
7097
8354
-8485
2829
3890
1128
2588
7433
3870
-6608
-3570
-830
8007
-5489
2295
-8570
9964
6840
2774
-5601
8627
9200
-9369
2615
-7662
3807
-4122
8095
9544
2859
-8034
-2259
6327
6685
8786
9259
1253
-5588
8443
1342
6941
6310
-7833
7877
1864
-6555
3278
-9292
7164
6099
3469
-585
-1239
-2479
3046
4687
-9283
-8253
-2815
4513
1178
3461
-1402
-3119
-9292
-99
-8628
1786
826
2184
-1556
4192
950
4882
4935
8986
8326
4569
-573
3856
6051
-9480
-6627
4688
-3485
-9851
7706
-7085
4305
-2852
5003
-1114
9778
515
-874
5520
9409
7817
6501
-4836
1766
3873
-963
9060
-9067
-7021
-5066
5958
1223
-7039
-7625
-6823
380
9090
8861
-5951
-8457
161
4180
-8729
-6689
1024
-1693
8280
-4532
-1648
8922
-1891
1367
5891
9107
-9291
6505
-2203
282
-5530
1984
-1198
-4109
3994
3572
2185
1951
-2458
9119
7821
-1936
-9806
-6722
-2086
-541
-5443
-1295
6199
663
7913
-1930
1251
6207
3858
-197
2381
520
-8612
-1264
-8213
-9631
-8580
-2076
-741
-8786
9396
1939
-4831
7645
7141
-5604
-5266
-5446
-9836
-9425
2153
-7759
3281
-3611
-6816
9041
-1517
-4834
-7960
155
1260
5696
5979
7362
-9465
2567
4399
4813
8182
7024
2355
2836
-5152
-1962
-3818
-4506
4762
-354
6343
4888
645
-5971
-9957
8066
8197
8202
-3020
-2892
-454
7045
-1497
5339
-3057
-1993
-8910
-8829
-4722
-6882
-8686
404
9818
667
-4217
-3207
3839
1550
870
-8262
8332
-4344
-6996
9255
1524
-2663
-3258
-3822
-6883
6529
7839
-1467
-9748
1978
-3293
-2935
933
-2272
4051
-1597
-7625
-7101
7520
2554
-5712
1089
7520
-407
425
3727
-3847
4081
-3703
-5233
5549
-9163
7456
-597
2161
-6953
9807
8117
7201
-126
-6226
-6259
-9193
3173
-517
2146
5380
2400
2804
295
6345
7778
-1600
-2586
-7100
-9482
-6139
4136
-7459
4143
-7260
-7995
-231
-8338
6355
-794
9241
-7244
9894
-5482
-8855
-4245
2978
7063
3990
9404
-5936
4067
6630
-5229
4951
-5100
8876
26
-2775
-2175
9022
7790
43
-701
4168
7907
9945
-5375
-6552
8068
3920
-429
-765
8835
-304
1851
-9402
-6187
-2459
6716
1017
8407
2344
-5660
1528
-8400
6790
1208
3952
-5560
2328
-1814
7034
-456
-2355
584
3699
-5979
107
-3740
7057
-6527
6159
-5287
-2497
-4774
-860
9059
1107
4293
3832
-192
9290
4081
7982
4238
5032
-1025
-9491
-3978
2335
-1995
-553
9053
7573
-9364
-6737
8266
-5135
6691
3244
-2040
7716
488
3015
-422
862
7106
-782
-2457
8076
-1489
5745
9926
1709
-3859
5841
8850
-2184
-8528
3864
2835
3561
-4876
975
3381
-16
5614
4295
-1087
2331
2632
-1533
-7425
2448
4974
-1807
7737
-9021
-5397
1973
8264
3857
-3842
-1761
-7537
3321
-4280
-5183
4405
-8214
7473
206
1830
6101
7295
-55
-7352
1732
-6527
8783
2280
4148
3872
3914
5464
9059
-4102
4770
3829
7141
-9103
4959
4460
468
-8131
-5797
7356
-7087
-9604
-5680
8304
-1902
3066
6694
4718
8753
-363
9412
-7130
2486
-7395
6004
6048
-2465
-5363
7669
-7631
4802
497
4755
-3946
2715
-680
3343
-5408
2641
4249
-1571
-9097
-2144
1282
-3534
-3257
-1098
-2742
4435
-5766
-1480
1659
-9257
-1114
6960
-1456
-7755
8957
289
3651
-3656
-3194
2152
-8494
-2754
3989
9869
9591
-8890
6151
8965
-9245
-1360
8229
5824
-1690
4358
-4088
-1154
5990
-6102
7259
3857
1783
340
-1337
3831
1748
8619
-6362
3621
-1913
7824
-1507
-8443
9781
3055
-3321
-2525
-892
-8255
-5451
-6466
3121
-4348
-8214
-7059
835
-8425
8796
8196
-480
4227
6118
-3675
-6092
-1692
8143
4085
8878
-8537
2360
-787
-6361
7837
9055
-3524
-6306
-9946
-1728
-7453
-3753
1607
-3299
-7068
-9355
-3846
-2203
-2164
774
-6815
4980
9765
8161
1346
-134
-9742
7524
9090
-1365
-8073
-120
1133
9447
2554
5857
-7035
-1509
3492
-4395
2338
7334
9339
788
-2605
-799
8446
4742
-1763
-268
-5076
-271
-9585
-7462
6920
2685
5261
9451
2725
7217
-748
1850
-5096
8840
865
1159
3756
-2624
3767
7989
1634
-854
-9921
-4712
3045
-6386
-2245
-6681
4756
1831
6156
600
901
3890
-8429
-4370
-4612
-4875
5851
-1633
9733
4669
9937
6845
-8178
-9524
250
-3604
-7169
431
-9527
-7517
4499
8774
-1635
8864
1811
-8188
1820
-2820
7879
1041
-6826
-3584
-4066
-527
8649
-3143
-4926
-7031
9145
-1047
4549
3967
259
-9480
8365
4896
-5403
-3321
-5712
6180
-5155
8997
-3352
9205
-886
-8831
4773
9568
-4233
-6312
1888
-2246
729
-3115
-7756
7016
-7488
-7015
1297
9955
-260
-6811
9966
-1987
4036
-3613
-6532
-8652
8946
5312
-7245
6979
7669
-5025
-4150
9267
7783
262
5915
-7721
-5774
9280
-8992
6475
3665
-6422
7631
5145
3883
-2371
-9718
-416
2654
699
-5839
-8033
8947
-9892
6766
-6246
-7731
-6693
4186
-8942
5956
-2798
-2152
-2598
8258
-9844
-3744
-6704
3825
-5933
138
-1986
4507
7253
7348
-4704
-1124
6270
6368
-3881
-6752
-1881
8134
-8757
967
-8213
619
5747
3266
-8023
-4491
-2420
-5906
-9018
-4029
-992
-2190
8622
7592
-1271
-2115
5533
2468
-1401
-2774
7308
-2049
-5355
-118
4919
5713
-8022
-8387
-8554
5699
-6828
747
3125
-9822
7037
4508
7026
9739
5701
-3593
-5860
8398
7956
260
8343
-908
-965
7082
1814
-354
9593
7413
5927
5277
7098
-1486
-3386
5757
502
6334
8891
-1072
-8516
2769
9876
-1288
4201
6898
-2622
8139
-6510
3707
-9110
7212
-721
-4398
-8150
4618
5475
-5905
8504
-6476
3939
7457
-801
6034
-5363
-4599
4124
-6175
-3385
8075
-9247
4839
-4728
7256
2235
8293
-7137
-1114
3755
8696
-910
7014
6563
-9438
-8642
4245
-3863
-4291
-2957
-726
-3085
-5602
8642
-9190
5517
3072
4229
-7020
3253
8666
-4702
8146
3266
7599
-9975
-7377
7296
-2702
8124
-4722
3333
3976
-269
8646
-8504
-4023
-509
-4500
-313
1070
-6840
-526
-4760
8222
-2180
3571
-2828
8599
-7498
8960
-1892
7962
2689
-4154
-9103
-7725
-5236
-7914
-3218
304
-599
7884
-1240
5331
2513
4513
-1053
-7671
-8927
4005
7932
-9776
-2980
3997
8153
1365
4051
-2680
9722
-1316
-4315
-8398
-2296
1087
2195
-1580
5828
3785
1109
158
4458
-5484
-4728
-9771
-2240
3122
-9237
-8000
-3088
-5507
-4983
-563
3832
-2262
9607
-8878
-639
2792
380
-4893
6897
-5380
-6124
5470
-9906
-1834
1784
-1085
-6145
-1930
1288
3466
4459
-4136
-4926
-8020
-3133
1951
-3981
-1612
728
3553
3095
-8252
379
-335
1690
-7036
-65
3527
579
-7534
-574
880
-1741
-8491
-8135
8182
9152
-2036
9532
8849
-3299
6265
3638
9188
5353
-1905
-3220
6496
-970
2303
7866
-4713
6831
-6986
-8898
7340
8865
-6378
-2440
4714
1841
-7709
-6928
241
-5125
-1125
-1345
6297
7376
-4088
-132
-9419
-3196
-5544
3424
-5148
9897
-3798
-6377
5341
-6520
3286
6133
9211
-9007
2414
483
-1474
-4826
-6763
36
7991
9397
-4689
-136
-2847
-9069
-7587
5525
-208
7003
-631
126
-53
-2966
-4957
9314
7102
6751
-1031
4105
7091
9879
737
-2630
5034
-5137
-5486
-9886
30
-7431
-3980
3827
-1226
8646
1990
5100
-4658
1645
9779
1348
-8576
-4644
4795
-8757
-6976
8327
-6108
7515
3048
6185
6494
-8073
2565
-6071
-9864
-1483
-7930
-3562
-3122
-9925
-3249
-1889
4731
6189
357
-1854
-2629
-4307
418
2220
-822
-5713
8960
-3913
-7132
-8175
6596
-9394
7360
-6552
-5331
7760
368
-2139
7100
-385
734
6343
-6292
-4596
-4585
3607
4025
-5917
3199
-6189
-3077
-5549
1889
4000
696
4488
-8963
-9330
8088
-8083
4538
8980
-3251
-9656
-3951
-5041
-8702
-9052
5874
-3363
-396
-5905
-9440
8150
-9466
-595
8887
2863
-7988
8780
-3909
1615
-5130
1168
4590
5356
-6902
-8573
3566
722
4712
-134
-2861
6715
2134
-4419
1367
-1350
-8982
-9503
7921
-2929
1891
6413
-7700
-3759
3604
-5281
-7838
7507
9783
3141
2443
-8002
-2332
1804
3908
-6488
-7469
3045
-4763
5717
-6886
-8394
-9050
-6458
-1247
-821
-3914
933
7606
4157
1268
8496
6265
4481
-986
-4949
-1637
7853
-7212
5437
-4874
-7149
5721
2041
-3757
5694
8282
3336
-4520
8548
2966
-3276
4174
5171
3398
-4386
-7757
-3116
6993
8648
835
8200
-2054
5599
752
-9345
2780
-1393
-7323
4280
5546
3534
1978
-7355
4710
3706
5406
8003
2342
-3091
6942
9090
9293
-1021
-3531
7639
-8033
-6488
8206
-3961
7462
-259
-2849
492
-5455
1822
9453
-7537
2948
-2841
6411
-1575
7831
7049
4163
-7482
-8859
-3870
2177
-2501
-117
-1132
-9054
-360
7620
1139
-3580
6686
-6711
-6121
2836
4993
4328
7236
2557
-9688
-1494
-9999
2151
-3281
-2270
7814
5595
-1422
6435
-5393
8301
-4730
-5746
2547
-4562
-4179
588
-4118
1499
-9103
-254
278
6340
-860
9003
-6979
-5482
253
1399
1032
-313
5031
-2565
-9742
4563
3850
-2593
1821
259
-719
-5855
-6363
5266
-4174
8551
559
5161
6545
-9740
-7361
-8895
-5521
7579
9258
-8825
-7504
1639
5094
2185
2856
24
1010
369
8500
8695
8284
8351
-4840
-2690
-7772
-3568
-5895
-3648
6602
5198
9098
935
2961
-5081
6530
1842
6920
-9194
-5063
5409
-3579
-3615
-5604
-2672
281
-84
3371
-1645
-8500
-3008
6355
-4958
3543
-2838
5115
8385
8517
-8787
-2474
-3978
4367
3394
2092
-5718
-4679
-9423
1869
-6523
307
-6409
-1882
-6908
-6821
4571
-7639
-157
8743
-9620
-9690
-4275
-8888
9982
-5583
1947
-8337
8349
-3447
6168
-9040
8893
-855
-6580
201
6832
1187
-2405
-5526
-1570
-2433
-3175
-2680
6735
-3502
-3250
2208
7489
2108
-871
-7449
-8834
4223
6999
5034
8114
1369
2346
6310
-9743
4665
2282
-7775
-9588
4162
6693
8711
8413
-7601
-691
-915
-4631
5112
-6521
1271
7140
2018
7226
-5597
8256
8302
2234
-1371
-7085
211
4099
-4770
1826
-3173
-7756
-5780
106
-6973
6459
-3846
-9030
-8786
-7592
-5894
5986
3339
1853
-5401
-9790
113
7522
5218
-3037
2970
4513
-7734
-7681
639
4936
5271
-3882
527
-1862
582
153
2299
1970
8591
3713
-5810
-7835
4432
6433
7615
-1055
7605
-6970
-1361
-7203
5032
-809
2003
466
2518
-2261
9830
-6886
4164
-2797
7314
-1846
3725
4416
-8970
5191
6461
-6115
-7121
1053
-1765
-9519
-4419
2738
-370
-2475
-5673
3463
452
100
-9687
7678
-4390
-9070
1196
-510
-2135
-1111
1966
-6772
-5703
-4232
2818
-8973
9466
913
-1986
1741
5043
1544
-4016
-3766
9831
-679
-6092
-6769
-1809
3596
3969
8715
9489
1019
329
-8036
6036
-9457
6014
4044
3791
-8125
-9438
-1329
5327
-123
-9897
9302
5578
6067
2601
8210
-512
1190
1004
4654
2185
-4193
9923
6248
-2281
5770
2023
-19
-5256
-8966
-1927
9656
7041
-9049
3328
6333
7529
-2505
-1107
1447
-6428
8445
6892
3417
-2044
-4497
374
4045
932
-6495
-2974
-10
3652
6322
9362
-2419
-8126
5520
-9725
3142
-1647
-3354
-4312
-9601
-1921
6883
-1997
-9259
8519
-3030
5972
-4843
5091
-7196
-6072
493
-6011
1433
5554
-6569
2928
669
323
9793
6517
-1326
-6812
-3582
7084
8695
7204
-3195
4921
-7131
7919
8543
-8794
1116
7577
6647
-5683
8229
-2255
340
-2564
-7330
-5252
7731
3353
7038
3537
8510
-5062
4664
-7325
-8526
-902
-1393
5631
9453
-4552
-3258
-5546
7681
1945
-4691
2669
-6949
-5758
3056
5101
-4392
8846
3921
-1451
3267
-2390
9579
1167
6741
-8681
-1491
-8558
325
8549
1661
1664
-6366
1629
-7024
-309
5070
-6551
-4763
1132
643
-6372
2963
421
-9555
-6373
5113
3956
-8882
-214
6197
-6179
3152
5557
-5003
9677
-5506
-3420
-9632
-4425
8618
5327
6675
-2952
-7541
-2416
-6711
-1836
-4501
-1498
6166
8859
1692
4609
-9235
-5314
-8250
-2149
7110
1767
-1454
-9190
9649
-9538
-9200
-7923
-4541
6560
6550
-2308
-8776
634
2168
2402
4923
-1775
-1040
8825
-7503
7661
6553
2222
-2711
-844
333
-3164
6067
8863
9391
-9681
-7266
8025
6496
6964
-4705
-3812
-7957
2956
5363
-1961
-186
8705
341
-2932
3370
-7346
-9896
3844
-3727
1244
-5520
-6152
-7053
-8524
-2912
9288
-8385
412
6899
6777
6704
-9969
9533
-7348
3208
-5884
6352
-1588
2291
-3702
2679
-614
-3177
7331
-4023
-545
-3223
8969
3390
8316
5509
-8264
-8636
9592
2888
-5642
5039
-3523
-604
1150
-8407
