7266
0
-6186
-1173
3982
3606
6406
7269
-7612
2813
-6600
-2835
-8705
3093
7377
1712
-7236
4261
-840
408
4853
-6999
-2161
-3840
-6295
3389
711
-9911
-5489
-5997
62
1528
5986
-7669
1614
-5861
-9245
-6157
9638
-1407
2694
-2400
7117
637
8309
1584
3907
8920
5842
-9535
1023
-8117
-1352
-2143
-7597
-6410
-6456
-18
-8209
3252
-9913
3452
1556
-3851
-1760
-8512
-3217
3332
2360
8741
-9627
-139
-8077
-6244
-521
9530
-4144
-275
6779
3947
-8087
2383
-5786
8190
3949
-1771
-6946
-1141
-1794
1374
639
9242
-1690
-2521
9252
8422
5496
-5362
-3308
-6017
9764
-5138
-1431
-4071
-4538
8442
-3410
-4773
3207
1158
9765
-8623
-741
3438
-3489
-6949
1326
-7771
-1040
-6656
-885
981
6195
-8026
162
2075
9637
-9146
-9893
-6421
4212
-4257
5461
5749
-4965
-5130
-9812
2023
-2192
7162
2650
-8570
-6366
4801
9592
-3559
8270
-1404
-15
-5788
1441
6782
-6144
433
7443
5991
-1415
-4467
6028
2924
9379
5143
3227
8140
5274
1442
-4776
-2909
-1213
4127
7764
543
6239
-260
-155
-500
-8132
7569
3222
-4469
-6101
-9213
-5157
-133
-2259
-6748
86
5015
1154
-5108
-8412
2970
-8399
1703
6933
7947
9213
-1283
5856
8464
2731
2755
3550
2753
-9956
-8021
-417
8249
4368
6132
-3594
-8308
6198
192
-7945
2092
-2816
3028
-8081
-7512
4869
-1868
8086
-6270
2485
-1125
-9286
-9490
-1655
2506
5861
9065
-8141
-1924
-11
-2094
8212
-4059
7721
9479
8630
-9625
5574
8105
-3934
942
3837
405
-300
3952
4777
4469
6118
-1807
-3075
2308
-5856
2858
-327
3961
-9074
4549
-6083
-878
9486
7877
-6046
-8171
4275
-3553
-5361
-1645
-2750
6600
-4414
-9885
-694
9371
-9784
-3383
604
2392
-3245
4708
-5366
-7563
1624
-20
487
-1255
-8963
-3595
-4661
7117
4515
-9915
-1340
3409
1593
7939
4213
6743
-3027
2986
3267
8637
-1249
9925
-951
-2965
-2904
2387
-824
7791
9177
3889
-4403
8015
-6867
2509
-9790
-7875
2671
1225
5322
2804
-2766
7082
9956
-8609
2547
-852
-7275
756
9776
3502
-419
8481
6425
-7877
-3527
3880
4833
7982
-5757
-5840
-4755
-9345
-3306
-3849
-8897
-682
245
8013
5576
2094
-8767
-4058
1432
4266
8361
563
-8784
3228
9807
-4388
3041
-1162
-6170
-4594
-9316
-7539
-1160
-9660
-8033
6214
1242
7549
-4271
9206
89
2731
-9239
5187
1136
-4251
3876
4639
-7366
-4036
2062
-5946
1288
9912
-7219
654
8740
3472
7722
-568
1387
-600
6772
-4175
-9581
-2483
3723
-2157
-2353
8399
-4017
8161
2166
-5087
2050
-71
-5691
-5508
8319
1302
-2777
3045
-7869
-3064
-4350
2613
-5604
845
523
-6553
3868
-2413
-2398
-6148
8299
2956
3079
5976
8579
5086
-3400
-4535
2779
-4091
4530
5047
1893
-6058
-182
-6422
-7116
481
6165
9021
-4899
-6517
-7904
-6196
-9971
3223
-8144
-5153
-6332
7376
-1179
-6742
-8966
6253
-2767
-4634
-8128
8582
502
-4846
7011
4656
8899
-6787
8208
3650
-5266
1759
803
5443
-6904
-9049
-5324
4214
8094
9268
6363
-3435
-9941
5879
7562
7460
990
1530
1375
7152
-6210
-4971
5297
-2887
8859
7972
-4397
4036
-5389
6323
68
865
9795
-5246
-2755
8044
3997
6654
6171
1653
6673
6169
5206
2488
2115
9111
-6413
286
-2814
3319
-1274
-3722
5239
4600
-4538
-3136
-7514
5267
1216
9994
-6853
473
6961
-8548
-2735
1818
-6535
4982
-2022
-8127
-4626
-7938
5991
377
-613
9067
-3193
1124
-7446
-3521
-8469
-8134
8626
-4108
-5238
-9732
1076
5822
-4749
9670
-177
6978
-9044
431
-8027
8002
-4550
2020
9808
3450
-5512
-191
6426
-1702
1157
-2614
9642
-4645
-8484
9555
-3676
4937
-8793
-6223
8489
-8530
2
-5356
-2376
-7291
3978
-4662
-8264
-5457
-3996
-4932
-486
1912
-3860
-227
8152
6571
-8498
-5795
4494
-6195
8153
2116
-4367
4152
-7440
-9873
-8911
6874
-3185
9588
-1143
-5012
-2482
-8428
9280
6179
4019
3311
-9024
-5777
-5687
-6776
-9037
79
4522
-1393
1537
7712
1238
-3620
-592
-54
4821
-4407
-7111
-1146
-185
7563
-6781
6398
-4180
-470
5552
4590
6739
1582
-501
-5298
2215
-515
-8750
6680
-4075
-1768
2678
-8969
-618
2997
1076
-2150
-3692
7651
497
-2895
-7344
-8680
1465
-3812
-5465
-2524
-5607
2086
1978
-6433
-4872
6115
4298
2097
-2022
8061
8443
-746
363
5883
3200
2581
8124
1016
3483
3796
5329
-686
-5900
1436
2022
3054
-1413
-7157
4895
-3944
-6413
6867
-7133
-8724
-6506
-9267
437
1133
-8928
-6520
4654
3029
-8764
8421
5209
6548
-6326
-7749
-8197
1260
-6650
-3643
5301
9598
-8811
9787
-4049
819
-7567
1435
1252
8198
-1585
-2411
-5451
-8884
6031
-2835
9567
5665
7288
2438
8797
-8908
-2086
8993
3639
-4342
-3939
-3553
-5438
-5547
4710
1906
3397
-6801
9607
1162
-1973
2312
-8841
412
-2079
-3312
318
-7349
-7893
-962
-1174
5450
5199
-9649
-3284
7356
1367
-1004
-2877
953
7915
-7394
-7132
-8600
3656
-6728
3652
1444
-1285
8414
1407
-5148
-788
9897
-97
-577
2520
3776
3636
-8219
-2805
1363
-7262
-1854
9084
-5515
-1449
-5643
-2036
7625
-2293
-3856
-1333
18
-9055
3149
9165
-3420
-4568
3685
-345
3338
6054
8833
6224
1488
-8948
6956
-5377
-3147
429
7051
-3005
5229
8169
-299
-1291
-6266
4873
9496
7425
-9559
-7957
702
-4892
-231
-2129
3651
-284
5970
2038
3577
3848
9
7016
8860
1642
-1918
4197
5318
-9826
-4304
6484
1770
-5243
2453
-5448
-3409
9869
193
-9041
-3997
-140
-6909
-478
-1465
7345
1268
-6309
-4164
4999
-659
9466
5050
3108
-3154
7981
-5277
-4147
-8476
2872
3505
8071
4555
-1499
-8256
1576
4784
7080
-4174
7070
5352
-6158
7917
887
-5804
-1495
7873
-4985
-5384
4582
7183
5694
-1948
-5617
-5498
973
9411
1078
-6903
1256
2646
6628
3609
-9939
246
7974
9257
-4857
-548
-3831
6149
7508
-4740
1792
8092
874
-2426
-7339
6874
1419
-5267
2698
-76
4282
4511
5100
5528
593
5638
4
-1307
-6608
-6614
3660
-4669
3121
-6229
-5592
5549
-2054
-5611
-2565
-2672
8024
-3008
5700
-9023
-166
-820
-2308
-6922
-9665
-2738
3667
-7182
-2323
-6012
999
4430
3785
7636
-9015
8560
-6739
4747
-2287
536
-6340
-1915
594
-9775
-4863
-3074
8245
4806
-7862
-3145
-3719
9565
-7565
-7150
-6142
2342
5006
5951
-5007
9087
6978
-7955
-1143
-1676
1239
-310
7282
1300
6077
-3724
-4671
2408
-4985
7140
-7494
5316
-3104
-6790
-2081
6494
9754
-1442
-9044
-1510
7089
6740
9825
-3868
-4678
1831
-4160
-3486
1636
4167
-2361
-6349
-7271
-7635
-3093
-9353
1874
833
429
-5037
-3938
5973
-9190
-8524
-8595
-3568
3948
7018
1017
5230
8130
3564
9261
1438
-6064
-7582
-6988
-321
9791
5490
-4181
2765
-6454
-1762
9222
9586
-4134
-6987
-1708
3059
-7099
2876
1020
-6445
-9353
1282
148
-6268
-3028
4591
9417
8708
-5121
3545
-6312
-7158
1261
5203
1482
4277
-5239
-2848
7226
-7743
3685
-6868
1248
9267
2634
-1672
6322
7369
6586
9492
7056
5911
-3676
1541
5724
-7110
2988
-2418
-2668
2584
6967
4647
6383
1234
-7189
-5467
8338
-483
-3514
6259
3632
-202
7765
-1174
-1499
-1157
-6366
4452
-7385
-8336
1124
-3590
-6242
-1367
-5601
-5400
9281
2921
7118
4885
6799
3747
954
1266
2153
229
3684
-3066
4186
-2421
6277
-2290
-5444
7795
5567
4938
-5193
-2811
-7847
-2891
2354
-9194
-2559
3608
8647
7926
-4742
1044
-9601
6346
-8937
6773
-8532
7091
1003
6580
-7422
-9333
3853
-5211
-4355
4601
523
2641
6215
8811
7853
7871
5174
-2828
229
796
1391
-6159
-4919
6756
-8693
7725
-7681
-4442
-2265
7889
-5594
5022
-9366
-1493
3596
-1192
-5102
-8
-2431
-5169
-2151
9629
-6178
8707
-4405
7846
-9900
4322
1900
2764
1716
671
1879
-4555
-7775
7313
-9382
5323
2042
3955
-2190
-3967
6039
3675
-4743
-7909
-533
5298
-3630
1626
-8511
2629
6282
229
5143
5080
-7441
-9266
9194
-3628
-9769
-158
-8593
-8025
-4394
-8381
-9237
6837
-2805
-5105
5879
3970
-1120
3682
-8428
-1759
8158
-5450
6631
-820
8437
-4950
-5494
-6533
-5170
8572
7482
9846
3517
9708
-1338
500
-2992
2679
-8043
9295
-1044
4965
1242
-2083
-9829
2474
2518
8580
-8048
4021
6467
9082
-5994
-6021
-2464
4086
-7900
6407
8671
4263
-3808
-7306
-8739
3330
4572
-7613
4192
-2268
252
1305
-49
-9105
-9505
-3118
3038
-2014
5372
-5719
-2111
9926
-47
9271
1396
-9231
-5698
9373
-8937
-9217
-9855
6802
5997
21
-5114
-3582
-317
-2610
-4514
-2646
-8228
-4280
2190
-8424
3470
-8226
1534
1438
-8239
3276
8845
-2130
-1139
-9871
-1981
-7551
-2880
3796
-5109
-7253
667
-7869
6564
4824
-2198
-56
-9377
-4242
5954
-3005
8322
7798
-5045
6449
549
4244
3167
2414
-1072
2504
-5070
-2970
-5117
-2815
2926
9961
-9845
8761
570
-6660
884
759
8409
322
9604
-8454
-7636
-8373
-1935
-7221
-3398
4546
7856
5140
2220
1050
-6158
9209
2836
5423
2834
168
-6142
-3844
4842
9347
-3231
3186
-2287
2144
-1315
247
4303
-8417
686
829
2818
7731
4909
8152
2967
1279
-8754
30
8402
8404
-6566
-9715
-5434
1317
-2696
9924
-7197
-8982
-9306
1919
8441
-464
9615
7436
-4044
5733
116
6968
5990
2910
6245
8634
343
-3007
-6158
5777
-6183
6649
-1703
2333
-3092
2052
7261
-4641
-2678
5295
-4349
3992
-3466
7805
8343
-767
3945
338
-2170
-4391
4368
-9565
5435
6811
-2713
2452
-8510
4038
-131
4716
6866
7804
9240
4274
-2265
3448
9566
-8598
9338
9083
341
988
1938
-9562
-6468
6940
-1606
-4181
-9063
-1021
-9504
7740
-1111
-2043
4670
-113
-6946
9804
8670
4322
6865
-2356
4673
-8419
8086
-3623
5227
6136
-4616
-1938
-6044
3422
-1876
-920
-6542
6338
-2973
4155
-9183
-5824
4067
-2191
770
1801
-94
6516
-6199
1160
3240
8939
404
-7200
-1266
-2629
2376
3924
2750
9691
6282
-4502
9615
-2560
9391
-8837
-1510
-4097
118
1998
-7237
3454
-7459
136
7893
3881
6653
-7285
8989
6595
1351
-4373
4048
-7661
-3106
4826
-7407
2382
-9331
-4237
-3303
-9825
7639
4127
6905
5137
-3005
-3943
-647
127
4701
7950
9921
3405
6548
7196
1277
-1748
-6391
3393
-6649
5032
-9827
1307
5679
-6185
8749
2382
-4108
-6963
-2039
-6285
-6604
-3256
-423
4885
-8937
6302
8935
-800
-9611
-7314
-3373
361
-8174
3594
8720
7542
-1176
4652
317
-3211
-2379
-8228
-968
4482
-3569
-854
1856
8390
-8281
420
-1880
4096
-7862
1560
-9534
-1597
4333
7944
-6520
-1362
8850
-9677
1077
1782
6421
4742
4721
694
-1612
-3666
8128
9146
-5885
1803
7643
4152
-8346
1542
8658
2546
-9617
-1476
-7044
2159
-9538
6328
8557
7892
-2659
-7727
208
467
9098
9642
3764
-5191
1483
3903
-5063
4780
-9698
-1744
8517
3472
5171
-7197
9090
-644
6895
-5492
-7981
-8084
-6910
-8904
-3269
3203
-8363
4453
-2527
3266
-5637
-8253
-7592
2695
5680
-4229
-3152
8099
-6396
-9279
7903
-4958
-6592
-2070
4240
3471
488
-6741
1324
-8468
4857
5243
6826
9664
2931
30
-252
-2085
4798
9116
9263
-9955
5181
-6148
2154
2905
-2843
-6012
-1396
4299
-8649
-1097
-601
-3628
1214
-2206
2342
2154
-3714
48
-7673
-6098
-7473
-9424
-8912
4749
-3613
-8630
-2424
3851
-9060
9115
-3057
-344
5828
-5470
6224
766
7136
290
-2339
-5630
-7441
2310
6765
-6554
5748
-7076
3170
6391
-2865
803
9745
1928
9482
7871
-740
6569
-56
6291
-6673
-5240
-2653
-4478
4057
-8649
-2167
-778
1953
-2482
-7490
-7952
-6645
4315
7397
4298
-5667
1408
9510
8348
342
116
-5451
8488
-4463
-3492
-491
407
-9721
3056
7627
-9877
2178
1017
168
-6457
-3368
2444
-4082
-7032
2971
7796
-9753
-1321
6533
8016
5148
1587
49
-4889
-5093
-9531
8553
-218
5659
9536
-1022
397
2240
4306
-5226
-7825
-2377
1809
2459
-3551
2843
-1311
1780
-1310
3461
-147
2601
8489
7450
-2760
-1524
9351
-1588
-2913
6493
7934
5788
-8002
2165
2233
-6843
3750
-1248
3554
-26
-5593
-4915
2236
-6651
-3669
-6545
-9372
-3404
5019
3157
8874
1442
-2282
1266
-4260
2820
5786
6851
6222
-8136
-5701
-6061
9779
7147
-4248
5833
-5663
-7177
4653
-3647
6016
6724
-3169
-3038
775
2141
4493
-1082
-1387
-4597
-2678
3766
5070
4088
5121
-6428
6433
2147
9027
-3453
-2500
-2550
-9887
-4117
4469
-9087
-696
-480
1521
-4467
-8023
2483
1855
1152
-8799
4618
2629
3361
-4946
6130
-5295
9430
4301
3555
-5489
-6808
9281
-9342
5162
-7414
-1732
5556
-1057
-330
-2981
-4398
-7771
7522
7288
5108
-9895
-2177
9142
7964
6531
9145
9731
3238
7173
-1241
4418
-2944
4230
-9572
-7146
1538
5756
6439
-4958
2456
7288
-826
-9142
6818
-3238
-6458
5921
7162
904
8359
762
7712
-2962
-9690
-3795
8101
-4484
3898
-733
-2770
-2010
-6120
-7708
8787
8689
8594
535
3944
-1803
8025
7351
-6556
-1358
-9911
8924
6722
-1745
2889
-5279
-1578
-3578
-2764
-7276
9720
6077
4785
-1508
-4909
-8343
-771
-5220
-126
-1501
-32
4867
6234
-7401
-6220
-5463
-6607
-6764
2321
4782
-2360
209
2190
-4750
-8937
3931
3346
-4607
-2507
3604
-9991
-5160
-1377
-5544
4180
-3314
1518
-466
5819
5639
-9014
-7262
2531
-9913
1841
-6780
10
3695
4966
4288
3143
3378
6546
-7542
-93
-98
-7692
2164
9373
-1810
5281
-8107
9862
5349
-1489
-8533
1253
-2358
7070
6364
7534
5853
-9064
-247
-5803
-3437
-596
9491
-7749
-1816
-7355
1841
88
4224
251
-5326
9176
-2963
8142
-9161
-4933
-4888
4522
-5035
4943
-1634
4245
-9545
3701
-1915
-9802
5991
-6260
-9793
-6221
7546
-3134
-6808
-7904
993
-7311
-6039
-6437
8817
-8163
-921
3197
5737
8719
6730
-3648
-5607
-4592
-4461
-9755
-2966
3281
-3575
3808
-6968
-6220
322
8424
-899
1258
550
7684
7252
6699
-485
76
-8572
5574
9785
4069
-5697
7178
-716
-9259
3307
9347
7376
6561
-6485
372
-2824
-6516
7837
-3202
4568
-4975
205
3736
-7569
-2267
3109
7867
-8390
-2346
-6281
9884
-5836
8428
2034
-5945
-8004
5009
2821
426
-8495
-4508
-4541
-6317
-9115
9828
2143
-414
6035
-5747
-690
-7439
-8575
-858
4950
9293
-7281
4083
2633
3677
8579
-513
-8820
4528
-5907
-5536
8269
4106
3043
-1887
-4794
3446
-5567
4245
-6831
7924
5982
-7855
1914
3026
9301
-6536
811
9944
-641
2008
-5825
7788
6971
-2924
-6611
-4838
-8852
-3885
8583
6496
814
4184
-8899
-5480
-7216
-7307
7667
2008
3962
2053
4997
3065
8327
-3612
3730
-5185
-2363
7742
-1541
-6451
-9420
9030
6266
1157
8841
4172
-4849
-3625
-3555
4578
9549
5034
-7725
3000
2965
3098
9891
7489
6363
-880
7104
-2033
-7142
3401
6625
-4129
4237
-4102
-6891
-651
9184
3656
-7357
-7301
7499
6821
-4647
-2446
8999
2449
-602
-7176
45
-7160
-167
7845
-7922
-267
4874
-9423
908
9322
9547
-2720
-9097
-9938
-2058
6958
7801
1342
-7600
2928
6225
-1368
843
3226
2535
-3787
8805
-8102
-492
-1150
-8301
-6752
9913
5238
5228
9644
-2498
-7486
-1446
-6264
-6196
-2603
4916
-1797
-1805
6554
-392
397
-6170
-5111
-5567
4706
2759
900
3389
-8088
3619
-1110
-6441
8449
7227
-7116
-5544
-9836
-443
5979
-4181
-8436
-3597
-6687
-135
-884
-184
4175
6219
-8743
-5760
-4570
7458
-291
6921
3536
6962
4184
-9468
3518
-7475
9242
604
-6600
-6688
3365
4391
8384
-2747
-6322
-4424
-9326
-2167
-5561
2134
1636
9818
-8324
7508
8553
-8291
6673
7303
-21
-5032
4114
5526
-5556
4114
-4317
1246
9290
-3317
4808
1557
-9643
9206
-9689
-5110
7127
4823
-147
-2730
-2144
9716
-6987
-3326
-9782
418
-7119
-5370
5213
-4927
5402
-9138
8299
-1196
-7499
6794
-4203
-1498
-5629
9238
-7529
-4269
-4532
-6122
4266
-4212
-8353
1045
8663
2259
-3333
-7039
-2951
-7706
2424
-5003
1648
-6168
7206
-6787
-9951
-397
6541
9682
-6351
-4660
-3055
5210
8961
-6345
-4868
-820
9737
-2966
9999
1686
2148
5862
5474
3766
3395
-210
-9627
5896
6024
5899
-3222
-7420
-7550
1896
-7742
-9557
-7248
-812
9673
-1105
-7684
-6212
-7230
-4609
2891
7533
-5139
8477
-7924
-9137
4727
5647
-1170
-9259
-6449
-8507
8085
2728
7198
1792
5813
-9361
-5287
-9366
8350
-5363
7767
-688
-7064
3883
-1246
-5022
-4483
7274
6866
836
6272
837
1554
-1784
-9684
-325
-6824
-6491
-5054
9328
-3108
-3812
1338
-1581
-9949
8131
7293
7632
6173
-3963
-2479
7153
3461
2794
-578
3775
8220
-5068
3493
7788
-7690
5733
9898
-1241
-5050
-4553
-7524
-1265
3055
2900
-873
-2625
5166
-3464
-922
-677
-7770
9286
-959
-8130
-1966
380
5901
-3035
-3346
-8375
6495
-6527
5417
2832
-9443
5360
6172
-235
-3982
-7928
-5701
-4560
-9488
-768
456
9084
-9021
-4693
4488
5659
97
4606
-7277
-3696
5807
2017
2024
1396
6849
2827
7774
-5365
-2721
484
-5523
5370
-6047
-2985
-374
-93
9165
8546
-6676
6908
-1898
6977
7856
-8059
-3969
-2351
-7236
-799
-8784
-4971
3845
-2210
2993
-6336
-5649
1058
386
7994
-285
-5757
8954
-8526
7839
-9010
8814
-1416
352
7682
-1443
3851
873
-9363
-8491
-301
8639
-4552
-8416
5570
2601
8830
5446
548
-2624
3976
-8779
1151
-3115
5080
8708
-1196
-6414
-5733
-4966
5128
7730
-2892
-5330
-4814
1880
-5137
-8800
-8181
7870
2797
6642
478
4805
-5724
-3799
2769
5946
3213
-235
-6706
2531
1144
-4309
9505
-7728
-3990
-6370
7417
5257
-8808
1545
8714
4193
6099
-2952
3735
-2805
7589
-3247
-244
5617
-7167
8210
3947
-4455
-1000
6580
-6796
-1467
-9232
-8090
2683
-8439
-9560
3901
3016
7708
539
-4556
5494
8857
6898
3644
-4812
-5618
-4796
2645
536
-8442
-6561
6000
6010
-5071
-4305
-246
3596
1405
1327
2837
-430
417
-4502
-6976
6208
1159
8914
-1035
-5320
8646
-2290
3689
9759
-448
-6733
4449
-1648
7050
6914
-615
-7331
7426
8656
7917
-2821
-548
-8575
-2421
-9676
-6685
6892
-328
-9465
-2845
-5191
111
7327
8737
9132
-9812
3545
-2879
-9108
-3516
-6796
-9367
-9840
-8557
-7576
932
3528
-8347
-2238
4078
-6598
-5275
-2850
8459
7693
1076
-4264
2435
-2603
9311
-8231
3164
-8838
-2379
3005
2959
1774
-5040
-569
4168
7120
5163
8670
8163
7636
5835
6252
-5932
4156
-6417
-5582
-3849
2321
1503
8523
-3521
-7528
-2500
-8564
4900
4670
-3816
-3899
-3299
-3246
-4153
671
-81
9099
-9021
-637
4319
8684
3488
7468
-1372
8171
9220
6906
-4531
487
4661
-6124
2188
911
2868
448
-1032
-5202
2637
-9310
-3850
2826
9305
-8467
9225
-6744
-7127
1037
5982
-7403
9808
5699
-2660
-693
-1641
-2326
-3192
-7721
9455
4411
-729
-2182
703
-998
1244
-1555
8516
-3575
4903
5743
-5714
-330
381
-3357
-8307
4910
-8557
1842
2968
-5861
6308
1267
7548
-7821
6784
-820
4384
5926
-4685
-1004
1929
1237
-2872
-6401
8017
-2223
71
2927
8931
6690
173
3767
8390
-4061
-910
7691
3994
8080
849
-9444
8294
4252
976
-7722
5216
-2567
8548
-877
-1642
-5043
7121
-4392
-957
-4807
9859
8143
-7676
580
-3454
519
8107
-4884
4077
6365
543
1703
2937
952
-5180
-4669
9752
1782
-7690
-5713
-2102
-3165
-5117
-8482
9431
-8303
-5698
3811
-9944
-4232
7235
-7200
-144
-7135
-7285
-426
-3316
-9424
3265
4423
-6241
4117
-7621
-9539
8392
-1947
8161
7721
-9711
-7801
-8591
-9966
-5265
2683
354
-3430
4954
2536
394
3405
697
-202
-5049
6634
-4570
4905
4486
9321
-5915
9024
-9623
4439
-8345
3977
-7021
-8159
7961
840
-5728
-3941
4563
-9926
4191
8210
-8389
7866
-3378
287
9678
-6915
7366
7309
1061
2861
-2563
-4139
6245
3301
2723
-5308
962
9566
-3412
-385
818
-9609
-9546
-8158
946
-6155
-4019
-4468
-1050
-6245
-1224
-1448
-6812
-3352
9573
-4078
-1123
-4336
-8331
5224
1314
-6289
3663
5663
9877
-4031
3188
-1892
3086
7111
8566
259
-1991
5199
9906
-5520
3605
-8909
-3425
-4201
-9368
-408
-5980
-2219
515
-6339
-2408
-7073
-9815
-3244
-8543
-1671
-8193
9475
7875
-7871
-8894
1184
9020
7748
6341
6380
7734
-5594
-140
696
535
-8372
5275
-2121
3817
-3297
1709
-4747
-8862
9652
5961
-8344
6407
-7242
-3368
4836
-253
8807
4133
4687
2135
-217
7542
-4174
-3916
-6541
3109
4420
-9146
6088
2163
-9170
-4134
2187
5630
7294
4630
7035
7261
2562
4434
5130
8388
-5180
-9918
413
-4667
3323
3420
-2180
-9211
9571
-2160
9503
9594
3993
6515
-9213
7349
1364
-232
-6206
-7228
-1724
2679
8556
-360
-2793
-9367
472
588
-1458
-6860
3502
-1857
-9363
-5253
-1382
5200
-7490
9441
-9414
6357
-2512
7644
7623
-6077
-3394
604
-6550
-4403
5412
7236
8634
8690
6853
396
-5220
-7003
4662
4510
7929
8482
4650
6924
4377
-9912
6104
-4917
-6594
919
9092
-3550
3381
-3739
7948
65
-3795
-2751
1693
8443
6007
7031
-9461
-7981
-8559
3733
-8083
7876
-2187
4341
2601
-9211
-6901
-1407
7566
9563
547
204
9946
8084
8065
8509
-2735
9112
-2626
-2446
9881
98
1666
9242
-8048
-7928
-8698
-5785
-640
6781
8915
-8140
708
-5039
3082
-9021
-4815
2689
2358
-5782
-696
598
-6453
-6175
6644
-6599
-6275
-7915
2716
3047
-4446
1493
-6662
5142
8635
1577
-7707
-6300
-956
6492
-2378
9584
860
-9788
-2121
392
4873
-4708
-4051
3727
7617
6718
-1359
9441
-2479
4815
-3299
-2069
-9032
2409
-2919
7606
-2258
-505
7102
-4413
9167
8592
5148
9995
-3015
-1430
-3255
4706
6801
-7434
-5130
-7551
-1943
-1269
-5312
-3019
-9877
-5108
2528
-3671
72
-2142
7845
-5154
1908
3629
-4717
357
-7073
-5386
-2519
-8701
815
2560
-7751
1956
-5007
1756
-2674
6589
4732
6638
-9439
8518
-6614
-6329
4699
5790
-2315
-5947
-2223
4413
-4259
-8306
9642
5787
-1322
-4255
9643
-1329
373
563
1210
1496
-7453
5462
-7434
7223
5701
-4125
8865
8187
7608
5207
-2681
1480
-3553
-6777
-887
-1556
-3840
-4128
1278
4021
5732
4588
-5908
-1527
2513
-238
1116
-9974
-839
9466
4300
1960
6211
4189
4830
-3122
-9499
1852
-5867
-4642
-5307
-4010
2464
-4472
-1356
-2295
-8707
-4780
-3793
2676
839
-8210
5722
4257
-5743
-7689
6053
-7537
-5813
9439
-9029
-2401
-9489
6395
-1871
-5664
-2572
-2354
-1331
8189
-5290
8467
-259
-9883
5056
-5408
9954
-6119
2800
6068
4148
-7329
-3234
-8831
9803
2853
-2226
-837
-7081
4341
-3773
-2640
9721
5933
-7743
1452
8595
5291
1970
1068
3374
3255
-1812
9279
-2290
-7219
8920
-3998
-484
8234
3827
-1559
-6991
667
-5517
-1109
-7469
-879
8055
-3474
1112
5395
-1091
-4470
3273
-8169
9614
7102
5759
8022
-805
4739
3904
8157
-78
920
-5868
-9493
-3959
255
-6249
-5078
-3453
-4587
-8612
-3607
-6333
9789
-8985
2244
-9228
4741
-4569
-9004
6360
-9319
-6694
3288
-8879
-7728
8535
3239
-2589
-6424
-3450
-1974
9011
-5843
-5370
1559
8870
-9898
-4872
9207
6055
7433
7964
1618
-1528
-9792
7571
-7513
7643
2920
-3198
7554
-6501
-6535
-783
-7697
-3787
4800
-3350
1092
7720
-130
4683
4757
1093
-6573
8033
-7307
-5903
1919
2488
-7618
-3980
2969
-8105
3640
-8387
-1741
-5765
-209
6903
-6640
963
9046
5724
-4046
-2316
9610
-3851
-5574
-4119
-4467
9054
-7218
-7165
-4391
-493
7132
9636
4997
3917
8253
1617
6669
6157
2582
-8458
5674
-3783
9105
4428
-173
-3220
6466
-9849
-3343
2597
5986
-3317
8157
8530
-4079
-2706
-8818
7755
5182
5899
-3867
2698
-4826
1421
1098
-2863
3180
9235
-368
-5762
9487
-853
5557
-1308
1819
6458
4950
-9748
3241
6501
-9406
-3499
8298
483
3548
-4604
-140
6017
5822
1790
1296
5168
3708
1233
-4742
-10000
-1182
-6620
8344
-157
-5807
-5287
5466
-9499
9273
-3972
8064
-7547
1673
-4947
-2408
3226
7135
-4400
1246
2950
9500
6674
-1761
420
-4919
5114
-1082
-8809
-1079
-9223
9805
8865
-2558
1617
7546
574
6373
1200
-8999
-2832
9495
535
-6234
-6701
3320
-1499
-4610
7487
-6780
7140
-2489
7544
498
-7671
-5430
-7794
1331
-7674
9113
-2531
-5062
4055
-5253
4466
7600
6883
4091
4523
-5906
-1250
9141
719
6604
900
-1607
-2255
1674
9506
-9854
1866
-8153
2647
-7554
1518
7239
3963
-2223
-5827
4950
2427
8135
-2619
5480
8146
-2642
3823
852
7134
2471
1872
-4713
8245
8545
6790
3015
8001
-6469
9495
6493
8281
-8156
-7241
3354
1514
6185
6773
3395
3188
9049
-3905
-2437
-4302
5821
-6590
5790
6593
-5688
-272
-9542
-660
8913
-6693
7087
-4225
5094
4585
-7128
1175
-1111
583
-6623
8330
4978
-2319
-3433
7922
-1478
-731
-1091
-4452
2766
-9600
-4836
1058
-3576
-6215
-6482
-702
-8868
-6866
2691
-2057
4345
-3769
4020
-7615
4521
-8593
8689
5093
-5784
-9865
7440
9543
-6934
913
-5527
-4590
-918
-5859
719
3733
-1233
31
868
-7968
-9454
8832
8111
-1518
-9311
2009
-3800
-5975
-2496
3372
-9189
5727
-41
-449
-5796
8891
-8912
1786
1143
-1173
-5137
-2430
-6170
-7940
-8944
-3594
-5044
8864
5364
-4569
-293
7798
-4255
7052
-6148
-3955
5773
6959
-4676
-6931
-962
-4237
-7321
3106
5388
-4492
-4333
-3103
6492
5474
-5646
-5756
4758
5086
-3488
-7167
8058
4333
7511
-9376
-6103
-6377
-3057
-5233
1359
-4193
1364
6147
3386
8411
-107
7072
2500
1988
-1338
2871
2408
2289
-8341
-45
-8343
4021
6856
-7276
9713
-4325
-121
-4242
5748
-2196
-1410
-3808
-1810
1889
-2239
-4440
7753
-4649
1280
-7627
-5092
4318
8065
-301
5398
803
1159
4323
5995
6575
-4008
177
6750
7584
-6462
-2761
1701
3814
2014
-3421
9093
7588
-9284
-1096
5222
7137
-5722
2494
-772
1961
8746
-1671
8709
-7370
-2907
3508
-6280
802
-6716
-8823
-7305
6793
-8637
-837
-5686
23
-1951
-4202
-3625
-224
-5789
-4179
5196
-6630
-8656
-1761
-7506
-1928
-4411
-9870
-8301
68
-5990
5815
1786
3677
4272
-7863
-34
-4006
3757
3480
8276
6137
584
6399
785
6582
805
-9140
2761
-9839
4749
6565
9200
-1648
-2927
9053
2349
-4156
-7779
-2465
-2559
-1274
9662
1543
1866
-2618
-8912
3806
9398
-1398
-7601
-4521
9517
2325
7731
-7346
2221
-9581
6935
-4900
9957
-8714
2598
-2757
-7077
-7229
-2261
-6424
3941
-8410
-9765
-1894
-2588
-7671
9223
-9267
8448
2664
9203
2601
-9179
8872
-4153
4426
-5296
6963
2210
-8522
8956
-2179
-8493
-4925
-7729
-7452
-4813
5749
-8665
-6293
-8631
1168
-5565
2617
-882
-5180
-1541
-51
-8006
-8969
7053
7603
-5767
1026
-297
806
-6094
-748
6170
-4835
344
-2249
-9518
-2262
6491
8231
2311
-5137
1551
-3075
1750
3883
9163
9966
645
1569
1516
4900
-6759
7126
-573
8841
-7238
-40
5200
5095
-5752
-1504
-6004
-753
-3859
7863
9282
1578
-471
-7906
-9199
2177
-4701
6836
3228
9682
-5915
9937
4723
477
-4364
4579
403
-2191
-5113
988
526
2943
3539
-4412
-7297
-4111
-6067
7510
9573
-3004
7943
-9342
6563
2243
-275
3738
-5912
-7939
4908
6460
6100
-7185
384
-271
-7807
-5320
-8068
-389
-7764
-9193
3781
-4541
-2438
-1751
-3239
-9564
7592
-6698
-3586
2838
-4968
-2805
4149
3052
-2166
8284
-3060
1399
8755
8507
-5075
-7064
-7972
6762
-1810
-4417
8723
-882
3088
1047
2739
-7243
-7678
-7284
-9903
-1485
3419
-793
-788
-7099
7126
9124
-9134
1231
-7091
-9494
711
9673
-3299
-8246
-6779
-3729
4515
-5145
-4339
-1128
-6044
-8330
2765
-1469
1668
-4405
6774
-113
8348
-8797
1886
-7196
-788
-4110
2762
6339
673
1212
4972
7774
705
7905
2641
-5841
-8890
56
-4402
8608
-7084
1941
-7746
-4248
-8285
-3909
-1912
-8765
-2758
2237
-9891
-9180
-1822
-4819
2663
-4555
-1191
8969
6246
7454
-3660
1578
-5030
9740
7527
9861
-9058
8906
389
5976
-3018
-2815
-7300
-6880
-6174
6705
90
7140
-1861
5969
3421
8049
-1164
-4152
-4546
-1462
3605
4224
6069
5357
-781
6715
7408
4977
-3470
1616
2817
6074
-8275
-389
-3831
7205
-5197
7962
5142
-6220
4059
-8702
-4511
-9780
98
-8191
-5244
-1333
2799
-5121
4573
3735
3876
4484
-5320
1706
-9168
9944
-9631
3532
7138
-1456
-2537
-2587
-4205
9432
1377
5647
4164
5835
8607
-223
3733
9936
-2804
5628
480
4177
2083
3146
-4966
6517
-7815
831
-1824
4430
1319
6079
-2403
-7717
-7806
-3422
8176
-7946
8941
8868
-5866
5223
-5482
3390
-4361
-4876
7853
-3315
-4596
-7998
4632
202
6602
8413
4428
-1211
-9798
-346
-9500
3960
5826
7088
5605
-1837
-7369
3288
-7747
4410
2164
-608
2075
1024
8365
-8485
-9422
-3838
9827
-2507
-852
-6923
-713
-7659
3279
7918
-6251
-2135
-5040
8795
-618
-732
-6021
-8061
7203
-3314
6165
9323
610
8129
-2694
571
-3360
-9773
-2155
4985
706
-5512
3381
-731
-3557
-2233
4391
1430
-3344
-9436
5943
5809
-4347
-3312
-8496
1941
7946
-1913
-1078
-2946
909
-7456
-7607
6681
-837
-5421
-8031
1455
-4529
8204
6223
2971
5531
-9326
3853
1502
1166
8420
-6036
-7877
1254
5924
-6771
1673
-9350
8567
5036
2476
-5392
-3359
2303
-5884
-9077
1696
9800
-9840
-1415
1240
9938
-8199
-9905
8254
1302
8677
2019
7020
-9144
-1513
-5171
6629
4973
-8332
5590
-7594
2741
2695
2309
5192
8189
4908
-7956
-9169
5916
-3807
-9322
3045
6908
-3769
-1878
-7836
-7493
-8715
6550
1395
5470
1948
-9561
3095
1612
1901
2630
1850
-169
-7191
-5584
5014
2383
-9946
-9138
614
-7282
-8230
4607
-5766
7302
-2011
7025
3034
-1375
-2005
3439
-1027
8557
-7541
-6484
-9549
3058
8609
-8360
2122
5831
6648
2906
9338
4722
7588
9486
5067
-2560
-6532
3671
5008
-2948
6501
-2467
2334
-5610
-2853
-902
-6464
4564
3226
-4328
-3567
-7904
1338
-1733
-2319
7596
-43
-8773
1901
6331
5412
-5647
6571
-3762
-5397
-5899
7705
3074
-6639
-1848
32
5156
8326
8182
2013
-7579
-3774
-2987
4262
-4102
770
-7024
-7691
-6233
-9563
-3864
1901
4341
-6833
2081
1406
4810
-1222
9810
8090
428
-4549
-3307
-2788
3571
2916
-2145
-5994
3558
8530
3449
-242
-3798
-7151
2440
174
-6015
5621
2244
9789
4669
-1802
-4653
-6345
6185
-4616
4107
-9546
2692
1759
-6860
2851
9175
-1063
7093
5096
-6905
4014
8025
2324
6249
-4107
-3978
-3774
-9643
8548
-6134
9765
1895
-2961
-9029
-2392
-1200
-174
-687
-5861
264
-7470
9339
-8095
-1155
-4231
3200
5900
-6972
-9314
-8372
-1943
8477
-1768
-5001
-4574
5406
2682
1939
3368
7068
9457
-436
9510
-7924
-6853
-877
9338
-7287
1517
-2169
8434
2382
1127
-2979
-715
-2196
7809
-1976
-2154
7208
8897
-2975
1321
-7377
-7576
-6859
6845
-2342
-6562
3796
3479
7473
-2195
-9528
-8828
-9727
8499
458
7830
-2434
4418
-4075
-9295
-6799
-8258
4226
2110
-2170
5465
3456
-380
969
8751
-9335
5364
5702
-2134
-8170
8034
-307
-6016
2115
4348
-8572
-9730
-6734
-9605
-8773
-2613
8218
5488
-682
-6205
3822
-1814
7013
-2565
4366
-6143
-1123
-9441
-5410
-6616
-761
3566
-8600
3134
7511
4047
8549
9111
-2601
395
232
6446
1839
-9763
-4610
4166
-3471
3407
-3156
2848
-2372
-7721
-4392
-1228
-9962
-7156
4364
6905
6707
5941
-5635
-2651
2115
-9895
-4174
7222
-9577
-5352
-4093
-5441
-8439
-6144
-6489
-176
1091
-798
1174
-1648
-4071
-4457
-63
2657
3937
-3034
-8922
-8674
-2776
1260
3494
3613
-7617
7014
9247
-1863
9781
1055
1559
-5834
7206
-6709
9472
8493
-3952
700
-1608
7917
9510
-3818
-4600
1721
-8255
680
8120
5831
5779
-4900
-3561
7509
-4187
2539
7396
2764
-9609
-7
-9895
7345
-7464
6611
7797
4267
-7369
-221
-415
2719
3281
6904
-9017
-7558
2715
3360
2161
2411
454
2517
2504
6310
8410
3368
7636
2544
2946
-3791
3909
-1867
-7324
4552
-8387
-7763
2142
5789
-8708
5742
-7148
4370
-6515
-4872
-7447
7169
-2682
8004
-1271
-3294
-6251
-7023
-9807
-8181
6021
-6109
6161
1863
2756
-1149
-1340
-6096
4551
-2365
9953
-2395
8743
-7409
2510
-465
-8241
9693
-5808
2183
9662
-6223
-9203
2145
1659
-9685
7984
5012
-1996
6050
-5088
7378
717
-2698
-1237
8036
1458
4997
-2930
3498
-6019
9244
7214
-3010
-6879
2583
1680
8963
-6754
-8779
896
5938
4764
6140
7809
-9734
-2084
-8449
5941
2047
5550
-6772
5550
5649
-5240
-8470
4601
-6827
6635
-9626
-6121
-4881
113
1037
-756
-7532
-1315
-6920
8861
9910
6973
-4755
7018
-5320
-1727
1301
3597
-7128
1005
2662
2681
505
6632
5727
3990
-8663
6759
2894
5101
2973
4455
3838
-702
-8557
-5270
-8805
8062
-2131
4612
-4710
-3026
-1885
-2721
6553
5548
5335
-7214
-7936
5036
5093
-6685
1556
2674
5628
3735
6893
-3151
-9614
5469
1489
5453
4263
3933
2419
-4891
515
1403
-2279
-151
3602
7176
4642
5902
2197
-9196
5550
5007
2285
-173
-9242
-9286
-9511
-2118
9882
-8815
-2525
3029
-5590
-2923
607
7577
-6001
9066
-6862
-4143
1163
-8512
-7492
-227
-2879
6705
3797
6275
-8012
5174
7257
-7966
-1656
2710
-5306
113
-257
4992
4558
-5073
9616
-5036
9815
9404
-4979
-1240
5302
343
5772
2003
5337
-9494
1188
-6519
5692
-5412
4562
-8252
8238
-9298
2233
-1392
-3162
7544
5099
5425
-5022
-4705
5378
-3893
-1596
-4844
5459
-7947
5554
1907
-7850
9777
-9306
2429
-7131
-163
8360
3108
-945
-9167
7569
-2750
5107
9427
3609
6853
5556
2363
-9847
8309
4197
-4811
-7871
-1534
19
-503
-9011
1022
-8551
-9391
8121
461
8411
4814
-8462
7289
9703
-8221
-8524
3166
6461
-2160
-868
2131
-1566
8938
8747
2041
5393
3051
1047
9571
1090
7916
-3362
-661
1815
-5245
2903
748
166
-8073
5746
-7508
-2870
-5264
2380
7654
-9714
-8866
-8228
-2874
-5080
-9592
5345
-5340
-9993
-3235
-7014
-4064
-5340
8508
4055
4404
-5104
-6528
5521
3110
-6439
-3661
3495
-7408
50
5276
6878
6631
-6666
-9574
5897
-1944
-5619
-4008
5416
-295
-9852
9837
4254
-3143
-9412
-1613
1414
1876
-2250
-2802
-3516
-6006
-6121
-6006
9543
3060
-3600
1704
-5582
4260
9173
-8714
5656
9720
-3468
8667
7656
-2240
3877
-1481
-3723
3375
-164
-2108
9963
-9092
-3718
6180
-46
-7861
-7696
7184
3155
1669
-9912
5607
8924
-8994
1065
-6119
-6272
6992
-6870
1429
3973
4448
7340
-6408
9558
8964
6293
-2313
8462
5373
-9554
-2604
-6863
-6609
-7824
9461
-9910
221
2924
-7914
-943
-2027
2812
4597
-5856
8418
-2043
-7060
-8496
-8333
-7888
7967
3224
2852
-4490
8151
-9637
-4255
-5513
-5587
-5726
1219
9814
5932
-9167
-7550
7090
-401
2107
-8797
-8072
5492
-1674
-4569
3066
6769
1403
3046
-8420
-2657
-3557
33
-8612
-686
-8506
-3520
-4564
8150
-8806
9895
-3819
8868
-6064
4893
-5302
8659
5129
-1273
-2599
8067
7802
6364
-2311
-4916
7991
-7736
3070
-4626
2092
-9283
2228
-3673
-2479
981
-166
4503
4692
-8424
8360
-3629
-9451
2535
1907
7741
-8213
4033
6338
-9494
8396
-2831
-3141
-3419
-7884
-4285
8866
9907
4836
6351
-8243
9992
-1530
8613
-6494
5856
9077
3465
-4733
1170
3289
-2763
-6332
4568
-5183
4815
8614
-2113
-4813
3288
-9403
9957
-4648
-4269
485
3323
-688
9796
4162
4779
-9901
9635
-5952
-8503
1622
-8573
-5747
5728
9510
-7742
-9099
-6275
1123
-9744
3423
-5908
-4335
-9970
-2289
7855
6550
8663
6539
4340
-5040
671
2642
-5487
-9833
-6875
-8
-8350
-773
-5330
6426
-2706
-8935
-4996
9720
-2035
5930
-5292
6472
8429
-488
4541
8832
-2013
564
182
7061
6140
8289
-9649
-228
4048
6756
-7025
-6260
-7359
-7424
2665
8764
-2733
-3280
9293
-3045
6868
7052
-8462
6331
-3697
-2479
6472
-4615
-6040
-4139
7906
-2794
-6704
506
4627
-8878
-3919
-7206
869
2404
7678
734
-1331
4903
918
-5353
9348
9937
-8823
-1607
8603
6562
5481
-5946
-4339
2232
8622
-2027
528
8916
4477
-5992
-5955
6472
-8231
-654
-2506
-4075
5446
-8420
-3009
6234
-2798
8794
8963
3389
2618
-1483
-383
4367
-8566
-390
-7223
1934
4207
-4565
-5722
-3675
4565
3090
-4030
-1706
1267
6116
-1225
-8800
-2930
2097
2214
-6471
3609
8779
-9712
5116
8261
-7768
-560
9160
1493
-8253
8398
-8550
-331
-4992
1282
-496
1295
9924
-3178
-2331
-6864
-6785
-1346
-8252
3565
-469
9729
-232
8216
-8655
-9892
-3914
-103
8969
-6903
8937
-4361
-1814
8575
7754
1413
5902
-9156
-469
6444
2515
1402
4221
-9637
-7532
-9744
-7584
-6121
-8704
991
-3051
-3505
781
-1436
-8086
5340
3308
-8195
-7761
-5190
-3325
9683
-3618
-7116
9343
6672
3899
347
-4308
-9055
5565
-9184
-5505
-5449
484
1285
-8818
6484
-467
1483
-2205
-9539
9970
7827
5879
-224
-7827
-9562
9262
392
5861
9521
-4611
-3093
6038
-6370
9472
8815
7454
8026
-7801
-776
9797
4150
-9696
-51
7092
-6373
-941
232
21
-7628
-106
96
-2328
3850
-5008
1607
-469
6187
-3683
-4151
-5059
1109
729
1476
3935
-993
2897
-8572
-7693
2533
8616
8071
7560
9329
7410
-3796
-7196
-78
-2075
6631
-7839
-3080
748
6827
-9784
-1485
7056
152
5156
8073
-1497
6931
-358
6383
1287
-8848
-7718
8450
301
-3039
4937
-9706
-7614
-6905
-4266
-1291
2584
2988
-631
5720
-5231
5393
-9533
7864
-3962
9862
7530
-8745
2034
-1113
-7448
822
-2150
3876
2405
6483
-7468
-5433
-5943
-8509
-6067
7284
-8329
5436
5458
4630
342
-2855
979
-7079
8609
4496
-3729
-1618
-8290
-39
-1380
7765
6037
-1029
9336
-52
3779
-4853
2031
8875
8589
-6465
-5372
-1183
-5806
3442
2431
9673
-1299
-352
-2724
-4996
3921
263
7217
906
1284
1852
5597
8980
-8864
-5239
-2381
-7967
-6417
-9778
-5850
-8026
4432
5796
-1094
1526
-8509
-4564
-2239
4284
3148
2321
-2758
826
-2889
-2666
-8607
-6095
6000
-4422
-4415
-9058
5497
7509
4158
-9657
-4832
-3521
-8761
-6342
-920
9374
-5731
-6423
-704
8462
9349
2979
6709
3248
124
1047
6084
3980
-9168
5900
3621
-8205
-6160
-9209
-9614
2909
-8654
2822
6223
8405
-1849
3159
-3425
5848
416
-8043
3869
-7498
6456
9616
-2131
-6265
-1494
1917
-6124
6057
-5771
6444
5147
-5775
-26
7174
-218
506
7264
2651
7763
-7720
-7045
-8268
-4262
6193
6682
5154
3241
-3843
-5567
-7666
-8583
9128
-9104
-3120
6030
3320
4206
-2136
7865
9637
-2397
8529
-4672
-8476
-1909
-8169
105
-5043
4668
2612
8765
8901
831
8121
-3929
-7020
-1601
-4019
2610
-7051
4940
7730
2424
-9868
-1158
-2521
-9882
1022
9822
-5039
-5996
347
7508
-7008
-2248
-614
-6848
-5749
-2074
2570
-3088
-6819
-4213
-6386
-153
3130
-5132
8404
-9719
-3745
865
-8500
-3228
6192
7181
-6470
-7394
1263
-1893
7212
-9012
5898
-9871
4550
5855
6901
428
435
3081
-2415
334
3609
-3366
-5606
-6365
-5633
-8708
7692
3006
9387
-3209
-5891
-9395
1688
-9509
-4910
1404
-8274
-884
-1756
395
-8960
-898
-5535
3661
-5099
624
-2970
5150
-7451
3223
-8099
-5621
7554
6967
7514
5708
3941
-3988
-4636
4988
-1313
-7941
6576
1309
1301
4577
1910
5062
1833
9421
-4260
-15
-8727
3333
780
-5788
3784
9158
-736
-2899
-8968
7388
-5050
4186
-2911
-6488
-4320
5561
-6763
2360
-5452
-1285
1991
2537
-5588
2673
1731
8171
-3046
-4018
4030
8475
-997
-1712
5077
1031
-399
7123
354
1142
2760
1901
-7038
-9654
9227
-5841
-5809
1331
9551
1374
-9689
6377
2882
-169
-9811
-8845
-793
-7772
3524
-9368
-4710
8934
8859
-871
-5384
8434
7907
4009
4485
8621
5997
3226
4547
5576
6101
1745
6148
4684
1661
-7843
-9798
-7277
-1395
-3139
4132
-9450
1739
5550
7613
30
6069
2670
815
5071
-2549
6551
-6736
-4354
-5040
-4861
3093
-5006
9512
-2054
5742
7189
-3489
-1945
7420
-3630
7510
5816
-4244
3181
6872
-2162
-4744
365
2447
2954
6091
-5467
8068
-6722
502
6590
7174
-7505
1225
-2557
3712
-2535
9445
-4308
-8890
-8606
-9950
-4220
-5482
-9810
8669
-798
-5301
3755
200
-1327
-6552
-9332
-4324
4836
4298
-7531
-4366
-3888
-3070
5672
5114
-7544
2565
6434
-9384
2660
4962
-9363
-7361
-2131
6102
-8798
7685
-7141
-2514
-5440
987
-9571
-4934
2166
724
-8914
9434
6714
-634
2215
4499
-6063
-9985
8041
3172
-4039
5186
3771
5867
4691
2630
8501
4768
9200
-5908
3722
-6653
7929
-4550
7704
1813
1946
-618
-3637
6133
2871
2346
5013
9984
3891
-2524
199
-6945
-4194
-8383
670
-3224
-1694
9050
-1409
9650
7609
-7929
-8098
5788
-9902
-7371
-2228
1404
5048
-852
-4303
4653
-8276
8033
8476
-445
3526
6262
5935
-6127
2857
5917
-6308
-3351
-485
-1277
-3741
-6680
442
-7080
-4647
-6536
-3605
-3001
-5756
-1371
5781
-8754
-6947
8695
3055
8408
5074
-5615
3710
9282
1762
7863
8903
-4425
-5507
-9143
8480
7760
-531
-9749
-9963
9019
-714
-4420
-3163
-3927
-532
555
-3528
-8496
-8445
4501
-5840
-6580
-2597
-7501
5131
-9256
-2957
-5515
-8054
-4183
5422
-4056
-4120
-8012
-7155
7628
3707
-8492
1698
-5125
6321
-7580
6574
-7996
-8762
322
-4387
-5822
6430
-9223
5351
-4336
-5035
6015
1819
3742
-9959
3605
-7140
414
-4176
4989
-8274
-5245
-5895
-6336
3687
4065
-7638
6862
-9643
-916
-943
8072
7679
-6213
3409
-2822
5320
2167
-4594
-1874
5189
-1862
-6500
6613
-4710
1899
5572
4626
391
-6565
-7008
7549
-6264
4607
2484
-6380
-122
6199
-8149
-5812
-6442
765
8838
-5390
-5811
-1070
-7949
8625
-6608
8205
-6432
-5096
6185
9431
7185
1205
2200
-9266
1074
-9802
9
3020
4221
-2714
4704
-9482
-9432
-9123
7461
-2642
-6333
6446
8886
3389
3917
-7595
-7352
-1987
2201
-1496
-2561
1095
2303
3437
7429
-8950
7252
7
7693
-7149
-7039
3870
-139
4688
-2805
750
-8871
8095
2499
-1767
2678
6583
-9435
7478
-2570
5597
1865
1931
2877
3871
4360
-8957
2726
-8682
7830
9613
-8162
-6351
3428
3301
6953
-4891
1214
5731
9282
-5706
7701
-6775
5022
6967
6962
9107
5957
4775
886
-2899
-1968
-9
-9384
850
-9908
4144
9421
7973
-9984
-7902
2015
-159
-6475
1626
5906
-4943
-2947
2208
3161
-7390
2061
-181
6199
5200
2147
2083
1305
-1338
-8778
9893
7381
2221
2703
8082
6479
4317
3951
7214
5562
-4475
-1097
3253
6122
5384
-7497
-3503
-4241
-6653
-7746
4782
4790
6761
1215
1170
1945
3412
7057
-9397
9828
-3571
-164
1787
-7075
4467
10
5124
-1688
1477
1429
2431
-7393
-1029
-5448
-944
7470
2076
-4452
-8607
-635
-6557
5924
4547
762
-8460
-2672
-9758
-3480
1606
9342
-8727
7833
-6036
8404
5215
8342
-5849
-2944
3865
17
-6629
-2579
8223
4964
354
3135
1404
-6802
-4484
-9152
6209
4230
8085
-8600
-5943
9265
9247
-3294
4557
-4487
-2936
-2139
4073
8466
-7290
83
5595
-741
-8065
6938
5899
7634
-6005
-1155
-6437
4491
3555
-5225
4571
1740
-276
-6218
-8016
-2048
7774
398
-8627
-9592
4441
-8283
-8383
-1181
4690
2599
-5875
-5791
-2810
-1119
-5693
6615
6364
2441
2531
-8253
549
-8834
3143
-950
5321
-6265
4805
-1780
-6590
-9050
-8667
-9637
4740
9819
-9032
-2815
-1945
-4542
-3763
3138
8995
-9875
287
-2099
-7121
-5533
1028
2556
-5211
9836
993
-722
-1009
-7530
-7300
-8892
-3873
-3862
6993
7485
4150
7050
-6417
-2252
-4367
4735
9555
-339
-2544
-2349
-4988
-9582
-2212
-2347
1339
-2562
2604
-8022
-4208
7519
2824
-1802
-3568
4713
3543
9501
8232
-4663
8322
6226
5237
9304
-1587
6549
-3070
-6532
908
8214
2165
645
8550
-1641
6797
-603
7254
2333
1605
-3437
-719
-1931
-8921
718
-8869
-6683
8847
-3022
-4216
921
-1398
4545
-4374
-9331
-820
7855
-1604
-7718
9594
-6946
-185
6653
-7028
-7038
-6444
-1469
4795
-2581
-9583
4186
-7415
6769
-4886
-3600
-4253
8598
7681
8086
-2949
2563
6317
-8735
7100
-6951
5365
-2757
-1315
-7722
1598
-1158
-3400
-9985
-43
-3314
-5258
-7617
2020
-9089
-5482
-8226
-9766
-3139
9982
-6358
-8821
-8678
3302
7391
1767
8994
6240
9404
-1210
-5134
-2047
-9661
-1061
-233
-4593
-3285
7963
-4838
-2732
-672
-6240
5886
5409
9335
-966
5808
6192
-2537
-8443
-6297
4891
5185
8371
3986
11
545
2110
5923
-8527
-2577
-9053
596
-6570
-7678
-2110
-9762
9785
5585
4119
-2747
-7416
-3823
-5860
-4746
-3801
-2795
7747
-7567
8679
-4449
-6222
-2398
9580
8996
3473
-2821
-2014
-6530
4752
-2886
1626
-246
199
-8193
4738
-5242
-843
-3872
9642
3843
1844
3092
-833
-5885
7897
-7638
-8872
5078
-9652
1473
-6099
-3291
3078
-8791
-6764
-8979
-4262
1136
-7193
-9980
-5441
-368
-8121
5905
3234
-7396
1165
-3169
-7067
4065
-8397
8160
-4176
4049
7043
-2685
7549
-2549
-8579
-7966
-8372
-208
-3588
-8804
3969
2
-4456
-1496
-7772
-2083
-7766
8802
6083
-933
188
3414
-2339
5667
9423
-2657
-1113
7346
-1390
-5554
-9081
-4397
1236
3563
5576
-7128
9358
-7025
2235
268
4037
591
883
5632
1848
979
-3270
1532
-637
2658
4752
6518
-1228
7611
1563
9611
4814
6880
4222
-1316
3274
6279
4377
2862
-5357
92
578
-1109
-7824
-7045
4775
8338
-2494
-1519
556
-4433
8624
4524
8787
1438
719
-6242
-2172
2223
-2760
6753
-5095
-3740
-9756
-8264
-8403
-660
-4838
7019
