7191
0
-1772
-5448
-3187
-9705
2022
2396
1598
-6509
1539
2730
5311
3096
4984
3979
9084
8746
3953
4467
1550
1798
7189
-9553
760
-7791
2975
2669
422
7134
8447
-9462
7518
-9067
8685
-4573
7938
-1643
5455
-231
-6669
9576
-3835
-2115
9572
5446
9292
-8732
-155
-4074
-1993
-7683
-8491
5164
3283
1811
-2871
2358
3718
-1769
9845
8983
6276
-6016
-2073
-9146
8435
8848
-6989
-2495
-4245
-4425
3068
3211
-3441
380
-8233
5386
-5985
7853
1845
3324
9942
-2086
-9
-3411
9495
-8822
-2070
4786
-2129
1221
2301
7032
3401
9611
-5500
4829
7946
-2867
-7076
1330
-4695
7968
2046
-9312
-9695
-5282
2961
7064
6338
-9261
-3357
-5754
-1394
-7237
-3641
-6063
-1622
4857
-4367
-435
-8127
-2993
-2993
-4495
9883
-6154
-5173
1577
7796
-3290
-8137
-7870
-2327
-1295
-5516
-4267
-4212
-3018
-698
858
3509
-6727
9296
6185
-849
6282
-9360
9563
3466
2598
610
7372
-729
-5117
206
-7791
5689
-6440
-7424
-805
-9435
1418
5450
1408
164
9245
-315
8557
-6448
5441
-8215
-9495
8400
-8124
4667
-2745
8461
4046
8559
-7190
7887
1192
-1513
9773
6046
4323
-255
-7377
-548
8481
2113
8670
-7402
-5718
-2267
-37
-4639
1534
-49
4488
-6761
1778
151
7586
-7426
5861
8337
-5632
-4366
6094
8164
-3720
-2673
2184
8506
-1004
5615
-2261
7759
395
4094
1175
2901
-9680
2290
2789
-3799
4200
7333
7415
-9875
-4547
9088
-1
-8205
-6453
-1468
7815
-1049
389
8795
-5598
1302
2496
-207
-8081
-982
-1912
655
187
-8360
-7257
-426
2013
-5488
8462
-5415
2768
6153
-3900
-2433
-9107
2874
-730
6438
8616
-2579
8779
8993
-6608
7329
10
5575
3790
-2480
2828
3841
9372
-2771
4664
-5569
2368
2640
6428
-3737
-8873
-354
-6952
1376
3091
7849
-9094
9008
-4798
-9503
2467
-3795
-5029
-4002
-472
-8697
913
-2251
8202
6212
8353
342
-1315
7415
4730
5331
-5527
648
-8582
6993
8889
-5091
-1614
107
-1115
-1804
4745
5835
-6011
2177
6042
900
-174
9988
-3897
7145
-9107
6167
2860
7612
9806
96
-8070
-5990
-8013
2680
-4269
-8884
4589
8574
9629
8655
736
-7632
-1669
4905
-5764
-2250
7711
-3130
-9426
-3940
5880
3252
1422
-6351
-2168
5651
9302
779
-8473
1426
-589
-9844
967
7900
3239
3097
-1605
2920
9289
4311
-5945
2994
-4573
5718
186
-5748
1131
-8560
7891
4847
-2300
3120
-2227
-7951
-6540
-6425
6318
3833
-5420
-4541
-279
8382
-2024
42
-6886
3988
1836
9338
-990
-9908
-5298
8602
-3501
7796
8376
9895
-4234
-3244
7683
6300
-7266
4706
3549
-8994
-8491
9002
6321
-3023
-6883
-1650
-9736
8150
7141
-7010
-7999
-7222
864
9398
-7661
-8936
-4343
-3837
-6614
1096
7985
7119
1780
1897
9334
7256
7370
1304
-1131
697
-4052
-8539
-2776
-9979
7504
-1269
-7643
9283
8454
1947
9407
1162
-5345
-5252
-9479
-2953
-7035
-7344
2151
357
8708
-8128
3059
-1209
851
-4916
-3511
3999
-5184
-1058
7398
5589
6565
8979
-9760
5469
-144
6491
8003
-4429
-1079
-9749
9426
1086
7484
-987
2772
9829
-7346
-8606
-3457
-3016
27
3535
9408
3591
6774
-8420
-8501
-1845
-6054
-8550
-8447
-5546
6555
3022
-6830
5383
-3581
1544
-8760
-5048
-4771
-7223
-3951
9610
-1723
5465
-9508
-6775
4627
3301
4875
-5413
-4030
3776
4656
8052
-386
-2038
6602
8332
-9137
3233
-4683
5482
7193
-6359
-5816
-4141
-6139
-1959
1182
-7335
4844
-318
7002
-5863
-4653
2095
3586
-2870
8446
3770
9516
-1774
-9448
1489
-9334
-1368
1243
-2201
-7542
2563
3864
2825
-4766
-6462
7814
2815
2934
8605
5764
4673
5104
-7113
9647
9420
7893
-7799
-1528
-6752
4608
-4146
-3544
3024
-9825
-6242
1602
-6200
8139
-4092
-3823
-4390
8055
-4067
7586
-9724
-7313
-5049
-4620
5939
7690
-2439
-5144
-3425
-7896
929
-4304
3156
8010
-4738
6225
766
9899
-6568
5986
-8398
6821
-2093
884
-8754
-1771
7789
5
-310
-4883
-2261
-8227
6871
1603
-8142
-8315
-754
977
-353
6626
7702
767
7158
-3746
4524
-178
-7878
9851
4619
-4671
-6846
-1130
4785
-1355
-7905
-9562
3614
6725
813
9985
5693
-1453
-5901
-6377
8351
-5244
-8241
-947
7509
6012
1434
-4320
3194
6901
-6542
9516
1788
6810
-3178
-8952
-9393
4589
4549
-7568
-7418
2330
2732
-6260
-4464
-7839
-2555
-2733
-4152
5228
6281
9541
-665
-206
-5887
3711
8799
-5310
810
-1631
-6617
19
-7342
-4793
2521
-3791
-8376
-1184
1076
3783
-7273
-1213
7181
-6713
-5005
-9852
1955
9592
5150
-7813
2324
-1318
5375
3762
-8846
5687
-6977
-1226
-3414
3933
-1813
4712
1082
9048
-8364
-9972
7970
-7081
-8777
587
4882
-7818
498
7772
-4072
9824
-3821
-8429
-219
-6518
9050
-8091
7252
1487
-1682
4111
4548
-1678
6365
-704
-4452
8027
-1590
7680
-7795
8209
-5538
2499
-2453
-7473
7340
5694
7525
1028
-3655
-7515
3524
9299
2975
9102
8340
-3232
450
7826
-1991
5972
-6113
1361
972
-2750
-6588
-3800
-4397
-8174
-1380
6062
-1216
-3564
2153
4700
5844
3577
-2281
9323
6094
-1034
8107
1284
8407
1652
3998
-9014
-1872
3880
5059
-5534
1679
-7088
5081
3968
9163
-2681
-5089
-2687
6971
45
-9065
632
2651
-4754
-1895
-9040
-5795
-2508
5318
-8006
3607
3970
-7979
2528
992
-9776
9832
7997
-3342
2112
5188
-3018
-9795
-9685
7483
-9827
7022
-2610
8514
2968
-3195
-9640
-2575
8840
7816
-9082
-7184
-7335
3584
4098
-6590
4423
-8944
-548
-7704
448
5669
1055
-3959
145
2102
3160
-8989
4262
-6260
-3871
-54
7710
-3792
6024
-9356
223
7147
3117
5688
-1669
-5129
7142
-5629
-1586
-9721
3179
-7273
-6104
8854
6639
9562
-4024
6810
7731
2474
-3107
1727
-4119
-3928
652
9440
-9146
4151
1994
3370
-3758
7729
4339
-2948
-8728
-7631
2673
2021
1234
7935
1307
1967
812
7747
6745
1097
-1291
-7533
4127
7877
4596
-2869
-4836
2220
7419
-6811
-778
4479
5529
2563
5217
-6883
1993
-59
3053
709
-9582
6513
-4184
2282
534
-4119
9871
-7900
5697
-6723
6043
-7556
4375
-9393
-4286
1875
-5715
2479
-8293
-3917
8410
-5197
9527
7836
-2450
-2642
-9759
94
9499
-4284
9371
8241
-1773
7574
6678
9658
-3965
-2946
-9137
3369
-2385
553
7699
-1582
301
-7582
286
8585
6365
-1027
4478
8843
-4123
6443
2573
-7811
2666
-2665
-5096
-9116
858
1994
-9132
374
2532
9005
-9751
7089
2519
-1561
3128
-9043
-7463
887
-4586
4242
2553
-6046
-2028
2296
-8953
2815
7602
2344
-8911
-5834
5498
4366
3459
7740
2341
1937
4389
8055
-2563
3190
-346
5101
2986
7130
-5905
7422
4367
8349
-7601
3018
-4802
-3751
9362
-7768
4740
8260
8388
-7966
1586
9384
9178
3184
-4631
-1885
-2538
7277
2590
-3994
-2232
4325
-5724
2968
8801
7452
-634
-4111
8107
912
-5347
4748
5828
-2823
-5453
-8716
4102
-9509
3438
-2579
-5424
-1407
-5071
1028
-2384
-4995
-2225
-4758
5256
6334
-3065
-9161
5561
9110
-1503
9655
145
-6577
6260
6559
3516
-6248
1942
-2225
-2657
1436
9560
1344
9331
-305
354
-5067
4136
9529
5079
-5209
-761
-7209
-5815
3464
-8109
-4408
-8798
-931
7027
2998
-672
-2489
2752
7883
-1987
6015
-9212
9144
6659
6804
-3198
7588
-7270
-629
-8222
5758
-9033
-6413
8476
6840
7113
-9273
-1209
1714
-6797
-7155
6096
-4853
-5793
8003
4641
3032
-7915
-3889
3481
-6576
4694
7134
-1087
7724
8155
1936
-276
-45
-6080
9498
-6960
-772
5296
-4924
7644
259
-7543
8962
8364
-8257
-7746
6983
5914
-1080
2470
-6627
-258
7238
-1711
-5839
-5896
5353
3320
1650
-6249
-4765
5031
3104
-8928
5198
403
-7309
5250
-4118
-2060
2268
-8399
7639
6605
5604
-1208
4512
5441
6011
-5649
2024
2205
-5298
8122
1179
-7050
-3933
-5399
-1336
6638
1745
-4817
2021
-6111
-8820
-8688
-9587
-7779
9919
-5672
-7550
651
2847
-4767
9638
4181
9447
-1834
-6942
6770
-7345
-4290
-8693
-4002
6457
9696
-2885
-3486
4611
-8060
-7461
9260
6604
8159
-5516
7579
-1383
1733
4096
1459
-2906
-3759
-429
9657
8041
-3345
-3260
-2337
2891
-7552
1072
4890
-1739
2314
4164
9981
-7172
2195
2399
5552
2290
-4789
-7371
822
-6277
-2215
7083
-7836
-3394
-2024
-7392
2873
-1432
6631
-7639
-3108
-9990
-4428
-5817
9130
3393
6488
-3832
203
-676
-5159
-4039
9079
1364
8262
-6676
-3167
7206
-3623
6808
1434
-7076
6507
9618
-8945
-3716
6522
-9254
-8786
1097
7886
2647
6060
-3849
-4934
-9360
-2324
-2528
-599
-122
4841
-6994
2539
6432
6505
-1696
7992
9109
120
4936
-4704
6890
-30
7086
8405
2618
3432
4994
-9245
-9389
-5562
3966
5536
-1214
5304
-4183
8625
8462
-2652
8495
8102
-1910
-5609
-1595
9460
-9238
9360
8040
-797
-1323
-9953
9055
-6846
-4529
8540
-9909
-2096
-6318
-7717
-1486
-649
9755
1221
-4579
-5007
-3740
1490
-1503
8211
8157
9412
3270
6933
-4692
-8354
1347
-2114
-1378
7681
8946
5263
-3530
-6671
-369
7255
2578
7706
8244
-4669
1829
-9508
-4168
1570
1030
4971
-538
-4609
1360
5267
-3330
1630
-5206
-3964
-2819
-4034
9632
-4051
6123
-704
-9181
-1853
607
-7372
-1390
8572
-2154
-8972
-7556
-6387
-5076
-8921
9288
-8316
5010
-9635
9786
9829
-8127
-2913
-3325
2642
-9344
-7307
4385
-6252
9214
-9424
-4212
-6817
-4799
-7339
-3173
-1326
5990
-9651
-6355
-2624
8016
4121
9385
2379
-9350
3890
6729
9438
-5936
-9717
-9523
-9536
40
8188
8486
8839
-7329
-4164
6794
-9463
-3685
8710
-7790
-7118
5778
7906
-7441
767
-9381
-6465
-3102
-4341
3824
9972
5047
-9594
-5856
-4434
424
-2599
4610
9531
-1085
7724
-2671
-3261
-4392
-4303
1049
-487
-2834
-3261
3227
-9465
-3437
4785
-906
475
4428
-6293
9991
6265
-3041
5689
9553
-194
1005
5653
3050
-3598
-7459
-1539
-84
6187
2935
-2393
4168
-3845
3179
3222
-3299
-2930
-6063
-8366
-9137
4092
-8871
-6999
-1950
-8515
-6152
4880
-2261
1617
-8193
-9963
-5662
2363
-780
3307
-1509
9337
2383
-3388
-6589
-8557
5949
-5779
-627
-2304
-2391
-1553
3197
-6351
-2028
-2578
-3966
-7806
-4211
6274
9191
-9269
-9695
-8634
6549
2935
7809
-8557
7839
8771
6255
-6122
1595
-1018
4266
413
4655
4127
-1444
-1765
-6992
227
5021
-4102
-5004
-6698
-3558
7641
6429
4742
8939
6332
6560
-2328
-1687
9760
9453
1664
7047
4947
8448
2319
-290
-290
3329
7732
-1754
-435
-1486
6426
-9394
4773
232
3072
-2263
6851
1774
3736
6545
-5664
5122
-2511
-4114
-271
8855
630
-1087
1717
4956
1953
5331
5414
-604
-5998
-5582
-4517
-1987
238
-4369
6177
5317
4933
-3702
-9948
-7328
6579
6212
-2755
6205
2161
-3549
9508
3937
-5546
1773
-831
-2187
985
-6323
897
-1994
5595
84
8772
953
-300
-5201
-2831
-301
2397
-3204
6371
6985
-4660
4431
-2845
-5730
2306
9493
-7056
8603
-8981
7199
2832
1366
-5577
-2574
-3894
4265
2918
-5064
-2048
-5163
-4606
-4453
-9035
5402
-238
-5996
3677
3011
2263
-6283
9119
-9922
-5937
2451
-6200
6813
-2334
-2324
3325
4089
-702
-8036
530
-5496
4076
-9066
7575
3732
146
-446
3592
-3000
7505
-8322
3190
-6590
-665
1874
9764
4538
7198
1526
108
-6202
4266
-3119
1061
-6539
7946
8023
-5315
-6502
-3043
-6962
7422
4623
671
6335
-4497
7119
-7582
-5285
-3407
9796
7133
-5102
6033
-5931
-8775
6626
-7798
1654
-5601
-8222
-7444
-9396
-3137
82
-6243
-3953
-7592
-7623
2287
8753
9344
-6908
-1166
-6316
2189
-8466
5751
-774
5534
-4579
45
-8886
9739
-3215
-5380
1043
-6365
-1487
5452
1557
-3664
-5270
5491
1248
-3319
646
3528
-2088
6782
-5436
6878
9648
-115
-735
5645
5112
2888
2080
-2464
-7122
-5753
9389
468
-1005
9545
5406
3821
2486
-1960
-7884
6740
-1591
-8515
3358
6786
4935
-1549
-5152
867
-9845
9642
-6996
939
-3287
5862
-4804
7198
-7838
-4399
-7298
1834
-2285
-8405
1346
6505
3916
1896
-7598
3628
-2026
-8218
-1842
-8372
1913
-5116
-8676
1416
4813
8419
5547
7683
-3507
9198
6470
-5674
6736
-6236
8357
4496
-5210
8516
4592
-6541
9407
4961
-5887
-8044
440
-5912
-8144
-5202
610
6223
-6814
4745
7670
4124
-5857
-635
6482
-7476
-6799
-8803
4288
9823
99
-6481
4900
-6040
-5647
-253
-1073
6273
-9054
1492
-6071
-7735
-4352
-220
-5352
9307
-7684
4121
9319
-9169
-6651
-6895
4064
-7119
-6992
6146
-6648
1648
-6550
5597
-2132
6960
-4381
6824
127
-5953
2615
-1627
-5600
-2531
952
5305
6608
8582
9052
-6101
7829
-8759
7626
9799
-6545
-3613
-330
-8371
4519
-6838
3364
-9538
-7187
-5053
-6918
5377
-1198
-3691
4501
-1633
1177
-8481
-8846
-9245
5224
8034
8429
-2835
9595
-2597
-6310
1875
-8768
-4565
6752
5677
741
-243
4562
1530
-8005
-7887
-2668
-8141
1452
5008
453
-2224
-4036
6299
-3100
7481
-4737
-7533
-93
-474
-2562
2810
7803
-801
3716
-9186
1321
-9551
4791
2104
2327
8985
5246
-9019
-825
-189
-4194
4676
-5252
8046
-4474
9895
-5162
-4363
-9703
4382
-7092
-5013
-7128
8252
-2112
8869
-8447
2431
4398
5574
-8937
-6307
7537
-7723
1619
-6367
-2223
-293
675
6686
2123
-9958
-3869
4674
-4839
-9254
2204
1470
-5986
199
-171
4190
8047
6195
5268
-7835
-1722
-4431
2081
-1459
901
-7518
-2555
-5612
-8898
8468
445
5
6425
-571
7275
-8343
2912
6614
-4099
45
7173
544
-686
16
6969
4486
-4021
171
2880
-4395
-2942
-2669
7995
-3280
-3414
6622
4756
-9969
-7003
8411
7463
-7725
-6682
4157
8650
3828
-5174
2003
7666
4841
7739
-720
-9983
-9673
1523
-8050
-9082
-1555
-5607
-27
-7798
-6681
-3804
-595
396
-6175
3628
6014
-1493
6342
3228
6655
-8942
-4068
4858
482
-414
-7183
-1391
7695
3334
2076
-4297
4081
-7193
7675
-3533
2356
-716
-2093
-4056
495
-6852
-8779
-7044
-2843
4856
4757
9870
-4685
-7742
4955
4451
-9374
-5036
1125
-2736
-367
1366
-439
3860
8922
-9198
-3759
-6355
8298
-7331
-4102
7598
1938
-7053
8986
4695
-1625
-225
2497
48
-4386
7980
-3484
-8526
-9559
-2885
5996
4225
5978
-9342
-8685
1269
6831
-6249
500
3648
-6352
1670
3791
-2762
7918
-7029
-1912
-962
4162
-7521
7299
-6405
8122
1843
8571
-6391
2016
5013
3304
-862
-5830
-4335
-2221
-18
1391
2981
6598
-7930
5077
-5017
-2967
5297
6263
3050
6698
-9293
-3685
-3848
-6133
352
3712
-9561
-1495
4739
-3252
-2812
4101
605
-9994
-1683
-3858
3484
950
-1185
-6489
-7669
-2240
-9577
3263
-2883
9176
7726
-9679
-5041
-528
-6694
6768
-6468
-2677
4548
1106
-9747
-3963
-345
-9460
602
9322
-7514
1680
-6876
974
-8979
-446
6953
-3738
-3256
5691
-7180
3319
8706
3889
985
3312
9096
8927
4643
-2193
3702
6191
-1052
-5172
-8061
1602
3963
-5440
-3617
-4437
-7391
-9147
6144
1913
9281
5437
1217
-7159
9418
-3387
-9670
4862
-8767
3308
-496
252
5174
6122
-4113
-3811
7632
-1377
8007
-1279
85
-8244
-1879
-8796
-5831
2203
2271
3819
-4346
9013
-2567
-1460
6687
-5193
4554
8437
-4623
2408
2619
1935
1367
6779
1865
-5
9863
-3036
321
-5558
5651
8672
-1653
-7802
1700
4131
-9767
-191
3674
3748
8511
-2430
-9024
2826
573
5196
8768
-3699
9890
-1433
-5642
7362
-3785
-9188
7388
-2449
1076
2311
595
8570
-1312
-3926
-1301
3241
2239
3506
-6100
7915
4185
-8818
-8816
4898
-1828
3903
-6479
-8603
-3111
-4423
-5297
3604
-7062
9350
-4647
5443
6347
-722
5460
-304
2823
2506
6326
-8036
-7042
8554
-3851
-2073
6211
1814
-5006
-795
2229
-234
5713
-8058
-2115
-9086
-4223
-8009
-5325
-7353
902
4207
2905
6985
290
-6184
2809
-2847
1866
7515
-1838
-626
-1566
-3363
7170
4797
-9529
-2041
-7299
-6710
497
9035
-1070
4667
9332
6703
8713
650
-4275
-8814
7954
-9679
3155
9386
3664
1097
251
-9212
-6364
6263
-2915
8350
6900
-2552
4135
-8324
-9062
-6563
-8222
-3600
-7912
-7436
7846
7077
-9703
-2777
-5513
-7401
1710
-7424
2890
-5175
-2634
-7138
1240
-3661
1796
-7356
-9310
-3331
-8399
1120
6686
-1374
7005
-3283
-4408
8410
6139
3611
2028
-3594
6411
-1395
-5161
5697
-5259
-8936
8979
-4412
-4087
8065
-6007
-6716
8737
6660
902
4181
-6343
4928
9207
2282
8293
-529
2075
-6380
1014
4064
4889
-6660
8904
-2155
5673
-494
-5708
1000
-704
-5883
834
-1340
-9920
5838
-2437
-737
-9064
-2894
7101
7354
7766
-8682
-6600
-6896
-9150
2449
6378
-8478
-5045
5546
6321
9857
-6518
5180
9851
-7516
-1397
338
-3744
-5568
-2185
3193
5377
-5323
-4575
171
4841
-6494
7644
-4253
506
-2670
5751
326
-1209
1198
-783
6426
-8512
-3938
-8773
3488
1606
-9172
5432
7231
-6913
-6481
640
-5522
9038
-2999
-8732
6484
8911
-4736
-953
-8002
-1996
2587
1146
9940
-5315
-3951
4373
-9457
446
-588
7532
-5401
-1204
-7664
-5516
3835
-7493
-672
-4897
8120
7789
-75
-6366
2104
2636
-4767
4132
-3877
-9201
4760
-2575
5471
-4407
6026
2359
-6759
1557
8217
7894
9711
-7931
421
7064
-1131
6748
-9683
9262
6051
-6865
-5109
-9898
5432
-1658
8490
-118
-934
-8923
9046
5210
-5183
-234
-1776
-7267
-1973
7858
6075
-6650
-281
-6229
3986
6580
9550
1620
6000
-8947
-8935
-5963
-2750
-621
-5468
-9941
273
3056
5719
-4764
6515
-8071
-5695
340
-6555
4094
8357
-6513
-4483
-2448
914
-128
4500
416
2744
2678
-6932
6258
190
4340
6264
-1262
5338
-640
7657
-434
-4833
8812
4600
-4657
2433
-7406
673
5279
-1630
5197
-9733
-6821
7474
-5703
3692
-9034
4507
1247
3681
9978
8045
6096
8549
9005
-5341
-5060
4254
-74
2401
-3709
6196
9939
4018
7683
9231
331
6724
-983
9267
1406
-4835
2236
8256
6073
9544
8288
-9976
1341
3597
-5755
6589
620
-6683
4099
-5025
2886
3956
-7298
5963
6801
-5418
3777
167
-2532
8073
1129
-3040
5014
-1761
-4474
6778
7223
6465
-6610
-9619
-1430
-285
-5438
5909
-9579
3257
7885
4393
-9725
-1935
-9572
-439
-7964
-1635
5839
8013
-5115
9793
4673
-1707
-1856
-4396
6815
-6134
2937
6855
-9102
-9509
-2763
-4504
8066
-7341
-6580
-5095
-5691
9691
-698
215
-896
-5766
-8849
8200
4133
-1793
-6295
-8757
-900
8101
791
-9255
8987
-2455
2835
8985
-2631
3235
-9288
6380
-3698
7104
-512
1536
-4508
5309
1512
-3874
-3223
6681
1613
2002
-536
4526
3419
-9232
-3797
4750
-7793
-5203
7747
3698
7896
-4118
3831
-7417
2394
-7612
-6840
2828
5337
-4228
6082
1156
854
-1213
-2970
5742
917
-8243
-7933
-9010
3829
1098
-6217
-611
-3477
-7418
4220
-8811
1052
-6278
-3678
828
-8236
-8395
-342
-4629
-3228
-4777
3435
3261
8692
-1490
5195
3826
-715
-7280
-5525
7169
-2080
9091
6341
1601
-6939
9850
5778
-8894
-4034
8478
-9526
-6353
-1193
2775
6580
3967
-3514
4095
853
9700
1179
2221
9992
9886
-8817
-7624
-6843
-1232
-2680
86
5647
4419
-1271
2419
9246
-6986
-6137
-2470
-7615
-8696
-8235
-1718
-7013
-5008
-8090
2435
-8445
4848
72
7008
-5041
-4476
-2884
-210
-5961
8515
2776
-528
6545
7522
9761
1224
9792
-7492
-6401
7772
-8420
-2731
-9362
-9327
5088
4945
-8841
-1708
-3425
-6880
5775
3535
-8263
-976
-65
1447
4202
-4252
-6574
-231
669
3667
3140
1696
7696
-3352
-193
8956
-9212
1142
-2038
-2696
-360
5072
-6680
-4340
-9043
2079
-9782
-6828
-574
-4123
7929
-5843
3250
8431
-4805
-8802
-3915
8039
4208
3262
835
-822
-8519
9501
-1234
-5799
2478
-1824
5887
-6732
7613
-3686
7020
9362
3652
-3722
1522
-5325
-9296
2570
-8117
-6870
-3201
-6518
-9404
3082
8856
9111
8790
5283
-6569
-905
-2812
-3512
1188
-1832
7048
879
9562
9413
396
-2524
-3472
7128
-5118
-2156
9177
2070
-9599
-4210
8534
5296
923
2564
-5513
3794
3223
5120
-9978
-6363
-5227
6254
9195
-7457
5265
-3060
-2073
-7014
-8535
-4444
-7205
-8681
9575
-5531
3476
-50
2450
-824
1278
-5497
2628
-325
-3225
7984
2383
-2489
8096
-7121
-3471
-2290
4498
-974
9432
-2973
-6513
1875
-2238
-8925
-4318
-6823
-3868
-4772
-5542
7090
-2804
6288
8645
-5510
7469
4447
-5989
110
5183
2354
7567
911
-9767
-3196
-4538
9745
-7539
874
-8380
-1894
-190
9455
9203
7352
6075
5650
3594
8680
8382
1976
9204
-771
-575
1748
6412
459
404
-3632
5811
9012
6727
-4841
-530
-851
7953
-6828
-39
-9215
-2766
4735
1086
-5147
-819
-2629
7017
9814
-8406
3825
-934
-207
537
3766
-6513
7110
4740
-6863
7708
1021
-4159
3927
-5340
-84
-3590
8983
-4842
-7695
7263
-8335
-65
-6818
4897
-8709
9043
-6334
-60
4422
-9608
-3478
-170
2163
4211
-2580
6059
5211
6372
5354
314
5207
-5551
2688
-3210
-2464
1003
3477
7979
1236
3299
-2026
-1621
2935
5023
1471
1112
9260
5653
-2021
3960
-5036
-6942
8659
-9674
-1145
-5778
7697
-4184
1096
-833
2598
7164
3608
7701
-4967
1309
9671
9647
8968
-7899
-6164
992
7973
6245
5506
5676
-4841
2195
7898
-3875
-3282
1330
-1218
-2768
-2232
-2296
5232
7724
7476
4057
-7355
-1338
219
7053
-3087
8808
9595
-9550
-9444
8299
-7104
-5362
-6096
-3548
-3704
-4242
1507
953
5312
5339
-1180
-2178
-8581
1966
4402
4006
-1858
5443
-9679
7124
-3052
3210
-1294
-8401
-2746
-7018
567
-9776
9430
1519
-7903
-6148
-5393
5089
-6012
8639
3201
-605
6352
5270
-531
-217
-4514
2355
5136
-9204
-2493
3989
1931
7199
6448
-398
7323
9255
-6368
9566
7672
-8723
843
702
6977
-235
1691
-786
-1819
-7060
-7909
-3760
9393
-758
9357
-6647
6954
1337
8316
-4794
5813
-9880
-5926
-112
7879
-457
-6967
6308
-5190
1298
-1171
-6962
1944
4922
-4827
-6087
6326
-8684
2825
-6870
5600
7215
-38
7551
5918
-9424
-1238
-4798
7951
-8187
1503
2139
384
-3204
-9952
-9353
-5591
-7019
7288
8383
8534
-3029
-2353
2897
9011
-271
-7727
-3552
9036
9681
-458
7652
-8813
2384
8490
7680
-6930
-4953
-1326
-7959
6447
-357
-6595
-9058
6817
-4150
-1998
-6163
3866
9251
-5627
919
1535
2323
3411
-5256
-4513
-9820
-5238
-6880
8853
5415
32
-4528
-9633
-507
5950
2862
8057
5398
3872
-5218
5959
-2166
-9895
4806
7811
-7443
3120
-1970
-5017
9593
2690
-8704
-2175
7646
1449
-8910
-6073
-3474
-131
3995
3918
5737
5004
-695
-8224
-4585
16
-8918
-6149
2604
2408
8872
-3501
7748
7929
-3110
-8823
212
-5805
-5311
-2165
4872
4069
-8906
2496
-7173
6629
8552
3
-8029
8773
1235
-1034
-8815
5038
-6641
-4169
49
4594
7526
3570
-6089
5213
-2647
-1500
9467
3885
-3159
-2322
-9405
-7559
8432
3447
-4409
3917
2479
8049
8344
-8913
-6907
-7046
6324
6390
-3913
7821
479
-5993
-7902
-1582
-404
-3272
4346
-2102
171
-6277
3578
-5876
-7729
9002
-9123
136
5956
1758
2636
-8056
-3894
483
-2542
1931
6251
-3997
71
-2469
-6163
-8507
3003
2818
-3905
8071
-3613
7936
-5851
2868
-5119
-7133
9467
6935
-6972
6955
-1761
-6873
21
-4179
9814
-9624
-3647
-8469
-102
-220
703
9830
-5228
6876
5569
1383
-1618
4679
1477
-2001
-7510
5505
7949
5883
-2515
7866
-3834
5692
-8292
-7696
3679
942
-6835
8660
8447
4113
4332
-660
-9282
-9016
-2152
-5659
3066
4305
-4257
109
-9002
8323
-429
-9402
3218
-6916
-675
-412
6001
4793
-2929
-2480
-1599
7033
-2157
1653
-9762
-7732
-9906
6531
5397
8698
2175
-2618
4633
-2848
-5722
3400
5884
6385
-1227
512
6347
7628
-9876
-1962
6913
7676
1696
8035
-7725
204
-911
9514
4539
-414
9406
-3375
-2216
-7303
5329
-2357
5291
6352
7241
5617
-7292
1696
-6127
-110
-9369
3330
9521
-3911
-8497
-4801
8416
-7191
-7325
-960
7429
-359
98
-4015
744
-6880
-7035
5723
1421
5641
7217
-7598
-3154
-8588
-7740
794
3523
-8215
-8509
-4866
8305
-8995
9176
908
-6396
214
8405
-2502
9466
-4692
5184
8515
-6863
-9026
9246
-7255
-4125
3724
-3636
3576
-8663
5037
-781
3587
7261
3990
3737
8814
7853
125
-4892
9313
9106
-8396
3527
-7691
-666
-422
6915
6009
1836
-9893
9604
-2032
7438
3989
-8850
3473
-8420
-4537
9199
-3782
7254
7088
-5085
-1024
-9321
8980
5070
6379
339
5228
7843
-9965
2968
9712
1079
5382
-7358
7386
4755
-9032
-6250
-6015
-2396
-6947
-9271
8029
-810
-3345
950
5653
-8004
5254
-8803
7594
-1792
4179
-3334
-282
3807
7378
1618
4443
2137
-8262
7147
-9780
-5414
-2393
866
-9500
-4222
-4746
9447
6771
6982
-5145
-7530
-3054
-1313
3507
-5498
227
5422
5891
-8887
76
-4964
6934
5757
5139
-8658
-3829
-9697
-9738
4363
4173
-5179
-5171
9299
-4911
7424
-9706
-3636
-4956
1320
8503
2180
-5962
-5572
242
-2227
3165
4386
-6867
5372
7565
-6745
-5072
-3465
-3237
-450
-4413
2013
690
-6498
7294
-842
-3002
7962
-3269
3891
-9015
1909
6155
6409
-7706
-7553
9229
-9799
9860
9228
6182
-6235
-638
9561
5329
-3388
-7269
1480
7800
9933
8481
-5089
-2158
8987
5656
-8739
-4501
-4631
2966
-5010
5228
-561
5686
-57
-3453
3065
47
3533
-2338
-6385
-2483
7698
9421
6870
4920
9734
8961
-3326
9767
-6908
5085
-9707
3367
-4296
-3392
-4040
6122
-5110
-6942
-8578
6428
-3225
8011
4267
9228
-2567
-5161
-6930
-6173
1054
-9114
-8708
3799
-2796
7271
-2797
8687
629
1851
5584
-282
1425
688
2280
-9417
1392
-8645
-2408
-2187
4633
3097
6069
-923
-5691
-8321
-4053
4246
5001
8288
-5014
1707
-1214
9809
-9720
-8393
-1562
9250
-7786
9679
-7555
-4881
7930
6483
6541
-7642
-7289
9929
-3145
-5862
-7230
3236
74
7226
-8183
-592
-157
7360
-2948
8136
-119
8241
-3058
8284
-1752
2121
-412
-2213
7181
7828
-5523
-4411
765
-5728
-9808
5058
6085
4652
-5931
7174
-8523
2787
-8915
4064
7311
-5071
2838
-6007
1379
-4951
9213
-3862
8357
-3335
-1184
9805
2144
-7505
-7642
243
-78
2317
-2286
6444
-7490
3054
-8741
3837
2241
-8630
-224
-8003
3783
140
-5499
6090
4707
-51
-787
-3230
4211
-7126
-6451
7975
-6485
8252
3969
-3205
-8504
2523
-149
5380
-9289
-1800
-7558
6830
2972
519
-7528
5268
851
-5533
1027
1493
-9475
1369
-2792
-6622
5598
3469
1116
-5819
8914
79
-6940
-4828
1865
-8945
-321
566
-7120
-5739
859
9026
9720
-3327
487
5075
3757
-9624
3131
4726
-3588
-3658
-7885
-9211
4782
-8144
108
2031
3312
9237
6893
9084
-3781
5833
-5212
9554
-3923
1266
9168
-2423
7165
9901
-9263
-4934
6807
5715
3000
1746
9372
-4294
6139
-7961
-6067
9573
1846
-9222
-4476
-3131
3983
8565
-623
-4372
8440
-3501
9944
-6364
1650
-4960
-3607
-8844
1911
-2496
2248
8255
-7881
4859
-8458
-6142
2604
459
3967
-1207
-9214
-6446
713
3352
4323
-4477
3025
5327
2963
200
-1766
-576
-5004
8122
-9960
-5942
7086
5090
-6014
5454
7360
-4321
-6542
-459
73
2072
-5615
-2174
-3223
-8042
-6009
3463
4396
7420
-6831
2168
-2423
-6335
4041
-7982
-1225
8250
5805
-1620
216
-4079
1994
-1441
1449
-1321
-7312
-5979
4193
-8415
-971
-9489
-3297
-6166
4732
-2800
-8976
-2182
-3807
2676
2326
4459
7226
-5568
-4886
214
644
-8969
520
-1443
-7224
7964
1301
2599
-3243
-927
-5081
9417
-9818
3683
-1626
9803
3861
-5886
-3237
-2624
1863
1410
-4356
7121
-1465
-851
-4953
-9035
-3330
9398
-5215
1546
-2760
746
-2224
3362
-7653
964
-1312
-3608
-1948
-8078
1474
-1537
9269
8733
-8315
5325
-8044
-1183
9600
-4126
-9218
269
9620
114
8695
-5994
-3941
-8948
-3028
-8497
-5846
-1693
-6678
-4862
-7700
9216
-2316
7132
161
-2345
8017
-7637
1210
-1487
9496
961
7302
-9605
-5298
3199
-9904
6353
7538
4510
5759
5617
-2966
-2057
-4921
-9515
-6761
6624
-3705
425
3052
-3305
-1107
6981
-7669
818
-7547
1832
-5779
3359
5930
-4899
3631
8889
9495
-2973
3935
-9053
8913
7017
1040
2239
9119
-9842
-1603
-5513
5480
-8051
-9465
-8291
4445
562
-8113
-6265
1475
6975
3246
6177
-5802
-2007
3996
-8892
-4873
4698
-6408
4339
8416
-6514
6158
-814
411
2471
-2891
-8372
-497
6912
7165
-9715
3685
-1817
-8201
481
4868
-9370
-1692
-9515
-8331
-3882
9730
-6160
4086
1439
-1682
-3839
2243
8766
-158
-5241
6729
112
-3963
-1578
-3974
467
-6486
-5040
-9052
8774
-4239
-7146
4855
6696
-9539
6200
4271
9924
7437
-4715
-5183
5415
-3601
9188
-8931
-5705
3504
-4473
-86
7464
-5442
-83
-6138
-3934
1561
3818
-6941
3342
1561
-732
-1731
866
-475
-4746
-9341
-7260
3451
2844
-7805
5365
-7766
-8387
7387
5982
-1445
-9988
9865
-3956
1290
-2792
7564
-6630
9313
-3876
-9812
4926
-2472
1200
4947
1247
-5455
-4125
-2965
8674
-1480
9477
2466
-3460
-5592
8329
-3248
-3697
2934
-6725
5904
4313
4745
3844
7767
340
-6157
1253
4011
1629
3459
6722
5260
1803
7425
-9332
-2684
9340
-2970
4673
-3494
-6521
-1988
4913
-1293
-8339
998
-1481
2808
-1353
6903
-3448
-633
-6328
5658
-969
-9211
-3658
-431
3857
-2591
9523
9591
1046
-7697
4546
-3690
-257
-6145
9112
8628
-543
1887
6393
-753
8255
-6050
6921
2168
5420
-240
-2296
8976
2461
8087
5774
2651
6132
-3977
-7990
7076
6818
-3479
-6577
9583
-2530
-6778
5602
7417
2159
3081
953
-5574
1663
-4619
-4298
-9055
283
4509
-227
9460
-3517
-2906
-2491
-1052
3800
-3895
-8813
8066
-2055
-2788
-930
4574
-5871
8715
3723
562
-9581
9446
4238
648
-6567
2066
1074
-5857
7898
4270
-301
1507
4472
2020
-3051
2428
-3197
5678
-8680
717
-3912
-8823
-49
-6255
-5277
9919
-8964
-23
7640
7500
3768
-852
7032
5106
8738
4929
-8396
-1392
-4717
-6406
-6175
-381
-9547
-8812
-7740
-3504
9748
520
5174
-7579
8695
7273
6011
2937
-8294
-4328
5788
687
-8257
7595
-5125
-2531
-3490
-6656
417
-4569
8732
-5260
-8051
-7585
-9450
3538
8299
-3563
-7620
8230
-766
4203
1777
-5245
-7511
7376
3820
1716
7108
-7742
8069
4244
-8855
5627
-7226
4683
7857
4199
-3709
-835
-1725
-5535
-7549
-9767
-2325
-2445
4682
-8259
-8098
408
3316
-5826
-1830
9882
9097
3625
530
2981
7776
1281
9765
-4703
-6199
3763
9629
-1920
4478
7340
-3009
6043
-3877
-7609
-759
-9332
-3365
8164
-5831
-3813
7906
-8752
5726
872
-2503
1156
9439
-855
9782
5890
941
6919
4340
-5105
-9424
-5810
7433
-8636
4770
-880
6330
-6405
8869
-4854
416
-737
4816
-9198
-6466
-6759
5344
-5802
-5477
-1436
419
-9899
1830
-7532
-2662
-9830
-5468
-7606
-5296
-9302
2857
-2344
9228
-1808
-6804
-5420
-4734
1393
6472
1290
-3746
-7497
7776
1983
-1979
-7863
-2536
1228
6786
2485
-3824
3579
-9096
9221
7412
8299
-5481
4536
-9279
-7444
-955
5506
-81
661
-9184
-9166
3737
5439
7370
-9500
-7747
-7373
7897
-6401
-302
3758
-5659
2873
1960
-1902
7046
3757
-8009
9309
4009
4818
-2873
6895
3784
-5770
3524
-3831
-8767
1632
9737
-3043
-1559
-394
6655
2445
9584
-1672
-4723
-3848
-7602
-617
-4651
-6319
-4218
-9188
-4679
4991
-6448
-3075
-5917
-919
4410
-4000
-5658
1260
8821
-6734
203
-8334
-5416
-1704
4556
9270
-5281
1244
6819
7307
6501
8787
1373
-3962
-7630
-9686
-7239
7779
6161
-8773
6921
-2375
8719
-9509
-6539
3304
-9895
6813
-4127
4079
1752
-6716
1258
7071
9891
-5187
977
5705
-6274
1698
-5609
48
-4568
1783
-6162
-4335
-8789
-2538
-1077
-6618
-8417
-4482
-8400
-3261
-4650
-7326
-19
-4161
-8366
-8783
-9806
4603
-3681
-4519
-3836
6733
8530
307
8608
2510
5984
-4906
-4265
-2795
606
2895
160
-9658
9398
-8400
-9158
497
-9526
1940
4543
-9870
-7675
-6550
-3426
-6716
9671
5112
7883
8676
1401
-7471
-7012
-7685
7446
-2389
-3162
-3500
7899
3420
6875
-1574
3859
-3799
-1884
5016
3521
-3896
5990
-5921
6836
-280
3754
9354
-6374
1044
-1129
5672
-5809
6754
-5755
-9972
-9987
-3000
-7292
-5724
-4576
9066
6989
912
3874
6734
-2690
-3415
-5823
-2623
-9484
-2703
1007
-8341
982
-9447
3539
8053
9450
-6879
-3487
8006
9077
79
-5510
-1109
77
-6155
-9900
-7104
-3839
-9336
-5843
-9320
8624
7062
2077
-2260
-9736
-3022
-6742
-5651
-9496
8890
7013
742
2361
6569
-8020
1402
-2557
5794
-6716
-9174
-7137
-301
7549
6698
-1140
-9006
9916
8014
-1484
1643
5158
3746
-9364
-5067
8027
-9585
5327
-6571
6704
-4933
2564
-3624
-8565
836
-165
-54
-8960
-3533
6320
-8657
-3955
-5670
3061
-9715
-6840
3246
-1349
-9386
2551
-5246
8710
-6943
3428
6767
3881
8530
-5376
2874
1849
4342
-9477
-6396
6006
374
-1823
9278
-4310
5843
-5112
-9337
1244
-842
6731
4469
-6785
-1020
-3586
9415
-7969
5748
-3148
-8930
-1581
9917
4322
-3291
-7036
637
-9371
7919
5774
-6522
-2596
9607
2967
7139
899
2451
-1537
-350
5937
7504
504
-435
733
3322
-696
-9768
-5330
-7574
-2290
9478
-8394
9140
7440
9867
-2940
9849
3521
5460
-1346
-7235
-9308
6894
2942
-7525
9887
3924
6816
8696
-4458
-2130
-8268
8351
-1003
9761
9248
7873
-8307
-5438
8282
1107
3381
4530
-4504
113
-3632
7969
-1692
-1853
-6875
7156
-669
-1642
3024
-8028
-4449
5231
-7734
951
5898
-5826
8772
9831
-4307
9616
-8578
2207
6624
5524
8166
4841
2799
1684
-9364
-2097
4749
-1456
-2527
9734
-2367
9824
-4890
2328
5748
-1517
-7756
8633
6372
3743
5445
-505
4976
-9037
6298
6301
9046
-2858
9407
2550
-1051
1300
7257
6774
-6291
-367
5659
3787
-2173
-9432
-6249
5230
-9420
2580
-8116
2169
-6586
-2624
1961
-3942
1728
3916
-4138
-9627
8793
-890
1726
-9149
-5587
3770
9660
-8547
-6463
-3183
-9931
-136
8084
-446
2409
-8936
3259
9188
-8615
-7859
-1707
-5632
9193
5470
6645
-6696
5640
8089
1758
-7974
3361
-9724
2111
-4935
871
-8476
-7769
6458
2261
3342
5201
8071
261
-1070
1008
-801
7548
301
7805
-2423
3439
-2513
-8538
-2379
-3038
-8793
-8625
2908
-8580
2451
133
1267
6035
-7407
4381
6562
4259
-3615
1982
5531
3495
-31
5720
-6103
2785
1508
7331
5824
-1512
9109
1657
1604
-6985
-1371
-8182
-1727
-4067
796
1618
3001
-2312
3570
1618
1963
-1593
4112
-348
3648
-229
5831
158
5609
-9227
5289
-1822
-2909
1000
-8727
-6671
6996
8168
5246
-7229
9093
-4907
-7883
3252
944
7231
8726
-896
-7890
-8759
-2702
717
-8417
7303
-7629
-7788
-7589
-7094
-6700
216
-3312
502
8783
1465
6828
5153
-5361
-5836
-3183
6076
-3657
-879
-7630
-1742
3364
-2532
-6157
7386
9872
-3561
3145
5901
3793
9882
-6639
4399
6703
795
698
3927
86
-6343
9761
1618
-9776
-1544
1727
-3943
7671
2131
659
8156
135
-5772
3489
6040
-2383
-7756
8757
-256
-3538
-1111
4104
-1612
-145
-1331
2964
-6172
-9150
-9270
-7326
-8908
5366
-6820
6817
-8948
-3393
-3912
-4689
7631
-3209
8893
2197
6018
8693
7145
4836
-924
749
-7992
6815
1098
8382
4864
1520
2971
-107
5202
-6300
9399
9258
-4680
6034
-1812
7673
721
6020
-614
6932
66
109
-8037
-630
-6400
-4019
3473
715
-8487
-4150
-4149
9666
2875
-3926
-441
6324
3070
-1290
-1556
-9914
9226
8447
1475
8062
-3101
-6149
7209
6644
-890
-7677
1424
2790
-3505
-728
-8970
2265
629
-4897
-2914
779
7020
5941
7107
9630
6533
-4630
1027
-6932
-9547
176
-5225
-5547
4561
-6760
2438
514
3484
-7179
-4143
5995
5647
-4738
3943
-3729
5557
-5989
-4618
-4349
3810
-5889
-9921
-462
-8413
-8066
5813
8589
9838
-6684
-9580
-2965
2957
2988
7655
9225
8826
-7225
5693
-7421
9364
685
6933
6448
-7973
7738
8692
6119
9420
-6781
-2105
653
8196
-4991
-4710
4155
6351
-5365
-1898
7925
-5958
1500
2960
114
-2175
-9336
5917
8927
6839
-3867
-737
-6947
683
-7145
-3381
5042
7330
1411
-8329
-5266
2980
-5900
-3074
-9202
-9798
-2213
-9371
5522
5288
9932
9999
2849
-7076
-5905
982
-2963
3340
9260
2326
-5236
-6610
-4548
-9596
-6429
4915
4363
-9723
-1407
451
-4819
-4113
8006
9612
8545
-6578
3052
-6029
5781
7392
-3118
-4096
9437
944
-2502
-5767
9472
-4302
-4525
1601
-3962
4369
4799
3293
3865
28
3007
-411
-3694
-4276
-8146
-5196
-9526
-6701
3538
-5068
1346
-7241
8713
-8538
568
-3575
4220
-6400
-1957
6890
1655
-5749
9544
29
5067
3456
-6667
5498
7162
8743
-7546
-1402
9728
8325
-3677
-509
-5416
4274
7394
6550
-2314
-6828
-6503
-2850
2347
9206
-2384
2957
3221
-7181
-8222
3227
3127
4439
-6834
-5092
526
3296
9308
9259
-3306
-7728
-2133
-1989
-7472
-5916
5882
4895
-9959
1601
1804
806
3356
812
-5838
3123
640
2493
-4204
-3324
9532
-5469
5795
-7694
7059
-303
-4352
2891
-1767
-5288
2800
3001
-1401
-6187
2218
3594
-9013
6845
1899
6565
224
1631
8900
4629
3144
770
4723
-7709
1591
3544
9479
-3907
-4023
-5553
-3398
5079
7119
9214
4877
147
4887
5823
1499
4506
1540
5380
-9526
-291
-489
2332
565
7162
-1596
7779
-3597
1250
-9782
4089
-8449
-3118
835
8424
-1208
8803
-7922
-3499
6956
-1068
3106
-6412
-1979
-8583
6925
-9978
2923
3477
3601
-9041
8350
1072
-8607
111
-6376
6812
6851
-9990
-5681
-3009
-6525
8060
2527
6393
2478
8206
9835
8542
612
4072
-3100
-9181
9600
8341
-981
5045
5462
1936
-6838
-8428
-3658
3334
-5172
-5406
926
2058
-9886
4378
1995
-417
-9994
-7358
5441
1357
8618
9135
4670
-2350
-9855
-1606
-7619
-5009
7532
-2436
1309
-6773
9189
-5345
-5370
-8356
-2620
-3710
6965
-7683
-4134
7632
1626
2369
2244
-2021
608
-683
4245
-8772
-5095
5150
2608
2482
-731
4088
-6235
-929
9887
141
-2121
-7693
4618
4891
7120
-110
-1596
-1954
5844
-731
-3392
7996
-529
-7777
-2731
-64
4279
2289
-3980
5477
174
-4386
-612
3487
-1651
-8984
1160
-3470
-6071
6197
-2677
8670
9191
4953
-6638
6738
-6008
-164
3811
2408
-8045
-8353
-4895
-7981
7120
4856
-511
1376
1092
-8955
2350
758
-7693
-9353
-5614
-1887
5788
2942
-5978
-9576
8543
-981
3503
8266
-3270
-256
5845
-4556
-2647
3225
5873
-2888
-3012
2871
5356
-9613
-5467
2971
8213
626
180
1686
6595
-7090
4801
3103
9136
-3666
-1909
9996
-8280
9997
-1030
-5971
-8545
1712
-7616
8772
-8535
7776
-5005
462
163
-7160
-2401
6708
3902
9317
-1566
6438
-666
-2222
8882
-5084
6276
-317
-2341
-9416
5396
6961
6190
460
-7209
-4530
-6193
-3272
-1999
-2370
3721
5496
4537
-7386
5095
-4449
4558
9730
5444
9011
-8507
6830
-6355
-5134
9478
8229
-3997
2869
9674
5094
-9162
-2003
2870
8301
-9983
4895
-9054
9347
9798
-4833
-6892
-9573
-806
3933
-6257
970
-9491
-4163
10
-8877
-3048
892
-4894
2110
-3709
-253
687
-9173
5551
-5318
8938
-2649
5878
6556
2841
6861
5017
4230
-2296
-3637
-5742
7801
-5322
-2199
-9902
70
-8570
4539
2776
1174
-4579
-3735
9873
-4355
-8855
2879
9360
-4967
2756
9311
-3154
8797
4738
5833
-5756
5080
4305
9707
4520
-295
-9522
-5934
9242
8559
8300
3759
2024
886
8219
-9005
-2095
5946
-193
-2934
-696
2125
9793
9508
-8323
7953
2654
-2304
-1844
-6509
4451
2262
3930
-1996
9589
8521
8674
-8551
1632
-8719
-1339
-1582
1750
-8589
-3305
175
-2954
-9841
8077
-7576
-1535
2061
1965
2301
7838
8175
-6849
-6698
-8999
5102
5582
227
-5724
6970
1096
-8713
6282
3563
5355
-7142
5648
-794
5257
-2227
-905
-1432
5081
5068
-975
5577
7614
-3287
-9011
-641
-5960
-1988
6889
2918
8827
536
5554
2930
149
3166
-5954
5089
-6177
-8010
-46
-4837
7795
-437
-828
-5220
-3368
-2715
4506
-7752
-7538
6538
1943
-775
-4896
4902
-1446
794
2314
-4803
5403
-1279
8474
-2817
8161
-1608
-1435
-899
-7736
2256
-2036
-6021
6226
3324
4203
-3405
5816
8581
-4349
5484
5901
-206
1512
754
-4556
-2258
2656
-553
1341
-8968
-9011
4881
-9976
5280
-294
9000
-8484
611
4671
8264
-8629
6351
6134
-8692
-8327
-2405
1457
-7508
-6289
-2491
7717
271
6372
-2370
8870
-5427
-3782
-2212
3811
1744
7361
9928
9468
4730
-5444
4575
-5012
-8251
-9124
-5344
-7456
806
-8231
-3635
-9204
8597
-9611
3756
6398
4254
3483
-1913
-1135
2409
-9081
-1663
-6259
-9377
67
-8880
8478
-2054
-9109
-4918
675
-7058
-2470
-4595
-731
4777
-9586
-9636
1297
-7378
6774
-6469
-676
5957
189
-6598
9371
9105
6076
-4918
-549
1894
-847
9228
2194
-9041
-9583
-3620
-181
-9656
-5461
-3302
-9646
6308
-5434
5040
6503
6745
7695
1181
-9682
-4891
1554
-4127
-4398
-2577
579
5690
-5181
4110
1732
-7077
1719
-7317
-773
7964
-4580
-6843
9828
8692
-6611
5039
-5637
8523
-1001
1769
2275
6152
-1702
-828
-1550
-3959
7191
1819
7171
1561
2182
4579
-8702
9765
-9298
-379
2462
-7915
-5808
-2628
-1960
-6822
440
-1520
-6615
-8586
-8223
6043
6469
-5525
3992
-1742
782
-6096
-5615
-1807
-4110
-5599
-2971
5721
8396
-7544
-1365
3639
9998
-9660
5600
-9888
-7940
3951
989
-5431
1127
5044
2112
-7173
6132
-5267
-1530
-782
-7382
43
2085
-9082
6969
-5111
-5673
3812
-1177
-4656
4132
-8030
-4786
-9887
-4185
4081
9929
1628
2138
9468
4379
4280
-2919
2907
28
-2692
5889
6485
5036
1558
1468
238
5502
8423
7135
-3791
-3993
-8312
4084
-7522
1239
-7972
825
-4424
9054
4364
-6925
5536
8164
8136
6807
-9817
-5018
5941
1972
203
3288
8629
-320
-2790
-9546
2853
-3308
-9039
-8862
7956
4362
1684
8679
-1940
-3193
2419
7650
-723
-9137
-2652
2834
-4806
4718
895
529
-6156
438
3183
4891
-7430
-7459
7601
-4156
-515
2644
-9045
1315
-5395
1531
6732
-3852
4515
1307
-7711
9753
-1425
9442
219
-876
8959
4346
7458
-1772
-6676
6322
-8498
7814
-3833
-660
-7105
-3847
6869
4417
5029
-4857
5337
-5628
0
-2959
-6421
-2585
-6458
-3940
6061
-5797
-6961
1484
3252
-7879
-5241
1
-700
6751
6557
-3704
-1212
-1563
4119
9159
326
-2288
8409
-7921
6345
1455
7282
9968
7442
-9609
7944
-8498
5452
9661
6679
5897
8889
-5600
-9527
7226
-1151
9498
1657
5712
-8048
-9684
7674
-6805
-2854
3847
-7378
1400
4827
-2371
2152
-7050
4509
-9135
7414
-8385
7682
434
-1826
-9797
6687
7409
-7513
1433
2731
6385
-4549
-7918
2941
-8918
9710
1796
7182
8628
-1386
-1693
9735
5919
-1853
9312
-5045
-7500
3122
-627
-3685
-7975
1639
-2333
-5164
-3024
-5869
-6103
-356
8843
47
4711
4414
5760
-7068
-8244
-1224
-3504
3573
4842
-5165
-4055
-3894
-4979
317
4469
4982
9537
1406
-6276
9008
1906
-759
-2155
-8595
-241
-6332
-1710
-2560
2108
-9610
-772
1118
-2159
3496
-1228
8973
2564
6213
-7890
-1223
-6165
2261
6214
8755
1869
4465
2412
-7025
-4961
2888
-9786
-7181
-3811
5541
7445
7374
-4459
-2162
-5803
-2463
8213
-5358
8265
-9611
-1399
-1412
-6006
-4052
5306
9582
9671
-9037
-2090
-4719
-8
-5751
830
9430
7209
-4016
5151
-5937
8243
-6712
-2857
8243
-4639
-9043
7186
-2570
5870
5373
-5245
9986
6125
4546
-2282
-4751
-8314
-7813
4679
1647
513
3930
4150
-5698
-1646
-3195
-4378
-2607
8524
6245
-7280
-7417
3759
-5471
1075
8771
6701
466
-6771
4107
6792
-1114
-5887
3061
672
-6338
2450
-302
-8386
8684
-7265
9073
-8851
-3972
1633
5924
9057
-1209
-402
7052
2073
5358
7945
6334
7410
4974
4098
6812
-6952
2783
5492
7638
1800
-4145
4270
-5387
173
-1404
6938
6008
-1599
7016
-8107
-2141
2111
-6290
-5456
7937
-2568
8058
9336
-3129
1303
6628
-5293
-8615
9344
-3191
-1993
995
9145
7356
3706
5632
7342
6614
-2480
-7217
2680
269
-7868
8713
-2087
-2063
-8468
9739
8784
-6782
8363
9664
-8492
8540
8974
8845
4965
-2885
7063
-7108
1288
-5761
-276
-5693
3798
5122
-2604
498
-1177
7473
-4355
8124
-9218
5373
-7305
4059
8584
-3667
5964
-3060
-7949
8793
3655
-7471
2001
-5892
1544
6888
1782
-3442
-2938
9289
-8069
-8166
8457
-2004
-150
6412
-7863
-2153
5284
-3319
2008
-525
5200
-5646
9118
-5926
-6871
9402
9127
9352
-5017
3063
-6263
723
9868
-9344
-3519
3976
9638
-3952
4486
-7784
-1512
-8776
1699
2024
-5765
-3336
-3283
-7553
1826
-3045
6802
-241
-3587
6192
-8860
2637
-7510
-3807
-8858
1452
3582
-3330
343
-8403
3101
-9479
-7226
7935
-6892
8564
-2713
-4870
2886
-7285
-6111
-6001
6800
-6569
8437
827
2962
-3407
1780
2145
-3779
7044
3112
-203
-7429
914
33
1558
-1240
-7085
-66
7599
-1148
5608
4359
-9277
-9650
7449
9875
-9387
5458
1915
8436
508
6022
-4741
-4738
5457
-1969
-7852
-5508
7425
139
7196
58
