6775
0
2433
-8419
-2740
-2
4350
-3027
-1864
-494
-5012
7104
-7189
-2255
-3133
9587
-392
-2773
-455
4312
3478
2787
197
-1787
660
-3658
-9041
540
2713
-5054
-111
-6749
6938
8995
-9614
-1827
-8917
-9234
-9505
-7091
-5084
-2259
2026
2813
8785
-5705
3314
-9437
1419
-6501
-2031
223
-4256
-1798
-8891
-4173
-1110
-3844
7448
-2
2422
3916
5329
940
-9064
1565
-9107
5923
-1859
9050
7058
-4963
3433
6767
-7110
-6784
7760
5531
-8673
-4595
4355
8117
-6223
3870
9821
-1290
8104
6308
7464
-4341
-5725
8785
2004
-1873
2500
7103
-7227
-9919
-9262
637
-9341
9534
4294
-6087
-4932
-1511
-1180
2346
107
7401
-2545
1571
-9597
-2932
-4218
-9355
6249
8751
-9170
-1130
-5363
3399
3541
5302
8968
-7068
9644
8630
6998
7298
4682
-6622
-6717
-2375
-4978
5990
-8949
-3424
4880
-1180
9353
-6381
1377
9615
-7926
5138
8886
-9491
-894
1975
-8195
-8493
8367
8077
-160
-7125
7006
8
6149
-1673
3346
-6143
4292
165
-6276
8855
-2824
-5406
-1872
-1514
7736
-8233
-8966
-5195
47
-4114
-8343
8749
4641
-4138
5520
-9131
4609
1139
-7975
5233
-5352
-8777
1214
-3764
-8589
-4722
-6103
-331
5339
9920
-1718
1299
-2984
9151
-7682
-1674
6075
-656
-5286
7548
-5318
5050
-3190
-6470
-2311
-657
-3740
7048
-8986
-2645
5929
4499
6540
-5484
3143
5121
-3767
7741
-4051
83
3858
7753
1929
4727
4536
3111
5745
-3110
-7288
-3413
7463
-790
-5684
-1876
-1992
2091
5653
7641
9629
6370
1880
3280
719
-9027
-8700
-7857
2461
-4561
4228
-9522
-7971
-7756
3020
4113
2595
6274
-7345
7096
-5884
2993
-4034
6487
1603
-3554
-4873
-8335
61
-8232
-1081
-8099
1631
-8150
-664
-2002
7788
6882
-2052
179
4677
5135
5286
-9807
3051
1229
1442
-6350
-5343
-6378
6631
-6097
9654
-9838
-1671
8693
-9528
6630
-1438
-4461
2015
5216
3142
3597
-5052
-5542
-8418
6778
-5098
1119
-8266
3580
2443
-7526
-420
4873
-1817
1172
-2772
-125
4880
-2578
-7527
-9187
-1387
5850
1373
-6294
-8075
-6468
123
-9940
5908
-8028
6949
-4348
2640
7800
-9745
822
-6706
4291
-7409
-1001
2129
1674
-6486
-3355
7408
-266
9139
3838
196
-2039
-7918
5285
-8291
9160
3669
2838
-4554
2709
-6057
-3753
-9801
-6166
7039
-3717
3356
5727
-3369
8487
-9348
-8247
-8652
-4969
1107
-7182
-1883
4475
-730
-2980
-2277
-8490
-2635
9332
7754
-8057
-8252
9344
7892
1344
-6971
4626
-6585
-5826
6037
9812
5757
-7770
-6511
-8493
-6946
-894
-2810
3931
-4115
-9612
1849
2019
-627
8341
4042
8131
4083
4735
6309
9570
-6524
-3445
1012
336
3957
8137
5716
5060
2418
-1036
-1892
-6997
6840
2294
5397
8406
-1661
-2297
2568
-1542
1307
9623
-8652
-2553
4815
-3518
-8910
-7295
-3794
1567
-6789
4856
-3474
8615
6527
1968
-2113
7771
-3565
3142
-5107
-4894
1341
2369
-8001
4022
-533
-108
6546
9417
-3410
-875
8816
6401
2027
3025
-3833
-5725
-9764
2184
-5890
1924
2398
-548
5654
5662
1908
-6407
1483
60
-7047
3250
533
-4924
4968
-5485
593
7508
-582
-8222
306
-2594
-4538
6463
8888
2939
8751
7002
-7497
-6226
-2636
5012
-4042
-6764
4267
-2069
-5885
-9100
9598
-1606
-1322
5117
-9883
3410
-7200
-792
6784
-6376
4522
5011
-2473
-558
-7879
-8873
4577
3864
-3212
-9706
1463
8007
5532
-7965
-6864
5760
-3529
-1205
-8378
-1875
7351
-6500
-9077
9488
8715
8085
-2492
2710
7281
-2054
8747
7
-1001
3974
1119
-9107
9391
-4463
-2772
5303
-7837
738
2742
-9717
5312
-3106
4773
3593
-9759
1706
-5492
-8913
8997
-5634
6095
-6261
-497
-1622
5596
-5246
-9945
-1162
-4731
-4845
-6270
4674
9625
-8567
-8732
-8948
8625
58
-1088
-4909
916
-5853
-1863
-9966
9361
-8914
-2081
2197
7836
-9422
759
-3000
5511
-1897
-8518
9938
-1039
-2974
5922
9854
-7330
2310
8858
3106
-766
3340
-329
-9315
-5465
-47
-6805
7322
-6603
4328
-9620
4336
7283
-4617
-1102
-5377
4947
7411
2031
-6125
960
3607
-3032
6785
-6212
-9123
-6460
9986
-3349
6672
3694
-8737
2874
-2655
5885
-2286
-230
494
-1896
-7042
-9270
9321
-6751
-9781
-9705
-3709
-9474
5389
-3358
6310
-7217
7791
8345
4575
5643
6460
-3407
-7506
7503
9035
52
-1683
3900
7317
-7383
-2272
-4848
1813
4234
5652
-721
-5884
1945
-9323
-4836
9400
3117
7206
-9505
8327
-1954
2808
762
6909
-2364
-3868
-5804
-8661
-5822
1427
3057
7017
-2065
-5338
33
3053
5719
-2073
153
-4422
-7441
8983
7344
8409
4423
6993
-6735
2923
-763
4989
7349
-150
-2403
5225
-7774
-7048
3897
2692
-9485
4061
7918
4479
-651
9435
605
-9432
4160
6434
7157
4832
3602
-6855
-6353
-3385
6135
-8141
4506
-9905
-5610
-9555
7046
-7744
-2208
9108
8949
1416
-5953
9704
5416
-4184
3774
9670
-7244
1329
-1668
7563
4324
9663
-3974
3572
6962
-4622
7021
9340
-7818
6695
-6650
-3483
9213
7302
-2100
4343
-8718
-3477
-4946
-3998
7243
6851
5653
-2259
-174
659
-1592
3129
4601
-5866
4049
5247
-3142
-1023
-7940
7625
6692
2198
-2516
-3441
-6488
3705
-9470
5980
-2584
5563
7244
-9413
8786
-2510
-3142
-6622
-3689
-1769
1101
9663
-6484
-9070
-7057
-9528
-6109
5709
-5019
-9607
1134
2372
-8431
131
1373
-5734
7391
-8524
784
-7086
5586
-7288
6739
6243
2179
-9261
566
7098
6461
4117
3074
1227
-2808
-4225
7735
2126
-7980
-1233
7444
-9216
8628
-9282
-454
-1875
-9436
-8870
4610
4992
-8824
5808
1916
7256
-2820
9578
6294
9977
-5833
-7862
-2464
-2055
-5702
2513
-6827
-9688
-2321
4135
4985
-2825
7011
8181
-4383
-6283
1939
966
-283
7853
9719
-3685
1372
2009
136
-9351
2407
-3096
1331
-7411
-1440
9067
2372
-6052
-9281
-8338
-7040
9599
-7220
2629
4712
-914
-2877
6142
317
-558
9646
-9464
5582
-9986
-9088
1078
-7189
-143
-2990
-4927
1893
-23
-678
-5741
2490
-3092
1808
-6950
6718
-5267
-4722
-7593
-3785
9040
-7792
9623
1674
5073
-4622
-6642
-9855
-875
-4855
-7220
-1798
-6403
1020
8677
5602
-1233
-6949
-3276
6915
2663
3518
-5475
-1977
-4376
6838
-4507
972
-5535
-4742
-4648
-668
3391
-5478
-511
8646
-3170
6390
4738
-9968
5875
-3963
-6596
4453
2317
-8479
9130
9852
5168
825
-2766
4283
-4254
8460
-4963
-7140
9878
9612
9508
-3279
-4617
-2850
-7559
-9782
-5503
3549
-2066
-1064
-3936
-4665
6926
227
-2498
7791
-651
-919
-7457
8352
5955
-6480
2927
6394
-3119
968
2506
9274
-4958
6008
-2405
-1528
9352
-4779
-263
8098
5854
-2184
-9414
6198
-3797
4553
-9902
-7192
-2176
6904
-4184
-6028
9754
-2971
-9695
-10000
4618
5516
-7552
-2957
-541
-9130
6194
-7811
-1161
7361
-6402
-4570
-9310
-7567
-6056
-2081
4434
8935
1780
907
-1049
-8366
-5801
1452
1006
1392
-4133
4663
3874
9566
-1208
8070
3090
-9015
446
6899
3301
-2264
8538
9411
7474
-5782
-7145
-1529
5238
-128
-899
-850
6822
-8307
-5684
-2436
-3538
-5958
543
-2938
-8979
-9851
-2030
-5808
9921
5277
-9009
3787
7794
1420
8491
-4676
2114
8642
-52
-3783
5635
-5625
5727
5459
5355
-5262
2229
-8677
7472
-6163
-4655
-2378
-5109
-6084
-1638
-6216
9482
-7972
1647
6014
-5533
-677
9173
8628
2646
-3253
3659
-6824
-5802
2930
3400
300
4838
-5665
7992
-4330
-982
6513
9189
-3384
1145
5113
-8734
-8832
2213
6749
-4063
9236
5831
-1583
3415
-7100
-5992
4379
3859
-4668
1866
7179
1672
-295
-887
-4976
139
4542
9233
-3113
-6912
8214
5045
8553
-1841
-5827
7817
7351
-7798
9337
2567
8573
8022
-9262
2589
-5451
-8311
2909
3195
-3025
-1204
-7257
-8503
-6024
-6331
3928
-8444
-2882
183
8713
9213
8208
7742
3287
-8529
-6321
-6957
-1696
2574
-1655
-3714
-3464
757
-2663
-7920
5348
9654
-6659
2092
4804
8081
3930
-3093
5185
8571
-7299
3881
2726
9441
-4214
2164
-5683
9821
7822
1106
-1558
8971
3580
2927
-4773
-5252
-6883
-3187
-2822
9630
2045
3489
1754
-7038
4716
7115
6754
-8237
3002
8630
9739
7072
1583
9986
-9123
1126
3940
-5744
8429
-1379
-5935
-1906
232
6695
6011
-4421
8044
-915
2339
9129
1050
-2075
6996
-7307
-2093
4
-7757
-8654
-2710
-6923
-686
-8387
3712
5121
-7921
8391
1947
-6989
-8268
6068
-1736
-8077
1334
8946
277
7144
4217
-1396
-1044
-2542
-5140
1377
7181
-8841
314
1382
-2321
-1428
7672
-233
8323
1662
-8877
2848
1498
9330
7024
7810
-5516
5113
-9058
-7824
4617
1392
-7159
-1031
-3151
-84
6235
4540
7227
5364
-5187
-4461
4979
8364
-1414
-5112
7293
7220
2572
3073
-8038
2056
-9615
-6122
-9608
-2579
7449
-2051
7865
2639
-7112
-4446
5974
5746
5892
4332
-2471
9706
6186
9920
5358
-2638
-1713
-4661
1163
3804
-9910
6287
6041
-108
3655
-6175
4608
739
-7195
6123
-2540
2907
-4061
5637
6780
5802
-2028
-9276
9789
-4401
6457
440
-4057
1843
5720
-2114
-6941
-7445
-4951
-897
9119
-4667
4533
7670
-9943
8017
9069
-9904
2312
7488
-5466
1665
7385
-5786
-3756
-1014
-9338
8796
9110
-5880
-4744
-9707
-6479
-6299
7572
-6573
-7104
9573
9734
6236
-4725
-7592
-6662
8166
-3674
-3
9186
8583
-1519
-5844
-7141
6331
1136
4724
-7916
8911
-2419
-6041
-7916
4454
-9807
843
-3224
-9441
-558
8031
6088
9305
-9448
-6934
7580
-6453
360
-5881
-7544
-9001
1613
3815
-6174
-710
-2669
-6263
769
-7587
8942
1762
-6021
-3985
-2421
3628
-91
312
-303
1767
3010
-3851
9966
-3176
8558
-7477
-3240
-8844
593
-8915
-9271
8749
-9630
-7745
-9842
3094
2206
-4784
1840
3907
-874
-4055
-9360
2457
3176
-7262
5606
6912
8323
8407
9636
7290
-6280
-367
5738
-4616
4702
9668
7380
6858
-675
-6499
8972
8073
-105
3473
-5459
3292
-7877
2423
-2916
-7366
-5808
-1507
-3390
-4434
3782
972
-8215
9197
-3388
4783
3160
-1843
6382
2498
-2835
-582
-2437
1873
7613
8156
7733
2707
851
-6703
-5738
-6235
-1772
-3664
-3071
7047
-4302
3690
1889
-5955
-2974
9477
-672
4196
2517
-1021
9262
6444
-7319
-6908
-3979
-7390
-2607
-9582
7804
3011
-2521
-1651
7885
1669
5843
692
2632
-2920
-3026
-2424
-8938
-9657
8808
-6088
-5135
8910
-6185
-1271
2921
1659
-1588
3850
6969
1352
-8322
1112
-1974
7539
7834
9793
-1420
8351
-5284
-9201
6880
-979
-9780
-5574
7003
-5903
3406
-5107
-511
-9350
7923
-4398
9305
-4991
8226
6160
-1866
-6018
-5470
-4279
-1067
4363
-9369
-3763
-9240
4594
6181
-3889
-3685
3312
3056
2825
-4499
2446
1879
5021
-4115
-8219
2106
5534
-4668
7797
245
7654
-360
1570
-63
-5956
-5950
-5568
2712
2346
-6959
-2757
6582
-6821
9858
-5176
1230
-9770
-6973
-3222
-3646
6827
-476
-1866
1990
6379
-9669
-8343
1046
-9688
-430
1796
-360
-5180
-8616
-4850
-2700
-8792
9164
1023
3786
-3024
-9273
3942
9835
5500
-2139
3002
3302
8289
-6516
3027
-5849
8825
-1910
5254
-1174
-273
7226
7686
4300
766
8532
-1252
2237
7582
9944
-1256
7217
-43
7774
5166
-1015
1302
8967
7560
-3174
-1032
1234
1865
7508
5743
3852
2028
4797
-8739
-6524
821
3395
5569
-162
-994
8018
-2767
-365
-194
1434
5868
-4989
-4474
-3611
3151
-5941
-9351
6711
5314
-7025
-8057
9977
9495
-3234
5245
4994
9645
8177
-9511
-4421
8362
-8589
5938
-9457
1674
4700
-7961
-7010
2686
3252
6841
6152
-7836
-5945
7466
-2999
-7908
-6752
5061
-4955
-578
2500
-7528
8568
6985
-3102
4268
7043
-6209
-5305
809
4905
-5679
-3711
7
-564
9398
-59
-8216
-5475
-4349
5091
2184
-5331
-2876
8103
2223
-6767
-6234
6424
-8095
-8567
7646
6439
-7149
3007
1051
8942
6051
-5348
3566
8697
-4356
-8199
-7988
9790
-4508
1231
9013
-3795
2102
-6674
1790
9229
9009
8962
-6660
-4469
9185
8036
-3626
7794
6492
5508
7433
-3962
1936
7701
-8069
-7666
1274
-7979
1024
-1044
854
-2422
2303
8867
9984
7615
6591
-2893
2450
6564
6276
-9098
6685
3060
-3046
7350
-8478
4913
1384
1624
-1297
-1504
-1024
-8080
9205
-4861
-3
6138
736
-7227
-7796
1843
-7053
-3878
-9579
-5072
-5411
2986
-7711
-8184
8635
432
-8607
2337
5288
-3100
-623
4020
9596
-3455
-6604
3939
-4031
-719
-2966
6777
4268
976
1244
-5528
-8452
6130
-5521
-3301
-6477
-7172
-8896
-5637
-1083
-1523
-3437
-3615
9704
-1560
8866
-5202
1125
5708
-3879
6170
-9178
-6214
-3355
-7557
2127
-2033
-2469
-1470
-4917
-2790
-2961
-8380
3625
8685
7647
-9984
3744
-722
-9565
3278
3321
-2646
6811
3867
-5229
9503
8175
-8165
5252
8562
-8559
-9343
-3793
-407
808
9620
1871
-4711
-8696
7449
5353
-7500
9077
8636
-7630
5613
-7289
-28
-6243
6612
-7790
-4893
-3914
-5864
9911
-4648
9772
-2337
-9867
-8816
3651
-2350
-1739
-3739
4877
5892
-8508
-46
-5741
-1368
785
8537
-5925
-2492
-1075
-6052
7559
-6393
5053
-7189
-1529
7386
6100
418
-4997
-4088
-7794
1359
-308
5901
2621
5591
-7732
-1946
3764
-6154
-2796
6038
-3176
2824
3904
2548
1331
7752
7886
8396
1293
9875
-2225
-124
4169
-3602
-46
-1528
-595
-1676
5143
-4276
482
-5414
-2943
2268
-5301
9887
-7362
-4006
-5873
1236
-770
-7373
-5630
9539
-5249
-4536
-9160
3949
-3013
-9385
-5312
4917
1083
5607
4065
5172
-1691
-7952
5722
8162
-5694
8958
-2184
9361
-2861
-9061
-6869
-8291
3463
5548
-9118
-1925
-2416
6151
-7237
-1281
-9281
1062
2911
-4319
-7513
-4077
5589
6913
-7504
-4844
-8620
4727
4746
-3030
-10
-1399
-6021
9886
-5574
1408
7530
-8819
-2098
5360
-897
5467
2931
2996
-9481
221
119
284
-204
6409
-4341
1770
-7011
8536
-7117
-5701
7267
-2957
1280
-3408
3889
-3662
-3325
-6676
-7762
5235
4409
8525
1656
-4150
-4638
9797
5270
-8544
-8995
2087
-9772
-5630
2148
947
6521
1768
-6131
9760
-3356
3240
8132
9019
404
951
-3780
-6057
-7604
-6164
-930
-632
2241
3397
-8195
-5378
1314
5648
7587
-8110
9857
-187
-8190
2945
-1454
3308
1234
-1634
-7223
-8069
-6562
-5904
-1712
4029
-3488
681
8008
-1692
7816
-953
-5791
-2330
3215
4098
-5441
-2049
3731
-6502
-1587
-4809
1427
-1997
-6856
259
-8570
-8194
-5540
-6932
-8680
-4149
5680
-2813
3916
-9594
9270
8725
6727
-5806
5691
5924
1094
6805
9170
-1894
3400
2160
1937
-4271
-1407
-8378
-8865
-7107
2309
-9015
-1153
-683
-7207
-4055
9079
-5517
3709
-7303
-1326
8554
7903
8692
-6591
-9978
6980
-6417
3487
-9556
7259
-949
9766
-9174
7951
4197
-3463
-1107
-716
3026
7660
-8464
4801
-431
-6665
-5052
9598
-1833
-40
-3773
7131
-4903
8638
3006
6107
-8035
-8475
-4466
-5346
8569
1850
6555
2717
461
-3111
5055
-962
-8817
-2763
2156
1632
-80
288
-5710
4094
-6094
-634
-3120
1143
-590
-9559
4740
6522
5691
8256
4904
-6982
-755
8223
-7393
1945
9391
3649
-6866
6637
-7846
9031
4692
-8929
9382
303
-5954
-8946
-2393
7652
-9994
3597
3551
-269
-1871
9478
-6063
-6074
8942
-3213
1016
-2088
118
2656
-4090
-3823
7418
-5260
8747
-4186
-163
921
-2217
2478
-9710
-6855
9514
-9955
-5414
7117
-1734
-7563
-1309
-5190
-9031
-369
-6867
-5432
-7935
-6184
-3966
9631
6631
-8831
-3767
-7701
-6445
2945
-5502
1894
5842
-7357
-7482
991
-1967
9743
6950
9708
-8187
-6140
8360
-7008
-6513
-6056
3835
8296
6468
8229
8998
-9137
1221
4172
1108
-9235
-2294
8048
7073
-7705
2880
-8050
-4639
1559
4980
-3639
5738
-516
-6673
633
-4889
1254
-8459
-7970
-3413
-3399
3308
4456
7932
8658
9705
7475
-8058
-849
341
-1868
-2930
-5773
1780
9771
-7519
-3741
-7178
-9291
8035
874
-5826
3835
6688
-8572
-868
4148
-2446
-8662
-3423
-358
4019
424
7625
-6085
-847
5667
-4600
-7002
7864
9553
-2559
-2208
8865
-9343
-1150
1519
-7577
5636
-466
802
-7564
-1204
7486
4588
-8363
239
2312
-4699
3294
-160
-1919
2916
-2392
9215
-5851
2243
-7007
-771
90
-8366
2822
6821
1104
-5657
7694
-7222
-489
680
1509
-3002
4803
-1916
-2165
-1003
7239
-5944
563
-6226
6166
-1328
7301
7597
-6190
-1491
-3785
8899
-2769
5752
3942
2727
-2355
2773
-8439
-1991
-5628
-2743
-7915
7367
7615
1354
-2593
5887
5182
-3765
-8729
-6183
-7855
-5642
-869
6101
-6821
5826
8030
2972
-217
1610
-6143
5332
-6691
4241
7070
-8281
5656
827
-2922
6411
7086
-7647
-3255
556
489
-7552
-7768
-5880
3996
8019
-7726
-2370
9905
-3230
-7951
-9010
-8515
6592
8033
8633
4380
-4125
-8542
-3363
-2451
327
-7682
7655
-5250
8539
7759
4250
8511
-7429
3354
3000
7228
-3986
-8400
-2760
-1187
7409
-8210
-3769
7622
-6552
-8983
-2839
-1857
-7209
4132
-4887
7215
-2633
-4596
9997
9634
5121
8213
530
-7715
-3281
-5883
4835
6956
-9372
1184
-9835
1246
-7385
-8046
4303
-6567
-7744
-3391
172
4400
-2059
-3217
-2831
-9176
3996
6933
-6296
-4405
-6867
2561
-6576
-6304
-3280
4110
-6872
-2654
1586
-2294
2695
-3088
4029
2667
6679
9833
-2532
-7436
9251
1929
-7765
-3289
-4751
447
-5512
686
-5540
-8181
7976
2277
2970
8322
-8858
-1787
-8128
7006
-2337
3024
2068
8016
-1528
633
1228
7738
-5845
7473
-662
-7012
3675
7020
-2619
2017
6447
-1241
-3722
4559
-49
3396
6593
1043
-5767
-549
-5717
1677
-8375
5093
8310
6534
100
-3939
-4710
-4038
-7521
3325
-8556
2235
-738
256
-9158
7671
7192
2018
7788
3508
-7770
-8816
5346
-9730
-8060
-8909
4716
-2967
-9377
5885
-7041
-1364
9892
-4261
1061
-2758
955
-7588
-1318
3594
-5227
5178
1616
-9825
-8596
-8697
7079
8751
6924
3756
-9271
-9066
-7578
-181
4003
215
9848
-431
-6848
3863
-1337
-7700
-8560
-3749
-9835
5340
7253
2071
3331
7875
-4391
4298
-9670
-8860
-7837
5342
-494
5695
-4518
-703
4157
7213
-3481
-998
-863
9435
-2576
11
-9129
-2865
8718
-3909
-7073
-9942
5067
-687
9357
8978
-6580
2395
4054
-1643
4440
-374
-1724
8670
9521
1567
146
9552
-2426
-866
4856
-8592
-4595
706
8395
-7749
-8052
-1895
-8102
2370
-9652
7486
-2858
1625
-8654
-5552
-6387
-2655
3553
672
953
3887
-6657
4693
7010
5763
4893
4411
8441
9905
-6019
8700
2275
-9458
5978
7149
8560
5028
-5438
228
-6764
-9526
-4450
9609
1974
-815
7649
6280
-8856
3276
-495
8603
451
6411
-8860
5133
110
1031
244
-2412
-9264
-2795
9162
-7840
-6523
9227
-3499
6649
-4693
9992
-8706
-160
-827
-6051
5381
5395
892
-1438
-7298
5831
1072
-3455
8756
-107
3135
-4402
-1926
-5507
357
3687
-2808
-779
5274
9812
-5549
3012
239
1385
2272
-912
8836
2286
-8753
-2244
254
3321
-4151
4130
-5408
6636
-2372
4984
-2620
-3609
-6432
26
-3052
1852
5532
1939
5337
7800
4516
6889
-1442
-328
3820
8539
2089
-6515
3650
-1654
7657
8393
-1666
-1134
9676
5177
9353
5955
-7636
3798
-6700
5714
-9152
-8641
7659
-7974
5692
-667
2614
-3642
398
3622
-5128
6921
-393
-269
7003
-2730
-3723
2460
5125
-3734
-8533
-4351
4607
-8828
-5399
-4869
-4165
-3246
-5874
-5530
-2351
-9009
4359
2911
-6010
5050
-2834
-8860
9064
-6193
7548
3634
2691
5170
-785
181
3515
-1836
1765
-3449
-3102
9364
-3981
1141
9319
-196
-3641
-3752
-4041
-3711
9793
3030
-5713
1226
9825
1890
5558
-8301
5622
-8583
-5193
3777
-3795
-4251
-9044
-7076
6266
-4722
-3737
-5401
-1932
9575
-9539
3568
-6121
596
8634
-9151
-9400
4991
982
2257
2490
-4745
-1329
-3771
-6630
-5999
-4268
5270
1754
5494
-459
-1194
145
6043
5563
758
-4261
8375
-6924
8448
7897
-6720
7780
2346
4117
-500
4649
-3229
-7214
381
-4692
-6443
-3008
-1012
-8664
5373
8361
-1013
-8711
-2171
-3236
9396
7739
9949
-8299
4043
-9954
8714
3365
-970
1838
-6433
-9187
-4464
4561
-5036
6362
3230
-5154
-4586
-7756
3953
3619
-2669
-629
878
2427
-3908
-7793
-4618
-2480
-5914
-6358
-4279
2164
181
5610
-9181
2144
-388
1602
8242
1910
-7395
-8793
5740
-3066
-3809
-1752
-1815
-9975
-7100
982
4133
-6102
1384
-9845
2880
9452
-6426
35
-2960
-3836
3378
-6460
-6535
8298
3824
-8356
590
-7147
-4639
-7651
8373
-3970
9170
3419
6951
9090
8370
-7474
2214
7411
4047
-7960
8063
-2381
8794
-2577
-7075
-3903
-1700
-9422
-3665
1136
3752
-4385
-8514
4109
7301
239
-3303
5814
-5070
-6991
-2650
-1570
2159
-6750
-1641
3519
-6886
9300
-7561
-871
-6903
-5959
-7143
6685
-4122
-4565
9675
-3742
-7322
-8091
-4388
-5506
-4706
-1519
300
-6856
-4910
4832
9800
930
-7515
-1069
-4691
-9942
-2577
2072
-9500
-9834
793
7224
4502
-1896
-2204
-3318
-6813
1829
-3112
-7309
-1237
7398
-912
-1635
2062
-6937
8981
-608
4744
8225
2402
1744
-7333
-7926
-5617
-105
-1433
-2057
8842
8659
-7509
8715
9805
2052
-4524
5180
-7193
7004
-1346
4672
-2065
6215
469
8569
-9874
7371
864
5089
-129
-832
490
-7414
-6660
6802
-2511
-6419
2487
-9732
-6879
-745
6293
9775
-7618
-1951
-4211
5963
-7744
-4500
4326
-4179
-5573
3356
-7790
3353
243
6503
3279
3841
9509
-3535
-8173
-436
4112
-9546
9189
-8993
-5607
8453
-7202
8170
5277
9203
7019
3450
9126
-7116
243
-2003
-4736
779
-3421
3905
-7404
-8551
-5963
-2051
661
7731
9880
-7398
6384
1480
6971
-5738
-2937
-5194
8565
5322
-8177
5295
-7087
-1799
-873
-1300
-219
41
9519
5655
1499
3557
310
8374
9988
168
-4788
8814
-3179
-2603
3257
-8207
-5656
-4766
-3069
-1974
6308
5185
-2986
-3481
-5372
-9532
5371
-2775
9685
-6517
-5438
-9155
2206
-9958
4721
-5695
293
-2880
-7216
3163
3995
-5043
1098
-345
2184
1465
7553
-4785
6483
8325
1587
4215
843
-3000
-6618
4670
-4697
-784
-7675
-9725
-5678
8025
1445
8771
-2966
4443
-3986
-7557
7415
-2671
653
-3164
-6939
-9062
-3047
9924
-8260
-3418
-7087
-1245
-6316
7703
7252
1800
-7864
9562
-9498
-9969
491
6710
8332
6446
-9790
9893
-4024
-8349
-3933
125
-3023
-7946
-4946
237
4485
5867
9009
5054
1706
2478
7701
5208
9143
8096
-6990
4694
-8726
-6764
3049
2003
4444
-9492
5448
4532
-1720
9033
6010
-1546
-6575
737
4257
3102
-2381
170
-4684
858
-9451
-9202
7047
-8174
-3288
3386
-6261
9417
8251
3280
1822
7440
-2628
-6281
2450
-6088
-1473
-4110
-5210
-6608
-4621
-7788
5330
7206
-4780
-9183
1744
8914
319
-7530
-2413
-4390
-7899
3565
-6341
-7293
-8835
2385
7784
-1821
1320
1794
-840
3442
8916
7315
-8733
-7281
-658
9777
11
-8022
7199
8922
-3992
504
-6241
3274
-2565
6577
-706
-872
-872
4925
2705
4135
-967
6836
-8950
8058
-9871
9194
5436
1957
-637
-3444
878
727
-4755
-298
7365
-6701
-2126
-1009
7607
-7091
310
-5863
942
7891
3655
-2092
-4889
-6562
-1844
-189
3706
5223
5808
-5767
-1427
594
-6477
2596
8649
4597
-1956
-2678
-7634
-5610
9616
-3134
-4263
-4318
1309
-7851
-6295
-2175
-5612
-4813
-8973
6646
9071
7929
645
-8674
-5188
-3597
5591
4622
-7535
-1586
9434
9243
-4961
-3901
-2610
4193
5133
-3288
-1923
1077
-3230
-7749
-8443
-6612
-1167
6913
9868
-1397
-4441
-5529
4928
-6420
-9618
2605
2220
-7240
-2402
9425
-3792
-6934
8404
-1685
-6007
2309
5070
-9589
8476
-912
8105
-1697
-3234
4232
7078
-1621
-484
1236
2863
-6793
-8643
-6883
8931
9526
5669
-9469
6443
8460
3966
-7768
-7093
-972
242
-4664
2747
-8541
-6197
-414
-7779
-3852
-2890
3287
-3901
2471
8145
4780
1358
-5784
5167
-900
7270
4664
4235
4520
7679
1541
-1390
6041
-97
5905
-138
-7475
-277
7005
6978
-6725
-778
-4137
-7434
-718
-8345
8336
-862
97
4889
-1188
-1518
-4199
8283
-4187
4262
-8048
5591
-2714
3038
2429
-484
9670
9754
-7079
-7679
133
-1489
81
-5972
3608
2532
9999
-5600
-9472
5603
9500
6537
-3034
-5809
-724
297
-1475
-5656
-3397
-2300
3734
-6872
5380
7376
-5448
-3774
1056
3480
-6120
-7958
-7996
4966
-2978
-3755
7220
-8164
7335
8699
-5170
3311
-8570
-8858
-5538
1405
8824
-9235
-9621
-3947
4757
-4458
-5303
8725
5921
184
667
-1929
3165
-4770
384
4845
6079
-5766
8762
-393
8500
1883
3512
6287
-2080
2023
-4903
-7396
9635
-2419
3731
7317
-4751
6732
-6182
-1586
4492
-7856
-1208
869
2669
-4425
-5386
6589
8407
3858
5279
5732
160
-1212
8686
3690
-8636
-1203
-7659
4845
9701
-5792
3690
-4120
-587
-5306
9107
-8205
7498
-3923
889
7723
-4356
2726
-9517
-9173
-6242
6164
7676
2280
5206
-3388
5873
9700
-9251
-5755
5011
-151
-8726
-7311
-8345
1992
9114
-9970
-3601
9853
7751
-9859
-8385
9707
5879
4265
-6154
4685
-3719
5293
-6420
6498
-3782
-3205
-2106
-7392
6384
-1442
8045
-7270
-6036
-7827
-2204
6680
6206
2841
-2044
-6705
-7669
7337
-4767
4080
663
-5575
8764
8156
-9500
-2017
5157
-3739
8987
-6002
-2228
-7615
-7469
3574
6371
-9395
9031
1749
1616
2008
8287
1858
-7257
1700
8413
5302
-8156
-2798
2623
7326
1128
1512
110
1067
-9723
-6012
5264
3978
-7165
7139
-867
-3778
3658
-9104
3357
-3972
9111
462
-182
7183
-8888
-8094
-9008
-7184
-398
3538
-4590
-6913
-3996
-9390
-7368
-4865
-6261
-5554
6189
1478
-9907
-6246
-2371
-6857
4590
-4573
4226
-1147
6684
6643
-8127
-2686
-7210
7291
5469
-7350
4817
9923
-7165
2152
-3011
8027
5380
-547
8704
7333
3420
1216
217
3995
5809
-1552
-9456
-901
-5655
-6114
3758
9882
-7015
-3781
1123
-7113
-1229
-5555
9308
8726
-942
-9317
4352
1228
9272
-9810
-7002
9277
5655
-3482
-2734
-4165
7968
7364
3784
-4104
-4506
-5602
554
-2428
-7878
3259
-5241
-353
-4076
-5256
9062
-8930
9021
787
-9577
-4464
-2451
-1
-713
4145
-3898
4017
-1783
-7931
-2469
-7999
2265
358
-8910
2410
-8383
-206
-9658
-863
9903
-2242
-6267
3994
8544
1002
8108
4708
-6203
8604
-25
-3506
-3162
1108
-9321
6753
-4677
6191
-9622
-7983
4277
228
-5069
5037
-7556
3194
9701
-9264
3399
-5534
-2877
-1955
-8735
2675
964
-9538
6252
-1287
2975
-2239
-1155
-4452
67
-9155
-3131
-8268
2490
-5152
6053
2123
-174
8297
-3271
-4994
-2314
-6812
-7457
8166
-4727
6130
-7198
381
-8700
-5881
2259
784
2207
1851
2126
-4976
-7434
6988
644
-2641
3329
-5306
-4727
-5392
-3736
-9735
-4819
-9279
-2248
1374
1556
-2006
-5108
-2395
-2442
-5159
4467
2089
4142
-6761
3357
-1628
1101
-2055
1612
3259
-5729
-205
2175
-3207
-8654
-1651
6552
-4270
7857
-7110
-1256
-7948
-6219
2251
-755
8688
2579
5251
-9055
8355
-3203
644
9015
-528
-1237
8647
-8072
-8360
9654
-4001
-3762
4361
-7094
2150
-4069
-5863
8322
-4235
-3953
792
6103
5841
-1128
-3583
-58
2648
-1017
1160
5689
-8421
-8602
7927
1852
7593
-9165
7076
5605
8730
-5212
-2266
-3051
2900
5265
6638
-9778
8131
3923
2025
-8282
-532
2479
-5394
4416
-3105
3810
3835
-9048
7994
-5952
-3894
-3664
2567
-9580
4122
4536
6291
8419
-3976
-6310
8557
9749
9340
-6323
-4351
-9788
-5068
3827
3049
2481
1518
-3822
-2380
-3548
-2460
-5048
1328
-8546
8068
378
-2006
-8855
5584
-2791
4493
3003
8177
-1505
8595
-6876
8195
-5807
-1788
1861
6902
-2730
9100
7245
5991
2622
-5248
7371
4596
1162
-4746
-2016
9465
5294
8157
-629
520
-3213
5821
2785
-6091
-8887
-2370
8097
4890
3773
9472
-9111
296
8400
7173
7416
3725
7548
8992
-9963
-1344
-2575
3586
547
4942
1557
-1810
-6785
-3996
-6853
4977
-8264
-4514
3702
1100
-9513
-1715
9135
-80
-9119
5586
-1070
-8369
3496
234
5649
9974
-8684
-5947
4839
-1307
8024
6851
-4882
5207
4602
-6841
5987
-5542
5079
9799
2035
-1047
-7902
803
5541
1975
7757
3650
-9836
-3205
3788
359
-7329
-6863
6883
-1418
3097
-4439
9897
4269
4914
-8769
-4402
6889
-8996
7411
-4775
770
6476
8585
5875
-4950
9840
-10000
-830
-9927
-501
4981
-3592
6515
-6723
-7916
-1306
-9528
1135
1180
8210
-1514
-7657
-6259
-7899
-1748
-8291
-6169
-819
-3853
-9274
8735
3163
292
-1689
1784
6530
9057
-5394
-8750
-6518
-4914
9071
-6130
9507
7963
7049
-2004
9664
-999
-1676
-278
-2552
-6790
-7948
3370
6856
-6921
-7255
-5308
2121
7388
1129
5035
-4636
431
-6829
-5394
-3584
9448
-356
1792
3401
1846
-2116
-3426
-9074
-9964
3172
8806
6846
-5643
-3729
-6257
5274
7902
-7542
1640
946
-5558
-2995
4383
-4958
-4090
8688
6294
-7492
-8994
-4597
-1802
3872
-8584
-7837
-4078
-9820
-9973
-6343
-2507
5168
4090
9732
2985
4080
-7562
-8848
7448
45
4134
2527
-6065
-6897
2989
2272
7132
-8639
3025
-8604
993
-2645
7982
-9615
-393
9587
3404
-6003
-3709
-8671
5457
8507
3970
-168
-864
1489
8199
-1774
-8291
-9293
-9817
-3075
3939
9352
-2203
-4861
2851
8681
3023
6252
2521
1903
725
-8118
59
-9637
-3102
3252
5584
-544
5832
-3469
500
-7099
9626
627
223
3081
-1890
-4503
3995
-3425
4891
8806
9327
8046
415
-8442
4615
-1759
7407
-7431
-8590
3983
-705
-4607
-5622
2850
5099
-3267
17
-3922
2084
-71
-4009
7077
4131
3074
-4334
-4987
550
-3421
1108
-1111
5648
634
-5504
2176
-2786
-4767
2010
178
4665
-7372
7793
-7064
-2255
-5702
-7841
8831
163
-5329
-263
681
-1017
8379
-6538
-8210
-3344
-2086
7127
8845
-1793
7052
1351
893
-3579
2804
-506
-2866
-9040
-818
6194
-7933
-8254
-7792
5631
5826
-9885
3362
3531
-5748
8376
-7456
-4683
2781
-9358
-4240
-147
-8553
3008
-7510
-7677
-3664
1491
9069
451
-3781
-1538
4135
4947
5322
-5108
-642
3939
1056
8997
-2902
-4144
-2953
6990
-3586
5402
8460
-6377
-13
-4233
-1717
-4118
-8389
7886
-481
-7098
-6136
-9390
-5923
-4855
6256
5481
-1781
-5888
-7018
-8030
-3699
-4364
-8923
6466
-9553
137
200
9241
5234
-2827
-2937
7383
-3680
-5787
-6224
-4088
1104
-6153
5668
3512
2727
-8741
6666
7530
3243
3970
9017
-8439
3779
-1844
-282
-949
2589
6091
5835
-3054
-4784
2086
-294
-6998
-5467
2435
-9368
7080
-1951
-5055
8063
3099
-2479
6145
-1921
-7356
9337
-6654
-1641
8734
8372
7211
1773
-9192
-2779
2923
2205
5226
6525
-684
-8098
1397
1265
8350
-5292
8487
4184
6348
2844
-5573
-7080
-8620
7913
-7507
4433
9864
-2559
3932
-532
-8525
-3680
634
-4028
-1844
-1790
2608
966
3645
5452
-2924
1992
717
9574
-800
6031
-8420
-2538
-7920
270
-7561
-3180
-8051
-2530
-8883
2608
-8616
5867
4261
8079
4709
2841
-2546
8550
-8367
3887
-863
-9704
4208
9718
-9279
4727
-9991
1960
9178
1223
-4547
3783
5368
-282
-6707
-413
4313
9876
6253
-6123
7597
-6789
-4154
9879
5310
9255
-8161
9576
-8843
-7794
6263
7323
-4164
1820
-7116
7776
8514
-4360
8703
-3213
-20
-6612
-5546
1591
-504
-976
7197
4422
-482
-6875
6511
-1480
1248
-1154
6167
-4864
-9351
-5895
5390
5796
-2930
-3940
-9308
4810
6541
-1542
-6326
789
-8518
-5399
8809
-1726
3186
-2673
7399
3026
1513
7776
-80
-4981
-3758
-7954
9689
7834
7435
6781
4072
-1365
-4760
2150
-5621
1529
6820
3906
9188
-4649
-9532
9531
4655
5963
2165
4809
8945
1132
9791
-7586
-5847
-6645
4139
969
-2006
6016
-7575
-2400
-6545
5933
2511
-4094
7790
2670
9979
-7135
-6261
6224
-2201
-5336
383
-9409
9820
5640
3754
2526
2002
-3945
5543
9392
3880
-8676
-3241
-8180
-8878
5555
2882
6839
537
6348
-7181
-5653
9128
2978
787
-1003
-8344
9041
-4286
-5005
-8320
-5877
9148
-1413
2528
33
-8605
-7139
4619
4392
3078
-5185
1576
1193
-3168
-3403
6585
-576
555
-1711
8798
3416
5142
-2106
-1290
-1848
-5626
-9471
-4891
2765
-5689
5551
-2047
3388
-6936
1656
-7322
4905
-4317
-6807
-93
6353
707
4274
-3144
-1043
9391
-6216
-9207
-7402
-4181
-3606
6793
-5308
-443
984
1701
1093
2791
-4611
-3399
-4670
385
-318
3363
-1369
8665
9221
-6245
-2494
9661
7354
6117
6186
3985
7092
7242
-7863
3249
-87
-251
7893
3280
-4216
-8593
-6192
-3404
4463
-3985
3954
2527
-3701
-8997
2065
-1444
-7744
1795
-6914
-194
-6959
-7487
-3381
-6914
-6811
7363
5340
9930
7267
-2568
7117
5552
-4079
-4606
-7063
-9578
5070
101
-3409
3300
-2566
-7578
285
1522
709
6448
-5695
7837
4733
2796
9640
5160
4222
5770
-7733
7418
3391
4836
-2304
9736
-6139
1178
-6670
3663
-5802
1451
5780
-4839
3962
-1207
348
-2791
-7428
1749
-3869
-5995
9658
3091
4243
-1814
1750
9838
-1958
-916
7019
98
-3289
928
-3047
8890
-3872
9825
-8755
5411
-5073
-4270
-4138
-6384
-8090
-7142
-3209
5800
-6401
7250
1602
-3039
4440
-4407
-7426
-8063
-8331
-7581
-4904
7441
6798
-7603
798
-1392
-7418
7923
-1727
5584
-3174
-2531
-1644
-5244
5281
-9842
-1421
-7968
7271
-1038
6939
7584
-1367
5661
-2352
-5536
2252
-9043
2043
-672
3487
-6667
-8214
509
-1572
489
9958
6730
127
-1239
537
5899
4890
-2819
-6200
-9883
3878
2198
137
-1299
-5870
-1645
8649
5066
8412
8617
-9649
-3322
4139
-1949
3688
3204
1171
8333
9753
-8391
-6067
-2782
-2465
2939
-4722
-899
7524
9235
915
5986
3647
2947
7725
-3314
-7446
-9677
4369
1803
-6199
-6001
-5596
7209
4492
5260
61
3461
7692
8282
-5478
-3433
7450
-7078
-626
-1525
-4190
-9127
7427
3319
8639
-929
-9547
9319
-1289
6768
604
-5799
-1618
-1018
7431
-2186
-4195
-2876
6535
6559
-1567
-2436
7298
1212
-2424
-2144
921
-1731
-9219
-5585
-9841
6370
-958
5429
630
449
871
-4688
2742
-583
-4034
4090
-672
-7330
4833
6864
-7535
3630
3700
-1214
-512
7496
7246
-6024
-6678
-2038
-805
4945
3061
5209
-8761
6790
-9866
405
-2310
-9162
2922
-5779
-6657
3889
2556
-9570
7730
1136
2271
8051
-3684
-4931
-9972
1364
79
8378
-3085
-7660
4661
-3319
9689
-3472
-5410
-2060
-58
7436
-9038
6729
7392
9411
-2509
-4391
-5438
2374
-1729
9121
6760
2091
6985
-6902
-750
5219
3122
-1975
-2766
-3613
-5271
1840
6684
8811
7205
4080
-5751
8985
-340
2120
-8510
-4368
5101
-1297
8613
9256
5875
2403
-7936
-3814
7518
-9380
2374
9961
-4601
1859
7393
-4599
-442
3135
-6263
8397
5786
3317
155
7024
-1913
5305
-7944
-9737
-1412
2670
5056
3393
-2743
-5574
2678
5117
-8006
-9757
-2768
8297
-4019
-7931
-8609
-1870
3884
2349
-462
2970
-3095
8970
2475
-8728
5943
-3675
-8816
6927
6331
-3755
2912
6755
8689
4975
5417
1797
-3414
-7048
5928
1387
5811
-5048
-9962
7423
750
1680
5900
-6010
-4818
-2011
2780
-7053
-9531
1734
-7247
-4342
-2768
8535
9858
-4947
-5123
4963
-6128
7668
3534
245
6553
9162
5439
8649
108
-9892
-4695
-5196
-4118
-7133
-6441
-8556
-4758
4338
-4529
-819
-9350
-5190
3826
9355
-6219
-8870
9011
-5812
-8505
-2525
5899
-7848
-9423
-3741
9907
6905
-631
-365
8087
-3591
2749
1286
8979
-7041
8874
4533
-2333
6421
1599
5631
-1490
-5832
-454
-4709
-7428
1624
4331
-1540
-7729
2360
-8254
4392
-1417
1595
-178
-1411
-4018
3608
-6462
5573
9118
-3508
1492
-8480
-2615
-5376
-5823
-9313
-1383
10000
-9730
9608
5321
1895
9482
-7948
-7776
-4094
5094
4044
8362
1324
-3880
286
9037
9980
8950
-8898
-5645
6000
-5731
9056
-6593
-8486
1227
4172
-9446
-3611
-5646
4529
5743
3660
-4182
-9600
-6125
-7036
7777
-5087
-803
-4623
-4584
-5634
7738
3070
-2218
2408
8722
9304
7290
9932
-3898
-4080
-3760
6915
-1402
-6411
9403
-3824
-8362
-136
-7723
2320
-3965
3420
8823
4511
5475
-3776
-7427
-6473
2865
-8378
-947
-8635
-4955
5690
8410
2803
2032
-8853
-940
6480
3342
-2117
975
753
-5232
6447
1818
-4065
5924
-7985
-551
-6017
-9587
-349
155
-1675
1463
-4475
579
-9764
-7201
-7389
-9949
-6792
2399
5129
7969
3243
-2748
-3968
-1582
-1986
7007
-2126
6487
691
9665
7531
-1820
1441
-1079
-3844
803
2851
-558
217
-2116
-2291
-3325
-4280
-6607
-8357
1316
-3549
7203
-149
7528
1021
-5552
-9588
975
-9192
1523
-7820
9629
-3577
-9436
-1232
-4713
-1495
-5165
-5003
9030
8890
-2370
-2861
-7907
-6031
5678
-1308
6279
-2882
-4231
-3861
3807
-2384
-6054
3978
9921
4967
8764
-843
2181
241
-4855
8781
6534
-7362
-7601
-5126
-339
-7606
-4823
9220
-4711
-1259
-851
-1297
3895
8546
-4800
9976
5404
9213
-9664
6577
8016
8244
-2597
-4790
-1237
-5631
-2445
-4192
7660
3938
-4850
3578
-8679
4248
-4762
-4839
6560
1782
1325
4393
561
3181
-8096
2101
2706
9101
9984
-9017
2953
-2657
9302
-7163
-9506
4513
5769
-4747
-1407
-5144
952
-7698
-1565
2278
-9926
7838
-599
-8249
5365
1665
-5950
5590
-2099
7833
-9898
2447
2950
3622
-1018
-25
8541
3682
8702
-4872
-4439
4078
-2953
4963
-8991
-4607
8071
3510
-1082
-2466
-9437
6267
-9465
-9134
-7194
-6053
2692
-6448
-8170
4321
-3575
1172
-1503
-8657
-2740
-9642
6985
4638
-8489
-3534
-8805
-1300
-5193
1520
8951
-3797
6821
-4470
-5023
-7682
4748
-3277
-9731
-4657
-9975
-2946
9137
9180
-3098
-273
-9231
-6846
7043
-6352
8618
-4845
-1504
4954
-2967
-18
-4327
-9207
2688
-7084
2153
3348
-1199
-3705
3498
391
-1770
-9379
-8165
4661
6617
7400
8308
-6779
-1839
5065
8883
2956
5227
5504
2727
6284
5240
-4640
-1831
1468
9231
1556
8553
-7482
-296
-95
-7069
7947
2212
7722
-9168
-3818
-8278
5644
906
4202
3164
9388
-6209
-4911
9377
5351
7532
1628
-2519
-5276
-4079
4655
-8199
5754
-1808
8974
8724
-9559
783
1226
-6020
7566
7309
-1989
4163
-2325
-1476
-8080
2681
-9775
3523
8272
5891
898
2175
-1483
7995
8262
5112
5362
6333
-663
6735
-9481
6500
-2296
-3223
5682
-1151
-5382
6879
-2542
-2311
596
9708
8307
-702
8892
9774
1968
2886
-2979
-7300
-5355
-6874
2871
5838
-6529
5890
2415
1598
6946
-5262
-4088
7048
-5657
-291
-913
-581
-8972
-2403
3259
3851
-9636
-8721
-731
-4134
-1684
-8803
-6627
-413
-2882
-1751
2282
-2596
7546
2518
-8838
1869
-9106
2898
312
2867
-3543
-4462
-7698
9059
-431
-8126
-8235
4592
-135
3560
9178
5371
5753
4112
5514
7142
4280
-9488
8150
8911
-6808
-9329
1951
-5559
217
-8499
-8607
6464
369
2695
-9887
4545
-8113
5317
5918
7302
6026
8337
-318
-8641
-8699
-4565
-842
-9770
-4538
5867
-7161
-2402
-2580
7694
7108
2636
-1531
-4824
4639
720
-7699
4432
-1702
-6777
-8644
-4360
-6529
-1484
4286
-6314
2565
-2253
-9120
-8310
8894
-7447
872
-208
-7501
1487
-8827
5121
-7117
-2687
6401
-2001
3751
1839
9020
-2625
-6610
-4192
-3668
4592
-7528
-7166
-2429
1727
9055
6677
3892
6749
5229
-2890
-1046
6066
-9305
1905
-6780
8235
-3861
-9803
-6186
8042
5376
-5466
-1341
3299
8602
3340
3720
-3525
2266
-4736
5374
-9843
3194
-9708
7119
-1379
6052
869
7585
2023
5562
9281
7171
-8611
9605
2572
6909
9150
-9944
-2000
-9008
-1691
737
-9247
5916
8427
-5137
1742
-8314
9485
1372
-8189
6227
-7013
-9813
-4989
-2706
-4121
-1361
552
-7695
6847
7848
1065
7805
3284
717
5113
-7516
-2952
-5986
9331
-4271
-6922
-5560
-504
4083
-6858
-950
7855
1652
8515
-2116
-470
-8096
1500
5709
2392
5736
-8332
-5950
-9428
-3023
-1843
-5787
9245
-5408
-5184
-5245
-8621
-9717
-4187
9877
-3227
-4866
108
-2313
3990
-9795
-1117
1908
-2468
-7112
-8454
-2306
-991
-7471
-3381
8427
-9626
6872
210
4168
2506
-7306
7708
5528
-3440
-4908
-1726
9918
-4645
3576
-566
4788
1281
-1772
1134
-2683
4185
224
-2913
2071
-986
5572
-3830
5531
-8553
-780
-6949
802
-4628
-3556
1291
-7776
-691
-9012
2181
-5680
-4881
-8157
6772
3206
5230
-8966
-5114
718
4244
9836
-3880
-5156
-5593
-2820
-8422
-4087
2890
-7881
-7664
-2688
5375
-3782
-983
8866
-3292
-4590
2595
6173
-4554
9870
1270
9544
-3414
4313
-7777
-7669
371
-4417
-3790
-9579
-699
-6987
5895
3571
-5379
6757
-8450
9872
7045
8201
-7513
1365
5397
9715
6258
-453
9824
1858
4764
222
7751
9500
-1761
-46
1169
-5920
-7445
-5303
-6474
7874
1450
744
6355
9014
-6817
4282
9626
-8035
4459
3868
-7860
-1994
-5549
5582
829
-5401
-1544
-4267
2443
145
-4705
-7421
-8975
-9898
6591
7762
-5505
-6536
3109
5940
4207
6249
1673
9870
2558
545
-7996
-9156
-1367
-4903
-5126
8
-6166
-9679
-4978
7072
6295
-5011
-3739
6223
9747
9612
3867
-1435
-9575
5460
5211
-6633
722
-6704
-7132
-7956
7704
9589
9834
1836
-7518
2960
-9718
-1065
9892
2001
-8833
-5717
731
-783
4569
-4027
-1900
-3835
1756
-6960
6093
-6118
5539
2356
-9439
-5807
-1461
6988
656
765
-5500
-7287
8290
7604
-8650
9914
-8551
9670
8687
1565
2291
-2162
-3176
-892
-1565
6973
8145
-314
971
5782
-8335
-5734
9971
-8542
1303
-2774
-212
2195
896
8905
2098
5396
-6776
9599
61
5566
6461
7361
9835
-7010
-1040
2221
-8617
6000
6194
6206
-1388
-6523
7630
1139
-9211
-1326
8706
-9561
-6629
-1311
974
1289
-1352
5554
-9931
8595
-3702
5847
-5359
-8616
719
-1089
8871
9174
5570
6366
9370
-7687
3482
-8854
8931
3225
1146
5171
6728
-6644
1545
3976
2044
4984
260
-401
8654
945
5037
-7247
-3861
5395
-486
-4631
261
-4642
6781
7512
1210
4751
-5121
-9488
-3574
5283
1595
5165
2954
-9420
4432
-563
-1015
7911
-756
105
3324
5994
-6991
6355
2534
-9812
-2272
-7685
4015
1866
8884
4240
-3892
-9817
2158
9157
-9269
6459
8481
1075
-112
7776
-707
3324
-549
-4133
-5022
1202
5722
8360
-4242
-9062
2630
8816
-3406
2863
1099
3989
-6231
8631
828
-3229
9871
-326
-8145
1057
-7212
5382
6896
-6294
-9154
-9033
3225
-8860
2224
-635
-2819
-3323
-5473
-9422
28
-6957
-2600
5959
9856
3424
7081
-4415
-4498
4899
-8877
-2947
5415
-3336
2189
1804
-139
9210
-1087
-842
-1871
615
-2257
-1332
-7474
-1499
-1143
3795
-4441
4121
8345
657
6337
2942
-8447
5824
635
1766
9777
1338
-1109
4097
-9485
-7987
1029
-1165
3794
8908
1521
8165
6898
-6493
7612
2987
-5466
-811
-3364
9008
