3487
1
295
6703
3468
2422
1399
8540
8065
6335
4453
7742
3029
3002
3633
7320
3658
5236
4163
622
1051
6086
8177
6725
5452
8770
1773
3844
4093
2628
285
998
6391
5766
3992
8245
3733
6976
2450
774
8034
2989
3687
9047
2341
6830
7907
1438
9225
8989
4434
1565
1358
6319
2061
1191
4635
8807
3237
1316
8915
1495
5612
9185
5531
6338
3958
9011
4905
9611
8931
3985
7935
2688
299
7957
9569
9038
7744
9232
5369
5667
1670
4482
4713
5700
8447
6703
8183
3569
8511
7545
1916
3729
8248
1870
2360
7029
3179
5335
9914
4952
3088
5471
2313
1087
8163
547
4861
6215
3569
7972
8903
4644
7528
8705
9924
3540
5788
7162
4629
8665
6102
4338
5581
7570
8768
8861
4326
3171
7842
1681
275
3442
1699
5643
7445
1698
2647
4319
7472
6076
2773
3440
3198
6702
3581
5685
5117
5664
8282
1155
5733
2062
9222
4728
3079
7556
5270
9381
610
3720
9144
9565
4126
8171
9701
3088
7291
9678
9013
13
3125
66
9794
8213
1670
1322
8828
5119
9274
2957
246
4920
1057
1166
1363
3735
7007
4849
9960
6271
3018
4560
2124
2366
7444
3060
7496
6358
9642
6923
6652
8184
127
5321
6136
9945
5916
5596
5463
7723
4288
9736
2249
5682
6063
1144
4042
2472
3203
4768
4442
6428
716
8867
8637
4145
1219
6943
8601
2020
2873
6471
9672
7554
8165
5806
238
1091
3450
9508
849
6051
824
1160
9272
5426
7559
4353
4038
5194
1757
2648
2836
6918
3888
737
6208
4594
2001
1444
3943
9268
477
395
9490
1287
168
6521
3706
227
1503
8751
9524
6116
4600
4915
9956
2864
3153
9229
3571
5797
5077
9177
4876
5241
7161
4384
5659
8824
8939
563
7904
9849
1598
5462
3330
1183
2885
800
8259
7614
7922
8564
4158
3892
1183
5822
755
4891
262
687
2782
6161
7214
9876
8958
226
4350
1463
7163
9053
6895
8230
9306
8447
5086
3257
6400
9865
3456
9591
6222
2517
7466
6616
7560
5719
295
9087
8163
6201
7848
8549
5934
9530
7356
4351
3282
3610
7849
9164
7213
887
4552
3816
4844
4348
1867
7968
9093
9553
7989
9815
519
3682
2539
6484
4779
8890
492
3475
9329
9199
5749
3300
6359
6095
9842
2173
5638
5662
8883
7278
8140
5202
7628
14
397
9632
4026
9478
7055
6166
7633
2776
8773
4877
9260
5584
743
6084
3601
3164
2977
5459
6369
9681
4744
7482
1990
2065
4394
849
3293
8227
8355
1562
3565
8913
159
1724
695
320
6065
7114
6568
618
2626
156
9970
8998
7941
5821
3226
792
8688
5490
5147
4357
4377
983
1553
5921
9020
3205
324
8574
6755
7100
5459
4296
1727
5820
1665
9375
7917
1945
2476
2646
8470
538
6908
9704
5482
3056
4499
3166
6832
1561
8111
6681
8399
8495
6750
4397
1085
2240
5006
6145
1851
6658
7002
9256
2993
9327
5941
6134
3000
9146
9285
988
530
1453
9859
4586
6009
2204
2887
8599
9481
7822
7798
5420
4608
5916
1921
5806
7750
6021
9220
8509
4003
2535
2619
3112
3059
8234
7655
2349
2134
9425
5827
3463
9973
8185
7116
4723
1046
7171
6038
4728
6821
3096
1390
329
429
2507
1473
6772
8621
734
7934
3225
4137
7842
1140
9537
7274
2540
992
73
4913
554
5197
3623
2863
7561
2990
214
9036
7115
8704
5238
1889
7600
1346
7500
5023
8926
5006
8729
4225
2418
8018
402
9081
6019
2512
6159
5770
7404
2054
5121
8826
2818
8951
4168
3485
9642
9922
7052
1425
6910
2574
6679
529
4855
5795
7409
3166
7382
9508
982
6534
3221
2977
3992
4568
6304
2216
7186
4196
1072
3734
5889
5095
8790
3688
6234
9507
2104
7983
9346
9220
78
2960
3923
6071
609
3115
6712
8244
5244
8288
1332
2007
1900
8270
3344
8872
8111
9643
7474
9532
8975
2641
743
7814
3589
5322
859
1519
3893
5603
7306
9740
226
4603
5992
4617
1837
242
5010
487
5584
9954
4856
1679
4304
6025
9352
8790
9196
9606
1308
4161
2087
3159
6203
2870
3385
873
7949
6099
3444
6887
4216
4068
6059
1924
6756
9953
4941
9763
7736
8950
5882
5132
2690
5461
2641
9196
8686
845
9666
3867
1862
1381
7915
2202
5839
1983
7956
9999
7394
8917
7058
7698
3470
314
9413
433
6510
2499
3464
9721
3894
6262
113
3220
9507
8509
5738
9542
9257
3740
1229
1127
5736
8395
5202
3422
1211
7449
5383
4229
2765
2028
1601
8963
5804
1911
6832
2701
9124
7999
6780
5369
5929
6750
6085
6828
5871
1775
6155
3899
9258
33
3165
3566
2122
3118
2700
8142
4506
271
6650
1782
9654
487
7540
2355
4729
827
260
3004
7927
7497
9576
5219
1486
600
1154
4100
2164
137
3383
1897
7903
626
3854
4714
4345
4109
9643
534
1921
3020
8627
7132
1821
6896
3860
7991
3173
7158
9281
3991
8892
4547
1899
4320
4038
9273
1415
859
6361
8235
94
9323
8118
2227
4555
378
2863
1914
7666
7033
4522
7247
8084
9007
7371
5081
2524
4573
7032
9762
7137
8117
1716
7643
3830
5256
54
3727
7135
828
9221
3404
3340
8443
837
2939
8960
954
2055
5525
9910
1072
2610
924
5682
7899
7167
6665
8912
3681
6066
8681
8630
4077
5105
7941
1271
2734
7652
3549
7845
415
2857
6489
9341
5280
4128
1642
1418
883
7277
7782
3753
952
2160
4853
7293
1699
8396
7248
6103
4374
643
7616
506
299
8818
2084
1787
2415
5201
6235
3570
8150
4678
5862
1672
5957
9114
7957
7149
1464
9058
3792
2058
2615
7385
2667
680
9812
9868
7639
5242
2250
126
9281
2088
6255
3655
8531
3871
5733
8804
6572
7911
6469
5050
8853
4769
324
9349
1355
1906
7728
5838
5455
1036
8767
8136
7987
8577
369
2099
2816
2628
7440
3966
1258
2535
7752
8744
584
9091
2775
7234
1951
9866
4401
1426
7994
2124
9945
7943
2794
265
625
8358
239
223
6404
4473
7316
5213
2990
619
2459
5891
9529
2579
6052
6170
5780
5398
6473
21
4261
1843
6031
9919
7365
6279
2212
9693
1714
5698
7836
4422
6489
6080
5462
967
2910
8749
3599
6490
2838
330
8349
8700
3107
3626
6875
1139
6047
1050
8813
1814
9654
2594
9658
668
7604
6757
7888
8161
2141
6607
350
6889
1583
8241
3322
8441
6656
883
9628
6746
6994
8368
2114
5844
8605
2547
6939
8201
5730
3479
8085
6369
8057
5312
1585
5333
9277
7281
4390
4703
293
2919
2395
2019
7497
8324
7280
2296
4500
2803
3623
5009
7172
5878
167
7919
5807
8781
8905
6117
3307
5507
7052
7144
4959
9333
5056
3695
9070
7508
1452
9074
6549
8295
7371
4631
6781
8487
568
2249
5565
8906
860
4440
1465
5146
7844
4761
8447
2772
1267
1784
2238
6503
2219
2875
4663
169
5336
6318
9033
1850
9034
5416
1042
7593
1975
3088
8498
5199
3399
7538
2691
4913
6280
2529
8941
3221
2590
1083
6025
1853
1309
9547
9435
2051
7226
5412
8143
729
9844
8581
7600
3814
1945
7281
8335
3273
7582
3708
8168
6213
7361
9682
1462
962
7254
4203
5795
4191
479
1974
8860
6748
1571
3463
17
2034
2716
655
3302
5989
9408
1524
5269
5086
8804
8756
2903
4543
627
6276
6166
3464
8589
2679
4722
3847
741
8384
2397
6607
7399
1833
7839
9049
1330
4197
8994
305
5989
6244
935
7843
1806
2805
5905
9601
7041
1618
8509
1368
1540
4459
123
5580
3085
4579
7589
7145
1527
3295
3720
9805
1863
6024
5590
4415
6714
6055
1680
3189
1956
741
6218
719
4513
3686
4764
513
1935
687
6567
1582
3343
8040
2848
8162
713
3018
1641
9771
799
2786
710
6851
7514
5150
7720
3886
8105
4578
5477
346
1060
2840
8296
6252
8915
3078
9038
3193
1601
2631
30
5969
4106
6828
1924
773
2847
4893
375
4469
5091
9987
9429
7719
2931
6455
8945
3629
7820
5956
179
8582
977
979
5601
9622
1452
3713
2941
2511
6975
8880
4611
730
279
4422
8173
2429
1551
7581
2181
8052
1210
7678
1367
1881
4706
7368
3013
8634
6324
2108
2256
8917
5939
1435
7072
9315
8125
5505
284
3454
6349
6440
11
1769
7076
2575
1979
4459
9908
8064
594
4442
5875
2971
328
5747
7139
7555
3370
3490
6219
1546
3115
9519
6700
3799
3301
5578
9672
5465
7588
7189
4482
366
7320
4977
7315
1988
4210
2403
4381
6195
877
8395
4165
1418
6485
9125
543
9471
5010
7561
9346
1986
7255
1195
4572
6426
1958
1331
9803
2311
5808
5017
6040
1622
2210
4029
6237
8877
1179
3072
6447
7442
6620
8927
5823
3544
7094
7133
519
3344
6638
4981
311
1420
716
9773
9609
8978
8872
7046
9624
680
5497
2948
9703
6925
9978
5656
7545
2218
7931
588
372
5680
370
593
6139
6764
3411
3269
3312
7906
9630
577
4672
413
4726
8708
3487
5301
1113
7808
4098
2462
9423
2192
2902
8601
4739
2557
1039
7625
500
7600
8282
7964
309
7025
9706
2071
2906
4996
4915
320
2554
9545
8987
7563
3328
3191
6952
2044
4736
1976
1651
3010
8870
1751
965
5882
2677
9789
7482
5897
5652
5628
2009
1114
5079
4275
9986
4572
8479
4322
916
84
3346
9290
8405
4332
1823
4891
9000
232
4103
266
6308
3257
8551
6704
3862
7827
6125
5235
4239
2251
660
2719
3677
3038
1747
358
1350
1986
9406
9081
6391
9306
9671
2445
8543
9417
3034
4509
4723
7693
5045
3004
6053
3378
3913
653
5119
8597
2334
2641
1339
3739
234
6891
9299
2040
1672
1427
586
7606
8101
4719
9631
4726
8585
3816
6853
2127
8989
6934
2252
7871
3284
9854
5483
8906
5275
8431
7828
7709
7996
82
4190
6247
3572
6386
1341
6479
8519
8882
5997
6079
604
7342
7351
8353
8315
3287
929
7326
7086
5366
9870
913
2503
7198
6535
1096
4980
8430
1930
9477
3349
7728
770
8278
2166
3554
8849
5263
9401
7556
1023
7342
5598
1585
7173
7831
470
5236
6522
3345
3410
4993
1144
1084
1817
3497
5490
2684
7076
7857
1590
6005
1086
6252
4673
2231
3668
7589
6941
2094
2646
837
8959
8578
1051
185
5702
2344
4787
7047
3273
9249
8068
6663
5084
3233
1725
5798
5984
9946
6026
5217
8779
3565
725
7577
8947
716
9244
258
2610
4402
8379
7169
4574
4053
8110
2203
4172
4799
2768
5058
3619
198
8198
4160
8581
493
9025
9356
9531
436
915
4031
6925
9727
9055
2957
6599
5510
5426
2168
992
708
2232
3026
2352
3299
1786
9982
8425
5239
1238
7773
3265
5788
80
5516
3929
798
8552
738
7654
6524
3911
8609
1261
3922
9955
9327
4850
4643
9297
5189
4343
6934
5026
2799
8508
1441
5782
8110
3987
2390
1100
4365
4023
6763
8851
1290
2611
72
3824
5311
3042
4119
9505
8685
7844
9797
2907
8127
2180
2850
7096
1358
7228
2350
2059
219
7109
4809
2093
7342
5231
4895
4846
7572
6569
7756
1789
3402
2388
7006
2157
7566
5121
5059
2103
9313
5858
2914
957
6174
9974
2033
6087
7800
9487
1418
3967
1142
7267
8063
930
9756
5946
8627
2500
1769
3059
5097
9376
7749
4033
4545
5986
1063
2400
7478
9950
8354
9379
8161
7716
1561
3817
2618
933
659
5568
1119
8493
1544
8835
1814
3966
8428
5342
7492
6579
3826
8
7616
173
1803
7640
4050
9743
2734
3561
3000
1743
492
8975
3834
1443
7850
10
9585
664
3927
8719
9415
3550
5717
1360
999
9740
274
9029
8707
3878
188
2525
3784
7485
6029
7342
2714
8606
8963
772
8596
3402
9869
8608
6376
9600
202
7700
4885
663
9298
3357
1870
9868
5177
4248
4907
4951
6665
3817
2108
4853
7674
9963
273
7387
6605
5794
348
6463
4394
8837
8131
9287
8090
6904
793
4666
4475
7880
9996
3674
2220
5383
8493
1253
4110
5688
9283
2988
3912
8658
71
5568
7275
1477
7564
7140
3523
4479
7101
9800
3884
8931
296
6168
188
2349
8787
8709
7654
8664
6494
2006
1268
3964
2237
6692
7249
1531
7738
9012
7725
7545
3678
7132
1156
5109
6537
309
4656
5487
6274
7318
3592
2436
2444
1439
4434
5016
9337
3452
2831
1996
9752
1447
5280
7409
7301
4755
5915
7415
1963
5005
6661
4510
4398
9392
7080
5545
7940
6954
8578
3702
3700
1633
8319
1449
7143
7666
6176
144
2215
7785
6376
7510
3128
8792
2635
6564
4226
235
145
7353
8275
4278
1477
616
3655
5777
2901
2399
9127
8804
8361
6195
4126
8724
3908
9712
3105
4827
3944
6605
467
8215
7494
9924
3158
7176
8244
4811
3639
7222
1636
1592
589
2123
7102
5787
5350
1366
9616
1508
8873
4892
5785
2596
487
1241
2727
9791
6535
3857
3895
6486
3410
5690
5257
4572
6505
8611
1311
8048
8412
6184
199
9144
6129
9360
5982
3524
1834
9410
6693
325
7902
5639
5907
5155
4045
6549
956
4389
2914
3909
2058
9051
102
5909
4781
4272
4514
7555
3884
2585
467
6486
2652
4857
5314
8574
9590
2027
9058
2229
7686
6259
2920
6768
3702
5601
7928
278
7350
6113
3094
5706
8985
4661
5029
1569
6252
4308
9944
5211
2766
303
4172
7769
2599
4885
4146
1047
3979
686
170
190
5294
7734
6359
5747
2551
3748
2288
8220
9218
3232
1945
8260
403
6310
6462
1016
1254
5126
119
9970
3963
3422
155
4829
6857
6236
5301
2266
7117
6634
7684
5583
410
9890
4413
1364
5814
3352
7365
440
8964
6803
3991
9958
3025
2289
5918
5939
464
4309
5444
826
7008
7365
970
5016
6138
2289
8076
3160
8333
305
3102
2351
9388
5521
1298
2694
9194
9687
4271
7710
7407
566
5396
6116
3097
7091
1345
7519
5460
6716
1869
1387
308
533
7447
7112
579
175
3984
3412
8889
3883
887
3029
2384
374
3831
105
5721
6066
957
2102
7444
7533
9318
6131
3210
6873
3018
758
7668
1172
7135
287
5828
4096
2013
2732
1400
8872
2900
1294
7070
3493
7921
1635
4394
2314
2125
1190
1087
6349
5670
547
6982
4424
5027
9688
1241
3490
3974
5670
4755
3871
8992
425
3980
1977
8421
2525
2023
588
6513
56
7369
4960
6494
7257
7560
9507
7616
2383
6948
845
6583
9547
8556
6092
422
6670
8495
6162
9200
1586
8468
5928
5653
5163
5174
5068
6523
382
4061
2107
324
8615
7103
6015
4278
4291
7449
8972
4871
129
1913
4277
7117
3543
2920
4638
4160
5118
987
1975
1592
7584
6215
4463
6339
8753
790
2179
2711
9697
7257
1821
803
8510
1968
5483
7309
5458
7625
1671
520
3552
3037
3503
1204
607
4149
2951
8434
281
5723
274
3394
4578
4511
7416
4379
9121
7364
9175
9962
6695
5463
1742
6654
6639
1825
2925
9925
6886
245
2024
3031
1135
8515
1098
82
5734
7947
4020
2620
9883
5672
4028
3385
9619
4904
7909
6170
1284
9625
5722
3347
6668
3037
2172
9519
6174
6509
6990
2513
8889
941
2083
583
8691
2052
1506
9851
2823
6288
148
359
581
9246
6833
9697
4211
4642
441
9194
4036
7762
9327
5109
903
4250
9093
9105
9939
3313
8795
6050
7344
9279
8694
9802
8258
7502
3820
5509
3542
4573
5657
6185
8291
744
5396
1333
9924
509
5643
2374
994
8397
255
3944
7641
2162
3190
7152
4553
3708
2381
3369
3067
1093
7276
7083
6344
7966
2128
8621
87
227
317
6959
345
6034
8019
2389
5426
1582
7204
4662
5422
4007
7569
1135
207
5903
7777
466
5017
9957
9892
2508
8004
8936
4640
2152
27
2859
6118
5368
6879
5208
3347
5989
7494
4063
9217
7256
4336
3197
388
7118
8366
9496
4175
9406
9297
9105
7599
3193
6347
8663
7500
2902
1970
3176
4537
968
1191
1038
2041
1652
9831
8954
3800
6722
761
1806
5304
3562
1059
1860
4844
9451
2121
129
9599
8648
3782
6564
2954
4328
6863
6388
4797
3286
2803
4585
775
1188
2592
6307
7447
4674
389
4033
5110
5356
2732
2924
3040
9415
5140
9598
1521
3180
5911
8691
9352
2024
2163
5051
509
8591
3650
3223
2689
8882
6914
1854
8605
316
6155
6304
4715
1226
1412
4423
2151
260
8481
8852
1286
3315
1598
3679
2651
5835
591
4991
2674
2406
968
7045
5623
8276
9775
903
8075
1920
1789
417
5842
2886
5903
8431
1055
8064
4801
4079
2051
4578
2630
5172
9104
974
5386
9023
4602
239
318
8515
4841
6780
891
2197
7758
7537
4116
701
9956
7142
3805
4299
8883
3383
4222
7339
7223
2875
4435
2207
4629
3898
2147
1385
5589
168
3596
4187
206
5148
9992
9732
5719
8127
9823
7168
8957
8373
9939
9535
9330
7200
9082
4601
5682
3086
6028
6915
1441
2481
3353
231
2827
3597
7484
2917
6636
1351
2041
9068
922
531
9952
8769
6866
3012
5250
5224
6025
7846
9880
1957
1776
8318
7872
4628
8926
1547
3972
3868
3106
176
7345
1609
2115
5371
9205
4658
9184
6508
3861
1323
7705
2410
7018
7586
8097
2597
3256
1900
1039
5855
1312
5855
2879
2388
7509
2038
2526
4880
8391
5345
4923
3359
2565
5279
8901
9527
5855
1450
2370
3421
169
3051
6291
1743
4632
7036
2995
5064
5226
2926
3711
6151
9057
4866
3202
9166
8368
8635
4843
5277
6932
8658
8651
2654
340
2907
6748
799
2620
8575
3187
634
9514
2849
7029
3414
7797
3254
1217
3684
6775
2798
8726
3639
1805
4920
7038
5452
4748
824
3645
3273
6784
2550
1627
659
6895
3631
2152
2634
9973
1236
4055
2984
2085
9053
556
4666
4919
7475
6123
9734
2181
9999
4547
4648
1787
1269
1358
6102
3183
3317
2777
9253
4915
4517
1851
1298
3204
8630
3477
473
7884
448
7555
39
9550
8177
7729
6006
9658
4447
7514
404
3003
6761
1570
7606
5573
2499
471
5528
1303
6847
4445
4346
6903
5752
2130
3196
4174
7963
8405
9220
7847
938
8381
7488
3356
4917
4368
7631
7516
2485
5058
802
9812
1439
8866
8990
9954
4147
5617
2642
8509
6247
6314
2965
1070
7557
4385
8651
2173
4542
4641
7222
4650
4070
1036
7171
8615
9917
8803
1303
8440
3694
4582
423
3259
8336
4890
8091
7119
5736
3800
8596
7816
6176
8360
8583
2184
8373
3546
4044
9689
297
455
6019
9795
562
592
5320
4372
8818
222
9783
6338
662
9185
1491
4641
5709
3630
570
7149
7319
495
8906
2979
2625
9495
9851
8296
8929
870
5954
1329
9756
1323
7287
7656
6597
7662
9431
8749
9066
2922
9374
8444
5125
1184
4186
9353
8972
5212
6775
1350
8542
6866
534
9741
5171
1451
9674
3225
7519
2191
5827
7820
3317
1920
1209
407
8374
8759
3564
4031
3128
527
2501
8795
7512
6924
9104
446
1425
6309
3427
4767
1289
4030
6267
6567
2402
7880
1850
2004
3713
6613
7202
7111
1475
2070
6887
8911
9632
6995
4411
2404
809
2853
3411
3137
778
1656
5039
3474
3902
3988
394
5126
7427
3950
6257
8462
5908
9992
7708
4411
6835
6236
2290
8454
9190
866
5345
3609
1307
849
6132
614
2342
2997
1491
6506
2126
4635
9531
5668
6123
4220
8237
9220
3395
208
4082
7925
7076
5780
3717
7751
4539
3297
2892
6448
6638
9388
9450
3595
1615
4979
2597
352
1076
4626
9278
7654
2410
4417
6671
2951
2029
155
7032
4971
6079
6738
2045
4147
3597
7631
9168
7727
8494
5341
1054
8824
8975
57
5435
7697
1788
3265
5880
4759
2866
1542
403
3887
9896
1637
6227
4958
9059
6558
1028
1217
7575
7766
5966
3722
4301
5664
6030
4935
8819
5323
1255
5473
6947
9945
8331
8482
6177
8554
6483
5739
2532
1380
1267
2066
2199
3713
2464
5083
9052
1461
9223
4877
3725
2442
6096
9578
3002
7372
9482
204
4965
1937
3720
3362
1729
958
9470
787
4096
6536
1753
4041
1387
8738
2380
6227
2325
2820
9823
4922
9357
9591
4261
1892
2634
2727
7625
3839
2943
354
3364
260
9977
7703
8815
8607
6380
6952
3404
5885
7452
9941
1048
2640
442
267
7661
6438
4412
5382
7464
5418
4902
7173
7552
7674
9175
3796
5118
7332
9373
3646
3554
9152
3011
9770
3036
52
463
7719
915
5772
7972
5059
27
7010
4790
7170
5199
8837
2665
38
1816
5713
7303
7600
2120
3842
50
8499
7185
5625
6027
6583
4586
2309
5575
3361
6007
7023
2557
1578
5885
5823
7506
1870
5010
7870
2938
8970
8833
9629
3722
4388
5159
6463
6209
385
3229
5689
6381
2599
9235
573
4648
9804
3456
4814
157
4686
3079
299
6036
7300
934
8109
3456
8767
339
1216
4373
9251
2271
9679
7591
2151
8493
1819
134
1332
1034
7387
7770
6314
106
203
9068
563
920
3907
3390
672
8205
127
1755
3279
2038
6740
9859
4227
2210
8495
