2291
1
2644
3975
6808
7994
212
9818
1991
2243
4372
6447
8645
2564
5278
833
3013
5499
6728
8456
7528
1414
7138
4075
7834
6146
347
3353
9002
2434
7722
5705
5719
8610
6611
4424
1797
8633
7622
4864
5389
8337
5129
6199
98
6362
4050
2555
8783
8645
3693
3821
8750
7976
1697
9711
5375
5622
9886
6694
7203
293
9330
5894
7622
767
2308
5369
8602
5360
2755
2125
413
7598
8754
8075
4037
6316
3651
1915
7831
7721
2512
6300
1119
971
7245
4369
5889
5902
3087
2716
4028
6584
4391
3830
4604
3980
6133
9099
1942
4647
1095
2813
6137
7974
4463
6771
5273
4662
6207
5609
5301
2058
9079
347
861
3169
106
3515
898
6358
8510
7341
5654
9254
9262
8815
3406
4443
8821
3744
4280
8373
810
8024
8345
24
7326
5912
2929
3026
2044
3661
1474
1287
6607
3498
2122
4355
257
211
6925
9025
5024
98
6792
137
8562
2007
1369
1196
4116
9392
4473
8921
7772
4717
1666
1921
9908
1492
5047
3387
2692
7125
3744
365
6507
977
2407
679
3151
924
3117
3647
3559
6372
2864
9908
2131
4150
6502
7432
8891
2440
7202
3859
1584
7531
2669
3457
2543
4775
7790
3638
8916
525
4310
1164
9325
375
7905
2828
7820
3835
4944
9325
9106
1371
4873
1995
512
4056
6444
2349
4397
885
5140
6714
3472
6810
1696
3097
8315
5265
9738
2630
8942
4014
2547
908
2388
5238
3050
1045
2906
5691
475
1708
1846
9594
7635
7796
9355
3638
6065
8194
7508
7957
2867
5847
9767
3835
1878
5428
2967
1172
7679
3342
1897
9965
3295
7945
2280
6083
8137
7876
6750
863
7166
8229
859
8742
7028
5799
3032
9941
8129
7371
8450
3945
2972
745
4303
6902
944
5424
7864
1546
5151
4994
4167
2778
7817
4932
8055
5826
1957
4131
7360
5000
5447
1731
8114
6232
2797
657
7261
6967
7462
7460
8277
2734
1849
7053
1185
2857
9602
8835
3061
9719
8116
8776
1868
4142
5963
636
8941
3393
2034
9621
6715
7977
627
8784
2041
7555
2313
4671
2698
5564
9078
2344
6310
5951
5321
5662
3337
4023
2656
7346
8500
748
2504
9731
850
3306
6463
3554
8761
9316
1926
1466
9890
1675
6079
6913
3649
4189
4091
4441
2428
7216
6766
8952
1732
7204
8414
4745
5621
4440
7637
6968
1234
9074
7351
9131
3776
8136
4114
6893
6262
6489
2347
7608
4166
4060
2734
2525
6518
1874
8618
498
4020
3574
5164
8307
6078
5785
1419
712
9232
5239
3846
9244
962
8286
6646
4075
3627
4081
8735
6073
5250
723
870
5899
5545
3527
2420
2770
8812
6931
1223
5727
4859
26
2202
1126
2172
8681
7488
173
1912
566
7047
9841
8778
6358
1931
2221
1916
9535
2222
7511
2475
3030
4913
4229
8550
4591
1775
710
678
521
6215
7029
9460
7993
7160
5347
6166
2239
4045
9482
3459
395
6106
6756
709
3120
8111
716
199
7307
6439
4109
4753
7225
479
7230
1517
5273
3111
1270
6344
2222
4694
2701
5516
4763
2663
8818
1443
4274
1766
5601
2687
9518
2014
8481
4715
9944
2428
1964
2387
5961
9688
1516
1864
5860
3853
8306
8483
9189
1518
2110
6222
9380
6498
8510
9948
7340
6376
9983
1408
6026
6266
8623
5640
7147
8329
4930
831
5036
1890
6786
5405
3948
2819
7541
3251
2311
1875
8597
1025
18
6405
8678
6627
7737
6728
8676
1194
2071
893
1217
244
5654
940
7054
9542
1630
3407
1256
3432
3404
9800
1864
1155
8825
394
1061
4781
9008
5779
7426
2726
4057
1547
5848
6395
4801
36
7689
7537
6055
7745
5169
8154
4004
5445
8793
9612
6836
1710
6996
9507
9320
9252
1841
1738
5179
6065
4888
1679
1497
9300
7905
744
6062
2653
6215
9853
236
1594
2054
3381
8095
3068
6219
8714
2570
1112
6766
1843
9777
6367
9055
3594
7758
6412
5209
9226
2175
2792
7505
4483
6410
5662
2064
28
1452
7827
8488
4163
2177
1413
4664
8354
3202
6583
4672
860
1285
5332
6155
7567
5905
3218
5450
7058
6843
8338
2199
2539
6521
4866
3395
6050
8704
8122
1411
1210
6478
9556
8071
8417
342
6244
882
4530
6241
1942
9897
663
6481
9809
8351
5780
4765
5467
2518
6404
5110
9603
9923
305
8860
1958
2129
6565
2204
895
4965
1816
7184
8907
7485
5615
9211
3971
6109
1363
2670
553
5977
6377
2734
5693
4438
1901
8372
803
3242
1968
2974
7164
8723
4858
3249
7744
6341
2182
6990
6419
8788
2137
9553
4413
1415
1759
8962
4932
2683
2695
3835
9420
2815
4088
2055
8888
2956
2215
6122
345
866
7246
7989
1822
15
8986
3958
477
4040
3243
3825
4192
7063
6826
294
4562
7921
4456
553
7780
6612
386
2479
9010
8610
5977
7576
8992
8640
8511
8801
9962
6436
8376
1
5735
6143
1611
1020
1796
2311
2145
6010
794
659
267
3635
2496
8712
4823
313
4290
2332
2596
8663
7002
4223
2438
6423
9442
2566
7801
6357
1319
4743
3383
8846
8955
9312
2400
8918
6145
5743
3991
9390
2880
692
5093
1993
5266
2600
573
2030
5675
938
2019
7931
1846
9171
7886
5582
803
9496
6653
5415
5090
1485
9701
5360
9398
7674
9169
2970
5228
8992
2513
307
7250
8191
8874
5040
4204
1014
7659
6059
8192
3433
3170
6982
4110
7454
6203
169
9880
9004
7862
3715
6853
898
269
2964
5620
9862
4898
7976
9634
5207
7560
4391
4048
8375
1773
4022
3162
3625
5386
9803
7454
6168
8158
6643
9128
1764
1960
9097
7617
4210
8854
4195
3984
3842
4714
4258
6782
6057
7295
2146
912
6966
3010
1354
7132
1183
1645
667
6707
7797
2303
7029
7550
9262
1322
4946
2666
7708
194
4223
6537
6644
1381
5534
9567
9001
2303
7449
4168
3793
6815
3212
4220
935
1085
6265
6203
4266
8653
6800
8427
5046
7956
3179
4768
9911
4240
1264
8901
8981
8831
9749
597
8048
8975
3982
5038
3058
4411
7437
4421
8485
470
1785
7599
3689
6988
3492
1561
8845
6942
1315
7085
9547
8646
3602
8907
4547
960
5241
3024
824
7236
3920
2189
6835
2959
398
8600
5642
5067
6964
9387
2583
4085
9096
9569
9343
4901
1713
5161
6216
8254
9349
8272
1384
5191
5913
8588
404
3441
2069
3030
721
7660
7807
5338
8265
8805
3191
984
1584
1299
9523
7962
2152
6701
4614
9541
7128
2940
1952
4667
5567
1174
8879
3360
210
912
2227
5328
2669
7172
439
7161
5734
8910
2912
6818
2404
4920
4612
5279
5823
2605
4398
6193
3488
6743
491
6305
768
5163
7420
9871
3513
3736
9195
1029
5408
6805
9805
8197
3595
847
4485
6787
9431
1547
2878
5613
4909
9678
5649
8881
5281
4544
672
6475
2909
1305
495
4871
4348
504
7857
3394
9695
1562
8655
1988
984
2908
9232
3183
6049
668
427
1081
6450
7470
8723
3212
4776
8125
4456
7047
7386
4206
9960
7804
6864
6966
7737
8468
1959
6710
8634
4402
4742
5327
9875
3024
6835
3717
2977
1233
5345
8098
4041
2367
4733
5721
5010
9683
9141
2189
2150
9476
5670
5532
8642
8901
5863
1193
5070
11
8805
3465
8241
9183
6117
9655
2812
7345
9713
8578
5709
3020
3463
1123
1854
1122
2255
6632
4905
1507
7759
7062
5006
8287
6731
7843
999
5386
810
235
1169
6921
5777
316
1859
5423
8446
8424
2246
5328
8477
8627
1481
8983
4811
2470
1717
6288
3310
1231
663
7136
7888
5137
6594
1704
1515
3634
8192
4577
1367
3442
7330
6366
5833
1309
2265
5938
3024
8691
7001
9943
1253
3305
1787
9495
819
7421
473
5261
8374
9405
3055
1411
730
6094
1875
5413
9328
4719
8081
9014
7676
8205
5143
9499
5347
5223
5977
3552
3452
6718
4407
2529
606
2363
8523
9905
4650
7381
7493
8114
7099
5778
4790
3496
8530
394
2023
4003
7823
8796
2331
5936
2125
728
6071
137
9586
5169
9986
101
9346
8407
6138
1114
8776
5519
7555
6057
3829
9545
4084
4902
3009
243
1818
681
9331
5569
5015
218
8590
251
7205
4822
3488
8754
156
2802
120
5019
7595
8134
2893
3637
1930
744
1871
9206
8392
7346
2700
8696
9624
9465
9167
7167
4059
8941
4794
205
7149
9180
5896
7331
9231
2599
988
3238
5535
4905
7645
321
4755
8218
8272
8190
2012
4960
1970
8125
6794
5758
858
2668
8051
7811
7692
9678
4828
6424
8182
3763
9870
3333
2448
3113
6116
8262
2837
9432
1137
4507
5987
3543
4933
1500
4389
2178
6344
2545
54
7835
6039
6938
2174
7276
3401
4999
9055
8896
750
6925
6595
3580
5515
6300
6095
7942
9963
7345
452
972
6920
5259
2653
5503
8401
4260
9487
7358
1755
6539
6481
5743
9479
9633
9243
6704
6428
6825
2321
5356
5412
9695
2841
1185
1387
1530
1245
7231
2269
4302
3927
2132
7024
1239
828
3999
6472
8273
6869
9442
6309
2368
2117
7165
2015
5077
5967
2053
7955
3774
4978
1322
7567
1520
6407
7189
8808
25
3529
4283
512
3953
6730
2553
3111
7536
6938
9971
1637
6800
575
1054
2796
1129
9293
9142
4492
8031
660
2075
5807
6316
5623
8003
9838
749
8220
7210
4123
1011
29
8063
7380
5065
3216
6149
1416
6156
7976
3942
5055
1254
1491
6735
5902
330
7157
133
4213
9232
7263
3337
5380
7175
1411
1423
7881
9526
2136
1079
9487
3006
7850
9611
6559
3345
9235
7193
2963
1349
9612
9583
2337
5714
6490
1378
8830
2176
6823
9926
6183
8472
9501
7803
4245
126
7352
3582
1089
5585
1243
1456
7170
5796
8022
1427
5476
5317
1276
1462
5493
4124
4021
2234
5007
563
8907
5776
4677
3780
5475
3508
7135
829
6382
6703
5473
9196
6510
9716
368
3373
5621
3091
176
6693
4408
199
6389
7569
992
934
4385
9996
3621
5934
5753
4070
356
9411
4079
9139
877
8234
5287
4411
3984
7429
6863
8349
8288
9597
5078
1937
4763
4894
3427
9736
2165
2946
6557
782
2285
4552
824
3686
4425
3489
3406
7481
9396
9262
1159
3495
7644
8970
7542
9723
9977
3637
1583
430
8618
7495
7945
5451
7970
6339
5663
7863
9778
6210
7634
2948
6069
7891
1957
8231
3338
6348
2905
3166
6383
7523
4781
772
4379
5440
3118
2669
1683
6636
7016
9150
8796
3932
2428
8692
8864
6714
289
4019
2021
5811
7040
1664
5263
338
1698
2006
7130
654
6062
4945
2898
4316
6192
3899
699
2481
1592
1858
8144
7355
6826
6182
1773
425
9497
7666
2241
8697
9296
2979
7458
3665
4886
5896
2241
2096
9012
1409
7682
3299
9167
3290
6179
4867
7262
6688
5886
5959
1666
1737
9434
5838
8535
7324
9881
4737
9825
244
6657
5290
1285
7914
4557
6539
9584
9586
7997
3559
2357
5160
1604
473
1025
9177
7808
828
3909
2747
2718
8311
7933
1568
6023
6186
5381
8411
1073
9625
6847
9677
3413
3973
882
1179
3512
7088
6078
3469
7993
9830
7218
7884
1187
7331
2771
2407
6191
7374
3556
6937
7877
4439
4136
1914
4283
6891
1834
5809
202
7342
3265
4060
4259
9959
8406
3023
2830
2356
2968
1787
8104
6052
7631
2793
9399
5409
3568
9634
6898
8559
6891
1004
3444
8251
2672
6766
2165
1458
2501
2533
1145
9868
2026
6551
1096
8014
9948
9455
5450
9356
3700
6366
9631
1698
5579
9509
2673
4297
5232
5361
9830
5639
3830
3336
2086
7007
1931
6735
2674
7115
9583
7458
1124
6498
1395
6840
7395
699
6208
4940
1481
3007
340
7668
8331
357
1143
1364
5657
2563
6140
8155
6079
4884
9797
8775
8942
7924
1417
5927
1162
9453
6787
4755
5455
143
2658
3543
6061
4744
7899
7649
4670
5682
4237
7015
3440
5696
802
6058
9198
1268
650
8891
3501
1042
2207
7838
7368
9159
7066
8570
7022
8883
582
2314
2217
2858
8997
5830
8545
8015
5574
4936
8961
3028
2013
8091
5387
1617
8899
413
3218
7632
9034
3767
1490
7534
9166
6354
9146
2986
639
8702
3136
1028
2811
9726
4264
6626
1815
9671
9433
8781
1823
9056
3492
187
1800
5508
3590
4207
7622
1533
7483
9374
5739
8271
2984
8550
126
2403
2005
4344
1545
4047
4204
549
8474
7007
173
4450
2854
9187
6171
3727
935
2965
2188
8676
1056
8214
2602
6804
2036
944
661
7113
4565
5994
6445
1709
8494
9664
2795
8373
4927
8075
8857
3936
5334
6122
2450
9361
5122
574
8836
3504
597
2846
1516
7924
7363
5629
6828
5320
7361
8806
6102
6292
945
4314
1286
8986
2118
3919
4789
5504
6412
2619
7990
3758
7179
7933
54
9278
1599
5905
4761
9624
7659
6803
2235
3298
5673
5834
7300
8415
9119
2518
4398
4482
4466
7926
6768
3272
7762
7543
7235
7041
3955
8547
3463
1880
9905
6419
4487
9417
2115
7246
6336
9339
3392
5855
5576
8158
1256
346
219
747
8946
4423
6970
8604
6056
4197
1520
3220
258
7224
1148
5657
1561
1813
4499
6450
163
6009
3208
349
1516
7184
2103
6143
9187
6491
6464
9759
5004
2498
6701
9009
6528
5567
2279
9740
1889
4181
2402
3400
2854
2362
6953
4172
2728
5164
6412
9892
5000
7559
9078
4225
4068
4218
6538
4349
4600
149
9549
2245
2979
5973
1652
9879
9748
8942
2290
3862
8069
9003
6730
7309
1476
364
9462
317
264
8641
3132
5503
1418
7275
7880
7625
4283
2721
6124
2764
9540
2757
3615
5025
3495
5358
9719
8936
7794
7343
2670
4865
897
7000
6748
6175
5143
3467
5687
6106
5532
6384
3730
8954
1663
45
3435
820
792
3471
6235
6858
164
7119
1362
8871
5204
5899
7683
7157
9301
1222
9462
8125
5139
8673
