4702
1
3943
9148
9649
6505
1995
5069
3371
5425
5468
366
8147
7684
4488
474
4284
9635
5939
1944
772
6183
5875
2181
8559
1328
3845
9461
1793
7879
1185
2174
3400
8163
7789
711
8483
6034
3557
615
1494
4635
8006
2526
914
2678
8655
7191
3888
1257
5265
1336
1461
6927
233
8164
7961
6673
7409
6904
259
37
7205
9370
8455
2726
9452
7960
4527
7710
5655
7279
8944
6771
8580
3552
229
6565
7068
9207
889
6256
5584
418
1973
9071
5367
1093
1581
4613
5210
8532
3444
2714
583
9480
8954
8273
232
2691
1665
460
6152
9567
4288
6803
817
5807
7637
7442
6430
3673
634
1750
8248
7988
1221
3845
928
7347
4151
5303
3053
5280
6866
2232
7990
2682
682
7895
1913
4709
1182
7483
1255
1445
7500
919
7178
3391
8281
2408
5694
1929
5733
5515
909
7413
5153
1621
3511
5846
3288
2448
5118
7959
6285
7672
5530
5791
9330
900
8341
2831
4081
541
8480
7995
3803
6390
1398
7279
8898
3437
6540
7552
612
8786
1027
1108
877
9717
5343
5389
5176
2660
593
85
7806
5466
7174
4998
3982
5925
2282
9064
5234
3923
3069
2006
3781
1764
527
2373
7207
3706
5513
8160
7789
6356
3034
2184
4085
2516
923
96
3804
1068
247
1770
7386
575
8316
4123
3832
7644
7750
3436
6655
8274
6106
3714
3701
9761
2670
310
8455
6150
4503
6162
9282
5895
7013
8739
4319
6828
2589
4484
4127
5759
3511
8794
6957
295
1461
3264
9468
4912
6799
7079
4816
6305
6037
7668
1893
1983
2508
2242
3252
9082
4089
8635
7201
2663
4609
76
6602
6545
1257
5553
7340
855
4679
6786
4501
3825
8313
8436
7226
9013
5197
7203
4690
3557
2756
385
8876
8902
2163
1845
2257
7037
2738
920
3905
9875
7526
6073
1425
1191
3214
3664
1231
6161
4446
4101
6942
8580
665
9678
4462
7682
5772
4965
4546
5400
4332
8106
252
8207
1587
8370
8469
5642
2449
5636
3753
8668
1312
7725
3257
445
8573
8517
5400
8603
168
9028
3767
5052
1613
701
4979
4662
5716
825
2947
6820
8303
1719
558
163
9369
9118
8557
6026
3966
8046
4610
6040
5156
9075
5601
8356
2152
3751
4003
1299
1567
9687
3834
1371
2551
6579
7218
484
3063
5402
8911
5474
3106
8416
5308
4608
8549
7720
7083
9067
2124
7132
9189
6787
1580
324
2836
9374
625
5360
2241
6662
9229
8310
902
5139
8270
881
4226
5991
602
8336
5634
5106
8942
9775
449
5192
6294
9085
2964
841
3313
2037
184
7321
2274
741
3426
9827
7456
7706
7757
6644
4034
4418
9047
1675
9727
3163
7552
642
2791
4851
8961
62
414
7940
2272
2337
6409
1835
9909
776
1297
1393
7480
2692
5447
8341
610
6012
673
2739
1970
5602
6855
5734
4006
1634
3157
2913
5048
7762
3563
959
9755
7256
5786
397
4900
8274
684
890
531
3736
6793
5649
5025
2374
1344
6267
8750
80
514
1800
2860
668
704
8231
3126
2860
913
9338
6093
985
9295
983
4876
6358
9415
4895
2022
3260
9771
7743
5831
4663
7442
1908
1450
5547
6091
1077
2032
1617
7607
6834
626
4836
4851
2601
1008
6937
1889
1907
8060
1881
3351
4442
3405
6246
9597
1933
7040
6469
2718
5582
1257
8005
2748
9105
4537
5991
7044
8306
1904
9286
789
2978
8706
3446
3480
2257
570
7012
4300
3240
651
2840
8042
5595
5291
1568
5419
4619
5283
9165
1559
9779
670
4694
2392
3834
8673
1278
8033
1417
3165
4849
5717
572
1111
6096
4187
2256
9732
8084
8147
3603
2100
6606
8207
7816
6317
5774
8903
1329
1919
8816
9643
7922
9889
966
1432
180
1984
3335
7994
9242
1418
6321
1527
3738
5736
6789
3790
5854
8149
468
1509
3415
313
1597
3538
2602
4980
3775
5564
1990
6018
8157
2975
8814
2550
6495
8386
8719
5924
2708
1552
6477
732
207
3832
5656
137
2906
9582
6586
8106
4302
5650
9757
3174
9058
92
3580
4709
5674
6748
116
2448
2197
632
1449
6431
7999
3930
506
2528
4574
867
5530
394
7402
4579
7860
1498
1065
1306
9709
8392
1906
7618
2049
2220
2057
6907
5479
5039
4100
5596
6661
8520
1637
891
8785
6172
3250
532
5356
9072
6604
7755
9962
3116
6696
7391
5668
7079
2276
8969
4521
6999
4838
3284
5170
8259
9060
2754
2758
1973
5846
5111
1512
9645
6447
7558
4432
5840
6294
1921
8570
526
3526
4699
7983
2312
8642
2593
5838
6370
381
9827
5383
1885
370
4029
303
610
2046
8417
3543
6858
7117
4333
6446
8562
2793
1320
5371
1900
3902
7805
7737
9069
7823
743
7532
5082
200
9247
8222
310
3242
5632
7533
7085
1490
6099
4878
3525
8116
4904
3299
9940
1773
7426
1782
4284
4437
5325
4010
492
4331
1190
8845
9309
3473
8991
7067
8434
917
7752
728
8959
3412
2873
9754
487
9113
1084
1523
8934
6205
7005
9544
3915
454
6652
7052
2911
5527
3787
7287
3213
4076
7848
8718
3630
4671
1660
2237
7610
4450
2547
1954
7672
4949
9718
4592
8702
5305
8931
8860
5681
3132
6484
1233
7853
524
5634
5181
9550
5616
2494
5055
766
2481
8453
827
5475
4057
2173
2853
8206
3932
3234
1838
2527
6600
8414
6195
7485
4861
2710
3273
1884
6059
8549
561
6158
7470
5975
2225
8469
3667
4195
2087
7352
6415
7092
6962
8855
5370
4657
837
7207
9906
1133
961
401
1914
8845
7870
6597
3019
4638
2350
1484
1476
6327
5875
9902
7024
7681
4669
1247
1179
9959
1204
6056
3700
3065
177
8097
7394
4600
2495
6741
1435
8345
1400
5838
9056
3141
4202
9127
6214
6927
7186
8908
7957
8797
4131
666
3236
3500
4537
1661
7221
3167
6884
6524
1756
3061
9867
426
3492
5858
285
5890
4559
1020
6877
9166
3259
4415
3378
7686
2920
8369
5796
2051
4382
1684
6299
2044
3999
3444
2947
5917
851
3682
5309
9876
8395
6499
7494
7023
746
9635
8114
7164
9402
5410
8983
8520
8339
8966
441
3468
5157
66
3955
6059
3830
173
518
879
6426
1218
5446
4389
1914
8502
2545
7373
1698
7095
3845
241
390
3991
8738
8325
1112
1656
9460
6755
5370
485
3177
3997
5553
6744
8165
2951
7239
1623
6492
1051
9229
1401
9411
9486
2020
1817
5625
376
1523
6105
1324
4203
4055
4018
1769
5516
3637
7706
640
7331
4252
8733
8844
8549
2716
1730
2927
733
2916
2019
371
458
1157
9594
5873
1311
1915
1870
7154
3335
8573
4097
6735
1890
29
3320
7901
3088
9309
1063
4291
5393
6332
6553
9025
6399
6359
1923
8440
3673
3278
7122
6126
476
935
9263
9164
6255
3273
568
1991
8147
5064
1977
4502
1380
8352
6831
1578
4607
1689
9906
8406
6815
1081
4285
584
4742
3102
651
6964
7423
4950
7020
1552
393
8191
4482
5377
7783
689
4859
3531
8707
6403
5937
627
9372
5815
1083
7724
6588
2249
6504
838
9999
4608
958
8206
3023
9428
7945
9873
3091
2342
2124
7959
2157
4925
1965
292
2952
1507
8722
3635
4027
6542
4012
4175
1455
8321
2738
1383
2893
4007
4936
171
821
4727
7789
5080
279
2711
4901
8767
5458
3782
6149
4288
6465
7962
9667
9004
8553
4324
9699
7819
3514
208
2111
3828
7229
6756
4092
1092
289
7422
7186
2211
7983
7480
3392
4994
5573
1350
7380
9042
3828
4435
6076
1845
6295
7717
7128
5983
2261
4560
5617
2776
110
3824
8899
6103
8658
3244
6115
3430
6604
4312
3756
1293
3141
9070
264
5112
3528
1303
8775
3344
8683
8462
9006
4429
9896
6150
1404
3908
3070
3255
6633
3582
4609
1054
6732
9433
7603
4200
5714
6458
6004
58
9888
4666
9635
8550
4432
4103
3483
3800
3382
2367
3304
1969
2188
843
109
5762
9019
7008
9697
2205
1265
5513
5399
8143
6892
8413
9349
2510
8823
2487
2913
900
9234
218
9782
6777
640
5547
5134
1653
3447
9114
758
4213
5861
9375
1005
2731
6023
6450
3993
8782
778
5736
6916
7438
5858
4267
1186
2391
2112
4881
5811
8385
1061
1257
1565
7692
5481
5527
6779
2998
4424
6073
6273
8037
7528
9432
1346
1121
18
2907
9467
913
4089
6338
5839
3235
5841
4569
6423
9549
860
8444
7218
1304
4112
8353
9832
1206
3201
2302
1675
6929
6666
7105
5550
2644
1403
4942
8627
7414
8553
477
2533
9164
4170
3178
7209
2586
2042
2207
5740
8353
9624
5996
3130
5250
9465
6154
1585
1971
8116
6734
2229
3505
8601
9058
6637
4750
1926
8987
4738
9668
8520
8524
8765
7682
5342
2174
9914
6572
6379
2792
543
2432
3923
6728
3646
2505
3675
5221
8082
6250
9190
4941
2451
987
2133
7549
2395
7962
7689
8565
3674
4212
183
6385
7163
9463
7380
9197
3327
8684
9312
2996
938
245
197
8659
9415
1137
7211
8206
2992
5409
9326
5396
6391
8004
7920
7852
572
4457
589
7116
7794
3894
9069
6628
290
5444
8568
210
5292
2914
3881
7290
6077
1184
588
7382
1735
237
9128
9104
4906
1729
4621
6398
5269
3069
1558
5773
5616
9907
6478
3495
6471
4597
3296
6826
2428
603
4458
382
9559
3682
6419
3394
7924
68
4856
6842
908
9355
6132
7091
6264
2574
9609
3285
9950
1771
7082
2616
4883
5154
4065
8324
830
8381
9254
565
659
5157
818
6362
7207
3602
2713
7482
8866
3128
474
2893
1466
3910
7496
8658
703
757
4897
4972
4368
8236
9436
7461
4371
8375
7985
927
2786
9047
3303
6250
5848
67
4740
7755
7694
33
865
3037
9528
7163
7208
4125
3104
5531
3533
6879
5874
7682
2179
633
7506
2150
6896
4388
5234
5788
2947
9906
2241
699
4419
1755
5464
9892
870
1048
4597
6786
1187
5999
9060
578
2526
615
9234
4402
7753
9656
6793
7585
1358
4035
5680
244
920
8882
4663
8564
5343
5187
2129
4863
6124
8051
6158
7510
137
3912
5399
2346
8302
218
7242
1144
3683
6136
786
168
8484
5590
1414
4805
9681
4508
3593
4638
5128
5372
6934
9217
2827
9759
5793
3860
2152
5891
6422
1743
8105
3026
3491
1603
4251
6111
5679
7377
2447
7533
8629
8078
8525
7610
6563
2828
3585
3777
1549
5910
6765
684
2334
9672
8252
7505
1493
3109
2951
8494
5466
9852
8730
148
3826
673
1846
9083
4897
6010
3377
7840
2479
4605
5190
1298
5432
2386
5991
3420
9515
9084
949
8169
4236
6156
7752
6249
1252
9639
8435
6088
8581
6593
1739
4137
7067
1468
321
5494
2755
2418
4046
9269
1867
5251
3690
8592
5297
1566
9702
1325
4933
8189
7917
4825
5794
9954
6372
1970
9684
7160
362
1867
8448
235
2973
4994
3997
5241
6681
845
8550
6286
5396
257
4570
8458
9034
3037
6004
1210
8485
5021
2339
960
9033
185
5141
1851
7505
686
7915
2901
650
3790
5172
363
2886
2278
9273
3184
2215
9267
5774
8358
2442
7555
6211
3679
2937
7141
9720
1304
3524
8070
1884
6784
8720
5993
9867
1346
9069
1095
5575
9780
5369
7938
6484
164
4974
6480
6149
6611
7686
702
6929
1135
3371
458
2781
7245
100
1365
3002
6075
7185
9390
7011
9317
7042
8089
2007
2447
5366
7793
8899
6831
7478
4969
7314
755
1684
4402
537
8773
6137
2753
5313
9208
1493
4520
3102
2346
6207
8292
8505
7259
1266
4757
7333
1463
748
9934
5277
7527
5313
3191
4686
5576
5901
583
4315
7121
7976
4314
7057
5844
2215
5933
3545
6068
123
8628
3454
2808
9642
6387
2234
9234
4271
4600
2273
8056
7795
3460
9148
5521
3206
3001
4489
82
2137
1807
7496
8884
9899
9541
3682
2282
3021
8753
4525
9275
1241
9449
1868
3650
4
1998
234
6929
6594
9081
8076
4425
7502
6715
6813
9614
5271
9607
5344
9343
5556
6450
5197
2707
6167
9060
8916
6826
7000
5642
7088
251
8303
5119
3797
7750
866
3602
4457
7817
6107
6104
6070
3170
3355
248
2721
4119
7475
2294
6388
7580
210
6757
2167
1428
6027
5474
6439
3301
8625
9896
9813
8067
4990
1361
4839
9039
6807
1452
6981
2532
4497
780
4787
556
1745
3760
540
3007
4474
6384
5409
3844
3672
8739
1963
8672
30
4379
8633
2223
4024
7215
3216
6269
9641
9545
6008
5787
2157
133
2193
188
6339
7896
7426
2996
6774
8504
9772
1970
4563
1231
2369
9133
3928
4483
5749
6354
5827
6949
9329
2766
7301
7875
6305
7532
8976
7250
4962
4790
1939
3103
567
2516
1379
9322
5109
3614
9191
3617
8932
499
51
9757
3093
4885
4757
1610
6742
7608
1013
7577
7728
3174
6913
2847
5820
946
2752
5807
8131
4580
2929
957
8691
4807
5628
9975
1982
7071
7099
8779
2363
1
5463
1720
7060
3730
1874
5518
6822
8218
9665
784
3023
2334
8785
3328
660
5293
6178
9919
6937
1201
3237
9191
4724
976
3691
4519
4996
1292
3585
8327
7500
2182
8073
2537
6721
9257
8815
7692
1586
227
6254
9959
8681
9241
1391
1377
9326
3864
5621
9867
7962
5602
4447
9358
2034
3018
5867
3558
4635
1148
4408
3214
7548
8665
9739
8643
1351
1809
4658
1838
9747
6756
3476
4504
4239
2190
5741
6184
9437
8177
5357
6637
9122
5449
4442
2054
5317
5667
3759
6068
9023
2983
2811
4906
2089
7425
858
4092
463
236
7279
6625
6973
1458
7919
7286
8169
4911
162
9602
7468
775
4939
7265
2877
8470
4787
7128
5845
5319
8026
9104
2693
6454
780
6327
8989
8528
7525
9542
709
3263
3107
6976
39
1538
4621
5055
5597
2866
60
6768
2517
9309
6682
2606
3581
2114
4284
5722
6651
1795
9957
4952
3811
2028
2468
8637
4024
363
5847
3783
6590
5925
6997
8035
339
1169
1617
8276
2134
8184
5292
8379
8591
3037
6754
5231
412
2820
3769
8976
9662
4552
1999
6044
5833
2101
9521
7524
6584
5940
7676
3521
3248
7575
3913
4436
2456
4649
1555
3520
1526
9901
273
8113
5257
8540
8126
1802
3726
9700
6542
4191
9629
9147
3012
2200
775
5234
1473
8077
5428
9108
5539
6990
7055
6514
5857
8450
8658
6106
8560
9386
3090
4149
196
3288
7485
5876
917
2189
2145
7223
1430
2329
5776
6611
6257
9764
9379
3668
7338
2480
222
3648
2088
6525
648
8575
4339
1310
9819
430
1683
7025
734
3365
9587
6434
7972
4364
4978
8163
6579
8822
6496
5809
3567
8268
2227
4483
756
3316
3822
4559
2513
2972
5212
1102
426
4764
549
5120
9510
5985
5581
5639
5852
3877
8256
7212
7872
7824
2434
8890
6746
9747
9555
128
5110
5792
27
8931
3173
8942
9157
1471
9720
6022
1988
6657
6955
3742
1231
5224
7117
5842
9551
9175
9321
409
5419
5299
5814
6127
1639
920
1340
4782
6661
4938
9999
7642
8381
4925
7735
1886
3864
724
183
7510
2476
6141
4991
4487
7487
6731
2824
826
675
4605
3624
1574
8075
2420
127
4965
6827
6009
6379
2954
8908
3260
7603
2413
9887
7232
2516
1962
8159
6509
1621
265
1202
3497
7046
906
198
1226
9102
7257
2095
2957
3441
2933
5296
980
8396
7404
7955
7829
285
4561
1915
5741
8469
3969
6209
8209
7953
5515
8404
6398
4379
9125
6984
3453
3548
313
5549
3380
698
1244
8721
626
3700
4545
796
7041
7399
3935
4373
7706
1513
1125
5324
4370
9074
6495
108
1347
4075
7024
4276
6671
2310
4057
1649
3587
8479
4490
9224
3244
3467
992
1426
4650
998
9976
752
3003
8469
5547
2760
1597
3900
1089
8894
1231
8662
3350
9519
6101
5376
1159
3257
1225
2591
6298
3582
8176
102
1316
4844
5029
6132
8742
7489
571
6357
7653
760
3048
1452
2596
9907
4191
3318
3836
7293
9695
3207
382
7511
9178
371
6517
7674
6740
4384
3226
397
4997
6022
2230
9891
628
4197
1228
3676
9171
1756
6174
635
6800
444
375
2361
5211
5366
5353
1082
4882
3471
1807
6723
7853
3228
313
2529
7870
7335
946
2813
4806
1006
8450
1464
1200
905
7900
2140
5091
7867
8397
800
4999
4076
938
6371
6576
3527
4738
684
2412
3451
9144
4634
6404
9135
8049
4867
873
6994
9857
2516
8696
619
7932
1882
3670
5317
9546
6174
1174
2701
3065
4359
8865
6315
741
6631
4879
1983
9868
5010
5205
6415
4422
9482
7695
9656
7897
1611
3459
5874
5195
3326
2896
1568
5394
7094
2020
7228
2738
46
5296
6325
1348
4635
3736
4132
641
4897
2604
7428
3094
2263
9317
700
9789
5022
5642
6813
7181
3612
761
2235
3029
2540
8109
5606
6423
3517
353
6200
3716
1266
1460
1098
9242
947
4332
7887
8878
2713
8001
5748
3404
8053
3283
5725
5276
2322
1289
7259
2550
8611
3054
5684
3087
7968
4250
319
9602
276
4265
4361
6913
9949
1110
3824
6998
5777
9760
1099
1352
6474
1270
2919
2863
4164
3634
7412
6676
2350
6845
1665
226
7347
567
1150
1659
2627
2802
5286
3045
3483
1466
4103
1493
3099
9433
8161
2069
6422
5610
2573
9084
6644
5738
6806
1470
975
8270
203
2626
2087
8948
9022
6318
8564
6128
727
940
1995
5973
8783
9664
2982
8675
6492
8495
2260
8402
1674
3723
3450
3717
5639
2664
2133
9184
1037
79
1442
9585
6808
492
8881
1663
4202
9348
544
581
8704
6932
6049
5604
9537
5918
5985
235
4727
8284
1367
4937
890
9273
9954
150
693
4373
5341
9335
3613
2585
9161
609
5301
3578
5564
881
8335
841
2863
7733
4257
7371
705
4146
7351
3496
1213
7705
7768
1924
9871
1625
7888
124
7930
4033
83
5585
5741
6415
6520
6362
5142
1845
7397
9180
9697
362
2562
846
9056
3647
354
7843
805
1027
5135
3187
4954
1375
3805
3271
3806
2969
8543
8147
7100
1474
9493
8007
4120
1942
7918
4508
9451
2758
5210
4063
6005
8646
1455
8063
4229
5137
6300
5176
7542
5791
9573
175
5690
8553
3658
8711
355
4130
9165
7136
158
5327
3305
6971
9316
7809
3499
2598
1699
3849
2164
621
2963
3556
6465
1055
3942
1396
4101
9898
8536
8563
253
1804
7397
8139
9460
7754
6454
4338
1511
6324
1860
6750
9038
9003
8583
5383
8608
2326
4338
3698
5934
5822
7106
1669
5578
9086
7184
9598
2912
2915
3987
1306
3596
1400
2690
1702
1082
5725
8693
2139
6880
2395
1446
149
794
1468
7320
335
1000
6377
5110
7337
2685
1254
6020
8840
221
1209
1843
48
9513
3565
7113
8066
2345
2413
2753
8931
6883
1900
3627
3863
2021
6196
5603
8573
537
9605
5590
8171
5405
7469
7389
5784
1054
6218
3096
5637
3142
3223
9146
4364
5157
9276
7778
4116
2455
1356
9339
7440
4664
8051
5376
5560
5379
9492
2872
6018
9516
1101
7691
8877
1410
3065
7561
5784
2776
4880
9675
4056
744
7166
4743
528
5693
3143
5869
9523
4525
8655
7217
1506
7568
9906
6650
6581
8405
9663
1848
4851
440
7618
9601
7377
3703
8710
8079
5245
698
2454
1945
4847
408
3545
9856
1581
7545
4959
530
613
1993
3436
2960
458
4696
6743
7967
5081
4073
7231
1396
9266
9536
3156
4504
8764
7193
4006
2965
6673
2283
7129
6639
3508
8681
3221
6510
9026
1213
6473
1359
7381
8079
1243
7913
2147
10
1372
507
6702
4836
1812
9929
6705
8995
5960
5973
8694
4377
8345
3096
9716
8222
7161
4385
8296
6144
9926
4305
5224
7554
4086
5077
5726
3164
2294
8047
3392
7215
7048
3302
3689
3676
5253
9036
2425
3276
4203
5586
4772
4729
8181
3698
9409
8570
2036
3724
3892
9671
4815
9979
4683
7068
9665
8477
3667
1015
5165
8901
7896
7690
1605
9203
3752
3587
6428
3184
8471
3466
3779
7987
303
6742
9765
8459
6903
2484
2812
6152
5916
9459
1845
7754
5581
5736
665
937
9363
4934
9447
2194
3721
4518
3384
4213
3052
9633
7110
8972
1474
1054
7226
4105
2062
9527
2659
4610
256
870
3823
4289
9230
8074
1453
4234
9197
9466
7287
9426
2642
6109
8305
4807
8050
2472
9121
8150
9934
8503
5228
9630
3569
9137
4871
8127
9456
5707
6698
7744
8315
8097
4753
5315
2377
4228
8972
8787
3937
9004
6757
7254
4966
6420
6058
2826
4109
2861
8584
1050
3338
3284
6051
5452
8539
9854
743
6524
7796
3812
3423
9718
4306
6013
8825
8929
9173
9984
8728
623
4707
9639
2224
4231
2912
5415
3174
9261
8317
9587
3247
7322
68
6686
2854
7134
2923
4344
1567
3499
2473
5287
9082
148
2
1141
9202
434
549
3298
6363
5517
3658
6080
4758
5689
3476
5064
4759
1303
9513
1910
9249
444
5410
7802
1263
3769
7572
6681
4414
3661
4229
7088
6421
4873
9798
3815
6233
8395
7116
2888
2153
4838
8292
3197
5004
6806
2547
7398
811
2171
9058
3154
8995
3834
5352
1566
7893
3600
814
9596
6587
5813
6696
6557
1905
8402
3941
306
7628
354
5877
1094
7954
3179
1045
8025
5616
3749
5869
7294
8913
5464
4845
6760
937
174
2828
8223
6723
9933
5346
2390
2320
9300
2609
5348
3169
4991
3099
9042
7826
956
1994
7730
5036
4164
7827
6473
6745
4627
7227
3367
7022
4665
608
3104
2570
8393
9919
7387
6748
6816
7100
5192
6077
4880
883
4769
9533
4045
8559
9528
5400
4345
5072
3783
1257
4114
8180
5195
1138
1781
3220
2675
6351
2063
7709
7334
7821
5527
7293
9605
5592
6310
2704
6460
8483
5716
5412
1109
4936
8620
934
3660
4379
3506
5344
5389
5989
270
7400
1050
6351
1024
2405
1135
7190
5742
432
9995
1747
7629
4143
1975
2557
8649
7737
4370
3799
418
3680
1914
4595
2485
9640
5895
6128
5464
1568
5344
8276
1590
8384
2289
5473
6041
6754
5803
7450
4224
5936
8756
1933
3789
5580
2085
2094
875
9614
5950
8323
7149
6822
5388
1108
2806
6984
884
9236
4699
462
7172
2997
8466
9385
6219
7808
9407
4988
8006
2334
2374
883
7949
9014
7346
3516
7512
5329
7342
1594
6513
8435
6772
5362
3270
1459
1423
4694
5505
9899
6331
8530
344
758
5443
7648
6871
7182
497
4411
1169
2789
2862
223
1322
6897
8408
1630
869
291
7076
1812
3547
6297
1902
9023
9265
6434
9736
9276
7490
9211
8837
3782
6306
5794
4406
8522
6857
7968
6627
9858
6554
473
8417
2235
8430
7513
6300
3590
5162
4620
7498
5162
9235
6375
6648
6566
7611
6716
1725
6882
3037
8100
4932
8156
2076
4642
4631
9009
5444
1555
2321
369
5731
6418
3721
20
5328
2636
1255
2759
6030
3646
1058
7437
4055
8302
4802
1631
9695
4952
9361
4906
2552
9691
6413
8712
4063
5972
9562
9596
3633
5726
4568
2896
3661
1095
4409
7647
180
5890
8129
2762
2942
3148
8568
8080
7017
7829
5310
5924
1074
7428
5095
7380
6600
3996
5084
5174
3450
1268
2798
6400
7036
8299
5441
102
370
8963
6922
4156
4117
6782
4951
6653
1739
2612
2421
1396
1164
2708
1042
286
6704
6565
1954
2705
7212
410
4984
1610
4635
1606
1215
8647
7249
7297
2470
9148
6853
5119
6325
5921
2185
6256
7744
1117
2679
9986
2440
1209
8993
3387
991
1361
8315
2986
6241
2359
435
6525
1067
5760
3953
1881
2037
8528
7082
8530
5471
6450
3356
5562
9241
2618
3128
8252
1539
4970
3898
8861
8905
70
4992
7413
490
1214
1401
266
9614
4551
3809
3195
97
2679
7173
1570
441
9020
956
6614
608
2976
6241
3871
3080
758
8003
7670
2059
2017
5427
8226
7437
4486
1636
471
3363
4656
6327
4947
6662
5940
6692
5482
620
1744
8405
4894
237
1661
6390
9815
9463
5429
8871
886
6766
2858
6690
4976
9117
8692
643
3362
5870
8629
350
3358
5065
8669
1410
5719
7915
8307
2614
5645
2751
675
8514
214
1565
4005
6195
7782
690
7027
2986
9668
4795
5384
8440
7641
8568
4010
1918
9757
101
662
6933
4045
2924
5114
674
8729
6332
9443
5747
2230
4559
409
8223
7359
8167
4750
9429
9382
189
5263
278
7201
519
8969
5111
7780
384
211
2296
1312
7137
7228
4448
619
2973
5758
8958
2571
6266
3736
8627
1773
6728
6365
5263
3999
6597
7280
2332
5210
9743
4977
2360
2606
9962
4848
7704
5062
523
332
2127
5332
6390
3557
1105
3225
4320
4429
7932
2829
5234
7711
5786
4442
7804
9082
3407
7666
3265
1057
3884
77
1237
9959
4631
9229
1014
3491
6650
7101
7730
3612
1980
4848
6537
8577
4597
5300
5468
1501
2039
7715
8727
7670
8365
2470
2260
2727
658
9775
5514
6548
9654
4334
335
3788
2445
4974
5263
4885
4398
8711
7630
3758
1725
1186
5588
1442
9746
7826
6331
4341
4363
599
6471
1639
4560
9430
1970
5824
7133
5322
8901
6304
1896
6648
9981
8858
3836
4082
6749
3436
5347
4389
8527
3386
3043
6466
9495
8178
3379
6991
4806
2601
8141
3892
3466
1097
9082
5830
3932
4450
1850
3167
2693
9619
7759
8014
3547
2314
9155
328
9669
873
5192
1647
7318
5261
9134
376
1066
264
9810
291
7168
8076
1602
4418
8380
6240
3234
1807
9991
556
3670
5377
4976
446
1459
3850
6964
8213
2923
1529
3289
1304
8840
2154
5658
5039
7657
4370
4874
9474
5342
6132
5637
2573
4185
5798
623
6175
2376
4146
1079
6961
593
3508
3227
7373
1572
9772
1284
1015
8111
1630
9460
4311
4773
3152
8999
112
7222
5406
3318
9477
4129
7244
5436
4290
1267
8836
948
9423
1443
8550
1934
3648
2400
4956
6605
1495
7983
8901
9210
1506
4740
8959
421
3829
5633
7229
8349
8022
9446
4213
716
3682
3949
5281
4252
4881
1791
1554
2287
608
3573
8215
5682
6735
1543
6807
2752
6409
9619
4767
8447
8807
2473
1664
879
5689
1498
4559
9292
8949
4536
4980
9111
7312
8638
7682
3914
9393
2786
404
2064
3086
1049
1131
8605
3248
3148
3873
3442
7736
8059
9845
5434
2336
7767
3927
3263
9052
3423
6411
2153
519
112
5622
8127
4180
8036
9925
6112
1997
5491
2285
5128
6591
2498
9821
5326
1833
7034
3986
9387
2566
4620
7720
5667
5811
2687
722
1708
5760
497
8078
8288
3134
2457
2815
8003
9010
4759
4552
427
8859
3386
5830
6595
7812
4613
1834
4472
8860
1225
9958
7527
7649
2597
1705
5158
18
3867
4278
6186
4508
5441
3295
9187
2962
3242
2601
2961
7820
9929
3932
7212
2223
2583
3116
3232
1982
2601
8355
375
8793
647
6039
7570
3508
3875
1254
9348
9600
6297
5934
9507
6542
7652
2390
7399
6085
455
9032
6149
9471
1855
9927
3414
7397
1260
9354
6486
2777
2736
5089
116
3545
2437
678
1637
8128
7426
5196
6651
8269
5649
9054
4261
8475
5749
5897
4887
5268
2366
2563
7326
6353
2033
7548
3287
6685
7693
7280
7047
5380
4430
6343
7244
1312
7872
2376
2302
2781
7881
3027
4456
3623
5421
582
8308
4423
2816
6967
1046
7417
79
4984
8837
5469
6692
9245
712
8059
2444
5976
3363
6602
8564
3475
7755
1584
8252
3961
4436
9257
104
8450
8950
8461
9311
5456
294
1483
1416
8368
3521
4126
5360
5790
5694
5473
3748
4098
5890
4168
3558
7141
4915
808
8877
8359
4316
7005
5742
8822
3877
2160
5529
3416
4159
6687
4720
5492
8793
9718
7923
5806
2445
9620
4434
1197
644
1879
6969
5631
3100
9994
5119
864
5621
7286
6012
1987
3679
3193
6920
8238
1095
5773
6233
2339
1183
3501
3559
4893
213
8934
3582
3641
5365
5671
3533
6115
5176
1490
5315
5802
1353
391
8902
3266
2157
5596
8472
6324
5418
9778
9394
7121
1820
6930
4952
3373
2291
6020
200
2913
8729
7178
5944
6239
6584
2711
7917
7504
613
8523
7138
2976
585
7444
62
8977
1862
9834
4734
6727
4457
7669
1967
8576
3736
9235
8606
6116
1443
2784
1393
6392
3500
6002
8417
7640
9755
6037
7051
8498
6099
3858
5101
3567
9256
6125
8137
6713
1747
3822
6659
5366
2750
7347
6576
1303
3046
1229
