6499
0
1188
1943
3100
7421
7808
4317
4322
6053
9515
1171
3917
9149
5337
9510
4197
440
5162
8030
9447
5986
6891
766
5654
1495
9391
8361
8672
7790
3223
7609
3905
1127
7875
6527
4146
2126
7467
983
3125
1394
1487
5111
2700
624
6392
9994
4200
2895
5748
5009
1703
7771
3203
8283
2123
4405
5824
1914
1386
5323
4528
4236
814
647
523
9361
8259
5960
6543
507
118
1208
8138
6116
4040
6130
6308
3994
523
2276
7339
1461
6320
5242
6525
8787
1958
6844
9361
5069
5436
336
5921
1970
647
3716
9354
6138
2069
4447
6044
617
8563
537
2299
8697
4015
4632
1824
7587
5967
3808
3265
1097
1319
6523
4385
1371
1381
9965
6236
6641
608
9833
6651
9031
1714
2476
3199
8115
1241
9675
9392
9477
8697
238
484
7130
50
8973
4674
2811
5977
4680
2088
9933
2973
1640
8122
7177
3481
9350
8099
8565
8305
4703
9189
1826
4394
9423
9879
2904
7099
33
5611
3921
3112
6824
9889
2862
5570
4889
1607
116
2224
6973
2740
3147
7207
7398
473
280
3634
3854
9474
3266
4026
353
7244
1232
8812
8644
6979
9051
7870
8874
529
8731
5538
8412
9257
7150
1024
6609
4394
5883
7211
1512
7332
5538
5895
745
8094
1051
9856
1425
2939
6688
6239
876
4373
8701
2083
4361
3736
4989
2512
796
1323
5307
7957
8327
9934
8071
6970
2180
3392
3334
4488
1144
4803
9237
2461
3935
162
9215
8880
6360
1179
8298
5334
4988
1676
5014
7847
6088
7438
284
3619
1396
6306
9009
9553
6776
5811
4769
7397
3806
396
3873
5469
6349
9747
7373
5775
7526
3757
5225
2369
2354
345
2760
2722
7464
7155
2038
886
4048
1372
3066
2084
4605
255
6812
5953
6691
6321
7717
8006
8070
4364
4538
7696
4565
5872
6883
1661
688
509
8328
377
5982
9264
870
2683
3765
1443
4954
2792
4166
5079
612
6140
4188
6084
1376
4083
3206
811
6869
6896
2118
9674
8835
9145
105
4225
5896
7393
3045
8363
4375
1585
276
1124
4536
8193
5222
2515
7078
2252
7928
8958
6220
6912
8953
3292
8075
5664
2750
8628
2648
238
9156
6827
5328
2675
1800
3148
9888
4545
4736
7284
2536
4532
1402
3476
6244
5573
7543
5565
9493
1704
8804
1931
9447
333
7642
9481
6557
6633
2978
446
1398
8854
3224
2152
7501
8807
9601
521
7482
9690
1197
5937
7356
5559
8596
338
8448
9168
4889
4569
1373
7427
1734
512
8406
9018
8856
2903
2689
213
5573
5986
7210
2418
7147
8489
1410
8278
7124
6419
7844
5837
484
6057
9004
8960
2185
2162
6528
9173
2678
5629
8629
6234
888
6117
1148
1925
8724
9794
8368
7377
2224
5699
8142
854
1792
862
6126
4348
352
9421
9545
7320
4874
5252
530
1339
6432
4217
8387
9643
3313
4156
3091
7487
9864
1789
3205
8153
359
8071
1482
521
8285
2308
4149
7831
3847
8865
940
3756
5652
7084
9824
4720
8561
9965
544
4883
3502
3414
5250
546
8613
4491
2747
3953
5941
8301
2569
4647
9034
3781
5199
229
340
3960
4727
8636
1103
6408
1477
1045
3695
3784
4390
1254
6251
2239
1876
5855
3524
3192
3379
2750
2179
2028
6400
6982
3745
1993
2531
3638
705
1653
9034
2876
1497
568
9981
8446
984
9009
4247
9542
4596
1335
3075
8071
7591
8159
98
7311
683
9347
232
5707
2519
1082
2146
752
9550
5763
9025
709
6001
2771
8807
344
328
3318
1099
6719
2003
6745
8280
7755
8766
5462
6832
4758
6260
9790
9309
8065
448
239
566
1773
6894
2535
9925
5243
2567
9650
438
7624
8600
2808
3892
1343
3750
7954
7216
1820
6111
5864
5993
9862
3776
8237
1054
8326
1595
3649
3124
5127
8475
3266
6090
3895
9513
8167
1881
8953
7713
814
6850
2102
9906
9406
4432
9168
3415
447
8035
5129
1993
7737
7154
1049
6600
7993
7431
4170
1681
1223
915
377
1922
9125
5465
6492
8361
7213
5761
4312
5685
5456
2529
5794
3709
8355
769
4012
7948
4231
9902
3842
9280
3144
5428
3414
4459
5574
3877
2662
6393
8708
6422
6410
3157
3674
7888
4132
4268
1005
4812
475
2165
9830
4844
8882
827
8569
1735
4360
4586
5124
8311
2157
7921
6641
1353
4833
5796
5038
6539
3069
3117
8776
9233
2011
8273
9681
7454
7495
7505
931
336
2885
6873
4901
4027
8239
1472
6282
596
6549
7824
660
7811
2932
4356
116
280
3978
3896
7176
8332
1174
4089
8994
4233
229
1387
7384
6686
8999
3172
8377
2473
337
2782
4909
7674
4604
9593
488
7845
2454
5111
298
2688
7478
7383
3405
548
1132
6653
2030
8883
2808
8263
5751
2729
7684
4408
6325
4051
8388
254
6387
4513
4318
9120
174
4129
3793
6272
921
4431
4343
8335
7480
1358
5370
3263
5630
1888
9678
2581
2659
9845
9770
4821
3285
7873
2148
5734
365
6022
602
1446
2313
2572
7666
7885
7882
1428
2918
4696
8642
8370
6569
4239
2850
7638
285
4038
6621
7129
9040
6332
51
1365
5308
1737
4246
5018
2966
2232
1863
6623
9319
294
2400
1466
9125
7969
2185
3527
711
104
5400
5900
5111
5003
7220
4977
7500
2981
9216
4998
9548
3491
2323
7908
4970
5415
1582
4293
1258
7968
6424
4342
7583
5059
7541
9260
7366
8615
9973
2425
9487
5734
7210
8586
3737
5202
8223
6542
7256
3280
8212
9326
5040
4978
8943
8300
4211
3854
8260
1724
9969
7356
6124
1097
1252
7377
5285
8040
8028
224
8104
1046
4331
3052
7671
1126
4355
8307
9730
3732
1093
8105
5145
7790
8585
7232
7400
9794
9828
4715
1804
5154
5909
9461
5629
883
1988
1562
1847
7860
4664
9793
2933
6336
7043
8216
2703
1724
2462
5228
5253
6382
5611
3309
9596
1401
6766
553
9262
9260
8831
5386
8173
9376
8624
3731
711
7266
4960
5773
3533
8346
2582
7996
5879
1940
6354
1273
7231
5102
782
1334
8615
2152
7669
2647
2812
7521
7972
4348
4384
8391
6748
3955
6339
8404
8495
5774
857
4779
5378
9986
1019
6281
3629
3196
3410
4044
9003
3744
8093
5435
1707
1656
1640
394
5828
6478
6973
3564
3161
8214
4555
3988
102
4070
1158
5450
6980
4274
9372
4892
4762
2
1764
2651
1732
3028
6043
8698
2284
3778
5447
4353
4216
3910
8317
5012
3399
9579
83
1838
3133
7523
8887
6159
9239
1858
5378
4840
8911
290
1244
7438
2962
1346
2663
995
4680
9298
4718
5113
9712
9814
8239
4826
8622
7858
600
5805
3434
4946
581
9220
4185
6553
6209
1327
7861
6577
7826
3443
2004
4544
5596
2682
2518
9653
6973
778
2884
2109
8395
4178
5686
3145
3856
4011
1415
320
8580
4635
2076
398
5061
7512
77
8197
7785
162
8157
5318
6079
1677
9296
4724
5526
5365
1027
9052
803
6754
5056
3116
353
3279
6333
6558
2439
368
6769
3246
4023
5224
996
6242
364
5424
208
281
1844
7964
8083
2860
2770
1095
8245
5085
5175
9166
3914
4406
4265
9467
4351
8420
6243
2201
4655
4379
5266
261
2081
5227
8975
8794
7093
515
4210
536
4780
4952
6804
5988
2815
6098
3888
1228
9916
4778
4069
6432
2827
2516
1006
8744
2104
8190
7314
3388
2180
9536
4801
9458
3089
8614
9139
7503
6758
5360
6530
2663
9008
2473
7715
2259
8736
4032
614
8170
8686
6897
7979
1935
6504
166
3305
1154
8467
9608
6647
7400
2051
9857
6926
8142
8201
4334
1421
1184
3426
5061
7416
1173
3225
6318
3972
1551
4166
9482
628
7376
4696
9168
4652
7576
9299
270
2122
6011
2184
9444
6498
1148
2399
6565
4100
3550
5672
3742
2602
1475
2293
7293
4036
1547
2376
2496
861
6068
9889
3575
3286
9885
2866
8648
2664
4958
339
5703
1809
2485
5174
5787
1032
9987
51
4730
3985
8945
1934
7323
3111
9335
5273
1383
1003
5074
6916
4935
5981
9943
5100
7852
7190
335
8254
230
4561
6723
2904
3212
4367
8611
5672
6261
178
4263
3368
7740
4281
6141
7891
5565
92
5239
1871
8731
5167
54
7327
4648
5836
4518
3559
8860
8054
1993
6618
5435
1889
1230
5733
6661
9428
5273
8533
2074
6745
6593
6764
5922
809
4892
3364
1632
9166
881
6286
2634
3635
7555
1217
1023
494
8559
913
1658
5561
9922
9331
3462
8476
3887
2853
3476
6002
7760
5845
675
6729
4701
3459
4927
5913
9643
3966
1443
7556
2413
8420
1291
1438
716
5707
2994
1117
3880
4162
1470
3914
6727
7599
7583
8181
9413
2323
9606
6229
7909
104
5788
7955
917
1149
5812
9983
6261
3599
9276
7711
7664
9616
1585
1014
9327
7061
1542
2996
6877
5854
2319
8967
569
2028
8380
755
7871
3064
8464
4024
1965
3720
5982
9907
893
1680
5424
2166
1235
1158
3823
1745
5396
5516
136
2332
9502
123
689
7234
7962
9947
8827
6956
2168
5208
7654
1638
5188
4501
7111
8293
5017
7634
5854
854
3208
280
8538
9858
6633
1930
8029
1248
1582
4739
4475
4281
3159
8912
3536
7645
3464
9095
7646
8303
3729
6269
5484
797
5298
5709
988
9092
5728
5705
2143
7639
8424
9913
7283
2277
2519
4238
8808
6566
5855
2386
2816
9696
8030
8100
455
8234
818
7645
8804
8854
8568
6758
9958
7229
7246
9889
6013
348
6818
7067
3521
6505
2794
469
2448
1657
9151
1699
910
4157
4583
2420
6357
3004
9119
6371
7669
711
5661
1517
246
6847
8097
5584
5709
3201
5409
3399
4192
2424
729
6662
7237
3138
6992
4270
8852
6416
2726
4920
3745
9405
9000
7506
1039
3281
686
2675
4562
7968
4166
1532
9498
3957
695
3107
7919
5557
9819
1255
1333
2537
6214
3845
2442
4725
355
9812
6823
1100
7381
3147
4536
6423
2809
3271
2090
3931
7965
4314
4834
3073
6897
5284
138
2304
7777
1208
9461
135
882
7723
1106
7649
4971
6219
840
693
2635
7345
666
52
5170
167
5462
2323
2609
4483
7253
698
2947
414
613
2328
1443
5510
320
4022
1052
7571
2885
3200
4749
5678
117
4655
8650
741
7092
4829
957
1844
5056
1735
5383
3938
7239
8146
8930
6110
4521
1014
924
3777
168
7615
4977
119
7624
3925
1719
1902
4498
5769
4052
738
233
8816
1737
6698
3119
4759
3708
81
2530
4638
6734
910
952
5915
7492
4062
2483
9499
4858
8554
9002
2579
2103
1493
7080
9271
5550
5637
7544
660
5754
7382
9064
1500
7054
6169
7277
767
6322
764
8288
1372
6505
7200
1584
1597
0
9669
8282
7941
7724
6582
5627
9274
5196
6239
6279
7488
4549
5265
489
6120
839
9204
7712
426
4819
3651
6930
3429
4946
3050
3842
3307
5709
2889
9006
7811
5851
4398
5466
3727
8971
8015
7282
5379
2830
3901
6388
634
5998
412
244
9692
6927
857
9847
1978
5273
6014
7071
3426
4193
3858
4912
3172
1565
9731
3037
3726
9514
8348
6009
2691
4552
763
6242
8497
6729
4329
3644
1225
4948
9545
8648
159
5344
6680
5142
6140
5692
4065
5099
8588
9158
4319
5014
2290
6091
5475
8701
1209
1783
9108
9034
7480
9032
8956
725
7085
7379
439
8516
6876
4831
1910
8966
813
1887
8573
3563
8051
6278
4301
5155
81
6488
9814
7847
9566
5685
5477
8124
3610
2673
7273
7129
4271
634
5146
285
4285
1657
5072
3586
2115
5844
8072
4445
1500
309
9183
5497
715
3241
7858
4108
296
3205
5948
6570
3536
1891
7898
7389
1056
1124
7211
5524
420
8999
2651
3456
5162
6693
7477
6115
6665
4308
6610
6089
2253
3409
6649
9087
238
2378
5797
1145
1761
8924
5304
449
6449
3353
3537
3763
3399
5245
9253
9880
333
3617
1752
2477
3554
8165
9988
9908
8376
1508
5570
2283
6616
3399
7298
2961
3475
822
9897
4096
9483
5997
1767
5922
1553
3898
6562
6082
2777
7757
9517
9420
53
3807
1905
2218
6835
7457
8459
9437
8629
3787
7327
7709
6892
2658
5518
9137
338
2735
227
6774
7724
3213
7601
9994
6886
6792
1263
6603
2273
1029
5563
1365
8827
6890
1389
3624
221
7232
7773
763
9901
5555
383
6913
7322
8800
791
30
8531
1905
5385
8123
103
3137
3719
3623
1367
8631
6201
6539
5541
6261
8070
770
5443
1861
6004
2485
3921
2077
8954
338
408
1157
5599
4783
9823
1997
5849
1172
9895
8115
4600
3024
4080
7333
6370
7883
889
4050
7267
3919
6569
299
7083
683
2092
9823
4505
4033
374
9750
5345
7356
749
4202
1448
4085
4314
8689
8266
3666
2433
4902
2429
5630
2657
1004
5963
7006
4612
9162
7201
9746
3226
3498
7222
3351
4735
4228
4538
4558
9692
9945
9408
5620
7119
7707
9440
1009
1143
6206
2856
605
2549
4394
9063
4168
7152
8560
9628
1165
5846
5525
1052
4184
1754
341
1876
6781
804
9220
2182
6660
5248
9036
1589
9347
1994
5488
8135
3185
8335
3173
8931
4962
2537
8972
507
2288
4532
2524
9157
6995
4720
2544
4298
4616
2744
9490
2497
5870
347
3007
9700
785
8203
5312
7221
8124
3072
5189
7031
3539
7208
4885
1968
6493
852
3613
5581
9123
5791
9290
6737
2562
6308
4483
9674
1648
4190
7203
7108
4920
7481
3857
348
4723
8906
5277
1254
5143
9551
1095
9163
445
7073
1752
7783
9315
4175
4191
845
4077
8219
4148
8055
325
3529
8519
4081
4415
3747
8683
9951
7939
1552
1457
8621
6558
7422
2521
7790
1852
8460
9089
2274
7446
3296
1188
6276
5749
347
2724
2212
1554
3314
8123
1425
5773
1795
101
4888
709
9795
6490
9419
4174
8205
5020
1659
4691
5412
6823
9244
6378
9811
4316
3872
6933
1462
5585
2665
7408
1789
3101
7166
7609
4801
1828
7747
694
7515
538
4762
1378
9470
3455
3821
3639
7096
4724
1016
604
1922
5425
6822
1004
6492
6600
2586
3106
8601
6566
5098
8078
8882
922
7655
3222
840
5838
9038
258
3069
9192
5769
8796
6527
8835
7827
7570
6462
720
8611
5459
7073
3687
3205
4948
4755
4778
7193
7988
3278
1431
1109
2733
2924
2679
7268
6980
9837
6446
3522
6614
2405
6840
781
2778
5405
6620
7618
9444
3806
8456
4165
1085
6933
2359
4163
1098
7681
5339
1889
6171
6982
9552
1237
6655
2133
5435
4441
5383
8563
5393
2557
7957
8724
1438
6788
749
1919
7578
3281
8067
9008
7226
8964
3768
1517
873
123
9183
6491
2940
6947
9463
8517
8842
1918
2415
5560
2924
9709
9690
9706
4465
8943
7039
7126
5864
499
1859
4318
8018
8264
592
4950
5335
2493
9145
4218
5466
4425
3993
120
4993
8072
8896
9018
6234
2288
1335
2044
8205
1007
7381
6420
4388
4950
4369
2555
2819
6568
8626
1007
1003
5221
9130
5543
5043
9932
4568
6446
6134
1693
6070
6710
9240
1721
4254
8883
2851
1106
4837
2359
1932
7817
5857
1289
8462
702
6875
6256
3858
509
1691
3045
6057
2749
2589
97
4257
3686
4241
5111
3440
7884
566
2269
6919
1013
39
9516
8767
2456
6668
1756
2279
587
3787
2119
9920
2357
4325
4429
9419
1613
5395
2429
7597
5559
8972
5982
3924
5109
405
3087
5102
3033
7825
5783
9114
5021
9234
2989
3565
3339
7939
6106
169
8319
1872
544
6599
633
8769
7870
9374
6616
1053
8388
8343
2844
9360
590
1287
8775
3040
1442
6152
9266
9584
1358
240
6953
739
8622
4852
4853
5606
5953
1259
9170
3181
9238
4530
3231
9959
9884
6614
7715
7962
4485
3403
9666
5070
9681
1369
2484
7812
3268
7623
4458
6223
5395
2549
3057
7119
8688
6594
8009
2721
1992
4095
2931
2284
1130
299
2789
2290
8914
8629
3841
101
2422
1637
704
1155
1535
3633
7238
5978
4954
2272
8645
6070
8158
3131
3862
5037
5183
510
6362
731
9243
6086
5229
6540
9861
2168
8811
3777
8966
7985
8214
4166
7087
4767
4887
2894
7911
6630
3318
939
2492
7821
4165
5006
5273
1800
6407
9368
6790
4631
675
6211
3946
713
7161
7552
9944
7152
3501
8101
2479
8080
7794
1170
9141
936
8167
6285
5721
5139
9122
2916
8257
6229
9565
576
2631
3504
5602
2388
6481
3169
692
1666
366
3401
7441
1034
4262
4509
7520
9676
2231
756
9165
3742
465
1803
1898
6158
1082
5633
8994
105
7185
830
2817
8072
2094
7482
9719
4166
4028
9257
8643
9825
6228
2890
2593
4214
662
823
6754
9373
2914
3369
8982
199
9062
5046
8142
4367
1129
6204
3749
9558
4579
2659
4905
2776
3983
5795
3539
4594
5366
6686
8338
2552
5742
555
9252
8265
4291
6187
1290
2081
7389
1751
4223
601
6361
9507
4326
8070
1215
1977
1643
9494
9094
9952
8765
7332
1301
5295
619
5970
2060
3175
4762
5150
9835
9631
6919
4332
4389
1156
1340
1838
9960
8840
4853
9485
8182
8389
2295
8625
9692
1866
7949
3561
4196
5097
6724
416
2114
4415
8638
3501
9317
9533
36
3757
1240
4460
8869
8078
7540
1359
1782
8325
4953
5113
5876
9414
2223
4699
7092
6565
5459
9944
6031
8928
8406
9411
5163
6704
6462
5691
5783
287
9168
944
778
3983
6087
2255
9468
8738
6891
440
9740
4190
478
697
5451
1167
8854
4883
7286
3529
5789
3861
8878
7231
2856
2672
2268
6189
3572
9999
6799
2967
5452
1175
7055
1732
7717
3122
5793
981
6569
6420
7855
9828
5704
1470
7204
4417
892
8388
8613
5970
9125
7933
2349
8365
3417
8352
4835
8515
5476
5867
6961
3016
5304
9687
3213
8729
4173
9162
3484
1960
9789
966
9268
80
7779
8856
4288
4528
8287
8683
3212
7773
6805
3642
2622
389
7759
7621
9585
5104
3306
1099
2324
108
6343
4715
4237
7285
9177
399
2692
1895
5183
5731
8724
4471
1615
997
5353
960
7925
7058
9314
2394
7147
185
9432
2522
5768
238
5449
7091
2078
4486
5493
2481
675
7069
2802
531
8098
1234
6679
4762
7984
8361
8751
9382
8394
7088
3767
8066
2577
7121
1833
9788
6837
9571
9501
3082
9706
6906
1258
7247
7773
4196
1933
9304
8829
1214
1118
9526
8870
8028
2048
3714
9972
296
6540
3348
2020
6866
2063
2410
6765
4197
4028
4930
7043
5479
6734
5362
729
8274
2781
5978
637
1830
2878
3206
5480
8226
8892
5135
6549
3297
6611
6498
1113
7967
3211
9682
7932
6750
1535
3095
5564
5109
6862
2189
2740
2786
4029
7768
5678
1240
3684
9727
2431
7918
1932
9845
5038
6481
7200
8396
5042
2502
3766
3540
8734
7359
1338
5092
8764
8577
3188
8718
1357
9528
9559
2379
9664
9678
1113
3363
6884
3472
7044
4201
2692
7537
9101
4471
6445
9982
1574
7303
4682
5865
9863
5160
3558
5845
4971
4712
9944
5946
6675
3700
1005
8517
3668
864
2305
7726
1695
6132
542
5819
4900
4173
4170
1560
3300
2785
8501
640
1216
7466
3423
3908
1384
3111
6223
1984
9065
2496
6694
5336
4571
9361
9449
1104
1198
1064
2598
9178
7791
2041
4722
4404
2603
401
7938
856
3334
357
4619
3760
323
9441
51
5830
7109
6677
9878
3915
1937
1849
5855
3186
6142
4969
3009
1011
9565
4297
2097
1793
6221
2833
6365
6873
914
4777
7597
3448
2178
2177
9220
97
8008
4637
3176
6433
3422
4881
3820
6232
9249
3564
3343
8500
9209
4134
8314
114
9857
3816
842
2654
9233
3194
3683
4602
6457
8525
6150
8402
908
8528
3509
7988
5388
1778
7307
1333
4012
7090
39
2422
4385
7640
1676
9065
8052
9881
3312
8911
7197
7680
3264
2194
6023
7809
6369
1092
2777
4314
3293
5795
2937
9119
5527
2900
9117
1592
7725
3288
9734
5489
8005
4293
5615
3993
2333
8323
9689
7008
1451
2786
8132
6698
4718
6560
9373
695
3440
6981
6829
4608
9894
7413
7564
8597
141
2136
7771
1685
6229
678
3179
5006
4611
139
4415
4645
3339
3683
3733
8859
2444
8369
2297
3622
2839
1499
6364
3956
1789
5913
5388
9221
2082
3792
4395
3849
2215
242
8801
2218
6772
9718
3529
8272
8021
8098
591
9973
2573
9490
4390
5759
9822
4142
3083
8848
798
716
148
9153
2665
9525
3430
8257
4756
7826
1747
7558
5315
2545
6398
7442
9787
857
7840
3320
4267
9392
1615
6823
9673
6027
8692
9511
5546
5265
4040
5619
1370
9946
1924
687
7458
8972
2802
8820
3118
7382
4060
8129
7063
2046
3846
1687
4358
6955
8440
9376
9999
7798
9284
5717
9750
8374
1238
7220
8357
3700
8777
8686
817
3787
8207
7855
4553
7106
1976
886
3067
6650
2368
308
4097
2959
963
5695
1220
8809
1754
192
92
5425
6610
8555
8727
1836
4776
7886
8789
2308
8614
773
5524
6948
5008
2952
6730
2813
5490
394
2078
9109
2869
9158
9814
281
2335
6469
4160
2649
6844
6514
7254
5878
9955
5507
7607
2990
2993
4277
7817
7892
6834
5006
7277
2824
1853
5253
9949
8518
1688
9020
9818
6525
4868
905
1631
8655
982
2871
879
8632
3606
6910
8337
5602
3085
1947
4863
3690
3229
5478
615
7206
2762
9703
1820
5000
575
6379
7232
3736
6515
6064
589
1250
6544
2110
347
1176
8284
7859
8901
6032
2849
9525
4512
170
5900
3598
30
343
3386
1867
9802
7424
5535
7571
2682
4748
2351
4455
256
1040
1124
5075
4559
1270
6473
334
1752
1918
410
7697
2945
6367
709
8452
4690
3199
2231
382
5797
4964
1612
9187
289
918
5301
1238
8608
8899
6199
1306
6084
5520
2648
6310
2712
1835
7215
618
4717
4401
4527
283
766
3712
8761
2683
4050
466
4407
7172
7241
9562
3352
5734
2673
7158
296
9490
4478
430
2694
8413
2479
6687
9370
8991
7385
200
5232
3252
4546
8136
357
2464
2469
2922
9832
8417
5073
7160
3158
7377
2112
6514
9817
4893
1273
5610
5992
9796
1091
8629
8354
140
407
1420
7145
3144
1130
9931
3953
4780
9059
3774
4590
3837
6338
1388
445
7559
5154
9740
3867
4692
147
7672
6295
239
9835
2844
1475
7849
776
5439
5086
9277
3728
1916
9598
5224
9884
1072
3863
9516
9122
9062
2461
8201
576
9074
8914
1045
9074
1994
4007
5884
9533
848
2970
7930
4821
8035
8277
8862
2122
769
6104
246
7110
6152
5590
5195
8449
5813
2622
6789
3272
1113
7791
8787
4875
2591
2470
8979
1053
3429
5596
8537
5476
2794
9069
8765
7000
8909
2881
2533
4340
6644
5729
8639
1443
1860
6056
9371
9286
2221
6686
2190
7279
3560
3651
8815
7454
7327
8674
7698
9323
6059
5180
1824
9232
6610
1941
3297
9370
8804
3648
5869
5139
2069
1310
4699
9043
6569
4283
8969
9345
1711
6269
1087
1100
5145
535
774
8950
3249
7016
9225
3745
2735
5678
7597
4215
3720
8316
4142
8652
7169
7806
8679
444
288
8876
4968
1660
5294
3211
6059
3235
8486
6110
1810
4052
9083
3765
9876
7977
5258
4398
3186
5375
2137
8258
8542
1487
9902
1852
4068
3295
2937
13
6343
7642
759
2233
2603
8254
4123
6313
8827
3108
9775
6592
7027
3083
7851
2955
4878
1617
3454
575
2994
7638
1675
9626
4305
7399
9464
6450
7735
6570
2036
6930
4459
9961
7664
3020
9567
3576
6053
233
2324
1742
295
4396
6243
3546
2457
7067
8680
1947
6676
9370
318
2751
3491
270
1813
2878
5011
1908
3332
5804
5310
9257
8944
8384
9232
220
6836
3161
2411
3582
6975
9594
7065
6965
8721
8604
9553
9598
2361
4554
1512
6932
2339
5569
6471
7002
2670
1920
4
4111
7105
8327
6004
7291
7598
1171
7196
2103
7531
1856
3318
837
709
4183
5304
4354
8023
5695
879
6102
9061
2732
4844
9537
4080
5585
3087
5713
9173
714
2318
7297
3584
4380
4374
7797
828
2383
1835
3161
8418
572
3261
2701
7142
8072
4992
5517
7708
704
7193
2456
7541
9242
9440
4170
4211
5066
5210
341
5619
4792
3678
4679
2902
6508
7927
3663
6845
5305
8099
8869
1872
9603
7739
890
2834
9127
9620
6093
6547
5425
8002
3676
1660
2328
9792
1086
181
7088
2337
1067
5888
9899
6068
7030
5375
8485
4990
3015
1654
9590
2741
4404
2981
121
6334
2680
3124
5311
3486
6806
222
6480
6202
9
8949
4199
7028
2733
1518
7042
7913
8138
5627
3696
4724
2708
6665
3684
7185
3375
2090
5118
3029
1058
732
6456
8876
5299
2920
940
1531
4167
3040
7109
3788
868
5635
6312
8499
4609
2090
2076
4423
3771
8759
3915
5339
1557
4779
2900
8619
1119
3650
253
8280
7262
3213
4988
337
7773
7680
7983
4774
7129
5270
886
1102
3233
6028
1368
2595
5386
6754
8269
1421
489
5893
2598
1307
3140
6807
8154
4803
8063
210
5472
3913
7358
3336
8355
3585
648
2761
5222
7309
6038
258
1430
447
2953
5255
5218
8019
2368
452
3071
115
8473
199
6853
2126
3161
9051
353
4464
3559
2436
6270
5939
7298
1578
9086
1990
621
2040
3557
2086
1973
4505
8747
8430
2300
428
8295
899
7495
3238
9635
1570
8064
6676
4299
5680
2029
2448
6489
7304
3616
4013
8631
2485
4171
4660
7735
687
2335
1208
1908
6306
1214
6443
4138
1123
920
4541
6695
3330
8893
3918
8859
1313
6666
9713
8065
9837
6815
8218
8138
3386
6039
95
5752
335
1109
8346
158
9120
5351
4632
8324
5303
4765
332
1587
170
9152
331
737
7903
1278
5291
4464
7897
3703
3176
4642
1703
1972
5036
9467
5620
3692
6807
3744
5366
2910
2340
9638
2731
2412
1373
6545
7254
1270
1045
1428
167
7192
1381
278
3601
2739
5856
6183
4515
3168
5147
575
5728
909
6411
4127
2294
2339
2827
5670
3534
3576
2865
6979
7044
6789
8630
8116
8088
1365
9917
65
5541
5327
2300
5229
3431
6498
3225
77
1833
6989
1875
4868
9963
6496
2926
3278
1831
1367
5565
7413
4665
208
6150
8963
2903
8240
9103
7175
8254
589
8075
1832
8908
5144
3818
5572
9153
3097
2998
535
3285
2259
3788
2178
1711
2129
5617
2129
1812
5849
8231
7713
4870
2727
2488
7148
7326
8529
5225
3718
6394
9279
248
4018
7403
3720
7127
9074
4274
5798
2698
5913
7221
3957
919
685
3785
4442
8693
994
5678
8374
5654
8425
3126
5148
1885
7521
8182
7312
5138
8484
3036
3468
5700
938
8796
7347
8810
6749
9213
7291
3549
5107
6276
1057
7122
6446
9948
966
8336
8029
6045
8139
8751
6143
846
22
147
1188
5795
4949
2712
4691
3832
6482
9701
6398
2128
2953
8048
7501
6607
4107
2955
936
5590
4274
754
9053
3395
1072
7239
4739
459
7346
7211
6602
4761
5225
6262
4583
7627
2569
1832
3999
5088
4857
2036
1679
6199
1405
5746
9129
9777
6063
1198
779
7182
1919
9299
3219
8179
8496
3710
3083
1682
6717
6860
66
2864
5704
3903
3225
9673
8301
7010
8322
2050
7916
5708
854
5009
9265
9340
3509
8410
7073
6161
74
9186
155
7404
9147
8954
6967
7198
278
9092
1653
4201
5210
1380
5425
7334
8264
3383
164
5736
8565
8785
7410
6121
5632
142
8973
4850
8486
6474
4610
6326
3707
2965
4716
2758
4751
6603
8305
5311
9606
3053
3149
9286
2156
8707
8683
9661
1594
4823
5471
5552
8247
3268
1673
7460
8485
283
8239
4337
9900
1936
2139
442
82
3004
1400
3016
8924
6264
260
6440
9971
4160
6121
5305
9057
3980
19
7946
2098
1036
279
2708
5408
5975
2138
9130
9404
4160
7211
2503
9963
6176
1501
5184
753
1574
7970
8871
4830
779
8080
5334
2027
4513
5488
9261
7135
9622
742
4186
440
4602
6445
2343
5044
7747
6512
709
1745
826
9635
3458
1366
1765
9190
1159
3187
6581
7326
3239
527
1113
3107
1417
1270
5786
8702
2679
2603
7455
943
4074
6003
1435
1703
6119
1238
5323
9622
3631
9047
7872
3017
2644
1090
2666
2536
7467
5934
3215
8350
8860
1454
428
9372
5578
8003
6937
6402
3287
1053
9726
5944
935
6657
1092
1269
997
5177
5352
6032
4684
5903
1655
2252
8763
9973
4032
5026
890
4458
7759
2584
9634
9223
1296
8055
1152
9092
5207
8937
3417
1060
5085
8501
3960
586
2208
9616
2899
8761
8089
1806
3852
2032
7617
8340
1665
9616
9329
205
6523
3253
1024
6696
8541
3134
4686
4900
8477
4054
396
2667
3427
3657
7743
1029
8042
2635
2416
5359
5994
4848
8799
3724
9945
6528
2652
4338
9306
6448
5029
674
1751
3870
3730
9748
8107
7328
4747
200
4711
8689
4830
5696
5713
3193
1459
2783
3888
1063
466
3157
3946
9872
2873
531
1305
4591
3034
9578
386
4872
6632
2426
8999
7635
5822
5220
8742
8941
6379
1398
9247
3104
5932
2541
8758
652
2951
8624
2238
9010
5020
3824
8420
6181
5339
7420
2050
6811
7207
1217
9029
6961
772
2002
8662
3950
4983
7850
5627
1859
5793
5767
2442
4250
7892
4468
5382
1269
3657
3870
6916
7664
169
1414
1234
3353
9415
8533
4837
3589
9161
6701
2686
2231
1632
5856
3252
9591
9583
7100
3785
6422
4648
8826
6483
2267
1989
4759
6728
5298
4415
8179
4074
375
6932
6190
8741
986
8518
262
1312
5821
8141
4689
6406
4351
63
8722
1192
955
8350
3059
975
5459
2652
1724
8657
4382
5098
2267
186
6844
3593
8933
3073
5562
4686
8037
5866
6361
5968
7303
6454
3551
7256
3405
383
5683
5398
6012
9991
1790
2949
9342
5279
8878
4702
5559
3392
3108
3516
2117
7636
7613
6379
977
3966
2085
9353
460
9414
7269
3759
9400
9043
8525
2121
4027
1293
2735
1276
7470
7449
2878
2997
8638
6045
5696
679
6640
2199
5289
638
2875
4833
2212
5122
270
4935
2952
8001
584
9876
5120
8353
6430
15
3160
1044
3960
9656
3299
6876
4018
6184
7332
5422
8893
2650
2338
9471
8529
5042
2554
2148
7288
5911
8236
3806
3427
1479
2435
4890
6028
2453
6531
904
3237
4910
2982
8299
4884
7094
1396
3138
341
8336
3849
5207
191
2863
8933
4956
8131
8199
3478
4278
6459
8110
740
9078
8907
2739
4734
4286
6870
9706
7779
9531
347
2905
3728
9252
583
3385
9615
5809
2821
5148
6672
863
371
5848
9037
4947
8992
8689
4106
3380
2599
6243
6666
2038
4168
1656
7036
6792
1153
5367
6891
6360
266
3188
6606
8669
2679
7167
6471
5337
6552
1393
9983
9515
8222
1834
3761
8689
6881
8110
9910
7757
2088
9879
7372
5886
8832
5778
2074
122
3129
1695
2257
359
5121
1554
4617
6254
7333
6564
2385
9548
5300
2316
841
3926
4822
4787
9582
2626
3736
2126
8932
6011
4759
4890
3882
7718
8284
3519
3926
5684
553
7823
4567
7228
3220
4200
5364
3718
5114
6481
8543
703
9724
2193
8159
7498
6048
5984
5919
5790
5280
9991
2013
1240
874
2752
359
5837
9056
2526
9541
2128
84
6327
8928
6123
1632
6597
1566
9031
2114
1251
5801
9842
7946
5302
7979
7387
1806
2398
6519
1853
7463
5210
4848
3426
3110
2268
5443
139
3200
2894
3632
6403
9729
8209
577
8950
2193
4980
6699
8557
9265
4191
4089
7205
8850
7890
6596
6468
5436
531
3136
4849
4533
7098
1578
9335
3828
3381
1408
7753
5175
4663
9256
8117
3708
8289
6336
4156
7412
4906
5317
9166
4075
3171
8733
4513
4522
1034
7213
5315
7879
1182
4166
373
5995
39
398
4851
237
615
1804
7924
6536
2176
9463
7977
3161
6504
101
2570
1103
8719
6494
1461
2401
4478
4404
7646
1870
6586
538
7943
3531
4294
9406
9163
8628
4610
1806
6578
2366
2696
9100
867
1896
5399
1562
4914
5580
507
7501
2752
9937
5779
7871
9587
837
3221
402
4560
3817
8714
2944
386
7138
582
8083
6830
8843
2037
8571
6344
4930
6441
3901
4269
7779
4498
1585
4929
8915
4465
7302
6378
2670
9302
9875
384
1255
7008
930
4292
6777
9797
2416
3290
959
2871
9282
6959
1889
9961
4746
5121
8879
1824
5481
9831
1583
4783
4253
1089
6937
1027
6544
105
7779
331
5684
7244
9861
7396
6946
107
597
1379
2544
235
9349
9782
2516
1725
6253
9159
3586
7662
5877
6394
8544
178
2978
8290
5584
3442
1726
4892
6859
7566
6471
167
6957
3296
4084
5769
6988
1762
8059
6601
952
7063
2463
2400
4303
5199
9940
1306
67
1062
8043
4252
6667
6472
2897
2488
7725
1369
5972
7876
518
68
5349
9670
7110
5624
8482
1549
4180
8879
6028
9921
9704
4835
6813
6103
8701
9958
7067
8310
2955
2594
5029
9223
8258
46
1193
5679
6330
9183
2915
5491
3376
1197
7351
5090
5241
1095
1562
2604
9650
5427
3545
2028
1949
8119
6110
1024
1772
2957
3073
9195
6731
2562
3378
5015
9193
6529
3778
9897
3137
4089
8464
2571
3169
5783
9178
3204
1134
9720
2855
3331
9561
2109
375
5474
3168
4765
3130
3055
9144
3927
172
3398
9516
2227
4474
6329
922
5696
5978
4061
73
4390
1723
4970
8190
597
3394
9325
8006
2969
3066
9654
3381
9883
7086
6842
3728
7208
6632
4183
2100
3069
5851
7766
5883
9736
4855
368
3157
5884
219
15
8843
9889
3090
290
5026
1259
4906
5188
1541
4751
1454
9049
7413
3051
3674
9653
4364
3851
1483
8638
5716
6566
9674
6592
588
4208
1897
5010
1669
9327
7176
5492
4293
8881
3370
8492
7379
7896
3683
4310
6516
8790
8005
7066
1937
3047
5947
68
5279
5774
1552
1830
9253
2698
3089
3835
1784
9527
2040
4753
3809
273
6735
5069
9444
4202
1437
7343
3442
9123
5460
9082
2436
2811
2617
3650
6072
2079
903
2279
9685
6992
3853
7658
5159
7879
3608
2187
9219
3453
6589
313
3137
703
1727
188
9184
4756
7894
1109
1154
3354
3990
7925
3479
6789
9
9845
4620
4043
3941
4131
8031
797
6530
5827
9339
4737
2374
7430
7078
1631
6806
730
8942
6728
6199
3167
7740
1805
6474
8432
7228
5698
1512
1123
528
3410
5227
6670
3650
5166
1301
2974
562
5688
1835
525
3664
3185
8607
2377
8434
2579
2888
9667
2254
6699
7660
4632
2471
9132
7004
8384
6672
901
549
6860
588
9721
5677
8492
6764
1081
3414
8435
8005
3496
1692
9706
5579
1007
7596
6978
9258
4478
5056
6206
3118
3366
3781
5555
3982
3011
1418
7213
2012
193
1919
2292
1472
5590
5586
3483
5491
4999
1036
2758
4727
2263
5157
2096
5417
827
1140
1018
8134
188
7012
3923
9739
8560
2846
1362
2496
2067
3684
4547
3294
2957
5638
797
9289
2854
9605
525
995
1012
7091
6262
8934
3814
155
594
8670
4302
6542
4716
8067
9271
7706
5450
9894
3298
6962
1099
8124
9907
6249
36
5237
4408
3536
7874
7473
6517
7602
7245
5930
9767
1662
3175
1652
6660
4782
5115
5602
2094
7064
445
7101
2808
7752
3512
5428
5766
219
6929
3435
639
6837
588
1145
6664
3079
1085
1218
4590
123
7601
4876
7260
6060
5737
2372
1768
782
7099
9768
841
400
1728
6502
3657
6610
7499
3776
2555
6451
8940
2513
3969
1893
6339
9872
1140
5176
4591
826
3582
8105
1765
3177
3221
4557
8133
6421
6168
4027
9611
878
6670
9259
1642
7412
287
2402
4038
3092
1014
9872
7694
1974
8736
4490
7621
1878
2727
5539
557
179
1201
4717
4826
4421
493
2966
334
6147
9937
1673
6390
8848
3130
9984
5843
7278
7581
6208
4758
8053
5810
7361
4477
7360
907
6764
7277
5380
9982
6368
1560
5491
2839
6124
4361
6325
4497
7137
1915
2485
997
909
7988
3749
6704
6905
8139
9941
547
3477
3086
7791
9517
8577
7739
2764
7742
4144
542
3092
4768
9676
1062
9115
692
1203
8949
8250
2057
2668
9648
991
3865
2339
7187
1119
9236
8715
9982
2020
2668
9334
8875
6063
6535
3800
7355
9026
7852
8611
2732
840
7565
1659
6215
8934
8105
7449
5873
6125
5266
3225
3505
5414
3385
5552
2939
6022
6985
4247
9146
2258
4994
1757
5376
5904
286
7247
5224
9979
4957
3573
9474
4966
7004
9998
4051
5860
889
4650
5757
7377
5776
9775
1688
9727
3319
6519
5371
2559
4274
3343
9145
7391
7137
3873
7625
6021
9456
3202
8232
7472
4834
133
8609
4822
2698
350
8431
3801
8344
9118
4326
6663
5890
673
6731
1436
9754
5429
3727
9576
6433
4531
5426
6824
3072
9976
1061
4695
2447
6306
760
8318
4395
7429
1959
6977
7764
3553
9975
7732
8558
7072
2191
9432
7289
611
2135
6984
5681
5763
5083
8997
9442
9541
9367
7702
676
5822
191
3470
8777
9200
3266
4638
7807
4568
3602
3916
9361
6074
9711
5404
3959
9731
3361
1344
2738
4853
2448
6960
659
9923
4745
107
5933
6682
2846
6423
8176
7814
1402
7011
5471
6519
3796
3637
3081
412
4416
4771
4104
4942
4253
2418
441
2251
8877
667
5763
6128
9390
4198
8124
9881
9009
238
8081
9697
5310
257
5957
4577
5449
3101
8391
3428
7206
7620
6367
5606
2456
5103
9364
9410
2365
7251
7728
3543
1087
837
7440
6826
2022
4363
2116
1782
7691
8950
6103
7394
1130
7936
7244
4068
3376
1772
4207
331
2968
6490
1687
9180
2373
8726
1623
4119
4618
6434
1496
5715
4637
736
5791
594
9332
9464
4851
4619
3734
7446
4762
4413
3643
3338
6434
2991
3910
5629
9080
7747
9775
3883
8033
8411
436
6427
9761
5331
6240
2583
3172
9805
3317
5225
865
1082
7177
7582
5697
7840
9652
2044
3249
3840
9572
7573
5556
1688
7802
3149
8657
5483
2786
1908
9134
6430
8065
3897
2070
1612
2825
7508
9579
5340
1426
3686
8430
6055
7044
9798
3125
4774
6130
7768
8141
328
8989
5703
2746
6867
5530
349
425
6340
6229
2065
6505
2668
1869
882
8765
1115
1188
5920
6346
1300
3615
8213
294
1903
5040
6622
8888
5526
9783
9535
4339
2178
5236
6364
7241
9696
6648
8279
7605
2740
5366
1309
6935
6791
7850
108
3502
5364
9076
4022
8198
3686
5535
8521
3949
7447
6395
3590
3184
6387
8122
6941
4371
7384
5409
8852
197
3825
9811
1442
7814
7132
2773
3525
9371
4303
9560
6982
5341
3004
568
8904
5882
6887
3427
8348
3633
6046
4908
903
1099
6180
4053
6502
9581
5043
4889
8893
3605
4541
4784
1571
6910
5970
1283
5585
9637
9917
8416
1701
1861
2320
2458
1442
5119
8137
4998
4181
423
8302
2699
3445
6580
7544
6014
629
5079
2708
6263
3303
2637
4210
6513
8722
5065
1147
1018
5206
2590
3840
3813
6243
6632
8450
1837
2432
4123
2941
6827
9029
1164
2536
8425
5355
1578
3306
1093
9649
5199
5731
493
9897
1409
9813
6203
5201
1813
1317
8164
1737
5500
468
5042
278
2006
3494
2800
993
8559
18
1203
7132
5353
4344
2864
1187
2385
6467
