2522
1
8982
1432
9861
6645
4607
4435
4988
1568
9277
5967
7820
1309
3310
7647
7602
700
9484
6169
6777
3592
7290
2810
9420
3984
5743
4023
8953
4744
9315
961
6564
8964
490
3080
1883
1375
2359
6630
3996
4670
160
7706
2753
5465
8308
365
9423
7684
8244
4346
5032
8116
1245
7096
3532
1228
7845
121
193
9338
7053
7084
6499
3743
7413
3774
5966
9546
2927
679
333
7683
3808
7297
2615
8806
7403
9933
4168
2328
8496
4697
2394
4777
1283
9500
4750
5761
247
2021
3461
7632
7029
9546
8652
2640
1970
7917
9833
5924
1442
4557
7447
1785
3086
8822
6879
916
6537
293
8629
8151
3041
4012
7295
7953
1390
3641
4138
7925
5942
9313
3533
4914
2762
5158
3528
4584
23
8126
3629
8155
8914
1003
2262
8689
4185
4219
396
1970
2137
6126
308
276
7822
7421
3640
9297
5613
3992
2700
3911
1948
6926
5689
2989
6822
3250
695
5657
9848
422
2396
5493
7452
2370
2411
558
5456
1182
4201
4953
9034
7637
5564
1104
7309
1501
7508
4519
3970
7997
884
9257
413
302
6362
8595
7077
8220
7287
9439
4616
3801
1293
8337
5523
3333
10
5716
6635
6286
5207
420
2822
6442
4734
2581
5690
7187
494
2496
8586
8566
9230
9133
974
8218
7682
3623
1675
6416
2161
6976
610
1247
883
2715
4367
1749
2715
4563
2325
7969
3572
7399
3896
364
3893
2192
5259
5925
4478
5316
7496
6887
8234
1710
3308
6130
7708
9452
4778
7217
5284
562
6861
881
5117
2447
9705
9055
4106
2311
4743
1276
5752
9997
7411
9018
5642
4796
7145
9315
6539
9777
2502
5988
598
843
863
9214
9841
5670
8297
1659
5502
3130
9227
4048
1218
291
3013
6486
7854
4634
2955
2206
1491
486
2011
6005
5703
1482
1245
7780
9009
7262
4687
3741
8460
851
4321
7089
7861
3611
5035
1064
6000
3383
2596
806
4688
8775
2622
6586
1100
2173
9374
9222
8483
413
5797
775
8006
590
9268
2456
66
3769
5857
7500
2161
3535
186
8458
3548
273
9869
3830
8314
9641
8219
6009
4130
2472
7006
1718
8022
519
4951
5260
8265
6928
5844
6340
5768
7799
2313
8506
3519
2236
9638
6361
9683
4927
6642
8459
7822
9313
2668
1814
9505
738
951
1453
479
9036
7297
1506
5795
9035
7446
8622
5226
3897
3188
1564
5729
3301
9628
7130
7843
5969
9115
5758
1457
5979
9275
1098
1814
1623
7737
9185
6900
4786
6528
9183
1973
4351
5635
3819
6769
9196
9335
3837
6980
4689
7763
2225
8137
5190
2941
4329
2005
8214
2933
1819
8726
9800
6038
1306
1477
3108
2908
9205
364
9192
5951
9553
1846
5297
5572
778
7922
8880
4982
4195
8672
1144
4548
2294
808
1263
848
897
7758
4215
4987
3104
7490
8640
5182
4803
9473
7432
2720
515
5251
2370
8878
3165
1827
4513
4063
164
5005
4568
5144
2926
238
957
3688
3801
4536
4040
6465
8476
7659
8868
7445
3090
498
6041
7720
5824
5572
3972
1358
6627
6956
1209
3729
1706
2944
7296
2414
7658
3491
4351
7516
3315
6499
6119
8171
2580
940
7820
1396
5547
4504
9293
8386
636
299
2481
9438
7846
4340
5428
2582
6121
3996
1247
3411
9886
180
8275
1131
4151
9587
7766
6099
4928
4756
6751
4200
1181
4760
4315
7089
9000
5405
9496
9560
1430
8669
6139
6780
1139
6424
5071
1993
212
4073
2137
2064
2304
6326
5118
1018
9665
3125
1812
2555
6415
9258
9835
2301
1723
370
1620
1184
7318
9310
8891
2384
65
4348
157
7380
3511
5775
9978
6311
6555
3082
5451
4546
4337
4627
5187
2527
3801
7572
128
4723
7576
1800
1479
9082
6822
6638
2180
435
5238
7193
1024
2258
570
3409
201
1271
6285
3195
4045
1154
8756
7064
6752
3575
751
1736
3177
8923
7527
2535
852
8420
6353
9282
718
2858
5812
9673
8075
2884
7856
4032
2808
6923
4476
4125
4259
7395
9958
3825
2340
4096
6124
7699
3773
504
2312
6870
2288
5846
8091
4104
5072
8681
4308
7957
2491
2525
3519
9853
898
3988
597
7884
2298
3372
1375
895
9063
3692
140
2471
665
8113
818
3420
5471
1570
1322
4432
6438
7469
4347
5970
2491
2986
9449
5334
3318
6457
3096
9892
7446
9955
5951
7618
3584
1655
4552
6306
7527
8016
9955
5223
6373
1866
3684
4714
78
1873
5406
4731
9939
7120
46
7348
2559
8520
6066
9202
7731
5831
2785
68
676
2554
7773
6760
7619
6626
4254
7489
7676
4814
2452
5975
2435
8148
2713
5176
8478
6431
1262
1316
9020
3531
678
7924
5392
579
6773
4182
8082
7768
3218
1449
4335
9800
3934
7126
763
8720
3295
6924
4630
1191
9036
9636
7639
4156
9927
153
2683
2035
8733
345
7116
6160
3700
2725
893
5543
6272
7470
8232
850
2211
5641
9345
4995
6236
3599
7907
7037
6224
7623
4509
2564
6808
5854
820
4260
7986
4129
9213
4645
8408
2101
8691
5441
5835
5478
3040
8514
6255
6529
4410
3002
1212
7490
5490
3075
240
5098
2605
471
4149
3868
7554
6714
8325
8267
4819
330
8732
5511
7327
4559
1622
1469
5221
3935
5342
2987
5215
1498
810
588
988
8080
5983
2622
7836
1201
6408
123
3115
3107
7257
5387
9577
7661
2746
8268
1089
880
8478
3958
331
2607
8579
9588
324
6245
2501
522
1959
1720
5028
6388
1453
2363
3289
2310
1109
49
8359
5965
1980
159
8969
1740
2896
1482
2090
6249
2506
5971
6464
8189
1855
2316
1591
849
9233
3402
4329
881
6153
3832
8541
1962
8627
723
4234
1545
7787
8898
8857
9632
843
4784
6814
361
1506
9308
2596
3861
8344
7499
182
9621
9675
1868
7107
368
52
4827
7993
9775
1003
4118
5726
3264
3840
8465
3359
1657
386
6251
8473
7606
7814
4548
3253
6692
0
8488
3018
8649
6125
5279
7498
9779
5938
9226
4670
7912
7444
32
3284
1953
629
6167
7139
8448
7614
1175
7988
618
7255
7488
9426
7060
4286
4664
2925
7042
6345
797
3304
2372
3297
5491
3409
136
3904
7837
8146
4501
6119
7142
6408
252
4487
7011
2495
9278
132
3084
1804
5301
1142
8787
6251
8356
9973
2568
2106
6668
7358
7195
4825
1538
2948
4476
8262
4245
139
5350
51
6965
8354
9389
2326
962
1296
4714
7304
6780
3787
6648
3249
8107
2150
6681
7341
938
4683
7673
6022
5407
9399
6707
9695
9269
5416
5861
5317
3127
7005
8773
3199
1212
804
9453
6204
5631
2078
3815
5731
9267
5827
241
7076
8124
454
9219
3719
5326
5669
1185
3210
6874
3224
1732
1125
4356
528
8851
9704
2869
5304
5463
4881
4882
2952
231
3349
2636
1225
8535
2956
6338
97
2530
5066
1870
5916
4232
5545
7616
2969
4878
6288
7004
3375
7675
1136
9034
5033
3931
7627
9786
870
5476
4768
8694
9481
9818
2275
7973
7149
8807
7838
730
4197
5073
216
5361
3011
3545
6548
2385
7922
9504
2787
2151
8008
1052
5986
5265
6729
7050
7659
4475
1757
6280
937
851
5077
5828
2472
3334
205
3341
1867
8916
2263
5861
9311
3837
4016
7946
5866
1604
6082
9702
233
6320
397
1081
6909
9084
6274
8635
8509
8160
5176
5789
1874
1249
9630
5613
7424
1788
5477
5543
731
8911
3501
8596
5036
4445
3544
1559
3729
711
5598
4441
3839
8419
9965
954
3865
429
5746
6163
8632
2004
2653
9032
6195
6039
7860
3750
9140
8594
885
3034
4365
339
1387
4997
7274
2047
8526
256
1082
5490
854
1010
1911
5912
6153
2482
3066
2444
414
1474
7706
354
6280
4183
1921
1479
8737
3873
997
3880
2105
1568
5225
3406
8056
6043
5769
2186
6092
2747
1968
6179
4403
3379
6062
531
8087
635
1490
8890
230
2403
329
289
1561
782
2150
1074
5697
3753
9437
852
9884
7203
2227
258
5440
812
6106
3232
9665
8013
7340
6954
5668
3580
8326
4548
7619
5488
3706
4892
9904
2816
9815
369
8250
6169
6501
4009
6796
4348
6018
330
7256
189
1611
4190
3640
7106
463
7364
9137
1791
1822
9079
5546
4896
9631
5944
9309
554
7806
8437
9392
5627
2285
3074
2665
4407
5177
3148
2814
3096
423
3909
9813
1613
2646
715
2164
4179
3502
686
6354
7669
5651
8805
5803
5069
7361
6016
5267
7283
7982
8069
1602
5257
398
1511
7872
2719
6155
8151
2507
7518
4646
1587
2329
3520
6505
847
4280
3287
3052
5234
1631
5696
4425
8743
8669
3769
8662
233
9067
5752
9381
3986
9941
5761
958
7504
4853
2090
401
7081
5800
8478
4934
2455
2962
3339
3998
9299
8619
2287
844
9430
2213
4856
9504
4859
5409
5876
5826
4319
5233
1889
8043
5853
8440
988
9158
5863
8163
5219
1879
1171
6281
2384
6675
3334
7863
9148
6032
7315
7384
8230
4534
4931
969
1149
8434
9134
3910
1825
2412
9099
1590
7184
1884
8555
2445
7366
9624
4863
5293
1085
7493
8292
3697
4297
5060
1337
338
8394
671
4239
3860
6668
6550
2742
6790
3245
5405
5400
2340
3644
4247
2912
4640
2726
5219
4376
8754
1028
5396
5850
5546
9591
4952
483
4281
7354
3871
9182
7314
4142
5833
390
4100
6805
4132
4057
7141
6769
6215
6760
6549
1142
8848
5002
7880
5170
9179
3240
4020
3204
2005
2282
5001
7772
3807
3615
8692
5971
233
2286
7114
5426
9615
6101
314
4359
1023
1480
8536
202
182
275
7320
4715
6404
9437
2445
7755
6152
7129
7425
4699
818
6614
7363
2385
1681
7744
6178
3019
2876
8161
6835
1709
3377
7347
8031
2207
9537
3531
4641
2431
3767
9531
8088
8275
2074
594
8332
9694
663
4539
8052
3481
3197
3689
8203
8159
5038
7666
6530
8540
429
8093
5579
9941
7465
7253
7233
1055
8223
3302
2960
9841
253
3952
1578
7118
9339
7108
1275
3891
1756
8530
8871
4128
2107
7332
1446
3339
8057
8489
8573
43
9838
8394
4471
263
7030
8282
9345
4055
9552
9037
3000
8618
1478
8582
7366
987
9742
1490
7204
1355
4937
1269
4507
3872
3260
6548
103
7127
6466
6155
1276
445
8308
4992
1770
5282
6494
3699
9612
1620
184
5552
6507
48
531
6388
5942
9915
2216
8615
1611
9824
1173
4632
3566
5834
2304
7827
9569
2357
9917
1867
2744
69
5571
9630
4650
8795
9137
9657
5281
8073
7917
7285
5107
765
4171
5893
9589
8291
693
4816
5051
1562
766
3932
8224
3161
571
336
4433
3101
9221
578
5849
3870
8563
8550
3226
9130
9194
9173
4334
2682
3025
4114
4482
554
6854
536
967
1008
9182
4867
4229
5293
9554
2358
3678
9237
5386
6400
4574
8759
9111
193
6578
1803
7850
7183
7158
9648
2281
5422
7275
9056
5527
6410
8881
6370
149
3424
1925
1014
9119
8964
1932
1077
8843
1903
6941
1428
2605
598
227
1876
557
982
2907
8397
4518
4437
1636
6882
514
2042
9874
424
7
6595
4853
3804
8771
8061
6029
3021
4398
1098
1183
3871
8516
9885
1266
1562
7822
8330
1367
1897
1715
9448
7640
7736
5285
7574
8419
4420
2723
6740
5914
6013
3422
1773
541
6317
574
1512
3616
6277
8265
7208
7408
3477
3947
9565
6286
994
20
1449
5326
7065
1370
5591
4353
8207
221
404
3312
651
660
6959
5077
2389
1070
6351
4385
2084
1605
1339
6036
8505
6612
1444
7621
8672
5433
9114
6849
2101
5099
5334
2666
7087
3997
3745
1184
7509
8844
9522
7009
2660
5823
728
9731
1017
1394
7035
341
4453
6456
4615
4935
4312
2275
8179
8584
4364
4853
1768
9053
2889
5551
1094
8297
3841
5313
5182
4311
4364
5712
6239
1860
8876
9147
2703
4320
1455
8529
2160
354
2550
4484
5471
9584
6719
1497
5601
9195
4108
5737
6348
1139
6319
6538
2928
7765
2511
5424
5991
1826
8304
9782
4025
7587
7087
7889
4836
4169
7642
5314
6148
2011
8245
3849
4107
6443
6186
8051
9648
6156
9573
7965
4711
2936
3123
731
6417
709
1810
3648
5992
8728
6624
7377
4929
718
4403
1793
61
2634
3364
7118
9053
21
5429
547
8252
9484
2260
4653
4774
7021
7139
9166
1465
4210
7627
7594
5152
1756
1859
9713
8621
4300
4053
6706
7646
9613
578
3040
1523
839
3551
5150
4163
203
1471
4374
697
2794
6439
6921
7496
7560
2307
4337
8647
7266
610
8625
8941
9029
9645
525
6585
6367
6096
8236
1946
2273
7524
4039
7337
4550
2786
6108
5294
8432
7726
2876
5200
8040
7959
1932
3105
6099
9525
543
1141
7496
1271
5687
9867
840
5968
2780
7443
303
6566
7814
741
2393
5824
7291
1163
701
2582
5310
4157
2694
2982
3195
9787
4080
9347
4636
1984
2745
3494
9827
5255
580
520
7424
6918
5160
2940
7450
3753
4481
8417
458
1541
1015
2299
1594
2807
8561
4560
6032
7300
5639
9878
8085
5313
7372
5940
3314
4144
8543
8374
2920
183
6090
9224
4438
5274
6727
1179
5075
4470
4035
6912
4504
5736
5597
3909
7357
6483
2851
6581
5902
7135
5303
8269
5147
3715
8903
8671
7236
5591
4073
71
7827
2004
1589
2018
4902
2725
4112
8598
2112
7490
1269
8103
1257
991
4635
2377
134
3515
2904
3980
8002
1160
6096
2949
9521
3670
9488
7932
2026
3919
4314
9057
9386
2769
7125
2895
4957
4821
8879
8274
6265
751
1689
9023
7940
6445
9097
6661
8434
3174
882
5792
8567
3607
6677
111
7711
2437
7317
6049
8836
5008
2471
9061
9617
3808
2515
5423
3117
8467
6144
7687
8029
1644
1219
7873
694
6624
4567
7375
3886
5538
1893
4692
3495
1679
2873
4278
4934
3959
6152
8095
4380
8718
3835
9635
8684
1009
4
503
56
6105
2840
999
6813
5180
171
4978
7088
2181
2137
224
493
5032
7494
5374
641
4518
4354
9032
1277
8436
15
247
5432
4574
665
8272
6146
7137
1749
2662
223
593
2487
5906
9968
5844
331
8503
2903
615
3456
7623
8335
289
5518
3726
4357
3397
8527
5362
9808
2872
6027
1241
8865
9284
7307
5615
2642
5053
4063
5887
7788
6944
6291
645
6538
4103
2590
726
1660
7921
9581
5537
6076
6199
7919
9859
6411
6603
102
7814
1520
8269
6387
2260
3560
8886
287
6740
7663
5040
6389
8993
9470
8922
2029
8334
7202
6018
8278
5240
8748
747
6128
8938
6462
9618
5897
6913
2889
5377
5115
1125
187
7811
2224
7341
8253
1101
8352
2840
1027
2702
9673
4989
4162
8822
6839
7397
2358
458
5887
7239
8089
9200
457
1805
4834
3243
3105
9548
6374
9818
7488
6306
6143
4800
8029
7164
3437
3879
2326
1018
282
3295
6639
4869
2362
3027
5637
6914
3201
5665
8053
7567
2475
3822
4113
1065
2287
239
9612
7977
7053
3495
4563
5301
3242
2833
9081
6930
5747
1384
3365
5460
675
8970
9042
9550
5189
9496
9663
5891
5465
764
1599
785
3715
6179
2593
6348
4746
8174
5485
8600
710
8975
1730
8900
6536
37
7374
202
2902
2264
1929
9471
598
