1505
0
9673
4956
2690
3477
6220
9108
8087
6799
317
5649
1299
459
836
3141
9158
5794
5446
6938
6595
4546
5801
9415
2361
2577
7510
4855
9148
67
9581
2805
6907
5449
9249
2113
9406
8894
2281
5894
1935
7844
732
892
8390
467
2369
8911
2370
1076
9989
4750
4487
1478
919
5087
6456
9942
6246
1323
7450
5091
8663
4856
4260
9536
3699
6296
8094
8850
6915
1622
3653
5617
1471
7485
434
6253
8988
7357
2135
8856
5006
7536
3258
7612
8711
5914
682
9331
8993
3562
308
2126
6284
8971
4289
5829
9809
9258
3242
9443
6405
9360
1230
4805
1611
1993
2622
6343
9711
7302
2482
3753
2667
7231
3675
31
6490
266
9209
708
2017
9277
3861
3111
9230
3666
2874
4018
6224
4009
9338
4532
6301
4099
2406
56
8452
7210
7525
3957
5739
7106
7789
825
9835
7728
8695
4102
8298
6970
9816
4980
1377
5453
1606
3549
4438
9524
8402
34
3311
3901
5997
9839
5878
6676
156
9952
3336
7812
5389
537
1485
1530
1337
9197
8601
6242
9947
4676
8631
376
3510
9039
6236
1459
911
6163
7412
3603
2831
8571
4519
8713
1563
4583
1206
5098
6646
8997
5282
6858
5437
8287
3954
580
4719
8657
8881
2854
9104
5783
2306
439
1065
7063
3339
2979
6734
1011
1912
6768
5250
6490
5601
5692
7395
1984
1149
1065
8613
6697
9611
210
4672
1619
6662
1834
8143
1986
8851
7630
2574
4647
4865
6056
6028
8380
4271
1572
8848
6976
872
9317
1270
3033
1196
569
6534
4505
4866
2145
858
2366
2271
8477
8634
2825
872
6523
9145
782
2457
5056
517
9482
762
3073
3077
2996
1057
6886
7770
7621
3958
7825
2306
2766
2600
5138
9778
9802
791
4701
5819
6986
3396
2876
2253
6223
5500
3712
2784
9664
9479
2697
5078
5
6056
7688
1776
3867
91
9346
1950
3638
9261
820
4382
7511
1173
167
9869
484
1134
3891
7880
6318
495
1862
78
7149
5201
1369
4975
3742
6863
8630
4385
5375
3568
9393
9073
8203
4
3880
4553
3849
5898
5871
8181
4250
5627
2984
2803
444
8616
9725
2106
9547
5034
5618
2387
6820
4539
9935
3164
6936
8868
4994
9128
6274
8566
9091
7831
5026
5895
2424
6773
763
7631
1549
498
7450
2876
8287
1720
3046
2611
3768
8935
9243
3835
3116
6952
9824
4424
1598
4338
9767
7307
6116
4269
3791
6783
6749
5655
9440
7532
9771
6623
1264
1857
2911
2056
7662
3435
3355
7154
4333
1532
3014
6594
8027
2679
4989
156
8111
2344
9259
1900
2162
3883
923
7203
7465
9608
1317
4886
4149
3468
9593
805
2470
114
4948
4809
2995
1322
826
4089
462
9400
3570
7368
779
4901
5177
8705
5340
8637
4213
6073
6803
41
7336
9149
2201
5920
7918
9184
737
4414
7647
8706
7375
9464
2231
1367
655
6695
3422
8637
341
603
6559
6355
5004
829
6626
2095
4653
45
4857
972
5329
3131
6093
2227
6169
2613
8163
6495
4777
1366
6789
7744
1048
7802
6813
1101
5466
6523
816
2119
3609
9017
5254
3612
1149
8703
5994
9273
9526
5334
3475
2123
3336
1493
6052
1374
3585
6040
249
8993
2094
628
6092
9542
8178
9074
4032
7724
6267
805
1116
2274
4114
8688
5728
9238
3348
4419
7029
3856
9202
1599
9663
897
8568
7792
7779
358
7738
2672
2917
1749
2732
7600
941
6448
6885
9477
334
935
570
3826
8418
616
2465
8804
7017
6125
9689
360
3151
1922
8322
8902
8275
888
6812
1765
3348
705
8419
1648
8178
989
4961
5242
5039
6369
3706
3254
5818
721
1310
9346
7106
4081
118
8733
1283
6615
1158
9979
5254
9688
5963
3062
8405
5764
7137
3137
1682
6224
1266
1546
4178
2154
5513
2261
9551
3778
9929
272
2922
6875
6951
5922
9088
6505
4846
1570
1453
4650
2775
7392
176
169
7550
7126
4543
708
3361
5316
7486
3497
5960
3043
7372
406
6463
1205
1536
5341
4208
3526
5795
7584
507
6186
3838
7733
105
6011
9466
5373
5657
4487
8808
6986
7957
5469
5783
5734
5414
7469
902
7136
4639
2778
2758
5749
2921
6171
6762
4557
6691
1673
802
1028
9233
4355
4930
1922
2240
286
7536
6972
65
1951
3075
9280
3065
7218
6553
3157
1223
7498
3217
1515
9392
9813
7611
7342
4096
4380
5580
1250
2715
6108
5400
2132
3743
4322
6583
8778
4712
4484
3775
9361
4242
8777
8037
4073
2263
2903
4717
459
8711
7123
1673
9325
2859
3368
7471
1046
4436
5312
470
4431
3356
5772
5099
3220
8020
4275
4423
6622
4733
3503
7854
1470
647
3973
2664
4214
1161
3760
1797
6567
2112
7129
7049
3892
6193
2274
1460
5869
2622
7377
7807
746
5836
5029
3001
3477
4925
6586
9323
6921
8201
9107
8046
1870
8587
8644
5174
8208
7318
9901
7495
9977
771
6570
3875
909
6782
1422
7620
9257
2419
8664
2398
3693
7450
6521
6295
3721
8242
6595
7674
2159
8145
1101
5946
892
6744
8282
2026
1118
2808
2453
1444
4816
155
7244
4470
9500
4942
9915
8895
3705
2111
6677
3712
8095
2433
4931
5915
7787
3660
775
5923
2080
9025
1285
1634
3427
1340
3633
2252
9836
3791
3484
806
8222
9605
4279
8839
5930
228
1629
967
9978
2831
4000
2564
3298
6281
3160
9085
5969
5398
8892
2317
9250
736
3845
8236
4927
7562
6465
7929
874
4000
7559
7536
2495
7879
448
652
8822
4251
4536
677
9531
6676
3060
388
6380
3882
5474
5853
8893
5538
9110
6911
7957
8298
1109
9639
3312
3247
3331
8480
525
7473
2905
554
3870
5202
8831
2009
5065
6785
4270
5106
8899
3972
6382
7494
2441
148
222
4658
8074
717
212
3472
1590
2406
8633
5774
7352
4380
2405
5593
1580
5458
5646
4213
8017
6226
2577
5744
3277
286
6062
3354
3646
9573
4344
7294
9918
4010
8904
6843
2189
7955
1053
3831
1041
3403
9716
401
8287
1492
6222
9580
3006
2509
9307
6247
533
8430
6859
5379
244
7438
56
8750
2900
1604
1159
8189
9144
6722
5822
8299
2625
3826
7216
5958
53
8139
3766
6971
891
5685
1892
1797
4243
1941
3498
6730
2407
4817
4473
3326
657
7823
8002
7066
7186
2799
8294
7859
4914
7701
8134
6252
4398
7105
9875
7958
7193
8606
3933
5903
2636
2456
4042
2062
8362
1824
9674
3440
7598
4023
6867
9057
9227
5966
88
5184
2026
7212
8229
8267
6762
5660
4231
6461
7017
2148
4847
1690
4704
4611
5753
5851
5503
3657
14
9750
2254
3397
4484
5585
1295
1696
2262
9062
8746
1716
3586
5649
2976
737
1989
6894
6788
8717
750
2225
9190
3878
8825
8055
7803
7609
5266
6080
5671
7670
6722
5220
4983
5867
6269
5142
4501
9292
8489
7156
1410
2834
3113
9966
5669
8719
2066
3446
5834
2701
4743
4189
1574
5179
7932
2067
7275
8275
746
917
7830
6373
5790
2788
9854
5129
8950
7309
9416
968
9232
3101
9151
9549
568
6031
2169
5700
2397
6297
3934
4983
774
7649
5375
5283
5282
7002
9833
5523
2661
926
8914
3608
2424
1844
997
1102
1209
9028
4060
1808
3561
7189
505
6807
1600
3424
9022
2931
3803
3047
1571
3799
3150
5954
3523
5550
4990
1016
7837
5963
7756
8861
8991
6210
4518
7572
757
7908
3518
5301
3252
5595
8362
4354
8160
8737
6961
9123
2404
97
7534
6711
7032
3004
7917
6259
6656
153
2398
2221
257
5084
5665
9493
652
6143
597
6992
6391
4013
7779
7342
3412
9617
8442
4692
5856
3211
9550
2969
1220
9862
5957
2684
8491
7765
685
4685
7016
7574
7516
6740
8766
1653
1023
2809
9569
2695
5212
2542
1081
8691
1292
1828
5419
2417
2392
4846
8588
410
1279
3506
9278
5333
1929
7466
8155
3442
6415
2377
9520
6490
8089
2069
4193
97
4924
3148
2551
203
4844
5268
2425
2195
503
5596
7501
8498
2303
2517
6021
2675
244
1154
4292
4565
5560
3682
6812
1255
397
3905
3731
3228
2860
6248
9005
2724
465
1318
6802
1333
8452
9441
7105
7573
2598
445
4402
5961
8425
3819
4946
5033
4804
634
3566
2001
4686
1538
8020
1779
993
1931
3364
626
563
4698
8459
1755
3729
8700
3825
7544
564
405
5797
7520
4876
8034
8341
2972
8773
5620
6612
7638
2821
2546
645
338
8630
9966
7149
2915
5335
5793
7828
7344
239
3867
2261
2205
2990
9364
7461
5499
1591
8497
1947
8181
9805
5482
5939
1562
1657
2019
5173
4408
134
6483
4986
518
3480
6681
5838
3739
3884
8346
5561
3368
2449
1911
8740
5099
5394
30
9471
3911
7030
23
2557
5280
5943
9458
6934
3251
5604
4066
57
8344
6950
1543
9763
3556
3602
2264
1126
3767
2195
9092
3305
6332
1554
8288
3091
9819
7274
1829
2612
534
9902
54
8255
2989
5771
8253
1243
6935
6694
7994
1892
11
7721
376
7254
906
7449
9854
6787
764
1132
1320
4570
382
992
