1179
0
1709
1328
4791
1701
1695
1961
4636
-7713
9899
-5221
-933
-8573
-815
8733
-2487
1794
4444
3855
-7845
-2224
-3168
-9467
9928
-5532
1969
2219
-2977
4169
7256
9471
5303
-9967
-14
638
230
-8962
-618
-9807
4602
9095
-7902
-6747
-5000
-5279
-9869
2823
-6545
4274
-5150
7306
4903
-9246
2092
-7921
6715
9491
-5400
8035
-6286
4818
416
-920
1102
2943
-822
-2450
9436
6522
-7387
2610
9658
9423
-8031
43
-6507
-4218
-2664
-8792
-1858
-702
-6147
491
48
-889
-764
-5938
-8374
2871
5071
-5360
-5828
-3788
-7433
-1432
-9816
-6283
1189
2338
-1027
-9587
-7521
-2865
-831
8297
-7689
-8462
668
-9468
-6227
-4464
-9683
9883
-61
5040
-4794
2711
4217
3185
-2752
1178
-3144
-8234
2498
8263
3269
-7875
-4147
587
-4305
8131
-4773
9388
4076
905
8601
2767
-2535
2032
-6629
-1538
-5751
-9616
3291
-9813
-1693
8736
5480
-6224
7730
4279
-9781
-4322
-1256
7240
-5380
-4156
8085
-5891
-3558
-9517
7757
-5251
5307
-5289
-588
-3898
-2415
2517
6503
-6391
-8383
-8262
-1356
6646
-4342
-8759
-5680
7230
1292
-6825
8660
2744
-2460
-3354
-5201
9170
5381
-2554
-9133
-9368
-5880
-5186
744
-1446
8671
-4002
-1416
-6605
797
454
8205
1098
-4229
-7489
-8024
-2098
-258
-5332
-2121
-9069
-8414
8348
6290
7330
-1650
-7556
1872
8972
-8857
-3844
1834
8447
6096
7947
6826
4155
-9927
8606
-2276
9249
-2381
-5499
-3346
-3900
-5860
5809
8654
-2172
-6081
-3153
9164
3523
2549
-1595
1195
-6135
-9194
-9092
-2796
5846
-3082
-6898
-8346
9930
-8913
8790
4216
3130
-6537
2642
8493
4360
-8487
1862
2129
-2823
-3829
4180
-6174
-670
1307
4606
-6805
9214
4629
2686
9667
1606
5751
-7609
-4956
2418
4161
5941
8778
7685
-5939
8225
1689
-9347
3678
-6122
9884
6605
-4029
7349
293
4030
-3689
4141
-754
-3315
-4408
-9502
-3396
-1848
-9112
4871
7807
4192
-4736
9609
-5112
-4973
7511
9752
-1767
299
6412
9847
1835
7125
8496
7685
5682
10000
-62
-8507
-9156
7948
-742
-610
-2254
-7750
1230
-2874
-5016
-8962
8298
-1735
4772
2121
6460
4491
-5862
2230
-1396
-6310
-6555
1832
3327
-4145
1696
1449
6814
-9918
-795
-5407
-7655
-2786
2983
-8519
-1166
959
4023
3773
3452
-4665
-2114
-465
2259
1434
-6754
-9372
-3562
-9906
7755
-2010
5974
-1809
-3990
2426
-2188
6282
6735
7
-4870
-7412
-7076
8351
-4969
2399
-194
-7204
5861
311
2113
1856
-9597
-3514
414
-6941
-8912
-8806
-3755
-3950
-6716
-6986
-2457
7375
-5281
-8017
-2582
3013
-6828
2357
-8025
-2488
-7569
-6693
3335
-3592
4218
7894
4204
9390
8890
-2930
-9640
-76
6989
-5459
-8532
-4537
-6204
-1162
545
-2536
3255
-9500
7853
-9693
8917
5418
9233
150
3090
-2186
1741
-5855
4770
-2196
-4767
-2421
5647
9170
-7159
-9170
7074
8607
-149
-8845
-8917
4456
9784
5541
-7551
1826
-3574
6743
4074
27
5368
-6916
8702
1566
-2027
4126
3651
7721
6104
9593
1131
5051
4123
3471
-5345
4652
-202
5019
-304
6669
-7688
3680
-2095
-1383
-6955
-5610
6247
5689
1919
9210
-3436
4338
-7161
-5721
4554
9398
-539
-3301
4969
3946
401
8939
-6600
3126
9231
6765
4625
4724
-9436
9954
-9064
1676
-9801
5085
-2275
-1019
-1525
8020
-3824
-9722
-2890
8802
-6514
2297
6097
-7378
7155
-9996
-4636
-9677
872
-8165
4145
-3321
-1095
-8598
4505
-8687
8148
9712
758
-8561
-2465
-3741
-3429
-3809
6043
-4552
-488
-333
2084
6712
-445
-9005
2226
-8921
-788
-3907
2656
-8404
-5233
2047
3202
-3895
-1834
8055
-5029
-2573
-6294
6626
-6386
1317
-6138
5978
6629
-870
-6914
-3013
-10000
5767
-9963
7315
-6204
-514
3355
4536
8130
-1686
5165
-7961
7338
3801
8523
9679
5655
565
-8302
-5875
6510
-9953
5326
2887
-2825
-4188
-6359
-1181
-7533
-7854
-6692
7301
-6114
3624
-7454
8735
7692
-8779
4512
8304
-7441
-247
-1129
4329
-2350
-2957
3674
-7047
9324
2795
7739
8291
-4359
-8837
3034
6713
-5642
2069
-3109
1859
8373
-6951
-1585
-5490
1729
5132
6550
-8321
-9429
-1039
-1548
-5455
-2331
-2979
-1525
-2499
-2201
9378
2320
2001
-1636
-9525
-6824
-3501
-6449
-4806
-8335
4912
-3284
1824
5369
-9712
-4746
2203
3196
7978
-6495
9212
4427
-6368
5309
7312
-1536
6505
2673
7413
8025
1605
-2342
-7248
-20
-1082
7832
6634
-2229
1928
-3548
939
-9242
-8582
6822
-7185
5367
-8848
-8219
4734
5266
1494
6622
1706
3557
-9204
-5189
-6040
-8352
7477
4477
9991
6617
-9845
-8691
-9533
-9706
4322
852
-6978
-5639
7472
2690
8483
-4053
-434
-9779
6624
-109
2962
-1266
7975
5365
2447
-9487
-385
5911
7518
-9882
3321
-1745
-1716
-981
-5891
2213
9364
2549
4654
-8895
2027
5073
-4073
1415
3586
-2695
2281
-6470
766
1324
-9345
3063
-5023
9535
3371
-5534
9264
-1022
-2142
-4556
7328
-1558
-2191
-9039
-5198
3764
-1536
4512
9904
6617
-8408
2434
7540
3642
-2617
5466
8224
7375
2358
1485
-4439
-2622
2148
-8494
8836
-7203
4304
5158
-9148
5664
4994
3937
4864
-8531
7824
-374
4342
9688
2872
-141
4473
-7698
-8896
-2991
-6166
6453
-7129
-9836
-2764
1818
2086
4626
-3730
-1287
5874
-7861
882
-7721
-168
-6223
-3269
-6244
3842
-976
6431
-2713
4210
6476
-1568
-3447
2902
4466
3938
-9073
2567
-8094
8477
-260
-9569
3254
-8111
-4446
-4938
-7836
-2380
5910
-9605
6477
-4273
9465
2696
-5643
7141
-7965
7374
9874
-6266
-3452
6904
2322
-640
-8936
9113
166
1272
2559
-6646
5308
-8865
2910
-9438
-8924
-550
383
-7540
-6686
-4183
5469
-1466
5932
2442
-5378
1598
3440
-347
-2684
4459
3719
-1175
2225
5307
-9760
-4736
3963
-4482
-9377
8839
-6594
7239
-9898
-3950
6870
7852
8608
41
-501
-3955
-5024
5998
-4895
-1179
-3770
8596
3259
1668
3469
1247
-2644
198
9106
-2573
8041
-610
-7324
1453
5167
-3875
-4009
3278
824
-6445
6945
-3582
-3119
-3109
-3164
-4901
4047
7886
6009
-1282
-213
-3771
7386
6586
2813
-138
-2118
-3449
5367
280
-4075
-6727
4907
-8901
-3292
4640
-995
6435
7922
-1313
6476
1856
-9874
4501
81
2821
-9234
5412
9183
-4697
-9283
941
-5078
-860
6648
8799
2920
7992
410
-651
-9803
6415
-1945
158
5770
-862
-2676
7334
-5973
6299
1731
6042
8185
610
-5023
1616
-22
-5420
9048
-5199
6572
578
-3621
5962
5881
-9810
-2569
5182
5550
5586
-8083
6872
1369
1947
-6551
-2066
6966
-75
3447
-4609
1205
-7738
1266
-8131
345
6031
1864
-2366
2747
-1734
4895
-7310
4127
9021
-9370
5308
-5662
6267
3975
5246
751
3833
-5338
2189
6913
8715
-202
9157
-3519
-7427
8064
-9849
1427
8360
1485
8808
-552
-2106
8088
4459
-8672
-8227
-857
9677
8295
-687
1470
-7664
-4930
-5121
5883
-361
9298
-1983
553
-7782
320
-5037
-2409
5184
7060
-5056
-2265
-1863
-874
-7562
-1601
7834
700
5813
8232
905
2771
9429
-7845
9487
-2644
5258
-428
-3908
-757
-3651
-9816
-8448
802
-1023
-8891
-1835
-6539
-5667
9143
-6239
-9353
-5494
3254
1586
-2941
75
8033
-9488
4187
-1346
-4087
1775
9313
-4578
8008
-9763
-2813
-5028
5584
159
8067
-4290
-3071
5160
-6841
2302
4821
8288
1115
-6949
-3447
-7666
2524
-6922
-7446
892
-4648
801
-6008
2550
506
