7626
0
8531
-423
8548
3072
480
-3340
-4630
-8525
5378
-8695
3546
-3672
249
7119
2188
8295
-4875
-5113
-3658
-8680
133
4564
-3751
-4412
-4736
-4412
6751
2300
-6676
9166
7782
-6739
-9928
-4611
-3537
2276
-6175
-563
-4690
-8020
-3014
-7850
-3116
1366
8386
7877
4183
124
-7897
-7025
-5589
4651
7614
-9683
134
-4956
-6663
2497
8885
2682
-1321
5998
-7117
-5945
2651
5818
-7067
-4931
-7753
274
-8396
5411
8216
9695
9975
-6301
-6039
-2833
5480
-5549
-2805
7931
-2709
1375
5986
-2600
-2220
-6659
-1463
7845
279
-112
2743
7699
4222
-7871
5848
4435
3603
-8257
7017
935
9784
-4495
-6720
831
-6697
-8258
-481
8599
-6849
7650
-2567
3813
-2516
3495
-9666
-2701
-3148
-6840
-6171
-9867
-2566
3352
-1218
-4207
-1167
696
-3591
2199
1309
-1631
6000
2798
-2304
6197
-1730
5903
1492
5821
-3424
-2577
-4244
236
-9800
5401
-3587
-5642
-7110
3697
-4798
-4473
4585
-2167
2131
-5798
-5188
-5331
-8794
359
7305
-4884
652
6828
-9457
-3359
8028
933
9085
-6346
-3351
5359
9516
-8797
7404
-5921
-8572
-1832
2412
8833
3989
3655
-6683
-1228
3700
-1657
5518
-7047
-6612
5133
8079
-9490
-8390
4297
1199
-1091
-7400
-1837
-6250
4575
5227
2522
-4035
1944
4676
7015
-4980
8127
-3
-7579
1420
4360
535
-1639
-7446
-6521
5045
-2114
9585
-1429
7928
9081
-8283
572
-3352
6013
3470
7244
-8944
7994
445
-7239
9126
3545
-341
-488
4789
403
-4348
-6984
-9887
-8166
-1197
-1030
5002
-6555
-2934
740
4985
8093
-1672
-464
2480
-4367
8911
-8105
-1003
5059
8374
241
-2299
-331
-7324
8842
-852
-1606
-3812
-8376
-6684
-479
9765
-4437
51
7134
246
8674
-8403
875
7623
-2296
-2412
-8734
1620
4727
-1000
-5615
-222
252
341
-7996
553
5267
-3683
-9992
-3630
8112
5703
5088
52
1129
8913
266
8390
2788
-3300
769
-9889
9647
4052
-4346
734
-8797
1689
-78
4832
-8799
-8295
6688
-4668
1509
7053
-3368
8741
-1900
-7543
-4155
5998
-526
1128
4064
-3460
-3714
9483
6663
-5056
-5369
-6784
792
-6847
-8583
-9811
7061
5766
8361
-5577
-6631
3334
5286
8272
8489
-4902
-6268
-1128
-3868
2244
-4122
-7198
-7942
-9277
-1019
6398
-951
-1052
-872
9796
7012
-8237
7417
-9030
7521
-5014
5073
-6722
3557
4867
-9418
4863
-9994
2616
6407
-9437
6588
5388
-5330
-977
-1402
-6000
-6874
4791
9517
-7558
2094
-9144
-754
8622
-2663
608
9616
7843
-4108
-1010
455
-4926
9935
-6630
2300
9839
2870
667
-5191
-7797
-1131
-5435
-7831
-5198
2675
7652
9683
-5401
667
-6998
-7730
9111
-9977
7715
4684
-9073
-330
8889
-3929
-7527
-7044
3217
7764
-1526
-3957
-6088
4596
-1062
-2317
8936
5782
-4481
5785
-7754
-7488
-1961
8534
-1919
5476
-3315
5601
-9922
-660
-977
-7381
-8025
-7300
6067
6923
-8410
-2204
-5380
7911
9046
-3812
369
-4187
-4752
-2167
3831
4191
9708
-5793
-2149
-3712
3639
1230
718
-7705
4929
9457
-4647
-919
8427
3334
492
5893
-9718
-3963
6974
7783
-2839
5492
489
-8493
9546
-9225
-3636
4943
-4518
7210
-2652
3232
5722
3150
5273
9447
-3344
-8621
6026
-3568
9477
-2808
-8871
8981
-6292
-8188
2324
-8783
-2548
123
5502
-6516
9284
5102
3506
-8870
3130
-3017
6192
-6972
-6088
6047
6019
9243
-186
-8936
-9059
-4867
-2210
9616
8353
8629
9607
-4174
1858
8218
-5098
5670
-8139
1916
-8532
3846
7009
5042
-9606
7622
-9706
-7666
-9574
8203
-6212
139
-4477
622
-781
8903
827
6447
2216
-8943
258
9792
-5980
-2516
-2871
9391
7348
-4331
4578
9194
-3977
3313
-3947
7453
-414
6377
-6761
759
5800
903
8207
-8959
226
-7707
5958
-3287
4462
5673
-888
332
78
-5685
-3634
-259
9821
-4841
5889
-9597
5373
4124
192
6664
-961
-387
-5476
2921
9777
-6143
-696
-550
2048
6257
3389
-7852
1089
1529
-5635
-9598
-131
-6486
-3377
5647
-5270
-5903
-6673
-1252
5539
5256
6359
8362
-6766
5333
-201
6597
180
-1271
4417
2880
-8796
7365
-816
-9191
7188
1920
4531
4779
-3923
-9950
-5208
1720
-999
1955
-7795
-5762
368
1417
9186
-1414
-5409
2199
702
2394
-2894
-9694
-6578
519
-1498
-7335
-439
-9638
-2443
2347
1785
-8867
-4811
8519
-7623
6764
4404
916
-6080
-1829
581
8891
-9955
5323
6203
3906
4117
4607
-8895
2667
-3796
-2317
-5364
-1156
-3260
2674
1477
1125
-3903
8644
-5977
8275
-3832
-3159
9871
-9027
8763
62
-9661
-9514
-8534
5551
-9040
-4792
1034
6461
6566
2174
3655
-8049
7100
2010
-5529
4252
-6736
3665
-1314
-434
-9062
-5697
9260
-326
-6669
4905
4800
-166
-732
7511
-4067
-6921
-7974
-1623
-7517
-5622
-1371
-1385
-535
-6530
-5903
4589
5637
6052
-3224
3915
-4082
3496
-6486
8986
-8979
1728
1306
-2004
-1573
6126
5910
69
-2772
6337
-2173
-1903
8786
7771
-4068
-8818
-2753
8888
6646
-3129
-6235
3451
57
-8030
935
-632
-7499
1390
-8391
-421
2056
-9923
-491
6351
-6389
2583
8855
7290
-9629
-6549
-4968
-1313
-579
-4586
-2625
-4810
6401
152
5433
-5822
5933
-1347
-4539
3147
-5663
2130
2271
7629
-5327
5968
770
-6202
3626
6178
8959
-9075
-4282
-9530
4305
8460
6178
2584
5639
-9178
369
4298
-1150
6925
8250
-7371
5551
791
-9489
5015
2567
6027
6950
-878
5103
-5793
-7849
3243
-5273
-1651
-9607
-3131
3211
4504
-2478
-9040
5989
-2301
-1938
-5167
2918
-7633
-649
2883
1106
-8787
-7795
7061
-8140
1222
-3634
-4244
6449
-2644
-3510
-2313
-3178
1417
9742
-664
5831
148
1487
-8918
-2770
6628
-8259
-7538
5832
9896
-4397
-8247
-4688
5116
5683
3253
-3212
254
-4099
-7627
-5910
5350
-3926
9766
8685
-4732
9452
-53
6518
1977
4300
-4600
8072
7723
5067
6885
-3204
2280
2233
9005
8086
-8868
-6429
-7079
1262
9763
1147
6259
-2881
731
4708
-1958
3911
6423
3826
1286
-1295
-7821
9084
-3391
-5077
-1920
286
1107
857
9310
-4529
-4820
87
2131
250
7780
-8288
-4697
2089
-2960
5910
7884
1997
-28
-7645
-3253
-2373
-9306
3876
-4173
809
-6881
-944
858
3473
-6494
3154
-5702
-875
4180
-2786
7495
9211
-3399
2502
-3130
-6452
-882
8885
8762
6715
5578
9845
195
8232
2720
-7485
3687
-4278
3102
-42
1157
4393
-5742
4932
6511
5465
6105
-802
5203
2603
6419
9058
-8212
1047
-4172
676
406
-5338
578
-4942
-2024
8691
8591
4165
-4081
8321
2249
-1221
8829
3992
-4804
8888
-3525
-7167
-4250
4865
4282
4326
871
3524
-373
191
1150
7528
1557
-6669
-4940
-6425
3881
8940
5777
-5948
2105
-5827
-4521
-2635
5173
1560
-2596
-5347
-7565
-5612
2326
4768
-6167
-2138
2162
5271
-7132
-4746
4723
-3839
-4525
-9626
9711
-1230
-1937
-1552
2424
-3276
-6007
3107
-8801
6772
-6626
-736
1160
-4252
-8763
-3524
4089
1197
8677
357
-3892
4641
3415
2176
-3335
-5743
-6027
-384
-1432
-2504
-829
-748
-9417
-892
-4206
-3619
-9382
132
4734
-7581
2432
-8275
520
7698
-5477
6680
2623
-3917
-2485
-2100
-6209
-6808
9557
570
5259
3922
-5151
-3873
2061
-3678
-7636
1644
124
-8858
441
-7555
-4526
-5386
4304
2604
3005
-8400
-3509
-1007
57
5412
1077
-1623
5731
2386
-902
-5347
-4841
5989
-6499
-7206
7333
6923
5798
3561
5976
2394
7762
2522
-4647
967
-2283
9330
-8819
-3947
-9831
-5170
5906
-8612
7909
669
-1408
-2488
-8394
-6148
-4375
-941
4755
2129
-2576
-2782
999
-7882
-3972
-5604
5685
5467
-55
1814
-2331
-8025
-4267
-3206
-6562
6626
4708
3086
-6413
-6536
2690
-4360
9988
8924
-3006
-3352
-7267
-4520
3414
18
-9456
8634
7398
3929
-7723
6710
-2874
6422
4527
9339
-6561
-596
1117
5275
-6374
-8911
-8412
-8584
-2004
6161
3805
-9678
490
-8724
568
5230
-5769
7064
-8996
1215
3970
9091
-1825
19
4244
4886
-5428
-5317
5916
8454
5402
-9484
-3793
6696
-9263
-6398
-9016
7376
-1641
-4505
-3229
5582
-5043
7544
5846
-6813
-6403
-2642
4245
2234
-7492
-8883
-1653
3802
-3721
-4942
113
-591
-5210
-7493
9478
8341
6386
-8192
-6405
884
8990
-4674
-9819
-3100
-6114
-8657
6663
9241
-6821
-8401
4581
-1624
-3322
-5370
-6693
7778
6993
-5061
1764
6533
3475
-1834
2580
-5284
4893
8087
-2427
-5625
-3047
7873
5296
5818
-9516
-3309
7262
-8142
-9477
-7027
5360
-8318
-6433
-5180
5741
-6516
9794
2975
1146
-8004
9694
-6491
-89
-5611
9660
-4399
-7584
-1228
-9740
87
-9814
-608
-1238
6808
-6659
-2323
-5578
8695
-3873
-4098
1555
2405
-3061
4224
-5884
-2188
-2095
-4127
2308
9022
-7273
-1666
-579
-5049
1130
-8369
-6596
-565
7524
-855
-8752
-3630
-6737
4464
-7278
-3824
1732
7941
-4534
462
408
9198
6429
2835
-2300
7547
3323
3530
5213
-6994
8589
-1281
-8082
-1681
-2304
8663
797
-9706
2667
396
6639
9032
3670
-9579
7089
-3282
-6441
7044
8302
-4545
-2308
4973
-2742
9091
8065
-152
-6332
-7646
-9250
-6322
-9656
-6435
2196
2136
-8929
-100
-4288
4507
8214
-7674
-2735
9212
-9717
9456
1189
-449
5492
-8445
-2936
7699
-7010
-190
-5562
7536
-4608
-2085
9018
7101
6681
-169
-9990
666
6350
2
-4420
5091
-9207
-7839
-9088
3060
2735
1338
5019
3955
8570
-7451
-113
-8141
-211
1134
9420
-4357
-1625
-7941
-4966
-1094
-511
-9485
50
-9680
-8695
2115
-5620
-332
2837
5395
2355
8967
4491
5606
-3405
7482
-122
-1836
-558
3179
-4842
2619
-7245
5066
8459
7447
7563
1569
-228
-7407
3709
-412
5444
-1333
-576
1681
5784
7730
-3682
-500
-2425
7615
1781
3156
-3625
-4350
5274
5896
522
-742
-9960
5079
-3186
8674
-4648
-6106
9882
-9853
-5075
9507
3876
7248
3540
-1907
1969
6221
-27
6826
5598
3865
8007
-1909
-6937
9710
-9481
3542
-5528
-539
-3679
-3640
-9918
-5588
4398
1096
-896
-3385
5948
-6055
-8141
-6828
-2930
-1513
-2297
7944
-5994
6552
8406
-8101
3741
4004
-9745
-7652
-6618
-3956
-5639
-5817
3192
-6290
7040
-580
-9971
6463
-1927
-3611
2635
-6292
3577
-8160
-8769
-5606
-4475
3327
615
8018
1160
-5893
8620
6265
-5910
7209
1643
4475
-7405
-6290
3942
-6608
1177
6621
5224
-5047
7424
5261
-5630
-9948
-6493
-29
-4741
-6904
-7839
2836
6756
-255
2305
-9671
-5240
5448
-7873
-6338
-4021
-5318
-933
-1814
-6207
-7936
-1303
-6960
-2909
-2182
-9955
-2686
8985
2895
2273
-7956
-2177
-6553
4145
9653
6752
-8319
193
1923
-6293
7700
4534
6874
1303
4194
5509
3649
-7751
6809
171
-9264
-1314
-2196
-1943
685
-9733
-6107
-455
9633
564
-6287
9060
-4256
6476
-389
9148
-7485
-6375
2833
1255
1635
-2425
2120
-2953
-9249
185
2954
5625
5453
6072
-8231
9566
3655
5463
7768
2530
-9998
-284
-3892
-4018
6826
-4566
-4860
1820
3185
-8881
1234
-2071
6276
-1801
5595
9477
2779
1535
3130
-4729
9943
5535
-3331
-215
7094
-9030
5090
-6326
-455
9328
4890
-3130
5908
3018
9749
-5672
8862
4810
5447
-3511
-2234
-8761
1396
-5318
5759
5152
939
-2807
-5935
1170
7216
3310
-3577
-3055
7544
-2940
-6653
3082
5761
-9485
779
3126
6961
-6070
-7772
3896
-1339
-2145
6689
-2060
-8498
-1807
564
1406
-9731
-3457
-2555
-5480
2271
-6672
8200
972
6880
3198
3917
-929
9687
-1118
1016
-8706
-2064
8670
-3857
5572
-8709
2805
3340
-278
-9347
-8745
8102
6477
7003
-19
6018
9546
-679
-173
1638
5333
-6056
832
-8960
-5947
-6318
-715
-5542
9146
-7348
-8702
969
2761
-5223
2519
-7505
6847
4492
-7518
8489
3148
-9692
-53
3474
2896
8061
3368
-4421
-3719
-8085
6800
-3739
7732
648
-1317
3108
-926
4219
378
7662
4208
8143
-1941
9904
-1048
8567
-8299
5547
1299
-9928
-937
-9169
7864
-5690
-5696
3860
1703
5435
9506
-8945
-7920
6028
1461
-28
-7380
-982
6950
-8880
1264
406
7707
-2132
-8144
4158
9471
8756
-4765
2116
-4284
-6868
4272
-8342
-2053
-5591
5661
-947
-1231
-2056
-8621
5691
954
-2106
575
2807
5841
-309
7143
3028
6720
-1778
-7786
-2709
4736
7612
2555
-3747
3886
5968
-9150
340
-6715
-4249
4215
788
-6255
-508
-8829
8013
5411
40
5996
2746
-7568
2458
9401
-9466
8091
-9971
9379
7951
157
1634
-8056
-5875
7506
-8170
-8717
9407
6500
3179
-7325
-5832
6405
3886
-2755
6137
9826
-7525
-5945
2131
5821
1144
-5384
1452
-8139
9907
9060
-9625
9838
7589
-7306
-1813
-16
-3975
7049
-8676
3822
905
-184
-6319
-5022
8934
-4401
7723
5076
-4808
2473
5149
-4320
7536
2331
4811
4364
-4885
1782
-8170
-5021
3696
-9245
7538
-5978
-4371
-3869
-6083
6352
7628
1553
7224
-2617
6654
-3283
-7891
-637
-4276
-3547
-6064
6649
3329
2338
-7528
-9113
6279
2835
-312
-6557
-5706
-8755
8918
-3498
9111
837
-3252
6012
6208
5295
720
6431
-6904
2068
-6729
6497
-1214
-6851
6762
9534
8080
-2329
-7680
4163
-4833
6680
4665
-5621
-8070
-4145
5113
7692
-8275
-9055
-2943
-1404
-5686
-6302
-2432
-9918
-4107
834
9692
2537
-8693
2416
6886
171
6281
4334
9932
-3198
2634
4397
7724
-9781
-3350
3001
-8422
-1846
812
8250
1813
7236
5580
3777
4508
-7956
9179
4922
-9129
-1421
-2737
8967
-1756
3654
-54
2304
-9495
3622
5925
3797
7647
1029
7984
-8632
403
-830
-4222
3296
4295
-9286
6108
3074
7744
2851
-4077
-7027
-3597
-9651
-7847
9193
-5171
7644
3704
-5498
-8112
3366
-6224
-5830
-742
4489
1578
5642
6941
-489
-3941
-1723
7359
2352
-9507
-6558
-8492
-1519
-5870
5665
5393
1428
1881
1452
8118
4160
-4864
-1652
986
-5666
-4816
6962
2519
4070
-7527
-1654
-8443
8659
-764
-6044
8310
6765
-4501
-3871
8847
-6250
-3955
-5522
3411
3217
8159
-585
5030
5487
2535
-2287
-2467
-8090
-9570
-4072
-5704
6677
9166
-6544
7180
9574
517
4486
2281
102
3161
6870
2851
-5197
-4514
-3592
4901
-1234
6289
8665
-4720
-3115
3499
-7581
2577
2295
-1778
284
-2725
9434
3929
4997
1152
-3087
-2918
6368
7951
-8867
3576
3029
4582
5174
4891
7832
7895
-2549
-8731
-7092
-6403
-1651
1360
1029
-5355
6779
-4206
-2674
40
4374
-2289
5171
1164
4632
-7199
5467
8204
4311
5313
6740
-6088
-9387
7207
-3599
9425
9925
5859
-5930
9300
-5134
5051
-1017
-2114
2419
31
1738
5599
8830
-7970
5106
8654
3943
3099
904
-8776
7660
5168
5941
-4937
3889
-5400
-8235
-3347
-8205
-1210
2526
-9131
3292
7022
-7652
1986
4542
-5299
2011
248
9040
3710
-6075
2237
-2368
-1417
3108
2688
-2541
4404
11
680
7330
8784
-7482
4480
3302
-9343
-6412
7138
-5650
-6025
8149
-6440
-7536
3410
7127
6276
-9862
-9850
-693
8951
2566
2775
8647
1613
-7282
470
-730
-6293
5649
-5805
-4462
6032
-3623
1692
-6819
-8620
4138
-679
-864
2258
-8908
5182
-9822
-6000
-5201
-8551
9166
-9101
6212
2702
-5261
5811
-5729
-4487
9083
-7938
5926
9724
8374
-2414
1539
-8031
-4014
9774
3165
7430
4374
-2164
2694
-5045
6326
-170
8362
-6239
2042
-1985
9936
7295
-8339
1914
2899
6144
-7828
4098
-9746
229
2982
-355
-2056
-76
-8847
-6235
-3604
2541
-5633
-7790
4863
253
6822
2062
4858
6335
-2103
-9203
-1740
-6330
2160
-3946
-1
-2712
-7757
-9388
-650
9425
-4642
-2385
-9499
-4133
2893
-7578
-4618
6572
8541
8061
-5131
8277
4743
-8473
1591
-6048
9243
-2543
5418
5775
-989
-3785
-8421
5563
-5100
-1229
-2777
-2783
-9851
2727
4170
-1262
-5977
-653
-8176
-2050
6965
-688
-5665
4492
-7211
-4921
-2087
5013
6607
-2558
4554
-9470
-471
-1317
-8741
6492
1574
-2305
5903
3428
-4455
-8327
5531
-615
4489
-5604
-4382
-880
452
7248
1670
-391
2683
7131
4276
-847
8406
6430
1384
2998
5258
4978
354
5106
-2793
1101
-1194
9926
-9003
8952
630
-3544
1786
4242
-2481
2970
1706
-7629
-3265
-8022
4947
-59
-8125
2501
-9000
-9193
-8790
1065
-766
8846
-1548
-1855
8237
-7165
5917
4857
-2954
5879
109
9191
-7089
5617
5810
-3939
4686
-8844
-106
-6782
9999
-3606
2803
6638
1346
-4437
-1626
-7115
7788
4673
-3344
2078
-6343
-1283
-189
-5560
-5670
7081
-4115
-496
1596
568
9243
-7537
-6994
4223
-8873
2066
6204
-6060
-4680
-3220
-7414
-2076
-6655
7455
-5693
4548
-3432
3046
-4364
1979
7184
-2888
-1583
-8855
4673
-4382
510
-1270
-3167
-9668
3185
-1443
5760
7003
-1289
907
-9701
5524
-1456
-8557
8474
6438
-2021
-8168
-1066
3339
-1734
8756
-1448
-8869
-9845
-1060
5851
3463
-4007
2367
-1134
5211
6452
-8359
-653
7784
-5963
486
-7760
-3427
5653
4755
3423
241
6727
123
2639
-4140
3718
1191
-9964
-5757
-8925
5984
-1927
7551
4902
9817
-3619
-1686
9674
2982
7633
-4333
5808
5994
-6388
3078
8030
8287
-901
-5732
8761
-8116
7947
4804
8699
-6127
8494
2230
1802
4947
4115
434
-8184
1605
7622
-9404
-794
-743
2130
-5602
6864
-3323
3597
-2395
-3624
776
-7036
-877
-5086
8383
-5170
-9498
-8607
7152
-8844
6859
-8101
3869
767
-9795
2147
4062
-7692
9486
4632
2691
8717
-7322
-5585
7922
-6253
187
-8594
4902
-6375
1074
9425
6211
7635
7387
-4280
4077
9856
3930
4271
4925
-9295
657
-6804
2916
-7462
6669
-7465
8737
-8817
7753
-1720
5867
-8724
5256
424
-7248
9733
3989
8705
7752
-586
4280
5468
1735
-4587
6388
-1152
-4442
2571
6159
2751
-3238
-5045
-1584
-9213
9291
-1599
-9219
-2069
-4426
-169
39
-1754
5082
2487
3707
-5136
-2778
2237
-8189
9594
-1741
6433
7034
6857
-8003
8801
-9379
-3786
-3083
-6316
9176
5444
4129
-3754
-5057
-8938
-3386
7894
-846
-6337
7353
9616
-9067
-4204
-699
1883
-2777
6887
6212
6598
6351
-3603
-2476
4243
-2929
4804
-958
6726
-6955
2323
-1222
7294
8504
-2327
-5370
8778
2087
-9662
9273
1069
9395
-6907
4491
-493
-4742
8685
6232
4371
5040
3963
939
-9051
7697
9229
-61
-5880
3706
-3228
-3508
-6327
4296
-8985
-6207
5254
2421
6558
-3802
781
7007
-6129
7978
-4475
-6002
3935
-5415
-5141
2084
5719
-7089
-9788
2914
8746
6685
-5164
-6296
-8859
6890
-4753
2948
3170
-4743
-1866
-641
-7591
5731
-9124
4954
92
-3788
-3914
-3813
3879
1189
-1798
-5787
-1426
-2613
2938
-8056
6801
-5289
5329
49
-8810
-4602
-2420
1644
7036
6958
2982
8027
2728
-6992
-9364
-8752
2291
-4195
4251
3661
-380
3571
-448
5109
8314
5364
-200
99
-1762
5360
3499
1299
-9879
7363
3843
-3326
-2530
-8664
-2980
2259
-5221
-2925
9558
-1148
-4509
-5187
192
6021
1015
-8236
6070
-3599
6255
-5981
-7105
-240
-3789
-2573
8429
-7522
-1281
-9289
4991
-2669
5323
-9463
-9738
-7984
-2229
5177
-9918
2951
6258
-55
-8413
-3455
2241
-9571
-8605
2754
302
-2579
8719
-7981
3757
-7438
462
574
-2747
9522
5446
-5859
-5167
-4465
-9110
-7262
9630
7580
-8330
-8188
2325
9655
-180
-6303
3651
-8973
7968
-9399
4279
-82
6809
-2998
7993
-158
-1813
-3952
-5242
4060
-4756
-5279
2094
6416
-3456
-1489
218
3970
-6209
2586
4586
2721
8656
1179
4743
4555
-7420
5847
-7743
-952
6488
-5911
-5991
7870
-5365
-8085
-5798
-7373
-268
-4066
-5499
-1104
-8753
5925
-6193
-5286
-2385
-9959
-717
6629
3220
8119
-3423
-936
-1029
-9614
-7645
5138
-4310
-5546
-9912
-663
5446
7157
-3797
-9751
-4935
-3272
-3138
7949
5389
7512
3679
8544
-6869
9947
5736
4822
-3835
9505
9541
-5368
2123
-9459
2979
7382
8871
3570
-5078
4467
9738
4389
6839
78
-4043
-2984
-9294
5474
-8937
-4860
1925
-5530
-395
775
-4839
-8968
-201
1251
-6435
3060
-2831
-9252
-6025
-5027
9180
3005
7285
-3860
-5892
-1201
-4126
-64
-4415
-7171
9504
-9998
3320
-9112
-1707
-6283
-3329
2472
-203
-8816
3319
6827
7047
-1427
6826
5551
-391
-7016
-5262
-6466
2816
-8970
-2679
-5913
-859
-9969
-8136
-4662
1646
9939
-2775
-3157
9556
-6427
-2286
6901
-8051
5387
-2208
3955
4463
-7938
6524
8141
-1954
-4928
-4554
-6254
-2876
-307
-5075
-1614
7713
3970
3665
393
-8327
2457
6630
4065
7095
5163
6722
293
-2798
2689
-7476
-2479
-5739
-3067
-1899
9196
2044
9505
8973
-7025
5291
-6339
-9779
-6698
2545
-5069
-8360
1175
4455
-6527
-1531
-6645
453
2709
-4561
4419
8164
3115
9855
-3838
-4582
-5019
-4863
2852
1414
-4154
7507
-3438
-2475
-7126
8896
-88
-312
-343
3172
9836
7328
3404
-3453
442
-638
-5967
3709
5975
-7672
1544
-8305
-8576
-3159
5677
6600
5888
-1767
-7416
-4917
2884
-8546
-8809
-416
6894
-9926
-7006
-6587
7364
5666
3247
-9070
-7859
243
-3208
-8792
6114
9154
446
1799
4221
-7130
-3843
-2809
9854
-3520
-8938
-3201
-701
-8514
4350
2993
295
-6198
469
198
-1098
7576
-3119
-4466
727
-3737
3181
-8265
-7101
-8400
-4880
-9272
-9073
-2162
3723
4555
-7691
7063
2243
-8421
-5577
8131
2036
3157
-1258
9077
6505
6111
3641
-8504
-8552
2678
3184
-2868
-6079
8400
9357
2987
-8622
6429
3572
-1969
-8919
1128
-1459
3241
5129
-6159
-5812
-6649
6368
3723
3719
7884
-5423
4503
8837
-648
-300
1682
9598
-6615
1298
8713
-8605
-3973
9345
760
8415
3131
9982
-7641
-2005
6644
-320
2297
5307
2734
-642
-2698
4024
-2053
3813
61
8512
6893
8465
-4885
1157
-7174
-4101
9384
-1223
-8529
-2543
4452
-1277
-4265
-1836
-9391
-1428
589
-6498
-9629
625
-8123
-7863
-469
3665
-6821
-7924
7949
5545
4106
8217
-5246
2311
9241
5777
-7231
-4718
5226
1319
-9372
8800
-5145
3485
-4850
1969
-3618
-786
-9465
1407
9481
-8868
8987
-7975
-9802
-6475
7298
388
6410
7493
2045
-743
8029
5758
8926
-5231
7493
7118
-1076
-9569
-910
2883
-5553
2633
-7297
-3543
5230
9538
7568
-7478
-4317
-1122
-9934
7312
8784
6321
-8387
3912
7681
-2218
-5374
-1261
-1079
-3097
-4387
3938
6239
9471
-3286
-2620
-7561
5355
-9767
-5484
644
-3829
-4830
-2195
-5920
5712
3516
-5169
-6604
-5811
496
7279
-2308
8797
9703
-5366
1328
9592
-9533
-1434
-87
-3095
-5381
9669
4690
-9888
-3018
-3655
6857
2455
6416
-2649
-6264
2036
-3409
-6923
7663
-7552
-3090
-2399
4618
7659
-9113
-3498
1200
4223
-7799
274
3347
7174
-8057
5265
-3179
4376
8688
-1602
2899
-7992
9016
8363
3938
9280
7602
5013
-8064
-8068
266
-2972
-3142
-506
6348
-490
3553
7726
1664
9450
-4406
-424
9162
4721
-4503
7944
-955
-8663
-6673
-3561
-146
-1930
-9284
3241
-4826
-499
-2707
9634
8813
2285
6384
-7314
-8103
3009
-7212
4884
-81
3374
-4950
-1144
7465
-8360
5655
6376
6433
4473
-7810
-9802
5773
-2236
-5633
4134
7607
-922
-9332
-2421
5949
-866
-9950
-2450
-9105
661
-1290
-8179
-1998
-6682
3085
-6679
412
-9792
871
2667
7258
-2784
7150
-2428
8504
8979
1336
-8249
5066
7511
-8620
-3702
-1168
-9748
6560
-789
-7647
392
125
-7926
-8846
2584
-294
-2522
-1003
7924
-6446
4112
2957
-8462
5474
4282
1058
-7602
9935
-9566
-6499
5461
-7640
4712
1973
-167
7800
2620
6900
-2218
-3104
-9857
-1938
-4134
-9876
5886
-4984
-6746
-2931
-3211
3903
-8959
9395
4659
5037
8540
6740
-4226
9244
-291
4329
-2936
-7555
-7469
2346
4430
-2482
-9916
-1525
9232
-6013
-7267
-4610
5492
-5515
-569
6660
-7353
3436
4457
618
-5607
1059
-4172
-3976
-9483
4682
-2211
6532
-7224
7590
-1545
7590
9712
-5101
1991
3059
6106
3179
1633
6495
-7422
7027
5264
8021
-2126
-3571
-9161
-3178
9048
-4504
-7963
5658
2701
-4490
-3251
305
-7631
-9610
716
7509
-9148
-5890
-8293
-2131
571
-2604
-5234
-7841
-4875
3662
3751
-4524
-9066
3463
1270
-3724
3945
9748
402
9098
176
2323
-1011
-767
-126
-3807
-8996
-9086
-5068
3182
-9711
1578
-1209
9330
5334
839
-2258
-3942
1938
8366
-476
-556
-3657
-9235
3035
1188
1948
2901
2601
-3135
957
-6590
-5001
-6276
642
-5353
-2277
8977
-1152
4560
8185
-962
1811
-7895
2402
3707
-3630
-6892
-143
-8648
-7565
368
2376
-1012
1727
2514
944
6395
-9971
1805
6877
-3357
2446
2742
3880
-3912
8194
9585
8490
7872
1283
7281
-7546
-6206
7334
-9013
-308
3279
5981
3589
4058
1844
-9232
7333
-8034
5198
2716
7037
766
-9336
57
4572
-7298
3060
-5395
-1764
-4648
-1587
-4534
-9579
-9424
-6799
4082
2773
-6856
6046
2843
4879
316
7848
1252
-1778
-3667
7814
7425
8592
-617
4425
2446
-5263
-1570
9838
-7912
-3481
2886
-2558
-935
-7495
4851
-1607
9683
8900
-635
8903
366
2328
-8001
-3011
-2213
8177
-2291
-3304
-8471
-3200
6214
9892
-3410
7447
9658
2299
9553
-5919
-1035
409
-9318
9689
-9533
-3355
1746
-8151
8073
-1990
3702
-133
6659
1950
-8841
-6775
-4412
-1981
-1461
-4315
6643
1323
9702
-9794
3287
7361
-2354
-3474
-2833
-2347
2562
-2011
2937
9617
-7878
-4766
4791
6861
3739
-4116
5804
-9785
-1937
851
-9481
-1952
-6377
8837
7649
-4563
127
4617
-5678
-6646
-5421
6676
-9260
-3417
3367
-3271
3335
9125
-5392
7968
-4141
6430
-913
-7473
-8097
-9831
-3824
464
8113
-7527
-3984
4487
254
-2265
7544
-1546
443
-5963
-1762
5708
1042
8287
-8810
-5376
-5676
483
-625
-5048
-8186
8728
-9891
-8184
2560
-9832
-323
-6445
4486
3429
3724
9728
-4472
5056
-1606
23
-232
-1636
-4233
-7974
5722
9241
489
-1658
-8026
3899
-3591
-7245
-3474
-2699
390
6088
-1572
6802
-1895
3994
-7150
-2420
4443
-9702
5451
9483
-2514
-9155
4643
9260
6122
651
-2904
-1494
1545
-7614
-9286
326
5730
341
-2692
-4182
6500
6972
3444
2970
-7626
7279
-3502
1842
5118
-1248
-9085
9626
-8314
2689
-5592
-7364
-8931
5937
-342
-3612
-9092
-8778
-4627
9061
-7375
5114
9316
747
2083
4722
-5271
4918
-3697
-5191
5303
2139
-3143
-4984
5623
2146
-7231
8379
-4469
-8118
-9222
-1893
-4415
1475
5790
-179
8343
3550
-4452
-6517
568
-2806
7051
9297
-9803
5856
-2664
1014
-2286
-1727
9753
-4136
1729
3112
1615
-188
-8202
162
6323
8643
7977
-2974
-6875
-5390
-1975
-5149
-7367
-7037
-9072
3290
782
9146
-6595
6926
2669
5252
1156
-6571
-1569
-3342
4099
-1561
-672
4961
6420
-5298
6421
7477
-2736
8752
4032
2435
6013
1443
9164
-9017
-979
-9839
-6507
5123
4461
-5542
-1862
3543
9547
3913
-3074
-457
1629
-48
-54
2287
-3118
4186
1630
2789
3298
9243
-2674
-4818
-6226
3184
-4621
-2698
1987
-5477
-581
6955
773
4380
6421
6058
618
5727
-8931
6826
-3037
-2975
9934
1167
-9310
-6232
-7497
-9897
-465
5151
-276
-3819
3083
7554
985
7950
521
6092
-7424
-8147
5715
-7694
748
6005
7844
7261
-7593
-9527
-5205
-4032
2300
-9749
8615
3972
-6824
6381
2615
6207
8410
731
-2797
8112
7223
9756
-7257
-1345
-526
205
9746
-9696
-8213
9865
-7615
-4997
9268
-4054
-5799
9657
-1618
-9986
7995
-3621
8424
8330
7395
-2823
9281
-120
-3324
7954
-3130
378
1910
1235
9169
-4276
-1961
1735
-7324
-684
4841
-6352
-3100
-7684
-2671
4746
-4531
9010
-9447
1612
172
-2425
5850
-352
6927
7975
4148
-7311
2776
9177
-8919
-5525
-7493
-8753
-9626
-7403
-5310
-1592
7518
-3130
-7833
3004
2916
-8282
1066
-134
-3732
-5503
7257
-1771
9362
-2424
-9477
2099
5874
2560
-821
5345
-3979
-7959
1413
5948
2779
-4259
-482
-6286
9004
-9536
-8445
-2924
5441
-9691
-9026
-6124
-9411
-7198
7158
-8370
-253
-3094
-7322
-8173
-839
5602
-959
7123
-6325
1580
2286
-3209
-1737
-5921
748
9822
-3996
-6102
-5810
8810
-43
950
4018
6306
7132
-4283
-5756
9976
2788
-5188
7254
2897
-5300
-4856
-6612
2603
5548
-198
-8920
7375
-156
-3510
-5377
6589
-700
1020
6551
5744
1618
5025
-1137
-3559
5135
1527
-5319
-4823
4738
-5230
-462
-4299
-4999
-1730
-4669
2532
7562
-4230
-4774
1973
-5636
-3032
6294
9426
8391
4579
-884
-7835
7141
6191
-2990
-674
16
678
-1097
8542
1206
3512
-1300
7679
4689
1086
-6546
2748
9130
8548
1361
-2419
8752
7063
-9261
-1030
8831
979
2352
9038
-6336
7039
-6647
-6589
8254
-1798
-5758
-4518
-6620
1619
8348
4510
-7194
-4528
9549
2657
-142
5971
-1700
9401
922
-5508
4138
6285
-3256
4732
-8932
-9203
-3311
2741
-689
5733
-5347
5650
-6755
1025
-6188
288
-208
3834
9419
-4824
9692
-4924
6186
-1003
1837
-9617
-2975
-4164
7370
-4925
6779
-6394
-2539
9440
9839
-5314
-4101
4517
-6952
-5710
8866
-664
1451
-8904
-5565
-355
-8568
-750
4868
-158
288
4750
5226
-4640
1126
6504
-8831
-1815
-892
-8655
-3550
-2910
-9490
8699
1612
4044
7921
-285
9419
2288
-8530
873
5443
158
4171
7761
-3763
5935
6786
4088
-8900
-1724
-9836
6106
1254
-7735
-2919
2517
-9192
-2226
-8817
-1589
6784
-2276
-8585
382
-9018
-3062
8282
-4188
-1203
7197
93
-821
6589
-9205
-6689
-6279
-9254
5899
-8699
281
889
-7279
571
7340
4006
-9726
8888
3761
1849
-7853
7470
-7395
-347
-1794
2448
3893
-5570
-9936
7296
-2384
649
-7247
-8006
-6702
6742
9902
-2759
-841
1993
-4851
-5521
4643
-6773
4423
5978
-7223
-5142
-9275
-5485
-8448
-3535
-2468
-5710
5308
8543
945
-6149
-2117
1290
-6492
1654
-651
-6288
-9789
4584
-9768
-7477
-4278
-4718
-7149
-5623
4098
323
-9898
-9275
-6421
-9777
5113
-1294
6116
-7238
-7061
3266
-4338
6201
9151
-2166
6958
4615
-5898
-1793
-109
-748
-8808
-4570
6326
121
1473
-8817
4613
7674
1482
1797
8378
4214
-1235
6576
-3689
-6366
6491
-7838
-8221
6502
4996
6908
-1827
6835
8339
4884
-1623
-6513
892
3133
3072
1506
-7796
-7830
-2622
7730
-4023
-7962
-3553
-7895
-3813
-1870
3010
4290
167
4086
8457
-6695
8454
7500
-8582
3459
6703
3718
4336
1269
4876
1482
7530
-9185
7632
-6589
2012
-2569
-3630
-4487
-637
-8886
-5891
-2047
-9825
1220
2081
-7825
-6637
4962
-4129
-8544
7057
-9712
8473
-9973
-8363
4885
5112
-6564
-1451
7478
4542
5913
-9964
-9642
-9196
-1598
3606
-7328
-4062
-9183
-554
-2038
6577
-823
-6823
-3622
1366
4903
6720
-1960
-7288
-6259
-1888
6390
8872
4048
8752
-5000
4576
-4392
3356
-7895
6196
9003
6466
8532
8594
4626
9303
-9979
1257
2442
2332
3031
6292
7033
-2679
9136
1233
9274
-9365
5665
7294
1575
-9016
-6601
-7161
925
2213
4445
-4816
7565
-3686
-9652
8291
2288
-4610
-8477
7019
-1460
1862
-1132
2707
-1938
6860
906
-3999
-2849
-6136
-2840
-9331
553
-1618
-492
-9513
-3256
982
1085
-7686
9702
3810
2730
-6568
173
8677
4769
-7124
-8102
3817
2711
-8542
385
310
-1247
-4977
661
9329
9265
-4351
-2482
-3992
2574
4319
1624
9976
-8426
-2658
8521
-7479
-5585
1811
7356
8891
-95
2524
-4657
-4358
-1089
9635
6328
-1283
-6219
3243
468
-6414
4749
-3328
1105
-4739
-2601
-7003
-60
96
-3113
-1103
-563
2203
790
-4790
-139
-3876
-874
-9439
-4409
7383
6515
4528
-5578
-1380
-1402
-1543
-6739
60
-9364
-9987
-8765
765
-4882
612
-1926
-6264
1464
9855
-2689
4000
-3214
-5166
-5507
-5220
-7958
7439
-4915
-7726
2135
-7270
9386
-2569
-3437
7627
-5104
3546
-328
2199
-4256
-6857
6539
5878
4594
-9092
4610
-4052
5206
8472
2418
8028
8744
-6681
-82
8924
2978
-5913
1598
8723
-1791
6886
9725
3308
-1248
-6796
-1072
-8161
-9391
7221
-1874
8800
3142
3449
4925
3574
-8589
4397
2325
7600
5620
7847
-5672
-8403
3538
4196
1296
9815
4172
-9686
-5544
4632
2911
5788
-1817
9550
1314
9959
9667
1750
-8321
-8603
5693
-3296
605
3724
9598
1413
5460
155
-4891
-1869
650
-4638
7600
8559
8191
2907
2250
-3064
7409
-9313
59
489
6165
2037
1411
7996
-4219
-6673
5812
-6081
6170
1950
4142
-5103
-7731
-5855
4095
1560
2859
7181
-6471
-1088
9180
6709
8473
-2366
839
6139
-1734
-7642
-4729
-5756
139
-1430
2595
-5116
7905
-1672
-714
-230
9092
-3975
-6737
-8321
-1416
7973
-5420
3103
8015
1739
4027
1117
1474
-3535
4775
-4398
521
8925
8817
3575
8981
5248
2443
-3536
758
-1896
3291
-4168
1570
-1930
-3523
-7994
4505
-752
-8929
-8011
882
3345
-3787
388
7777
-9234
4249
9458
4031
7547
7252
-4233
9531
566
-3171
-5473
-3479
-1031
7792
-1660
-4280
-7761
-2681
5595
1036
8224
4867
4201
6139
-2189
-2791
2767
4141
-5677
-2484
6356
5755
-3790
-5998
838
9535
-5452
-2803
-4490
-936
-8245
-6149
5619
7131
-1058
3915
-4754
58
5082
4523
9041
-1367
-1392
9643
132
-6282
7941
6152
330
-8691
-1405
-6722
-8555
7947
9906
-7541
-4910
990
-8053
7901
-3568
-4312
7795
2691
9397
-6163
-4900
5876
-1107
-8120
-9961
-9750
1918
9198
3601
3311
6848
3723
5629
-6428
-8011
5746
1387
-3923
-8310
3655
-9774
5887
-155
-1028
5306
9037
-2188
4331
-9012
-3575
-2659
6690
1392
-4587
6268
-240
739
2749
6365
7683
1608
-366
3605
5996
2084
-8132
-3409
-469
867
1506
3693
-7310
-3469
2607
8873
6156
-5015
-7005
6049
-6774
8397
6889
-1521
3790
-534
3245
4124
4514
5117
6936
-3714
7531
3872
-3804
-4289
-9283
-9132
8568
5199
-5894
-2665
5676
-5329
8372
4129
399
-8625
-2429
-3908
-7804
-8961
-3693
7569
-454
9428
-4098
1869
7228
9534
-2892
9366
-4572
4462
6327
2713
-1059
-8612
2813
3367
-995
167
-2242
-1081
6692
9677
-3154
-4940
-4175
-2204
9019
6787
-6261
-3343
-4402
-5586
-6292
-9753
4296
4797
6941
4249
-1298
7157
-9529
714
-4004
4908
2268
-9361
3253
-447
1244
-5625
-6160
-3234
5560
-9989
-6551
517
-2559
-7698
4874
4850
4031
9914
3944
-883
2708
3196
-8874
5237
-6334
-4833
-3571
6906
4447
8740
-887
-1499
-9749
-3345
-8790
-1990
4395
8078
-2279
408
7889
3805
3590
3801
6623
-1603
-2121
-1774
4028
9597
-23
8407
5124
7682
-9630
9482
-1966
-4563
7277
140
-3517
-7427
-124
1231
-9981
4361
1148
3172
-5401
2738
72
-5514
4695
4311
-6838
1651
3775
-30
-7822
-6683
6651
4234
-5405
960
633
-6151
-9644
-3346
-3152
5243
-2379
-9731
8482
5614
5286
7982
-6503
-9954
1012
-7369
-8910
7887
-98
9002
-5696
9319
8381
9344
9366
-3776
7774
5114
-9031
7842
-9224
7210
-8920
-7342
-8361
-1388
-2527
7389
-8940
9117
-6011
8943
6348
5251
7742
-2602
-9123
-5810
-8063
9681
6925
938
1006
-9143
-276
5316
-7036
-5152
7294
-2287
-4761
1963
9949
-3755
-5003
8897
-665
-9910
-7946
1098
8432
212
-663
-8602
1400
-545
4098
2099
-326
4199
-8149
-6337
-6334
-2163
-4163
5268
-7685
1704
7375
-9836
1646
8780
3647
4406
-4569
-353
704
7171
-6780
-9202
-1296
-1526
-4684
-1614
1991
-1224
3737
-8903
-9233
-1204
-117
-2862
7739
9548
762
9508
-8724
3933
4246
1278
4224
-5508
-6119
9439
-7443
1258
-4417
7165
-3753
6818
6986
5785
8736
-4897
6974
-8593
2336
-9009
-7122
6680
-9349
-3919
-6105
2583
-4000
-2648
9179
226
260
6273
2433
-3173
3741
-3395
-8269
656
-7984
-6679
-9691
8757
-7477
6840
9041
-1491
-6686
-5403
-8870
-2926
-1046
-3740
281
-9582
-4134
-8541
9792
1007
2519
6109
3856
-4394
-2103
-7101
528
-9218
-828
3085
7122
2582
-5612
-8218
-3318
185
1448
-338
-3539
-8418
-7218
-9360
-8072
6342
-5012
1294
2966
-735
-2157
9282
-2747
9206
4261
-4070
-7440
-7844
2923
-7961
3436
4684
6287
-1252
5072
-4313
5597
2098
1922
3267
-9811
-6872
-2531
-9982
-9824
1509
6073
-7415
-9746
-9615
7593
7478
4880
-9339
-9020
4616
8744
4044
644
4868
6885
2718
-1630
2792
-3778
-6625
-5689
-4460
4707
-8322
193
8639
841
7903
8335
-4877
-5806
-2190
4410
-9089
2744
1827
-9862
3862
-2612
674
2959
-3341
5674
4704
-66
-2695
-582
2917
-3481
-3693
3912
7498
-2327
-8877
-2950
-9409
583
3702
-484
3701
-5029
-1477
7178
9563
-4162
2138
-2281
-2696
-5610
-176
4823
3743
9377
2820
2493
709
-4514
-8663
-5034
-6889
-7193
4845
5624
-6404
-8170
3771
9931
-1525
2761
-1827
3900
6755
9774
-9691
-8854
-4345
-3641
-3912
1122
-7995
-81
-6475
-9429
-1588
8247
-7627
867
-6185
-2500
-8296
8407
-7484
-3618
8131
-4740
193
4356
-386
1336
5354
-9915
3261
874
5613
-5230
5414
-564
844
8377
-5865
3572
-6509
-7113
5098
3780
8368
1422
5454
-3634
6961
-8920
5469
6532
2146
-6697
-7383
8472
-447
393
-2429
347
1778
1169
-114
5885
-9848
-1879
5776
4191
-6861
7600
4968
6516
-2185
1656
8602
415
7963
5467
-5849
4290
-6776
79
8525
9653
-8512
-6548
1758
9114
6335
8300
-570
8087
-3583
-6738
-799
2979
1828
-6850
-240
5366
-6611
-5954
-5200
723
4801
-1890
-7996
2793
-8303
5723
-9454
-7846
1227
-3249
5794
1716
6054
1031
1774
8779
-3852
8566
-4113
-9623
-9523
-1614
6447
3002
-8975
766
-2279
5898
3591
-8154
9787
-7817
-4332
4898
-1764
-6315
-8278
6843
4065
3737
6201
817
394
4052
8706
-1060
-870
-5728
-5713
-3969
1008
2048
-424
-8312
7604
1257
9876
2604
8078
807
-7277
6057
2560
-3917
-8194
-8436
-6913
-308
5468
-1919
-3088
-7846
9325
-1815
-6873
-5509
3261
6672
-3830
6256
-7388
631
-7362
5494
9372
1030
-6866
2717
2998
-7960
-4969
-4712
-225
-8203
4852
-3791
9764
3391
4625
-9349
-3811
-8082
-2334
8820
-8190
9220
4984
3415
8676
3303
2395
6069
6539
-2644
-6565
-2583
4133
4777
335
-8823
-8571
6210
3947
2050
-3434
2021
-5540
106
-5610
4612
4021
-4292
-4915
5590
-9226
560
5216
2881
-7206
-9037
-713
93
-8132
5250
-2
-4090
-473
-3999
247
-6151
1048
8010
8198
-664
908
7266
-588
-9738
-3082
-1200
-6925
-6709
-3222
-2090
2135
8208
5329
-8827
1685
8068
7964
2614
5507
3761
7102
6401
-3671
-3969
724
8063
-2740
-5482
-6066
2801
1757
-5626
719
4339
-4506
-5026
6447
8513
992
-3355
-1053
7122
1247
-5200
-7026
7591
5597
-9180
-6663
9300
-4500
-268
72
-8091
3310
-3538
1966
-8818
-9045
-3359
-9858
-5910
-4027
-5748
-8756
5282
-1565
-3500
4442
3442
-9983
-2411
-1665
6428
7127
-3743
-6113
-3843
1822
5807
-958
8254
8566
-3216
-3344
-8028
-3496
-8449
-2053
-5100
-2432
-6609
6221
9955
701
5776
2340
1306
3472
2799
2660
1656
5478
449
5125
-7315
1728
7393
-4255
-5108
869
8699
5366
-3508
-166
2858
-8574
-926
512
-2447
2654
-8359
5585
-5815
-7440
-2378
-4549
-426
-6626
-3708
-4948
9970
263
-3999
5279
2593
9870
6346
-7290
9222
-8767
1391
-4420
4527
-8853
2684
6854
-8285
645
8959
-747
5003
-7604
568
1310
3823
4743
3849
-44
-7492
-5267
-4190
-6594
-121
5948
-7450
4207
-2548
-5640
3564
928
-4544
9768
-6094
-5283
1458
4879
895
-2545
9265
3697
751
-9842
-3494
5268
8867
-2359
5741
-1640
-5330
-126
-6345
-715
482
-7332
-5223
9154
-966
3042
8216
4795
-9697
6894
-9516
-5033
-9573
-8895
-4180
5405
6342
-9583
-9188
-7451
5033
1607
-7932
7527
2678
-6832
7893
-6787
-1560
-6350
4936
9260
-9846
-2680
5560
-3091
-6696
1092
-4108
-4570
-2172
-6557
-808
1938
-912
-2019
6838
-9018
-999
-9086
3126
4326
-4668
1100
-6475
-834
-6849
-8284
-6971
9215
5059
5993
-2985
-3513
-3391
2002
5283
-6084
-4694
7060
-7798
8754
-4916
-1135
-549
8488
-4239
-1534
-1634
7477
3557
-6678
-2831
-1745
6510
3435
-3457
5847
156
-3920
3976
-6721
-5151
-2383
1613
8086
-4632
3498
9414
5852
-7395
-435
-7156
2993
9307
4034
9762
-8907
-1721
1576
-8016
9782
3692
3523
8477
-9022
7006
4239
3447
1495
-4030
4610
9033
-4401
-4927
7902
8338
-2978
7554
1569
9567
93
7127
7396
-8023
4867
-740
9568
-18
-2246
-8968
-6428
-8238
-8466
2139
-9597
820
8353
4374
-1696
-3086
1143
-7497
8917
9070
8063
-3547
-725
4061
-8031
8784
-7896
5097
413
-7436
5188
5432
-249
-800
2258
-54
-3341
5077
8912
-5674
-9231
6130
5542
-8899
-3622
7214
-9273
-3930
-6636
7038
-6399
1723
-1425
-9896
2360
-944
-9276
5388
-8693
-9949
-637
8907
5113
5759
5011
-9365
4622
-9018
5081
-139
-684
-7494
-7375
8905
-4142
-7126
-3812
-8530
-7129
-187
3004
2140
-8434
-6548
-8506
6134
1188
-1867
2718
-3939
-2585
-4392
-2377
1333
5446
-1510
-9817
-8628
6647
7860
6699
7166
9060
-9172
-7938
-5130
8058
6641
9419
-722
-1205
-5322
-8975
6930
-6761
2518
-1045
3851
1705
-6035
8054
7108
-9542
-6596
-8007
-3968
8864
7765
1915
8943
4416
-17
-3200
9274
-2302
-4621
-1815
4431
-498
-1113
3067
1778
6504
6357
-791
-6454
2178
343
5600
-6030
511
-4284
-2396
-1068
-7469
-2141
5101
-7863
8763
3738
4583
-4607
-9196
2003
6461
-1693
7797
-9487
-6343
4598
-6102
-5635
5875
-5389
2925
-4154
-2150
2806
-5441
-265
-5773
-9050
-7015
99
-3859
9698
-2650
-8730
-8625
-1621
-9523
1213
2468
-2175
-7766
-7365
-7102
2133
-7223
-5551
-7069
2482
5982
3765
-8802
-4137
5954
3635
-5666
-3097
9575
-8918
-3855
3483
-5184
2631
2949
9454
-7254
2195
-1560
-1517
6180
6412
1923
-8062
-1516
-6069
7324
9916
7523
1375
7090
9401
-2923
7093
-7131
7665
-3092
-5820
-1127
-4947
-2334
1909
-2554
885
-804
-6248
4413
-3950
-1301
9011
3417
-360
-9479
270
139
9193
-5913
7965
-2190
4205
1735
3265
-3702
7496
-4617
-9764
3269
-4022
1228
-5324
6280
2114
2597
-8731
1995
-9777
-5852
8027
-4672
6038
8847
464
6866
-5145
-5368
-9099
-5815
7584
5040
-1454
-599
5703
-6852
8538
-5133
2752
644
8927
-1629
-9203
2152
-6080
-8883
8762
-8651
-7143
5645
9064
-6995
-6493
-5939
1483
2424
-5262
5667
-6358
-5712
-1122
-7148
6151
8583
9211
6661
3885
-6281
5782
9383
-5706
9262
4448
-7942
2563
-9940
4924
2120
9226
9527
-638
8168
-2212
-349
-9205
-8314
-7732
9637
-9114
-306
9110
4971
2801
7537
-6558
-9320
-717
944
8497
3164
1588
1721
-116
-1184
6759
3677
-9414
-3017
1785
-1258
8827
1276
5224
-3554
5586
1989
-4465
8709
4203
-4863
-935
-4147
3906
3963
1245
6545
-5893
-4647
-263
-913
2756
-452
5520
-2591
6273
-7404
9467
1135
-49
-9003
619
-1330
3058
3902
8334
3040
-7546
8016
7630
8921
6542
-1144
-6001
6348
3919
483
4390
-2880
-996
4828
821
-9220
-7909
-1426
-9820
4956
-6594
9140
-1152
-3079
2389
2217
-7713
4133
7527
-8280
1403
-957
-7847
-7213
-9047
6146
6909
-1789
4015
3966
5871
7498
-7166
3861
-7180
7399
-119
4887
8532
4185
4875
3563
819
-8205
2521
1980
7647
8357
9276
-4427
4940
-6521
-6630
1115
-5529
-166
-3396
-2628
-732
9591
5774
3834
-372
5539
4311
5879
-6268
-6957
-2937
-5647
-4714
-7817
-9615
1508
9375
-4227
-1287
-3329
4053
-1821
2430
1023
4955
6348
8934
3155
4777
2827
3656
-6771
501
6591
-9926
3330
4047
-2544
8311
-8413
6096
-3163
6258
2071
1876
7353
-5564
-292
-4657
-6184
2769
118
-2404
-1540
7432
2603
-2724
-9698
247
-7992
-7273
-7106
-7741
-2387
-405
3218
-3227
-9031
-588
-3744
7197
-8647
-6028
2203
-3145
4747
5694
9568
-5491
5533
-4646
-6625
-2173
4442
-8144
3948
5917
443
-9868
3420
-4046
-6485
-5023
2099
-7925
9448
2637
7203
-3102
8757
1058
6058
-7653
8028
-3921
2112
-5974
-1062
5229
1773
7657
8843
6163
4924
9361
7416
8411
-9628
5535
634
5139
-3371
-8114
-7741
3952
-9822
-9910
-7932
2267
5891
-4840
-2645
8892
-6901
-3879
3028
3615
7073
6934
9722
8405
-2375
7058
-6657
-6411
3234
-8132
5277
5638
1712
9041
836
-7969
-6184
9307
-8208
5726
4591
1690
4154
1134
3618
2281
1728
-1450
3195
-7827
3225
4428
-7545
4636
-7115
7101
-594
2568
815
-795
6554
-8396
8998
-4705
-5764
5489
8391
4941
7983
8605
-169
-3278
-3751
-1954
7782
3467
-4716
7385
1798
-833
-1762
8959
4037
-5340
994
-7737
-3320
8224
-2820
2769
-3603
-1720
-4390
2288
-820
-9809
-8837
3741
1315
-9936
-3184
-8248
-2967
4471
-5240
-869
6844
-9822
-221
9814
-6174
2552
9438
-398
6355
-4064
-45
5712
5699
-9078
9057
-8791
6843
-7595
-330
7461
-595
1464
2025
2065
204
-8901
1686
-6191
985
-2921
-7833
6134
-6391
-5922
-482
-613
7716
6274
1477
5206
-6979
7204
-2298
-115
6627
-5123
-4100
2855
-847
-3548
1766
5122
3269
2358
784
-4327
-1676
3799
-5152
6869
4350
-1618
1827
-7702
1885
-5986
3358
-1195
-2985
-8644
-1721
-3525
-6189
6759
6641
9319
4486
8022
-8560
6621
-7374
8424
-6779
-990
2765
7985
6464
-6145
6568
-6973
8011
8644
1145
-3844
5484
-9745
-7575
-2632
-4459
2764
-1973
-6727
9006
-6407
6081
-279
-5475
-6768
-8778
-5922
7528
-5049
7005
2830
-9545
-4037
-2893
3629
-8625
-3572
5146
2363
2982
-9570
3862
5611
-6369
838
9265
4668
-3193
-2845
8035
-8114
-775
3100
-9141
8443
6510
1473
-5356
-6124
2363
-9462
-3983
3192
-340
9251
-1221
1760
7371
1699
-2794
-2714
6247
104
6968
9991
-4565
-2457
9651
3175
9206
-1987
-3631
-2447
1152
-5166
-5244
-5375
1807
-250
173
-9101
9718
8700
1574
-9947
-8741
-563
4439
-307
-9415
-3738
3013
-4297
-8234
-1266
-4831
-6769
9018
9542
1395
2375
5230
-7478
-7105
-3483
-4748
-1371
-9585
7967
-8807
7471
-7875
-2583
-3614
8368
8558
1742
3924
-4572
5516
-4656
-3495
-1052
-9451
916
5433
-7266
-8969
-9690
9696
5471
6983
-4990
-2651
4167
8742
6582
-8342
3313
1401
-3953
5433
6915
-2685
7533
5022
9407
-6245
-949
-2160
-602
-767
4220
-9330
1145
-1552
670
7804
-4804
-6092
-6372
-2198
-3358
-5699
-7564
-1636
-2729
-3122
260
-2763
-1807
4630
23
-2350
-2342
1828
8254
-8053
5444
-4598
-3919
-7364
-6854
-9966
9171
-1213
-4855
-9510
7402
268
-7783
-3909
8831
-6933
-9427
-5032
1453
-624
6017
-2121
670
1845
-9568
1502
7465
-201
7436
-527
9904
-4523
-5270
9638
8254
1945
5950
-3514
-2684
-6982
-5474
9446
7818
-1354
-4649
1074
-7505
-7387
476
-6
-3678
2447
-2010
5808
4614
1962
-1109
2298
2049
-2808
9751
8966
-7508
533
5652
-3574
7659
-3660
4814
-4574
2924
-5229
-2600
-2269
-2816
9590
-753
-5811
-4439
4033
-2490
9645
-5175
4034
7226
2757
9983
-5476
-1282
5636
-6317
-9590
-8813
-5724
-9416
6232
1392
-6817
-1479
-5055
142
-4185
-9539
2825
-9817
9795
6111
-2938
-4245
8598
-8505
-655
-7574
-1837
-2971
-3242
5575
4175
602
-7338
38
879
-6321
9470
-3305
-6658
822
-9732
7131
7153
5867
-8709
-9535
-1185
7606
454
-4489
5490
9284
-9855
2500
800
-9230
5463
3890
6569
-4391
1436
-943
-2583
-8694
-3951
301
-688
6545
7992
3536
3996
8797
9236
-7343
-5495
991
1806
-1164
-9025
3595
5688
2224
479
4803
-6943
-4648
-5964
-9773
-8957
-9586
3065
3900
1850
-307
7866
8653
8156
7028
2296
-5839
-2817
6218
-3263
-7066
-8041
4298
-6141
-8492
7458
3929
2987
-6120
9150
5076
-3971
-2414
8029
3680
-9928
8339
-6067
-8355
-5076
6237
-8825
-9187
9593
651
-6739
2103
-1309
-6170
4844
6571
-637
8186
8048
9540
2454
7206
-8866
-3017
7614
-1067
3779
-615
491
6381
-9540
-358
5428
-7326
7924
-9919
553
-2272
-6868
-1585
-6557
7365
9313
-8583
-4229
-4837
4004
-6807
1809
-2256
8910
-157
546
8945
-2191
-3097
-5585
-4382
7759
-6949
6262
2703
4753
-2219
-1731
-1320
1706
5337
-2003
2618
9875
7845
-4604
-5482
-8230
