8882
1
1850
7395
4777
9328
4881
6114
3774
9161
411
4514
3335
8243
4155
8943
9683
6947
9131
4493
6513
3481
4260
4202
8763
5741
9596
8731
394
8069
5336
1847
4644
5000
2609
420
4949
3057
8080
3599
1073
3458
2641
7255
8905
5891
6513
5383
4699
5272
9945
4931
5250
8863
2151
8777
4906
5974
7338
9783
1179
3710
8156
7622
9745
6059
9725
9530
2056
2976
7265
5410
6606
2182
5435
3947
8907
5129
3279
78
3782
7930
5459
4706
8795
6295
9100
9622
9982
6227
8586
2290
9008
7802
3529
8258
6933
1615
2516
4251
2436
4406
9001
6656
2012
7362
6723
1629
9616
3964
6799
7671
1707
2838
7883
1496
1157
3443
5626
8522
1889
7266
7415
3980
2633
7171
2843
219
5020
5194
4313
1290
5080
6369
2241
3448
7732
5984
4071
2962
2934
1321
3569
1331
5908
8518
1779
2685
9995
7688
4547
8852
6537
5462
742
5680
1672
2778
371
5454
3696
4746
6437
3985
1101
2271
8694
6616
8180
3384
3602
8282
1258
8003
5768
7291
177
2286
3151
6990
3063
3084
6757
3580
7626
4483
6549
395
608
4574
7882
4645
41
815
291
5106
7545
2672
3452
5180
6003
3598
1204
2324
8999
2562
4159
6896
3255
5527
6388
7012
9227
1448
7485
5962
3038
6393
8786
8376
1861
1155
9506
9862
8347
8769
9076
8554
3848
7160
4946
6382
3268
6355
7712
6555
2672
7117
277
1531
464
639
1469
3480
3910
5030
5695
1913
1198
1286
1655
5066
3427
713
9955
9149
2568
7328
1138
8938
4356
6825
1617
4200
2499
7426
926
1648
8479
216
3276
5402
8591
2477
9891
5003
952
3993
7879
3771
4330
9686
9062
6553
4657
87
7269
7230
913
3719
8355
772
4704
7679
7926
2755
9142
4784
790
1121
990
7789
9198
7466
1458
655
6625
3992
8706
8803
2821
9604
2997
7084
7091
2517
6139
7188
6422
1850
2630
3325
6861
740
7012
600
7458
2396
6399
5591
8320
9143
6601
417
4806
9495
3968
1577
6648
7618
9792
5437
426
8094
759
8963
9523
3947
5666
9874
4228
9261
9511
103
5475
1740
8778
7237
2256
3737
7456
4226
8616
8670
2055
249
6793
5235
7499
1988
1616
3255
6792
7246
5302
4609
3704
1386
8246
8432
1011
7806
6307
2721
9203
7932
8565
9869
8720
931
3421
2682
4403
265
10000
796
4352
5383
9932
3557
750
3233
8763
6302
5820
3034
2595
8211
2691
823
5555
5113
6893
3085
435
2456
8259
2480
6438
4742
3647
7620
5999
2997
2970
9244
9981
7329
9584
5573
8669
6509
1797
3540
6546
9336
7916
4871
4890
75
6762
7443
8533
2404
7430
283
6847
1745
9013
2395
8295
2694
3098
9567
2416
5985
7349
5761
1789
8341
1339
3252
2341
6089
3926
8372
9121
6998
1850
2795
4383
9195
2734
3486
4429
8227
3231
9677
1304
1278
9527
340
1714
5037
3165
6004
4332
2532
8322
9758
6131
477
7321
3710
2616
2133
3283
8519
3286
5117
6561
7937
7482
1497
1697
5507
6689
587
1452
4666
6345
6806
5346
4778
6836
4016
6812
4078
4654
776
4258
3653
649
330
8037
3474
9276
575
8215
3284
9005
1664
1841
5325
1462
4975
5151
3809
2830
5065
1870
1122
9481
4719
5868
4831
9541
5027
3812
3422
2753
3027
7262
3621
9787
3528
6052
2984
9076
7112
2632
2293
1323
8644
1216
6384
2898
4637
6651
5934
8186
8380
7592
3541
6782
7896
2263
7300
8481
1606
6814
9685
395
6951
260
9415
2589
3027
9030
2410
6165
2249
8656
3096
2348
2834
1646
8796
6343
9212
655
7272
3513
5632
1822
5871
5466
8649
159
2012
6003
931
6246
6350
8262
686
3073
1041
356
6502
8312
5481
8600
7155
570
6553
2641
3636
9585
4694
2665
6788
8520
960
8298
4908
2632
5641
4836
4788
8039
1375
9400
9650
9794
2271
6910
3422
1695
2853
3401
1171
4560
250
4340
5827
8105
1826
3989
9162
4934
2904
1218
6120
5822
3725
4546
6471
9148
209
4336
8797
3283
4016
136
9754
4762
8402
1166
9665
3589
6383
8891
1368
7421
2379
5784
3373
1836
6072
623
8464
7324
5207
8330
340
7838
1576
6490
8185
288
7692
3865
3260
4469
8633
4372
1798
9549
9816
7365
3013
4577
3554
3713
9857
568
5706
4336
5176
8405
342
710
1718
9368
3672
6611
5942
8905
3471
5183
2309
9201
7419
9150
9225
7669
1645
4346
9083
347
3738
4651
9904
7489
2779
8259
4236
7794
7210
7710
8716
5960
2156
3585
6482
6366
8960
8579
4269
2362
9727
5708
8545
6464
8211
9507
2730
8942
8462
8467
2164
6828
4099
3780
1922
2080
8506
654
4554
7181
3391
4536
6459
6954
5819
5673
989
5243
5169
4954
6089
8207
8753
1754
9397
9836
4630
2881
415
6365
5104
5298
2351
7138
783
302
466
2475
3561
2782
4111
3080
7280
8297
3306
3966
1856
998
1774
701
1605
1405
207
5228
1751
7498
9325
1776
9613
9986
3208
1739
4170
4398
1244
8600
5583
3148
2653
3530
7573
9582
6232
8329
8141
3718
9593
4700
2808
6834
2411
6534
9934
9417
9399
8527
9497
1562
5209
369
7718
6246
8350
1718
5111
3336
4995
9761
1056
5984
631
5392
4389
2637
8046
3177
6147
9740
5724
6945
4110
1965
2126
3281
988
2929
2278
5317
4819
6389
9517
2676
8811
8045
3986
3132
8229
5211
109
340
6791
4283
2730
9664
9819
4287
1820
4380
4767
679
978
1264
4050
5433
1711
7811
4757
5739
6623
5298
4770
5199
3691
4499
9354
8948
6676
7347
9291
6347
5499
3150
7871
8951
587
2576
7192
3547
7741
2473
5506
5467
1108
2852
7690
4555
5431
7600
4460
9660
5687
8818
676
9253
9205
8121
590
8129
7807
4673
4918
9296
4801
7211
7160
2751
9920
3508
122
1019
1210
9324
3204
9529
817
3900
1225
9107
4215
9028
9081
22
2169
2686
5323
3009
4070
8733
6752
4500
7333
1504
1512
7023
4967
533
5523
528
6550
1024
9704
7808
1346
8621
8001
1731
8918
3063
5476
7549
7306
433
2345
9976
4128
7276
8302
1325
9089
5564
3244
6166
8164
8079
4223
8824
3654
128
2085
8953
4829
9413
2952
4623
2246
9155
7921
1419
9667
6614
5149
1812
8363
6020
1011
8846
5663
3261
5431
4769
9351
6055
4563
7047
272
5934
8331
7265
3595
2562
6519
8713
5652
3471
3999
8513
2361
3928
4025
4741
8736
8062
1387
9272
8065
7511
9433
8874
7301
590
2508
3005
5982
8192
5389
521
122
1258
2835
9200
7358
5175
6670
2482
6510
4979
3016
6832
9224
4710
9909
4645
8004
7712
5944
6337
6034
6613
2263
7105
3392
9994
453
5961
9513
2084
7613
4615
2219
7058
3305
560
9634
220
8134
7087
2739
5577
2745
714
3032
4377
2354
3804
3691
8341
5384
7605
3357
1932
4373
4005
5224
5437
580
1049
170
6609
8573
8761
3684
4162
643
9412
6442
9168
7291
4175
4746
8553
4287
5383
3973
867
379
7249
7275
8471
8418
3563
7941
3659
1422
1448
4054
8348
8007
5364
663
1252
3360
9941
7265
870
5133
5660
6663
6514
4398
4389
5356
7489
542
1609
9060
1030
5929
9359
2587
4770
5737
2856
699
9381
7272
3779
8846
66
9939
122
2186
3494
2318
4387
8764
1283
3525
3503
7117
5076
6082
2570
9346
7403
5183
3450
5846
4164
6511
3875
9851
4504
4346
2143
4447
761
1338
8758
216
2509
9044
559
8121
7519
6570
1771
9839
5932
8290
1171
6175
3132
4912
5513
5564
8883
1836
6211
9645
7445
9385
6491
2518
4686
858
3660
1994
437
9131
2605
3114
167
2139
5914
3945
5648
1366
8533
9844
2024
3636
6814
8354
8664
8991
4324
6454
3699
6983
7649
3056
3020
7422
4451
5490
1180
1697
1576
6963
9909
1611
9166
3031
6862
7961
334
9848
7374
7552
5224
4981
6534
1249
5039
3925
6891
1544
7165
9034
7063
9707
7315
1235
102
7912
2538
3189
5908
6562
8080
8341
5002
6735
3165
5567
7218
1360
8068
4511
6193
2956
7760
3454
7575
5200
3775
3771
5665
8992
4786
9981
5917
4873
1276
1317
6474
1103
2550
6489
3527
3449
5242
9913
6916
8914
7356
866
6946
1836
266
2888
9459
1186
7488
3659
3719
9167
7291
3564
8158
3343
4424
1917
9406
8317
2753
5452
7568
7983
6490
59
7543
8012
2473
6262
7672
7852
4113
2253
6441
30
8720
9545
4871
209
8836
9099
5269
2271
10000
5619
8441
9685
7740
8393
3249
3930
9480
5548
5957
1716
5050
7663
7650
6601
9604
1280
9191
9866
4713
3542
1323
2203
8097
9380
6542
1642
1472
7250
3856
985
5003
475
5991
6258
5309
6203
252
6505
8628
5953
5581
2070
4146
632
4114
3041
5129
6062
5365
2672
8232
7105
3692
4299
7291
8038
1272
403
2490
8638
5668
638
1765
1695
2951
9572
7450
1182
464
1706
9716
2911
8840
5814
5909
6896
5671
6347
7706
978
8917
6273
915
8473
5834
4405
592
7537
8595
8498
9764
9487
1426
4590
1684
90
4811
8827
1648
6819
9476
4941
5826
7622
1434
3288
8049
6716
3545
1126
7062
8759
6674
4487
8717
9931
1417
2214
64
8304
410
863
3816
9342
6507
2464
4569
1193
5758
3679
4772
4550
6416
2103
2121
6184
625
6974
7488
1962
6086
9373
2492
4109
5382
4792
4408
1053
9245
8184
6452
9289
9200
8533
9873
1996
7191
3130
1319
4984
3986
1381
2099
1846
4433
4955
6137
1660
7063
3973
7998
4996
6477
6826
8942
5717
411
3322
1189
9667
6485
9265
8513
7175
827
1380
4339
7498
9811
2669
8306
2978
9926
4186
7985
1362
3969
1146
2859
6387
5431
9436
9440
1421
22
3312
9776
7845
7599
1078
4534
8114
5032
8653
5190
9395
520
540
6634
7884
2828
2030
4523
721
2953
8377
445
5935
1453
491
1895
4256
3345
1068
9065
4430
6932
2892
2281
1852
1655
5633
6962
8017
3703
7747
2085
8324
1886
2933
5605
8530
8156
5354
4349
6828
9763
3761
8561
1844
212
5265
9768
4038
1056
6864
3469
3639
5426
4160
9882
1870
6558
4272
4596
7457
1125
5437
1813
7893
3550
2617
8084
5543
2050
8054
3785
7227
5421
6174
2623
8481
8926
9347
9117
6384
2547
6418
6156
7006
6088
6332
1330
4715
9238
129
7302
4879
7778
9548
374
9859
4752
1900
6299
5103
7585
4179
2728
3243
8094
5752
705
6747
8454
8729
2701
2493
9823
6665
6478
6565
5267
4723
4011
2231
4984
5584
652
6713
7274
6723
2901
5579
1144
3133
5296
4803
9275
1754
2513
5682
5523
2687
1326
7076
8397
1543
5960
1121
9474
8078
6359
1736
6972
5826
2850
8469
8588
954
8370
217
2762
6600
3941
9421
7800
576
1178
5036
6001
1602
7881
6819
4958
7754
8918
6445
3412
8344
3462
1766
7167
203
4667
5401
9009
1948
8002
8036
8882
1409
9875
8609
288
3166
5489
6044
7819
9012
8978
2083
8851
704
2731
3894
1875
8628
2424
6509
9117
6062
1605
8656
2004
6468
7514
4543
9965
5123
2215
2162
8808
1519
1858
2630
506
5671
8896
635
8166
2908
7158
8092
2697
6528
5396
3795
7465
23
5019
2679
1608
5976
6989
6670
1723
1500
6984
9282
249
1977
1594
1309
989
5427
6582
1970
7513
9261
399
1469
8979
8832
9064
3003
5502
9579
4114
5482
6825
6856
7982
7813
5886
7114
7588
7004
5729
2004
9775
2595
3437
4747
592
4835
3544
6628
303
3534
112
8042
9822
3159
1561
7596
4612
8010
842
4968
5241
487
7550
5383
4201
6071
462
6373
2655
5920
9172
5391
1187
8181
8060
1842
3321
1714
662
7539
2797
2412
7854
2777
3138
3043
9032
9394
3448
6737
7976
3430
1188
3847
6688
3839
5165
8402
5213
6071
3460
4167
4284
8227
8226
5722
7471
5144
7889
1278
6613
3640
3668
7337
2256
8899
7478
8012
5750
7908
3541
2833
4156
7115
4713
7972
9320
5092
6118
183
2844
6267
8605
5347
1595
6979
6742
766
2745
9504
5181
5231
5117
3786
2866
8198
8622
6692
4995
1152
8107
5414
6364
3189
2871
213
7176
9026
1893
5512
5444
7231
9762
7724
2676
8763
878
3016
6438
8836
1186
1896
9355
4232
8501
7329
7196
6794
2595
8565
4522
3241
6938
6366
3968
3487
3336
610
7842
2715
2430
9069
7487
8607
4047
1236
5893
8322
317
8360
824
8506
9230
6521
3837
2816
450
167
6546
458
9695
5910
2840
7339
3454
2765
2779
6384
1084
2535
9002
8648
695
6076
6208
1947
6919
8781
733
1125
3589
5132
5503
3999
2895
3113
5645
1495
1948
6842
8913
7815
1618
5787
3081
4710
7128
8614
6368
6298
9620
1176
4688
2126
5157
5546
5269
4089
6666
455
833
2692
5184
1057
1947
5212
8159
7780
6518
9626
2724
7743
2841
2288
4663
9623
363
320
6860
2633
138
2500
3126
9270
6719
3946
7695
4696
8013
9386
263
1538
3950
8296
7908
879
9154
1349
7508
7666
4115
7339
8976
7886
8052
7128
4087
4099
5449
2138
5632
2367
5795
9395
2780
8267
4783
4733
1655
9062
5775
3910
4602
1296
5824
532
4972
9119
6990
3674
8516
4487
1683
1547
7579
2037
3940
136
7110
3237
5240
3421
8351
9522
4888
9800
3255
729
7858
2140
5629
7554
6016
7580
7775
2561
3456
2483
6581
314
7306
4221
3793
2642
8429
1195
2976
1410
5590
5776
8380
8459
9680
4978
456
9922
9048
1669
4002
9572
4680
4425
543
8163
7007
4489
6467
9028
9271
897
6976
3503
8679
3235
4571
7584
4382
2263
2486
5125
8312
8059
1558
1603
4754
4428
8727
1881
7987
7980
9285
2125
1928
7127
7552
6712
1928
3522
6714
4921
2451
7466
7511
3270
2488
3400
7025
3740
8189
6882
585
8104
5579
8654
3476
9395
814
4727
3923
1744
7010
2695
9337
530
1395
6290
7392
6740
4834
9647
108
7778
1192
4534
9177
3079
3907
8331
417
9128
960
6906
2128
6454
6169
7679
6841
153
7139
2755
8752
699
6836
2140
8337
4937
6327
2269
3994
8759
8566
6818
6445
5888
346
8393
8890
6097
6631
2381
8491
9326
6403
2551
3116
2837
5537
1036
2609
5471
269
1522
2589
7645
8298
4104
1156
1066
1714
3353
6647
4455
4069
7866
8289
9262
1073
7348
3631
3449
5752
8907
6358
812
8368
401
8401
8938
6450
3366
9397
4303
501
552
1589
8065
3114
9882
5347
9124
88
3773
4258
5593
6104
2777
4477
5231
1231
9055
3554
6407
601
6309
8592
4059
4537
859
7742
3513
2721
6226
391
2104
3455
7625
5995
210
2994
8449
7092
3683
2646
8996
7066
7281
2424
8616
5059
8776
9978
8293
526
865
2656
4823
6102
4974
1093
8140
3765
4795
5351
8606
8467
7228
1313
9886
9707
287
8812
2950
2111
5555
3850
914
2330
5395
4944
9285
6144
9364
329
6215
17
7430
9088
9806
9884
8616
8553
8290
3408
7800
8380
961
2407
2263
7653
2634
6520
7745
4523
4778
6933
8681
2590
6672
3792
3128
1990
355
617
2818
6038
463
9510
6120
2976
7474
8292
405
841
8835
9476
7919
245
8537
5456
8908
8238
185
4396
7773
6000
399
1410
9837
8869
5228
3140
2159
291
2942
1067
4676
339
4932
1314
2242
5207
9475
6081
4384
1643
126
1601
7007
2011
7329
5867
2920
3041
6615
8650
2644
3353
6669
9514
3695
5518
3727
9313
9793
8636
4098
6043
2414
6507
523
8576
3552
1294
3263
1661
2001
5849
8495
9705
9248
8637
2903
3228
4964
8580
6357
684
8761
1631
8534
6402
2130
2267
224
8366
3749
4126
2475
4382
6860
5852
9332
7308
7193
606
8796
9470
6483
8900
7248
4307
2302
4599
465
9266
9948
2012
4867
4639
5935
9342
6438
2369
3488
9371
2549
2171
9505
5705
7143
2123
7976
7525
6044
5378
9781
7019
9366
3066
7006
6746
3248
6655
2617
7446
7288
4899
7711
9155
1223
2690
483
699
5210
4280
9880
2134
8896
5095
6840
2725
1811
5854
5490
9876
6574
5271
4535
4716
618
9476
2268
3
5642
8086
9186
4757
216
9392
3556
762
8127
84
1888
3944
1534
4062
5384
4955
9759
3160
1234
6204
9380
7277
5216
5760
6848
8742
7835
8617
679
9079
777
8228
1134
2667
6786
2998
7141
6802
846
9598
5593
2392
9604
335
574
7066
3504
6335
9794
4683
3119
8075
4604
8001
7414
74
7837
4285
8021
5751
2837
8746
6991
9599
4112
3051
72
7848
9035
2932
982
5956
9603
2783
1612
7051
8360
3888
6905
6089
698
1327
8227
2790
5223
479
6522
5046
2007
7671
2021
9676
5032
8528
4689
5274
885
9057
2522
9584
4633
1038
9106
2475
5415
2837
5263
816
4462
5831
6235
1658
6431
3527
3244
5978
5060
8896
1891
8808
7072
8556
4312
8122
8750
3804
397
4613
6818
465
816
1337
1893
5432
1879
5015
2144
1798
2350
8213
659
5213
7529
3066
1250
1922
6802
4555
5646
2106
1922
4531
6299
7424
9183
6636
5358
7775
9988
5815
1715
2435
6644
774
9123
8538
2803
9609
9692
4177
2201
5324
1321
8003
4311
8208
1192
3191
7195
9417
9113
7403
6037
1201
3248
2251
2489
1724
4439
7500
161
2627
2955
724
3510
2294
960
7235
9144
8965
2981
5848
9343
7453
1986
1700
781
7191
3313
569
1828
5522
4351
7290
6633
3631
3006
1057
7870
259
296
8343
6138
6128
9264
6155
4603
8215
8810
3629
2989
4167
7792
2357
4032
1708
3595
7722
643
9237
4181
5072
337
645
9502
9585
5161
5628
1243
3929
378
2071
6463
7506
8800
1198
7680
7857
847
7063
3340
3830
7074
3571
2201
8366
4132
6874
7417
2644
788
7895
1117
8684
1363
6563
5041
8582
586
610
8717
4278
4213
7839
1012
6898
8855
700
1138
3001
8349
962
4333
931
8184
2730
215
8955
1670
5624
7331
2976
7057
9145
382
1568
5664
1361
2000
5160
9292
1170
7216
6727
7503
5578
2294
7494
6322
9668
5014
7957
170
688
5189
8718
4095
4705
2443
9628
1051
692
153
2761
9526
3982
7508
7287
996
7559
7139
6725
8887
3144
7171
7354
112
8803
107
4148
6284
2311
4020
1447
4841
56
3707
6240
1711
5478
3279
889
9747
2465
5276
2687
5325
3768
6014
3204
4842
82
8830
1741
4336
4096
7610
9326
5913
9590
1248
2600
265
9179
4267
402
6049
5042
2894
9450
7728
8737
4417
314
3487
3001
4626
8544
1791
838
3103
1985
9742
8583
807
280
3414
3802
1336
5464
3969
5156
4152
977
8181
7552
3571
1162
4359
3738
6264
6492
6428
7184
3800
1692
3150
6334
4666
7740
5028
102
9566
3439
3747
3936
8687
6205
9309
6103
6220
5978
369
4394
4250
2506
8549
2055
7659
5818
3573
157
7631
4501
8920
7922
7268
7521
3680
8430
8083
8138
5413
1891
5445
9376
1458
595
9968
3137
9803
3031
1953
4439
5809
599
3330
1456
1521
3148
60
924
5236
3128
9223
8091
3161
9316
1090
1953
137
7943
6799
7601
1587
9015
4105
5393
8222
4851
7078
5137
779
2929
5236
5266
3014
797
4913
4625
2553
9930
9991
101
2454
2175
4921
1707
367
8737
8135
8026
420
4127
42
5101
2640
6819
9745
3160
517
5644
1652
2114
2123
5049
9012
2374
2242
2974
9832
1039
9836
3454
4733
7000
2103
1054
7107
8634
2040
6187
2264
3076
6660
8193
4161
2301
3003
1981
3314
5921
8115
3931
177
7211
3230
5151
1773
9556
9936
672
7301
536
1569
6935
92
6662
6643
5027
8502
9785
6178
655
6547
6497
5699
2722
6004
7526
5983
2003
4469
3318
588
371
8943
1211
5388
7658
1924
8202
9771
2272
4105
9905
406
6699
740
898
8398
5724
4122
2944
4676
7782
6232
3973
3175
4294
7890
911
163
8418
6033
3852
9270
1614
4385
8345
5106
7661
6261
8135
7514
747
4619
8429
8513
7063
5775
8038
2324
471
6876
1721
8238
2131
4679
5169
1263
2470
3900
4816
5260
5118
5681
3277
6576
9761
2421
887
7511
2175
1669
6554
8244
7025
5410
9057
6800
3867
8107
1883
5778
174
6340
69
5782
1128
5705
2929
2104
2635
5266
9778
6954
9641
9130
4434
3902
4508
697
8631
6368
5644
9359
8323
8682
9409
6181
376
4694
9799
2132
4612
6288
459
3528
9856
7853
7865
9553
7356
3164
3699
8572
9548
982
2413
4334
7083
3193
1330
4618
8967
2549
5084
4723
9505
2042
9543
5471
7152
864
9417
3233
8860
3121
8493
4694
4352
5713
4850
3388
3774
4547
1328
9199
4379
4878
3131
1332
7445
4418
4194
3765
9623
4097
2326
992
29
99
7439
2125
4779
7020
1934
5982
9430
6754
7888
9936
1403
9272
2135
5020
7865
9918
3316
5043
4711
6143
4679
1361
6837
6962
2784
1068
49
5757
6300
3362
4251
1905
5655
7062
5198
628
9811
1314
478
195
3817
2496
4579
6822
3669
5896
7106
5370
6045
2351
5209
3449
7498
8790
6650
1029
11
2047
8086
2188
3247
6275
1173
2082
5859
3633
4165
703
4962
3452
4943
2546
996
8378
1877
2132
6599
783
7710
2155
7133
701
4641
8046
3335
5114
10000
2195
9759
7087
7450
1428
6565
4458
3913
3988
5323
1017
1718
3651
3038
3245
2247
5
6525
1257
7545
5218
2983
3965
4332
1408
5547
7214
5565
3899
7784
6752
685
4205
9562
5422
343
2579
5808
1339
3929
7284
7221
7369
289
8121
7507
9350
600
7923
4458
5736
8493
9866
6093
1841
7801
9928
3529
2670
4919
3805
6436
7715
3952
6637
8293
5230
4273
5929
8854
3309
7406
5260
5788
9017
2680
9053
8266
4272
3287
1605
4697
8850
6511
8209
2670
4459
3528
2254
7200
5349
2446
2000
5681
6253
4239
5441
1117
4519
364
901
1941
4338
9169
691
6167
2017
5055
1392
847
4659
2741
6565
229
51
2698
7371
4027
9733
8344
2746
6674
7929
6953
3717
2232
3527
6870
5880
6964
5413
8136
855
2116
4121
3281
7397
8210
7573
4447
5610
2931
6037
6634
4470
3128
7945
4856
2803
5084
1527
4612
9445
6499
4157
1239
8408
2216
7514
5876
496
3715
2618
4194
4836
5199
4117
7756
1404
1024
36
8687
3698
7855
6769
9858
3853
2528
6758
9963
2808
3989
3157
640
8635
9465
918
7959
2521
2531
880
3303
329
6744
3996
7802
6719
9153
6003
36
5512
5191
3929
5188
538
5036
237
8380
3522
640
6799
9141
2843
1211
7644
6646
1736
161
5807
3005
6054
8657
7531
2023
4068
6751
5842
9206
3737
2812
2066
5687
669
5426
3802
4559
2472
4719
8996
2167
2425
7118
5297
8242
809
743
3325
3873
6468
1386
4186
4332
7783
7836
2643
1853
8014
8422
7927
9941
3377
2332
288
5599
2236
4165
3030
8663
5902
3504
641
9096
5875
639
5892
7791
9842
9634
9088
2296
5089
5268
8747
7341
1304
6053
5995
4266
2161
6683
5341
9679
3442
6625
7302
2077
4012
858
4221
2739
8308
1956
2951
9382
9313
9980
7235
4410
3080
447
3959
1981
342
2838
6699
6497
1372
7375
5795
2071
5077
6911
4105
6262
8029
9363
5925
5502
5426
9718
8047
5036
2948
1792
5590
5165
8754
3034
7799
7317
8480
7967
9960
8712
5726
9828
622
4804
1236
8419
3688
6646
3579
882
1517
2270
428
9033
3123
6275
1737
1437
5452
2704
9897
7802
2423
4835
3700
4873
1905
8301
862
1611
2854
3546
3688
469
370
9859
9041
5457
9766
415
1196
7365
1123
4602
2013
9589
5563
8918
3964
9687
7882
930
7188
7313
7529
2600
5770
2004
5238
6008
8253
9871
6779
2485
6264
3110
3931
2108
5681
3268
4890
7369
90
9083
8266
5112
7299
6108
5446
3826
691
6219
7156
5647
8576
1570
9294
9367
4229
4290
530
5559
8908
8058
6380
9635
8326
2386
984
7108
5983
8941
2385
1208
2717
6524
9149
5072
6545
3614
2240
5737
4941
7629
9070
499
9613
5287
4524
2389
4515
5052
7854
6832
432
920
3267
668
1043
8066
6118
6065
9050
4567
1595
387
3290
4488
15
767
5103
893
4384
125
544
6631
2178
1217
4090
7659
3453
1036
7167
6724
5909
8192
5718
276
9573
6271
9761
2747
1040
6760
8901
7182
1961
7938
727
7451
1969
5437
9166
5770
7539
9191
9330
7955
4562
4797
9978
3227
4625
3609
2
3631
1274
5574
9288
8055
5117
8313
6181
1666
7356
3718
1812
5659
9756
3237
2727
9527
7327
3217
3459
2938
3947
5022
515
7293
8167
9007
2623
4018
9169
9225
7925
4571
9255
2255
8746
8930
8090
7261
2095
1863
9478
5538
4648
776
9969
2201
7352
5777
7309
8964
75
4562
4460
7281
2751
1716
3512
4773
9840
4951
4805
1299
8758
5694
6788
5389
7124
9576
5180
4717
8861
6409
5606
4362
1318
6307
9904
2763
4529
2381
1177
1415
4319
931
810
1620
8587
6220
3859
4029
4340
638
3825
1658
9305
6362
4904
4463
2249
7246
7467
6183
9251
9151
8098
4661
2856
1806
5140
9037
2419
8197
8756
3953
2117
2290
6163
6380
5137
6320
1813
2489
2417
2183
470
7017
9208
3174
8289
1060
4270
1524
627
4226
5158
8905
580
2055
504
8367
6986
416
7760
2718
1539
3092
5914
4112
7806
4144
4765
9624
6044
8721
7945
5963
4556
9175
479
3742
7390
1714
4556
1085
728
7442
4211
7514
9306
1373
799
4353
5302
8759
8516
8777
9223
4085
6542
900
7538
5823
573
6953
4392
5929
3650
3298
9931
4566
2978
7421
3617
8992
7380
8926
781
4883
1268
9108
736
2288
3519
1370
1364
722
4674
2125
7048
8942
9231
2842
6515
5609
1226
4397
8228
1307
2703
4952
6737
6150
8661
9284
6753
8521
2673
2520
4492
8963
2255
4233
6986
6165
3352
8297
6827
5988
8086
9049
5798
2167
3069
8793
9072
5740
817
5348
249
7261
461
5513
6922
3477
9816
2988
8159
5821
5200
5342
3541
9870
8355
6833
5497
2373
4142
5239
8855
6979
1393
1780
9180
970
1626
755
4265
2912
4172
8721
9574
2532
1489
1647
9470
5473
9413
4280
8395
4844
5906
8083
6680
1129
4901
4693
2787
8522
7534
5419
5429
2117
4802
8030
9590
9075
144
3171
3754
400
5210
5471
5997
6340
2373
2626
2224
4671
1469
3844
4619
9342
9319
184
3975
957
9709
9657
7194
9102
2302
3905
8961
5763
6782
7421
2286
9936
885
9150
7026
4754
6776
208
637
1485
263
6180
4669
8420
1740
5610
6554
3196
3752
6734
8097
2980
9114
4092
3764
7389
2580
8779
5040
4335
3778
8892
6385
5936
9209
5655
726
9964
2182
6432
926
755
9441
4566
5234
2833
2845
5797
1773
6339
5619
1496
6791
2335
433
7100
7406
8789
3702
5453
9181
8640
2099
7495
3757
9772
467
6930
696
6083
8242
552
3475
6179
1910
5813
7285
9807
5232
2856
18
2264
7375
347
2077
508
7785
6821
3250
1972
9659
1934
8735
9834
7212
4813
4721
1288
875
8764
4536
1447
2046
3101
7624
118
2359
1426
4697
7538
1410
40
1870
5341
7858
4470
5197
4093
1554
4940
8236
1650
5530
5642
6761
4591
9850
2095
6108
1672
9259
2392
9989
9251
6720
1865
1459
2654
3308
9204
2190
7302
4689
8130
806
111
4446
5245
8554
100
1279
413
6311
1725
9508
9550
2213
6987
892
9832
4379
643
6021
2181
3975
4788
9220
700
2116
4833
4461
2010
3042
5074
7684
30
5373
342
5699
1871
978
7293
7820
7695
5272
6518
743
5291
2237
2475
9287
9561
7870
6282
6034
1882
5768
5250
3637
4600
4860
2989
4552
6695
6901
2505
5666
4184
20
5533
7672
8630
5229
8665
8804
8913
3040
2456
8373
618
9185
7702
2536
347
3948
7611
1043
619
2456
8895
9333
1264
7644
5980
3934
4378
5714
33
787
4152
6743
5466
1103
8030
279
3828
1742
6539
1479
4728
2026
9032
1728
7315
249
5710
4255
3592
8099
4750
670
5086
4302
6438
5498
3027
1346
7658
5196
2878
6879
9548
286
7914
5929
4985
509
3051
1750
4426
8547
7164
1215
3667
2504
8427
1982
4502
8635
5437
2687
604
6803
6760
9154
3424
2199
3575
361
6192
4022
6043
899
4693
6219
1045
6120
3133
7564
10000
448
8858
3877
5244
2107
9683
8973
2798
3120
9595
7401
3767
4906
8215
766
5500
3498
7796
493
9001
4045
8535
8173
9007
6438
6323
8552
7582
8480
2311
7655
8199
2177
8093
4245
3705
2580
3734
2605
592
8166
9205
2244
8672
5917
8328
7667
3059
8916
7559
666
4983
1400
7174
5807
2506
4976
9941
3243
7891
9689
5391
101
6593
6837
7435
9941
6597
9752
4787
3360
1376
7665
7189
4325
4908
7391
3447
2607
2731
2519
6116
2803
1244
6284
5822
457
9054
8638
3024
7397
8209
2228
7978
6781
9473
8098
4381
5628
3002
5850
2531
5281
7893
6695
5602
5737
7644
1958
5960
3352
4086
5567
2411
4064
557
1239
7524
7473
22
6771
385
9275
2717
9052
2136
865
4370
5479
3534
697
2321
9231
3880
7064
7458
7087
9188
1387
5352
2455
4427
8938
7034
9313
9313
673
8956
1510
9194
6614
9634
1350
2299
5756
4111
4442
1082
4406
9551
4981
2231
4230
6421
2536
8236
2954
4760
4942
9487
50
1809
3642
5443
5799
3956
718
1250
8583
1456
8953
2450
5774
7432
5036
2330
3413
8631
6827
7066
7469
8603
9504
2785
1937
1499
607
3368
7686
594
1524
1522
6374
4345
1480
2713
3820
616
3445
8312
2128
4692
1728
7092
108
7609
4424
1514
4237
8627
4577
3546
9141
2026
9549
1761
6687
9780
9498
2165
7646
8789
7793
9521
3292
2442
3699
4928
7295
6952
5855
6338
7042
7367
6457
6687
4959
3192
476
438
2251
9209
3109
2535
6449
417
2584
1053
1389
2555
871
5095
5302
328
908
1724
4477
20
5399
1592
527
8765
8151
8335
1566
3364
9440
9718
5236
8698
9338
4632
4721
6271
7570
2193
6323
3532
8024
3065
6771
3602
9816
8725
3847
5867
3497
5299
5926
2712
2102
7482
4903
5790
2088
1182
2072
7588
8102
2107
8469
6501
8075
2946
3162
5725
9678
2428
3277
7578
9921
7910
4672
3280
813
4752
4159
6300
173
3356
23
8901
9736
2758
377
2368
1416
2322
7534
6351
7816
5195
5316
5265
9836
5559
9484
3173
3282
8325
8775
6573
1369
9783
8560
8105
3347
8304
2908
4737
6929
5829
3172
9811
7190
686
977
7174
5195
7502
6049
3743
1064
3169
2619
2912
9478
592
6979
1916
4409
2358
6652
9547
194
6636
6615
37
4969
4195
3265
1050
2137
6118
454
199
1087
4860
5710
8245
479
8839
9052
5198
3259
4136
7755
4559
9681
7877
429
6168
3375
2048
2756
7837
9122
6410
6683
4347
2020
7564
6084
5633
376
7697
8290
8565
2528
5337
5660
4862
880
9039
1780
5897
8964
912
3728
4809
9252
7614
6254
415
2263
424
4206
6788
1975
159
4882
4603
5615
3197
6917
7053
4854
3802
5039
7562
1886
2019
5415
9589
1386
668
224
4827
1132
6532
4621
5805
6063
6306
8235
6914
8966
641
534
5453
5144
5919
4622
7606
7333
3281
2347
6007
8608
8678
9811
9902
4414
7756
4145
8252
2361
8681
6106
6603
4741
7673
8136
6337
7982
4309
1568
4436
3499
9594
3437
5553
2266
8921
7675
5763
7323
7879
9958
1583
7852
6735
5333
1277
9041
31
7618
8549
1756
3845
9440
2563
6235
3505
5673
1520
8438
8959
2906
3628
2294
6192
2182
2730
4256
2367
6983
3816
8200
2758
5741
3983
5478
1847
1774
1000
5351
2414
121
2160
5653
4045
7315
5192
1021
9739
6747
702
9408
2357
8520
8169
5185
4854
2832
4972
5148
190
935
3961
3724
7123
2681
3610
6251
2893
9545
8706
1910
2983
2727
3174
7023
1305
3793
2907
8498
3722
3115
4655
185
7897
9421
8563
1690
9469
1929
8768
6119
7236
6525
5389
549
856
6750
3641
4669
4915
4125
6010
9602
2077
3204
7580
7487
588
2686
1241
277
8197
2735
6058
1439
2169
3804
5618
5047
517
7353
8615
5322
3161
213
9211
2584
8276
5434
9562
6900
9678
7198
8122
1493
1698
5439
6726
9821
613
2602
7504
9602
4420
7634
7938
6676
9255
5702
7944
1984
4541
9763
9767
7966
1462
7372
2769
7833
3259
5841
5831
8131
5718
7276
4926
4231
3743
918
5538
1848
3061
2878
992
2941
9549
9410
6122
6191
5207
1131
4828
2893
3550
1521
3070
9952
5383
463
6843
7096
2108
7572
2478
7963
4817
2773
1273
7358
1363
7730
4747
7727
789
5122
1224
2740
2290
1417
6249
9961
44
8434
9934
5252
6204
9568
7286
9067
2716
1716
913
6998
5605
7124
6274
6128
6533
9850
2279
2993
5073
6435
7610
8776
2183
6300
1092
4164
2625
459
6488
9436
1307
4484
5417
4351
4561
2467
9066
6145
5198
6135
941
2296
4079
5727
8540
6262
5534
5747
8976
1773
4123
6217
7922
2810
3535
493
4797
5595
794
1040
2359
9408
16
2027
4844
3358
921
5702
788
7254
4029
2995
7478
7861
7697
4830
7123
4189
7844
9234
5418
2164
8386
7981
7126
7525
2772
5872
3998
7802
8687
932
3192
5974
1568
3868
1976
9526
3685
809
23
5503
4775
5749
254
4618
9350
6423
5619
279
3597
9592
8168
1567
9859
9360
2508
4007
5760
9911
3785
2033
3552
7135
3206
3217
792
8739
9409
656
4523
6004
1451
4705
3
3470
2418
4851
378
2666
6451
1802
1828
5033
4701
1682
3644
4796
2466
7619
4768
4702
3147
7520
2910
636
151
2463
8624
5475
3812
8857
2447
8225
7228
4638
6488
1117
3998
6119
2360
5562
2837
3234
2044
7821
54
159
2973
4492
8121
4176
417
2231
7802
5880
4848
1869
7078
2233
4454
6542
4801
7362
2174
6954
1573
5031
9921
7742
2281
7008
8905
746
8720
8952
3308
1221
5672
7535
3986
7327
8385
9802
5326
2217
4029
3722
2323
850
9927
1608
6115
6207
3857
4102
4432
8970
6548
804
5779
570
9566
6279
8543
6710
6419
2965
3879
3115
570
2958
1023
4667
3040
5775
2596
7794
7049
3470
3836
9580
5880
3801
7592
4636
3310
8720
6278
4736
7010
9937
1202
2491
4822
5981
9688
9643
9425
3556
3334
1982
9784
482
9546
1804
4797
5273
9898
7907
2774
4251
5270
5704
4831
4102
2628
2681
554
2479
912
2036
6992
5926
1869
5883
4872
3323
9315
2715
5392
8572
9220
8509
6779
8425
1027
8473
518
6645
4984
9006
4205
4901
6834
4604
5576
2312
4722
2029
9202
3588
6381
1135
1878
8552
8390
4078
746
5794
237
4649
8358
3894
4290
1049
6220
1336
3694
5853
9105
790
8247
4409
9464
2807
1152
7465
335
7372
9994
5536
5388
989
111
7559
2539
8976
844
5841
7139
9734
6262
3054
9661
6805
8642
5997
8255
2244
4203
1268
9373
2139
140
966
6810
7347
5424
6594
1095
8369
3005
1710
6856
83
8977
6299
4310
1087
6922
4086
8534
1012
1986
3481
2356
2480
6821
6942
8061
616
9927
3878
7863
1756
3521
8305
8911
9636
5585
7931
8947
4783
6034
3641
9106
3209
8743
2422
5364
165
8328
3524
5348
2120
3326
5656
5004
3984
8290
2483
7494
7246
7196
1396
3827
5710
6607
6042
4808
2821
8561
3087
3010
4226
1607
7718
3333
6027
1135
5386
4222
3113
9267
9689
667
4269
5201
9360
758
5571
2762
2302
2293
4568
8982
8549
3330
7847
6839
8530
8695
341
9914
7487
1869
3238
9700
4709
6628
1689
3411
3334
3913
113
476
8961
2052
9077
3968
4971
1705
3031
1095
7189
4765
9438
1011
6407
501
5842
4666
5969
184
4212
6890
2591
9324
5440
1181
4914
2038
3172
9179
1789
4881
701
6777
7371
6000
5439
1900
3517
1940
5083
9701
5195
7710
5530
6364
6930
5437
4177
3749
56
3585
7990
8028
6616
8066
6329
3332
2761
8636
2463
9174
2973
6908
1791
362
5210
3524
8505
2306
10000
9942
6707
788
2660
2869
4786
1288
8974
2623
7270
1528
7859
7265
4690
4300
5020
1263
1400
6563
6079
4761
504
914
704
9446
6450
5364
5952
6744
6814
3376
4045
335
4663
1971
9812
5232
7826
4952
21
8872
9989
6480
465
8260
8861
8102
1903
6147
8287
2663
6405
737
1246
2207
2600
8101
7446
4765
6556
5615
9889
2795
4438
6879
2301
9184
7460
2842
7815
6724
199
3654
2690
4327
9409
630
766
7465
8010
9774
727
4623
4538
7626
1072
6926
3628
2404
8035
9998
3023
8226
6119
5448
2065
3470
6538
6033
2031
9382
4905
264
29
5140
2100
256
396
421
3227
1400
1928
7757
8480
4578
4609
5260
2472
6281
4003
4115
633
5505
6958
6032
3469
3664
5355
3903
5336
2490
471
5705
8264
870
6966
6315
6688
363
4264
605
1725
2143
545
9602
2915
6652
8805
3986
9256
8454
2643
2625
4408
7210
5089
5864
431
4191
4023
9350
5370
1669
3108
113
3517
4779
606
4720
8294
9994
6872
7365
775
4260
126
3982
9103
8295
1519
7954
9640
6255
1637
2543
13
7284
4067
6648
8122
6592
7339
5169
953
7233
8952
280
3198
5253
8349
6034
1614
7762
6779
6925
4551
7350
5805
4694
2215
6278
3929
3972
5353
3728
6004
4849
305
5498
6020
5929
8330
1864
8962
1257
8698
487
472
9788
1387
4910
182
3103
4731
90
9129
372
6202
7076
9671
5430
3060
7608
4140
2381
3942
6121
1768
1790
4
3048
6158
8604
4558
7653
7815
5639
8707
9107
9030
9994
9477
6919
1285
9153
4645
9129
4329
1578
8639
696
7350
9125
3424
6375
2781
7439
1760
4946
1561
5813
9092
3663
7039
4847
4608
1529
5159
1236
5519
1168
5873
6539
7366
6662
443
559
2988
3606
3771
9243
7318
6546
7978
4055
8798
2237
3859
5915
4475
8884
2134
7995
3818
2851
6055
8856
873
3417
3204
7223
9461
7164
2783
8987
6994
9095
8791
3094
61
6876
1114
4659
9569
2619
1738
3700
4901
2747
8694
9617
8310
5989
5667
3260
894
7826
8541
4616
5603
2218
7635
6630
2601
6370
3093
1392
125
7304
2167
7079
4966
6904
7519
2691
3971
1114
9472
317
8
5429
5092
1377
8879
4621
4277
940
7573
3886
9351
9626
6944
9370
9283
658
8701
6232
389
51
9841
3139
5627
2
2818
6830
5230
3005
2840
298
5090
5157
2354
4219
1444
8881
3431
6110
3758
5373
1153
534
1487
2038
9662
203
8280
4460
4746
9178
7539
224
7720
6091
2430
6895
713
8769
3481
9726
5774
9867
4759
5081
5666
4429
955
863
9995
6543
5345
9955
9958
3781
2284
7893
8336
729
9029
8484
8949
1194
1265
6205
9174
1597
6258
3363
43
1193
6682
7099
3494
7372
8089
8714
8372
474
4595
1906
6757
7908
8933
4681
1163
3349
4489
8649
85
5043
7996
683
483
3477
5127
2849
4935
3851
7408
4365
1089
6969
8689
428
3451
5176
929
5668
6286
2212
7466
113
8382
9847
8250
6124
8266
1487
7085
3221
1053
6649
3389
7317
8492
3846
9875
4017
9343
3978
1705
9804
2617
1225
5173
7241
4959
9045
8080
9052
8617
1429
676
5605
7147
5367
2136
5808
5528
8127
9932
4206
9797
7601
6923
3181
3287
7597
2074
2335
948
7235
5124
1189
9328
1314
1382
327
1161
4668
6547
4657
4968
9587
8865
4957
8498
9374
322
9179
370
5692
2152
8652
8021
7152
3189
3952
245
8496
1736
3831
6833
7410
5580
8152
5208
775
9230
5559
1643
1560
6550
8044
5780
9759
155
2983
6307
2082
9773
475
2889
4032
1249
9573
4399
2697
5705
7104
3302
3357
1675
4705
4877
3165
7256
107
1902
4580
9067
8647
8940
914
2512
5562
8955
6307
8540
2289
7938
1708
5954
2738
7649
7910
9273
4545
6290
6613
4035
9220
2052
842
5360
9054
8649
6455
9900
6875
6076
1217
8618
8222
2928
7966
5308
8526
1950
2300
3530
1178
5408
3861
1966
8985
1486
6813
3142
2879
3310
1867
9037
8472
2277
806
3079
5634
5821
4910
8919
6937
5806
4814
1219
3713
3502
4508
8014
8029
6028
6095
6768
3092
9135
5774
1375
4889
1522
1710
7335
4172
6438
3854
1023
6480
2779
7876
9530
2125
2632
2646
5354
612
7685
16
1092
6416
3928
4506
5685
4311
3356
9003
2174
6690
6612
4743
765
5141
9033
8171
4043
150
7707
2834
888
2296
8672
3737
2879
2172
1236
7639
3715
8308
9145
5966
1574
6615
3603
2957
5131
4793
2191
427
5622
9719
251
1597
3552
4854
3022
3853
1863
9466
6544
9321
1976
7869
2313
3173
4817
6849
5911
8509
8569
9140
211
3223
1958
290
1290
6648
7549
8288
4547
6351
8632
5973
4390
7345
4267
549
8750
4479
329
5961
3009
3793
8725
3639
6595
7773
8131
7298
5691
9607
290
8307
7266
8423
4083
6352
9722
1874
7007
78
6407
2941
9481
2328
4805
7173
9396
1462
5545
8542
5906
7001
7405
6785
2834
586
6766
1152
729
617
8997
3872
439
8198
3200
2319
2533
5757
7297
6023
6195
7646
5392
5484
5929
7813
7009
2999
9939
9243
8897
5404
6650
9733
7483
9974
5906
1007
9516
555
9627
2224
1203
643
7047
5307
5199
8481
3
4361
5041
1204
8583
7539
6754
5403
4159
8588
5049
7016
8274
6816
4928
3877
3135
4375
6961
6724
5925
8852
3509
9101
3278
6843
1917
4051
9810
549
2130
933
5836
8699
4433
5007
2298
2724
9365
2898
8890
1721
3305
255
3663
3848
1446
7925
4878
7396
6976
9971
461
6036
6783
9474
2614
8225
6239
2071
1569
8826
987
5888
2916
3186
1310
8767
8943
2737
5671
7177
889
5719
8011
8409
2496
1975
8595
6543
2677
7124
6065
6917
3574
2214
3194
2644
3679
7303
9803
299
2015
1642
9208
4745
8665
3720
8233
5382
7418
2877
8251
560
5860
3182
8454
1249
7130
3829
5705
1969
1031
780
5113
5199
8809
623
4652
3643
7296
4233
5923
8200
7397
3
2840
8798
2278
4123
3402
1226
9234
3174
7575
903
8000
1283
7570
5951
1105
9373
9326
2779
1685
5313
6845
4069
8845
8396
7906
699
1649
9505
4990
7822
6831
5254
3747
9210
4379
3413
7566
585
2787
8482
1899
1659
6112
5962
8645
3696
4178
5576
3763
7444
4834
669
3481
247
9664
1628
8724
4742
3694
2014
8236
8314
9963
5501
1940
2515
9033
2822
976
271
2391
1098
391
8879
415
221
6258
4011
9793
7261
7876
4994
2532
7241
9879
8923
7494
5596
158
6707
5991
4440
7631
1156
1597
510
9947
2953
6084
6138
2502
8804
6291
8353
3583
8260
4060
2249
3185
1192
7499
3072
9015
6804
2209
5501
9699
7537
2437
2566
9131
1338
6252
1684
4923
6836
9303
7200
9590
2852
6029
8266
7498
3230
5191
5398
5529
5067
3483
3236
3418
2578
3638
3223
9356
6014
1395
3456
759
4878
9334
1444
3406
8155
8456
1505
5450
2796
3179
1618
2761
6960
2957
1962
3200
2902
3066
9248
5537
7948
3513
9885
3272
7508
5148
1903
294
9708
7438
7939
7254
1509
5502
1247
8218
6870
1198
6233
7878
9396
8019
1844
5341
2471
3299
6431
8871
2688
5723
1937
5448
89
8745
9795
5112
2491
5571
3253
744
236
1527
6035
1220
3716
2026
8126
9094
2189
6604
26
1724
2432
974
1454
404
8652
3302
2455
6011
1763
5541
4032
3105
4976
5986
4459
931
7401
5186
7554
116
4766
9377
1358
9066
1205
1876
941
8052
6436
8635
303
8583
8492
3748
2154
7257
9814
3698
8827
7956
4958
4604
3554
7329
3333
6567
8270
3005
1008
8628
172
10000
2550
450
9908
7499
9584
6503
3295
9583
64
3790
5507
4918
1062
7541
9856
814
1642
9804
5217
7920
9732
3006
6375
8409
7966
6384
7591
6333
2807
676
7913
8975
8929
9872
3979
4639
7970
1981
832
9886
9591
4908
5715
72
2830
6145
5111
2679
6404
1520
3351
6792
6909
1698
6961
7370
113
2106
7216
7746
4700
2685
7930
1777
1486
5906
7359
8856
4764
9391
6984
2235
5280
3729
8165
7241
3447
7326
7181
7469
2502
1033
1294
4879
3820
430
2328
7960
3183
1518
6301
2350
2830
6858
7022
3086
9323
5910
1059
3196
3989
7917
6513
4640
1315
5129
765
209
3357
2997
2979
7235
9216
7480
9580
1898
4077
6045
1397
2897
1642
5285
7561
8807
5554
8625
8397
1131
312
9041
3988
1938
251
6382
1510
4717
7463
2246
9517
129
4896
2520
4069
6918
8279
194
834
6151
5778
8610
3312
6125
237
433
8503
1140
3215
4493
8867
9984
9909
9117
3956
2565
2593
6374
4969
6483
1808
8483
2231
7053
2122
3076
4599
8664
8009
3774
2379
8528
2829
6419
122
1061
5049
7836
5857
3038
5241
96
1383
6279
9146
3900
5952
1365
4135
1146
5908
3599
747
3940
2279
5252
6097
4329
5847
525
9276
420
4500
8433
3674
3398
7915
219
7883
9979
3738
6576
4107
9365
3882
2343
6823
7470
6990
5903
4476
9941
308
8434
9747
8043
7344
1867
5512
5041
1043
5046
2893
3833
4661
8631
7322
7716
5990
3810
266
5302
7757
9085
3420
9518
9411
3216
903
7899
7205
1673
5108
4451
3896
2167
876
2791
4024
6723
1790
2636
1965
9232
3662
5642
3474
7176
4814
4391
1809
5789
3539
2045
4091
5578
3356
4887
9426
103
8603
6763
3873
5555
7085
7066
407
9731
3509
805
9103
9283
8909
1773
501
608
821
6189
9399
7138
5683
5904
2097
3280
9669
3400
9798
3252
155
8763
2248
9611
7708
3932
4856
9192
9286
5253
9480
3069
7268
6556
8582
25
5452
169
5006
666
2577
4391
9642
1082
2173
3191
7114
9105
1388
4146
5808
8055
1341
3697
4212
6158
5584
1250
275
9106
5928
3524
9233
7409
9980
119
2193
8798
6333
1417
5790
4750
8109
4144
4461
4292
7381
4422
7173
569
5600
7704
7287
408
7127
9175
8933
9423
4251
5971
8756
6501
3852
3884
1141
3506
8574
2269
8555
8400
3123
5979
879
3349
6358
9234
3627
2153
9289
6591
419
9195
4251
510
4556
1880
9484
6731
5046
5487
5283
6987
2010
3857
5715
4402
8036
7549
8198
5681
4788
4817
2598
112
3440
1054
960
2397
5224
1805
3506
1379
4888
1342
7190
5176
1766
3291
7035
161
7403
2367
4571
3182
2556
9890
829
5124
2981
5054
7205
6815
9262
419
835
8362
439
2234
5191
497
7122
3796
3805
2387
4852
1956
8552
3693
3930
805
1088
6099
823
2558
8141
2112
192
5074
6288
5435
1323
3321
6542
1730
7715
621
2756
4363
4392
9746
5225
2230
6565
2823
7329
411
7728
4862
2191
7925
897
1029
8802
2332
1069
6765
1945
9405
457
7174
7086
9171
9621
5642
3739
9627
3757
2749
8622
3204
5600
9039
8357
2325
6114
7420
8637
2779
415
9756
2756
5003
2341
5465
4862
1677
3877
1911
9898
8528
3080
7296
2281
1472
2187
5653
5776
363
7282
9593
8210
5170
7101
587
3577
3811
1022
4482
5094
6397
9009
8597
636
6540
9758
2871
5889
4630
9075
5812
3284
9817
2242
236
1872
1476
4715
3643
5224
8876
361
3888
9032
2294
9655
1557
7767
3515
8799
8402
5396
5272
7918
8312
5528
5090
8035
5493
8114
5469
1744
7552
8933
8011
8692
5589
8349
5198
7680
6515
7426
7060
3791
804
1062
7844
7853
2591
324
8893
9635
1344
6265
8157
1553
1628
3421
3583
93
2481
6260
5820
7520
6898
8389
4629
1264
9468
8802
167
4149
2035
8381
7236
7502
2659
907
3527
5395
5098
366
2875
2859
1247
3646
4423
6926
2053
115
7426
8691
9657
2664
8490
8396
1612
5215
7185
9795
8087
2298
7764
4618
52
1907
8184
3892
4757
2033
5988
1325
1067
8643
3287
1262
1932
7641
7941
5329
4940
9802
7195
6393
1143
6704
8545
2020
791
527
1999
4105
826
4304
1275
669
5594
7085
1483
1374
7425
9007
6084
7178
2357
3050
8155
4907
9528
945
9842
3661
4916
2558
6464
645
4502
6475
7290
2679
1498
7984
4605
6049
3137
7439
5763
9189
9228
8893
4452
2700
1697
4600
6342
4723
4794
8557
9742
3307
2409
7547
7284
3388
2912
8436
1792
8812
6968
6973
81
553
811
201
8035
2916
6305
3753
5669
1722
7039
8859
1235
4569
5777
5945
136
9632
7324
1977
5931
1398
1536
5261
1441
670
1959
6925
6258
6167
4905
5268
4441
4896
160
2189
7427
3337
8752
9614
1605
4365
8668
4785
8544
3425
6711
431
2502
4204
6102
9733
9424
3358
4115
5915
3107
9075
2131
9304
6593
6961
8179
5326
1576
1905
1955
4089
3935
2044
9961
8795
6693
5748
3891
3807
4601
2890
60
2373
6190
3020
8231
8047
2223
182
2809
3176
1255
3328
3660
5895
3669
7443
4647
2136
4923
9903
6578
9461
9025
7844
8548
445
7020
4244
2999
9034
2016
1786
3768
9477
7688
4351
7008
5563
9340
9366
1325
2423
7668
1905
9979
156
5875
7184
4772
5280
7224
9481
60
6053
6798
5004
1358
7522
5591
4216
6445
4235
8902
4925
1314
2484
5152
404
8040
6362
7619
4239
7431
6479
5878
9523
7158
2071
6108
2346
9964
975
2285
1540
5023
1525
9398
2042
39
1727
7967
6944
2664
6256
777
4176
5358
99
7794
7884
2188
5877
3851
1845
6893
2940
9613
1902
6259
459
7945
1489
7595
4236
3285
479
5668
5891
6802
6196
8551
9383
1834
6358
5523
2056
5167
9704
3696
6237
2433
9363
103
6359
8400
2260
3273
3440
1711
8159
6460
9686
9709
1216
9115
1270
7298
2440
7456
9558
4817
9097
9396
7979
3259
1460
305
173
99
4862
8650
1677
6718
6312
8783
541
8530
473
9739
5971
4611
557
1820
643
8818
3666
6617
929
877
178
8017
4282
8730
4325
6490
7140
6225
7416
1531
7286
3151
6453
1269
4463
7458
2625
9418
367
9344
6914
8801
8773
1498
1636
7812
6795
6774
443
9316
6589
9930
1051
5928
2233
2933
1826
5599
2773
7403
872
9098
1102
59
2475
3452
4429
61
9881
9404
8753
8953
994
2724
9365
3573
3502
4795
4073
7849
7790
3669
1651
7847
9210
4273
5236
8445
8598
3981
1911
4284
6651
6389
7148
2577
2019
7755
8329
2611
3915
7874
6456
7414
5818
5477
3697
4730
5426
9186
13
6211
4962
7517
9853
4679
898
6919
116
286
3670
2972
3932
5100
4010
8460
9539
3359
1328
9319
6237
2833
8424
3076
9712
9201
6389
5014
5210
9610
5074
682
2558
185
5355
7882
3227
5403
669
2293
1387
2610
6680
1198
4808
1855
9739
482
8717
5661
3903
8097
3567
7199
1132
3433
9777
3651
6107
6405
399
1856
3626
8804
8206
9688
8049
1283
9360
4862
7312
5822
6367
5752
333
6992
1573
419
9994
6855
327
4851
5166
8199
5287
9677
4925
6911
5157
9999
8277
9842
5314
8017
8299
3550
9147
6316
5971
3417
66
4338
9190
4573
9639
2994
18
5612
9157
4738
6731
8751
1851
8594
9905
2970
203
1466
5804
8631
71
3006
6459
9139
8420
5895
2531
8141
359
3050
9200
6475
2720
1083
7554
3404
8937
4936
9525
5967
5863
7339
556
8292
5204
9909
3179
7275
4661
876
2303
4721
3312
6857
8240
4582
756
1393
6544
9657
9115
4135
5737
931
794
8788
4059
8660
1037
1807
1995
3335
3555
8107
6846
5278
2057
4276
9162
4890
5280
6981
1883
3882
8787
1200
2776
4902
1918
3627
1930
5244
8474
8738
2420
9114
7878
1455
8514
4065
4533
2143
9466
751
2933
6208
3364
4887
1170
4599
6276
7581
2135
9856
9549
2712
2462
2255
6813
8292
9058
4465
5154
9491
4109
1506
827
3793
5140
6695
229
3081
8533
6562
1054
8125
6933
9576
4619
7023
9990
8430
9953
3667
4126
8585
9304
4468
588
5078
3580
510
7356
463
391
8048
1142
8387
6081
4879
9
3430
834
8053
2315
1032
4859
3524
3658
9705
6760
9184
2280
4214
2817
1201
9387
5837
8373
5119
1097
6434
245
5834
2183
9475
6380
6621
5798
2643
8953
3315
3293
2269
6970
9794
3428
6485
7240
9147
5462
5556
4871
2056
8050
7533
853
8053
9669
9388
4143
1913
3518
7271
8821
8202
5583
1804
1479
931
2936
8692
396
8171
5000
7817
467
817
3730
4393
2024
2535
2302
1367
1534
5380
2953
1073
6695
7555
646
3661
6388
6688
7632
180
3599
6941
2856
8987
5771
3387
24
581
7748
6276
7565
5990
7126
5844
8863
2335
6997
8610
4811
1686
2627
7131
6871
1369
5620
6121
6005
5511
9435
6868
8585
2231
7117
9104
8042
3822
1524
5986
4231
8010
8587
5800
3256
8210
9111
4761
6758
1748
7237
1005
2585
773
1068
3839
3168
5667
218
4867
2011
4052
7385
3862
5049
9319
4007
4291
2385
3130
3903
8951
7778
6434
792
9503
5846
3380
5743
6657
223
4994
7965
4123
8929
7362
2411
1747
7712
2221
5003
9209
9676
4156
6562
7898
1412
3625
8136
8561
8337
7947
2329
1883
1482
7802
8196
6599
7511
7108
6599
2859
2121
4951
3983
8354
3412
7189
4558
7049
5278
285
4648
3249
5476
5486
1161
6357
1370
2426
654
3912
252
705
6084
7985
1318
6351
8992
8793
152
1298
9979
5314
2889
6567
9463
163
3638
5111
8898
8418
9543
4802
803
6431
9455
9502
1851
256
1754
3653
2860
4323
4175
7738
