3242
1
9162
3667
9469
3905
1796
8248
2044
7429
7672
3148
1420
9373
5313
3488
3507
8265
282
9652
6123
6790
5595
2916
8264
4410
6070
1243
1414
2573
6342
929
639
7604
8482
1130
8777
8360
5423
8772
9330
5719
1552
1734
8262
1947
2065
8672
1661
5123
6522
6104
148
2306
759
8239
2023
5939
8353
8804
3595
1659
9078
4848
104
9917
7219
5404
7848
9730
6731
1212
3826
7632
4052
4844
2940
6049
3274
841
5355
53
7878
1415
5380
2567
7604
6386
7840
3070
9978
6925
1597
7248
6814
3320
5932
6842
3293
3666
9087
8377
4894
711
6039
4376
256
1516
7053
8462
6436
445
2495
17
792
6974
6995
9144
8595
8014
7265
6327
4391
3750
6248
7092
3408
696
2614
2547
5789
2024
2299
1401
3752
955
709
213
1126
8412
6138
1578
2642
4570
3994
2609
7111
3777
4761
4055
6760
3920
6358
9099
4124
2758
9763
9844
6140
1749
2644
5483
8509
6068
6117
8677
868
1493
7850
167
1090
9908
1385
3632
3405
1425
3200
1505
8251
7185
9656
1505
51
9842
31
4012
8990
2210
8894
1851
2460
6476
9779
5206
5786
4316
8668
8915
4890
653
3602
7922
9933
9918
8957
4482
7936
617
9555
2748
812
8592
2394
2548
4028
1604
560
5554
1179
1821
3063
1357
2136
8020
6764
9166
9300
9243
9764
8402
3100
5906
1205
3374
2118
8544
9406
3085
3681
7162
88
8600
1297
4495
5590
9350
4090
4731
3770
1263
6902
2482
4096
2875
6407
4815
7482
8753
665
9647
1626
8441
454
9805
6757
9633
4186
2859
4085
7716
3014
5058
2349
8758
1595
3448
4563
8334
3403
810
5778
735
8993
6801
8924
385
7505
2674
7395
2620
57
8515
8106
8746
3703
8673
2669
1962
4913
6796
2792
2685
3463
4896
4769
9564
1344
1943
9450
8996
3580
8889
7315
152
1945
8879
2039
6114
9695
605
7665
7338
1014
308
710
7780
483
6914
7017
9141
8217
4941
5307
3473
2789
4924
4804
301
1058
4757
5571
6467
236
8670
4230
3306
1601
2754
3135
6050
8075
8230
9996
8393
3653
9710
1257
8451
4996
4060
5704
6768
9784
3422
773
4736
5082
2376
2032
3475
8205
35
8160
8358
6180
5103
500
9304
1283
5771
3513
572
2079
5637
3508
6272
4259
7560
9845
155
6114
9607
3042
3571
2247
1429
3278
9398
8849
5466
2215
3107
3126
3187
5755
8928
8860
5980
730
3944
6013
567
5978
7121
3696
7056
2844
8075
9831
1860
4836
2615
3338
248
3332
7698
372
4697
5634
4822
8744
8267
5149
1307
714
1819
5502
688
9825
3004
677
4874
2477
8523
2119
5763
1452
6475
7378
7993
1330
9609
3515
8921
828
5260
9228
2945
6347
8056
9921
8184
4233
9910
9976
9457
2457
3921
1607
4372
6667
4347
5192
4317
2605
3781
4511
9768
7207
6123
3201
6713
9054
343
6225
2819
8751
7765
4156
8839
8381
9746
1788
994
6143
1645
9751
733
7190
6792
8755
6155
5330
5729
2037
9495
594
2561
5413
5122
9532
6167
5651
6217
5501
2183
7193
5760
7429
2744
9461
3918
3757
4966
1975
9101
3553
3496
7870
60
4899
3223
8709
5038
9724
5304
2090
2485
8214
3656
6571
4741
2870
1795
4057
1210
8474
3153
6739
2724
2986
8331
9351
3665
8173
1355
9653
6878
4619
4613
2777
9490
849
3856
2483
3709
1909
6566
6740
5011
9219
9965
6880
8389
9594
6143
3355
8970
1650
3386
1207
1725
1216
9815
923
7059
2794
4975
1955
2747
3773
2972
4493
9916
3667
8030
2468
2854
1143
3665
6782
6665
1070
7999
2056
5306
7764
5028
4497
6325
6192
4743
4910
1378
1504
4640
6927
9763
9392
3138
5607
4722
28
5389
1204
1234
2878
7009
8306
7982
6732
185
3241
9285
4856
3504
1355
7339
5833
4776
5314
1101
9962
7421
1420
9653
87
9859
5101
1690
3369
9115
556
8710
7922
2336
4932
1739
3989
4544
7532
6915
6634
4587
448
5327
4737
5448
324
7284
2861
2930
8589
5761
5685
4976
6444
4635
9238
4747
1420
3583
7123
9646
8556
5048
3921
2473
5064
1082
3551
4910
1663
4333
457
4120
4203
390
7707
4464
3785
870
6310
8353
343
9803
9226
6792
9406
8031
9029
7131
3800
7548
2001
9918
8080
9544
468
6103
7253
822
5366
6017
4281
9501
7689
2661
5269
3221
404
1233
1363
2464
4691
4902
4870
9743
4739
4168
1924
7251
4957
5026
9826
3322
826
593
3571
5
5053
5356
992
6415
3552
6297
7017
9219
7568
3353
8913
1498
2160
9302
9462
6918
5592
8844
1527
5029
7537
2037
9072
3512
1942
4227
9910
8191
6554
5627
2376
2235
4322
7222
7894
6153
1413
3767
4601
4699
147
2068
8703
4954
8735
9682
9835
9651
8316
9602
9633
6355
7355
3133
8657
5811
6834
5688
3039
21
7752
8851
6009
8727
6669
1452
3750
7194
1235
5865
1495
8418
6536
2696
5283
9395
8062
9416
7409
9336
9815
9087
2885
932
1032
4115
2500
5636
6954
770
377
6412
7374
4531
3762
3563
5788
9157
6876
251
5694
2221
303
5906
8874
459
604
7436
3147
8790
32
6348
2459
356
3502
1231
8579
7135
3050
1123
2934
372
3025
7546
4009
3929
5194
5163
1107
2252
2693
8931
4050
4753
4054
6227
5437
7217
5491
8575
390
8034
5434
7621
6766
358
4674
8588
6125
3002
7268
3011
7986
2876
3433
3873
8449
5794
1103
3131
9440
8899
3124
3911
1942
9694
9471
9968
5589
5638
250
3408
5472
7099
8006
5146
1037
9755
4375
59
0
8702
399
1063
7766
9325
8038
9537
3822
10000
704
190
4890
7127
3215
6215
2704
5048
8300
1010
6452
331
9040
6122
6014
7992
247
1657
9018
7233
6985
6154
4698
5172
8173
3727
8454
8693
7407
7562
7272
338
5438
204
8948
4016
4235
8990
8179
8806
8710
1136
6481
63
7396
3328
2206
9847
8086
1905
8243
3117
9008
6789
2580
9158
7793
5295
7687
5334
2899
7047
8039
6284
5660
3911
6867
5678
198
2098
701
7731
9476
2634
9240
6958
2602
5661
8881
8043
5338
6216
1866
2164
1092
9333
5156
5802
120
5046
5047
6117
5500
8498
2029
6445
15
9951
5057
2932
6107
4311
450
9194
3923
5729
5850
7389
6592
173
8870
4349
7528
3080
5467
6936
7083
2568
4789
1621
755
3633
4143
2570
7923
5861
5164
5098
9806
4566
4993
4663
1518
2165
7398
6008
1745
2442
800
5307
3906
608
2732
2851
8672
8657
813
1922
494
2118
5356
1786
8057
4847
3386
4736
2192
1922
4176
7522
2886
2583
589
7470
124
4770
6124
4965
5898
5611
9010
5227
4242
7636
1038
9344
3328
801
2323
8101
1164
8406
5655
5582
3949
6223
7916
4969
122
1290
7230
3752
1416
539
3082
4738
4206
1205
8356
8135
8289
2893
8156
223
3169
7654
3565
8832
9433
7138
2727
900
7549
5429
665
6273
752
6953
9627
2239
8186
6855
4051
1508
6116
7007
8571
2971
9533
2071
3896
7428
8647
4178
8436
7544
7850
3909
6391
6191
6888
9224
3124
6810
9465
6597
3773
5643
1751
8299
1010
2793
3101
1430
2264
7442
6511
1454
5269
4898
8171
4602
4819
1245
2437
7432
7892
6902
5248
6688
4096
2176
4190
4262
6843
7058
8182
8407
5780
1371
3134
7305
4429
1251
3696
7874
2550
7807
2694
988
7201
4343
7774
642
5739
2179
2835
4161
2167
5069
5497
4394
2619
3727
2087
2863
6331
2469
2250
2726
266
5199
2102
4466
7024
503
3965
6556
5509
9630
9327
619
6040
7465
5070
9602
8384
3466
106
2350
4672
1001
5732
521
7100
3753
6383
9528
9695
7115
9072
1577
4668
7901
486
569
2193
3492
8355
9578
7343
3459
3786
9334
6514
5039
5099
4210
3674
4996
3503
8903
5573
7531
7834
3855
4587
1997
6222
8753
1277
3709
7074
5488
6577
6381
8551
8687
3679
3627
9972
9792
9760
2197
258
6688
1043
7824
609
6132
8389
7183
2975
8481
7654
253
6235
9639
1654
5315
8271
9220
4592
8870
6746
6795
8814
6771
6945
6379
8927
193
5502
951
1459
7873
6047
2628
7584
2046
5182
2265
8381
8861
3878
64
6024
544
1520
9175
2280
3504
3173
7839
4400
1051
9645
6816
1355
5495
9383
6437
3063
8221
4416
8960
4480
6719
1992
6878
5815
3636
4480
885
9557
5875
4585
4774
9192
1617
4043
5125
4333
351
7359
9873
5152
3477
6111
1725
4213
3247
8644
1390
6529
237
8923
651
7407
6661
8605
4731
1697
2317
4437
8845
2612
3145
8321
1905
814
6081
4798
5927
841
7141
7413
897
1130
8844
7308
3518
4376
1999
5099
1486
1070
8746
5239
2577
9212
9114
8112
1271
8754
8134
2201
8409
2433
7814
6301
8414
1710
5783
5438
8257
1114
721
4284
3014
327
256
6518
2873
3424
3848
2615
8315
565
3603
1191
8295
3354
7934
1566
5298
8264
5129
2027
9335
8346
53
2971
7658
7984
1126
8586
2077
2440
5717
4500
2389
7306
3189
5497
1177
1826
827
8915
4696
8687
5367
6205
7954
6004
8058
4028
7942
4706
7838
1868
171
8678
1051
8173
3059
4344
3010
9205
2025
1280
6083
3307
1151
5136
3261
1239
7877
1450
7889
6601
4490
634
153
5137
1487
7203
8895
3358
3722
9722
1012
1176
8871
1101
6291
7726
125
7324
8509
5569
7160
4869
5064
2092
755
978
7898
2002
1873
124
364
9649
6782
1277
2557
5855
5852
9930
5022
1664
8727
6131
1635
409
5929
7784
1376
4048
7444
1588
9972
5305
9736
1003
2131
866
5426
7718
8734
286
4687
1882
3003
4475
1474
5593
1878
3373
1360
8699
4401
195
5942
502
6797
8009
8910
2850
7073
3530
2933
3476
5499
4170
8995
1515
96
6974
8570
3968
6578
9785
4778
3882
8686
8926
2201
9186
7901
6365
1845
9099
9873
1680
520
9649
448
6110
1028
8756
9652
5351
5179
3577
6141
6045
7011
914
9946
5528
7353
6182
3488
4294
9765
5807
5793
512
7432
8909
5803
2332
6186
2369
2286
980
8873
3751
1980
226
2716
4531
2222
8609
6958
5574
4235
1366
5596
8637
196
9355
3683
7606
7286
61
7980
84
8248
7760
8723
9446
8593
3643
4662
7827
1973
4608
8264
3372
5220
3588
3268
60
9044
7254
5844
1544
3126
7279
5752
4993
3039
108
6078
5476
2481
9914
586
4559
8063
3737
3440
2526
8420
4750
990
6085
4653
2302
2236
4089
2055
9335
973
9449
5485
6836
6368
6287
8527
3626
8287
7951
1674
7978
9990
615
534
620
9020
4299
6481
2288
6004
3890
4925
751
4143
3117
2971
3875
7954
1803
8811
9308
9347
5579
2195
4826
3703
686
2556
8035
8575
9541
743
8167
9549
1612
1366
9513
6396
3924
6101
2751
3516
9753
2213
4236
30
1968
1764
2086
9185
7154
4260
5893
6554
7607
3306
5159
9532
1411
217
7263
3011
3718
4387
5713
1895
3902
2698
529
3743
8919
8665
7608
1975
402
724
1566
3553
6247
3944
173
2450
6717
4977
665
7797
9699
8943
1644
4459
5876
7385
1961
8678
1120
3170
3064
9441
5461
6989
7780
1077
3012
4494
6576
8351
5104
2773
6349
3897
5999
4846
5949
1706
1303
4624
8520
3787
8335
8216
7505
2972
7448
2978
2693
6590
8345
8602
8660
1886
5059
1964
6550
4050
3399
7651
1173
6192
7942
1885
8221
3017
5267
120
8803
2395
3388
3174
8074
6939
8603
5231
3497
1814
6459
4085
4720
4602
2919
5020
8697
6896
2132
280
3108
6134
8208
6622
9427
2850
7649
1445
8511
7301
5304
4252
6301
2399
3305
5349
2734
3298
8060
407
1233
4075
5310
9809
1862
9863
5779
8741
9892
3240
5778
453
7316
4406
7779
8497
7613
6508
7937
6092
4765
5503
1936
3239
6089
4193
1672
6263
7395
1207
1671
8200
6668
1991
6368
2203
5262
219
3424
6343
5886
1170
5266
498
8177
8746
766
5295
5244
9990
3294
8474
8767
3569
1862
2240
3529
113
7329
5095
9594
7851
2714
9799
566
4260
388
1160
478
7449
5649
6269
9212
3129
8225
3783
5320
3679
8344
8562
5188
331
661
5298
343
2555
8266
1549
4125
8957
4900
9473
5624
2397
2429
3678
9957
3842
4380
6318
1707
4075
7743
5365
2772
6248
6385
5191
3569
9858
5939
11
2989
7001
4978
899
8254
828
6924
1312
3274
590
6773
7188
7884
8515
5963
7662
6432
5491
4752
9210
1136
4227
5255
3003
9166
1354
8613
1483
9295
9612
1685
1951
3691
1498
2790
1146
8806
2941
2395
1026
8300
5563
765
7321
5440
4562
3805
4603
7391
5425
7315
4930
6482
5002
9274
6661
8905
7988
7605
5041
7196
8606
7349
703
6287
8744
8893
7165
8296
1632
75
5883
4067
3569
4268
6312
5614
5504
666
2852
4670
6097
5236
8830
5091
1205
2937
2174
3548
8859
5505
783
5452
9488
4994
540
9245
18
8504
3512
9152
996
5631
7687
2359
94
9677
683
2271
8393
1626
5706
3951
1666
4080
4460
3474
3439
5307
2678
4029
331
3623
8729
8647
9998
4646
7848
8896
402
8273
5086
9872
9959
9699
3115
3747
8917
2557
3371
5116
1245
2412
223
318
6886
4547
3130
5737
7762
265
5011
3926
8232
6241
4287
1923
4774
62
5893
9012
9635
7141
8223
6445
2009
4360
4109
2585
9754
366
6248
5514
3754
3756
1595
3306
7541
42
6431
7496
5362
3763
2567
1511
5838
8580
5289
6410
8507
9068
3994
2920
6216
1220
7088
7853
5229
3967
3214
7446
4656
1304
6837
1899
7912
3028
8334
6818
1997
4268
1528
2849
1294
2435
1060
3822
6233
8444
739
9450
7987
4373
9011
7639
5331
8498
4579
2908
9851
2634
1085
6294
4498
949
3602
8748
2451
477
1720
3058
9578
4229
8630
2819
8027
328
8377
2471
5186
3260
2216
7152
2647
7992
3966
138
9009
1699
7558
2444
8828
6896
8169
8288
4140
8122
5597
9811
5626
3762
3997
3679
8566
6260
8631
7184
5791
1443
6383
4836
5180
4194
5202
5782
7922
1025
3006
7509
6596
4015
8228
8144
928
6613
6953
6502
7423
3777
5915
4149
8751
1219
1656
398
8916
3452
4652
1899
9343
9405
5072
7798
283
8303
4990
5737
787
3320
7910
9078
3161
1980
9918
8474
4468
6528
2548
6864
6605
9224
2212
1582
364
1130
2743
753
8969
1178
4218
7472
1493
9987
4145
4463
959
6470
5499
8534
7361
4896
3789
9215
1926
558
2296
3050
8666
4588
661
3465
2084
8562
1326
7497
4569
6929
4765
2432
8474
8444
2372
9790
1217
1138
5425
4737
9629
8091
5624
2859
6798
8319
6431
1111
5310
8433
2516
3939
1100
740
6481
1334
5476
7126
1013
7397
7927
5403
8028
6406
6676
8834
2601
8451
4108
2436
5767
4330
2728
8465
3774
1596
3426
9318
1066
9306
8212
5633
7932
6573
8041
1833
7599
8828
7272
8873
4601
6377
9651
2047
6378
7150
1831
7743
7964
5715
9856
9817
4932
7451
3667
1811
1087
5700
2746
2746
2957
8026
5058
6954
6797
4700
7604
5867
3233
536
1160
9060
9071
3752
3435
6454
1528
6633
9051
7141
9843
9992
9590
8205
2129
6424
6842
5825
4787
4074
2440
8250
9700
3297
7420
8695
905
3627
5980
7122
6943
3820
5285
9
2578
2685
1793
8854
8904
2299
318
4071
8547
8562
1300
4879
2274
3295
8549
7677
8422
5207
8936
4560
6859
27
2349
7681
779
4913
189
3689
2160
6549
6222
4231
1923
2067
3780
5267
8195
3631
5347
2110
6318
2551
5939
9738
5229
3453
4958
4069
6884
8583
7852
9531
8553
4526
4875
4869
8123
494
2362
5619
6394
8929
4811
8320
6821
9486
6836
8051
5167
9043
7385
9704
5146
7891
1507
1581
893
5249
5570
1651
5120
7952
2647
7261
946
1119
2383
4811
6531
1486
4608
7319
2091
1383
6619
7686
5704
8858
4665
3230
1006
9955
9002
7334
4475
3105
5631
56
7907
3679
222
4491
4035
8359
9566
4422
8597
8869
9971
5704
5281
7005
8279
8343
1940
1598
1147
2730
1412
1177
3483
7509
7084
1471
2143
5257
9199
5964
6749
8605
6108
9142
3681
7416
9393
2179
4829
3481
8649
1635
7039
1086
3687
1746
5964
8896
6981
932
5963
8683
6721
3367
9090
1476
4754
3065
6295
527
2500
2101
8471
528
2823
7514
4162
6847
6598
4575
7787
5070
8661
5570
1739
5660
6837
3422
3762
3205
672
587
1265
8331
179
6281
7979
9218
34
8842
8810
1961
8718
3116
948
7871
2318
6133
452
9656
9136
7880
9420
5613
3931
5471
4675
4640
7032
3661
1794
4235
2350
7086
3318
8463
1901
8080
9902
4481
543
5439
7617
5431
2134
4223
643
3378
6731
8994
7625
4080
6856
3159
1835
2856
9443
9326
8547
8404
5657
8422
4483
6604
456
3706
7966
7195
7291
8589
5858
8025
4649
8603
7324
5014
8097
8633
7365
4243
378
7288
6568
5661
8318
9715
9799
25
1173
7093
2105
9335
7414
4322
2597
2747
8956
4181
5522
7914
3200
2862
4389
6003
5582
3551
8070
532
8651
1537
4389
6245
5955
3028
2564
2796
8113
7290
3346
1153
8633
4226
6786
7516
7470
2304
7505
6525
5556
634
4493
4415
1632
9442
1890
6549
5137
8422
649
9766
7361
8577
2578
4764
311
4067
4983
846
894
8610
7948
1283
6137
2234
988
8652
4045
9039
933
2764
2583
9335
4709
3689
27
1427
6345
4413
4349
7896
1101
1403
5311
6485
6479
1434
4352
2045
897
8943
2592
8767
5980
1831
7421
4638
4778
5128
4701
448
6119
7961
9091
9238
511
1303
2130
3412
6100
6898
3915
2837
4777
1957
2289
4026
5309
1250
8465
8791
6843
8358
9489
5004
2627
6267
2437
4590
1970
7114
8056
662
5603
7120
8756
6296
9160
8876
8219
1533
7053
8729
1581
5919
5521
5466
5617
1643
9374
7594
7466
6789
9411
5610
2485
2471
7547
3512
5285
3749
9078
993
3379
4601
2277
1677
5730
5424
3863
8801
8438
3004
7295
6830
3983
3115
9665
9695
515
5282
6832
8238
1268
7540
5513
1567
1887
7495
3880
3793
4355
6795
2984
1938
9325
9337
2688
2928
2618
8504
3144
6445
6294
9716
1045
1140
3356
4690
4885
4778
3898
8771
4231
4235
584
1720
8376
6181
4797
7128
8824
4124
5917
1184
7118
7765
9192
502
9669
8657
5449
3832
8072
5760
9393
9418
9175
5114
8502
4568
9637
2692
1450
3673
9743
1699
6766
5822
2704
4876
770
3024
5651
5567
7512
6580
5252
1216
6460
7259
6130
7392
1544
7002
5313
5253
1056
8545
5819
5073
6654
7344
5338
8519
1982
3535
9369
9880
5436
4481
7950
3783
5436
8085
2658
4552
9690
9054
3518
4611
694
9806
1831
3736
5622
7976
4873
4923
1898
8765
3406
5915
1848
3052
9782
2711
1397
5143
6882
8057
8110
3592
794
6354
7282
3379
7081
6335
4920
5585
8427
2190
4752
9786
3097
5228
2286
2000
5734
1538
4846
9672
692
830
8931
6281
9830
7086
1021
6291
5268
5619
3084
7663
185
629
3777
6977
3821
4576
737
7608
4177
345
7980
4365
6469
5220
5786
8574
7113
8045
8131
2678
3413
9653
91
913
8371
5716
7937
573
9754
4637
3999
2456
7953
977
1471
892
6305
6098
543
7589
7765
7407
5751
355
3940
8394
1262
6510
6987
1645
833
1556
4273
7962
4881
7205
3728
174
1988
7590
9723
7970
9390
73
2362
9337
7621
9409
537
4341
505
9489
3002
9602
1501
7040
6667
4584
7697
