7279
0
-5827
-7207
7316
4066
-56
-7909
-6914
5314
245
1227
819
-3625
9879
-8508
-434
-9516
4320
-3835
-218
-458
-4513
7536
-3606
-1825
5641
-1943
5775
-5
-8128
7587
-8549
2667
-5661
9815
7205
4450
6983
-7871
2716
73
5631
178
-619
9575
6117
4038
7041
-9293
6565
633
2464
780
4768
1588
842
-9847
2504
-6642
3085
4000
7214
9381
270
-2615
-1851
-4839
6997
-2320
-4140
4156
-8695
2425
6475
1338
-871
585
-7773
5895
9055
3711
-9877
7019
-5911
8161
2221
3466
-889
5533
8540
8524
5290
6173
5365
-7862
-7546
1737
-6732
3301
514
-6299
-4763
7570
9689
-7691
8688
3143
-2664
-1004
-5132
8747
1179
-9417
-3022
8048
-5026
314
-7251
5558
8497
-9528
-4760
5356
706
5586
-8333
-1900
-3783
129
-1605
-6220
2362
-5406
-5375
6504
-5348
-809
5786
-4634
-21
-3297
9425
7456
-2749
-4064
-5364
8084
-8185
-1318
7565
-4086
4098
-6135
-4722
6678
-4504
5741
-7298
-5930
5848
-3708
-8849
4506
-203
4270
9963
7390
3528
-1480
-530
3514
135
8996
2352
8212
9596
1952
-2220
-1168
-824
565
-1624
3374
2280
-2473
-95
-1578
-866
7504
-5071
-8464
6058
3968
4949
852
8737
5319
6737
-96
-1097
5434
-1384
9041
2441
9517
7788
-2732
9159
-9183
-5806
-4513
-4289
-7951
-3330
-4484
4249
8617
-5628
-7418
-3463
4276
4950
-6906
-1498
5090
5197
-9840
-1885
-7123
1794
7405
2246
-4296
-817
-7652
-8676
2573
2151
-8718
-5077
-2038
-1641
-8083
-3804
2513
3118
9860
-3250
6835
5294
-272
2921
-7974
8727
8432
2482
-6023
-6641
4920
-2156
-9574
9492
-4796
6875
-1334
1237
-8339
-6271
-9737
7936
9040
-317
6393
3685
2394
-9336
-7355
-1213
-4551
-8083
-9332
2348
-7687
-8579
-4076
4485
6868
-4973
-9773
1738
9119
-3438
-9954
-8579
349
8059
3904
-9882
7774
-4430
5374
6008
-3389
3586
6605
-9347
2875
9433
6377
-6250
7731
-4088
8435
-199
2454
-5973
-3109
-5866
7121
6180
-7743
533
-2550
3378
9398
8185
785
-1025
-8164
-4970
5009
-6879
4853
-6324
9878
7274
-1940
-917
7362
2970
2967
6767
9789
-3988
1989
2551
3021
4873
2681
3207
6144
7583
7760
954
-258
-5707
-9724
-5092
7375
-6497
4423
9060
-6406
-4986
617
-4144
-6434
7574
-2273
9863
-1000
-1659
-4804
-78
9023
731
9799
-3427
-190
8366
-836
-6537
8078
3779
-8571
1440
-8335
7626
5427
3003
4098
7038
903
-9907
-4130
-6777
1931
9480
-1566
-2464
-2731
-1438
4306
-8275
-7804
3430
-6983
6428
-4470
5511
5953
9046
1328
9813
3855
-8634
-9697
-931
-324
4707
793
-1034
-9500
-8584
-8466
-9369
-5448
-1191
-5783
6146
-1303
6295
6337
1238
-758
614
4778
1592
-328
8330
-7200
8676
-31
2706
-525
8025
-8817
-1999
3770
-6176
9669
-1952
9848
3684
8124
-3570
8856
6809
4415
580
-7193
-6699
-5118
9287
-8039
830
6023
1822
-5234
1943
-582
-7701
1751
-8333
-5700
-8737
9720
6609
9419
5092
3569
-4218
1361
4405
5931
4609
8466
-3025
-9695
265
-3675
-8143
-673
2564
-2559
-6810
-4905
9542
-2888
-8830
2632
1576
-5841
5483
2857
-6377
6691
-8966
7745
4188
8130
-8806
1251
4453
1625
-6683
-9623
-2364
-3879
3160
1843
-6411
-8189
-3484
-5647
816
719
7496
8981
-9404
-6769
6123
-9847
3776
6941
8913
-7267
6211
6610
1062
2608
5413
-8978
-6348
-470
-2191
876
-738
1813
-3451
-2787
7044
4758
-3019
6434
4602
9009
6166
-6484
-4684
6206
-4018
-8744
5452
-274
6073
-5198
1439
7848
5001
-469
412
4260
172
-2271
3170
1299
2395
-3028
-8133
-7941
7084
-4718
5395
6307
-6983
4552
8230
9878
9681
4090
-7584
5909
8441
-2221
-4094
-6922
4105
9728
511
-1724
-936
-6213
-3463
-1023
-4573
-5918
3606
-1213
6420
7430
-7680
-2618
-3738
4438
-2444
-5436
-1910
2498
-4091
-1891
-8063
-1290
5178
-7666
8177
-3403
-4635
-4177
6296
-8636
-1787
6147
-5285
4591
-8610
-4152
1886
787
13
-765
698
5299
5309
-7232
1532
-6178
-9817
2507
9030
-9418
-7204
3180
6728
-2912
-3569
7869
-3845
-953
4702
-8507
5031
-80
9633
-6676
-5390
2034
3419
8006
8729
7241
-9710
407
-6259
-8552
9447
-8465
3141
807
487
-7424
-3840
-2520
3630
8960
-5490
-3054
-2919
8778
-4295
-7951
-8807
-5615
-7694
4737
3793
-9043
6074
9432
-1724
-5407
-6094
5045
-6050
-7572
-1446
-596
5479
6244
-5257
1084
-9482
-9434
6358
5240
3150
271
5182
3416
1408
7610
-8431
7685
-3563
853
8568
-1249
-141
2222
-5245
2463
-1637
1595
-9873
7849
-2859
-2145
4076
4997
5008
1862
-4479
9974
8705
-6006
-7758
-7479
-3182
6578
1333
9325
5545
2311
-9009
120
-7012
2378
2069
7082
-4371
4346
9588
41
-9320
9254
9287
7186
8543
5196
-397
6749
8738
-9643
-8109
-3843
-5583
855
-8272
-4938
1429
-3644
8062
-7228
4295
3548
6941
-1095
-4823
3388
2543
-4553
-6107
7071
-5147
1057
-1675
4903
-566
147
-2371
-1576
2473
-6498
-887
2007
-315
-4720
-4542
4810
-4868
-9103
1919
973
3607
3600
9504
930
6356
-9936
-8459
-3001
-6273
-1697
9089
4508
7157
3712
8006
-8074
-786
9812
5542
-3269
162
5287
-4324
-7851
-3123
-3619
4066
4222
9169
-4378
7934
-4263
3019
1920
-9208
-7756
-4844
3716
-3562
6045
2903
2507
-1708
-9659
-7354
-8956
5761
1596
160
6839
-5168
6206
8042
-480
-5875
2656
-445
-7019
189
-5882
-1468
4109
-9797
3862
-8152
-5590
-7325
-4745
-5149
-8736
6728
-3915
-7084
-3917
-4385
-5956
-755
6646
9514
6470
7065
-8069
-6194
4503
-2628
1681
-2031
-5805
1092
5979
-4151
3188
8188
-597
2942
759
-2020
-439
2866
8732
7350
-2505
3834
-1885
5099
2063
-5653
-8139
5286
-5677
-4656
-5140
1719
-2532
5768
6479
9078
-4088
-5252
-1074
6236
-2427
-1078
467
-4689
-4454
3832
-3664
-5807
4251
5812
-1855
-1525
-9876
-6339
6743
-6092
-5310
5752
803
-76
6341
1791
-480
7864
-9770
-1751
6453
-4014
7832
8139
4556
-2359
6082
2537
4513
9285
-1975
-6531
1706
5698
6830
8834
-3718
-3510
7150
-7691
-3821
4601
8882
-5616
526
8311
-7579
4334
-5728
8576
3641
3178
-3660
8434
-3962
-842
-3901
9273
-8255
9021
6071
3596
-1801
4970
5310
-4055
3999
8759
4116
-8473
-1138
-7761
-4362
-98
6567
-2215
-5177
-9585
1836
-4487
6158
8122
191
-1990
-2950
4306
1858
9831
7385
17
1652
3745
-1285
2655
2316
2815
-7491
-539
59
8432
502
-7350
5148
-4137
-1783
-9585
498
-8111
-7904
-785
-6334
-3661
-4522
-7251
2258
-5229
1602
4940
-5176
3544
-919
-8423
-7161
-9196
6998
-2803
4129
4743
-5321
9547
-3044
692
-2387
1518
432
-5120
4959
-9537
-7517
-6486
7408
2893
-7271
1969
-670
9653
-8969
-911
-4797
-2265
-2003
-1066
-9886
6541
9156
950
-6033
8740
5122
4355
-5259
-1314
9167
-504
-5837
257
9437
-6187
-1140
9229
9844
2568
2048
-3878
-6348
8126
-7433
-5145
992
-9179
-3152
-7299
3446
7529
7308
7445
-32
-4651
-2616
3453
-3052
1853
8703
-3437
-2563
-1765
599
2358
2662
5127
-4873
5337
-7137
-2939
-4105
8784
-5173
1892
2003
-2573
9502
6464
4688
3017
1918
7432
-8243
463
7866
2606
1675
9325
-5
8007
-853
6443
-5607
-1427
-8215
-4824
2963
-6779
-3183
8031
-6920
-809
940
-3832
9031
-2930
-3877
1579
3205
-9608
-6522
-1077
6790
9994
-6375
1417
-2833
4925
-3027
3991
6477
-3286
-3735
-6778
-9779
-9546
4062
-3705
-3265
3904
5191
-1673
-1073
8321
2325
1089
8207
391
2620
6090
-4414
-5547
-1877
3854
-5385
4763
-6321
4344
6218
-376
915
-85
1901
-1214
-5994
-6835
-3163
3230
5327
-5404
-4483
1673
3931
7273
-3995
-9422
3141
4773
-934
1633
-6791
-6376
-6437
-6967
4477
6308
9349
2497
-287
-4821
-7496
-2609
3992
8632
5903
3975
-5481
-7701
-5863
-2911
3265
4120
8370
-3614
-7181
-7416
-8423
-5162
9012
-1549
4056
7625
-327
5681
-4262
-4046
6348
-1395
512
-4511
5775
4273
-6173
-9010
-9408
3594
-6039
-5581
-8157
-4938
-2887
-9049
-1055
-173
765
7063
3892
4504
3376
6307
3889
207
5869
-8420
4472
5817
-290
-7462
4481
2987
-2990
916
-6880
7029
-3509
-5348
-5154
3039
5927
-6994
2094
-5148
712
-266
2425
-8112
-6682
5561
973
-8212
3054
-2856
2372
-462
-3461
2545
-3465
5275
160
-7007
8049
-2509
-6267
-9818
2741
-3862
-1783
-519
-6870
-4932
-861
8710
2152
5771
-3189
-2765
9883
-4257
8584
-8057
-3150
-5079
-9080
-1833
-4116
-9306
3321
7623
-4908
4117
877
-5940
-5902
1105
-5810
-1411
1547
8849
-8402
3297
3253
9638
-4923
-1203
8652
990
1503
6555
-324
-4270
2951
633
-83
7088
-6185
8279
-2051
4490
-8435
-9652
7697
673
461
-2392
-7749
6059
6756
2669
7540
44
6898
-3815
2349
659
-5579
-8772
-870
950
9552
-4055
-9771
-3785
6151
-1645
-681
-2901
6455
-2537
8114
-6423
5956
-3965
-7534
5480
-9810
-2418
8600
-8122
7103
-17
7004
229
-7716
7242
5114
-5928
3258
9277
4702
9372
8132
-2158
-9774
-9278
8181
-1579
7635
-6744
2830
5607
7958
4613
8112
7840
-8413
3909
1885
1749
2183
2271
-4353
-7264
9872
5629
-8218
2564
8898
-9044
-8601
-787
5451
4054
-7768
-9727
207
-4322
7523
-2536
5673
1964
7901
5091
-705
-2431
7108
-1029
-7433
9552
9873
1427
7524
-9502
-2959
-9851
2206
7604
4816
665
-1362
9421
-2690
-4705
-8986
-2277
1674
-9381
6677
8361
-8251
6571
9110
-4719
2692
82
-5638
-3699
3718
4606
7544
6161
-5262
-6724
-4935
3121
-1338
8002
6479
-9685
5770
-9064
7954
-5067
1173
4352
3614
1778
-8062
9202
4580
1283
-7350
3975
-8501
-1733
2913
-4447
-9559
-7900
1323
-6334
8394
-1539
6258
3342
6604
759
-2640
-5409
-2480
-628
1928
-3591
-1661
-4562
9641
-5261
6745
-9202
4645
9331
-844
-6396
9199
-3419
1486
-9207
-6625
-9710
-3391
207
-6134
5845
-2287
-2260
8758
8952
5683
-6298
4709
-8936
2659
-9836
-38
-5015
6718
2548
8567
9937
4145
39
5690
-2679
-5262
9543
-9916
-8326
-9524
5648
5016
-8749
-3628
8751
673
-1439
-2322
3968
-8653
6699
8477
6619
4514
-7565
1274
-4104
8253
-4550
2604
4870
6507
2226
-7818
-2419
3656
-3519
-3999
332
-5743
-5535
5731
3991
1298
-2635
-4035
-9561
-3351
8623
1295
7302
-2181
-1893
8565
281
2458
-2045
2541
2627
-8557
-864
5967
-6423
3910
465
-6225
-2495
8775
5118
4094
6195
9913
-4971
4176
9335
-4651
4047
-109
-4680
6033
-439
-5515
2444
8597
4796
-6035
-7365
-4205
-2975
8619
2347
1528
3700
-4025
-4329
-363
6308
-8922
-2749
7693
-2847
-785
-7495
-7960
-9204
1449
2645
1537
8206
6358
-4994
-8061
3172
-1346
-3132
-6965
5522
-5141
-3322
-4535
-2201
5710
8077
-6327
-4886
-882
2989
8772
-7617
3667
7739
-3811
-2589
-2610
5543
131
6650
-7846
2143
-7764
7986
1218
-7054
9230
-6280
1829
401
-1660
8258
4478
4419
7379
-2425
6165
-1319
-2454
-3018
-5506
-3612
-4848
5802
7105
770
-7940
4033
2753
6636
8552
3091
-9222
-9639
8244
5832
-5064
1087
6966
-9071
-5098
6810
3142
-5156
-5053
2532
-4692
-3026
-7805
269
-7754
7160
-9830
-5888
8269
-9435
368
-9198
-8462
8027
-8033
-5227
4359
-2292
-4957
-2160
-5745
7702
6136
2603
-7393
3999
5238
7385
-941
-8968
3667
3719
902
-3734
-2060
7115
-2733
9030
-6373
-9783
-876
-7489
6263
-1617
6167
-9407
7052
7659
-8997
-2283
-4609
7425
2748
6571
5938
-1058
2323
6006
7188
-2446
-4457
9527
-7594
6391
-9371
-2112
9467
-7538
-8676
-8859
5834
6274
-6539
2771
9510
-7858
2468
9198
-3492
3592
9579
-5408
4651
8085
2771
-3942
4973
3728
9149
9097
-2163
-5923
-225
-2592
2472
8111
-8476
5303
573
6135
-8371
7284
6354
1142
-1907
-9809
4179
1284
-3156
7663
7835
4963
-3232
8818
6573
-287
9148
5786
9958
-3556
-8606
-3267
-6462
1294
-3877
8129
508
3163
2299
-7841
867
5346
265
6438
84
9369
2561
2231
-8619
-7883
-6911
3443
4268
-1361
1927
1353
-6051
-6268
-7145
-4864
591
-4393
9569
7048
-6954
9147
-2462
-6940
2783
3928
-8015
-1132
3521
-2004
5057
8447
-5460
-5532
5576
-2294
2719
4171
4224
-3966
-243
-4632
1127
-4861
-5171
-9868
7922
9273
-5136
-3612
5647
-1387
6567
5365
5793
-8038
-3350
-1440
-4589
7858
-3957
2392
-8159
-8030
-3033
-600
6847
-712
-4968
-5503
-8702
-7942
2524
9119
5216
9365
3033
6965
-8742
805
3284
-921
3959
865
-3351
-3884
-2850
-7366
1247
5029
2861
8264
-847
3368
-5046
-3928
5581
-7370
-6023
7812
9308
-8320
-8210
3931
630
-5092
-1939
2878
298
-9219
9277
5518
-8356
-8164
940
6535
6212
-4729
-1580
-3088
-7103
-9697
4988
6132
9628
7000
1887
6784
5709
-29
9622
-3190
5017
661
-9566
-8503
-8436
-2203
-9931
-1429
3457
6096
4601
3733
-185
-1819
509
1189
5512
-626
5623
5602
6810
-2698
4966
9594
4499
2014
1257
313
8161
9190
1396
3708
-2001
6942
9724
8171
-6624
-2138
3271
-8921
-1111
-4700
-7234
-3231
1212
-9760
-3565
-7592
731
-5335
869
5768
-9421
9771
-8004
2185
7708
5717
2513
2290
6370
-8095
-7128
-138
9359
-5778
7084
-5975
1991
5595
-398
6967
-1778
-7157
2209
-6244
-5270
296
-8266
3644
-9221
-6744
1470
71
-7287
-8553
-1158
2937
-7574
-2513
-2820
-8781
-7388
1454
-5779
6536
-6321
-625
4829
1562
4577
-2993
-9712
5700
-4552
2790
-8464
2165
7221
-7776
278
1088
-2932
-7317
-7174
2238
-6241
-3331
-7266
5277
6973
-5256
-7425
-6301
9290
1629
717
538
-456
-4367
6679
3603
-5759
1265
-3838
2890
-5655
3649
-4452
-3262
3207
8507
321
-4899
9795
4273
-3045
-3742
-9764
-5596
100
-8755
7975
9015
2994
-9680
-2565
7981
-4812
5114
9991
6204
1262
-9717
-5022
-224
-9420
4054
2711
2539
-5543
-8620
4560
8531
9081
-8052
-980
2063
-9652
3925
-6994
-1173
4691
-1618
6332
-1403
-3446
-1166
-1401
8274
7117
1509
-9097
-2193
-9555
-8948
-2056
7609
-1293
-1629
8269
-2038
4535
-3993
-1152
9534
-1927
-9591
9914
1529
9394
-4220
1736
250
7202
-2792
4155
-9038
153
3761
-8412
-6742
-1439
-3568
218
2533
3551
-4572
-6884
-8405
-2040
3196
-6624
529
-8404
-2484
3227
4694
8283
3540
-2464
9267
2170
4250
2360
-3121
1122
-5970
7241
-9589
3652
5209
6221
-3521
-6277
-4696
5600
1672
2971
8465
-4400
-1406
9308
-7029
8438
-3269
-6225
-7816
-4873
-2181
777
6991
9277
-2852
-8321
5835
-4916
1315
3508
-2648
2837
-5824
1804
895
-9920
1511
2199
9964
1466
-165
1773
-6770
2918
-611
6323
2836
-7107
-7016
-3030
4592
9706
-5507
-4315
-3220
4883
-6223
3928
-2626
-7818
-2141
6659
-3808
8841
3086
7143
-8025
6696
-8403
-4705
4796
-8945
5790
3204
7257
-2832
-1681
9378
-9906
-388
4828
3123
2999
8633
3864
-4497
1808
5244
-1883
9092
-9072
-5545
8572
-2733
2720
724
-6284
822
3357
8037
-2605
-2480
-3200
-5162
9150
1389
922
-9906
5421
649
-5365
-4451
-118
4651
5683
-6114
-8491
9127
-5885
-9328
8811
4116
-4417
-7621
1178
-2287
-4792
-1766
7273
4906
-4779
757
2353
8321
4677
-2893
-3889
5082
5428
9062
-4767
6007
9706
-5492
-7349
2444
-5819
5624
-841
-9394
8169
5156
-7833
818
5623
7631
-9696
1980
-6957
7084
4070
4009
2551
9961
-582
5835
4016
-2582
-1415
-1413
6868
9979
-276
7081
-4339
7740
-2079
-973
-4547
7968
-836
-4502
4543
-4537
-5599
854
-3488
-8271
7163
-7373
8866
-6480
-7692
-7677
-5977
-5943
-8
-553
8139
8790
4163
4458
1296
7714
1721
1857
728
7156
-5399
-6310
-1294
2597
-7667
2442
-8512
-4472
4702
3811
5374
44
9248
5227
-7000
-1360
-8200
-3616
-9974
8602
9302
5444
3795
-4654
-3163
-3805
8716
-3010
3243
7767
-8391
6631
-6069
9483
2054
6807
2650
122
-3190
-1964
-2909
1268
542
-3078
-7794
-2430
6136
2180
-5269
9534
-288
6837
1001
992
8173
1270
-4341
9073
8870
-6724
126
-8881
-2658
-7944
-4437
7083
3756
2140
8241
4388
5443
9887
-7971
-6807
2686
-7160
-791
-1161
-6718
-7965
-8505
7823
759
-9274
-200
-1030
8174
-2249
-1961
-1274
-8811
-9183
8702
-9514
6516
8556
-5801
7953
690
6166
4458
-885
7524
-7326
-6032
-5105
9279
-3774
-679
-3680
1512
-1056
-3787
356
6769
-9219
-4601
-3532
-9066
3080
6385
-2586
9341
-7696
4789
-4173
-2186
5575
-6204
8870
6249
-8915
-8998
8742
-2244
-3255
-2923
7177
-8417
-1498
4680
-3606
3087
4349
456
8018
-6394
7784
6017
-7246
-5762
3231
-7974
-2236
7477
-2689
-7671
-4921
-6806
-6701
2039
-2036
-2703
792
-6037
8014
8133
6165
8410
7847
-2725
-6929
-9213
6395
-302
6150
2221
4312
-5402
-4801
8284
763
7261
-7138
-7954
5637
6858
-1494
-7010
-2786
8564
5807
-9804
2308
-6165
7757
-7402
2104
-6539
5491
6610
8784
-5826
1763
8486
4235
2075
-8853
-1267
-9011
-3700
-9857
5757
-8497
2241
-7948
8823
-2090
-750
6397
-3780
2859
-336
5268
-584
9115
1620
-6297
-837
-8623
9659
-6611
-6090
-9791
-6979
5683
3685
-2649
9080
-7933
4298
7908
7853
-68
4183
-127
-5761
1704
-7226
6254
-2840
-2826
-7853
5408
-7971
-3039
-100
1540
-2241
1975
7000
-128
3969
8811
-9010
518
-4317
8045
1753
8449
-315
2047
4445
-8505
-4856
-6384
4747
-2074
-9511
4073
-9854
-1349
-4026
6622
2430
4188
-5765
-3185
-6749
-8133
-5885
-5365
-3961
7646
-2122
7994
-5494
-8119
8751
-8207
4508
9400
-6856
-8823
1088
301
8586
7493
9195
-1718
9446
-4005
-4399
538
3453
-1182
5872
6107
-8024
-9551
-3752
7657
5732
-5790
1547
-5650
-930
7534
-9417
4480
-7738
-7999
349
-3992
-7208
-6655
-5332
1283
-2944
4734
3893
-7537
4076
-2944
-2720
8938
7525
4417
-7044
-1593
3104
6011
-4215
1390
4140
-3898
-7595
2823
2508
7045
-4164
9830
-1650
-1701
-2467
-2070
-4595
9558
6492
-8233
8988
6012
-9744
5123
-6967
-7734
8579
-5449
6159
-9299
-2952
-7901
6809
-8887
52
6526
2201
213
-3578
4551
-8731
-2434
-6926
-4889
5403
169
1722
-7979
5938
2783
-746
-2939
-7250
8768
4709
-4489
-7771
-4540
8482
5070
8385
-438
-4156
-641
-5471
4025
-1799
-6981
-3104
-8444
2581
-7671
-6311
-1052
6199
-4161
-4774
6005
-6055
-6665
-9100
-8818
1463
7083
7551
8694
-568
7326
-8108
9979
9885
-2624
3294
5449
-6555
4457
3621
-2013
-5913
-2908
-8145
-4651
4806
-9481
-4569
4107
-5278
8076
-2636
-1149
-6812
5616
-4012
-4180
-1501
8550
-8543
-9630
970
6980
1252
-6388
6514
-1971
2449
-8691
8836
1698
4473
5098
1095
3813
-9518
916
1005
-2979
-8082
325
-8160
9311
8574
246
7912
2280
-5262
-2304
-9500
6317
402
-1958
-6703
-7669
-6038
-7494
3104
3729
-5847
5023
-4449
7963
7155
9207
-809
992
2824
9101
-3713
-518
-6910
-812
-7013
-73
-1061
3682
4333
3995
351
7569
4796
-9280
-1705
2740
8324
2483
-5137
1760
4335
-7313
3457
-3833
3530
-2403
7987
-5938
4784
653
-6844
2274
894
-9346
1999
-5035
227
-2203
-2116
-2360
6704
-1799
5352
-7332
7208
8547
-8740
9713
9951
5475
-816
-2174
-437
5902
5282
7091
6395
8942
-3398
-1286
-5775
-9359
6697
2913
-8373
2678
-8918
-4503
6090
-9259
-7656
-578
5376
2576
-9244
-7416
-656
-2339
-6943
8221
-1943
9431
2360
-3720
-4367
3914
-3678
4494
-6045
3199
8781
6821
-1888
-5153
-1807
8434
-3556
9270
3577
-6604
-777
-3915
3921
-1105
1874
-9476
5964
-6857
-3404
5158
9394
9935
7562
9091
9542
1197
2536
-6072
7751
-2772
-1141
-4994
-7302
-9183
-2209
-8406
5222
-2464
-1408
9217
3446
2922
7191
-8034
-3566
8082
-9526
1633
619
-2430
-1565
-8997
6410
-1145
-7256
-6797
6806
6750
1010
5054
-6648
3620
-5492
976
5475
6878
9207
-1763
405
-6717
-6840
1389
-253
6036
-2021
-3636
9980
4996
8945
9002
-4758
-7820
3202
2952
950
-1515
8755
5895
-3061
8750
7042
9603
-9253
-3372
3277
4867
-2823
6944
-3802
-20
2385
8227
-7842
8615
8175
-3695
-6638
-2573
1174
-8944
6503
-4193
9212
-945
8586
9555
465
5081
-9124
-7572
9380
8813
-621
-6911
-2442
-6867
-5440
726
-1408
5594
5431
5009
8981
-1695
-977
-8472
4065
-8954
-1753
-2439
-9045
-5009
324
3288
3498
-7965
6190
-8525
-7352
-2826
-3713
2461
-8925
-5442
1929
-884
6955
-3556
-1813
4042
-5163
9767
436
-5574
-3631
917
-9486
6732
-2918
3506
2694
8043
-504
-803
732
-1295
-9640
1470
5638
8951
3591
-346
-5289
-5566
3875
-5925
-3868
1122
2803
-5618
4367
782
4590
7079
-257
-3577
1182
5200
-1626
5839
3461
-9425
4533
-6682
-64
7280
-4288
70
8333
-5414
4703
9438
-2181
3729
-7022
6924
123
-6736
-6594
-7538
-2709
-2700
-1843
-2669
-9797
8141
5020
-2733
8759
-1456
941
5910
8186
-2111
6397
8664
-9207
9577
9535
-6029
2414
2607
-7656
5197
-692
-1432
9275
5448
-5905
4724
-5029
-3140
-4976
2275
-7573
-4276
-9155
8506
-2816
-7938
-5860
2871
3910
-7646
-924
-8797
4811
5316
8003
9336
-8116
-433
205
-698
-9855
7874
1944
-3147
3042
-4970
9438
-77
2192
4408
-2024
-8497
8721
1098
6616
3798
-3372
-7957
-7419
-884
-4712
5215
-1622
-1213
-8114
7802
-2817
5726
5810
-2640
2055
-139
-9357
6647
-6467
-8431
-4047
-2299
-359
7698
4918
-4469
-1250
9292
2618
3852
-8351
9944
2753
8254
-2127
4217
3345
-7967
2625
-5890
-2082
7229
9944
4803
-7537
-5563
-7457
-7463
-2689
3893
9203
-2826
157
6016
6173
-1678
7462
-9140
2984
4848
941
8868
5612
4100
-1500
-9689
1586
-8098
-2297
1088
5923
-44
-4864
6689
1971
3426
-6832
-7128
5757
-4653
5648
-5819
3598
9922
5443
6844
-7040
8836
5802
-1639
-5785
502
1331
-8569
7476
-6914
-4586
6808
7923
184
-6525
-7347
-2407
-2087
-3797
-2412
-3769
9941
8709
9210
4500
-1897
2507
-7845
-8515
8918
7696
455
-2794
-438
8126
2232
6330
-1388
3488
-2607
-7182
-6209
224
4747
-9230
8760
2597
-223
-5446
-8706
5613
-4178
-8203
5931
-6599
-7823
1339
4562
1750
-5141
5130
4626
466
2941
5777
-9095
5886
-9989
3490
-4561
-4192
3842
8453
-18
-4396
1857
-6982
-6396
6071
-5000
-7271
3988
-4391
-8936
8083
4586
-8927
3927
794
-3744
-6464
-2551
5815
54
-2192
-2061
4709
2520
-2177
1666
-8080
6482
-1647
-6881
-6700
-1219
6414
1805
-409
2825
5363
7232
-8502
2565
9958
2291
-1202
2468
-2133
-5383
4366
3797
-9072
948
3584
3287
-8943
-5771
8092
-2724
1040
-5982
4183
-5327
5155
-8130
-5818
-1357
-5172
3152
-993
-326
9038
-2013
2380
-4235
6860
-670
547
5237
4496
-5895
-2056
129
-6967
9762
-5266
-3422
-5309
-4851
-2362
-2881
-8795
805
-5194
2824
5200
5139
4606
7888
3573
3270
-2136
-1898
190
-6519
7750
1263
-7585
-1137
-9085
1560
7693
1201
6357
-4941
3496
9599
-8304
625
8532
4969
2633
3542
9415
-7431
-6666
-9644
-848
4682
-4729
612
-202
977
7170
2658
3547
8127
4994
-7922
3270
-9900
8876
-9157
-8655
-1467
4995
7411
-7012
-3412
-7990
-4642
814
-3592
-2595
-9819
-5286
-4240
-1966
-1967
-5803
7117
4210
3479
2455
1498
1421
2912
5383
-1018
-2993
4210
-3913
2141
4458
-9061
3569
9729
-9298
-8398
3684
-5389
534
-4168
-5971
4267
3841
-4090
8304
6107
9770
1594
-5633
4005
-4006
8227
-1923
7719
-476
9371
9895
-7600
7170
9728
8028
6529
645
9565
3605
-6403
3309
3403
-697
-3365
-4893
3271
-2810
-9927
1680
-6148
8400
6485
-8567
-9102
3035
3236
4742
-7884
-9344
2372
-2534
-5409
-9606
613
-5892
-2428
-8846
7977
8087
-4234
798
5670
-429
4498
-1142
2271
-7531
6609
-692
-1910
-6866
-7294
5610
-1717
2007
-3414
6721
-4028
-8882
-4484
-1119
-8375
-4432
-7515
-5043
-5514
5008
9181
-63
-4164
-2205
-3696
-80
-291
-5339
-3709
3854
-8422
-2822
-5742
-4209
-7156
7447
-1596
-38
-663
-2588
-3607
-7152
4314
3194
2444
4508
2619
-6203
6456
-6516
-9091
-5649
-5366
-3414
161
6002
9714
-5706
-6542
9182
1414
-3297
4412
241
-4939
3126
-5500
8894
5538
8641
-5599
2675
424
941
-8871
5321
9584
6666
4695
5954
9083
3863
6665
2267
4242
7319
8672
1156
1575
-3633
-4217
-8253
9261
-2075
286
-2116
-5491
6540
9117
302
-2210
6861
-1244
-7740
3829
-6449
9306
-6709
8648
3729
-2373
-1865
3790
-1801
-5527
7989
3945
-6071
-8906
5677
121
7072
6713
9187
-8606
-5916
7989
231
-4715
-7139
-7912
-8125
-4946
-4212
-6983
3697
-5869
-7524
-3893
-7567
8992
7435
6169
-5585
4725
-1235
-5925
6198
-9412
6298
4874
3306
701
-6778
3487
5275
-5725
230
6183
3369
2601
-5427
-8729
-7314
-6324
4984
-6136
8836
-8518
-4112
-9568
-8937
-2716
-7937
5555
9747
-8999
7503
-4269
2703
2347
5697
5769
-65
5271
6289
2045
-1935
2744
-7731
-5685
7825
-7368
-3277
-2794
-7905
6451
9994
4688
1006
-6024
-3980
3828
-1092
215
2729
8773
3864
5235
-1941
6606
-1805
4825
4253
-9279
-8744
2837
7130
2164
1980
-1324
787
-1392
-4532
-719
5145
-4137
-6237
1250
835
-7602
8690
3347
1742
5267
1119
6818
3239
9248
-9126
-4356
1941
5951
-2470
-9178
7643
-2568
-4629
5857
2327
-5303
3793
6475
-1769
-1197
7264
2733
-1842
1613
-7078
1013
7774
-3138
-5647
-682
-6457
-8280
5074
3418
5625
-9560
253
-4886
-2651
658
-1500
-3375
-1129
5550
6409
-3807
-2331
-2925
-2290
-9839
463
-9766
8664
9392
-9231
-6628
9783
3828
6088
527
-9784
-7887
6203
4979
-6653
3538
-5620
-3656
354
4545
2302
-5450
-4364
-3454
9854
9496
5039
5519
-5088
7052
897
6298
-5923
5406
7371
2456
819
-6113
1088
4016
1935
-2574
-9967
9687
-4820
-9619
-3775
-8017
-1208
-5108
4162
-8408
-3523
9013
-6970
-7326
8148
2530
1325
8205
-9531
-6939
3950
-3582
6148
8417
8408
9433
-7384
6609
5618
-1678
-5701
-2920
9508
6568
9831
6276
-9217
-9818
-6068
-1275
-568
9319
-7888
6893
3984
483
-2112
2461
-6690
-1601
-5985
-4192
5831
4564
1588
6261
-9128
-2009
-8936
-2986
-2617
-1225
-315
7260
2496
-4824
5812
8120
1552
8055
5164
-8554
-9310
-5861
-4561
8500
9192
3175
-5627
-6940
9112
-2967
4270
-7890
5938
-9896
3332
6111
1413
-3567
5737
-87
1224
-5921
3067
5631
4342
2445
1628
-807
-2670
5938
-5158
4645
-4187
5719
-3177
-8511
-8723
3326
3290
-4655
-3636
-4218
-7003
8653
2808
-5922
-4172
6450
-9172
1343
4040
8426
5507
7580
8255
-736
-2829
8287
-295
5157
-6564
-8804
-3765
-8521
-2185
-2936
7320
-6408
-1524
-667
-3708
-6564
591
2613
9229
2389
-1304
-9920
-5862
2065
-6039
-4016
5456
-5326
-2918
3735
-6235
1322
1680
-6994
-9279
1957
3970
-3528
8510
1698
-7329
1232
-1600
-4625
-8787
1685
-7015
1911
172
-2114
-6431
4562
-1392
-9466
-8331
1202
1820
6660
-728
5224
3390
-7299
4954
-6653
-2371
-6050
9709
2970
-9057
7669
1370
-7520
1267
4412
-6848
9410
-9865
-6709
4959
-9748
-1602
5991
1146
-166
6513
4635
3467
-4592
-212
-2774
6934
3402
-1465
4581
-4019
5981
-7036
1370
-1010
8044
2989
9391
8505
7375
1616
9680
2474
-5408
-6921
4710
-5648
9154
-4654
9669
7341
-8348
-9537
7049
4982
9380
1580
5679
9540
4990
-8019
-6430
6841
-8606
6709
-8286
-1619
2807
4877
6017
-6762
-2259
-9578
6613
9641
-7028
6523
5860
-6676
4555
4213
1653
5175
-3378
4682
1949
-9595
1862
-2536
-5527
3353
-5998
-4116
2312
-3106
-6647
-6374
8783
213
-7274
-5561
-6304
-8459
-6325
-5262
6976
-5403
-9598
-1686
6900
-6038
6573
1182
-5219
7788
9332
9668
-1123
4985
-3967
2215
-4930
5156
-4693
-1269
5683
6494
-5459
-6380
2646
4928
5338
-2210
-1983
4443
4215
2793
4892
5516
-9985
-3706
-8135
2687
-1876
-5272
-8753
1926
9255
9992
9744
5261
-2826
3869
-97
4969
-4664
-9648
3480
-5036
-325
-5794
5816
6945
-529
-50
-2607
9517
-3214
-8884
-6507
8767
-6513
-231
-5124
-8371
-6640
6144
-4439
-8232
-739
3949
-3912
3603
-7864
-5260
-6501
954
-6693
2037
621
5309
-9517
-2319
8767
1136
91
7976
-832
-7435
1919
9204
4420
-7622
2281
-3360
-4013
-7666
-6223
4175
-2740
2460
6709
-4186
7206
-8332
-5343
-5789
2115
3075
7005
1524
-3157
5609
-5229
6561
5669
8805
-7378
-4476
-4141
7706
-361
7003
7006
4753
5240
-3726
-3658
7318
-859
-8259
9683
-4051
6871
-2721
-3656
1552
3527
5393
9882
9568
8784
1383
654
-4801
-6064
-5829
9358
-4636
-2827
-3926
-9172
6045
-8024
-6438
-2824
-1216
-832
1647
-3954
2918
-7798
5018
7346
-3308
1041
-593
8812
-6604
7040
-9072
-5432
8464
-4781
-2851
-2986
-7091
262
6588
6265
-8929
-1290
6647
3711
-194
-3496
-2898
-1470
3944
-3164
2252
4569
4343
2882
-9840
-1268
691
-8424
3897
-3522
3985
7062
-8286
-9792
-3083
1980
-970
-2396
9330
3515
-7104
-879
-226
-4308
223
6895
-9825
3621
-1708
-3278
8958
-1431
1191
236
-518
-4013
519
-5303
3254
3851
524
4671
7448
8909
-5258
7562
5904
-7354
2462
1418
4481
-4291
1532
-3920
7386
-4054
-4804
829
1480
2411
-9873
-4242
3999
-2522
-1368
2943
-7959
4021
-2429
-4430
9911
592
-8543
431
6186
1237
6751
586
4379
-7554
8358
-9391
959
9612
-9334
1237
-9101
9396
4387
4246
6231
3144
9697
7529
8802
-3452
-2578
955
1388
-6831
8641
8842
-120
1853
1373
-7558
-9929
-1878
-3955
-5205
4663
1699
9507
5197
-1072
6127
8803
9647
-2913
-6535
-2064
-1536
-3318
9381
-1575
1778
1456
4002
9199
-2478
2578
5018
70
2553
-3569
-3103
-9398
1329
-4607
-3012
8170
5119
-7711
4373
2027
5131
2471
3216
35
-8219
-5
-8654
-555
3916
-2429
732
-1950
-9781
5460
7573
-6680
-3378
4543
-7004
7329
22
6731
6443
-8786
8355
1888
1216
-5709
6688
-3677
-1727
890
-8698
-5182
6773
-6682
-4180
4472
-3521
-2443
-3754
7583
-5667
-3837
9927
8923
-5847
254
-2120
7937
-7966
-6581
8370
2808
6610
2996
-4133
-6652
2746
-58
-6017
-2902
2407
-5222
-3831
6249
-7615
8199
-3275
-846
1721
30
138
-8324
487
-2868
6047
3012
9380
3619
-8891
1775
-8424
-4841
2005
-6359
4200
3800
441
2284
-3797
-8875
-8485
980
-6935
-1063
-6205
2834
4774
6296
6196
-223
5915
7380
-5839
7357
7976
2124
-1523
-7851
-2739
1196
-3073
-4002
-6027
9760
-8481
4079
-7406
-9567
5520
6269
-1140
8989
-5659
1952
-8390
-1820
9795
4917
-9477
-4425
6499
6087
-6191
-2107
2228
1169
4583
4617
-4342
7735
6898
4575
-8338
-6956
-9326
-2161
221
-6847
-2784
-6140
-9532
-6365
-4309
-5488
5297
6365
-6087
-9000
-2306
6924
1950
-4532
-5304
-2173
-2664
-1487
9968
6177
-2423
1137
973
-2527
-3711
678
9711
-3687
1926
-3318
7046
8881
-2681
-7312
2227
3770
4941
-3566
1253
-4706
98
6485
4690
-2065
-3249
-6784
1509
2567
-6081
2014
-4019
-619
-7867
-3722
3926
-1605
-2101
7538
-7526
677
9171
5447
6706
4069
2651
9944
6398
-7766
-2938
-389
4256
-3647
8121
6348
9990
3665
-2806
-381
6738
7692
-7431
-860
2191
3885
-1355
1015
2538
-4808
5727
-3567
3461
-15
5950
-2283
-8150
-1940
-6255
-1388
936
-2469
-2129
-6779
-8099
1809
6623
-6447
-1650
9555
3389
-2988
-8252
-2320
7476
-1847
4968
-3808
-3334
-2582
-9074
2494
-5516
-6712
4816
9827
-4013
7502
6374
8540
8827
5707
-6693
-8927
4367
-9133
-122
-7948
4175
-8043
-2851
-3435
8077
720
7134
-6786
-5919
2424
-5987
8388
-1257
3974
-8073
-2845
-1062
9503
1518
5120
2811
2345
6486
-6205
1498
-5396
4312
2623
6743
3439
8420
-5728
5464
6800
-4634
5440
3465
4566
5860
932
-9089
-7568
423
4777
-6708
-7303
-8878
3596
7146
-2246
-2631
-2544
8099
-7902
-7127
9287
-757
9687
3134
4224
-8397
-8563
-8754
3140
8579
8204
3459
-3274
3217
-7528
2053
-9251
-9453
-3545
8223
-2835
-5345
2695
6573
-4450
-6324
-1567
9740
-6581
-909
-5090
7429
-6778
-2881
3651
1644
3215
-7677
-5714
5186
-2385
-6192
-3000
6742
2152
-5536
-8599
9660
8337
-2158
3052
8472
7391
-3331
-3698
8981
6622
7067
2853
6474
1707
3401
9003
1927
-4050
-7799
-5205
-2229
-184
7687
-4445
-168
5353
6303
-8936
3074
-2837
15
-5618
6890
-4565
-1092
-5893
4081
-751
8310
-1943
2921
-8931
708
7220
-2399
-219
-7732
9402
-78
-2349
-964
-6951
-4388
9666
-148
3759
617
5119
-6337
-1253
6780
-1540
-4974
-851
6325
-1785
-6882
-4478
-2758
471
-3372
1794
5775
4567
9001
-1031
-4778
-6155
3094
5726
-745
-4023
3667
6956
8529
-3453
9266
6812
1467
-3273
-5550
9257
1994
8680
5665
-5818
-232
8974
9554
1021
-8678
7902
2033
-8825
8422
-9305
4874
2982
-4581
6129
-8940
-9293
-9410
5492
-8443
-8640
-4126
-835
5239
963
4050
-5073
7400
5837
6960
2092
-8729
2946
-8247
-928
1526
-9738
90
-2757
8717
-9653
-6217
2147
9229
-4493
1099
851
-2781
1537
4823
5203
-2437
-378
-4415
-1562
-360
248
-5001
6079
126
118
7103
-6710
-9399
2411
-4680
-6661
251
4074
7063
-8748
3829
-5541
4426
6246
-2123
1956
2053
4284
-3239
9751
-171
3976
-5495
8052
-3756
-1811
8965
9528
4482
-7696
-8069
-379
5176
7305
-3830
-6448
-3600
3493
3905
4719
9232
-6567
-8019
9861
3901
5668
489
4432
2096
9902
-9264
-8754
4091
5787
-9356
-319
-1201
7217
-6659
-745
6497
-5981
-1253
2506
8502
-2544
1667
-3902
2903
3496
-7126
1972
5609
1383
5905
7309
-237
8633
654
-8411
-8318
9525
7637
1401
2340
-9052
-9187
5700
9706
-2539
5031
8212
-4327
-6324
-1593
9723
6958
8007
-1850
1972
2316
9638
586
-3444
8252
9329
1555
2514
4804
4672
-88
6244
-6999
-6337
3985
-4149
-8391
-9084
-7282
5634
-4794
-9388
5334
-9786
-749
-5092
-3715
4384
3722
-8327
8309
-3104
-5480
-7064
-4811
2824
4276
-305
-9130
-2152
-6524
3439
-2694
-8630
1559
-7810
-8338
5144
6999
9678
7055
-1632
-1361
-6670
9228
8591
-3279
2728
-3674
2627
-5489
9784
-5260
1667
-3576
-3586
725
-2775
-5620
-5567
-2411
-9382
-4857
-9986
-3160
-9743
7786
-5338
1731
-2144
6356
-2277
-6483
398
-3516
-4132
8848
8104
2722
9553
-4906
4417
-1200
2510
1878
8273
4885
-4270
-5834
-1212
4496
1726
-5625
8824
2897
3871
-9128
-5326
-843
-4529
4420
2036
-4887
8507
2778
-8785
-7733
9698
5703
3
-5540
-134
9945
2837
-1100
7765
-2741
-3750
1559
-4135
7619
-2207
-1564
5491
-8305
5008
-3155
7705
7961
2681
-5318
8764
-2288
5528
4979
-864
-7057
8038
1435
9945
6489
9933
5037
1354
-2446
9633
-1969
-5117
-8746
-1972
-4829
2004
5612
-8635
-7221
7018
6666
4651
-1491
-6522
-9688
-5577
-3533
-281
-355
-6721
6672
-133
967
-2690
-4088
-1243
7259
6719
3706
-9284
-8677
-3830
6906
-5273
-7371
-874
-2988
3171
-8691
-3735
-2289
-9034
-3651
7821
5703
6945
-896
-6656
5406
-8368
-1087
7896
-9283
-2978
2782
699
7956
-6912
6829
-5918
6656
-1941
5948
1246
9470
4571
8680
-7735
4323
8379
-1773
-7134
6438
4113
-9462
3390
-1515
4750
6565
-8734
59
84
-6226
9344
-4481
3101
5263
1340
8386
-6647
3214
9398
-7422
-7653
5984
890
-9028
-5248
-8757
5236
3878
5704
-6557
-1080
8675
-2623
4077
10000
-111
5817
2948
6267
6348
-5381
7379
-3907
-4928
-1449
8323
7942
9720
3244
2995
-2195
-1104
-7408
-5449
1619
-7669
-2767
-5722
-5243
627
-9566
-8766
2826
-5369
-4437
7629
8889
6177
2451
880
2045
898
3464
4962
-9861
5645
6826
-7697
1913
1542
8885
-3404
9432
7223
8720
-6057
-4429
-6452
1820
-4836
9840
4377
7667
-120
8134
3306
-5620
1734
1095
7825
-1722
6464
6180
-762
7952
-4583
-6718
655
471
5897
-3922
-238
3582
2011
-4225
-228
9750
-1156
-4642
3176
-1294
7094
-9654
6791
-8656
5250
-8835
-8060
-6741
3121
7625
8804
307
-5029
-7256
1341
-3752
-564
4076
7474
-5815
-9180
8977
-7332
-9772
-1159
5064
2327
-1763
7246
1250
-5729
9713
-4547
-2592
-4501
-491
-6318
3413
-7997
-9882
-4341
316
-28
5639
2408
6761
-4842
1833
6658
576
1260
4739
-2958
2370
-3828
3080
637
391
-7209
-4493
-5854
5127
-4245
-9959
-4759
-5456
-5294
-7390
4536
-3250
-3291
4125
6356
5766
-8573
-395
7647
-8696
-2491
6198
-2168
7427
4916
-4342
6559
1705
-1836
9620
-3818
2406
3961
6295
-6398
-9259
-756
-7718
2816
5513
8354
-871
-2086
6366
4290
7125
6682
9127
-9170
-6864
-1636
8573
-2480
-3563
369
-4332
4692
8137
8299
7952
9212
8873
-9793
-5465
8858
-8664
7742
2747
8501
-6712
2604
5880
1869
-8479
2130
-4583
7153
-9959
8737
6985
-3135
3094
5994
7527
3083
-6979
-2376
-7976
-2377
-1647
4275
-8473
-592
223
-9568
-8504
-5186
6163
2177
-2884
1305
-9150
979
2823
-1062
-7117
-5614
-2538
5080
9198
1953
-4557
-5340
-6036
7366
-6014
-41
9431
526
-3905
5648
3648
8602
-8563
9132
-4711
-257
8215
6158
5408
-4911
8232
-942
-2437
-1667
4402
-9647
9526
-7422
7139
-8390
1670
9834
1071
-9611
8837
6556
4195
-2349
-7202
-6534
-6378
-2859
-6915
-2639
-8966
786
3862
9431
5748
649
-225
8752
-5078
-960
2884
-9200
-7148
1648
6133
7884
-3573
-1352
-3964
3391
-9749
8741
834
3575
109
8305
3730
-6091
-8704
1664
-4943
-9417
4068
2029
-3309
-7568
7921
-8924
-2479
5915
-1739
-3843
-4813
-6797
-5751
3214
-5479
-1134
-9631
-6798
639
6993
-2219
5292
-9158
3682
1786
-3927
-9063
5377
-9428
829
-6044
140
-4038
8889
-207
-21
-1443
7411
-8571
8386
-6751
-8716
-2430
-2468
-6391
-1478
-8232
-964
-9187
-5706
-620
7409
5366
1370
5178
1109
1943
6765
6414
-2025
-766
4039
-2738
6584
-3121
-7734
-1086
-7442
7090
-5319
8414
-3136
4984
-3276
-4032
4232
-4883
-3108
8356
-4217
-9336
7185
7773
-3727
3957
-1335
8271
-6546
-8618
-774
6143
5619
-8861
-7556
-3911
-2412
1554
6002
5048
2491
-5986
-6041
4922
-44
-8751
9935
-9790
4211
7101
6204
5310
9840
660
509
6063
5561
4577
3368
-2602
8185
4743
8820
817
2066
-5125
-1280
-3122
4306
7372
-7726
-2282
-9855
1476
4580
-7996
5737
9415
-2079
4315
-772
-159
-7764
1166
-6914
8620
-4671
7454
2836
8686
-8315
-3788
-5845
-6004
-1624
-9499
-385
-8386
-9176
9180
-2754
-9650
-9917
991
-2138
4623
6904
-9163
4032
-4121
5675
8774
7204
-9005
-2642
8254
380
-8871
-4003
-6611
1092
5446
2435
-7385
-3973
-3780
7170
-6170
9705
3709
4514
-4929
-6501
-9249
4763
1207
-3057
-1906
-7968
-743
-8063
4095
2048
6264
2738
1496
-7460
1654
-5595
-8012
-3315
-6415
1794
6435
9354
-7912
-7958
1730
3973
-8884
-9346
9741
-2454
-3254
429
7565
4826
4580
9063
9960
7820
8164
-445
8714
-9943
5140
-9700
9242
-2632
-9617
8989
-1920
-6507
-4203
2693
-7890
-4758
-6265
-410
8606
6658
4318
4801
-6155
1764
-189
4780
2847
-9615
2355
8742
810
2089
2797
-3135
7704
6529
-5302
5404
-475
-7865
2670
7761
6824
-5549
-165
9361
-2943
-8644
-1286
5226
-8450
3126
-8436
9588
-1240
8901
-9349
-5132
-7901
6607
-7790
6781
9721
-965
2746
-1651
8971
3908
1303
6927
7582
667
-7387
661
-9514
-7853
7026
3690
-7899
-2208
-7992
229
1259
352
-4495
6515
6537
-8445
4970
5290
4282
-4820
-5275
5915
-3680
4379
5054
104
6414
2023
-9416
5526
9687
6926
-5022
-4944
7235
4889
-9293
-8902
-1810
8462
-8049
-6591
-6261
722
4377
-253
-1391
-9708
5674
-8607
-2459
-6877
9591
7986
-1839
8211
2295
6718
4909
-2636
3922
7572
8209
-1023
-6675
-775
134
-1697
-991
5380
639
-7465
6458
3039
-5600
7221
875
2001
-3615
-5104
5849
2816
9676
8276
5172
-2154
-4927
-3062
8600
-990
6895
2379
-5579
7394
1692
-6412
518
-1715
1295
-4620
-8507
4798
-9831
-650
8616
-3135
-2645
-9352
-4067
5977
1640
6719
1487
-549
2462
-4713
1364
-2403
8363
-966
6334
6205
4457
-2473
-282
-2209
-5054
-1136
7778
-1930
-5820
3533
9308
4320
523
-6224
4169
5854
-5267
-8992
-4642
-4901
3427
-4610
9671
7811
4780
-2211
8305
-222
-8237
-435
312
-7596
-4936
7845
1871
-9726
864
-3670
1956
-8774
-3841
8636
-7362
-3125
9781
-3170
4592
-5972
-10
-8820
7017
3264
7822
6990
7000
-4134
8931
3053
-9102
-2820
-815
2683
-6183
-9632
9925
2778
-3040
-1481
8132
7258
5323
8280
-3903
-963
-3348
4773
-322
-9957
-7757
-4651
1666
-5862
-6711
8758
831
3775
-9441
-6696
1810
9658
7957
2500
-1807
-989
760
-7850
-18
-5683
9477
-314
5514
-3996
3509
-4052
7994
3265
-8536
-1897
-8811
-2544
-4386
8073
4442
-8979
3277
8556
-7753
-2417
7378
2379
-549
-9780
-2897
-2703
-9158
8984
2988
-8333
5494
4785
-1595
-219
3936
8918
-1901
-2834
1351
968
-8114
-8781
-4711
-1701
5687
8070
8405
9533
9576
5798
-3393
1094
-4717
2529
-504
-2450
6905
3210
-4379
-4567
1458
-6468
-2328
7893
7212
9086
-67
6853
-1363
-6294
9769
549
-3356
-4186
9227
-715
606
-87
4667
2519
-1527
4656
4400
-3982
-4995
-416
2823
3636
-4416
-2773
-9770
7105
-8284
877
465
2713
-822
-8256
-6913
653
533
-8345
9332
-9446
2582
8610
-3081
-6064
-2021
-2885
-6404
-3282
8895
5847
1
9852
4693
2708
4939
-3470
-1555
-9301
-7344
7292
-1895
6748
6329
-8024
-5976
9212
5597
-3955
5511
330
-9427
-2256
8938
5927
-9540
4843
-8793
-9353
-2974
5842
6690
-2265
5723
2901
609
-4356
-4667
159
-1924
-7073
-2296
1436
4912
2404
8895
8519
3464
9381
5687
3359
-2099
1163
6454
881
-8563
-8678
-1922
-5043
-4510
2505
-811
-4064
-2463
9900
-1847
-857
-807
-3052
1683
-4770
6662
-3482
-8134
7427
-8332
-9298
-5977
-5362
7167
3494
-8143
6592
7709
2524
2845
-6933
-7216
-5800
-7570
-4471
9326
-5969
-2176
-7036
2176
-7594
6334
-7049
8895
-9401
881
-72
-9502
-583
5386
-6942
7506
7426
-3061
9458
9636
-2083
-1886
-2547
-9302
5961
-4867
4904
-9423
-2331
-4833
6250
2726
8262
5183
3418
4995
8589
5846
-2902
-747
-759
-5171
8073
14
-1109
9442
3531
-5630
1014
-6073
-1636
-4880
981
2014
9352
2951
7866
-1467
9267
-7016
-7318
138
699
2063
-2042
2032
1690
-6089
-5094
-4216
-5918
3454
-7416
-3328
7945
-8724
-658
-5303
-4686
5053
7760
7378
2753
4844
-1862
-3351
7592
-2838
5390
-9021
4428
1181
-3042
-5478
-4446
-8245
-2531
8753
7201
-1629
-2271
3172
-4237
9426
1800
-8522
2352
-7120
4888
2581
7492
5400
1771
3044
7736
-9268
5477
-9462
-9665
-2695
9199
2637
-165
1028
-7768
2853
-1133
-6154
2825
5793
-6554
3432
6109
-6492
-229
-8511
1538
-7858
-9846
-9651
287
9301
-8125
9611
-2150
1423
129
2565
2644
-4013
224
-78
-5015
-8971
-922
-420
-8565
-2620
8508
2253
4597
-9838
-4202
-8473
1381
-6305
1759
8750
9837
-9485
9447
-7164
-8240
-6762
9079
8390
-7033
-1301
8325
5636
-6132
-5042
-6134
4727
-5699
-6233
5159
9709
2339
-3105
-4196
9335
-4226
-6751
-5606
-8476
-2798
590
-9495
1611
6419
-9528
-9160
-7580
-2177
2734
-9397
-1482
-2979
-3021
-694
5662
-7337
-9900
-3966
-5391
7740
-4558
-9061
-2454
-4811
-6961
1289
1335
7770
7267
1918
2966
-6039
-6443
-9079
-4951
2057
-814
3884
-7351
-3540
4253
435
7002
9297
-706
-5729
-1913
-7246
-6258
-1838
-7788
9346
5339
-157
3941
-4014
-2466
-8046
-1697
955
9537
900
-9841
-6706
5285
-5627
-565
2645
-3039
2618
-9962
-7492
-9151
-6801
5786
-6374
-3701
568
-1227
6619
3789
7591
7886
5396
7248
-5880
1581
3568
1464
-8377
3280
6125
2756
-3075
-439
2962
4881
777
-1187
-2805
2401
5498
-3220
-4300
-9810
2684
-821
-9952
-6475
-7182
70
-86
-8631
6120
2307
-6301
-8926
8404
-9929
-3450
-2427
1224
8489
-9755
4080
-7352
-6057
-5977
9705
-2636
-7032
-3703
9992
8493
-7497
-7041
-1048
6904
-4656
-5729
-6125
1274
-5890
3159
-9787
-6013
1223
-1419
-1265
6158
-8229
-2911
8789
6568
-9326
-3176
-923
-356
-3247
5610
-8609
-8582
-882
9896
-9843
2023
-4012
-6912
3949
4344
-8160
-6742
-8629
3470
3042
-9340
6799
3979
790
-5054
7757
566
-3429
8671
3082
-6806
6455
7591
-2449
5012
-7447
-9072
-3111
-9002
7797
7927
-2583
1502
-1393
5320
-990
-3254
13
-8147
-1970
7448
-1576
2839
1192
5703
6189
2436
-969
5288
4994
-2735
6945
8076
771
7203
-847
9853
-9490
105
-9850
5178
-6942
4060
9851
-4626
-7524
-6140
-8500
2112
-5944
-8174
-5496
8889
7410
-9151
-2611
4623
234
681
3817
-165
6272
6898
-7399
8582
-8149
-1375
8620
7853
-5774
-2670
-9404
-6750
521
8349
-1491
-8790
2755
4601
5671
3060
4700
-4263
3342
6076
-9186
785
2413
8396
9045
6997
-9971
-1516
4602
-4072
-1544
-5255
-7660
-3959
9650
8662
-9700
9652
-1717
-1759
-6933
-4514
-1192
-6557
9728
3023
691
-555
-5197
7471
-32
-3649
5617
4267
3836
3002
-9367
-958
-4923
-206
1785
6493
4281
5337
-3286
-5048
4883
-4873
-6240
-9140
-5429
-6285
7565
-4244
1206
-386
-9471
-8407
-9987
3206
5179
-325
3814
-8917
-1871
-6195
-7629
