4246
1
-7143
9198
-9482
1548
9036
-2347
3892
754
4215
2259
-3089
-3708
-614
3784
466
4330
-2627
6095
-3729
-3206
-831
-6776
-8377
-6551
-8633
9574
9775
4957
-206
-4110
-3503
829
-981
1407
-237
8447
-5205
-8717
7509
7881
1702
-5800
4564
5350
-3625
-8340
-9890
-1333
1749
-9255
-2418
-2087
-5090
9432
-43
-958
-2402
9008
4979
-6345
5967
-5745
-2110
8769
3555
-2691
2984
-9601
7000
9377
-9742
7094
5757
2314
-2329
4978
-1437
5491
6287
-9417
7481
9678
7221
755
2199
-7043
5661
-527
-526
6691
-8357
3978
-5782
-2408
5710
6778
4477
589
-621
7708
-9117
-6
-7645
-9945
1203
6307
-2960
-6016
9926
-8904
4497
-7823
5374
958
9596
-4625
9775
-7925
9534
-2663
7584
-3672
-7592
8603
6681
9562
7944
-698
-5181
-1115
-7198
-2898
7941
-6089
-5570
1670
-3396
-2939
5681
-7075
-4610
-1986
9037
-1762
1669
-2697
495
3349
-5526
-6539
-9979
-2375
-6404
9009
8723
3696
7146
9309
3456
8361
4932
1704
2587
-7356
9219
-3105
8221
-3883
-31
-7019
-5527
3640
4125
-8536
-2080
-1793
5069
-5539
2447
3646
-304
4017
-694
-9301
-4780
3855
-4972
7909
-8748
769
6039
-1636
1330
-4952
-6964
8852
-1828
9714
-490
5325
-6895
-6766
-5094
1682
-2542
1370
341
6316
-5766
7649
-8915
3473
9189
9218
8100
-3153
-4794
-5303
2383
5129
6101
7289
9727
-9794
939
5836
-5024
8021
9752
6366
-3586
1133
-6384
-5364
1465
5006
-3810
-7952
2718
-9014
6683
-779
6181
341
1025
-9628
5051
-7229
-4238
9570
-1
-5761
7162
6510
3330
8950
1741
9248
-3729
6351
-3700
2775
-5170
-6178
-5321
-7764
803
-8095
1863
-5314
836
8973
33
1670
8751
-4719
5003
-7233
9402
-5808
954
4125
-8064
-7495
-8178
7263
-6015
7194
-5408
6746
8258
-2048
-4830
2735
-8703
7514
-2751
-3379
8241
7940
5127
-8494
-8568
-1778
5076
790
5470
-5341
-7964
8488
3220
1575
7263
-4348
8311
-5621
2897
-4365
-7687
8343
-3574
5662
980
-269
-7312
-3063
3682
-7763
-5279
7058
3999
7446
-5827
-7047
-4137
3192
9019
2750
2777
-7149
-3961
-473
-1166
2586
7414
-6904
-969
-4020
-5055
1394
-3883
5785
711
-3256
-9865
-6348
7323
1967
1438
7937
-3852
-3672
-9167
660
4305
-2617
7630
6891
1002
4210
-5577
4154
-6006
5350
-5767
-4096
9765
-6413
3511
5830
323
-6121
8459
2217
-113
-4508
7964
3268
9453
9483
3508
8778
-6133
-2728
4733
-3947
-6010
-9487
5775
6530
-5145
-5488
-4107
-9265
6065
-251
5735
-3967
-5209
2088
6669
9838
-822
-2400
3350
-8142
2814
-3168
-6517
5693
1203
-8203
-8159
-1541
3153
-5439
3811
5169
5039
-3936
1684
-193
2686
1466
-6458
-5079
555
-8565
28
5937
2719
1059
-7475
3614
4083
3907
-1608
8984
2998
8898
-8471
-8697
-2920
162
-1084
-8445
-9619
7016
5261
8511
6015
8453
-9943
-368
7264
7132
8128
-8137
-2831
2434
1238
4772
-6667
8899
-5156
8133
4330
-954
6820
4138
-5932
-577
5238
-7790
1408
-9465
6648
238
-1102
-4711
1865
4551
1221
5846
-2809
-8767
-6701
-1771
-1149
-242
3012
-7906
-2946
-9585
681
-4994
-8184
3287
-2190
-2020
-3133
-4082
-4067
4069
-2380
-7016
-7106
-9056
5936
3922
2252
396
-1153
-5485
9862
-3651
-8855
8926
-5451
-2402
-2219
9828
3321
-5730
-6769
-3792
6215
-6048
-3372
3397
-8703
6410
9962
-9651
385
-9082
5130
-1873
-4831
2915
-3812
4143
4752
-8058
-4611
2248
-4539
-5082
-6338
-1312
-4934
-5326
-1469
-2012
126
3258
4324
5161
-2424
7907
-8278
6678
-1678
-9195
6856
-9985
3835
-6755
4258
594
9225
3353
-1392
-5009
-4133
126
-7317
-8659
-1764
-1321
-9531
525
6123
-2257
4511
-7279
4345
-7971
-2203
7223
5163
9923
-3972
-8868
-5331
-1684
-3963
2105
917
-118
-6866
9458
12
1493
-8463
7619
-2582
9323
2265
-1972
-525
-8069
-5158
9098
8819
-3459
-505
-6576
-6198
3407
-3568
6474
7567
-8358
4524
-1763
7529
4153
-1989
-3629
3364
-9688
-6242
5603
4937
8588
-7196
-6340
-2908
-8709
873
-8101
-7509
-395
-6595
-8219
166
-3362
4093
5402
-1021
4154
-5967
8832
-6496
-1025
9645
4449
-679
9050
-7902
5425
2594
5291
1891
8933
-9626
7689
6934
6187
557
5974
-2786
9876
-9990
-6335
7801
9985
-9928
5438
-9969
5420
5309
-2170
6961
3298
-9063
4047
4146
-2348
9534
9481
-4882
9634
8287
-1868
690
539
-6880
-9110
-2927
5458
2055
-4809
1637
8734
965
9098
-1579
6263
-1162
-5433
-266
7531
6897
-6650
-2391
308
-612
5992
-5096
8221
6724
-4736
-5929
-5747
-9869
-7778
-6455
-6803
9050
9755
-477
-4798
-271
2404
9939
-2268
529
-8417
-1365
-6581
5114
7897
-9417
252
-9873
-5525
1138
1064
9110
3788
1078
-8877
5563
-2634
-669
3277
9611
-9620
-5191
-4847
9893
8316
-7451
8433
985
-4191
-3265
1786
-9259
-6340
-2815
-9019
-5097
-2195
8055
8974
-6207
-7805
-5874
9891
-8294
1264
-1509
9837
-6062
-8148
-5604
6340
-2210
853
7206
-532
-3680
-7507
-1764
-4580
4541
-9898
-6604
2615
-8528
-5892
-1869
-5383
3558
-6042
-6432
3551
1054
6135
24
6003
2671
439
6615
-4910
4607
-7184
9403
8237
-7803
-3269
4951
130
-3350
-1296
-3793
6071
-8459
-4486
-5188
3432
-863
8057
4294
-5743
-905
5599
4667
-8397
1252
-5082
-6015
-4673
-3992
2667
-2007
-7694
6044
374
-5219
-1121
3242
2667
-6308
2332
3368
9738
2
4791
-5108
-4145
-2491
1324
9802
1085
-6446
816
1129
-5923
-5767
6019
6743
3074
-461
6576
1786
-655
2826
5264
8072
-1203
-5814
-4527
6818
9599
-6077
5639
-8100
9866
5337
-9050
8991
-974
4692
8309
-5307
-2177
6245
-2110
-1257
-7053
-8120
5765
2062
3739
1386
2846
-4388
3584
-2311
1240
6522
1185
-385
-556
-9919
4445
-6395
-1584
-2948
-8408
-6976
-6729
5722
2417
4156
8952
-8859
2103
-2461
6903
-8949
9835
-6777
2519
-7308
-7151
1184
9569
-8213
2751
-6755
9340
-5114
6373
4810
8820
-5147
-3609
9187
-3072
8834
477
1713
-9442
5293
9956
-3734
-6115
-8573
3090
-1203
8689
-2629
5461
1217
-740
3222
1286
-2844
-7560
9385
-8358
2875
1571
4511
-6234
3247
-7184
-4201
9358
1155
1770
-4653
2602
2504
-1178
9561
-3164
-2434
-7185
8742
-2682
-7918
8838
-3975
4196
-1465
8450
1989
4085
391
1529
-3603
-2560
6074
2843
-3692
-3478
-8919
-9625
6375
-925
-263
-6556
4113
5151
690
4558
4742
-1298
-8756
2441
7919
431
-7950
556
2111
-4459
-5497
7148
479
-7199
5366
-4478
2428
3477
-7252
7375
-1330
-8246
-1786
-3417
8229
-9195
3009
6328
1930
-3661
548
-8461
4384
-4884
4876
9682
6418
2658
3548
-1895
9360
-5517
4474
9295
4787
4118
-3777
727
-200
-2612
1789
-2552
615
-8964
832
-8962
8358
-5618
-8440
5681
7924
5628
-6930
-7176
-5614
529
-2644
4971
-7188
-9476
7906
-2799
8442
-7410
-169
5045
3149
-2602
4799
-978
-4806
4190
2339
-7976
-6323
2945
-344
2743
-9354
-8286
-1753
5768
-7466
-7091
-9075
698
7581
695
9510
-6475
-7459
-2637
-7010
-6463
-98
71
-113
8681
-3332
-7784
-8132
5702
-9256
-8663
-4343
5993
7243
-7620
-1129
-4010
7699
-1376
-2472
-5242
-192
5088
234
-4389
-891
-3248
3470
-7167
-8112
4172
-35
799
6198
2271
2056
-7452
6145
2926
9506
-461
-5581
2406
4623
711
-8450
512
-9064
-9887
919
7976
6075
-4771
7620
9073
6587
1658
-1320
1229
-7647
8279
-5566
4369
8778
6987
195
-1420
3550
-1475
-6346
-7802
-6359
-1993
-3520
-5531
1823
4461
-4694
-4380
2703
8107
5405
-6192
-2798
-416
4200
-3890
-1626
1273
-7359
-4331
-9718
-4160
-3836
-1626
3259
7656
8682
-6065
7238
795
2321
-6370
-2330
3612
4817
-1372
-553
-2227
631
8082
5910
-9111
-1666
9579
978
-597
-8045
-1951
-1986
8603
-6426
2481
2838
1321
-7559
6190
-6342
3489
9968
-4075
3635
-2624
5925
-9536
-2745
1996
-7118
5234
-1033
9016
4382
6110
-8131
-1360
1532
6051
7141
6019
9597
-7800
3472
-3482
2427
5901
-7121
3094
3856
177
-8251
9118
-4089
5913
-2423
-8178
-6899
-143
-9232
4299
2909
-6333
4185
5485
-6462
-246
8904
9114
3363
2628
-3507
-3568
-8025
4518
1334
4872
-3751
2325
-3472
8535
2550
-7394
-5880
-6140
5676
8429
-8594
-1321
9350
-7172
5316
825
-2131
3887
-4714
2155
419
-3915
7030
-3194
-2759
-6781
6932
4972
694
-8525
-2804
-3838
3004
8209
1764
-6401
6042
4262
-1520
9175
9389
9796
-5422
9629
-2360
1259
8030
-1489
1775
4342
352
-633
-3886
9211
247
4694
-6409
-3151
3583
9395
5178
1327
5897
9841
-4270
8894
-9907
-3308
5132
1359
-910
6159
-8982
1268
-1160
-660
8542
7296
5245
-7374
-1948
4005
-2440
8340
-5148
-9502
-380
2932
7185
4249
-53
-9457
-3436
-3072
7996
5446
-2755
-307
3221
6590
-7905
-5055
6066
824
-4693
1377
-7218
4127
-9557
-4260
-1512
6821
3560
-7213
-5000
-4628
-1951
-4865
2836
8403
-7518
-9535
-3184
-4886
-5855
8408
8568
-6476
-6395
7391
-4304
7684
-2217
-1189
-3707
8122
-7187
-4879
-6117
2704
5534
8998
-6143
5228
-4302
2784
4567
-6485
104
-2447
-6744
-6432
7352
-7454
6541
-774
-257
-6330
1412
-964
1236
-5116
-7661
6084
9248
-1112
-7463
-2191
1469
-2978
1404
2696
8010
7483
5161
-6368
-2999
-7716
-606
-5601
2971
9702
-1212
817
-6142
-6449
-1380
3292
-7503
-27
-2498
-1251
3067
-1145
4239
-9865
4549
-1229
3973
-7376
-7697
5764
-9651
1201
-464
2229
-4494
-69
8932
-3441
8728
-818
9919
-379
-4832
534
-2137
-9241
-311
-4796
-3480
-1043
3812
5114
2687
6894
847
-4623
6184
8786
-8351
5931
-5943
-8399
-3314
2366
-9624
6395
6480
221
-4790
536
6648
-2751
8767
5932
-3265
-801
-4459
4638
-2768
8091
-5099
1975
7950
-6600
4878
-7653
9402
7202
7195
-9106
-4201
-1086
6224
-3767
8454
3290
-3877
-3429
-8199
-6256
-5636
-2119
4472
-4024
-7035
-3132
-430
2468
9331
5072
-8460
5811
-1023
775
7959
5810
-6683
-1655
-1323
-1926
-5330
-6384
-5299
1063
-2641
4012
-6163
-5802
-6077
1888
2195
-9120
6256
4790
-2286
9742
8761
-5346
-8184
7721
7199
-1114
-7513
6818
1887
3893
-3839
-4367
6762
4515
4065
-8088
2282
-9041
4776
8706
1729
3865
-2957
7280
5677
-3984
-4502
4870
-8215
-8349
119
-7960
9145
-7745
-439
-5740
1014
8436
7353
-5775
-6760
443
3347
-2753
2506
8329
-6820
-4435
1696
-4493
2888
4969
1190
9964
94
8001
8169
-70
-75
5657
154
-6808
-4182
5131
-2910
6111
3526
-8145
-5769
5230
-8185
-8996
8925
-5837
-160
1420
8556
8008
-1592
6097
-2721
-9692
-8944
-1907
8335
8977
-2816
7411
-3447
-7009
-7642
-3386
5041
1842
-2761
3612
-3571
-5793
796
4314
2946
8235
-897
-7413
4493
-3751
6044
637
7617
-9206
2725
-9194
1088
8447
-756
-8202
1706
9096
4436
-9540
9719
-6967
6748
-5647
-5806
2172
9912
6718
7164
-6677
-224
-2708
4762
2740
3475
1156
6963
-7927
160
5008
-8834
4868
1329
8680
-6792
9117
4227
3366
3426
-6861
-1084
-5010
-9703
-4710
4573
-2145
686
-3501
-9079
4529
-5357
-1517
2748
-1965
-4069
4270
-3553
-99
4142
7563
6572
-9580
9254
-5524
-1575
9346
10000
2434
6284
2589
393
-113
9976
3519
4935
-9070
-761
4409
-462
5244
-3166
9590
-6433
8628
9446
8701
-9036
-4955
4323
7352
1890
-7264
-9864
9963
-6765
1106
385
-8360
-5184
330
-496
2264
-6562
-4748
6859
-4609
6927
-2724
3677
-6888
2518
-3861
-1922
-414
-5620
3038
9145
-7222
-4643
7449
1633
8934
-3939
-9734
-758
8859
-303
7000
-7778
-5541
-6966
-2210
5560
1688
-8016
-6148
4443
-8804
7165
2407
3701
3704
3647
3000
-7392
-3848
8437
-1615
7140
871
8000
7929
-2985
-4272
4674
-8118
9770
-8501
9621
4967
-1534
3988
-7328
5160
-4560
-8217
-8195
-5844
-3040
9062
-3654
6895
5519
-1461
-3288
-6948
-4685
7431
-3637
-2462
-1275
-9690
-7184
-7166
-9972
8064
8561
-3997
-3187
1771
-430
5907
1592
8351
1800
8346
-6938
-8777
-2755
-2883
-2798
369
-1972
5576
6610
7099
-7277
-4010
5022
-4185
-7042
7632
4248
-6522
-7851
-4348
-5026
-1744
3342
-1177
459
6432
7551
-3609
1864
8349
7570
847
-3554
3717
-7715
984
4950
5733
4108
263
-4546
-8329
9036
-4368
5335
9995
2660
6219
8792
-9664
-4644
-6719
-164
-9564
8426
-2272
2132
-9076
3309
-2594
-5333
-9763
-8689
2066
-6547
3536
-3481
-6290
113
-9884
4713
-4105
7358
-8067
4051
-1634
-9847
7051
-8795
5031
-4167
4161
-5440
7062
6954
4784
6768
94
6181
-3485
-9395
-5507
-108
-5136
-181
4164
-4998
9304
-9113
4362
-3681
-2329
-8501
8743
-9504
1055
5520
1517
-6251
1217
7626
-5611
-3637
-2640
-108
-3366
8509
-1421
5178
-7394
-5717
5729
-9512
1063
7681
1742
-4122
-8539
3391
-1330
-9781
-5394
5130
-9316
7358
-3525
-949
4800
1914
-8985
-7544
9961
5792
-2315
-7661
9737
2878
-1365
1655
2924
-92
432
-9212
4815
3738
-2897
7371
6441
7581
5500
-3686
9694
9499
-871
2330
-5923
3476
-169
5637
-3820
7746
7027
2007
-4620
-2156
1353
6415
-1732
5366
3035
8456
3543
4550
3965
-7029
-6313
7134
-4855
5662
-6778
-6847
-7462
-5229
8846
723
-8782
-382
-6510
-7027
-9779
-1188
-2794
-5774
3643
-9266
-3762
-2876
-2526
3918
7843
9390
-3173
8421
-2631
546
-6743
7986
5758
-346
2145
-7461
1364
8930
6043
-2878
-2508
8461
9916
-4160
-3942
-3071
5521
-1137
6211
-439
3125
6928
4150
-5948
-432
-4744
7965
4378
5954
4846
1638
1048
-8736
-6011
1411
7791
-2797
-7145
7510
-5
8819
9032
-2823
-6765
1858
2309
3647
1285
1945
7109
-4878
5695
-8613
8160
2601
2222
4629
6252
2266
-9718
9640
9707
5666
-8811
-240
-8788
-1339
8299
1020
-5335
1963
1051
-321
-9149
-5039
-2153
-6104
-4730
3109
-6069
3346
2972
-2529
-8478
-5827
860
-6224
2462
8055
-292
-756
-6342
5020
-7186
-2751
5522
2358
-1985
-9731
1587
9938
5140
-9473
-5360
8889
4928
-815
-4815
7205
6720
-684
3007
4794
-9270
-3920
-364
-1677
-2519
1781
-7853
3572
8340
-5788
1411
-4474
5525
1815
-9901
-1467
8789
-7557
291
-2845
9821
-2163
-3994
9389
-6159
-4718
9492
9172
7768
6105
3045
-5824
-9059
4917
2212
-4498
2281
-2649
-3999
-6325
-5904
1667
9687
-7271
-7715
-3839
725
9052
9455
-140
-8574
-299
3634
-4541
8350
3827
3530
-9106
-2904
-966
897
4415
7996
-9657
-4604
-5624
3932
-7450
-4495
-2271
4833
-6677
8475
-8582
-3120
-1004
9720
-4273
2490
-6262
4892
36
9819
7418
8065
6011
1769
-3169
962
8337
8252
-7843
-1603
1959
8669
5613
-1560
2231
-6186
-2110
281
-4537
-8756
-1549
9335
-9087
8851
6653
-1365
388
-8010
-5931
1758
-6015
-6278
7292
766
3357
4162
4683
-7718
-2619
-6535
455
-8811
-6024
2650
-9584
-442
2486
-8727
6716
-3014
-1142
8639
-5012
-771
-1940
5321
-4478
-298
8781
-1298
-4156
-5360
1671
8384
9055
-1076
-3399
3780
6080
3910
-9464
-5717
-1149
-3088
7584
-257
6249
-1507
5558
-608
2255
1176
697
3438
4160
-3388
2390
-6287
-2495
-6244
-6598
4409
-4840
7534
2112
-3045
-1170
8559
-7741
9877
7369
-8708
7528
-6618
-5939
2492
-5321
3005
-1328
-8128
-7728
2752
-9247
4985
-2619
9344
-3647
579
-6569
527
-1738
8701
-5042
6103
-3174
-8025
3307
-6935
7032
-4549
1237
3359
-6590
7279
4175
-5052
-2038
6803
-1216
-4168
404
6835
3615
1269
2503
-1333
-8796
-6034
-8843
6866
-9313
-6827
5998
-6642
-7298
-6629
-4288
5164
6209
-1551
3867
6031
1757
5529
-1574
2147
9247
-8460
3108
-6150
-6593
7087
1586
-5159
-4721
3759
-8162
6305
5447
-1317
-9929
8615
-6562
-5706
3033
-5341
-6425
8096
-6975
3090
9801
-8816
-1410
1604
-4612
-92
8126
-3210
4008
-76
4094
937
-2545
-8221
-1543
7398
6101
3098
-5733
1415
-6595
-6214
-2630
-6149
1783
-9734
-3176
-6572
-1470
5521
-1602
5977
-7292
9900
-7524
-3509
8384
-4341
8633
3114
-5474
6144
-2928
5717
-9299
5047
3534
-5186
-6516
-5624
-4359
-83
2081
9014
7176
-6863
-9567
-8746
-6503
1839
-1017
-8601
-2962
9862
8970
5478
6008
-8303
-1914
3872
5169
-3716
-8490
-5278
-7860
7467
1713
-1722
-5042
-4153
-9627
8258
155
1661
6446
-5624
9515
7142
7013
5265
-6298
9519
2058
-7487
9637
9004
8682
-1922
5931
492
5431
-4844
-6429
1473
6530
2476
239
4717
6425
-9570
5864
9953
736
6769
-4364
-9709
5972
-4272
-1487
-676
-8324
1481
-7313
7320
-9421
2174
6665
4967
3210
-4175
-868
7522
6972
1667
3302
5055
9613
-853
5348
3647
-7962
-6820
1610
5266
-4623
-8867
-4064
5822
1166
-3633
-9299
997
3676
-5592
9808
9905
-4502
-8577
9198
871
-6988
-6862
-9425
-8923
5101
-1803
-2947
1820
-6154
-5178
2317
-511
1799
-9310
6721
-4733
-2954
1731
1150
-1222
-4209
3233
5394
-8174
-3560
-521
-7367
7695
2314
1610
1824
660
7003
-2757
2448
-8495
6672
-9222
-5878
8443
5434
-6016
-5151
3102
-7228
-1792
-9362
-7948
-1614
-2240
2313
-6755
1352
835
-3254
1267
8066
-9784
648
-7465
-8043
7853
8896
-7497
7390
-7960
-623
-9167
266
5084
6816
-5463
-7573
-1438
650
4876
2258
-1808
4823
-8305
4332
-3814
3409
-3065
243
-8550
-8368
-3409
1539
-7169
-6084
-327
3214
7896
5739
-2167
8638
8470
-7947
-3041
-8857
-3054
-8165
5415
-1969
9360
-3399
-2899
-6540
1892
2566
5679
6729
-9852
9071
6040
5092
-6172
-1221
9234
3318
9198
9950
1574
-6146
-9914
-7552
-5743
4326
-2164
-2671
-1497
-2037
-8729
-1241
-7132
9797
9014
9588
4261
-8310
9577
-9517
8028
-3551
-6753
-8167
-2547
-8851
-4616
-4684
-8944
3220
2378
2639
2326
8748
-423
-3259
433
9220
-2486
-9432
5590
-7198
1685
-5429
3569
-7794
8071
-9089
3961
-3887
8196
-4808
5519
-9626
4385
-2086
7568
148
4791
-1827
-7350
7214
-1319
-6682
1290
-1011
-4002
222
57
-4838
-6793
6865
-2022
-8581
2488
9566
928
2109
-7971
3839
3603
2161
2654
-4098
-306
-2756
6842
5584
2041
3579
-4963
-6534
6242
4747
-6157
-8302
-5997
363
3042
-8978
4907
-3542
4888
848
-4676
-6646
-5189
5810
-7758
3426
3286
-1037
-3857
-1002
-7837
1750
-908
3341
7241
-1329
-6948
-2951
5294
1679
3547
8771
-3163
2381
9789
-8752
-1073
-2257
-7227
-8740
7744
5357
-308
5554
-2635
1467
-6310
9562
1242
-7927
4922
-2792
3459
-737
-142
-6628
9820
-1388
7272
-2123
-9475
5559
-1436
-6304
-6765
3461
-8228
-3071
-8186
-4306
7638
1136
7593
9606
4123
-2710
1645
3622
-584
2274
-4450
4001
9360
2242
-9341
5454
-2876
7361
-8172
8490
5667
667
1902
-9744
492
-4961
-8886
1484
-468
-7296
8542
8403
-3591
1146
9242
-9749
4194
-157
-7300
-5752
6607
-3830
-8952
135
-3
7162
1496
-8010
-9213
5064
-2250
-104
-583
2716
-6218
3466
-1208
-2781
7812
-4892
1407
-8093
5246
8772
7621
4993
-5217
873
6620
-4
7602
-7087
4222
-747
6456
-3067
-6090
-4973
-2261
-5950
-1117
-7058
-6787
-2918
9385
-1260
9324
-263
-6760
-1822
5253
8556
-1753
8431
-3614
3052
-9238
8347
-4750
9139
7468
1752
-549
-3902
-5285
4006
2161
1795
6432
-3018
4143
8678
-3900
-5668
2538
7419
-9328
4557
-6241
-9075
9678
1084
3591
2605
-8247
-2973
1845
-5823
8443
-803
-5926
-6876
8351
-5352
-9523
-3145
-5116
-2390
7275
5368
-4244
-9087
8390
2687
-9586
490
-5439
-858
3491
-6533
-6154
-8578
-8191
-6436
9289
-9676
3777
-3164
3893
352
1568
8101
-3857
-5513
-3888
-2781
6644
-2652
-9848
-28
-7476
6777
-7122
8411
-8871
-3288
6317
2240
-2992
9147
7615
3617
-6345
-899
1234
4661
-2495
-9009
8381
-6133
4691
-1245
-9059
9938
-7111
7317
1053
3468
8398
-1074
960
-9510
-3449
-8421
5101
-8631
7624
-8756
6330
3162
7688
4476
8029
6104
-9541
4458
1709
-4950
9065
2853
2462
-1804
-3961
5951
-7867
-3239
-3580
-8842
846
-2049
-6685
-7275
8601
-3611
-32
-3071
-5872
4908
-7199
3103
4664
4313
-7668
5637
556
-995
6490
-9850
2067
5677
-3507
9292
-6151
-3290
-9233
-9516
-8120
-6618
8581
6226
655
-9073
8631
-8330
-8922
-9405
-4954
-5780
1840
84
-7291
615
-4994
2600
9671
-2897
1007
-506
3833
-7952
-8319
6944
898
8168
2645
2430
-2678
7203
3602
-8906
-1758
9493
2549
-9153
-3682
-6767
7780
4352
977
3803
-7
-7081
5921
5217
-7975
8975
-6086
-8056
-8469
-3606
5534
2788
-5336
6333
2676
-1262
-1742
-5606
3782
9057
-236
-7402
-405
928
1810
270
-405
-7319
9558
941
-2654
9117
-6643
-8645
4268
673
9780
493
7848
6138
4345
6977
-5887
-376
-9920
7688
-7374
6861
2473
-6815
5328
-9515
2762
9136
6994
2914
4208
7149
-8505
9891
6158
4335
9429
4141
7138
9572
5292
2976
6730
9228
2582
5842
-7123
-2331
8885
-1919
-1844
1474
2097
-3286
-9434
897
9644
4403
-9363
7548
6634
-137
-1428
-3491
6661
7971
3232
-9144
1660
9739
3575
-9800
1055
-3550
7969
-9520
-2841
4903
2403
7668
-8197
1690
-8803
-1894
-3804
581
617
-593
2533
3425
575
8801
9309
-3059
-2228
-4797
956
3420
-2624
5697
2722
667
-6154
-1486
5125
-5359
5889
-2831
-1883
-3865
8421
7020
-6954
6318
-5396
4704
8560
-7256
-2682
1916
-399
345
-5027
614
-1393
-9959
-3347
3643
457
2521
6699
-3788
4376
3655
4976
-1771
-9713
6595
-8650
-7397
9320
7100
-6575
8619
-8996
9213
9883
-4767
-2884
4789
-9595
584
358
3009
2328
7418
-7045
-1394
4197
6630
-9053
8188
1258
2772
-1210
8216
6599
-7999
-6470
-2044
644
5972
-3057
5770
8967
4042
6485
-585
-5538
-8385
-7804
-2125
-7464
-9250
1803
1230
9329
-2477
-3406
-8736
4661
-7684
4963
6533
4424
5788
441
-242
-8631
4706
-9875
-7366
9788
4157
-8542
-6326
7314
-6373
6152
8211
3510
3378
751
5087
8486
-561
-6762
4906
-4306
-8067
2435
-1565
5967
-2268
-3198
9149
-3138
7763
9965
-9054
7961
-341
-7818
-2110
-2032
-8237
5500
5555
2454
1568
-3544
6538
1345
9983
-3937
1887
-780
3066
4598
3034
3195
1365
5864
6363
-25
-6764
-6556
8621
-2197
-2701
4033
-8292
-3961
-7166
-5486
-6877
-883
-2185
6238
-55
-6352
789
8423
7592
-8575
-8003
9659
-9394
6749
-7957
-7697
2920
-5242
-5436
9286
-3482
-5898
1315
-6634
7455
3726
-7213
-6503
-6018
-1499
2423
1164
-9475
7160
-8763
4522
-2211
4040
7227
-2949
-252
-5058
-4060
-3507
1367
-3897
791
780
-8133
2620
-6193
-5894
3861
-3980
9289
-2970
-8617
4037
-5432
3323
3481
-5744
-1672
-5613
-3030
-7620
-60
-366
3514
2603
2717
-4667
358
2785
1802
-5933
2450
-1033
4529
9026
2428
-9099
6180
-1015
5854
-7706
188
6735
3947
-6198
4524
476
7380
-3802
7558
-9670
-4640
-9621
-8192
-3722
-8201
-8439
-6448
-4153
-6853
5580
9846
-1088
-2580
122
4317
-4958
2065
270
-4999
-5750
-4532
2040
-942
7756
3496
5001
2338
-3376
9965
-832
4586
-148
-5648
-2700
-2942
7248
-1946
1865
8478
9619
-4265
-3740
-5839
8687
-5588
-2403
55
-9260
-3197
4432
1695
9976
8458
-7156
2575
-9523
-4222
8350
-2432
8493
-6256
425
-1215
-5887
-2422
1038
6370
-8136
-3596
-6727
2083
3672
7309
2214
-6927
1145
9186
-5583
-9457
-6327
-9107
-3221
-9082
-7004
4228
-3667
-5794
8084
-2092
5908
4830
-1015
2875
-4449
8599
4735
7820
4818
-6903
-7192
-8319
350
1346
-244
1001
340
6704
8756
3716
9989
8283
-3585
2503
-4538
8928
-1379
-6643
-9931
8801
1320
9707
1365
-849
-2791
-8458
-8728
411
-153
-7705
-9172
-8682
1106
-4035
-2073
9360
-6554
-2132
-1338
450
3596
5802
-1404
1598
3590
7474
6100
7566
592
4457
2127
-9060
-5175
1189
5920
9572
2675
3948
4082
5943
-7562
8782
-825
-3616
-873
-5256
761
-6642
3475
-8377
-5592
1071
8170
1986
3882
2626
-9665
3950
-2252
5134
-1257
-1404
-291
8661
-8625
5019
4507
-3505
9160
-4837
-7490
-2207
9518
-9414
7693
-2101
2497
-7833
-5929
41
-6690
8483
-9351
6301
-5756
-4555
-9723
-6098
-1154
-8194
6417
900
-2995
3734
-2277
2584
2295
-6834
-4610
-9849
-6582
9454
-8994
1529
-5727
-7113
4215
-8915
9727
6869
5452
-5743
-2686
-9289
-1826
-3929
-8772
-6635
-5241
8980
348
-7733
8755
2628
3021
-7860
5035
7675
6355
7688
510
3252
-7050
596
-5201
-8663
-9233
3388
-9529
7923
8495
-8071
1602
-5627
-744
4061
9243
8188
7675
899
8721
282
-4122
-6916
3071
1231
-338
-7143
-3353
4681
-9975
4985
556
-633
-4287
-2960
-5215
-6320
6932
-3716
-1171
-6638
4840
-376
4887
-7581
5277
9005
3839
6984
4407
-5002
-6412
62
4339
5713
7298
6262
558
4910
-2998
-5550
8933
3311
-3232
7670
3926
-4556
2885
-8910
9882
-1326
-3435
-6038
-8837
-8005
-1259
-7673
6896
1044
-7475
7404
9812
5585
661
1739
176
1479
9207
-3543
-1676
8588
-9774
-7131
-1141
7037
2528
-2121
1354
-9682
5495
2118
-7702
-389
7286
-7586
4483
2524
6122
-3214
746
4978
248
-8739
-1212
-862
-1259
-1634
6051
5780
-2880
-6680
-2715
7983
5912
8772
-5412
8892
-7221
-8862
3981
7388
2702
-7234
7722
3393
9231
-502
8301
1092
8619
965
7995
1278
-7270
-8247
5015
5179
-510
-4377
7203
-8705
-670
-7371
-5596
-2093
5031
8526
3987
-3420
7045
-2738
1464
8653
6542
4454
6154
-8284
3637
705
-2843
-3248
-5160
-3522
3823
3481
6249
-4770
-4643
1092
-8193
9354
4417
482
785
-4105
9947
-7963
7371
-3983
-3641
-5016
6422
7553
2870
-2545
-2361
-5707
-8483
-5733
815
3674
9234
-5986
1237
-5339
-323
-3316
-4890
9573
1737
9854
3225
-3829
8781
7562
-5973
-5036
-2090
-9659
-2193
-1399
-9478
-2768
6131
-7449
2267
4963
-5227
-9117
-4808
-3312
-9596
1978
2322
-6161
-6537
2419
-3084
3018
976
-291
-3954
-889
5569
-8934
4908
6993
-4772
2463
8491
4065
-2242
3708
-7287
1535
-5506
7593
-2474
-505
6610
3127
-9083
-5277
7715
-2201
6140
-8187
-5834
7994
-6788
-7134
3108
-9182
2333
1644
-909
6518
36
-5688
-5907
-7
4888
-3729
-6174
7315
335
5375
-2690
-3454
4479
-7382
3719
-4963
6306
2748
-3355
-4556
5471
6169
6837
-494
-78
2440
-9494
-2020
3892
4535
-9637
9302
-397
194
-2486
-5404
-2802
-7009
3256
-1782
-3086
2459
4026
9834
-1772
1052
-9638
-8586
-2332
-3551
