7396
1
7742
1775
8053
6706
2637
7242
4455
4763
8256
7439
2716
2108
7110
7733
9883
9851
4458
9945
1768
9939
2273
7000
9848
6513
4749
6786
1759
4042
1026
4357
2412
7763
9207
127
2427
4564
6798
7046
8493
3609
4795
4287
1381
3505
5749
7476
4615
29
8065
5251
8941
5743
9054
8527
437
7076
9032
1612
5163
8626
589
4288
2628
3957
6735
776
5274
6371
2555
1410
6800
3040
9300
9195
1564
3353
9080
6085
5964
4155
8709
3376
9887
5597
2152
8834
694
7543
8666
5293
1355
3759
7925
5087
9332
4660
5885
1990
3428
6702
2919
1355
4785
3218
369
6229
9560
2707
8802
9055
8776
4237
6905
3425
5611
803
9839
5002
6344
5504
8083
6540
5394
5124
2359
7747
519
9643
9866
8354
529
8553
753
4360
3194
9743
235
2533
5757
7386
9914
2758
8754
384
8088
2752
2113
9675
4583
3908
1472
5663
9101
5632
3028
3487
76
1705
6810
4569
4011
6085
6081
8148
2635
1951
1406
8611
9446
9070
7825
1783
9527
8246
189
181
5495
9919
9603
1955
2044
2960
7465
4887
1186
8636
6558
3543
7153
6977
1294
7468
2194
1176
1858
2364
3417
5281
2875
9113
2772
5516
6482
7024
9159
9849
8402
6202
7014
1393
4076
9519
3541
8709
502
7474
5163
8767
3919
4933
2917
4489
478
1736
6879
8530
883
9154
4957
1989
9842
5141
4912
9761
9832
4662
1232
3567
7226
7238
8289
6525
8162
5011
9519
8260
9390
9833
7002
3639
9689
7607
3493
5310
4602
6785
1403
9534
6928
2890
2575
2320
8469
8471
5032
5076
7865
5467
9334
3363
427
7559
8743
5488
7847
5471
7910
9085
1021
7749
6072
2789
9650
9461
5880
4191
3050
9280
6724
3740
1662
2283
8841
6401
5774
5506
392
5130
9695
3824
1100
141
7544
6565
7821
7137
9112
944
1851
2534
8942
955
5296
9317
7394
4261
2260
1581
9773
3347
5153
2430
8846
1175
1833
7088
9695
5047
3714
8545
6430
4989
4045
7288
1675
485
9225
5003
7885
2494
8797
6531
6152
597
4627
2181
569
7825
2990
6708
8734
4299
431
5057
8718
754
6230
9557
9851
1177
5782
7749
350
6245
6206
3371
6404
4214
6057
4433
9256
9619
9370
9467
145
4584
532
4456
7894
3431
2892
9411
1425
8482
8225
4256
552
8142
7545
3153
1607
6112
803
9256
2558
7659
230
5597
9258
1388
3278
1208
2094
7933
7068
8559
303
4108
5463
5095
2580
5019
7671
497
1515
3427
4001
6635
7882
2749
2653
1118
3065
3907
4251
1565
2249
2191
7115
7068
4622
1736
4179
3069
3789
2409
4067
2911
1605
8375
498
6588
6707
1873
2017
4922
3515
7757
9573
4072
7705
1
5832
4879
1515
2119
6728
940
1758
3789
1952
9788
4483
1784
3748
4393
6495
6416
257
5612
8952
175
8687
6735
461
8422
6152
4367
5480
8476
8044
8949
7148
2926
9327
7769
2269
7109
2371
8455
6180
5907
2919
3743
6319
4660
9687
3385
2119
5050
5014
5580
8669
6113
3980
6588
5882
3160
5420
2902
7245
4480
8393
2723
5078
87
1622
1969
4348
846
2701
6585
3618
5428
7768
9280
7521
1055
8620
3513
4471
3677
6550
5618
5754
7821
2037
7948
4281
5131
2345
3301
5987
9617
3625
6313
5359
7400
2172
3177
4833
3761
6801
3170
186
7710
9577
3516
251
4123
1823
7984
4369
6398
720
3933
6787
3523
2670
6200
6654
3548
4593
550
3173
4661
6719
8782
423
7416
9809
5603
8798
7308
1111
9462
7992
5528
3791
5930
8182
659
336
6929
8999
9410
5664
2773
7281
1702
3813
6063
1976
1419
4715
7246
6684
2490
5006
4718
2487
9145
3786
8939
7115
2790
9626
2135
1257
3563
7468
59
3009
3133
2374
427
7519
5994
2137
754
5584
2723
5419
1198
8688
4306
2657
2785
8450
6205
2796
3623
6986
4398
4031
9287
799
4117
858
6449
1239
1760
9400
5685
5933
7912
8734
2971
9376
1441
1597
4916
2950
7965
1998
7044
2228
1188
3632
9092
8520
129
2469
4743
6060
3345
9365
3375
3793
1656
9471
2007
8536
9713
5539
401
7667
7383
1574
2219
1176
5690
4745
6451
9915
9212
7546
1150
1398
1400
2281
5160
9692
9974
6198
8494
2022
9741
5735
4327
6341
262
963
4682
1024
3126
5690
6644
4841
7296
5339
7061
6435
1679
9049
3956
2224
6303
5703
5525
8826
2763
6860
737
1193
2498
4368
4550
5392
7463
9948
7100
3346
2831
894
6635
2136
9103
7327
5584
1232
2364
7948
4924
9730
503
7055
5519
2511
6889
830
8474
7008
3282
2598
9648
8699
3376
9173
5746
6276
6206
8132
5017
7709
9393
5667
3550
9681
3045
4093
7095
6492
3221
8989
5638
3686
9845
1038
6614
5139
1365
2959
917
7647
5388
7154
9176
311
8498
8447
2105
2571
2337
6091
4941
5119
9071
2668
2215
1871
5960
22
6163
3114
2806
1115
1867
2230
5505
5561
6939
1305
2585
5083
350
5438
7794
6899
8958
254
8885
7545
7820
7074
8859
482
7217
4710
1086
5735
6439
763
1936
3662
5953
9086
4908
3545
5317
5083
1070
8825
9289
4060
1522
8361
5813
9127
8624
2794
4405
2392
7552
560
9484
7450
6373
3286
125
9204
235
9894
3831
5921
3595
3003
594
4539
6092
284
2205
1576
8640
9109
4351
8899
4671
4487
5903
7633
8329
9524
5136
3351
1797
9366
1018
9728
8754
3074
6156
8515
6176
230
6225
8531
2460
502
8478
841
7655
4064
3887
5373
8230
8772
8333
2418
8746
5509
8477
4842
9318
8234
7990
7019
4828
7226
9177
601
6768
1899
1876
4595
8633
7959
5571
2205
1142
2443
3567
4962
277
4564
4900
1920
7527
6297
9095
3237
1366
4784
7750
1843
4888
9407
5948
7193
6028
6456
2676
4848
5684
2689
4202
4302
1643
4225
7675
432
8436
8657
7160
1562
1549
9437
8060
2109
6605
9224
9948
5888
5567
4154
86
4519
3805
2146
7441
7956
2760
2717
9027
4757
4998
6195
4052
5855
6642
6486
7286
3460
4157
8990
4203
1967
2282
1079
986
769
629
4641
4693
4390
6973
1829
3206
1160
5967
7593
9911
2955
6428
2463
7742
7497
297
3563
583
5238
1371
7662
2149
6584
9840
222
4320
3684
2120
3373
6860
6970
426
143
7694
8076
2067
7771
6149
4005
4994
8441
1712
4872
3362
356
5946
3220
9683
6653
3424
506
9729
1071
4267
3856
4998
3208
2354
4026
2435
9080
3230
6596
5933
175
1923
7828
316
9929
5078
5135
1251
5432
574
6211
1204
5163
5706
1948
7159
3610
3365
4559
417
9927
5089
9605
573
5960
1103
2794
1894
4649
3614
696
3058
7402
7150
1382
8613
975
7433
2858
5789
2530
3145
172
7137
1170
4683
4828
1619
8538
6655
2751
9872
9787
5255
884
1267
9154
3946
8596
3949
5475
6255
5741
5607
2014
4408
8524
5060
1660
5162
4546
3796
987
1367
9099
4456
8922
9251
9640
6600
5828
4463
3232
9462
9575
2090
9221
647
9852
8203
8182
9499
8561
469
782
1665
470
9486
6892
34
6106
50
7953
6131
9633
9473
3896
72
9351
8866
2878
277
52
3395
9146
7795
9126
3553
8145
3590
6715
652
5447
363
5075
5331
4734
6475
4029
4196
9179
1365
6655
9143
4253
9100
727
5246
9861
3927
1621
7557
5566
4529
2799
3797
1404
2076
80
1340
7283
5437
6519
3371
6711
4094
9174
2102
5695
1892
4811
9110
253
8106
5122
8425
7357
8441
2956
9208
7882
2045
7074
6246
2555
4563
4347
79
5227
2675
962
1040
1661
3533
238
2737
6394
4070
9696
1759
6752
6040
2275
9296
5487
1026
7929
2716
3786
6254
7971
5258
6004
2390
3046
9078
7813
673
940
9338
4598
3132
1548
3917
7440
4993
2915
8793
5721
6849
1887
412
2863
8646
3177
4019
9609
4145
2459
4252
9259
8911
1920
4991
6029
3146
7639
2742
2539
1758
443
7915
9332
3210
8437
9554
3009
2687
9380
280
9938
7578
903
6132
5625
6232
3241
833
3395
207
6105
176
5022
4483
7753
2349
658
5512
9128
9833
509
1369
2417
5944
8305
6006
9483
352
2961
5597
8163
1524
3031
2746
4719
3811
7178
5846
2713
210
7088
5183
4005
3694
7898
171
7349
2582
7200
1080
4206
4865
2860
2198
9989
5507
5280
6274
899
903
2044
9095
9000
8923
4046
3236
9236
5847
2697
5882
4989
2143
3717
7980
4295
9955
8437
8830
570
8080
7818
5505
886
7990
712
1587
3360
6726
4558
8571
6164
2382
6574
1036
524
1576
5342
5021
3755
1333
6573
7449
7739
7370
9526
7482
1182
4178
7078
2723
649
845
8182
5340
6808
2496
542
1462
4114
5473
4949
3864
3405
6888
7312
5001
3211
6483
5087
6396
144
5839
3781
9688
1186
1918
9794
9182
2965
7910
7243
6703
4813
194
7747
7240
2168
2094
3181
5026
1182
8582
9677
8984
4149
9043
9973
6258
6350
5400
8709
2464
9702
6284
8210
4167
7154
9594
963
8258
2897
6875
843
4003
112
1350
7475
4018
8519
4936
7748
5768
1380
491
1118
2355
1115
9588
3771
9365
346
9025
2329
2057
3670
8496
4841
6447
8611
2474
6230
7490
5418
7671
9245
7340
8167
2127
7962
1823
3270
1811
971
1392
8573
6611
5208
9710
4606
8459
8999
1865
8539
2357
2283
4810
255
8355
6505
5761
4820
1315
3032
6694
2596
3423
7567
5567
3990
8242
8109
5242
2155
4168
4985
785
672
9305
3651
7392
5472
6046
1694
3612
8676
547
2965
4811
8954
5273
7349
5405
8702
7567
5318
4691
8415
4971
4188
2991
9146
3348
7839
515
2073
7882
1645
1498
6652
9391
8206
7014
9107
5814
2472
9531
6254
1284
8670
8866
5483
8202
6377
4589
6976
6242
6927
3932
8001
9658
5955
7879
5917
6604
217
6014
6470
9860
9493
3052
4758
4360
9201
4320
7170
6872
5364
7050
2377
5419
8245
8469
4686
4560
1570
9951
7445
2158
144
7849
9948
4915
7205
4543
3150
769
9768
7221
3914
4873
3396
2806
1386
6534
1806
6375
4957
1366
1809
2410
5145
4029
1457
4130
245
5104
2541
7924
4365
1700
9594
5717
3612
6419
7484
6151
9639
5914
4080
9561
3804
9293
8395
15
2710
3317
8498
4075
922
7427
2819
3147
5495
5298
1544
8396
8988
4189
2257
7032
3276
1806
9094
8824
2221
7068
8348
4051
2104
2297
7486
7272
3482
6064
3033
1410
4959
9664
185
1687
6497
6087
5233
8155
4130
8706
6282
3913
9985
9041
4764
7048
7369
1716
3676
554
3546
7106
8612
8912
917
4017
7648
8763
9575
278
6897
708
9153
1805
720
1854
348
2495
5760
3144
4537
56
2314
4484
6006
1448
5023
5920
4508
6116
819
7519
7286
3311
4177
8561
4681
6247
8807
7055
9433
4499
7101
2997
5236
8611
4422
7058
3612
7193
9245
1246
4627
598
238
4201
2002
5943
6491
8701
8017
6102
9018
3063
996
9424
5372
4417
4960
9309
5103
4823
2314
4430
3103
8645
6360
2122
9559
4949
848
4773
3379
8048
9216
6598
5173
9701
3478
3115
8830
9327
4169
1177
4164
304
9553
6994
5651
599
3805
8055
947
4562
8112
6905
185
6211
1648
5592
7837
5561
8477
7643
1496
6205
8047
7789
100
3670
7931
6466
6196
5635
2452
8614
8869
1062
7238
9990
2916
5847
6190
84
4445
2725
5821
958
1141
8320
7045
2306
2543
7612
1242
4078
7241
1964
3041
8372
337
8120
842
661
8809
3045
2627
5356
9532
6475
8195
8347
873
9669
7281
8798
7817
8031
4524
9622
17
784
436
3869
8841
583
7624
7511
1746
2989
6959
7277
9332
2298
986
6416
9656
4092
158
7786
1222
8762
172
5248
7510
9123
2908
5879
7307
1273
4966
6550
7509
1436
3783
5813
3632
4898
6581
1883
4589
5062
5791
1933
2748
4976
6317
8253
4907
6474
5600
1759
2437
2633
8219
399
7898
5267
1444
3724
5257
2322
3560
2107
9235
4470
9330
8028
7121
5384
5155
6784
4234
6992
9421
4710
9442
2306
30
972
2310
149
9689
5851
6966
8469
1079
559
6384
9859
4719
4704
8425
856
2826
5259
6014
7933
8371
3978
6796
8961
8201
218
3483
7254
3357
1742
7287
8288
9467
6110
1221
7680
2042
2988
6679
1908
9751
6332
6248
7171
9072
4406
1915
2924
3185
1967
5678
8524
6000
967
7585
1462
1251
9303
5772
5432
5182
1088
9764
6334
4088
6286
2932
1740
545
6277
1071
9393
6487
2199
5393
8461
7139
3080
3002
1440
7434
772
9318
9176
157
1522
4518
2452
420
1650
6923
9643
70
3322
7308
1605
9031
3043
5819
7889
4584
5570
4230
4590
7607
458
9288
9463
7287
976
3004
673
5845
4513
3583
5930
3867
5666
1087
6521
5250
8804
6869
4875
8786
8835
1160
4817
197
7016
7605
6428
5102
4402
9552
2326
3494
3750
445
5191
9432
986
5277
1580
5429
7596
6386
4436
2071
8994
2810
8788
5415
1101
1529
2031
294
813
8909
3206
9008
870
2278
323
1928
4982
7103
5979
20
7777
9133
4513
7763
1283
2364
2566
7245
5405
9515
4537
3577
2284
2789
5546
8525
9136
1937
3772
2456
2359
9686
9235
8564
7506
9404
2848
8291
27
1565
6938
7966
6258
5909
3763
5512
7188
7093
4337
8433
4492
1482
1369
8558
5900
1365
642
6061
8351
4219
9426
1922
7757
9131
3041
356
5238
8129
6774
1869
5172
7677
3496
1526
181
8764
211
7472
8910
9623
4
175
4860
3950
1838
8244
1920
4686
2933
6838
4575
4890
206
297
6499
8712
9296
4526
3071
1127
4125
6547
4632
1935
5808
6959
2174
3274
2290
8565
6340
7631
9594
8914
8241
6992
7569
3005
1092
4833
7232
1211
2193
8139
5005
1150
3381
5165
7407
1464
9086
747
7031
4122
5706
8658
3778
6607
2206
3948
7371
5701
9589
6511
6081
2864
6218
2687
1187
541
2104
8705
9311
4407
733
5777
3548
6122
59
376
3106
5908
84
7820
7967
7104
1604
4370
5037
2087
102
3513
8787
8402
1192
4322
5953
1072
3936
6740
3092
7718
1718
9910
9347
9266
393
9120
4269
105
9202
9983
8404
3209
8691
4541
9600
9683
6853
4395
2784
9527
7238
8287
6701
8418
5336
7142
8737
8236
6811
5398
1207
3368
2060
2423
9484
6332
1583
1081
8775
873
1602
3275
9840
2702
7525
3723
9635
684
5609
5613
1544
8286
730
4262
5062
9326
1395
208
5635
8444
8136
8610
6963
4442
4992
2459
1799
2023
5085
5777
889
8887
2412
9641
7166
7935
2190
6216
9523
6032
3638
9807
3166
2349
9304
8547
1773
5513
2569
6264
552
7921
3076
902
6927
8970
4745
5232
6885
686
8215
8793
8274
1131
466
7289
1164
3342
9905
4313
1848
8208
5916
2984
2206
6467
4038
5477
4969
5314
6565
9798
9071
6382
3032
6137
721
6492
109
3733
103
3983
8149
9832
805
1487
4012
4287
2485
3770
5853
6876
9326
6409
8228
2533
8804
3320
1862
4462
2330
2442
366
1262
2197
6481
2003
6711
4184
3282
242
5420
9267
7179
9240
1895
5762
744
3310
1295
4467
5290
2730
1527
7397
8752
3476
1247
345
7239
3316
1947
1570
7256
845
3663
339
8358
2622
8137
9016
2413
5776
3318
3634
1000
8908
2776
3963
1620
7806
5653
7659
2219
1612
3733
6447
4651
898
5715
9612
8418
7330
3020
6458
6388
4323
6793
3001
4494
2620
898
1023
1003
5449
2951
4350
2744
192
7033
1832
7934
2489
7830
3174
7922
8535
746
6720
1866
5688
7274
5196
1133
0
5816
2491
8697
2407
5485
4886
8676
5253
503
4993
313
4172
9608
8823
1514
5788
558
7522
2415
5119
4680
8915
8659
9026
3852
6194
3179
4965
1537
2408
5935
8660
3483
5841
9638
877
871
8941
6562
9336
2965
7500
4859
1252
4395
6772
1639
1790
5255
9087
3020
3050
5804
9794
1848
2593
1154
7903
3837
4683
3062
2864
6380
21
7280
5571
7417
8428
9902
7566
9233
3842
8279
5187
4134
8802
1815
47
5929
6800
6137
1865
6150
5696
2576
1734
3652
2652
2586
8841
6890
628
159
2215
967
6046
1021
7860
4192
2929
4200
5758
8507
2983
538
4267
5157
3866
6969
8899
4183
8756
2362
1029
9017
934
8056
5782
4040
7114
8314
5707
192
3297
5924
49
8609
5493
4608
4942
2159
4909
6175
4372
1146
7993
3008
9304
7069
3390
8653
2717
5967
5164
4253
6071
6699
2172
3587
2963
4571
4206
5443
7
2663
4505
305
6029
9392
5925
6375
5504
4207
8717
7247
6033
2466
9719
6967
5070
9279
8966
7345
9941
8593
1578
5396
7180
6032
2783
8932
6224
2423
8823
790
1509
7803
79
2306
7401
9609
2109
5249
1207
5145
1686
3089
3537
4203
385
5856
4554
3284
3519
3775
5005
7795
5871
9033
3228
4953
2534
6529
3576
2615
9698
1600
3995
502
696
2640
7316
5418
1768
8053
480
708
6138
7120
5079
603
5093
6176
5989
7565
2412
3566
4649
684
7973
8651
2132
5607
4047
7306
4624
7056
228
7134
1622
2163
2301
1504
6325
124
4497
3160
7072
7971
1834
8397
9131
7702
5920
8777
1093
5233
6475
5589
3204
8313
5506
2531
9359
7472
498
2694
9011
9197
7937
6550
4230
4700
6014
8747
8041
1602
1083
1704
6661
5389
4444
4793
9375
7862
5947
7075
6850
8976
1289
9585
8675
9916
533
4362
5206
9357
9696
2869
2883
9822
5962
1180
9882
661
4779
5605
5619
7280
7372
7897
3303
3038
6195
6101
8982
4683
6435
2225
2684
8812
3273
8742
2913
3838
9549
44
1461
9371
2854
2029
3158
3685
2624
7768
3384
4120
4331
4390
572
9158
1750
3144
4304
2898
7079
5404
7083
1849
1096
7991
3792
2019
7453
9313
2944
2918
7300
954
3734
3397
1922
2706
2350
1892
8118
9198
188
9045
9185
7249
4719
2716
1001
4584
8187
7791
1776
2266
8126
1667
7699
6172
915
9813
7706
9970
3835
7910
9783
9077
9814
7775
7311
2169
70
142
5980
6243
1751
3392
3191
2398
4480
217
2651
4822
5927
3685
5886
2866
8260
618
8933
948
4035
2587
2239
5309
8639
1566
6634
8293
2247
1835
4490
7167
816
2323
7693
701
2672
1505
3093
4970
606
3158
8259
8003
1481
1081
7042
6114
7311
2610
8209
7548
6294
3587
7480
2801
1953
450
5683
6894
9675
6145
8135
1597
1299
5123
6143
5549
3175
4583
854
9304
320
42
7652
1204
6826
987
9292
8509
3733
4046
1260
6828
6337
7045
3571
1519
4425
7503
7950
5152
4539
5350
4131
7213
8247
8115
4486
9553
9651
7038
6453
4949
4781
6715
1527
967
4281
6019
372
4303
9062
9671
9144
8101
3853
2588
7872
1344
6015
5601
5947
2412
4600
4100
1764
7669
4936
3238
2735
6928
8580
763
1818
7189
2498
4027
4791
290
6660
841
6285
2052
1856
3645
4205
5918
6480
2178
9826
1964
3722
5926
8735
7375
4730
4062
2010
2973
4664
1202
2892
4335
2806
618
9946
652
4308
2693
1172
4959
2251
6613
4062
1831
8368
3828
3315
777
3209
6487
1639
8952
1946
40
1869
6698
8414
636
7701
2749
9299
8048
1571
7798
8143
390
9192
7428
1594
8833
4139
3783
2719
990
965
5455
194
7189
4369
7828
2615
1571
1069
7693
8955
7904
1324
2544
8625
6641
3407
3442
6503
9819
2558
4883
5430
4846
6017
2634
4065
2628
7920
3394
4479
496
5683
274
5014
2403
3875
4426
486
1777
4605
1108
2081
9042
7479
6721
8594
6646
5726
3744
6975
7276
853
7987
2830
4338
9788
9162
7889
3901
2226
2161
523
2221
9914
3711
4503
9820
2652
420
766
5077
7149
7528
3224
1298
8749
1861
797
6997
9197
9425
8517
4046
3423
3134
4228
503
7528
8095
9634
8709
2559
6944
6265
7249
8377
3694
9377
229
3561
3899
9433
4789
6290
2242
8968
7261
8643
7120
8215
5133
9047
5866
9242
9311
7649
6258
1625
4396
7031
6842
3127
2138
3707
4064
5627
5774
3056
4902
7194
3103
7426
1315
9929
2498
3498
939
5030
2385
634
7607
1723
166
1950
4208
8003
1797
1875
5424
4799
5830
6421
2963
4926
8208
6005
1438
2151
3704
2493
9733
304
7536
5133
7096
1389
6034
3767
4518
7452
4843
973
3482
2966
6067
5423
7889
2794
4847
6705
7227
4677
9139
9707
6895
8299
7080
9323
8739
6632
4979
5923
8081
7886
8974
9713
786
9325
2963
4595
9585
3352
4421
1024
9612
5610
6773
5848
2397
9961
1037
8235
4770
2030
5842
1434
8872
5508
9201
1513
8070
1295
4647
1582
7606
6164
6742
4038
1223
1892
9327
8000
1871
8508
6668
4644
2611
9908
8017
2299
409
9398
1726
698
2293
1405
1335
8125
1829
4629
7376
9804
8564
2249
6290
2753
9452
3948
3218
7402
1338
9484
1815
1320
7848
7445
8795
8065
5395
5715
3514
8127
8340
5475
2240
2807
973
582
279
3415
534
9745
6762
1248
7673
4375
1000
3827
4811
7634
2874
1787
4113
621
1719
2123
778
7690
3715
9502
9231
7963
8791
7354
804
42
6681
8780
8357
3616
8629
1570
64
6018
9672
6265
2793
4671
2742
6624
5062
5392
7850
6871
2765
1172
8152
8012
9771
8785
1866
9565
5729
4232
3438
7845
9598
1521
845
1917
7101
6884
7549
4620
2112
7568
1915
2124
4563
3310
4658
9668
2974
7943
8288
2745
1040
2227
2209
7741
4127
2740
2666
9602
2748
6081
4064
6335
2056
3686
3880
1956
467
905
7986
5645
9239
4651
2120
675
4925
281
8960
9871
2707
1142
5009
2550
2935
2277
7420
6847
9955
4547
6453
3137
238
8008
8788
1185
8892
6279
1153
9651
1051
9508
8436
6203
1712
9854
3334
8834
9047
1603
2231
7817
6059
8767
8557
5681
4432
3691
9546
7376
6147
6027
1901
472
7732
2849
8778
9677
1698
6472
9794
4931
8291
1474
7771
7003
339
5674
3380
1671
7620
3678
1015
1649
1799
5621
6563
287
3773
4058
3517
4471
4509
3065
6699
5549
7186
8317
3296
2341
4072
4046
7008
5506
381
6031
4360
7345
1176
1824
4113
1980
6699
4285
5413
3962
1953
3651
728
7647
4361
4919
5370
60
7375
3100
9405
2688
3921
2925
1591
7476
4670
6458
5412
8783
7485
3636
8331
4312
8302
9261
1570
4299
7754
1432
9345
8412
1474
8563
7502
2039
7655
1908
1774
4861
9911
6601
8899
7902
1815
7263
1607
4916
3887
9891
7926
1557
3399
2786
8426
8495
8607
4120
3373
6742
5086
1033
6078
7326
6299
311
3844
3820
7806
9676
2660
4537
8273
7764
3834
7009
345
515
8752
3299
7195
234
249
869
4091
1837
7915
8153
8031
2698
4971
393
7388
5768
6698
6207
9799
3286
8812
2023
845
2622
8566
6444
6604
4545
3375
9055
4028
943
9722
5173
2906
8431
8369
7577
5166
5969
9881
7600
6345
7070
3257
9478
1910
5570
7219
5507
6099
4342
7804
6026
2301
7312
9735
2332
3316
4903
6893
287
5628
6826
8232
585
2425
356
3067
3895
8486
7692
8531
3070
8971
8681
6276
7969
6970
7838
535
7388
8960
2039
7256
7688
161
7512
4215
8908
3957
3628
7439
6236
7403
6003
1916
7700
9782
561
1445
8464
661
4921
5093
6589
9926
5953
3996
4547
7417
5616
2042
1344
5695
841
622
3127
5139
2426
4264
5004
7202
2253
8690
184
5146
302
9799
4325
9832
8590
1004
8938
4661
3182
7004
6888
9952
4849
4511
9843
6446
7141
8916
7063
3656
4779
9599
4120
5264
1699
8278
4559
3019
8498
6545
9702
1909
1668
3401
2634
8842
740
3819
2903
1100
7443
605
2822
1470
7249
5124
1342
9446
9952
8963
3927
3231
7423
7000
937
8033
6026
4906
2934
2467
2850
5818
5447
343
3214
1505
1485
5627
8583
2070
8761
5534
6115
2738
4741
4836
5698
6172
3372
6307
7678
7917
9583
2664
776
2645
1293
9145
9198
4513
7859
6014
7147
3232
6865
2836
1236
7948
2869
6199
8935
9450
3822
7530
9326
412
853
9465
6617
8651
7522
6319
1902
3851
8103
1920
6749
3692
4156
2806
9165
9510
5134
1718
2818
3411
3919
3915
5593
9415
5380
4911
9668
2751
4741
2508
9366
6717
8047
1429
6905
2345
8710
9365
4320
7983
6696
9310
5847
6372
1350
175
7826
495
2590
7686
1569
4281
4307
5518
2927
7417
4931
5676
2480
432
4965
7283
4413
9882
8454
9443
1177
3433
1713
9714
4797
3273
7513
4833
6357
8765
4290
1744
7397
844
8220
4785
710
5236
6188
5993
1526
7221
793
4979
2931
3847
613
2161
2834
2409
8817
7076
8286
776
3773
5942
5032
223
353
6757
8029
4229
6531
3023
5842
8748
8720
8595
7410
6958
8888
2500
7026
1972
5622
5525
8835
6671
9577
3000
8307
2722
8138
4164
3727
1609
6656
2021
4230
8730
6340
4651
7973
8810
783
4419
8299
2465
577
915
3153
7418
2365
9336
1902
759
1708
4621
6415
6124
3258
9713
5126
5222
5159
2628
5769
8256
8611
7966
1609
5103
1034
8700
6588
7145
4500
7569
8551
9405
1330
3811
7197
3600
9320
8034
5450
8009
6983
6803
5580
1699
5837
8459
8247
8211
38
2727
5570
478
4548
6981
9564
2233
4909
5802
644
3198
4539
3442
8306
8298
9276
6600
4221
4591
314
9123
5845
4485
3938
1940
2673
7421
7564
2948
5136
5746
1741
2461
5666
9181
3262
8988
4666
5514
7702
1621
4616
6128
9735
1849
411
8518
3476
8778
9138
932
6007
1350
3315
5660
1669
3267
5376
3409
3725
5016
2336
6346
1822
7738
9247
515
8556
719
3143
1530
9049
9674
3234
7504
9022
6303
1214
7165
9547
158
8059
4457
5137
3073
344
7302
3819
9850
1105
5631
7958
1343
7181
3384
5563
8617
2173
1097
3860
48
8923
8117
9027
6909
4414
2723
7693
9640
9518
4335
9063
1088
4686
9200
9930
3980
9793
6540
5408
9364
4969
5455
9747
2837
5897
3077
7858
4213
2687
9852
6773
8171
4253
7980
9684
5087
6479
1806
7186
5528
3068
5088
1846
6700
5863
3073
1737
8514
4315
4873
8803
9520
1578
1797
2032
3053
5090
22
4683
3894
5244
7453
6801
3044
3690
6668
2762
3845
2819
3580
5041
1335
5379
6680
6286
7070
9472
6488
8145
9521
7640
552
8783
2901
7482
8994
3163
7750
2121
1479
8382
5135
4803
4583
1132
3936
5833
5403
8848
7669
4223
389
3560
8354
9010
6894
1306
4558
4669
2221
3607
2335
6510
4117
7619
903
9950
3386
6084
9382
966
6079
7112
2683
8102
8552
1385
4146
1503
9979
783
1977
4275
9240
9919
9456
7491
2044
2398
3041
6232
9410
4398
8550
3678
8269
7837
3130
6215
9149
9030
455
3530
7225
2315
2217
8504
1474
3833
5966
905
4141
9238
9817
402
2098
2896
1892
2787
4557
9018
9322
6536
9606
7915
5881
2552
5280
3340
229
9921
4720
392
5768
5161
7109
2956
5688
8151
9729
6230
4292
700
6873
7790
8865
5248
3899
9503
5776
8923
7758
1753
4512
9374
339
9712
9505
1234
8706
4021
2577
4739
7506
9706
430
4108
1632
6946
8584
2188
1101
6357
621
922
129
4667
7860
8371
424
9019
2479
5646
6965
3061
54
7460
6328
6733
3075
4988
1357
1193
2253
8679
5296
5040
2252
3039
6239
1758
9328
8760
9265
6354
2079
8058
7583
7527
8167
9189
7909
5943
3546
3165
1350
6920
3325
5642
8600
9961
3101
6748
2035
797
6403
7385
3601
318
499
1625
4538
4719
1772
3566
3699
2281
1461
1273
2861
4767
7494
883
1166
9105
3395
3632
8206
4589
8474
1507
7022
8746
4626
6597
5542
1742
7983
3584
7791
9854
4687
3581
5864
1845
6706
4096
3693
2203
3868
1704
1902
454
2548
1146
4441
3951
1856
6452
7544
3050
4715
9395
1348
2816
8642
9262
1384
2848
9994
1839
8291
1954
1290
941
1309
9926
5919
1604
9471
5181
6126
3601
748
7525
3188
9104
8147
6859
7358
1863
7209
2454
4868
407
9923
8115
2380
5172
4382
6070
4505
9751
8469
4678
7142
7410
5682
7145
6082
9383
4077
9730
4986
2400
2115
8596
5748
4510
4130
2936
8756
2869
9478
3764
751
220
8318
8345
531
2283
821
6628
3621
2365
454
6239
3121
8014
6798
4392
7851
4711
6781
2648
9778
2150
1632
7835
406
5352
7925
8653
9058
587
7499
3722
3801
9620
2999
9890
1893
7017
8393
3351
775
5644
989
9872
7045
7723
8767
3470
8267
5921
9643
2902
7862
6570
2841
1787
4815
5350
5602
7911
6342
509
1737
253
3019
1225
8537
9262
6342
7653
6219
6632
5576
9969
7327
3841
7636
2897
4767
3598
858
9467
2819
4501
5678
4598
8116
2169
3214
283
1498
7525
4135
2253
189
1819
6582
2115
5437
8159
1055
3461
5839
8504
9389
2593
836
8430
7719
8438
6845
1367
6594
7111
8169
9531
1140
5977
3753
7095
2363
6352
1137
7081
8945
1871
1298
607
6152
6667
848
9545
2892
8829
2698
327
6696
4595
9414
9779
5997
2248
8623
1306
545
6700
369
6181
6664
1014
6170
4370
1201
3597
9219
958
7322
8486
3794
1632
7479
8342
5945
5809
7227
3781
2718
3536
6570
5627
7160
4676
3538
8216
9370
3028
8240
2037
6201
2534
6773
448
3222
8469
891
2055
160
8287
7586
9262
9874
2336
4023
6672
7655
6584
9026
8398
2958
5421
8939
4349
2278
3660
1905
489
335
1370
6191
4156
7923
8819
7047
2811
843
2993
5489
6382
9405
7087
5158
1454
1544
9617
8777
7327
5552
7385
615
6271
1952
5473
2397
4435
3335
7809
3230
7690
6369
3958
251
6146
8713
1470
1307
9645
3773
1821
5194
9652
3327
9534
4537
1055
7284
5457
5057
9703
8850
5609
1470
2412
7351
4013
5965
9596
1531
9298
162
8647
3408
7328
1171
9246
9677
9301
5949
1976
4713
4318
5993
7938
7554
6676
5181
9238
3284
4174
1926
7373
9053
9770
1738
6089
3648
6474
5419
7589
7065
704
5910
6212
3246
4491
1074
5209
2287
1201
843
4768
5057
2453
4753
4435
8669
2200
9746
4842
3109
6960
8038
9075
9214
9921
3851
52
1468
7504
1296
4516
7763
1742
2835
4307
1836
7002
5059
7498
178
4833
2328
694
9126
5795
3062
8095
1776
536
7976
2363
2283
4172
7356
2688
9149
3658
1765
5833
2454
6010
3981
7117
6076
4553
2691
2185
1243
4491
2583
4201
3281
5350
1035
7121
4204
6416
9599
6285
5556
7262
5492
7983
1589
968
5872
2920
8939
8213
9513
4778
1248
3305
6803
2431
8683
3789
2824
26
2247
5313
8601
315
120
7689
2121
6878
5472
7096
2798
4775
955
6007
4399
7754
9124
9380
2218
417
7835
9457
9031
9093
7983
35
3788
2968
9240
2835
1047
8180
426
6529
9128
4011
5975
8158
4940
385
6138
8871
4527
5508
5568
21
5439
8118
1653
7886
4871
2580
6543
5841
4996
3552
4122
361
9511
1443
2790
9476
9071
4116
9938
4929
6338
7836
6434
8038
1511
9751
1687
5958
5759
6890
9405
2022
7518
7088
7398
7256
6073
6323
680
2767
2238
6316
5498
9890
2477
8633
8004
4692
4899
6214
7097
5107
111
8225
4932
6137
7495
1658
9651
7705
1265
1064
6929
5431
8130
4241
5371
4613
958
3739
3956
5758
9290
4936
4447
7531
6332
5211
6151
1517
9154
1063
6252
7076
883
2030
6823
3799
8244
334
25
6730
6713
9516
1699
6357
7131
2619
6159
2599
1477
5294
7280
8151
6433
5736
8698
3590
3295
9904
8053
9326
294
3275
6704
4410
3716
9432
2222
4425
3998
7986
9720
2498
5174
9229
9621
6260
8251
8505
2792
5275
8402
7063
3961
839
8271
7219
7362
8097
5909
7849
7295
2857
2723
76
5513
9373
6188
5023
7798
8239
2596
9371
4392
386
6214
6334
255
9425
5171
5673
3679
966
1653
5075
9147
7117
7401
3123
2944
9266
6752
4481
4492
1091
669
8365
3391
3184
1576
2705
198
2223
8930
1170
6552
9236
2804
8779
3125
9462
6862
4412
2186
6365
4100
5875
9569
1237
4500
209
8225
795
6643
885
9396
2023
4014
4354
8752
672
3799
1640
9387
819
8232
8545
3323
1708
1293
2597
7042
3346
5884
2297
1974
7023
8243
4780
6682
7476
428
9414
4043
1818
5955
2077
9891
9737
5075
6724
3161
8967
5831
6413
5063
7441
2444
5741
214
3278
6348
6055
1647
6171
9903
3944
4319
6111
937
5604
9842
6742
3911
9022
5595
4543
2083
6332
5946
5784
2970
9568
9571
1385
3275
4138
5537
968
6558
4004
5057
9015
6712
7409
5552
4322
180
9841
1226
6668
9184
2341
8023
7880
3342
6375
6589
1541
7448
7739
4894
1077
6938
1863
7763
9100
8997
2475
7186
4933
3032
6587
8738
2062
9617
8126
7987
2636
4232
8347
4721
5747
1792
4886
2768
1963
3482
3450
4782
9010
2247
1436
9090
8879
2576
4626
8287
8969
8507
9701
1902
600
3201
3336
6704
9539
8248
3659
6580
7969
59
4167
6473
8388
770
4500
782
1763
970
6313
4167
9289
7540
4309
1569
1377
2047
75
8729
3816
5750
5558
8967
5695
4377
8163
7668
494
3425
5713
13
6941
8141
8331
7472
1146
3241
6082
9783
1975
5781
8458
6706
684
7108
8721
6901
9490
1668
9994
3312
8820
2790
679
5751
2525
7143
9405
3394
4218
7962
594
6684
8867
933
2797
7061
410
6212
4231
2748
8853
351
6304
3766
7380
7868
1981
9962
2098
423
4038
636
1948
1516
4774
8115
526
6855
3832
9350
6515
7010
2296
7019
8883
1441
9836
7687
5518
3836
4492
6726
1711
8389
703
9297
2908
5823
199
5721
4363
2645
8072
2691
6106
4347
784
5996
5182
4384
3418
1349
578
8530
6129
109
6793
8650
639
6050
6572
1290
9544
4204
2223
3448
239
9665
8875
9060
5755
3549
4316
1947
5458
7819
3806
2786
4691
8357
5643
7567
9144
5480
1417
8703
5160
1799
3751
1483
1635
5253
7387
3288
1351
5672
3370
7688
5617
7319
9077
1836
9118
4613
6825
2822
4208
9415
7247
5678
5386
3462
5460
8737
6993
1762
6490
8463
5612
5927
7652
2268
2239
92
623
4665
3783
5169
277
3810
1409
13
73
5525
522
7165
2159
8856
8438
3679
8543
6462
2641
7298
7381
6946
9991
9583
963
38
8508
9208
2082
8733
7922
1316
9779
7421
8670
1950
4497
5765
7264
8025
35
8132
7511
2694
4986
335
2868
6833
4993
6808
1231
160
2984
5280
4482
4298
3018
1155
1369
3976
6324
6819
6953
7209
8986
5143
5475
5428
7864
2233
5906
8165
2780
9127
3301
6584
9221
6383
9172
6089
500
56
2698
8517
6052
9420
1606
7856
9579
3515
1920
4128
9755
5495
4743
4150
5654
2605
2124
9462
4328
998
9439
9756
9859
7612
3686
5533
8868
9153
1918
1030
6495
4472
6287
9069
9008
1373
4814
6602
4211
5124
9394
2092
4250
1936
7568
9213
2757
4684
2902
4522
1312
7058
6638
48
7677
6571
7492
9454
4040
6776
8816
4887
7486
8860
1412
1814
7648
1961
7620
1640
8571
4317
2830
9928
7131
8173
6976
589
2309
7680
9494
7717
8865
8666
9576
9172
6798
2876
9087
9888
7422
5333
9052
1319
9630
8803
1333
627
3852
5199
3538
5788
9507
2863
8215
4856
2186
177
206
4703
4464
5492
4826
4253
2200
3745
2502
8428
2832
6319
6983
2985
7954
1363
7902
7944
8641
8479
1741
538
8297
1784
7943
486
6528
6848
1500
9238
5855
974
1451
4364
8370
3468
3308
7689
7448
5891
8585
2634
8568
8738
2370
9092
4190
5774
9474
6023
1717
64
3537
6778
7463
2398
6409
6730
857
1569
8094
8264
5572
2332
420
2551
973
3159
2418
8557
6168
3189
5757
8371
2298
3540
5532
9543
934
5758
8992
3692
9307
965
4346
9203
882
1187
3447
243
4516
566
1994
5730
1479
3748
9906
5944
9899
5469
2051
9456
9040
6597
8951
1693
8625
3230
2842
8586
5363
8023
7208
9011
6575
6752
9609
5895
760
6481
611
8765
9101
3915
367
9041
8863
7496
8300
810
8488
933
665
3215
2799
283
9972
4696
6368
2111
4869
3174
6322
4655
8294
242
9906
7566
4782
6756
6803
4215
4553
7921
2841
2922
706
1539
8252
9105
2148
6013
8476
3004
5675
5546
2346
8738
7346
3474
1276
9828
2227
597
9875
3537
5116
5316
6781
7397
8707
2379
4660
6347
4670
8122
9267
6345
3910
8068
7185
5568
3025
9958
1873
2231
2022
8683
7740
9640
7201
7312
7981
7072
983
6979
7917
5318
6877
3246
4216
513
7938
8985
2634
9218
5038
3683
2887
8700
5524
5326
8372
7285
3772
2763
4973
5128
697
1201
2824
4049
5291
2011
104
2959
6122
6041
4384
8682
1762
3965
3472
7543
9707
5536
4804
136
2247
2258
842
4133
5129
8930
9141
3380
3774
1375
3712
7687
7544
4349
949
2975
1320
1350
5274
2319
4191
958
9199
8812
9560
6900
5516
6322
1632
1121
8573
5884
3338
3551
2034
8542
4091
9028
9987
5730
1089
3910
7879
9853
9099
8803
4692
1340
8816
8040
8002
6718
8399
6785
3450
5586
7018
9359
8782
2573
2835
6962
4572
4327
5952
4057
8590
811
1948
4565
7250
2133
5865
6855
2792
5941
5392
6355
1070
3837
255
6389
8869
6719
7660
6100
2407
6815
9252
1960
5262
6565
3671
3806
2950
4681
4777
7047
4369
840
5558
1644
5296
4281
5032
8304
2865
9331
4505
1115
5639
5204
6884
9766
6402
8585
1353
9843
2079
5735
9270
575
6856
2223
1421
767
8519
2134
6666
4492
9616
6756
1256
4662
5201
5999
4976
4703
3272
5802
1778
3622
5147
8031
9076
8831
2054
6844
8844
4166
7280
6493
5544
439
5177
275
1981
2361
9610
5786
9856
4349
1691
9115
7937
561
8411
5082
8371
3635
280
1954
1461
5755
7589
1945
8797
1743
6629
4700
1947
2994
9621
4952
5391
8684
8924
8546
1071
5405
1294
3729
6569
4256
1771
1678
4144
9092
8381
9534
3886
772
6547
4025
8355
4293
8842
3684
7340
5498
114
4111
4202
4498
1247
7904
8395
9902
5133
429
6893
7247
896
8116
9776
914
1151
8857
347
2357
8773
5982
4366
5521
5353
8929
2601
6099
8138
5243
5546
7590
9074
1346
7002
6069
2105
7999
1415
9731
4611
6534
3087
1971
2534
9562
1329
2726
9259
4041
4998
9079
7269
6335
7456
9863
3977
7386
6415
5449
2416
5214
7734
9262
4008
8917
4127
2896
9860
1265
9826
8855
710
5104
6147
1126
3851
7025
2354
844
2656
9785
629
3534
3707
8522
897
2570
9406
7356
729
8434
6026
9284
9319
4628
7874
2615
9797
8483
1970
6949
3560
7639
9731
7101
8469
1975
6081
8192
1769
5244
5940
5157
847
7469
3426
451
9510
5632
9318
6253
774
7342
6234
8468
9587
8681
5281
9972
2722
5228
671
1558
22
78
506
338
3279
114
6715
4130
8899
1549
1106
2687
2188
4210
2845
9935
6597
5587
2181
5788
4723
4352
7700
5765
559
4892
1428
5475
3374
4526
1788
7901
198
4555
9844
1154
5391
9709
6250
1440
4682
7432
2654
5762
5401
8733
992
1280
1546
3951
5506
1247
4211
298
2028
9471
52
8064
988
6611
2200
7855
2055
5865
2957
8596
3093
3011
19
5338
9779
3049
7417
8109
1726
7737
684
4019
4969
7449
1509
9268
1324
5513
3329
5784
5776
5711
1445
4541
2909
2343
7157
8334
3980
7513
848
4197
9247
5610
1372
9253
616
609
4669
6899
7688
6608
3868
7522
4229
4266
7367
8361
3124
2299
2808
2066
625
9356
3078
7935
3400
577
4747
8242
3865
4531
3268
7896
6563
5730
6729
9409
7503
3156
1646
522
8023
1569
3394
3625
9873
3195
7374
5716
5608
5194
5972
4338
8035
3147
4925
9516
5445
452
1318
2382
8940
6128
9603
9730
5526
7419
9822
4942
2292
5247
7150
7441
6878
8163
6781
6054
9809
9033
511
1916
75
7359
3834
1551
4486
1344
490
8311
7669
2815
6281
3007
444
7515
3604
5913
5214
2731
7461
3781
4337
3749
2633
4937
254
6894
883
6410
1761
3098
1686
9515
9443
1326
5408
1206
7378
1506
9298
7999
9878
4106
76
8592
6290
2639
1771
5678
6863
962
6942
7851
7794
4782
5626
7490
2683
3145
8081
676
6884
4025
8441
1764
1008
1015
9542
8402
3492
6210
3351
6590
8478
2652
4382
9451
8452
8015
3688
7617
7253
7165
5451
751
4309
2665
1640
2483
3151
1581
6646
4355
6084
3181
5096
5055
4510
4754
5647
5939
8095
469
3676
5836
1686
8225
1468
6218
4272
4140
1425
7622
4764
5013
7329
291
297
4455
8310
3437
5990
7474
754
5359
100
5771
776
2790
7556
2181
2972
6016
4878
5880
1815
9347
1154
7523
8124
7528
7632
8807
1057
4219
9100
6097
9290
5372
9297
7531
3062
4292
3132
6852
2475
8519
4747
5289
1413
8276
5771
2194
9426
10000
4285
2904
4109
9563
9445
7454
6622
2294
4366
8118
8411
2717
781
2839
1050
9422
5532
1432
5931
1963
5262
7913
8482
8313
1514
6523
317
1026
2040
3433
9448
1136
4213
1390
7564
9114
9058
7886
3082
2246
6522
7867
6234
9242
3719
4864
3166
9947
2282
5098
2127
4928
644
9132
3038
9981
5995
6716
5861
9033
2074
8525
7967
7520
3429
5552
4473
9868
2874
6386
13
4780
1468
553
9595
2836
2629
1620
8662
9901
8571
1154
4149
5075
4187
253
233
6038
8813
8444
1785
150
7052
8554
3552
5305
7333
2451
8587
7265
6147
4666
8070
642
7040
8510
8742
9592
6574
416
381
9181
4482
5019
217
5061
529
4737
4021
453
1689
9427
6963
3268
165
919
4610
4888
8431
5762
7860
8359
8661
9905
3844
8324
7603
3518
4090
8292
1104
7777
7274
5948
8307
750
9204
984
5009
7695
7441
6644
5608
5444
1926
3961
8585
6905
786
3758
7096
5256
2002
353
2928
8487
2133
2815
9413
2172
2134
1036
931
92
7941
7061
624
4631
9151
6167
3546
1662
8208
2888
7530
5177
5816
5177
8197
7685
2142
1743
5961
3850
9678
5460
2460
9569
4094
4484
2356
2600
7350
3308
7827
5702
7416
6742
1405
3221
8249
214
2701
2279
5965
544
1615
5428
7723
2948
9693
8751
4626
2697
9451
2083
1440
3193
2828
5874
7706
8890
7760
318
7146
299
634
6769
9279
5898
8715
605
3300
6692
7983
9849
8281
165
7859
4444
8209
7653
7256
3175
1772
6213
356
8923
5785
8286
4536
4876
7731
125
5581
4005
8866
1429
4044
2392
7315
634
2315
4524
922
5876
9745
5207
9575
9156
2260
6570
1311
5185
6607
8036
6284
5220
6735
777
7203
2840
4260
3055
8707
4181
9598
3400
9607
9009
1001
7195
7083
5387
3061
9294
5961
6375
5726
6263
2712
8229
6887
5450
2441
5810
2002
9616
2001
6695
4673
9005
7209
158
7452
4361
4224
1112
9874
2935
2642
1396
689
8456
9301
592
3795
3929
5568
5146
3762
9296
6847
4179
5133
6175
6886
6516
5434
7364
1667
4645
5104
8951
81
9326
6190
3103
2774
5827
1857
2141
7937
3551
2042
7807
8919
2144
8473
970
1377
4386
6894
8434
1921
35
6192
2980
5302
8784
710
6472
6020
9675
7839
1915
7635
1833
7883
380
94
9028
6586
4471
522
4080
8179
5395
8604
933
360
7522
5567
2639
6854
4661
833
4120
5086
468
961
3404
2429
1868
1324
7404
6031
6626
9481
1118
2043
5207
5503
2713
5156
5723
5770
9441
4341
26
7864
3655
2915
5013
6415
1390
9218
2312
3547
3550
9965
6218
5799
7540
1597
9433
978
1764
3546
4274
1098
6714
6886
3391
5801
8921
6657
3419
645
1145
8772
5768
7028
981
2873
4464
7202
7581
1930
7933
992
9603
4753
7993
8417
1576
7622
3669
7397
7577
6280
1267
7317
9761
9717
6129
279
8222
3981
1776
6067
7401
8537
7935
6388
9567
1020
3941
5374
2716
4028
1278
9752
8268
7823
407
6095
3254
4236
1960
7457
9059
194
5763
3983
1242
5290
7746
4410
2438
9549
8732
1841
8878
6617
3330
6612
3731
8117
4814
2819
8232
9816
6824
9931
7880
9016
860
1585
2678
9741
2567
9226
6760
1394
5717
2416
5913
4204
3645
7894
8877
8088
4554
9467
9334
8103
7986
8191
1489
5179
4980
8109
9878
3652
583
228
3501
4021
5200
149
500
6483
5120
4773
3488
80
4946
3425
7685
9081
5323
5649
6695
1910
7825
7163
7275
1594
8759
8674
9710
2800
9787
5039
7828
5177
5799
9895
4350
2395
5654
2636
