2109
0
-9460
2489
9731
5110
9009
1877
-8044
-7182
-2033
6647
4238
296
-5271
7129
1166
8563
-1307
3071
1770
-5265
741
-8377
-3602
-9316
9667
-9074
-8754
1390
5930
8965
1202
-2120
5394
953
-9594
8453
1681
6113
-9243
-6560
5750
-2075
-5550
-9391
6770
-1060
1404
-572
-960
-5547
7786
5416
8494
2435
9376
7296
8981
176
3104
-7610
2800
-2703
-3318
6437
1138
-8498
7264
-2389
-9602
-7532
-3402
371
2896
3477
4769
-8944
-8707
-8985
-7706
8705
-2412
-1579
-9327
-5052
-2274
-6251
9445
-2032
6243
1920
7870
-7988
7707
968
-9029
-45
8320
4534
515
-3919
-1428
-1563
-2057
803
-33
1346
5865
878
9735
9131
2085
918
-1744
-7021
-2145
-8162
-1149
7438
-7758
-7674
7737
-9533
-4402
-8707
1139
31
8392
3256
3295
8685
-2840
-2918
-1552
1781
-5686
482
-156
9267
9643
-5180
2633
2493
-5072
8650
621
-941
-5498
-4151
2473
-7503
-5473
-3852
-8261
-7579
9507
9685
5879
4077
3146
-8581
1215
4089
-6017
8975
3748
2041
7044
369
7605
7407
9648
720
5507
-183
-6405
-9622
-3941
509
703
6708
995
-9680
-5767
2232
-1141
-4865
5854
183
5416
5013
-6744
-9819
-9497
-8589
9811
-6247
1901
6100
5058
-7666
7042
8547
-9386
3502
-4098
-4336
-159
2573
-7084
3284
1532
-7678
1956
-7149
-4696
5682
-7156
8476
7358
-607
2381
997
6214
147
2819
-4810
8553
5334
7341
3679
3227
7778
-1721
8256
-2034
-5493
-5696
142
6176
3076
6602
1900
3024
2592
2532
9019
3349
7084
-9327
4273
-16
9183
-3961
-8641
-6446
-1572
6845
944
3412
-2125
6399
5916
2511
3451
-6588
-643
2426
-6621
6922
7781
7479
-9448
5394
9074
4404
-4010
7745
-2729
2929
3119
-8403
-7128
-1381
-3507
-3086
8890
-2380
8254
933
3351
6151
5642
5467
-817
-5266
4425
-9819
-5514
-4830
7491
-6108
-2387
-2488
3998
7666
-6673
-7682
-2304
-5718
9815
-688
7826
6776
-3565
-8713
-4196
-3899
-3732
706
-3281
7776
-8327
5244
7763
-1554
-2906
-4660
4693
-1958
-4516
4937
-196
-4330
4952
-1167
474
1213
9814
7130
2769
-7116
-3492
-2619
3679
-9509
-5300
541
-741
4203
-1846
-5221
9266
-3380
9559
-6817
-6582
-2930
-8220
165
467
1024
6770
6159
-3075
-2400
-4250
-1377
2511
-3151
5495
4155
6408
7343
5210
979
-8125
-1188
-1517
-1390
-8118
-7572
-8305
-8157
-2530
866
3418
-8464
-3336
-473
-7675
562
-6924
8907
-4885
-5123
-6300
-5731
-9581
522
-2838
6886
1941
1958
6308
1704
-4836
-4467
343
9033
-5036
-2339
9844
771
5
7704
-6475
9927
-4401
-2787
3745
3832
-3095
-1341
8745
-7698
-2856
-9045
6505
6581
1094
1318
4909
1132
-2647
-2675
-8362
-9864
-1759
6891
9857
-1373
-1882
4221
-5242
-6651
-3507
-8982
-3732
-3306
8587
2822
-2215
-9546
142
3928
5912
399
-8348
-1966
8346
-7803
-7913
-2828
4951
-7729
-4281
-5908
8403
9488
3277
6796
-15
-8660
6003
-123
-7920
3827
4615
7794
4614
4552
6501
-8849
6355
886
9941
-6995
9993
-3235
2579
9880
-665
-9013
-8815
-9104
4146
5466
2003
5606
9510
8647
9952
4677
9101
9174
-4940
8727
-405
-9434
-6918
6206
2624
-5897
-7704
8274
-7283
8184
-9311
-3698
-3254
-7670
-6327
1980
5588
-5982
-1813
513
-3819
-6834
-6155
-4072
-8613
5995
5319
7931
-4231
-2921
-7336
1986
8108
2216
8497
-9217
-8434
-9715
9832
4508
903
-9704
-7946
-418
-6143
-3694
1776
8202
-3931
3729
2561
3542
7752
-6335
-8003
5715
-7965
3228
-8008
-6699
-8152
-8274
-4281
-8631
6978
8201
2727
-8053
427
1079
-9534
1729
8762
3576
-1059
-310
-9276
-126
6772
-8927
-970
8997
6866
8829
8884
-4581
-231
6580
-624
-7721
2652
-9183
4632
-4801
-1385
6586
-9807
-9421
3488
-6796
8068
1804
7093
-6100
-2900
7886
-6202
-2982
4692
-13
-5985
8837
9276
-7275
120
-9412
7269
4023
9442
531
5081
2191
5021
-6460
8797
5929
-8055
-7775
3449
3751
4361
7967
332
-9958
-4475
-284
9973
9939
-5963
7031
5467
-147
-1630
-4539
702
1591
3721
1748
-194
-6531
6672
7005
6067
-1725
1526
-1660
-2545
-1676
7847
-7089
-3199
-210
-2806
-970
-5520
-2557
1417
-1171
9296
5517
7054
-6909
-6875
-8016
-9685
-7235
8704
9713
9669
9228
7762
-4642
6908
9293
-6140
5432
8152
563
-5820
-3499
-4773
479
7998
-638
7666
5477
9152
4604
-8619
-2285
-3934
-1020
4516
-1887
-542
4211
7586
2013
6257
-7713
-8057
-1061
1031
-3796
4842
9247
4429
-3696
-4736
2360
-4138
3374
5345
-2960
428
9053
6994
2412
5688
-7239
1564
-2449
-2012
2699
829
7093
-9407
-3154
773
-6102
5967
145
3352
-6400
-1347
3645
-5782
-5922
7858
9793
-8613
-2893
781
9929
-5658
38
-8360
7656
-3619
7179
964
6764
-4981
-7556
-3991
-990
-2803
4156
-2112
-5060
-2075
-2119
2706
4406
-269
-3207
-5931
-8136
-2356
-859
-7692
-7650
1046
6597
-5633
-48
-8433
7342
4484
231
-4620
2107
-5932
1689
-5620
-8315
-7481
-5229
8653
3214
-8527
-9297
9039
1718
-8272
6452
-2183
-3378
9342
-6946
-9224
9632
814
4040
-1162
-2964
9220
1495
8095
-3297
-7100
9392
1274
4704
-8770
657
-2969
-8682
-2380
-6861
-8696
5581
-4688
-8676
-3590
2676
-2910
1956
-9794
8090
5080
1311
3722
-5944
-7260
-2024
-5819
-803
-2559
-5307
-1383
9478
3651
-9129
7853
5812
5213
-3280
8368
-1024
-1422
9059
5999
5132
-6712
-9211
9160
-8000
3475
-8771
-7954
1344
-3750
3520
711
-2541
-4901
-2275
-5287
687
9003
7510
-2900
-5961
-2051
-941
2810
6794
7951
2431
-8730
-7316
7507
3224
-2374
-9450
7697
3155
-2492
3062
2235
-2430
4786
-7542
-3101
-9545
6085
5143
-4908
8713
-6552
7969
5408
3675
377
9452
6097
1941
4059
353
-7572
-1351
7
-9994
2635
6453
-6951
-1893
-8831
8749
4599
8872
2640
5258
6692
3044
77
3179
-6804
-1498
-4794
2737
-4289
3128
7894
-3833
8872
5138
-7861
-2900
2691
3104
4081
-7220
5303
1256
-6066
4915
3847
-2653
-1517
-1869
2470
3632
-9963
-5766
-1882
3724
-8816
-7202
-9063
-2685
-4581
-7241
-3008
-7611
4972
4278
-8920
8146
8171
-7383
-52
-2518
-7725
-5239
-6945
1837
5265
1693
6751
2120
5795
1688
-6195
-3800
-9593
296
7245
3164
-5837
-6747
-6932
-4601
-5926
1710
449
-1032
8450
-1445
-439
-4154
2770
-2437
-9193
-3518
2604
-5545
9769
6634
902
2076
8042
-8256
7594
3553
-1684
7085
5709
-8490
7692
-9647
9939
-1809
6816
5604
3248
-4587
9500
1038
7440
-8862
-280
-8093
638
-3528
-4892
8372
-4024
2406
-2241
-8715
-2183
-6373
3515
-3671
4269
-1950
7717
-3926
4089
-8742
-5220
5668
-7378
-5881
-3331
4968
9462
7960
-5043
-822
5929
1627
-9788
-695
2616
2080
2436
-5109
9485
1356
384
-4291
1138
-4980
9667
606
9585
-7034
-9719
7351
-3968
-2133
-91
-2724
2957
-7000
-1621
2349
-4160
9959
-5841
-8828
8772
4747
5118
-4198
-9986
-5014
1206
-5617
2784
5313
-6051
-1932
5125
9798
7783
-3354
-4909
-9130
-763
-9680
245
7045
6406
-3750
-9139
-9363
9072
-4515
932
-3342
-5241
-6797
5296
-4132
1498
8808
5123
-3355
-8333
-3969
-9416
831
-9594
8388
-7914
9991
-3682
9966
-1269
2649
-2222
8632
-5041
-7591
-5607
1600
7810
8647
5584
-5045
5366
5093
8265
3648
-8393
-134
-3658
-1554
-6554
5220
3497
6743
-8912
-6708
-5600
5051
311
-7918
-7257
470
-1305
8761
4304
2146
-4287
-539
9613
-9434
4204
-4942
614
-1640
7541
9588
-955
-7822
-678
-1250
5056
8287
-6178
1614
-4114
-4385
-4752
-8938
3974
-7459
7543
7259
6006
-9091
3850
-9479
-4019
6383
-1672
-5707
-9332
6629
-6692
-6761
6133
-8293
-1897
161
-721
1006
9999
8125
6935
-2278
-9151
7861
-8882
-5739
8718
3892
-6256
-9302
2133
6957
3963
5569
8558
-1161
6361
-4062
-8067
8323
-9044
-8362
6691
-1955
4756
1163
6220
327
4215
-2698
-2912
-7259
9574
644
1295
-9859
-3790
-5031
-3960
-1699
-1499
-7347
2670
1861
-2378
-3265
7485
329
-3437
-1888
8174
-9052
1648
9841
-5627
-1472
1159
-5892
9733
9957
-9183
-8292
8496
-1520
-6990
7199
8634
1406
1091
6160
-70
-9574
-7116
8436
-8044
-4686
-1827
4438
9361
5765
4261
7905
7088
-7032
1757
7666
-9280
-5947
-7896
-9897
-1244
8674
5644
-2260
4688
6567
-9279
4055
-4034
5295
3825
-6194
5384
2054
-6894
387
-76
-2040
2005
7749
-7337
1961
-6391
7744
9220
3035
-4843
-799
6867
8717
-8214
1920
2219
-127
4007
7175
-6236
2753
1285
7509
-7294
-8798
-5295
8062
288
8560
-7569
4203
1683
8005
-753
-2387
-5713
-5424
1269
-8110
-6819
911
-9831
-5971
7986
8833
7185
2848
-9275
7035
-299
-2076
7190
4812
-3167
-4262
2967
738
-1878
-3266
3888
-5960
-3403
2966
7246
562
40
1353
2594
-5296
4542
8278
9856
7754
-546
3029
1743
-4368
190
-4283
-5807
8004
6892
-6124
6335
4575
735
-7079
-9442
2784
6990
1622
8210
-7742
-7505
-4957
-7947
3638
-7681
1651
67
6463
-4144
6947
-7965
4230
5737
2440
2656
2160
9524
752
2733
-5139
272
-7934
9139
4491
6127
9539
1642
3441
-244
-8904
-2560
-9064
-9500
1482
4377
4982
1038
-728
-501
4659
-8077
-4761
182
-5824
5050
-986
2121
9101
8055
-2208
-8248
-1082
-7630
-8843
-5034
4366
6016
396
2256
3891
-7624
-3694
-9779
4741
8527
-5091
6577
2511
-8578
-7005
-3722
-3043
-8965
-1060
-6381
-2893
9689
-2493
-411
-5830
-6084
5468
5576
7899
1207
-8071
-3011
7948
1026
1996
-2362
2973
3649
-8347
8079
-6791
7462
-7306
-8213
-5523
-2684
2688
8170
376
5842
7259
1161
128
217
4685
1303
9642
-3795
5108
-7928
722
8100
2454
9842
-9311
5017
5718
5330
8344
-8539
-8972
6682
644
-1147
8342
621
7112
-6816
-1485
7065
-5024
-7799
-6297
-8331
-3843
3479
-5281
6252
-1898
-5040
3377
-20
-1386
-4476
-7092
6885
-8920
6593
1462
-598
3912
-9250
-2297
-6221
9408
5934
1861
9747
3745
8135
2962
-3871
3744
1286
-3867
-6983
9598
7228
-3971
6333
-6443
6073
-9106
-7035
2289
9335
4670
6848
-193
8923
4854
-9852
-1376
9232
3991
6104
-3353
-7485
6606
-8761
-1387
4831
-6255
6042
4498
-2722
283
-46
-8866
-7068
1130
-2651
-167
3022
-4815
-9627
-9179
1408
-8569
-8679
5697
-9413
-5608
5938
-4887
38
3703
-953
-3124
-3370
-8089
-5291
-5580
3405
-5511
6410
465
-6100
3084
-4274
-4145
-8649
-495
268
2874
1236
-6870
8494
-8609
5513
-8489
-7770
9204
2228
-2108
8004
-3950
7688
-3151
7895
5211
-590
-6331
9223
7906
-5269
-1862
-6990
7076
2028
-1345
5629
7216
5983
242
6658
-4101
4763
3734
-3987
1566
2253
-2176
7623
-8869
-7171
-5360
-8497
2735
-505
-312
5727
3318
-3843
-2956
646
2389
-71
5966
2370
326
-533
-7936
-3564
6315
4328
3073
-1981
-1333
6266
-7403
-4244
-9453
4919
7194
-5434
1090
8238
-5926
-5804
-7938
-7492
-5278
-998
-7881
5672
-3711
-6293
2348
9532
2108
4654
2649
6800
3638
1469
-1409
-3639
-1593
6738
3381
5990
6996
-6699
-7371
7764
-4066
734
-970
-7922
8623
1098
-2804
2944
8073
5040
371
-7196
-5048
-5133
-2379
4954
8446
1969
-8054
8024
-6699
1130
1548
-2303
8312
1486
-4102
116
6413
1208
8516
6048
-6359
-2864
-5640
-1810
-7944
-7772
8854
-7264
-9818
-815
-223
-6682
-4227
7849
-2926
-5351
-7136
6684
6643
7595
-1771
-5953
6210
5913
6591
-6517
-1361
3536
4255
-9377
3023
-743
4342
-2866
-2485
-5339
-9029
-2941
1032
4037
-9326
-5359
4927
9362
3394
6825
-7953
5708
-6529
-7864
-7019
-1770
-7581
-8562
5842
-1137
2063
9245
991
-3519
7329
-8548
-9061
-6450
4095
-6307
-1783
-329
7835
-7116
-2931
7012
-4593
275
1078
-7508
4812
-2601
-3078
-1247
5634
-698
2715
-627
-7270
-8534
-3649
-2168
1576
-1443
-6426
-3588
-2084
-3984
8701
-5615
6048
6976
2858
5142
-7810
8287
5645
-9576
-2224
7067
-4888
8154
-2882
7604
-7316
4567
-5065
-9541
7222
-6478
5779
7808
7309
57
4863
5177
-2913
8670
1263
683
3784
2589
-964
-8305
8762
689
-1215
-263
-7956
4914
9927
-6726
-4500
-5245
-9605
-1002
-2269
724
-5128
-34
-4992
-8660
5012
-7263
7662
-3962
-1313
7834
-8448
3484
4564
8445
-9800
7947
-181
6119
360
-3513
-7257
-9736
-2751
-1142
-683
5750
6526
-5161
1442
-8621
-436
-7370
-3676
-221
-621
-7043
-7276
7718
-7017
1957
-6320
-563
-9713
-116
-4136
-9904
-1207
9855
7898
3412
-479
2209
7100
4016
4661
8588
9209
6125
-4318
1918
-17
-4818
-5485
-5179
1535
-4160
4270
-1158
-1860
8851
576
-8784
-5196
-9791
-8005
-8478
-1610
-7099
9190
-9267
9546
-1389
5659
-846
-3743
-8166
2720
-1208
-9776
6316
6109
1172
-2244
-7133
8982
1606
459
7576
1048
2975
7453
5669
6985
81
661
9414
4660
-6648
8968
8237
-4113
9080
4852
2357
-8245
519
-7525
6524
2179
6852
8036
5072
9688
2503
7557
-3826
2894
4901
4510
-902
-68
-1483
-3470
-3809
-5620
4167
9487
-3105
4825
-3101
-279
8833
-2315
3530
-4939
-2627
-4162
996
8913
4435
8966
