6292
1
-7088
-8218
9546
7201
8838
1430
-6291
7316
-96
-2857
4864
-1801
4099
4169
3112
-6052
-452
-3754
8453
-4052
8132
3280
8213
9670
8947
7101
-5616
6014
-6997
-3363
-7762
-5687
-2184
-6297
4740
-874
-9954
-3646
9557
4107
3987
-318
2154
8779
-1112
-9372
3909
5061
-758
3856
-3491
9649
-2605
1355
-9957
-3731
-2913
7797
-3931
-8285
-100
4930
4875
-9023
-2826
-8477
-2726
-1022
-6419
-7519
5960
9877
1280
4369
-3747
3936
8044
1524
-7721
6907
5162
1607
9375
6650
9000
9875
1655
-422
-7043
4270
-2501
151
-1693
-6477
-1701
8781
-172
-7303
3428
-969
9736
-9800
-2415
-2226
-3781
-1620
3797
-334
-1605
-6611
-719
-132
3322
-1704
4364
513
4171
1640
1641
-7999
6503
4031
-9846
4275
4308
-2265
9335
2504
7854
6250
-6892
-426
8003
-1949
-1628
3101
-8061
7921
2426
-2353
9325
5925
-5816
-3082
-7195
-4099
4884
1087
-5911
7948
5433
-5931
6819
-1195
5435
-6856
8131
-753
9910
3561
-8740
1598
-1244
-8651
-6004
-2017
640
6996
5624
-8447
-3521
4511
-6370
-9135
-3446
8619
-4068
4132
1580
6751
-6996
6472
7713
2737
-7594
-559
4631
-7094
-123
-9875
2235
2563
-6402
9106
9226
-2103
-2622
-4728
-1980
-7063
-6075
-9578
-9020
-7910
1562
4694
-6946
-6748
9744
6315
8096
7744
2741
-8022
-5871
4589
6977
594
7548
-6728
1136
4907
8915
-3744
-1615
8614
4982
-2196
-1895
1373
5520
-6599
-3787
6812
-4260
-3448
2837
-5346
6913
-5197
-5104
-2776
-1193
2362
-9950
6106
575
7540
-3362
4083
-5030
7876
-1816
5889
-6764
-275
-8313
4382
3579
-6827
2034
3102
3439
-779
4970
-715
-8822
-9262
-6494
228
3790
1388
8147
9598
-6186
8641
-7292
-4546
2534
6740
-8613
7373
2863
-3527
-2643
-9848
-2498
5566
6013
5646
1830
8480
9755
7709
8901
2262
-1608
-1851
6901
2152
5075
169
1657
8465
7177
8266
-6887
1626
-2928
-4793
-6623
7352
-5814
-6338
-3492
-5122
6754
-6352
2747
7210
-3515
3397
4296
8342
-5678
5411
5855
-742
1796
4559
1311
-8346
2597
57
187
-9084
2212
2667
-5084
5793
9874
-9484
8559
-4829
-1537
-9287
-3589
-9815
-5533
6965
8452
-9699
-3342
-3725
4850
7129
-5455
7849
6763
-156
-2927
1140
613
-9928
6237
-6233
-181
-8364
1982
-91
-2183
-6878
-3990
-4831
1849
8494
5768
2519
4553
16
-2689
-8131
9519
6353
-8340
7794
5267
-9622
6457
-5891
-8588
7814
-8037
4571
-3690
-8512
8229
5798
365
7812
6489
-1701
1545
-9498
-9470
8344
-74
8551
2898
1992
-3278
-7498
428
-4860
1333
4101
-1667
-725
-5898
5274
5499
7311
2913
-8888
-4521
-2817
4639
4712
-3107
3279
2052
-2807
-1484
9393
-6789
3428
-5102
3289
8839
207
-1498
3807
9359
-5117
-9848
-4190
5612
2316
7976
-6733
-7032
9368
2003
4374
-7215
-1729
-4646
1456
3624
7160
2899
9159
-82
-4851
-4243
8598
-6180
6549
-961
-5971
4642
5320
-4645
-7747
-8280
9016
1971
3560
3131
4627
-49
-8234
966
9908
-1870
-4925
-9882
-8767
463
-9420
-9852
-3240
-1195
-5142
-5214
-5150
1747
5114
1624
7389
347
-6375
7607
6004
2985
-7495
207
1312
9839
6440
5869
-708
9445
460
-5840
4607
3554
-2814
-8457
-3010
-9404
-2362
-5331
-311
-3817
-8402
-4743
-8142
7980
6247
7883
5533
1649
-127
6522
-1443
5191
3271
2784
7026
8586
-1270
-693
7997
70
-6861
1174
982
-8860
417
8878
-9663
6783
1100
-1514
9070
-7817
3530
-5305
-561
5586
-3175
5150
93
1028
5130
-3354
3755
-258
-532
-2277
7629
-2250
-2324
8601
3408
-2738
-3762
2083
8639
-3648
7296
-1652
6895
-1512
4587
7998
-1878
9597
-7771
-4671
3527
-6305
-6119
-1097
-8659
-717
3518
-438
6356
-3431
-2779
-2262
8859
-4480
-9309
-2046
-5155
7567
6131
8131
-5286
8565
656
-1984
5977
-7715
-2072
9984
1257
5577
5283
2053
1684
-6907
483
7709
-6773
5002
9501
358
-2670
-9541
8399
8490
-1696
-4259
-3405
1466
-8923
8441
-140
1585
-9670
-267
9826
-79
8157
9970
4839
4477
-5143
8317
3401
-2403
4766
-433
9252
2348
-6754
-5497
-5162
-3374
-8428
7770
4855
-9289
2843
-1617
589
-8412
1515
5165
-7491
-9661
509
3968
-3905
2909
-822
-8784
3405
-9247
6878
-5003
-4885
8657
-459
-1927
8067
-8883
8420
-4541
-2135
7476
-774
7850
-6950
3346
6257
-5493
-3019
2359
4359
-1357
8447
4995
-530
-5133
4727
833
3715
4735
1889
-6647
7280
7995
711
-1554
-2157
9907
8934
8932
3475
7560
1217
6331
5272
3145
-127
-1193
8086
1641
-8848
-1008
9341
8724
4049
2138
-6463
-1344
4010
-3107
-97
-1440
-4077
2859
-8616
-5293
4584
9124
6886
-9578
-9801
4383
-8286
-2825
-4839
-2717
-4814
5041
-3220
-5370
-758
9906
228
-8618
7704
-6525
-6791
5705
-5669
-75
-7990
-7772
-43
-9623
7720
7333
-9928
-8015
-806
6345
2975
-2695
6664
2107
4406
-4715
-9907
-736
7898
1702
-8583
2627
-7595
8211
6697
4965
2725
-4854
-5007
4861
-9495
7483
-9776
-3848
8542
-8410
-4803
-5588
-4205
-1055
-3355
3920
1131
3886
5470
-6932
9876
77
2677
9151
3436
-60
-3660
8476
-2092
443
7250
4365
-2657
9336
-2463
7393
3565
-99
3353
3366
4681
7072
-9796
-2003
6406
7478
-4869
-3441
-5803
4732
-9239
-2110
3610
-7766
3249
9255
-3237
-7884
-4956
-8675
-1558
7231
-2903
9997
-9092
-2198
6793
-8597
-3877
193
-4027
9246
313
-1846
-1035
-3625
-2760
5732
1085
-5843
-4522
1345
2647
-6522
-7526
-6266
1508
-7725
7614
8553
508
215
4861
-8766
7896
-4087
-2646
5995
8816
4765
5431
9488
-5637
8341
-3496
7842
5800
1477
2861
-9654
-4576
-6599
1573
921
-2356
-2744
8804
-4482
-4946
-5833
-8837
2237
262
366
-3943
-8221
-4149
-6649
-790
-2694
8742
-2875
-8726
-8011
-6162
-7904
871
-1359
-1828
-3304
4829
-2215
3405
266
-5799
-7223
-3996
7419
-2985
1616
-9731
-1138
2362
8222
-8961
4302
7128
-4709
-9155
1502
-3611
7097
8692
-7608
-1150
-5422
6562
91
-4420
-6512
-3055
-2601
-2046
3601
124
-5012
-4326
-2819
-1267
-8605
-5673
-5167
3313
4200
6135
3939
4844
-160
4483
-5842
5500
58
-3507
-3361
6237
-7777
-1021
814
-502
-3987
-9874
-151
-2838
1831
-3735
-2977
7867
5205
1694
-9587
-6989
-2536
4034
-5031
-8203
7630
-5199
788
-5357
-2109
985
-5860
-6132
6235
7272
4836
-3184
-3785
1697
-7883
8688
-7764
6958
-5503
-1686
-2181
-8505
-653
-9388
5087
-855
-2813
194
-7983
7753
8237
2277
8327
-5527
4453
-8310
-1636
-8933
-5367
-8110
3441
-9422
-2112
-8938
9240
8177
2712
1224
9128
-9391
4775
4742
-3657
-3988
-282
-7935
7294
1538
-9090
5913
-5045
7822
-4122
9648
3400
9759
4778
-1015
7727
-6973
8308
-1907
222
828
-2692
-6374
8971
1904
-8004
5431
-5573
-394
3693
-6105
5740
-674
9685
-6977
7447
6233
-37
7140
-6638
6706
-468
-6228
9013
-8412
-9298
-4973
-4074
3591
6119
5104
-8287
4644
-9799
1895
5028
-9111
-8043
4794
-7071
-1333
7294
8260
187
4408
-2603
-1047
4822
8745
-1691
-9323
-9300
4802
4551
-1267
7337
-8365
-5567
-7209
-9735
4841
-5585
-6583
363
-2632
-9241
4235
-9039
-3406
-9723
-5679
1215
3112
-2403
9085
2476
-9876
-6045
5854
9910
9453
2703
-6038
-2373
8038
385
-5392
5389
-1596
2945
3210
9903
9961
-5263
-8653
-1892
7047
-9115
4002
8917
-8781
-5174
-8136
9602
624
-1972
-4600
3727
-3515
9298
6941
-7290
5128
-6120
-8143
8078
-5353
-9390
3443
-656
-8489
4806
-963
7048
5018
-6320
3951
-7623
-127
815
-3834
1501
5263
7035
-1599
-7833
290
-1501
9610
491
768
3872
7867
2756
9817
-8867
7343
3413
4953
3395
9766
-1544
-8102
3163
-609
8220
-2037
1910
-2344
2786
9384
-1260
1166
7976
-9878
-8522
-1607
-8314
-2476
1411
-5312
-2681
-777
-6965
7743
5662
-5666
8861
-4722
-4699
-7080
-7220
372
-2492
5019
-253
9425
-2754
-8262
-7219
3966
-9258
1835
-7156
2695
-1294
8753
-6769
9575
1550
-6331
-6724
1535
-5504
4070
-165
3881
6586
-6357
263
5846
4121
-2758
-6904
-4958
-9200
-3707
-1941
5961
-7041
2902
-6623
9519
7341
7034
-9673
-7060
1096
3138
4852
9475
-1703
-2232
7157
1304
-5546
1685
6783
-146
-9186
-3089
2816
2134
6394
-5442
6546
-4945
8612
-1446
-6531
4191
1106
-4756
-7683
-9242
-5576
-8233
-8584
-7333
5109
-3334
-1855
-1068
-2095
9057
1616
-4741
-3471
-2809
-1536
8419
-2578
7260
5676
8582
2401
-2201
5757
-6925
-2839
2109
-1144
-9214
-4504
4368
1731
-6211
-2286
-7876
7876
1694
3164
-7693
-9261
-1531
8671
8745
241
-7397
-6594
8406
-7054
1426
-3665
4060
-8363
-8857
-6546
2165
-4578
-6883
3210
1302
-9934
-3512
-4884
2838
1270
-9185
3002
1981
-9494
-5487
-9051
-8676
1727
3050
-1813
-7946
-4284
-4846
-4992
-4390
1987
2810
5264
-7600
-2888
9727
1120
5753
-1927
-15
-6285
-5238
3236
-2853
-111
-4378
-727
843
-420
-6539
9514
2202
-7812
-810
9281
-6788
-6075
-7202
7318
-6104
-3754
2739
-1099
4755
-1481
469
6919
-4749
-8680
-5224
6812
4368
-9196
4939
5298
4451
-9331
344
1105
1575
-1248
8358
-4298
-1798
6329
2479
-8908
-8154
5642
-7298
7075
9509
8345
-198
9758
-4477
4485
5602
-9996
-9050
-9493
2837
-9501
8860
-5947
3497
8044
-9424
-4433
-4153
-7527
6059
1984
4715
-2477
-5320
-1997
-4896
-7290
-5723
-4503
8966
-5122
2863
-1618
-9082
-5609
-1082
-5526
5806
1382
5786
3435
-7053
-9197
2492
2545
-4041
-2467
1808
-2832
6218
-9956
3700
-8025
4431
8059
5574
-6103
-6454
-909
-5274
651
-7546
2878
6519
8585
9065
-304
-4624
8209
7637
8824
-4652
-9449
-8408
-7512
-5133
-8672
8034
7444
4074
3815
-1504
-9280
-5050
-203
7183
-1906
99
1952
-3129
-2264
7366
7756
-498
-400
2248
9314
7485
1454
7786
3214
-6733
270
6577
-7707
7631
-5133
-2225
-8275
-6775
4907
559
-1418
-5631
8453
-6736
8282
6099
8297
2611
-963
-8771
-3167
6181
2427
1685
-2768
-7245
1450
4318
-7157
8958
8289
-1731
2302
-719
-171
1590
-9304
7511
7941
5281
7271
-8961
3519
-5483
2716
-9313
-6597
2285
8858
-4148
-2012
9847
9755
6245
1715
6659
970
540
7256
4946
5268
3141
172
-1857
2726
8953
7595
-1008
-5672
-7947
-1956
843
-1506
-1754
4834
-3151
-109
8966
-588
2029
3521
-8259
-8323
3498
1840
3230
7631
8528
-409
-9607
-8790
8678
-1486
-377
-9892
9216
-6183
4459
7898
-3557
-9793
8036
-9567
-2400
9004
-3954
3666
6822
-3217
-8392
2813
139
7142
7621
6001
-4177
-2352
6353
-3556
4812
-7466
3619
5285
8196
-7707
-9908
4928
4621
9159
2425
7086
5589
-3126
6616
-7490
-8122
-5571
911
5248
-9611
-9958
7310
-1765
-404
853
411
8732
-8001
5988
8086
5769
134
6022
7761
-3457
10000
-6785
103
-515
1569
7818
-2378
3721
-2863
-7713
-3905
-274
1854
3455
-1156
-9880
3994
2839
7526
5531
2327
5239
1940
-5068
2080
-2531
8871
6974
158
7452
7508
-8614
5572
5650
6427
-6988
-2338
-4999
-6648
4134
4587
-1659
-8852
4722
9351
-6196
7332
2160
-1011
-3976
4619
-7356
1029
144
9123
5229
7223
2115
-5113
-998
5373
-3352
1675
2391
4608
-3580
-9096
5542
-7537
3417
6891
-8731
-8647
-2638
-8701
-9355
-5559
-802
-1690
-9024
-644
650
9713
-1367
3358
2311
7568
3284
2682
8414
-947
1898
9905
-1987
1202
-3761
-918
-3617
2636
-3137
-2839
5067
3740
-7978
-5691
2025
-9095
9783
3865
4591
1985
-8637
4691
1845
-4123
4653
-7816
-4389
3683
-954
-162
-8222
9423
4380
584
5895
8691
8655
1538
7004
-9966
-9682
0
5703
6426
4625
4069
7063
-6037
5539
-3915
-9702
-4885
5626
1664
-8550
-5596
-7480
7469
8702
-6263
-5523
9459
-5399
-5057
7597
-9295
-3406
5782
6147
-4407
-2308
-4711
-7606
7633
4959
-2070
-4749
-2030
2030
1068
-2587
-1190
8189
-9637
5703
8894
1405
4236
1547
1686
3872
-9245
-611
3601
1443
-6431
8196
4028
-2050
-330
8151
6717
-8584
-6236
-4223
-3199
-5194
-2277
8259
2509
-9486
3154
4267
7895
8432
-2594
8627
-3798
2177
1454
-9429
1974
-353
1635
-7053
6946
-2639
-2845
1006
7167
2071
-6446
146
-4364
7891
-1756
-5084
6543
5509
3766
2148
-116
-5232
4347
-564
2493
-2005
3099
-5607
4867
-5961
-7324
2268
-8569
-3488
6993
-8629
3387
-5601
-3270
-7176
8928
4431
-9240
-7836
2148
9534
-2648
4315
8796
7172
1331
5006
9434
256
-2593
9480
2467
-3504
8907
2336
1122
-8114
-7066
6850
5045
339
4963
-8531
2330
-7149
7665
-8071
-1974
6330
8799
-6438
-3096
-726
3999
9258
2924
333
2820
-2766
-2471
-5629
6052
-4041
-8107
8039
-2823
-6748
9265
-3421
-5628
-315
-5636
191
-3987
-2294
703
9071
6999
4352
-7792
2182
3946
3699
1805
-6748
-4776
-2492
-1766
-4182
891
-7493
-6646
7281
8539
-669
-6481
-7270
-8306
-37
7569
-6653
8427
8913
3163
2402
-7568
-9442
-9447
-1756
-1167
3470
-343
3939
1524
-3188
-9739
-5614
4953
9545
-1314
5148
-3435
8689
-15
2503
4024
-46
436
-617
3366
-5492
-8371
3536
865
-9349
-8151
3708
-8866
-3744
-1330
-846
6441
-6108
9129
-9905
5917
-3832
-6561
8938
-8910
-1943
-540
1217
3024
2230
1599
-6958
-5236
6592
3093
5109
5641
-4249
-8815
-7679
-7265
-2787
-5659
-4467
-5582
-6108
-2703
-1771
-5412
-3495
-6422
5139
5488
-626
2783
6760
-978
-1432
4585
-4982
-3877
-6534
6948
1766
-74
7679
-7627
8911
-9691
-5099
-2407
1434
5091
-9148
-8881
-5734
5268
-8593
-8557
4596
5531
503
2778
7221
-9608
172
8525
-1083
-6568
6933
-2914
2708
3030
-7100
9091
6693
-7126
9387
-4952
9072
9810
-5960
9668
6336
-1195
-5016
-6480
1286
5428
-7949
-812
7991
5981
-1743
4368
-3444
1127
8074
-2274
-772
1960
-82
-6845
-5788
-1741
-2041
5401
3220
-176
-6508
-3006
4453
-6448
-6168
-9432
-5998
6567
-5186
9836
3841
1629
-4145
-6703
-5743
-8623
890
4315
8235
-3259
2497
-7592
670
7712
2982
-2409
-8953
7994
-7160
347
9056
6805
-4040
-5961
-9686
-4513
-6184
-9026
2417
-2965
7881
-7407
5767
-6344
-1256
-7388
3570
2516
2227
-5337
9181
-2061
-8636
-2691
-3086
-3873
-5558
6340
569
-2750
-4951
472
-9734
-6707
9782
-1155
-3713
6661
-3548
-5679
4416
-6063
-7303
8915
-446
-9403
-3382
7866
-3906
9893
2000
6260
9431
3341
-7059
-7249
-349
-367
-4681
8436
-8954
-5245
-4361
9090
-4874
-8388
1834
-3175
9405
2345
-6374
-3178
-2754
5752
3991
2939
-9122
-7150
-289
318
4530
4507
5024
-2018
-8149
-133
-4036
6293
-7906
1861
-6750
271
-6640
9462
-9326
-9792
734
8584
-7792
-9896
-1908
1049
-8377
2933
1855
-4467
6529
-283
7800
-244
-2479
3071
7315
8731
9297
1323
-900
5703
5445
8440
-225
-5494
7329
6531
736
6540
6674
3280
-9310
3960
-4038
1453
-3652
-6154
6572
-8634
6307
4455
-2709
-8922
-9523
-5065
-6485
-3008
4710
5838
-2016
-6758
-3478
7013
4485
-745
-2100
6456
-3431
-360
7093
9813
616
-3375
2945
-8246
-8388
-8543
-9107
-1001
8304
-7774
-1995
-7410
-1258
-3041
1433
-4271
-1155
4104
6165
-6591
9320
1794
-2911
-8490
564
8594
-3895
2528
5115
3789
-786
9
6717
822
-6498
-2268
-6175
9768
-7327
-2908
7988
1884
-217
811
4885
5231
1348
4119
-3296
-7882
8700
1985
7804
5197
-4689
-91
-9991
-1963
2601
-5814
3362
1422
-7091
-4336
1196
-9652
9693
-6599
-4895
7840
-8957
-2800
9088
-6241
845
6502
4209
1497
-6976
9668
7189
1228
-9555
9553
6466
9424
9965
235
8381
-4122
-5651
995
6592
3232
9433
-5736
7069
-5509
-6151
8306
847
2662
9301
7384
-3036
-2123
-6329
8447
4379
-8128
-2886
1944
4481
-8251
8821
-86
-2377
8040
-4835
-7070
8506
3405
-1474
3645
5345
-5428
9420
-6112
5568
8312
-8929
-5668
-7365
-4984
9118
8609
3491
2706
119
-6851
6420
7595
-1230
8241
-8678
-1865
4225
-8991
-1679
8981
-7437
7439
4744
7939
-5110
-976
2399
-2499
2131
9556
1998
-4595
4358
-79
8331
8320
9706
401
2430
5548
142
-498
-5957
9870
-1631
-9075
5248
1420
226
8389
-4036
4828
3971
-796
-7863
-2880
-3118
-938
-807
-6285
-27
-4652
143
-4293
-6180
-7538
6685
9949
-8232
3671
6055
3557
8132
-7004
4122
-8308
9107
-9667
-1408
7825
-2542
-5373
820
-7985
9672
661
1031
-9270
1050
-4491
-5587
848
2913
2149
-87
9870
9567
4809
-4117
-7167
-6141
-8230
-5381
5733
257
-7087
-158
1741
8807
-8689
2643
-9290
-9697
-6026
-4340
4662
-1332
7427
-1196
-6676
1258
-2308
-1324
-3962
-166
7519
-7538
-296
-6897
-8633
-6322
3473
8119
8443
9130
9571
-5676
-9588
9728
-1531
-7935
-9547
3914
-5145
440
1967
5675
5444
5751
3649
-9290
-4993
-8041
631
5423
6361
-9114
-3540
-9585
-1448
2377
-2693
-6990
7785
7319
5559
4697
-8807
4822
-2032
-2742
2276
8756
-25
3921
-8699
3926
4857
509
-3
8913
8701
9530
-1322
-9918
-6893
-6720
4579
1694
6789
-4104
3971
-1336
-633
8996
-289
-8098
-6822
5553
-6729
71
-3312
116
9422
-5943
-9616
-4713
5681
-6024
-3301
2910
-9621
7218
-7620
9763
-8348
-2644
-7588
5446
165
6538
9778
-8181
-8691
-4725
1170
8081
-3686
420
4273
246
-2907
7493
-7604
-2624
-7070
4365
5069
-1339
-4546
2248
-63
7733
6066
2636
-9706
1667
6790
-9296
-4485
3981
-8504
1681
-6947
-970
4802
993
7839
-8251
-3299
7845
3635
9082
-9549
3209
1737
7351
9304
-9743
7500
-2067
-3486
8752
-3041
-2858
8171
-7675
3450
4971
9505
1185
-1320
8013
9247
-2384
656
-7794
6753
-6612
2565
191
4007
-4894
1392
432
-329
9443
8473
-8656
3556
-6939
6240
8830
2010
2663
-2495
-2908
-4520
-9995
56
-4198
-797
-7562
6586
3151
-18
-6594
9226
4331
2979
-2300
-2239
-1593
7940
-7120
9568
1006
7284
1494
9711
-5760
-3567
-9290
3422
6638
-5324
-9808
-2756
67
-1608
6003
8660
4108
-4279
899
-2829
-6453
9743
6558
5043
-9779
4285
6808
3044
7414
3365
-3263
-7865
6148
8832
740
-8045
9651
-2492
9264
-3437
2178
-3308
7604
-9755
2896
7190
9266
389
-5916
5988
-7798
6200
-5488
1344
5076
474
-8378
-1372
-3861
-2997
-9637
7995
2178
1992
-9426
-4297
6080
6473
6571
-4079
-7175
-9513
6651
-3112
9153
4725
-8252
-6849
8541
71
6333
3830
-865
-1808
-2292
-6085
9642
-2102
-4193
5739
1591
6904
-6441
9860
-6735
378
-4468
-5407
6502
-2320
-8315
-6231
3724
-2535
-4017
4125
8048
-6845
3908
5748
6037
-1871
7697
-7417
4530
2896
1937
-4023
2350
7421
-7372
-2610
-3251
-6438
-4346
-9629
-1940
-100
8465
-3397
-3245
-8143
9910
-1295
178
-2619
6000
-5780
2716
5623
3009
1838
4847
-3345
6015
-9573
7476
-5105
-3960
849
-698
2095
3454
3231
-5121
-3809
4029
-5892
1586
8926
-5257
7163
8573
5258
9456
-551
8500
2874
-9479
-6390
1526
7762
-2587
-7440
2823
4582
882
-6754
9757
-1796
-3524
9351
1290
-7891
7167
7306
-1646
5540
5621
4392
9182
6939
1801
6151
-5800
4191
-8511
2689
9683
9862
-8672
5620
-5775
-5234
9684
-4231
8458
-1290
-8602
6456
3173
-7490
2708
2793
7941
9943
8984
-7860
-6837
7185
1728
-5490
1158
9236
-3261
-6231
2044
1420
-990
1032
-4622
2261
1906
-8591
2006
8911
-18
-1205
384
-3426
-1813
-2707
6466
-8316
-557
6363
-6768
3601
6245
-5938
-3086
8083
9926
7613
-5730
3536
-8744
-6942
-748
-9576
-9689
-4539
8115
3299
626
5289
-4665
6882
-982
2368
-2274
-306
1727
-2225
-7804
-4514
-587
4506
7963
-4971
8848
689
4996
6162
-6818
9221
-278
6830
8370
-1188
-5256
-5241
753
7223
5543
-2844
7369
-1745
6053
-7934
9735
3458
9006
4990
4828
3476
-8794
-2650
8053
2204
-7818
-5696
639
-4592
-3998
3162
6707
3275
9141
9129
4421
4237
-9769
-8965
-7542
-1569
3922
1455
-685
9094
3356
-1192
-3586
-2874
7266
-4336
6751
8965
6570
-4416
-69
-1798
-5330
-661
2285
2580
3035
2242
3214
-1797
9391
8043
-4797
-6081
-2889
6360
-1220
-7892
-3863
-1230
-384
2107
3343
9624
2819
9015
3111
9740
6704
-8161
3815
7833
-5968
6394
8400
-6360
-9732
7114
-5100
4161
64
6527
9853
-2520
-8212
4880
-4064
930
-3765
45
-4366
1084
124
-9984
-8056
-8630
520
-7607
-9083
4704
-6949
-9776
-7390
3223
4711
8238
-4323
-8883
-9431
-3582
-5831
9687
-8388
-1598
7810
1415
8330
-2233
-8997
-2950
-1828
-1383
9293
5136
3087
8082
3166
4215
-6536
1767
5944
6243
8852
8076
7366
-2910
6886
-2213
545
5423
8474
-5620
-8676
6789
-8289
-5368
6566
-2955
7361
5076
-687
-9567
-7663
6197
5
-1061
-3047
-1076
-5434
6561
9479
6824
7886
-320
869
6141
-9186
-8696
9437
2362
1454
6832
7403
-2626
856
-4840
1226
-9600
7913
6231
-2338
-2024
9969
-6974
4713
1119
-4797
5732
-280
9717
-478
8038
-158
1127
8904
-7661
1551
-2962
-8676
6108
4778
5421
-2785
6154
7387
2595
-2465
-478
8690
8775
1926
5855
-3239
4163
5648
-3727
5334
-6276
3938
-9590
6637
-6083
-4134
-89
-1295
9561
4133
1901
4714
-8519
-3233
1808
-3702
1453
-5344
-3517
9277
5729
934
1455
8126
4760
-6905
-1315
2930
-8792
3821
-573
-4518
7230
1635
3106
8412
-2582
-1723
138
-1553
3582
304
-5055
1151
2834
-1326
-3304
-536
5471
-9713
-746
7092
5845
-1388
-4401
6322
9391
-6899
9531
-9502
-7672
-1077
-4325
-3025
9527
-1291
1967
4328
-4491
9777
-9670
-8564
9373
-9018
-4441
9337
5524
3522
-6622
7319
-5410
-800
-2322
9736
410
2803
-3599
-3409
9254
727
6214
-9981
-1549
8171
-1905
-1290
-1934
-1688
5251
-7340
9282
-5885
7054
-599
-9400
-6070
8407
3423
4510
4167
-3155
8231
2590
3344
4041
-1788
1423
8629
8314
-2398
853
-3374
-7319
7531
8816
-4272
-4033
-9278
-8202
1735
-1853
9425
-3293
-149
-4321
8239
463
-8297
4103
-607
299
2592
2885
98
-5932
-8702
-9841
-1501
-2748
8866
-8598
6328
6260
448
1500
-9501
2930
-2295
-9448
4201
2401
-3101
4349
-5446
-7721
8192
2055
7372
-6510
1698
7836
5209
-4096
2960
-4176
912
7891
3267
-2290
-4309
8761
-3903
9509
-9034
-5626
2644
6472
-9481
-3312
774
-8791
3933
-2940
9691
-8922
-8677
-2994
7238
3070
3533
-4092
-7576
-6376
-9466
7695
4245
-7910
9046
-1621
9671
7899
8241
-5427
5440
1500
-1236
547
2933
-7105
220
2424
1147
5929
-4009
-2872
6856
2241
1509
-7303
-7783
-80
9119
3232
5470
8556
-1755
-1825
-394
-3624
-847
4198
-6199
-1724
-8513
4888
-8892
3769
4468
-9367
-6068
-6775
-4504
-3799
-5480
-2259
4013
-2055
-7133
-7750
-594
4472
5354
5075
-6964
-1308
-2598
57
-2558
-2632
9015
865
388
7424
7050
9330
3585
-2466
426
7361
-767
5053
211
-3919
-4538
719
6355
-1140
-8471
9979
-4928
8348
8574
7492
4406
-5528
-7573
-3124
5640
-132
9314
-8759
2553
8126
345
6595
4006
1315
3999
4421
2151
435
-1363
5048
-5688
-6222
-6710
8594
-7540
-1737
1514
-5448
-5892
-8841
3947
-5467
-6530
-5778
818
-8100
600
8710
1060
7400
3750
-8235
4774
-2322
8281
-7706
-7530
-9390
9906
-5708
6043
8363
704
-853
2419
1219
502
8307
-978
1523
-6180
3068
657
8939
-2412
-5807
-8398
-660
-3210
-470
-3964
2956
7092
-6809
3437
-7427
3000
2335
5252
-2838
3245
8614
5568
4440
-477
4957
1637
4188
-1654
-3987
-1599
8698
560
-9856
481
5285
-85
-1209
6689
-295
5524
2971
-1594
-426
2997
4865
-6102
-1453
1252
1629
6496
388
6352
-7482
-6450
1407
-2343
6002
6660
4040
-2738
-9945
-6014
-2292
-4633
1639
4217
-4697
-5822
-2605
-3354
4409
-3826
5728
-928
-3771
1172
1457
-7776
-9883
4287
-914
-7698
-8137
9308
-8321
-4441
6773
8547
3083
-3005
202
2505
-1845
7555
1799
6425
-2292
5102
2641
7799
-4379
-8464
5240
9752
6137
-3127
8560
4075
4809
2364
-1889
5900
-7730
8875
-4804
-473
-6880
2206
8031
4712
-3191
2719
1650
-3299
7532
-645
-9766
6163
-4583
6815
-3808
-5963
-1526
-7051
-9536
4002
2532
4891
6333
4156
4031
8432
3112
-8097
2703
9788
-5590
-9069
-8453
-7193
-6290
-3491
-6438
9716
1414
9705
9230
-9117
378
5160
-1966
-8467
6893
-1298
153
-9261
176
-4522
-3075
5774
-9561
-4000
-2500
-963
1972
-1934
376
3626
-9322
2125
-9776
6896
-8152
-5315
-5170
2514
-3838
-400
-8000
-7765
-6449
-8130
-9587
9577
2672
865
7400
3083
6633
-8304
38
-302
-7082
-4504
297
3644
-9634
-2542
-8823
2113
-8710
9989
-2099
9762
7974
-6701
532
-3924
709
281
-5183
441
-7216
3946
2616
5050
1417
-5607
-6896
7306
6695
784
-5831
9978
-2716
-9045
-5157
2753
5298
-1007
-7213
-9773
2081
-9995
-2650
5852
3526
2722
3495
-5701
7341
3516
8987
-900
-3292
3348
6261
-2809
9574
-397
-7595
9060
-3565
-4148
2640
-381
6424
6833
-7125
2011
-1458
-7774
-1545
-8910
3982
-6263
-9671
-8922
734
-8823
-1758
4579
-7430
-6434
9331
199
8580
-4997
-4203
-3399
-7698
6945
-5
4839
3283
3248
9681
626
2947
-1900
7659
-4137
9770
8876
-8890
-6333
-4533
2167
-2325
9022
-8981
-2498
-3449
9477
-6902
3993
782
4066
-1092
-1684
-6563
9731
8862
-9497
-2485
-6044
-2877
3362
-7460
3829
2946
2780
7942
-3492
7780
9340
1339
1010
2589
-4147
4770
-9725
-7486
3877
-1195
-3379
-9795
8080
4303
-4478
-1128
-4192
6871
4277
5532
6744
1070
-6586
5228
-439
5511
7816
1542
-768
-8465
5823
-552
-4868
-8469
-1785
-8925
363
-4068
3755
-911
5017
9676
-3558
6099
7475
5812
-5573
7063
-2734
1282
-5202
5457
2246
-8709
9692
-1382
2322
453
-6809
-2093
-2093
5237
9737
4674
-6624
7510
-9576
2563
1051
3655
-3652
-3821
-5837
-6273
355
-5922
3507
9821
-4703
3814
-2720
-7346
6904
-9081
9737
-2178
4571
-3537
-7616
-989
-8388
-3525
8527
-9055
-2023
-3885
-9333
-6894
-5631
4543
-9408
-5979
2448
-3090
-3331
5660
-8987
376
8155
1442
4044
-1295
6267
-179
-3107
173
-1399
-2141
-7742
8370
-5751
8735
5203
-6106
9387
-3227
6640
-3269
9007
6046
-3594
-9126
-3583
1419
7346
2716
-3683
-1376
2456
-2367
3549
-3047
-4006
1198
9691
-2860
-8395
9013
6823
6926
6372
5539
9568
6261
2077
-6303
-320
-162
9828
9228
-5831
-9611
176
2683
3663
-2079
851
-37
-9704
3589
-2176
-9960
-2935
1133
-7811
6234
10000
-9371
-9229
9665
7359
5735
7018
7675
8128
3706
434
-1402
-471
-6954
3154
5859
8555
6095
9787
9007
-1271
-8669
-701
-9593
3587
5578
1844
-2981
5560
-8366
2726
829
-5948
-9602
7689
204
-346
-7686
280
-9972
3472
-8242
9426
-6446
7398
-5537
603
-634
8348
5406
5429
8728
5524
-85
-5067
869
-4775
-1137
-4475
-4049
6650
4431
-1382
-9350
8277
4562
-4587
-4913
1954
2665
-59
6532
-2141
6412
-2451
8998
-1625
3836
-7369
-4334
-8987
4042
9650
1618
-2570
-5166
421
3513
-8232
-8898
-6262
6110
-3762
8512
-8134
5333
8636
3578
-9767
-4875
2775
-3642
-7749
-9830
-1744
-6802
-591
265
541
8345
-3452
4103
4163
-5561
2258
-4912
1709
8534
-2683
7808
-6881
6376
630
6000
7386
-640
-5964
9308
-4028
5062
-1758
7963
-8526
9004
-2127
3523
5226
6488
4242
3325
7388
3948
4821
881
3765
8879
-7080
257
-4538
6213
8285
-445
-9461
-7548
-6982
2026
-8729
-3358
-7694
-4624
-3624
-1765
660
5222
1651
-5568
-8716
-7685
5406
-6407
5949
414
-22
-2832
4935
8803
1705
-5529
1056
1049
-7554
-1675
-4814
-3747
806
-3504
2631
3012
7877
6312
9855
4686
-3365
9003
3384
-7737
-1870
-9167
8901
-2520
-3388
-3344
6303
3362
-2928
-426
-7737
-9028
-7492
509
6578
-8324
1601
-2475
-2299
4950
-6426
8259
1434
7839
-2679
-6122
3770
4265
7144
7087
-1390
-4758
-1863
1664
-9945
-8663
8249
-2323
9630
-5768
-8829
1273
-3282
-5097
8970
3197
-3136
5431
5677
9576
-1066
894
9572
7171
6785
-6746
6855
6940
-7694
1595
9466
5224
7689
-7627
3050
-4979
-2678
-5436
-804
-8117
-6380
-4352
-4794
5006
2371
-2635
-6932
-5605
8644
-2357
4377
-904
8053
-4161
4417
-4862
-690
-1568
-467
-9335
-1053
-8295
-3237
-1648
-2049
5628
1354
7160
-3916
-1035
8353
-4572
-9426
2386
-7148
2841
-1598
-3154
1934
7579
5604
-902
-8597
3000
-8228
1105
-861
-772
-9882
8616
8060
2662
-7210
2486
6508
-9176
-3285
3513
8174
-8486
-5960
-4908
1096
-5006
-3221
-1127
-7507
-8034
2113
-8136
6687
3740
-7007
-7362
3765
2801
-4439
-9373
6792
-5068
-9166
-1915
3810
5501
2841
-5579
-375
-8895
-4245
510
-9022
-6436
-7245
7547
5749
4382
-8577
-7261
-8366
6866
-5726
7260
1230
6931
3080
1729
-6592
6144
9137
8531
4431
7985
-3436
-4815
-5391
-9381
-142
2363
-1432
-2787
-8722
7219
7706
-1397
-1108
-4876
401
-8178
-377
-824
-46
-5422
7785
5375
6870
4552
7462
-5314
6348
-6605
-6783
8513
3385
1741
-14
1817
-7283
-8845
3726
-6242
-581
-2248
7860
-3132
-7135
-976
5449
-5554
7107
-8471
-8121
504
4535
-9304
646
3845
1169
5593
9559
-1026
9323
-7759
6764
9621
-7217
-5645
-9163
-1389
3329
2803
6054
9373
-986
7455
-6595
-9128
-5496
-9110
-2810
8496
9869
938
8835
-1919
1383
783
-3950
9969
458
6277
5434
9139
5738
3399
4799
-9814
-1973
7636
-3043
-5615
-5557
2968
8208
-3277
81
7724
-5659
7807
2097
4663
5768
9908
7037
7490
-2699
1456
2442
-5071
-3152
1826
-9383
8807
-1043
-6974
8461
-1812
9561
-8933
7018
-7152
922
5823
-4253
4850
-4882
6933
5204
964
-119
9687
-5240
-5115
9945
-9338
6350
1
-214
6386
-2928
-8756
-4058
-3985
5789
5435
-5744
7499
-5498
6552
-789
3896
7347
9370
9642
3893
-3028
6193
4564
-54
-5075
-5070
-9218
-718
9836
-8186
-3462
-3511
-7027
-3316
-9157
-30
-512
3865
-8221
2155
-2979
-3062
1302
-9145
9580
-8125
2538
8599
-7127
-5976
-877
-7309
759
2891
-4135
-1341
8625
478
-4194
-3171
2282
9755
9495
-7000
522
-1097
-1655
-9987
-7280
-7299
-2657
-571
4389
-8854
-9337
-2351
2710
-9656
-9519
7309
9503
6766
5653
230
3340
5770
-6840
4665
8649
5567
-3985
-1421
9931
-4924
6253
-1825
299
-104
8970
-2650
2645
7631
7682
4700
3182
5857
-8273
419
-6682
2056
-6920
614
2961
-9772
-1073
-9162
-9892
7399
6953
-4262
-9795
2876
-9134
6365
9070
-3914
-1486
2586
1503
7423
-968
6405
7125
-6696
9825
4729
-3549
256
1655
3898
-7309
-999
4048
6900
-2350
6438
-6305
-5718
-297
-8047
9539
2018
-8342
-4422
-2232
-4640
-1729
-7505
4974
8794
5806
1679
479
2600
-4860
5419
-2168
4470
820
-4338
8386
2991
5160
6219
3112
4974
-3948
1095
4433
-4107
4361
-5969
-9500
2111
6081
-117
3660
-6038
3704
-484
9915
1038
6294
-6399
-9454
-6932
5046
-3940
1362
-4778
5002
6869
9495
2472
-3051
-4207
-6352
970
1017
-5797
-5371
-7988
-5698
5402
8381
-3365
7809
-8115
-4981
-6910
-4402
1298
5886
6379
4837
9629
2349
-8188
126
-6337
7287
-1074
6664
-9612
8157
9604
-2622
8923
-7983
-8642
-8372
-5946
5056
4385
611
3585
-3846
5053
8324
-9486
578
619
-8791
5652
-8219
8621
-4099
-8811
-6541
-7589
-1480
-8958
7163
-3694
9128
1260
9806
5652
-7010
7162
5775
-3516
-7790
-4619
-4270
-7239
3945
-5707
3655
-6274
-3944
-7602
-7257
953
9382
1309
6523
-829
-1631
6223
6392
-356
1732
3309
441
-7888
-8381
-8882
6081
-5557
7689
-9892
5381
-1841
6055
-1471
-1583
521
-1915
3253
-8222
-1147
-5891
3000
-4515
-2475
-2875
-9455
-9367
-432
-5041
-8899
564
-2813
-1471
6968
7438
3541
-4558
-44
-550
1867
9835
4678
9822
-1158
-302
-6591
3032
3731
4703
3875
2451
3400
4759
-8769
5864
5912
-9157
1721
-2457
-4833
5752
7530
5314
-755
-6078
8601
-5635
-7128
-7348
-4786
-168
4038
-9676
3039
-4923
7181
-4544
9621
9019
-6143
-7962
3267
8825
2244
9748
8416
8699
2942
9178
-854
-8598
-3167
-5980
-4287
-5189
1619
-883
7747
-5486
-5558
9499
8751
983
-9320
9290
6388
8075
9960
7740
2153
-399
3764
-8266
-8549
9714
5803
416
-635
9447
6512
-4199
7438
-4029
7698
-2433
6228
-1741
-7553
965
5394
-3730
9987
-7067
3199
3497
-2457
-9417
2595
3694
4980
8380
-423
8720
-520
-7384
3385
5908
-24
9937
1678
3636
1654
8067
2450
-6097
-4069
9511
-1324
6915
-4988
4205
-7245
-9056
-1725
8865
-8034
-5373
6973
4948
-4068
7993
-8406
-407
1162
2175
2081
308
571
-856
-1396
-9654
9491
7976
46
5020
-7192
-3186
1675
4349
-6429
-9272
-4640
4056
-4130
8323
-354
-4007
8863
1583
-6580
3220
-1369
-9580
-1588
-32
7930
7452
-1981
-5857
-435
9249
2203
-9789
6300
5694
-3325
-3276
6783
-3253
-2575
-2830
-9286
-8734
982
-4609
4132
799
8030
8036
7848
7150
-4185
-2935
-8077
215
-1446
-6522
-9566
-4458
9575
7579
8213
-9357
-7883
8914
4514
-1750
-7020
9980
6042
9599
-1078
8199
8819
-5712
-7088
1818
-3719
3654
-2649
6639
487
-8833
6542
-5507
3871
7582
-4730
-2356
-3554
-5977
-1049
-3597
-6918
-9864
-5764
8056
-7344
5044
9467
8455
2292
7857
-1517
9778
-7805
7415
8442
-7938
-5079
-7562
596
-3734
-2378
7724
7278
-8060
-9799
639
3350
-2169
-5948
8457
-4316
-6403
-7443
3653
-6196
-6562
-2673
270
-1732
8005
4763
2252
2981
2985
7377
1604
103
-5545
2833
8071
3306
2811
-8261
9402
-6583
-8653
2620
3315
-1910
-9679
-9328
3334
-1962
7380
-2718
4785
-2144
6388
-333
4451
6314
-9107
-1266
-7664
-8837
9829
-477
-6289
-1753
-2171
-2178
-463
9506
2564
-6625
856
2365
-6530
-3989
6182
-5065
-9715
9960
3368
-7172
-8778
-4506
7746
4932
8002
396
-81
8208
-6850
-2752
9134
-6833
-3250
-9141
4036
-3625
-6838
-37
7429
-2665
3183
4808
2294
-7565
9314
9835
4292
2790
-8071
6620
-6679
6187
4330
-5382
-5298
2732
-3370
6836
-8012
856
-4691
-7508
5099
-6275
292
-7933
-9747
8987
-7396
-1846
-1521
-1093
-2279
-4761
4626
-1169
8845
5498
-7374
-9483
8189
1027
-8479
778
8138
1190
7231
8990
9047
-6202
3663
-7269
-6963
1056
-2529
-2808
1007
4242
6882
5627
-2452
-1338
6592
-3064
-8808
-5088
-7383
-1970
-2331
-455
-7394
974
3363
-7400
-881
4668
-4922
950
-896
3553
2083
3742
2932
-4424
1545
-1568
-4196
9881
-1969
3831
5682
-1517
2546
6940
-2800
7614
4682
-5890
4528
5743
2797
-4568
5074
163
-7693
4069
-5877
-6079
-8619
7587
4242
-8938
-6025
6421
3969
4274
-4103
-7962
-248
8765
-7585
-2875
1559
3655
-6572
-249
-2074
-9080
8404
-8867
-1358
-5502
-9389
-3984
9869
-4855
7972
-1552
7830
-2774
-8424
3099
7349
5380
-9995
8457
7639
-1961
-4555
-9571
-9415
3624
6670
-5818
2175
8464
5436
8775
-1248
-8825
-178
9028
4100
9552
-339
7178
2007
-3503
-5441
1734
964
-7916
-9323
2756
5399
-6361
8822
3798
2573
9391
5402
-2601
-7194
7033
-2603
5929
-6354
-9176
-9502
-5113
-9811
7104
7986
-780
6977
-1635
5548
-8334
3460
-381
8620
7554
-1242
8696
3882
-8573
-9134
8954
2648
6877
-9757
847
2034
-6694
-9933
-6070
4750
-6745
-1763
3162
-7226
4335
7868
9724
-371
-8890
2498
-2593
-4336
3703
-2363
5944
1370
8405
-981
177
6121
8705
-5136
2789
964
2162
3361
4671
-6425
7155
6160
3279
885
-6983
8704
2133
-4056
3968
303
-4673
3156
-301
-5719
7680
1939
208
-6209
6532
8501
193
-1277
-3971
-2088
345
9233
4287
-170
-2626
5886
9340
6015
9746
-406
8908
9808
-8117
-885
-5862
-7162
-9544
-9030
-8195
-9607
-1283
-4929
770
9746
-4938
-2700
-2863
-3830
8711
9447
5597
-9888
6055
3217
5242
-6181
135
4916
-9118
-4253
2371
-5578
5730
7899
-2572
-7212
2978
9835
-3490
6529
6048
8966
-7419
-5749
4512
-6756
4325
-2549
-2288
2143
-2639
3027
-9024
7111
1283
8595
-6979
1218
-130
7734
-4638
-6710
-3540
8139
-3331
-9365
7479
-2688
6615
-5003
8721
6058
9378
7886
-9578
-7492
-6452
3912
6101
-3268
-1145
-8080
4169
-8591
4775
-3421
9129
8824
2683
5498
2328
-5486
-4708
-7133
4744
7427
4935
2588
-3998
5121
205
2438
-2561
-763
6803
2240
6709
1285
-7170
-5602
-1731
-9689
-7731
-3303
-8550
-5663
-3854
8617
-364
7920
-1176
-3232
-1
2777
9059
-9900
9947
-2901
-2759
9007
-9219
891
4275
1651
9473
6061
-3855
-8700
-3740
-5734
-2752
8405
-8186
-6654
-8240
7179
-645
-9485
5475
6671
-4444
7314
-6455
3405
5572
-1038
-8652
9589
-6371
-2361
-1644
-4703
7296
2083
6522
-767
-2002
7269
6075
-3439
-6485
-1825
6006
3038
-1284
8896
-8023
8758
-7405
-6489
1945
-7111
2859
166
6701
-4809
1239
1778
-7240
-1285
-6646
-257
-7327
-4758
-4545
9531
9272
-919
-4513
-2581
5854
-9942
2402
-8944
-7483
-2131
539
-6529
7570
-7880
-8220
4865
4597
1680
-6733
-4549
-9259
-1687
-5622
-8305
-2562
-787
-8199
9680
7366
9686
2281
-3629
206
-9738
-5927
4890
-5572
2552
1574
-5473
2859
6684
-3737
-6512
3233
2585
3632
6733
-266
8136
5119
-7788
-318
-5418
-2690
2112
32
5514
-167
9683
4326
7537
6405
-9815
-2843
-7790
-5139
783
2270
-264
1084
8931
-6161
4162
-8561
5154
-3981
-803
7087
3847
3843
6509
24
-8100
6619
-3745
881
7533
2229
-5967
3018
-1865
3209
-4696
2001
-827
-5646
7840
1713
7127
325
-2804
-4790
2469
-2906
4734
2148
-9244
-46
-9785
9888
8466
8155
-3174
4970
-6515
-512
2107
3391
7550
-6779
9816
-3491
9234
-4511
-1978
-6559
9464
7071
7997
228
-6293
-8338
-9244
8759
3472
-990
7851
-1708
-7292
-2641
-5837
1902
-9846
-9264
-8619
7930
-5296
2022
-6239
1486
7486
-6472
-5360
4600
6463
-4464
4980
-6612
-6449
-6745
3624
-3749
6317
7822
-9940
4926
5251
2053
2871
8008
7305
-1199
1443
-7451
-5328
6144
5684
3422
-5049
-8405
-2246
-2287
2542
-2801
-4461
-2348
2460
-3931
9493
6109
-3704
-8026
-472
-4412
1493
-9342
-3877
6890
-6913
4443
-7448
-3546
-4779
-9879
2831
-6175
-8663
5698
2980
-6712
-2158
8103
2521
-3204
-6240
1854
-2891
8241
351
9802
7522
9694
5233
-3235
8148
5221
-1104
-9139
5634
9376
-9176
8993
-8024
-72
3202
-6539
8335
-7866
-3528
-196
-7613
6266
-8193
4056
7024
4109
-5933
-1081
-2333
6247
-4088
75
-4131
6596
-7449
994
-5741
559
-7525
-5270
-2202
8176
-6222
6867
5838
-7103
-506
9823
5988
5430
-3171
6116
-7000
-5047
-1438
9471
6905
-604
5523
-6884
2894
382
6172
-3859
5718
8676
-1512
7577
6733
6865
4556
-5855
-4817
-3249
4337
-3730
-2498
7484
-6367
-6719
5572
5211
6208
4539
-9256
4457
4747
4180
7736
1435
4764
6833
8740
-209
8821
907
-8565
198
-4910
-7923
8162
-8458
-1594
-43
-6335
5214
-7247
-2484
-2277
8416
-4408
-2954
-6244
-3107
-2895
8912
-11
-7474
-114
6611
-8895
669
1391
6695
-5906
-1971
8077
-9036
-1186
2518
8438
8683
-2263
-4802
8525
-9697
-8170
-3535
-1088
8866
