6938
1
-3296
-2350
-1552
-1941
-4266
-8889
-2843
9986
-4499
7279
2282
8153
-4302
-7583
-3094
7135
-9457
-5793
-7321
718
-8499
8546
-7056
863
-4614
4505
-1330
-7795
-7174
-7742
-7692
-3343
4648
-5388
571
9906
53
-3616
1538
-6504
-1397
-544
-3423
-3761
5889
-1261
-866
-8685
8169
-3597
6363
8517
5361
-1050
-8435
5515
-4601
-3270
-3804
-251
8863
-8291
8140
-1470
-126
8567
-6943
5871
6375
-3686
-3645
4771
6812
-2230
8557
-2745
2271
-4038
-9345
1275
-6924
-3081
-324
239
9824
4303
7438
6990
39
7165
7976
-2557
2497
7101
-5217
358
-5481
-3878
2272
7803
-8638
-9789
-9018
9400
-6649
-8875
-1950
-6280
1850
-2218
8785
8483
6248
-3702
5457
4254
-6928
6846
-6745
-1513
5042
-2869
461
991
-5630
-6810
4305
-9859
-5435
-9004
-4291
7135
1047
323
-1435
-6674
8369
3955
-3155
844
1989
-4934
-5098
8152
-8202
1745
-5761
-2615
-8012
681
9750
2413
5111
-1893
1984
2913
6088
374
7235
-6747
3283
-6416
-1465
-4627
-983
-925
-4783
-6531
3499
-9569
16
3643
-299
-6247
9688
4045
-3573
2727
1693
1412
-8895
-2212
7799
-5771
5641
2978
4987
-7072
8409
6515
-2446
244
5025
-8962
479
-3945
1362
9585
5950
7545
2794
-7044
-419
4820
4343
3690
771
9684
6004
9874
-2347
-2373
3533
859
-8854
-2971
-7592
6458
-5482
-4823
-7898
1763
1923
6899
8992
-2713
3465
6329
-7969
9968
4671
-5842
-1091
5700
138
-8953
-4491
-3111
-95
5063
8682
6561
-9101
9831
-764
-3214
-6044
-3690
-2434
9475
-4011
-3231
-772
-6938
-2680
-4006
-4568
-4510
7314
1444
-2039
8650
-8344
-5475
-1227
-6404
4582
-5822
859
2994
165
2607
-4577
-2419
-1882
222
3850
-8669
-461
3840
3380
-675
6584
3745
8517
7771
5838
-7174
8841
133
8589
-5970
-5254
3683
5979
-4288
9815
4899
183
-2873
-6038
8458
-2341
-6234
-2773
-6630
-6731
-42
-3444
-3044
1989
7822
-3351
-7988
-9313
6156
5230
8650
-233
2927
-3812
7275
-7181
-6990
4638
-6031
-1462
-5963
-9591
-6520
1539
-5448
7395
-4032
-7823
-7868
7717
9969
-9175
-6978
4710
5576
-1183
8229
-5983
-7280
-5575
804
9777
-2581
-8328
-9238
4585
2216
-7497
1266
9814
1429
-2243
-9074
-3406
-4255
5813
-7345
-308
498
-3014
8706
-4307
-8703
8513
9153
-4806
-9385
3623
-6082
2945
-5512
2323
7466
-6724
-8430
3469
6198
2284
-540
9986
8518
-9850
-8159
-5760
-1192
-5679
9522
1125
9011
-3500
1965
-7784
-2235
9663
163
-7446
-3170
5107
-8498
-9000
-421
-2807
-7866
3425
-1758
4188
6969
-6210
1961
-1227
-8249
5596
-4074
1434
5415
3176
-4554
38
-7062
-5489
766
5188
9800
7282
1291
7551
7229
-8792
611
7559
2086
9914
7348
3509
-533
6188
7908
7110
-1543
7425
3038
5637
-2447
-4376
-8394
4082
59
-416
5787
-9217
-3162
6014
-2258
3226
-7320
-8294
8032
-5272
6172
-7183
-4076
-9744
-6520
-6451
3366
7480
-6463
-4796
3559
3087
8320
-3864
-3773
-1459
-5918
4531
5785
203
-7456
-6530
1734
6676
-2546
6968
-8649
-8774
-8558
-78
-1023
5208
702
-529
5293
2475
-7164
8080
1341
4320
-9655
6961
6420
2989
-5155
-6275
6453
7813
805
2747
3867
2272
2358
627
-5914
455
6171
-5821
5307
1273
-1403
4703
1000
-6048
-7374
6585
6058
-6161
-7706
7101
6286
5210
-7224
5622
2050
8657
-6369
-6201
9389
8737
-390
4859
-8298
-2388
6249
-7139
1734
-7618
-6436
-186
-6621
8616
-4953
-3278
-7170
2460
-3300
1779
1835
-3944
8195
-3435
8285
896
1282
-6856
-5120
-4863
-8040
-3950
-6661
5091
1410
-2267
-5339
-332
8900
2421
8881
7747
5997
-9105
-6907
9246
-2577
-7101
8746
-8086
3911
1549
9283
8812
-6402
-9786
-9318
-4160
-2514
7253
4775
-8356
178
-3421
7804
5634
928
2634
-2537
7715
-8187
4051
6848
-6632
-4387
-2927
-2791
-8917
6271
9706
-4885
-7875
-9625
-162
2176
2390
-7204
-9319
-1636
-5472
-1928
2919
-5373
2606
-3327
-3432
-4245
-5136
-9980
4806
9958
2770
4795
-9790
8302
-1995
-171
-9510
94
5705
5659
6584
8433
-471
5568
8443
-8511
-9608
4458
379
-462
9797
-5280
-4189
973
-9531
-4111
-7813
-4512
5232
5368
-2358
9163
380
8177
9232
-6272
-4311
1750
-4943
-4023
-3608
3013
-6872
-4665
5757
3864
-7623
6035
-2858
4505
8912
-2737
-7005
-1852
1365
-6965
-3822
4011
7721
2480
2523
-1701
-174
-2791
-2785
-2833
-8579
5642
6171
-6581
4586
-9843
-8849
-6746
2056
-4830
2631
-4943
3357
4125
-3640
-6369
-164
-6717
3114
6123
-1347
9535
-7330
2683
5997
9296
7585
644
2315
-6112
5511
-2200
905
9483
-5926
3427
-7481
-8007
-1844
-6920
-359
3160
-6491
-2041
6307
-8163
4758
7528
7692
-2855
3141
8103
5645
3903
-9066
-6628
-3756
5607
7234
7851
7312
-7385
-2006
-8059
-6757
1861
5516
9181
9278
-4827
6712
-977
1063
-4946
-6446
5790
-7467
5686
3009
8569
4703
2352
2628
6818
-2434
1721
-1911
-61
8332
7796
3938
1705
-3480
8011
-5968
2596
4046
5213
4617
4230
7642
9050
9348
3468
4489
-2282
7476
-2515
-9237
-9637
-8530
-7433
-2275
-5625
7585
7136
31
-8400
-5985
8994
-1014
7110
-6482
-6504
8613
3026
-2233
6184
8033
6386
-2974
3096
-4346
7356
3325
-4961
-8740
-8343
-7969
-6573
8258
7866
-757
-9707
4048
455
-7283
8543
5952
-9895
-7914
-8188
308
9711
-387
8406
-1131
-4820
-8344
1196
1061
-6690
704
-7974
4419
9208
394
-2522
-8932
7899
3359
-5932
-4419
2080
-4559
-3038
5691
8320
-2745
-8943
5301
9867
-9456
-556
-7627
-1907
2613
6968
-8470
-7982
9875
1668
-9145
7645
1915
-4263
-7117
874
2933
9501
6220
-4995
-600
9389
2838
344
9275
-9296
-955
-4299
1347
9129
-5515
-7841
-403
2414
-7430
-4198
-1324
9582
-8673
-8798
7636
-9367
-6216
-9930
-5724
-7557
-7853
-3907
1007
1973
5190
7790
8744
2346
-7403
1508
3623
-7593
-6311
374
7882
-2893
9553
3854
926
-3930
5275
-3449
7430
-2534
-5170
-3327
-7429
-1139
6794
9613
7182
-9005
8252
-4990
8952
2045
-7968
-9636
4065
4936
5221
2720
-4083
-5753
-8329
2602
9429
-285
2584
5465
-4622
-3094
2242
8102
9694
270
-3993
-6001
-607
2571
-2635
1041
-1850
5254
-1784
4583
2676
-6600
-5867
-795
-5934
-9913
857
2560
-6184
4022
-1872
-1646
-1293
-8740
5627
-4946
3346
-8802
2180
-6163
-9478
7619
8099
5874
-1254
3894
-2132
-2705
2836
-3461
-6375
-8693
-3297
-7304
-8050
-1637
8643
2326
3598
1007
2760
7509
5124
4768
-2352
8067
-3888
-793
4555
-8053
-4845
-7397
6500
-7538
-922
-5267
-3768
3927
2555
3220
7756
-9085
-5502
3465
1431
9923
-4350
-5595
8071
-9122
6468
5001
-5159
-7819
-6123
62
2808
-7107
-5772
4368
-8165
4416
3152
9125
-4494
6308
-3015
3170
8760
-8220
7623
9627
8689
-8945
-9776
9090
8656
-5617
-3590
-606
1215
9190
-8085
5386
6233
-5901
2652
6177
3441
-4429
-7921
3842
8826
-1627
1294
3793
5827
-2657
-4556
-1150
7187
-8300
-9325
-6413
1218
9829
8318
-6889
-8788
-9586
-2188
-123
7600
9102
1836
9113
3566
7705
2606
-1704
-9731
-5776
-7404
7681
9807
-4188
-5701
1472
-5474
-3367
2218
6935
-540
-6257
-8606
4627
5140
-4988
7149
-9423
4201
3750
5574
-226
-7297
3100
-3681
6581
1107
-1338
8792
550
1814
-8717
-626
6505
-6168
-1718
8786
-4900
4301
3894
5355
-2908
-8257
2238
-6198
-4769
2406
1619
2610
9505
2564
-5313
3891
5861
6625
-1584
3154
-8597
-4064
-7838
-417
9311
8547
-8340
9996
586
7861
-8702
8854
5945
5812
3700
2515
-3946
-8142
3462
6373
-8262
7956
-5328
-6935
-3906
3619
6963
-2147
-9049
-5113
-8330
2228
-5555
-601
-3384
8279
-108
-2218
-2539
804
7126
-9080
1060
7144
6470
-7429
8179
6667
9708
9786
8352
2198
9725
4472
-4396
6735
-566
7706
8442
-9639
4196
-1117
5638
8747
3137
-1989
8098
-2008
-4513
-5854
-6398
-765
-3413
3679
-7865
-6145
-8526
8265
8474
1505
402
-7509
8586
7073
8699
-6977
1638
1819
9481
-7593
-9950
7570
8065
8613
4051
-4420
900
7996
5881
7349
-5260
-1407
9571
-34
-3624
-8532
3440
-464
6688
7507
3000
7150
-6218
7017
8126
3536
1478
-3246
865
1195
9835
-5799
4179
4545
4546
-9295
-9539
-3522
6145
-7801
8544
2038
3292
1112
5355
8213
-4826
3062
-302
-5678
6391
719
-9342
-3419
5624
4889
-8408
-2633
-8523
-3557
-9166
-4288
9245
9674
462
6848
-5659
2419
8155
-2357
-6839
2094
3256
7731
-649
-6336
7817
7142
4265
-4088
5104
-4020
7458
9106
9410
1505
-8229
1934
-6181
-2873
9061
-2120
7872
-1722
-9090
9803
5134
-7511
9496
-3687
-4312
2335
3427
-6234
-285
-8672
8643
3694
3005
-465
8233
4833
-4801
-2680
9565
4800
6609
9927
-8626
9452
7317
507
6997
5243
3785
-9419
-9293
2333
-8854
4378
6930
3712
-7170
-2908
-7457
1431
-6763
3401
9121
9166
9522
4611
-1973
6543
-2638
4263
9516
9471
-9910
2248
-5413
-4501
-3393
-2848
-4467
-4599
-5301
5396
2895
9623
-7885
-191
4475
-8997
7958
9975
4019
6494
1093
-8984
3906
-5584
3086
6111
6616
858
1624
4362
-4811
2268
2732
2932
5497
6981
-4557
6142
4802
178
-9445
-9738
-4328
1199
1504
8168
-6050
-9440
-2737
7717
9715
2181
8174
7511
6344
828
-5421
3308
-2034
659
-7798
-3680
-5018
2922
-9549
-2885
3131
-4735
-36
-9266
6501
-9511
-5584
-89
-7594
4640
5381
-8603
7249
2594
9705
-8965
6376
3639
-6580
-8350
8018
6787
8253
-971
-9505
5307
-7332
2474
-2748
-37
-4865
-8224
3092
-3418
-5391
-6319
-3077
-2530
6339
8498
6257
3237
-9733
-3878
6327
-5616
7241
4546
-3443
8522
-6124
-2304
-8737
5639
-2256
767
7100
-9116
1
9982
141
6046
6654
-1789
-3069
-2619
-2924
-5
8888
8553
-3704
-648
1827
2624
-2182
7302
-3885
-4952
-8950
1963
3191
-7098
6426
9082
6642
-3966
-9195
8718
-5658
-8897
2290
1564
9088
8633
-3212
7488
-5351
-3345
8425
7110
-2980
6920
8352
1908
-4496
-9713
-6568
-7641
8833
-6060
-3879
-8488
-1181
3410
-2707
-9967
-9746
-8660
6745
-8036
2597
-2120
4610
6133
-9002
-3847
-1181
4983
-3746
3685
-5172
6439
-3385
9184
2532
-5255
6474
-2728
-8700
-7559
204
8684
7291
8632
8262
-8234
8219
-7037
-2254
7335
8062
1735
-3209
-2541
-3560
6430
-9283
1579
-4932
-378
-985
2633
-9587
3679
-7042
-2068
914
6174
3767
-5345
-8337
-6383
6773
-9360
-3849
6810
-6836
-9126
3019
5308
4060
1292
561
1188
-3680
672
8451
8868
8955
-442
-3295
-5937
-2540
-6121
7355
4347
6956
6335
-1391
-1858
-4518
1697
-9656
-336
306
3389
-7133
-450
-5807
-5960
-295
-6388
-4035
5624
8455
9229
2838
-2213
1640
6660
-8611
7746
8922
3969
-1790
4650
5445
7817
9134
-5584
-5950
4781
7669
3748
3510
-559
-9542
6658
-2023
2382
-9548
3180
-5712
-1369
9856
-4550
2570
7498
-3052
-3028
-2537
5874
2336
964
-2759
1264
-3464
-4141
8210
1814
-572
-4267
-5668
-9075
3380
151
-245
-5337
5469
-4853
2632
-637
8181
-463
-9933
262
2155
1221
-563
-9147
180
-143
-2121
1726
-3340
-8480
-763
-1085
4131
-5210
2388
3544
9035
-2072
7590
-1115
7523
-1275
-7956
-6912
-3846
-4409
5547
1270
7869
7450
4610
-2856
272
5459
-598
-665
-1815
5558
2454
-5949
-3600
9821
6928
7922
9820
-805
-211
8268
-7652
-6085
7895
-636
4584
4033
-1838
3598
484
4550
1539
7724
9052
-1095
8237
1240
-5513
-1773
3470
6718
336
-7207
4569
-7466
-7482
-4505
-9504
1152
-6313
9605
5535
-3872
4309
2508
-6720
-6738
-7992
-4181
-287
-9591
-4498
7109
4167
4606
1679
5258
5420
-3408
-3520
-258
3271
5568
-2934
-102
-5180
9495
-8712
-3899
-5539
9105
-3300
666
-9742
-5984
-1063
-1273
-9405
5292
6890
5387
9787
2121
8333
-9469
-3691
4093
-8765
8724
3526
5343
4566
8310
-7579
2759
1725
9624
5912
-7089
-1973
1332
-1875
6752
-3938
7054
3952
-8016
-2139
-111
6280
3023
3806
9700
9768
1493
3808
8417
110
571
-7684
3369
6926
-4445
8221
-8239
6877
-5854
2324
-3820
9495
-3145
5825
5107
-3847
2068
-2448
7140
-2490
-1938
6359
-9642
324
7799
-5483
8133
-9033
-4360
-2966
3698
4903
-2885
5975
-5976
-4269
1224
6323
-7771
-6247
7375
-8798
8532
1469
-1826
-5594
32
3773
702
-5058
-9657
9213
-9257
1279
-3986
2567
4915
5191
8416
-2145
1730
669
9231
9193
-9421
4931
-8536
-1652
-6328
9077
7567
117
5804
1961
-6577
7819
-4027
5350
1388
5705
8554
5000
-8030
-3829
-3407
-7036
-9434
-7263
-3194
-7988
5682
-6811
-8780
7783
3696
-9990
4063
578
-5620
-9055
-6357
6151
-8355
-7436
4038
2341
7493
3654
-3964
-106
-8479
-29
8940
956
8163
5444
-5736
-6059
-1786
-7494
5387
8114
3184
-1533
-2857
9077
-4985
5866
-5524
9176
1522
-7763
947
-1681
2509
9025
5165
-818
-9368
7289
3679
4358
9484
6688
-2885
-5526
7678
7351
7066
-6831
6070
-2540
1474
-769
-2068
2028
-3250
6191
-5631
-6480
-2503
-2568
3293
9513
967
5684
-3218
-1269
-4868
-2849
-9319
-5338
537
5752
-5704
-4479
3473
7077
-5209
2258
1733
-4795
-4544
-1367
-2215
-1569
8964
6902
-8253
-6075
7435
-259
-5358
-4302
-1945
-432
8916
-82
8380
4843
4724
5600
9642
2820
-7642
-7465
-9088
-1612
3355
2095
4329
2317
-2616
-7958
3515
3631
9200
3711
5023
-9651
1931
-1042
9322
-7295
2087
-5897
-476
-7135
2355
6232
-5532
-7448
1967
-576
7139
3958
-5507
-6196
713
-5558
5400
9259
-4309
3915
9146
8254
-865
-4308
123
8241
2721
6163
-9313
2220
593
-7403
-8876
4025
-3914
3297
6272
1152
522
-772
2450
-3682
-3474
1222
-1049
-6861
-8521
-9226
-8659
-2600
582
-4293
1223
-2698
5310
797
-6830
-1201
7821
-2342
8995
-7913
551
-9389
2777
2583
-2761
752
8248
-3377
-9156
8906
2676
134
4279
-5160
4090
8844
-4255
-4736
758
5484
-4339
3854
-7457
-6881
3678
-1662
-8478
5834
-9587
-3850
1018
-8845
-8844
-2295
1368
6003
-4299
4174
1211
-6705
-6366
1584
6608
-5210
1486
-1730
-4516
2964
-387
-1803
9720
-3408
7083
9677
3260
4814
-8502
-1875
-8324
1199
315
-6803
3216
-6480
9012
2664
5832
7869
330
-2611
-6010
5029
462
-5026
-6031
-2163
-3325
2918
-2025
-6944
4773
-9416
-6425
8535
4193
-5388
6514
8075
-6221
-3479
2829
2397
-1072
1044
8270
-2054
2702
7444
-7765
7739
-3184
58
8421
9903
7639
8211
5446
8459
-1385
-3988
-6440
-6902
-1672
8637
5629
-8284
-520
-3368
-1461
2693
1255
-784
2491
-9406
-8772
3785
-2730
453
5343
8673
8299
-5340
-3177
4100
-3225
7549
-1812
2548
-3572
1022
-9353
1571
7230
5523
-9895
-4320
9313
-4615
-6469
-8279
-6071
3084
5092
-4034
-7309
-9682
-6261
-8365
9280
6607
-2333
-1446
3781
3332
6450
-2157
-5724
8603
-2846
708
-5412
3680
6932
9041
-8623
-700
-1903
8999
451
9976
-5267
3342
-4515
2285
6605
7063
1136
2652
-9424
-1524
-1624
2546
-9543
8504
8009
7133
-5222
-8589
-6078
2425
9808
9462
-2165
7520
-177
8426
4565
8717
7031
8364
7167
9360
-3641
4549
-4733
-8162
1041
5418
1864
4966
-9374
1137
-2329
-4766
1879
-3405
-9515
-5735
4799
8229
3915
9656
9372
8991
-9695
67
3192
2731
-8707
9948
-9738
-7095
-3063
-7105
1230
3622
-5624
-4224
-2770
5848
-1961
-5641
9279
9447
-3855
4842
-1385
2787
-4241
-3246
2004
9595
3554
-2609
-3035
-5479
8531
9142
1923
-3618
-6681
-9477
3014
632
-8384
-7193
-458
-1216
-8102
5515
3724
-8124
-3017
-7747
9216
-4679
77
3576
-5690
-6993
38
-5486
9613
7008
-1257
6709
9724
-6891
-2217
8822
-752
5400
54
-6303
9009
590
-5343
-7156
-882
7055
4525
-3455
22
-2057
-4774
7572
-8623
5787
7863
6621
1271
3885
-5235
-5940
-5478
1148
209
580
-4562
-5901
2882
-7140
8117
3169
9242
-4656
-3371
3079
-9290
9680
9862
5299
-888
5098
4188
-7657
4967
-7990
3209
-6676
-714
5583
6422
-1553
1317
-5705
-7672
6775
-3400
5472
6166
-6136
9436
-5493
2080
-9517
-9303
7297
2271
596
4407
1933
-2646
7836
3871
4455
-2572
-331
-3187
6328
8337
-7048
2376
7973
-8680
5072
-6410
-3641
9628
-7716
4487
-7072
8187
-5324
7341
-6793
-1856
-3053
6940
-7252
1434
3078
-2283
-855
3024
8557
9177
8212
775
9973
3700
-7596
6545
-4988
-6695
654
4179
8993
-7166
1602
9918
9200
-243
-3684
-3321
-8694
-9298
-5531
-5185
9929
-8906
-6827
-9447
9571
2489
9426
8309
7159
2603
-8950
8448
4040
-2098
5949
-9816
4185
-5951
7404
2088
8032
-2938
6233
6892
-1581
-4285
6331
8727
3639
2451
3279
-9385
2804
8525
-8549
9386
2368
-4592
-4372
4221
9116
187
1327
-1322
-9325
9833
263
-1855
7899
233
5503
-5498
9834
-5920
1744
9062
-6082
4843
1998
5784
3059
-4080
5784
5458
-8282
9416
858
4564
-6940
-861
-4069
9837
2874
-4842
-9742
-2677
-3121
6690
5534
-9108
-8201
-3990
-8616
2246
-9971
1880
-8275
1074
4840
-4930
6630
-2678
4105
3827
-2140
3454
-5322
3233
6577
3441
6003
8328
-7207
-2942
7255
-6491
-1288
-5402
-2660
-7023
6332
-1925
4799
-4566
-892
1366
4812
-9120
2382
-4005
-9795
8570
-4626
1014
9466
-9303
-752
21
-4706
7036
-2698
-4943
4549
-8582
-8038
-1052
-9891
-9006
-5203
8579
-7169
-5905
9228
6437
-3604
-1433
-4606
-6317
6378
7385
-619
9305
4869
3359
-6546
-2511
3367
9448
-7114
3577
851
-2393
5008
-5004
7600
6426
9454
9268
6504
1095
-8174
8400
-4588
-1507
-9608
5393
-4986
-5958
-5695
2460
-6693
2669
-279
9299
-2889
4893
-3402
-8851
5439
-8510
8304
4727
-2538
-9508
-6373
-9392
-7052
-5163
2497
3944
-2200
-584
-9146
1933
2196
6345
5091
7387
7325
-9612
8077
1219
5152
-6654
6896
7585
-572
8198
1563
-9840
-8229
486
5545
-5767
2211
5738
-4289
6538
1511
3173
-292
-9209
8987
6081
-2521
-8678
-9679
-5713
5823
-3096
-569
5410
9425
4690
1184
4666
-1643
-8605
2891
4330
6430
6693
7232
-9
1126
4214
1922
5790
8351
4232
-1991
-7158
4427
6373
6765
-874
-5065
-9155
1227
8485
-1633
7504
-778
8214
3810
4165
2891
2867
7614
-6484
2464
-4788
-4633
9663
-9490
2466
9669
-1536
7652
-2900
536
-6365
-4958
5323
-5867
-7638
-534
8607
7657
-103
7588
-125
2333
9514
3878
-7240
5426
6180
5455
-5945
4074
4046
6471
1876
-9387
4215
-9461
7588
7601
-6939
-1575
8825
-1382
-7968
-2093
2509
-3676
4602
-8132
-7363
8098
-8322
815
8750
-4695
-611
4019
-8812
4880
6021
6162
1631
-8914
1511
-6214
-7811
-224
-3123
-2632
-5671
-4370
8600
703
1512
-3656
3677
991
3455
-5242
-9384
6357
-5326
9584
-7856
-4345
-8101
7183
4211
9127
3392
-8896
-3223
-3028
9665
-9828
-2093
5604
2089
8652
4545
9719
398
-3297
-6598
-7415
7328
-8061
7524
-3045
6126
-3362
-2097
1691
5456
-8117
8327
-9039
-1659
7717
-8226
4032
-715
2313
-4729
-8758
2262
8038
-8164
-3974
4419
9106
45
9695
-1582
5833
-6234
-3849
-8792
-2459
9473
-8792
-4347
-2084
8689
-800
-9250
-3125
5896
8979
7232
-3723
-1525
-2826
-578
-8899
-3093
-2077
-8627
-1623
-2386
-1428
6817
4503
3919
9272
-2567
5230
-5836
-8594
-9387
-1798
-8342
-2038
-7077
-7041
6437
9740
3792
-2907
8533
1602
9378
9125
-7664
-3759
-7210
9168
-3598
-4464
-8633
3509
-2385
-3126
-8242
-701
-1715
987
6357
-1637
2252
722
-5310
3883
3442
-9045
3306
-8344
-8727
2656
-2094
3680
-8911
-4052
-3469
-9271
351
8153
-4584
-9423
-8895
-3217
-4895
7732
9493
-5394
-4173
5354
4534
-2423
-6624
6430
-6341
4326
-7366
-6914
-2055
9614
-9329
4494
6216
-2246
-8205
-3182
-4718
-6407
-6184
4468
1156
-5347
5356
9048
-263
2897
-6219
-9617
6882
-6122
6519
3244
6562
3133
399
8935
8073
-3216
6079
5182
9514
4806
5158
7390
-6176
-6076
7229
-905
9673
6771
-8088
9751
-9032
-1286
-4015
6467
522
1609
1177
8324
9280
7252
5667
8271
4
5499
-5456
-5933
8415
2533
991
3945
-550
781
-8083
-5157
-8769
-787
-7917
-4926
-1388
4415
8641
-3456
299
-8943
4379
5215
9801
2181
6249
1928
-4418
3173
-4062
-8568
3644
5476
-3967
8908
-8064
-835
-3049
-8752
5561
2370
-2665
4997
-6124
987
9417
1391
-2448
3606
5306
-9852
-5709
-9862
8806
131
6526
8301
6452
7280
-8854
-2487
-2674
3051
89
2078
-196
2751
-3380
-189
-4966
-4422
3873
-876
-5423
1105
-2788
8614
1756
7379
-5868
-2096
-6688
-3485
6502
6146
3013
2802
5633
-2004
-1427
-3584
-3112
4339
-4501
-9934
7457
6009
-5726
8082
-4689
6132
-8909
9729
-5131
-4708
-3607
-3574
4365
7476
596
2881
-5951
-470
9964
-6823
4373
-2765
2187
-5392
6099
6103
6794
7949
-6324
-7202
97
6560
-2009
4960
-4038
-4494
-4873
9513
-2677
-1123
-5184
-7667
2934
6764
-9955
2333
6775
-6024
-104
-2018
-8798
6333
3707
-9123
-1604
-1077
-1712
5315
3537
5776
1727
-1504
-6076
2612
-1952
5191
-4519
-371
-6002
-2097
-5603
-7967
-6289
-8797
6231
3232
142
9205
-447
4259
-4626
5735
847
-6262
-3406
9706
5650
3366
-7503
5891
2560
-7858
-7357
-5213
-5449
10
-5675
7702
-1516
8513
3529
-7560
1528
-5710
-4548
530
2953
4908
428
3165
7157
624
1735
-8126
9697
-9068
6964
-7749
-4390
7988
-7848
998
5269
-4937
-7388
8394
3579
7115
9877
6540
6038
-6121
5050
-1914
331
-4951
7123
249
-3776
-7295
1424
-4328
7855
9782
632
-3607
-3742
-7104
-4523
658
-7859
-159
-1349
119
-8988
-7904
-5899
-5616
-1077
-9155
8434
375
7372
-4898
-9021
4416
1619
3218
-9394
-1107
-8187
4687
3088
-685
4248
-586
-3478
9933
9487
490
5047
-7675
-9287
-896
7062
-2911
7782
-3576
2046
3728
-6583
4305
9688
8522
6268
6137
6317
-8073
-3631
9631
-8592
-7575
606
5970
-5317
-2493
7275
2377
1912
-7247
-2113
9113
-5362
5598
-1334
8511
-1065
-3283
2914
4915
-2821
-4325
3494
6656
-8775
2910
-4812
-7686
7269
-9375
2011
2260
8337
4670
5061
-9519
7896
7678
7600
-9129
4759
-8368
-3974
-7359
-2967
5948
-6919
-9106
5643
-5495
-6587
-6794
-3246
-5021
-3340
-3369
391
-3479
5275
-1516
-7959
2866
9417
-9637
5358
-9939
-7046
-2306
-6847
-5296
-919
3873
-4631
3750
-3874
7711
8843
-2427
776
-3941
3247
1315
9181
4117
8338
-7557
-209
-6483
1631
2984
6215
-1477
-1443
-2707
-5142
5001
-9211
-8032
3133
-1060
4252
5861
9549
1769
1181
4704
660
-7953
-6430
-8348
-7070
-7070
-9572
9920
3640
6178
434
3557
-6309
169
-5316
-4216
4790
-2396
3525
-2686
758
2201
8623
279
-7241
-3092
-8016
-6638
443
3242
-6135
-8
1620
8045
-5109
-9762
28
-6006
119
4959
-3033
-2448
-7333
8465
-284
-2160
6861
4807
8205
9211
4690
8363
3409
2619
3346
-9892
-1620
-3303
4271
6226
4563
9584
-5439
-5400
-843
5050
-6129
9122
-3946
9607
3457
5269
-2600
4944
6905
-8526
8263
236
7956
9996
-5808
-246
1954
684
-7570
5468
2491
6709
-6011
-4936
-251
-221
1384
9783
2767
-9414
9160
-3666
5649
-4373
-4720
6864
7667
6034
-4558
8436
8202
-8426
7812
-8822
-397
-1714
-1153
-5078
-2229
-3519
-1952
5690
-9740
-7282
7674
-5697
6156
-1760
-2669
3488
9258
-7802
392
-2353
6462
6081
-5711
7223
-5574
-3614
-3370
-571
2312
7491
4420
8156
1727
-6233
9855
6149
-7473
-4627
-2839
-8911
3988
-949
-992
2683
6586
4202
821
-1287
-2174
3183
-4597
-2158
7871
1231
4933
-2806
6083
3123
4246
-1169
682
-5994
-3366
-3333
-980
8964
-6711
-4699
-3248
3032
9352
661
4211
961
-1414
-4137
-5607
3721
-1737
-3576
-8423
9692
-6489
7215
4755
-2730
3032
2783
-7499
-2370
-9416
-707
4416
4828
-5728
1347
-2747
8550
2396
773
-896
3531
-9664
9378
-4230
-9963
8817
-5981
3008
9835
-4842
-2892
8784
8480
7194
-7219
1705
4838
440
-9834
1880
9117
9950
-3390
-1698
-3305
-1980
7782
1513
7926
-697
-4374
4273
-4338
-1803
3333
5162
8327
-9323
1107
-4261
-2657
7474
-5063
-6338
2708
-3733
-168
9456
-5247
-7443
2559
-4737
2947
-3388
-8519
7564
-7688
1998
1029
-2691
7573
-7809
-3681
3893
6381
-6339
8983
4725
-7606
-3037
3905
7250
9663
617
2743
2129
-2056
-4615
1702
-5547
-2765
-4345
-6715
3781
1638
68
6974
4850
8134
-4809
-6086
3366
-3759
-1744
-1091
-7938
620
7
1340
-3120
2703
-6571
-343
6624
8086
5782
8016
-9943
-8660
-8161
-1906
4452
-7175
2661
-8144
-5064
-1930
1011
-8685
-3676
-7086
1922
4474
9726
2747
-830
6342
5475
-9793
-1208
7025
8832
-3506
-7835
-2694
-8370
458
3495
-3656
-9103
-1871
9648
5548
-9848
4739
-3418
8844
6576
2284
7658
-5453
-4025
-8708
-173
-7875
-6044
1837
-1269
9407
3208
9129
6781
-1156
-4066
-1717
-1445
8173
-9970
-710
-7579
-3017
3957
8838
-9953
-9166
-3508
-709
9770
509
3549
7979
-4044
-3072
-3349
-2320
9563
-7708
-7971
8903
-5029
-4229
-4067
5460
7131
9898
-4901
-3424
-6695
-396
-8680
5759
1257
-8154
-3047
-3746
7315
6800
-7359
-4921
558
-7734
-1756
-4911
-6596
3745
9171
2120
-1374
3390
-4859
-3893
9684
4270
-7803
-1332
3962
-4413
1699
-8488
-1572
9919
8496
-3013
8970
3613
1318
9173
-8150
4645
3786
-7195
1517
-5010
2304
-554
-9395
4226
-5826
-3675
3240
5534
4709
-94
9571
-4043
6210
2281
-3519
9336
7642
-4496
-6361
9138
8937
-9055
-214
-6819
-4500
-3043
-1861
-8267
6773
6402
6021
9158
6848
-4797
7310
4425
-5412
3928
-3716
5455
-5096
-7136
7803
-4182
-4684
2956
-4805
2419
817
-3653
-8806
4104
-5387
-2414
-955
-7555
-8094
6278
-9846
-8107
894
-7026
2003
-6113
-818
-6456
-6399
5423
-6046
9534
9309
4035
5752
5351
-8962
-3688
8999
5524
8134
-6932
4413
8290
4651
-8101
-114
-6972
6091
2318
-617
1037
2304
7546
3210
-9122
-8416
4235
-6482
-6982
6526
7328
-7986
-936
4691
1525
-2145
-9056
2313
525
-758
8779
7547
-2701
4617
2323
8358
-6175
1929
1971
875
-9963
-9186
2370
2751
-4234
9430
-9968
3731
8598
965
1953
1774
1630
-1446
3810
-5938
-7548
-7795
32
8588
883
-3302
-8776
-5900
-1062
5044
3529
6666
3162
1783
6626
-4153
-739
3995
8069
-2927
-5250
7952
-7021
8918
-4379
-8121
5027
-5372
-5199
5186
-6077
-94
-5513
-3639
4522
3998
6805
2551
938
4777
8241
2296
-3633
-6532
7056
-8661
9638
-8678
7370
4201
9620
-7906
2266
-9207
-5482
-2092
8996
-6020
6666
-7232
5939
-9563
-5450
-8678
7516
-5013
6905
-3113
-3670
6236
9184
-3274
-7529
-6373
-6245
1948
-5446
6026
2137
-995
4305
8257
1370
-1032
-2388
6980
-5519
8956
-9332
-3433
-1919
5844
7198
2374
641
3118
-1422
-4370
-1231
8036
-6132
4137
6773
1195
2799
-6805
-7954
-170
2866
2180
6337
7033
-1983
9723
4317
3393
-3250
-8350
5910
9683
4627
6823
8239
900
1467
-3175
-6051
-1174
-7952
5967
5758
8116
7680
6378
-8950
2117
1072
-2580
-8017
2665
3689
-5025
-5554
4551
9051
2625
-978
4104
1836
848
29
3216
-3622
-9223
3698
5650
-6816
-4191
-4115
555
8174
7267
6554
8836
9898
-61
-4521
6225
-8946
4088
33
5745
-4185
-799
7709
-2247
-2947
1605
9044
-7830
-3531
-9520
-8612
6652
9954
-4922
4345
5323
-3218
1378
7517
4064
7315
-1857
316
-731
-6097
3701
-1111
-4721
1161
3755
-153
3266
-5311
-742
1723
9269
7922
-7835
-9405
3033
-3165
-215
3401
-276
3976
1584
-6220
9394
-2672
-2483
-2305
-1066
7393
8087
91
3744
-7804
3808
-5761
-7401
8352
1835
-3517
-8981
-8135
-8165
-5206
-4491
790
2377
-8068
9493
-8430
3225
-7114
-4078
8912
1158
9810
-1117
3013
-5119
5426
-1522
4282
8989
3131
84
1867
2873
2287
1858
276
-8226
-2537
1306
-8239
9378
-6401
6376
3587
2226
-6723
-7812
-3232
-8227
-7333
-1633
1038
2560
6789
-422
-1644
5968
5665
1326
-6489
-100
-7817
-4196
2583
-3823
-2359
-3392
-5727
3207
9977
5416
808
-7467
4596
5993
-4740
-4418
7913
-7452
217
1163
6144
2836
448
2354
9687
-187
-4882
-4874
7758
9030
7472
6912
-5306
-9791
4642
8671
-6636
-3670
-7904
6538
1652
3531
-2535
-2271
9101
645
-6243
-9007
184
3460
6377
4302
-5751
6773
-4968
1371
6471
-519
-75
3701
-2024
3252
9253
9731
-9087
-9269
-9687
4974
7413
-1336
-4269
9661
-279
-5480
-2872
-3678
-2287
-9993
-1362
9144
-3157
2068
1550
-4891
2827
9897
-5413
1525
4287
-526
2472
-3797
9115
-4120
-2352
5475
1606
4045
1808
-8051
7922
-1135
-1076
43
8955
8141
6265
3126
1893
-8587
-4503
-7487
-1172
-6211
1164
-8522
9045
-4861
-3454
827
-7365
-6511
244
-4558
-874
4180
-199
-5247
1603
-7889
-7785
6027
-5536
-350
2269
-7502
-6706
1142
-5504
6492
5185
1293
-4079
-7560
-545
-8405
525
-7866
-5609
-7945
4848
-3788
-297
828
-4750
3939
-6473
-1820
7381
-6019
6223
-6894
3410
-2944
1739
2897
-640
-5073
-5188
-3969
-3498
-7797
47
-7117
8408
-5275
6922
-1433
6995
1149
-5154
-4984
6269
1840
-4424
-4483
432
-7599
-6781
6917
-1636
6278
-2950
-2184
3978
-4649
-4548
-9370
-1854
-5228
-438
4364
-2766
3889
-5041
-2884
4898
-850
4498
-1747
7009
1894
2703
-4761
6988
8100
-7777
7718
-8129
4997
2025
-7299
-6800
6005
-6918
-9308
-5062
1929
-2238
9146
7486
-483
-5830
-5863
-5127
-3636
-1949
5473
-8309
9426
-3614
2143
8892
1443
-2647
-4465
-3146
3111
4493
-968
-467
-2107
9437
-6369
-9600
6223
-2215
-9009
885
-3179
-2412
8321
575
-5716
1971
3240
-5990
2880
5409
-2770
-4771
8824
3747
8923
-8013
-6097
3741
-2737
-2632
8415
-8892
6510
5866
-2452
7513
-6703
-6739
2005
-8761
4792
9183
9155
2692
-2924
3650
2451
3502
4244
-1745
9357
-7691
7174
7887
1231
-4147
2622
3444
-9110
-3894
5280
1156
-3045
-7401
-5077
-4256
-3439
2067
-533
1206
-299
8436
7125
6771
-8589
3135
-620
-1813
-3800
2560
1702
-1964
2154
638
60
3958
4086
1163
1282
-8079
3638
3397
-8467
2640
8056
6151
919
732
-7852
-7790
2339
4658
9924
3802
7644
-204
2995
-593
-9159
8071
-675
-9753
-7181
6451
4631
378
1437
3824
6168
-2880
45
-7766
-73
-910
-9547
-4680
6605
-6162
9475
-1086
-9979
7608
3692
5979
8061
-3809
5731
8938
2097
-4893
-3102
-5037
-9266
-5967
3917
7720
-9987
3270
8231
-380
5743
-3963
-5330
8567
-5770
5159
-1057
-1790
-2683
8409
2696
3201
5252
4264
-3998
8955
-5234
7481
8192
-4661
9276
-4885
1797
2929
-8053
7422
-364
3402
2344
-9769
5224
-2360
-4876
-5993
4600
5085
2777
-5991
-8654
2899
47
-1637
5598
8665
3313
6939
4268
-3679
-1106
9657
-4968
-3279
5198
-4235
8952
-63
-5622
2759
7772
2495
-9685
-9207
-4343
8842
1386
-8731
-1235
4544
-8285
-8451
2507
4474
-5300
407
-8661
-5821
-4963
-1630
-2713
-6969
1509
-8500
-7502
-2529
7091
8697
4789
5284
8519
-2304
8857
7226
1044
-8263
-7761
1344
-9604
-3727
2716
7340
-6193
-4646
-4858
-6418
-1704
269
2813
9918
5768
-4851
4287
-4139
8327
-2899
7877
-1169
1620
7793
-1335
335
-1868
-5015
7711
9264
-8273
3078
7466
-8234
-4085
-3012
9064
9412
-4901
438
-2059
-7011
-3351
-3904
-7996
-7394
-890
-5915
-9397
2681
-2169
5757
7740
-6777
1740
8406
2374
-8422
-7425
-2361
5082
4777
7659
4087
-3250
-6851
-5595
-4011
-162
-4927
620
7426
-2061
-4252
-5693
6504
-5979
4962
-4824
-6776
763
946
-2902
-9768
-7125
-3740
-4368
-4535
3954
2395
-6168
-36
2227
-3196
4432
6362
-9066
-9217
2454
9727
-5491
-8268
4534
-7993
-3135
-3176
-1467
-8004
-2313
-6346
9285
7176
-4010
5816
322
6656
-9770
-1115
1127
4652
3585
5323
-2050
-4649
7661
-4376
-9498
-4978
4473
-512
5692
4402
-1982
605
4837
407
-3401
-7514
1155
-2200
-2379
2366
-2661
9161
-6214
3886
-9526
7787
1571
-5717
-4875
1524
-6152
2826
-5129
9720
-6015
-2427
-6044
4808
8964
-8838
-2209
-3135
-1150
8539
767
-7160
-7221
-5843
-5995
4738
271
-9452
6001
-1511
2502
-9791
-5610
5146
-2844
9226
-7416
-3914
8426
7301
9243
-7622
-3977
1231
9059
-32
2942
-2945
-6156
-5159
8173
-994
7610
-4655
6531
5369
6840
-7902
3952
4135
-1267
5757
-7642
-5094
627
-1760
-3878
-804
-3840
827
-8017
-4333
-3252
-7513
1987
9134
6251
-3193
-4334
6996
-2530
3883
-4740
8171
1555
6818
3810
-124
4671
4610
4944
2417
-88
-7472
-5114
-6127
6611
-6396
-4178
-76
2027
-677
8857
-5582
6558
7291
-1681
-8120
36
-1696
-6068
-1210
2542
-8365
-3195
2418
-4667
-75
3198
4076
-3804
-1613
8739
-6373
1516
664
-9984
-6083
-5268
-5993
4432
-4977
2811
-2129
-5978
8767
-9383
2533
-4728
-2547
978
4135
-9007
843
-8141
9487
-8354
6779
-3069
9258
7146
4015
6348
-732
-897
1870
-7984
-7999
-1723
-3276
-625
1167
7288
2252
7903
-2082
-8839
8705
-865
-5919
6580
4081
7430
-3470
-6244
4784
-2944
8105
-1258
-9654
-7250
-8498
6795
1050
8912
-4343
4399
9519
-8888
3416
-1662
-6389
3904
-9775
6014
-816
5647
-1059
7107
3016
-4024
-614
6942
-7773
3918
2195
-4059
6694
-5406
9011
3722
7931
-9274
-8800
6282
-2918
-3817
2362
3478
-6648
1282
-1787
-6940
7468
2950
-5573
78
8697
1939
9941
3416
-917
-2687
4895
4711
-4666
-3042
8329
-2117
-8782
6971
-9634
3384
-9191
-1823
2363
-5061
453
1037
-3332
-2712
-6003
4946
-3040
9253
-8539
9240
497
-3289
-4702
-7148
810
2067
-8889
5280
-5631
9777
2077
7940
-8584
-30
1650
-3430
2442
-9320
7551
5246
-7487
-7726
-5702
4697
4517
-3873
614
-1586
6422
-6904
5949
3487
1504
2970
-8847
-2158
8132
-7156
9783
5571
-4647
5543
-3895
4850
1190
-1516
-9906
2765
-5113
-295
-2812
-300
8497
3226
-7196
9425
-3207
2442
3635
5688
-1726
6314
-4038
8595
6827
-6183
-7481
9553
-4211
-5470
-9178
-92
-8241
3090
-3604
-3092
8997
-7260
9349
7318
4097
-2647
-4767
5108
-7527
2397
6490
4038
2833
4816
-8091
-5427
-716
1716
4863
9981
-5552
-8964
7738
-3219
-9643
8303
550
-928
180
4671
-7456
4106
1153
-9488
9654
-2242
4773
-9854
-5962
-2008
6782
-9301
847
7395
-9555
-2289
9522
-3591
-2140
9509
-8508
4331
6485
-5648
-8705
-109
98
-8550
2185
4723
-4894
-6044
-2132
3240
-6972
-3789
-6125
-8109
-3749
6184
5838
7773
-2984
2010
557
-4108
6206
3290
-5939
-4409
-4402
-7995
1419
-6339
-9104
-9622
786
4022
4216
1970
-446
1153
8225
-6372
-7771
-4776
8280
-6916
3492
6239
-4708
1802
7348
612
-9486
-5456
1348
-6849
5060
-203
-2890
7957
-6455
3703
-5699
2063
3644
1490
7548
-6632
-4995
6506
-6301
6086
-3336
830
-5838
1291
-9371
4690
-4331
-31
9315
-7322
-9523
5535
4745
-7111
-7244
4745
-9421
-6207
-1201
-1476
7501
3341
-7099
7727
-2975
5699
6671
9109
-3181
-8568
-9308
3313
1187
-4107
3465
2036
3579
-5712
6202
983
6359
-3116
9953
4577
-9337
9828
-5272
4978
-937
9733
8849
5148
-7905
-3847
-3603
-2409
-394
-3437
4815
-5196
-7458
5793
6000
-700
-2105
6985
6798
101
-5606
-8443
5875
-4315
4456
-3584
828
-593
3033
-8248
4031
-4664
7411
3461
8931
7160
-8221
8640
6432
1744
5866
8537
-6844
-3193
-4707
4286
3274
-8484
-2430
9575
-8912
-851
7904
-624
-894
-8211
-8971
3913
-3062
1845
-1630
7974
-1086
-2773
7767
-4083
-5976
7375
6410
9770
3249
6740
2342
4027
7847
6022
-8753
-449
-51
8797
-5747
-8400
8999
1720
-8816
9835
6933
-209
8916
2314
1782
524
6418
-2529
6440
6493
4596
2571
-2171
6568
-4948
6968
7425
-1245
905
9182
-7899
-4190
-1245
4447
-5238
-5904
4537
-6986
-2598
3958
5121
-4963
3500
2287
5490
-9656
2465
3871
760
-6379
-2305
4907
7007
3069
-7298
-6354
1034
1030
-4432
4395
9017
4428
-1726
-4137
-8809
-697
-4620
-9310
-9949
-2477
-2319
8614
-8679
5533
-4564
-3088
-8897
-1795
1554
-2610
-7120
835
8251
-9348
-5802
577
-5130
-9084
-1745
-844
4494
-7605
-9852
-9930
-5702
817
9056
-590
-6747
-8899
-1912
7951
1153
-1765
-1869
5008
7437
1907
9194
1588
5465
3004
2412
-1369
-9031
1158
-8648
3570
7181
671
-4293
1127
6276
-7281
7769
6780
-5978
926
1049
-8073
-2718
-6719
4042
9644
-7241
-6107
-1245
-6613
-7721
-7602
9894
1092
-9214
4605
6688
2593
9635
-532
5662
-7519
-5828
3487
-3659
4738
-4707
8285
-319
9692
2442
76
4354
-8890
853
3745
-2622
-5964
-9016
1842
5636
-823
329
168
-41
-4458
-9089
8960
-6901
-4809
-8685
-7734
-1217
7718
-284
-3870
3913
-1248
946
-1449
9672
8289
-112
3363
3646
-6477
-8105
-5606
3607
-6615
3616
-3368
4317
-6473
95
-9797
569
-9113
-1039
8645
9878
-829
-4148
-470
-2459
-858
5153
-2816
-2463
5954
3480
-687
-6718
9512
-4030
4991
-4764
3637
8644
2279
9139
7305
46
-8147
977
-9379
4537
6793
-7632
8260
269
69
-2125
1495
-5188
3710
-6187
9424
7048
4151
467
6998
5765
-3132
-9196
944
-1275
5176
1654
-129
-3762
1010
-670
-5174
-8824
-265
-2429
6963
-2867
-7415
4805
6430
-6671
-2609
652
7844
6753
-2994
4917
-5165
-6750
758
-6126
-2226
-5841
4395
2578
8314
655
-7928
1018
8405
9792
7253
3101
1104
-8568
7701
1185
8349
-8210
7151
3237
-3003
-5955
8333
780
6336
4831
-1909
2387
-6276
-7026
7120
1602
5671
3462
-4088
-4236
-5531
-7104
2713
5230
-8433
-8847
-2267
-880
-3075
2231
-408
-6301
-4283
-4527
-9196
1086
-7037
8368
7369
4469
3269
-1699
5974
-1456
1316
-5887
2540
6939
3189
7374
6490
7908
7670
-4865
-388
6991
-4318
-8510
-7724
-3539
3599
-9682
-5905
7425
-2242
-9886
993
-3933
-2832
7381
3886
1449
-3411
3269
-6487
3432
-8159
-6378
7641
634
2761
4365
-8276
-8804
-9060
2379
-8778
-7476
1396
9118
1888
1899
9778
-8157
-5797
9028
6222
-5613
4467
-5494
6914
-6959
-5569
8683
-8514
9160
-7756
7883
8658
2425
873
4412
1004
7158
-8694
-3306
-5561
-4786
-1759
6497
-5509
-6507
1445
-7127
-4178
8245
7624
-3081
-4234
-6534
4711
8448
9725
-9943
4702
-1326
-1286
-9216
-6110
-4720
7240
9161
-2231
2358
-5061
-7359
-5423
2197
-3226
3723
8862
2296
4462
6886
-9870
7430
8734
4954
-3376
6930
9080
7209
-5739
1062
-2146
-7423
-7262
-3971
7174
1753
-9512
-4712
-379
-7972
-7163
109
-4716
-3902
3739
-3221
5107
6725
63
-8828
1364
9854
-9545
-2292
2766
-7037
6514
-1548
-5259
-9569
9416
8124
1362
-8953
-1318
8177
6840
-6123
5602
-4718
2947
6497
-176
-8764
5739
6503
-316
-5005
-6329
-4949
9575
-6793
9561
-5111
8165
-9790
-5650
-955
3316
3775
-4784
6589
2867
-6422
8792
-4341
8485
7412
576
3829
7483
-2311
-5966
-3964
-795
2753
-6937
5894
1706
-4710
7964
7372
5105
-3184
1692
-2917
5299
-9495
7627
-9908
1878
6088
8151
-4618
-9196
-8457
7322
9835
783
-938
-9305
-122
4965
-1508
5701
3274
9379
-991
8471
-9836
-6443
-3469
-3176
8469
6668
4070
-9112
-8135
6756
-2333
4624
-3973
-2553
-968
-1661
-7798
-3129
-9195
-8327
-7115
2828
-3853
5255
-8024
-1770
-4246
3878
2407
1567
1379
-4308
-2929
-1716
2736
-7354
617
-2930
5341
-8600
-9456
4559
8417
3295
8939
4229
-3266
7828
-4905
4827
-2748
-4368
-1835
6778
9441
-5375
-9623
-9364
-3042
-5594
2434
-953
7840
9545
-4070
393
-1036
5978
9265
-4276
-6647
-8257
-2419
6058
4317
607
7572
5729
-5667
-6732
143
9869
-4425
5642
5231
-6581
8209
3736
4366
1616
-8933
-4279
-9561
-983
-798
8332
2394
559
866
-2567
1376
7782
6241
5251
6841
6910
-5117
5838
-2571
-4361
6053
-4929
-3476
-8819
1526
198
-5222
-5380
3559
6036
8445
5292
6321
4730
7509
-5303
-9751
-8506
-147
-1069
3850
8215
-5002
-914
-7452
8467
-7976
-449
7917
619
934
2978
-9497
-8318
9235
8514
9336
-4766
-2745
1336
-3006
8146
-587
556
-1180
5223
8849
-7526
7563
8053
4451
-1590
-9691
4256
5728
6900
-8354
2757
-6830
4066
6580
-6359
8293
5413
-2395
4968
-5108
8507
4001
-8374
6638
-2669
-9503
8393
9659
-2924
-3508
-2068
-6692
-4272
-3126
-1351
2521
-2083
-409
9560
3006
-1964
-7871
-252
-4520
6284
4337
-5294
-1457
7729
8886
1367
-7884
4794
-3620
-5868
-7350
-8103
-9474
8384
-8166
-7152
1270
-4971
-4134
-9358
-6576
8163
-9621
8335
-614
7499
7706
3376
5608
2947
-2843
3582
5205
7587
-663
-7641
9864
-1955
-8037
-4713
5185
-5743
-2361
2141
5826
-6651
9239
-2534
-3550
8243
-5581
6920
-7325
2695
-3045
2933
2184
-3532
1056
432
9957
-2189
48
3547
-1023
-2221
-4792
7036
4720
-5100
8416
6494
5341
-8845
-3546
-7038
-1817
2883
-4561
9144
8308
4317
-2518
7008
-6977
-7126
-5579
-6889
-1726
-8440
1745
-5587
848
-9420
-5464
-1760
-6133
1703
4489
-5999
6398
-454
-6700
7705
1768
-919
2390
-1184
8515
6773
1197
2581
7081
-6532
699
-3700
-4560
8928
9021
-1151
-787
-3874
-6290
8684
-2067
4692
-7537
-2530
6224
5290
-6414
-2128
7641
6660
-3149
9689
-4607
7291
-2255
-803
-4553
-8265
-5832
8648
9691
-2093
-4204
7477
8197
-6896
8048
-5985
9912
-2009
-501
-5181
6844
4673
1233
-2498
190
3089
-1196
3907
9329
5335
5754
-6277
-3507
-5802
-1417
-7287
2349
-6320
-1491
-8219
-979
5018
-5903
2132
-4855
-4586
363
-3210
-6459
7224
-8242
3242
876
696
7551
-8533
3871
3737
-8558
4388
-3205
6123
3696
-3206
-6863
-1425
-3647
9747
4584
-9144
-2206
3518
-3136
-4092
-5002
-9030
-1785
-935
1720
-5912
-7788
8428
1830
-6045
-2098
8199
-9000
-2626
5894
8472
-2328
9875
6645
-6872
-3558
9953
9686
-7886
9675
-5834
-7895
-8600
5756
7001
-4883
4212
-6021
-2090
-4882
7308
-2854
-263
-5184
-5083
479
9153
594
6739
142
4907
-3864
-6317
5403
-5428
1517
-3408
-4876
1504
-7905
9518
-5312
1045
-6748
-3610
-6314
4673
597
-1319
-8392
2083
-2360
148
-6996
3239
8222
6678
4080
8388
5052
4842
7278
7809
3897
-4399
6560
2979
7302
-6376
3714
-5044
-6974
3487
-7252
5191
-8300
-431
4699
9882
-1145
8865
-8854
2368
-2
7678
-733
-4438
6871
311
7982
2951
-2836
6319
6035
-1540
-5197
3263
-9157
3157
1514
-4020
-8770
7658
-5347
1509
223
7361
-1268
7339
-5190
1304
7184
8101
8838
-5020
5188
2608
7746
-6571
9920
-3818
-2390
-550
-4667
-5809
9362
4045
-5388
-2747
-7190
-8525
-7233
-8824
-283
959
4670
-6872
-8847
-5954
8730
-8291
3401
5534
-53
-9010
-4248
7580
-4509
2190
-8726
-8478
1453
-7687
3594
-1118
-8233
-27
-4239
911
-4779
-1651
8047
9810
5676
9638
-1040
-813
8963
-8441
-5138
-9317
-3238
5757
-6092
-477
-4623
-4248
-947
-3133
4933
3617
-2016
-1999
-5924
7584
-6017
-7016
2841
5920
3271
-699
4421
-2262
842
1750
-8331
5656
-2826
6633
-2398
-8448
489
3392
-5578
-3958
7762
-7846
-4642
-5194
-5314
7125
5354
-8722
-697
-3738
9655
