3712
0
2809
5206
7351
9298
703
6289
8452
9363
127
9552
297
6576
3994
3498
6248
1140
4823
9166
1102
5982
4735
4920
6898
6636
7078
4327
8244
9051
6651
9353
7435
6432
6155
9186
2643
7074
6866
7472
9868
4974
4140
2434
5401
4211
4626
7762
397
5703
8704
5254
1836
4289
9112
1028
2798
582
8617
7505
6304
5217
7604
7373
1347
3587
735
217
4566
6604
6767
2888
6856
2766
8159
2404
2093
9697
9652
4403
4680
4961
2643
816
6740
6224
8356
5634
9728
9150
9679
3428
244
4270
365
8934
2136
6798
7842
8678
9867
4432
405
250
4836
435
8145
1621
6887
5693
3126
9382
6009
2412
6714
2585
3470
2257
2294
9178
1279
4004
6325
1434
7010
2814
948
7162
8155
3682
447
781
9075
4111
6199
9410
8754
1393
2135
505
827
1329
824
5662
9462
3529
3118
4244
6153
7281
9780
9477
8208
630
3581
2649
3179
9844
2385
8810
6889
2353
1327
5786
135
4354
5422
8850
2017
6400
7055
1023
340
1232
2235
4644
7565
4056
3806
1880
7000
7668
838
7642
7778
4102
1425
9886
4658
3311
1215
1219
7206
7338
138
8516
5826
1
2078
2752
8651
3383
8164
9123
146
7245
6899
4536
107
6580
4164
865
540
8754
1675
1483
6085
6765
6073
2664
3973
1148
6469
583
3639
3758
4227
7391
9695
899
7664
2108
9773
6082
5065
3366
6994
8227
2761
405
3479
4298
8977
3290
1914
1142
7561
3786
6229
8316
7294
4668
1935
2223
1146
3252
1463
3328
5430
7078
2198
978
8329
4317
5411
6267
9064
5105
6138
3287
2894
1019
1675
8227
5890
2084
8082
4431
9969
7926
2126
1061
8955
7138
798
2777
3845
9707
6465
8841
5297
3265
8745
1606
5325
7172
3219
2837
4720
6181
7409
8886
2677
8768
500
1648
87
5339
2412
2597
2762
7476
6606
788
8767
9451
7574
8949
716
9723
2747
4051
4418
6567
9600
3457
5084
616
1352
2604
5875
3569
413
7852
7518
9871
347
7889
7528
5122
7899
1840
9354
1534
729
329
3843
4443
6262
2577
3832
1239
4504
3766
7450
5812
5546
421
9499
3729
1091
5534
783
5962
8272
1845
2307
6445
5348
8210
3388
9518
2241
6297
4307
7127
1229
4117
1765
3425
994
5921
9049
6878
1131
5058
4411
8278
2888
4404
2230
2421
5024
4182
196
5279
6807
9474
3117
9141
9471
1593
1997
6762
274
9630
6427
667
3284
5081
5115
1135
6322
7557
6449
7044
1250
5874
4561
7814
2489
2520
8727
2719
4912
393
3612
3669
6291
453
5862
3160
6635
8632
2292
7078
1437
5667
3133
3697
5303
3879
62
2572
6287
2890
2733
26
8892
7170
1171
1956
465
6807
242
8848
7164
6790
5949
3055
6834
8783
1629
8445
7162
7102
2634
257
9459
4359
4742
7219
1208
6243
6540
686
477
6977
4525
5949
6571
618
9870
8823
7038
4298
3435
905
13
5375
5472
5776
9172
5989
2280
4493
6710
8801
3700
1197
4104
7599
4698
2042
883
9241
8278
2697
7201
8268
6058
3963
5603
5497
1296
7468
9566
3788
2297
4568
9376
5395
2379
6031
7887
5419
8862
4099
5259
5996
6801
7201
451
1642
943
7687
4689
7195
513
6182
9940
695
9893
4433
3111
1900
2938
4163
4521
3401
3201
8417
8635
1434
7527
9464
819
7814
4657
1188
997
5413
2094
9292
8293
7932
7622
6129
1755
3084
5911
4220
1518
5667
7677
1305
8039
423
6977
1836
9640
7663
2692
9064
157
1736
3691
9807
9670
9241
7028
2751
4650
578
8216
9802
9478
846
2593
8646
9751
4124
2988
1220
3314
176
5907
6999
282
5990
1708
5585
6848
471
9431
6316
7032
4101
8992
6141
2906
4694
7952
7888
4055
5749
5326
3792
5000
508
4454
8893
8899
6355
6846
4064
9077
4526
9680
2189
7586
4776
6468
9684
9441
6349
3374
2604
3664
6502
912
5149
3830
2781
4844
4965
7523
5790
4682
81
8677
1047
3296
6056
6164
7796
9264
3321
8268
6602
8076
8961
9047
5436
766
2190
4550
6516
8168
291
3191
1120
667
4380
4636
6262
8878
2522
4206
9703
5865
6171
3140
438
7139
7110
7002
8636
7497
2825
6281
1025
324
6728
8720
7797
3896
4493
2712
5170
2670
597
1942
5972
9186
8605
1446
8526
927
783
1061
4448
6997
7680
6408
3043
4936
8268
3314
629
1413
9304
7395
6698
5961
7206
6172
8942
472
9618
6962
9794
2839
3546
5649
1214
3794
840
9579
6799
6902
498
7675
5717
6869
5440
4398
554
9001
8858
4659
5198
8670
8497
1840
1316
3271
4079
4670
7347
7180
6247
8775
7809
9161
1772
3052
6808
2884
4381
663
7037
2862
6438
9997
6279
9540
3108
1000
6625
4933
160
70
1047
2865
1650
8365
4957
7076
6095
9415
7521
1391
2803
687
560
7363
9473
9257
3757
59
6850
2776
3788
3343
3150
2925
5142
1597
2170
5744
5004
6101
9955
2131
9736
4003
5201
4060
3609
8373
3524
1112
3337
5872
4734
8717
3858
3821
2170
1752
1546
8700
975
8190
1093
7033
5572
8303
4492
3410
6709
8183
5752
8063
5140
1153
3541
5726
7167
2053
1704
4943
2952
7981
4677
4369
4290
1401
5875
119
687
698
8505
4660
3455
6449
4111
2473
2559
9212
2230
2843
640
6115
6170
4382
5512
2763
2168
4760
6118
2178
1460
1235
8932
5548
9701
7130
4867
4529
6581
1417
358
3517
7713
1625
45
2479
5387
6515
333
7108
5453
7573
293
6174
5377
5492
8233
3898
6282
9956
4832
239
3962
4537
2785
8895
8595
4013
3682
5040
938
8037
336
4595
4691
2434
711
2225
6933
96
1588
7520
640
4097
3588
9420
2711
4352
1593
3417
942
43
6602
7353
262
9781
5204
2085
1664
4991
3492
7981
6903
5436
8791
4179
2487
7465
1284
9775
8967
3227
7260
7758
5605
9106
6811
7884
6996
6402
527
2736
6046
1695
9244
930
9660
8236
4317
723
3849
2829
3439
1563
1612
9317
2105
5776
779
6376
7041
1014
616
5711
7690
7716
9436
7481
7427
5749
8384
7608
88
4369
7709
6816
6156
4612
9168
6189
1836
6537
5773
1298
3350
7554
1969
2928
6554
1694
4024
2039
4306
6700
8058
5915
181
5046
53
8266
1753
1065
6226
5009
2251
6682
2230
8102
153
7211
3980
4442
8864
9597
4872
621
2267
8093
3809
7053
2825
2286
4553
8819
7704
9855
1420
88
1947
7915
1947
522
9565
2733
7912
2431
757
7275
9195
9270
5878
9248
9766
7648
8412
5752
6114
9803
7029
6707
9388
46
4258
8549
1352
9638
482
4436
3079
8620
9170
648
3654
6590
8817
1121
526
5932
895
7468
932
5449
6759
4156
8965
9293
4901
7907
6666
8283
8612
8217
527
1490
1464
1942
2713
1852
3564
9553
9127
7828
5303
8219
4378
4662
3467
9940
5563
8383
1116
2421
6381
7993
591
4020
8614
2020
2158
9042
1179
5872
454
5675
3492
411
5997
525
8658
2620
1732
6614
4525
344
6136
4637
1206
2211
1082
641
1718
5658
6388
980
9126
9633
46
9486
1541
7314
5984
5749
580
4932
4312
6101
5413
8071
3024
8502
1207
6809
5114
5788
8806
3204
4621
2082
3754
1786
6047
5527
1345
2900
8827
6862
861
7452
402
3846
6427
7312
4952
6131
2852
6103
4976
5537
5335
631
9491
929
4004
2380
6150
9111
5196
768
10000
4808
3879
6736
5840
3166
5346
4819
7767
244
4554
4678
7006
4394
6425
5228
4957
6424
5486
7465
1301
2152
5196
4090
6110
5695
2556
2529
931
7338
3695
5743
638
2564
1998
2835
1148
7618
1827
5956
817
7010
6404
1189
5729
3282
1502
468
3750
6801
6804
9053
8454
4702
6830
7785
5952
9376
3798
4324
3831
2637
5171
8466
908
2723
9046
4799
2373
6927
7564
5227
7580
1524
3305
8654
1392
329
6240
6087
1709
7890
4696
6297
9035
4163
348
128
5819
461
8922
98
84
1516
4459
1137
8528
8739
202
4741
7573
2461
4655
9222
8195
9065
6661
3223
7162
5544
4311
8028
7059
2383
2347
5304
48
6323
8766
6034
9139
9571
9607
6014
5797
2413
7358
1439
2276
1631
4166
9133
6313
5881
9267
4388
2485
1765
9476
3368
7273
582
6158
8680
8040
8473
4519
9546
8159
8765
1648
4081
9228
3627
4328
8230
9607
3251
9659
4898
248
5477
1600
7343
4420
8443
5595
3792
777
8288
7130
17
3238
3664
1171
7505
9981
2123
182
7286
7337
8491
3775
6664
9180
9215
2959
8999
6223
2949
2565
9582
8690
7796
9610
7698
9229
5505
7921
7602
3076
3801
8909
2454
175
7078
9834
7398
3940
6638
7347
3998
1294
6334
3699
5774
6935
7399
2066
998
6347
970
2795
3584
7117
5781
5075
5997
6611
6411
9809
954
5332
6766
2779
8693
1117
365
3642
9786
774
2916
6939
4825
2751
6298
2523
3747
9738
508
2460
1766
4140
6763
5169
3500
5816
6194
5785
9071
3768
3616
6687
7469
8683
4291
3572
6460
59
5035
292
9721
4990
7469
6848
9243
8499
8185
1040
7807
1010
7592
2610
743
7454
3486
163
9720
3715
9647
7944
293
4850
3085
449
1869
6648
7112
48
6026
250
3389
2794
5076
3706
3363
7250
8510
590
5853
2847
8813
399
6954
8365
1233
7265
6654
7292
6601
8665
2472
7979
3733
5599
3740
3573
459
4618
6109
8761
2279
1838
5574
248
6123
1917
6004
2710
650
1926
2423
5085
6317
2326
9747
3387
3359
6302
9743
1880
9549
4835
2787
8628
4123
7995
5789
6278
7618
6397
3425
1556
2402
8871
8917
9487
205
6458
8790
5342
8116
1695
1404
8967
1602
3373
8861
5120
2197
2123
887
1329
4982
4030
2603
3918
9218
8232
1330
2411
5276
8360
2309
8266
6956
816
8661
5628
1281
3807
9711
1249
5491
1711
3993
293
2679
4442
8970
722
4230
1018
5974
4677
6020
9211
7937
4992
6942
2542
5625
5848
190
4356
146
1540
5362
694
4021
7996
5185
9734
3320
6833
4513
2811
5084
2159
2901
960
7102
3882
2343
1247
392
3430
1059
3569
3505
9599
2476
5120
1490
1760
7113
3887
9557
8517
8602
2827
6469
8914
1578
716
6614
8604
6728
9870
9959
8824
5502
7951
9718
247
9706
2433
7495
9419
5899
9089
3642
1859
9260
4521
542
3383
9785
3300
8672
7391
2943
2507
8383
6055
3884
6855
2037
4120
6794
9961
1792
1725
2022
4372
7380
9908
4378
4093
7372
350
8195
1837
1179
3933
5580
1410
2980
7004
857
2957
4914
5338
6081
4167
6037
7366
5524
7806
5960
9688
1620
7532
9547
796
1949
8179
85
1721
715
2664
2791
4265
7808
7550
4993
1796
2666
3320
1523
7645
2970
4085
6943
12
840
7847
3998
9750
1658
3284
4193
4571
6521
3020
3501
6096
5164
4060
9885
5314
5109
4989
3719
9552
9089
928
4477
1230
1588
1273
1341
8257
9826
3143
5487
1764
8513
2512
4412
4652
4665
8453
3121
189
8563
6529
6332
4871
4481
1399
588
1226
4711
7360
4265
7889
2586
9873
8601
3874
9450
4084
3643
7011
9307
9697
8684
3967
4676
1689
4624
2285
2097
892
6061
1394
5774
484
7561
8649
3748
9374
6057
9819
4496
3132
2513
7478
3157
6612
135
7181
5216
9712
1746
9016
7139
9734
3966
1343
6757
2759
6625
8293
5905
2062
6573
7733
372
2841
3700
9353
238
1365
8094
2976
1918
7943
5092
4773
8394
4133
3093
2636
4850
6096
7869
8820
5454
1170
1950
1420
3501
5245
8683
7269
3927
725
8612
4540
2893
7910
990
6175
1575
1883
9194
3691
1245
6824
6312
4174
5226
9671
7637
4276
8984
9004
3018
5977
3836
3545
3529
1021
8070
7235
1799
6259
9841
9221
7276
2779
6327
898
385
6091
8960
1444
8473
5339
2636
6633
8312
4410
1281
6991
8194
1219
3230
940
2190
6803
2847
4396
2445
3914
8178
271
2773
7897
7689
1469
9980
2228
9303
9627
5012
4180
5484
6793
2160
3941
6014
3723
6577
7514
1339
3564
6844
6593
3247
9075
1036
2640
1030
2414
1116
4220
4641
6183
3317
3678
80
1550
9191
9754
9068
9003
8847
4051
268
986
5822
7230
8673
6277
1564
5762
6883
9067
4090
1005
7089
7133
4239
4103
5192
6042
1428
7004
4270
3171
5931
2895
8729
3823
4109
1895
1473
1965
5431
5469
3614
566
3895
4610
2284
1563
7334
5393
6341
5821
4016
3111
7421
4785
9170
9513
9071
3384
8597
5792
5419
6490
970
149
451
8586
10
2002
4846
2553
8640
227
9368
2083
7350
8276
2658
741
51
7921
6798
8892
6251
2343
6021
748
7248
1028
2106
2784
398
137
8468
4033
2685
9784
274
1938
706
9446
2173
5204
6703
9721
7553
8919
2401
1797
2150
272
938
1458
3328
6857
3669
7682
565
2967
5426
6175
5003
7869
658
6044
2749
2236
7322
3752
8884
5158
2959
5534
4568
8226
2573
9780
6701
7212
2099
1499
7548
1535
5925
8707
8672
2697
3156
4892
4674
3729
7833
5872
7223
1078
1771
5529
2483
6431
3257
363
5349
4446
7520
1641
9365
6185
2327
7906
2519
8543
2808
607
9120
4441
9317
7972
3065
9025
8814
8949
5104
4717
86
2599
6661
3728
203
9569
7003
2119
7856
460
2679
1341
3945
5594
9509
7054
7899
6849
3924
9489
1148
5230
6257
4133
6785
4288
8962
8556
8214
4817
3487
571
8931
8815
2340
3970
3063
1281
5474
4998
5584
39
8971
7405
9180
5238
5620
1432
9546
1350
4604
6179
7609
2259
9310
9591
77
9016
4243
8444
3359
3524
7319
5417
4299
9851
1477
8878
1500
6584
4972
1616
7984
8045
5947
7155
1974
3659
1368
602
7305
4314
4228
8672
6308
3701
4025
7030
1391
7833
1109
8818
6920
7214
6067
3902
4026
3462
2505
8066
3617
1663
4114
628
7244
4664
5682
3512
3964
726
3336
4933
8902
5515
2838
4408
6783
1046
796
1022
5158
2083
7255
132
7595
9436
147
4458
8379
7409
8554
4784
4749
9421
94
3913
3894
8602
7831
5246
8311
1505
7937
1398
7121
5111
5806
5872
2156
6516
7344
3563
8319
6521
2174
4645
3754
638
305
3133
4802
9550
8883
3359
4987
4779
7699
4243
2379
8703
1795
8054
1447
283
3076
5307
1715
4097
7844
1701
6347
4546
5279
6492
7272
2810
3595
2316
3180
8219
3947
5358
630
8341
6573
8793
5783
2798
9401
2159
9562
8069
1910
7520
3009
7544
4811
4217
6140
9208
3621
4979
155
9415
1022
3450
4113
1772
8179
1797
9631
1584
2881
1502
5987
8061
5152
1980
6057
9258
4016
967
2846
7393
176
4772
3284
805
7391
9819
4861
7868
4224
4852
4797
4169
4845
9081
1858
2501
5269
9718
1264
1307
5764
552
1581
3190
885
7309
4475
8370
3773
712
2307
4880
6393
4056
9342
8044
4226
7685
7253
7377
592
7097
7736
5382
8329
8853
5872
1940
2467
7502
2539
8668
3834
4715
8030
3272
9067
485
6774
3378
4496
8403
5718
5565
1668
3106
6242
2385
3824
6753
6262
8138
8319
4099
4587
7986
4540
3963
614
3358
6066
1001
4468
9497
9716
4896
6468
9130
8646
7535
2317
1448
4540
9238
504
5430
1609
1938
9966
8946
6316
4160
9051
5249
1665
3863
9758
4759
5259
8445
4299
6251
8387
39
2139
5294
6704
5989
9627
1642
549
2563
2308
8909
8696
3704
3285
8077
804
6795
6715
7257
6910
4052
8426
8143
1136
8466
3356
9272
8875
5348
7213
2085
9613
5219
9915
289
3183
4571
2421
9463
8817
6896
586
4377
5590
8040
8885
601
6322
6901
3283
537
1462
6607
5157
5211
6646
1031
350
3318
6493
983
3687
7044
6809
2342
1811
6796
503
7361
9633
4810
8962
9252
4343
3170
4776
9944
850
4899
8634
7489
3565
2761
8858
7826
6238
3171
9671
3357
8243
5060
9266
6688
9383
7474
1223
9833
1720
8006
8973
426
8889
7425
9474
2670
107
6876
3366
2214
8195
1190
8232
304
3735
8556
7285
5344
4245
5168
1812
5582
9938
577
5219
2255
8832
4288
6269
2234
569
386
1937
7794
3927
3366
5536
5434
5475
7433
8301
6533
9511
8391
503
6583
5010
4413
9921
4667
6865
275
3109
2795
8201
7523
4024
9647
492
54
8444
5129
9990
1654
668
5087
2040
8950
865
8218
6486
4542
1159
2428
3251
6071
6515
6591
9993
8797
790
9647
9372
1055
8458
125
6926
7794
5679
3124
3622
4749
9437
1825
5094
2863
3805
5043
2719
2728
80
3133
3417
5646
1641
7496
7197
4964
1717
3576
3347
3482
2155
7810
8865
7877
6236
8694
8280
5645
791
1355
4486
3992
677
6240
7642
4599
5578
4521
7140
8032
9698
254
9587
6982
8708
6391
1835
3364
4561
9008
1200
2983
8819
8946
8021
2069
5941
2359
7767
7989
3856
285
2224
3590
3696
4581
6816
2645
1893
7966
256
9460
5492
6533
9178
264
714
7586
9641
7972
1280
6999
4792
8967
8943
9931
9448
3580
4768
2928
7063
2389
1456
4485
892
4884
6704
2357
7761
8069
3948
7250
2308
4248
7680
5615
2830
6820
7699
1427
6975
7742
7182
1451
1252
9776
5826
1151
9323
5502
60
9209
1345
1269
8600
300
6496
5911
8653
9842
3389
5396
9706
4741
1623
6197
321
185
5729
7400
5737
35
7333
7172
7357
9033
362
3416
2383
2896
4599
1040
2758
7178
2473
1982
2755
8545
7956
4833
9031
3452
4785
8482
9708
5973
3558
4721
2976
5028
6114
8251
2493
441
5871
4320
9006
5550
3707
491
2957
4031
9895
5334
6604
5476
6825
9914
2816
9222
4576
9181
7107
8046
4776
8031
8670
4542
3071
2425
3280
4807
364
2112
6414
9977
2689
34
5238
166
9766
3513
1016
2517
4655
553
7068
8487
9684
9497
7292
685
1684
5410
520
1693
3966
7592
6616
2234
1538
4792
5870
9819
3791
2299
8675
9020
4474
2858
1817
2497
319
9691
7366
1194
1816
8252
3270
1702
9244
3534
8337
504
681
5108
5426
125
4535
893
2008
2677
6686
6801
1297
9108
8745
2794
2949
2384
5563
1971
3680
3980
4617
8490
5214
8929
3149
7647
459
8221
536
5721
3638
595
9700
7217
8595
3819
9691
7467
8956
5569
9466
536
3370
3980
4962
3828
7940
2386
618
9868
7243
2459
8678
4061
757
543
9646
3828
6503
4657
3715
4982
4202
533
7659
8050
1844
9575
5354
4846
1827
3907
9758
8099
7552
7187
1162
3316
3049
8353
7706
8494
3090
5457
8575
5593
163
5368
5464
8601
4120
8036
8815
7237
8113
9868
7015
1508
1794
9170
8203
979
4298
3072
9519
4920
770
5532
989
9760
7048
1560
2490
2791
3974
2743
741
2190
805
2080
5116
5556
1477
7311
1272
4189
8773
2124
8243
6697
3392
7679
1368
6155
3092
3192
4817
9140
8501
5825
5655
3935
1060
7902
7564
3813
4356
7769
6164
5504
804
3882
8564
9933
6122
5162
6859
7743
500
1534
3027
3855
9825
2128
4918
9134
4478
4258
6294
6022
1872
5068
3964
6744
7398
8284
5296
6267
4356
6471
8253
2577
6489
4507
6206
3766
4285
2257
7536
335
6760
2795
2692
9568
6388
2658
2126
2541
9311
2873
6314
7432
5239
689
202
6575
6836
1730
8822
1549
7197
4202
8609
6495
3873
5877
4653
9844
1265
8607
3009
9648
616
7820
7108
3263
679
307
7155
7601
1773
6950
3803
7079
7947
6550
3388
8446
7773
2513
6083
5360
3688
1853
1104
7288
6645
9647
7436
6956
4301
2601
3818
4225
4857
1097
5008
2768
9091
9116
9623
5347
2606
7922
9679
3132
7633
2238
7411
2607
8042
1035
188
4031
5239
4180
4823
3488
445
8597
7702
2361
3018
6116
6408
9766
5003
4236
3029
5943
2756
7406
2710
7993
2211
1999
574
9895
7194
747
8425
9365
3373
2865
9146
7152
3110
9488
160
4133
4736
1956
1291
9770
7316
618
8355
7811
6058
8935
5646
6914
7420
2853
6120
1601
6421
8701
1893
3946
1588
8683
5467
4040
9308
3337
5478
4055
216
6776
4854
8087
6778
8877
428
6583
9140
1755
6657
5800
6434
3815
6839
1338
7206
168
4267
8111
755
3781
5303
2573
5874
8960
8741
8217
2410
3766
4732
2389
4102
8405
3259
3034
5
1123
9672
8084
5567
3873
6648
255
1533
260
4486
7648
9449
8721
925
4797
272
5623
3972
2212
7490
6168
6890
9900
9202
7286
1701
1637
9648
1334
1303
293
6729
9315
58
4904
7564
4939
6627
1251
6269
9642
4024
4581
8279
7145
572
808
1172
666
4674
1760
8797
6970
4443
5068
3491
2948
2650
8750
8039
2276
2626
4410
4400
5949
8456
8727
5976
4699
9498
8276
1492
9160
6790
6550
8402
2756
8548
316
5859
1182
3621
7142
7982
4608
3863
8660
6768
8313
3880
7
8930
9873
6973
2470
631
4380
1579
5989
5025
1912
4243
8364
4215
4821
5550
3828
8842
1050
4151
140
9506
8515
286
8887
7573
1399
6355
1811
3952
6199
1715
7922
4495
1123
1193
3815
4898
3381
585
1934
1878
8536
2174
1796
7161
7271
8922
313
886
5080
4828
4864
8121
9800
4423
6424
3079
5324
2855
2884
1788
4771
869
7160
591
5827
2456
2376
8356
1400
482
1875
7641
3106
7835
4264
277
4850
838
1244
9431
8642
7328
5203
6896
8275
1233
967
6108
9732
1781
6832
7650
9858
9060
8620
4201
4213
2102
3937
2565
1589
4435
1107
2582
8160
1496
6660
9575
5432
9464
1014
7598
7788
3550
1453
3253
9770
7918
3073
7697
5971
4855
8471
2838
3074
4409
3018
9291
8518
5456
5949
4815
3687
295
6232
6793
6695
1116
7479
5725
7288
5967
6365
433
262
4985
1894
7404
7663
686
277
1700
9362
6564
6092
9885
6349
431
2383
4604
8967
1641
6278
6785
4606
7367
1011
9499
3562
2586
6811
8581
7598
2285
4170
7146
1730
523
2727
2814
7195
7169
1066
7615
3107
2243
4073
4652
5117
8748
7855
7605
8322
5076
9686
5940
3050
126
6810
8452
1340
5533
7898
8493
606
1816
7839
2735
6052
5918
1130
4398
6307
2468
7312
5127
2410
1728
8360
4259
2201
6802
6287
5951
3652
1863
9390
2465
9036
3546
2134
2209
3187
902
7189
9020
122
9286
682
2743
6130
4387
2829
1828
3997
1175
2907
3661
2943
7343
8283
5403
5800
8019
7222
2364
3921
9799
7061
