4689
0
6916
6189
7941
2251
2573
7188
8721
4929
8257
7511
8843
6915
8720
727
9566
9902
6222
8929
4473
5084
9367
1414
6916
3023
5745
7935
4935
4162
7599
4055
4137
5939
1992
3158
7500
1553
5053
5743
4697
7648
3833
5539
7599
8008
4704
5760
8745
4664
2879
7131
2050
9108
4977
8496
4255
9121
7761
6220
5918
230
3655
8316
4250
3646
2439
6520
2380
7198
706
9715
5556
5544
5835
5735
8180
1617
9619
5159
185
7998
7149
1623
5485
189
8483
3815
9285
2671
3567
7513
2267
1824
4651
3347
524
2845
7663
3312
6993
6010
9941
5204
1969
6530
6219
1991
446
1147
2341
3527
6861
8571
1934
453
8029
4335
2777
6269
9200
284
1066
7771
7403
8092
109
5501
3014
1603
7561
5250
2696
6844
3851
3801
8241
6847
3290
1030
6040
9414
9043
5004
8584
9603
7077
2468
3046
2815
7419
3000
7796
5503
4297
6392
8868
1611
5993
9423
7853
4594
3396
1550
6624
8502
4549
7675
6101
1259
9484
3043
7808
6070
657
9689
7966
560
9921
2781
910
5095
9212
7212
2339
332
6498
3602
3376
1587
5981
4923
6848
1146
4978
5080
1731
7954
3386
6262
679
4267
5230
160
4709
5135
6001
4785
7755
7623
4902
2489
4516
4876
4309
1715
9985
5224
663
9986
7757
8420
808
4205
6559
4724
2913
5758
7381
7806
5082
2883
4188
9924
8752
14
8828
7849
1986
1970
6838
3787
3164
1289
2262
7332
3898
7676
5455
9439
9937
3316
3111
5712
24
8032
6524
6028
6928
3298
6238
5697
6977
2512
4387
9606
2353
8216
7977
8074
3029
2869
1807
3230
2
6005
9817
8023
8218
8008
8517
9601
1235
8369
5050
2560
4624
1204
96
100
1959
9651
9794
4741
5215
2358
7719
8168
1256
6485
8185
5257
1611
2001
1176
7736
2619
4662
4060
7185
7006
6866
957
4803
1813
5412
1956
8066
818
149
9476
3018
4354
7117
6207
1220
7905
1481
9792
1895
1569
6649
7041
913
5322
5187
5030
4629
5185
2292
2550
1307
8010
8054
6888
841
7588
6572
3057
3797
4238
6760
2660
1946
3504
6990
5685
5632
4867
583
571
4358
5576
3524
7328
6979
146
50
3766
6638
2212
4506
1975
1825
4717
6520
892
7232
3742
8326
4634
998
9627
2930
9029
8288
7160
2109
2737
2062
4694
2494
4857
3001
3558
5252
9097
8215
3163
8055
4424
2839
9654
9022
2111
2735
6595
2345
1421
7875
6446
9986
5873
3282
9196
8811
6096
2762
5777
2821
9991
9481
4541
5741
9732
3469
3927
5940
1517
6110
4924
6994
9110
7199
2763
3411
5222
1905
5563
8202
7819
5520
8337
5105
1944
1999
347
2946
6544
7917
4820
2710
4308
3822
9663
221
2175
1822
3897
1289
5261
6932
3402
6272
5075
6874
4143
1536
4884
27
7512
6950
765
2702
5895
7529
3141
7103
2568
9868
7124
4821
6033
4507
167
540
8613
5763
8655
7122
5415
3651
1071
8214
1028
9846
2977
4580
1586
2999
9707
5718
998
8782
7002
2097
1066
5458
1605
4334
5310
1287
8011
420
4063
7841
937
6866
2933
4112
8966
2001
5124
5327
2025
4366
5366
6551
355
8696
8336
5334
8515
7561
2733
5469
209
5108
8285
6551
9500
2329
2632
6490
6535
910
6159
3553
5543
164
427
5791
9913
6629
4314
445
736
5617
2642
5409
3742
3557
8470
9550
2471
8593
7217
783
6277
9529
6421
5707
4327
5529
6379
2819
6505
2304
2898
4141
5285
9329
9344
5392
8945
910
8271
3447
4828
7188
2659
3659
465
6591
4462
7409
4205
4410
7086
8524
9550
3318
4754
7916
5874
6279
4113
4552
8914
3657
4647
6329
6509
755
6378
1916
9472
4645
2794
2936
5264
2340
2550
3054
5881
920
4109
1698
699
6866
9453
2755
8020
5140
737
4447
4282
6628
5730
7655
7232
5006
7576
6484
6119
6556
8348
4502
3122
5406
2210
4074
1683
8482
7409
9062
8381
738
9866
8386
8773
485
1936
7245
5273
8383
5422
4181
3976
2623
6535
6019
5799
2392
4956
7914
5289
1925
262
8188
7803
242
5562
1279
5891
925
479
8948
6669
4108
4648
1538
8540
4762
9807
8201
1060
7563
4035
7521
7450
403
9248
7098
7160
4502
2976
3365
9450
3357
6738
2812
7047
2972
8918
9874
1982
624
5847
9037
6519
6014
5971
6901
916
2733
230
4081
3637
8668
8711
3948
1298
218
4125
1766
7455
288
2209
1484
4207
5122
6427
4311
1131
9114
5786
4382
6611
2291
6503
4021
8873
3419
1185
7082
5322
5518
9917
1696
4285
1424
3587
1768
662
6855
6146
491
5360
4763
6642
2820
3173
6523
3044
6241
8051
6039
9182
4114
2172
971
343
3591
8516
7018
8498
7901
6147
8830
4299
7804
7944
6002
6311
639
8091
4380
2056
9614
5273
6131
2549
6557
5635
4491
357
9664
8294
2122
9483
5352
3556
9131
8667
9261
406
9821
4827
6672
1588
6114
8553
8241
5462
3260
2100
5931
8657
4746
3095
1558
8559
855
3741
9720
9986
5902
8332
7311
7410
7380
6793
4987
5349
9056
9376
7380
6172
7040
5294
3997
4294
7279
5977
4313
704
6375
2926
7909
5851
7847
5607
6696
9168
2052
97
2913
2442
3524
5780
5942
7072
5336
8601
8998
6123
5772
3267
794
164
7215
1105
5393
4429
518
1915
4271
5028
6001
6141
8125
6522
9421
745
3689
3097
5980
7056
2215
1861
411
2708
6246
5538
9511
7508
8953
4922
9549
3702
3964
8080
2269
7681
4874
9933
7809
9431
3888
8589
2008
9363
333
7284
3177
4473
5023
6303
9515
6995
5649
6528
973
5851
3633
6228
2729
1169
2706
8475
2304
9433
5295
9240
1230
6064
108
180
6847
9538
1446
2213
121
9020
8654
90
6351
7105
2127
2060
1083
1494
6225
2089
9254
2854
9854
7073
5468
4666
679
9424
7199
5589
4905
5128
1608
7223
344
488
426
665
2407
7121
4313
9016
4495
2753
7364
5529
905
6583
3623
2981
3086
7788
90
7507
3650
3935
7017
919
6788
9497
3952
1181
7732
2702
7834
8256
9960
5367
1516
7240
3051
4672
2856
8379
536
6420
4076
8166
272
4369
8239
311
9833
1733
9690
1296
7297
3282
5568
9491
3041
1750
8110
4023
7001
5547
9945
7141
3665
3056
8460
801
5126
5599
3151
4842
1863
9285
4035
927
5535
7149
237
8113
8301
7023
3721
9875
6954
8425
114
4835
2217
7863
4228
9784
2976
27
500
3146
9067
3193
968
9319
7815
6157
1418
486
9594
729
6823
3239
4995
3434
1278
2748
622
5995
3510
6213
4987
3203
3453
6776
9934
1639
6151
2219
178
7293
2666
6490
2843
9232
4768
7822
3480
3222
5303
4367
1528
7862
9131
2816
144
3240
5047
4131
6044
5247
7874
3407
9706
6727
9082
9143
8758
5700
8447
6679
2594
4928
3057
1883
7629
329
8887
2392
9361
1050
6038
2828
9713
8300
5682
1687
5588
6409
1968
5428
3329
1223
2012
5952
8082
2618
5090
6793
4560
1035
9025
8949
9455
6255
1858
5183
6727
1136
8961
3612
4858
4702
8287
8059
2425
6682
171
5587
3925
5896
9830
9893
56
9834
1286
3751
723
2400
1803
6021
2622
9879
861
2981
3191
8676
2844
6488
9567
1034
4395
9878
251
7561
9468
8175
9873
6692
6999
9873
3577
2440
3612
8574
5964
1874
4065
6862
4584
8842
8959
8624
386
306
6150
9425
4801
540
2674
9251
9025
6014
5160
9283
8056
2549
7923
587
2148
4831
2186
9942
9604
9373
8021
2948
3711
4512
1199
2961
7691
5307
6195
4525
642
8809
4734
2609
4457
8736
8279
9172
2114
5524
4479
7667
8539
5498
3823
1868
1068
462
3029
2777
3383
5331
3424
9323
2234
7925
9068
2647
9352
4646
7603
3274
7226
4256
1476
7966
1802
8920
6613
2339
2360
1493
2937
5497
3560
8468
5427
5417
2103
418
900
4279
4847
5813
6307
7746
7434
5588
1112
5128
7207
5268
8698
9704
5194
35
5536
8740
2679
194
3099
5498
8504
1340
7634
1760
3387
2740
3136
4514
3605
3343
5552
3301
8271
8770
6698
6348
4843
5026
8954
3281
6601
2604
7571
6051
9119
904
5320
1704
996
819
6565
4608
5657
2264
3507
8150
7879
5480
9793
4106
171
4647
3089
2573
8065
3895
2582
1771
3667
9664
3043
271
8966
4447
4633
8886
9172
6176
8788
671
4646
5963
8997
1256
9064
8788
5793
2364
3522
6374
3944
6352
3450
2952
4787
3593
4901
8138
6308
3781
4050
6134
5226
1209
4820
1141
2163
1393
5849
5364
3511
144
6618
7050
2924
1514
1123
7663
5804
8945
1269
7571
5041
6157
4111
7186
1903
3142
8
9552
9435
4145
2655
4376
3811
9151
2421
225
4943
4898
8188
5781
8716
2417
8414
445
9440
3094
3789
2207
2176
8833
5557
8021
3342
2299
6503
1156
6354
58
7544
2279
46
3975
6496
4735
1186
3508
2346
5776
8657
1127
906
1950
5564
4348
2405
8641
2552
761
9523
5740
2211
7375
5577
6495
9545
5083
9722
9728
3754
518
1807
8346
2192
1867
3940
4727
9294
8538
1720
922
4502
5196
2870
5940
9224
8138
7678
4726
1140
7196
6797
4503
1464
6829
6237
1852
3250
9622
8185
4302
2017
7639
868
5463
3410
6667
2169
8104
8780
8498
2359
9313
579
9538
6763
5985
3153
791
4750
9147
5918
3466
472
236
2188
9763
9459
5431
3329
6606
1511
1421
6153
2259
2556
1880
5908
5834
428
3417
2282
2073
2689
6557
5695
5521
8705
9882
8121
9689
2609
4104
6368
8827
3348
130
7048
8358
5783
9891
2916
2622
4159
7946
4691
2176
7150
5966
9959
5780
4104
4649
742
5652
3442
9417
7931
2691
6221
4690
9193
7108
6313
839
9685
2820
4231
7391
6446
404
3850
7844
8508
2691
4919
4248
1892
4838
1518
9063
7789
8008
3144
2911
6342
4217
4834
2111
1025
2462
3291
6190
8200
4412
7763
5556
6426
2111
419
6197
6508
2835
6194
3115
4801
732
9492
7456
5298
809
9917
7437
3748
6564
4160
4790
8462
9529
6413
9770
3384
9084
6627
4326
8127
5074
9791
7585
8110
5259
8580
3258
8400
8390
1382
6134
9582
2717
4284
1775
6682
8100
537
4783
454
9526
507
2052
7137
3520
5917
8678
1886
6774
2084
8543
5478
6330
6691
317
4079
8149
8225
5425
8357
684
4070
432
6230
6099
8502
3833
6122
2819
6858
9732
249
4867
4503
7987
7428
6603
4620
6177
5834
6558
1026
3233
8901
9079
2468
7230
436
1253
2744
961
5076
142
9856
3264
4182
1413
1141
6644
6331
6466
2158
9666
9203
7655
6599
2202
4098
6196
5933
4397
7815
7768
3175
201
3909
8154
2255
3921
9722
4305
9275
3295
9625
665
1748
562
6502
8792
3003
5327
3187
7538
6764
9253
3574
420
632
8172
2023
9842
8403
1811
636
4240
8276
8307
6770
7867
3867
6078
1272
7235
7695
1621
5493
7354
877
4601
4603
3405
6780
4306
8249
1192
6214
9055
9912
6825
9688
8096
2475
5294
2827
378
4867
8868
6241
5407
8212
2338
4522
8
3159
4097
3944
842
7890
5537
8305
5160
6354
5293
8250
7904
9522
7613
2876
790
8564
3929
4371
6559
2375
3228
5930
8167
3599
4469
4299
7732
9872
1853
1426
7693
8532
4602
9199
7859
3524
9887
4226
6791
6059
2254
6841
5405
4708
7800
4820
7159
4459
5551
4812
1030
3278
8825
3373
5362
7662
2255
527
3984
9789
1800
779
9113
8259
53
1076
9017
8318
4360
2190
1122
1338
9389
1838
2502
9440
927
3488
2126
2521
3294
2136
1084
7768
205
857
1073
4761
8826
6801
6177
207
9011
4899
4068
1625
6156
5582
9256
5664
8859
2325
5630
4833
3197
4070
1022
8623
4144
2892
7181
4444
4145
6335
3166
2475
5803
4115
6637
7724
7783
2955
6978
8407
4065
4311
508
4013
8850
3653
5486
4862
3074
3530
3912
2154
2988
2622
2640
3446
5781
4697
8431
6372
6694
7610
7331
3005
8417
1656
7067
8283
9566
6233
251
1653
2042
4108
5874
2443
7423
7826
3536
6127
4166
8116
3757
3385
6971
765
5306
8644
373
2417
8386
5375
578
7967
7905
8236
6646
2582
8287
7245
7513
1128
6934
4195
4249
5677
9132
3724
4969
6573
7188
5223
323
1537
2493
7971
2473
7417
7994
515
1322
7152
6156
103
449
3100
5011
5802
105
1735
7231
9677
964
9032
4260
4919
3164
2808
8196
3490
3199
8183
5538
8162
3795
5590
2496
6125
55
5788
3766
427
6201
9805
9352
2923
8321
1900
7931
5728
8888
2704
2175
6943
2242
1289
8496
4981
8816
3018
3358
1194
9451
2364
4956
5339
4809
1248
1393
5960
7508
5747
6229
2519
8165
7418
5405
9607
6122
5756
3401
6275
7536
416
2975
5586
1505
2387
661
1685
5120
8289
9895
2762
7127
9380
3121
6472
2454
4054
1921
7570
3495
1552
4878
4632
4865
5164
2559
4201
5467
5740
9523
3559
3381
3194
4334
4255
6854
7034
2929
1146
1214
7732
5385
4141
1157
1586
9905
4832
698
1726
7150
5020
6070
4754
1332
3723
4298
3249
8509
6048
2618
3410
7147
4513
3430
443
4556
1258
9047
8439
7034
3506
1924
4281
7490
7291
1445
7253
8948
2394
5321
7689
5875
3088
9198
7884
6464
1529
4388
6046
1084
6959
1320
9049
3831
2308
8964
1459
3429
1490
9761
918
182
5506
9813
7034
5061
2707
9280
7099
4050
490
1833
122
5671
110
6940
5317
4065
1340
5066
1162
6073
1233
8338
2357
5949
5172
1739
8693
3808
1405
1659
4490
2399
9684
4324
3826
5227
643
696
8366
7378
8081
3344
1039
3737
3427
8692
4768
3987
4747
9972
7303
8495
1678
9778
7988
6683
1335
3260
5328
7909
1020
2419
4914
7111
7439
1833
5317
2734
6928
2399
5924
3192
9859
9687
6062
7775
7774
3631
3348
5830
6242
4400
4474
3342
7222
7039
2184
2726
9260
2101
5110
9599
3707
7800
3865
1552
7509
5692
3755
2956
8984
1548
7156
8985
5729
7985
82
8542
1377
1675
152
5527
4472
9586
4077
9386
4728
46
3066
5863
6072
8215
1876
9642
8306
3273
6952
8675
3215
7073
2598
8956
3507
168
3091
6577
3086
8977
6921
7342
5416
5393
3255
357
1635
6396
9858
465
5
9705
6286
3091
3734
3306
22
9142
1689
9320
1897
8985
2491
5244
9985
2066
7842
2063
6283
1344
8262
8028
7389
5392
7078
7512
5313
7200
7913
3247
106
2208
1068
5512
2927
6631
4705
2991
6321
3554
2380
4456
8170
5000
9409
2398
3160
5653
229
5654
9415
5328
706
4435
406
1000
2986
8025
1707
7476
3085
9335
3003
952
3569
3034
8314
900
7043
2526
3304
6208
9133
3073
5204
8564
8172
217
3158
9074
1150
5954
9738
3772
4402
5207
9957
6892
1974
3791
2347
3270
3115
9590
1921
2707
6612
3903
149
9434
6831
9284
3989
5026
3331
2629
4640
4836
6974
7070
6279
9682
9110
8277
2358
9370
8787
3592
4391
3429
6400
7036
6332
9528
417
760
4391
5288
2494
2320
8037
7126
8614
1284
8773
4826
3786
9158
8501
6596
4865
7934
1083
1872
4943
5732
959
4377
1210
8626
1172
8886
2273
118
9308
2215
793
2146
3129
5357
7317
7130
1859
6161
8866
2194
2113
821
7374
4480
5853
2273
9671
2736
6310
9731
9018
9798
9857
1773
6661
288
1618
8775
5547
4578
8558
5161
5635
2791
3557
3784
7972
8873
3068
862
6337
5970
5603
4334
1094
2061
9649
3958
7347
3787
2726
3343
3988
4529
5069
1134
5475
9257
2485
4124
9729
8228
584
5520
5629
5876
8443
7600
3126
1276
1921
2154
9081
4600
8243
1622
6711
5006
8552
3668
5759
822
5081
1070
2253
3598
9798
2610
6626
8635
2985
189
3014
5672
7972
6967
5157
5058
6865
6066
9410
9607
8369
6991
4215
4613
3927
3834
1202
878
1740
2353
7068
3871
2019
472
3279
8671
5920
5642
1855
1885
6433
3473
9682
9885
6963
2034
1773
9686
6718
637
3843
6661
1200
2037
3702
5859
3214
338
1079
8290
3512
6389
3411
867
3802
9117
3892
7892
4911
5754
2310
1141
476
3740
7161
9488
6166
9580
5340
419
8973
7559
5972
4388
7672
6840
9955
3508
1095
8645
6258
1284
3344
5507
2122
9743
9798
4139
7927
7772
3707
5726
5611
8785
6300
4182
4310
3620
7964
5498
6823
4358
7304
6710
7837
5069
1693
6690
4259
1119
7415
8423
2817
1591
7479
1784
1271
8740
1157
3421
5546
4837
7870
6278
8540
2058
3134
7455
414
1388
1156
4850
756
7508
9069
1042
6170
8030
6752
5128
1989
2880
414
471
7015
8192
6153
4385
8115
2745
5266
9049
4210
4622
7673
7457
1590
7514
300
2921
5632
6200
1209
7594
3526
7466
3109
810
4522
3009
1865
8703
8876
5464
5396
5280
566
8594
236
3417
705
4839
148
6614
30
2986
575
8974
9352
6655
4098
8314
6829
9286
500
4274
8550
9992
5173
7640
9799
1780
9186
1124
3956
2412
3386
4356
1811
979
9170
5270
5197
6890
6974
8359
9990
1973
250
5046
9413
6123
967
7334
6005
7859
7917
6268
6842
580
8965
2691
4782
4233
8616
6147
1275
2528
9950
6717
5621
7202
3904
3587
3805
4815
8189
2625
6110
6273
6480
1018
702
8083
4715
1088
8128
6823
2442
3607
9946
4878
3958
7276
73
8188
9550
5982
815
7725
801
7220
4256
5988
5899
1509
6577
7551
5117
6683
1046
8690
7217
673
7183
4154
8534
7908
921
3475
4564
9500
6136
7871
3653
7453
7642
226
2749
5604
4374
6003
5127
6698
1797
8605
7041
101
4849
2012
7348
3693
1065
2200
9217
4542
8506
3963
6375
2891
5158
7913
1823
8213
6966
2633
9369
1356
2459
509
6304
6875
3334
6660
5742
1667
2172
6763
2620
6115
6580
2977
3206
1687
3409
9077
2684
7967
8969
8954
8465
1007
1779
9147
4828
5668
5858
2338
7923
7247
5254
8879
9866
5743
8254
2635
743
7176
3791
372
788
6248
7753
3571
6618
1762
8194
625
7931
7650
270
9240
8165
9834
9511
1777
6701
1776
4528
2023
9755
1362
1293
6529
3475
3939
1727
4329
1826
8972
1193
2787
4950
3596
7098
6887
2174
2820
2181
9893
7823
7137
2243
4873
620
8628
2041
7549
1269
8567
3646
6797
6385
6916
4558
9103
4243
2326
3345
735
6895
5201
4911
8646
3392
3947
382
3870
5551
4234
5215
8463
6999
7268
7569
4684
2857
9097
7018
2417
3912
2365
6394
9375
1937
5114
5290
9213
5556
4874
9794
3502
5224
9961
4035
3434
7305
7527
9364
2545
466
4183
7544
6738
5488
5880
7366
4929
8766
743
7335
336
6107
9424
9678
6359
9645
7624
342
7629
621
170
3062
9614
7149
6127
658
4045
7276
4007
1506
187
5678
273
5568
8305
1915
3199
2526
8078
2213
6755
3658
2307
1037
6032
1244
9679
2424
315
8836
7023
8527
2614
2523
9415
1125
1200
1996
4930
8205
6630
2129
8584
5663
2572
3873
65
9167
3504
6918
5711
1354
9212
5668
5352
1253
8245
6064
1196
8686
1300
5770
4269
4301
4762
5988
9555
6278
2749
3546
6546
1141
8120
5703
2804
1511
712
9888
7141
2720
9259
4893
438
7989
5643
1889
2433
2112
4309
1926
2063
3685
9448
9024
868
4980
2527
7901
1672
3942
260
5707
2764
5889
1883
6032
9250
4941
9851
2431
3077
1422
2695
6109
761
8203
9834
3137
9572
6875
6869
3076
5713
7485
4037
9667
7829
8192
8112
9032
8859
4691
5741
9213
8218
2039
3293
7838
8365
3987
511
9933
3515
3029
2882
5177
1593
7594
540
3420
8125
7330
7806
8970
626
4438
1076
2133
9532
3251
6619
6646
4087
27
9528
7415
9739
8198
3869
343
609
3655
3424
3463
6435
7983
4895
366
3411
4062
6848
2437
1465
2107
1950
342
4295
9048
8731
6394
9742
8283
6741
5665
2244
5739
509
9940
5147
844
4515
2594
3526
210
134
7643
1230
5424
493
8346
8838
6529
2339
3403
9075
2122
9060
5573
1867
856
7684
9287
1440
6091
7957
2777
9075
6030
7592
6045
121
7244
472
8643
8215
948
9601
9509
7376
1692
6451
227
3922
3704
5810
1653
7412
4508
1760
845
2985
8357
4357
2462
8460
1780
9437
5019
6317
6216
606
744
7170
4340
1685
9132
1043
3902
5517
2495
8992
10
4157
1244
9764
3059
7270
1231
3488
3741
5694
5584
7684
3385
8518
6671
622
9426
6436
2142
377
9970
809
1635
8763
9354
486
5336
726
1891
1714
2609
8059
2796
4914
6444
8705
3295
397
4053
5297
563
6538
6518
6848
9741
1667
5908
5934
4687
2614
2391
3336
4019
2808
187
9676
5000
2488
1559
6497
7168
3261
5724
98
2794
50
7178
6678
434
514
2089
7052
2792
4683
1731
4746
5443
9543
5746
3010
2234
3246
2289
4999
8584
331
4505
6676
3354
7939
8154
3188
852
5602
5744
7569
4582
9971
8331
7091
1441
3150
9570
5305
3326
3516
1533
2244
2215
7216
6191
9114
3116
6517
6027
1506
878
5736
4483
8052
4721
7151
8100
50
5841
5823
2268
8597
7584
7899
8690
5341
6579
4249
1629
5661
1923
8490
574
5801
2439
4595
3452
9370
4778
3691
9709
8077
317
9056
5616
9726
1260
1757
309
9084
2599
2541
2478
9801
3800
4104
1210
3337
6162
3887
3012
3557
2331
3252
8217
7002
1813
6323
6438
6052
5841
763
3335
743
3220
9492
7320
8250
985
5004
1002
4520
9440
3325
5224
9638
6699
597
8168
2917
7087
1123
6144
5129
3363
9749
2343
9232
5117
9657
8778
40
5251
7457
1755
3508
8090
9056
4591
8744
2876
3052
3257
8346
3955
9407
1997
1340
2030
1361
2454
3627
6054
2247
5495
4787
8205
3628
4953
988
6435
5343
9538
9431
5130
5230
6259
1151
6985
3692
8333
734
398
4702
9120
7612
7480
5438
9957
9045
5264
1952
7000
3900
2975
8745
3731
4243
2925
1280
8686
2512
375
5768
5945
1402
6010
1635
1647
2056
7271
3230
2307
6594
7340
4772
330
7061
2891
4315
2481
712
6831
8449
8016
4842
8547
420
8483
2947
2872
143
4650
7510
9239
6327
1824
5965
6396
4890
4264
4584
8066
7701
481
2881
1253
2505
5482
5764
6023
5103
5335
2681
2011
8615
2706
1901
5588
9793
3607
474
3521
4202
5365
5722
5489
4051
398
8112
9313
4773
6010
4227
8761
4084
8979
8696
8049
9521
4689
6771
2665
5828
1570
585
8400
328
3140
9461
9372
165
9944
2965
3909
9335
6805
4956
3126
2150
5921
877
8362
824
8962
5188
2481
2386
1685
569
4413
6856
2673
7310
8598
2820
7343
1308
2956
3794
2847
4277
8989
7782
2369
2806
3238
9513
5812
8788
6858
4277
6727
3490
7965
9772
4295
6024
2891
8494
2581
1674
8632
2007
5490
3275
2373
564
98
3816
6370
9606
7770
6599
2547
6674
1142
2400
2102
2458
1138
6219
7143
8779
4360
1882
5714
8017
9603
7944
2564
5756
4886
3432
9388
2771
6372
2371
4860
1624
853
7374
1543
6027
1525
73
8985
8948
1404
4754
637
3230
8426
6424
6293
6498
1523
4499
1545
4665
3656
6740
7945
2030
1484
9298
805
3276
9823
5639
8747
8644
659
8448
5868
387
8491
5153
9680
8522
7934
8201
7872
6301
8056
6868
6442
4030
4029
3042
582
4166
8272
2917
2081
5180
5356
9883
3239
297
7886
1335
8664
6968
2137
9040
325
5340
4675
6809
12
6902
1153
7008
4382
5316
1883
1232
5558
3161
5501
2440
7992
6177
4569
5063
2415
3034
5045
1190
8206
114
2639
324
9690
1575
8518
4082
5397
7622
3413
8381
5842
5125
8985
86
2520
1601
9581
675
7422
8599
931
2537
2504
2064
5277
415
1205
8980
8780
3239
4012
7226
6185
5060
808
7439
5905
3609
6605
656
7047
6976
1079
6519
8806
3873
974
3319
7245
7103
750
6059
2117
528
6473
3917
4598
8196
6125
9032
9788
9229
4012
9505
5404
2387
6319
2668
1379
6116
2184
4494
7450
2392
2409
6287
978
4679
41
3436
1847
1340
5807
4613
9604
8375
6057
1057
3054
9170
5426
23
6761
2785
4253
4999
58
4727
2040
2539
2061
6836
5164
5287
8713
96
761
2293
6768
2693
2516
2723
7619
4013
9538
7897
2002
1149
1380
6998
7914
8220
7960
1806
8364
7690
2966
7104
5226
3336
9476
4906
3449
624
8233
7554
8111
3510
3345
5538
3534
5363
697
986
717
3032
233
4660
4392
2083
3238
3911
1928
9252
9598
265
8330
4851
6757
3457
3414
8276
8489
9269
4247
9773
2054
4199
5405
5958
8160
8034
7094
2996
9850
2081
762
8355
8088
9740
3466
9496
6832
2060
7147
4960
9555
863
6789
3509
8231
6125
4012
5508
3478
9090
1274
3595
9345
7799
4049
1618
4157
6422
8552
7576
7822
4136
1279
3097
7931
3206
6022
1674
1586
4252
5824
236
9550
1844
5116
2668
5663
8133
5681
3808
536
9491
2467
3627
3358
6173
7249
7997
3882
4624
3400
5946
1035
2667
94
3510
343
5184
8063
4679
2981
2717
214
681
6717
5264
2362
8248
9426
5075
9950
4449
1408
8624
6310
886
6892
6997
1841
2989
4431
436
8655
8053
9140
3
5104
5364
9020
2907
5511
1740
5240
7940
4647
3903
3170
4832
9450
1926
8206
9576
8228
1107
2900
5181
926
6719
4877
3387
3373
8281
8374
2683
3929
741
3171
6195
6548
3025
7611
5247
4257
5633
1388
5584
8771
9511
3042
434
4254
8451
6277
9440
9148
6003
3822
7643
2661
5768
2149
5058
2349
1806
5085
457
6977
9693
2978
3264
5214
6627
8928
1847
5913
9526
426
9070
2224
1200
9349
1235
4875
4915
4312
1530
4112
428
5132
3189
1643
5344
7627
5668
7967
1439
4488
9242
2053
3174
5871
9700
6260
6467
1525
1281
5242
8876
2979
4478
6959
2314
6945
2178
6254
1670
7017
3814
6307
9309
8922
6622
7215
1397
9363
9465
6169
7648
3666
4267
4250
1152
6441
8812
2241
2501
1657
3785
2087
344
3441
5611
3892
7460
7012
9081
5607
7778
1336
3994
8211
1176
9280
2121
9350
8096
447
7363
8828
8350
8269
3056
4053
5771
9613
4475
1781
6489
4453
3158
7323
2245
312
3821
2208
1052
7579
2879
5755
2968
7139
412
2750
8425
654
9385
222
1063
7926
959
5961
7086
1836
6184
8417
1440
6828
8996
7210
2054
3039
1181
5633
7084
326
7545
2616
4042
9438
4548
1553
5010
3314
1579
461
8187
5117
8347
9140
2818
5611
8468
6025
1458
6713
4605
786
1599
3015
8381
6871
9284
5615
1854
298
3144
4134
979
9981
7150
7407
5476
5949
2507
8414
9561
6435
8544
1129
3634
3657
4461
3287
168
7651
4224
4704
5524
7247
1654
3475
5616
4429
809
6600
203
175
6612
6802
8941
7972
9570
2820
5183
495
6877
5490
8250
6610
5233
458
1087
895
1071
7625
3750
1009
7628
562
1831
4530
821
6867
2315
2922
1928
629
3523
1188
1295
6067
3774
1176
9601
4482
4165
8405
7222
7818
18
1336
6335
1676
562
8465
9451
2670
1979
1973
9529
9089
4914
6577
5703
7943
8556
3293
2293
5231
9977
7123
9389
6766
1869
6760
1130
6462
4673
8861
9002
1838
8252
9856
2109
9663
6237
9720
8475
3966
9237
6325
4641
3617
2330
4177
4412
4050
6338
5409
2340
6547
6192
2883
3885
3602
6169
7604
224
6106
9359
9869
9453
9255
9263
1398
6397
3857
4528
9595
6880
7872
4908
1336
4145
2048
7921
9009
6092
9147
5665
4142
4457
3685
6896
6261
4423
8
2769
7504
6205
9951
220
831
2413
5413
8318
2203
2210
3153
8096
3648
1565
6499
1001
4032
8916
8493
6865
5959
1081
6676
9336
1211
6724
330
4752
7358
8169
8947
6909
7134
1945
1244
855
9402
8730
7321
7391
3223
8749
4397
1002
3072
5118
1502
803
6600
9009
3880
5474
2182
1217
8745
9869
6153
8589
5795
7766
2735
6121
1629
9679
7424
9246
7804
4819
1081
4165
332
4876
1203
8930
9365
9057
6745
6847
8882
3748
3277
1564
9605
5296
2607
854
1684
8397
6870
5941
9351
8590
2177
9788
690
2363
1605
6245
7024
6246
7304
9624
9988
9845
1382
2530
8755
7574
3934
4461
