7314
0
9196
-6658
976
-5026
1798
-2547
-8083
-5268
1967
2736
3735
-2755
4729
8730
-9548
-8233
-2744
-3270
-932
4454
1453
8095
2070
2104
-370
-7111
9999
-4365
3110
-8690
7711
4829
-2461
-5782
-8145
3054
3061
-3864
5763
5378
631
4830
925
-2515
3619
6542
2878
417
-3425
7143
-7089
-2598
9806
-4570
-5983
4061
6773
6991
-6321
-1369
9118
7439
2115
-7842
-6582
1512
-1549
3004
7423
-8408
94
-9326
5293
3444
-2334
6621
-6595
-7423
124
-1732
-1347
893
2347
5448
-5531
8428
-268
8268
-7999
3605
968
704
4123
-9881
-3243
7611
4435
5444
-2984
8274
-4180
-6208
-7121
4983
9059
2035
7301
5293
9446
597
8017
8531
-8181
-3986
5231
-7221
8768
-7623
190
-3724
-2354
8890
5254
-5218
-643
2249
-2297
-2408
-8298
505
553
2144
-7773
5154
6419
2165
-7399
6929
9132
-1822
-8951
8561
7674
-9843
8811
-626
6440
-9420
-1465
4538
5144
9856
-1860
-1846
6706
6037
950
-3573
5028
4446
5577
9249
-4522
7357
-4628
-9504
3432
-2685
-8008
3975
-8037
3164
-1208
975
7981
-8491
-6049
4092
6953
-9167
633
344
-552
5230
25
7492
7067
8580
2640
9637
-8034
9760
6644
238
-1005
3195
-2940
6079
-3856
-3100
9386
1835
-7876
-1101
-9063
7423
-8589
-1810
-4728
2219
6682
-2190
9428
4212
-8450
-7387
550
-1718
-7380
-3051
-3450
-3093
-5899
7547
-9846
6865
971
-9668
-334
1939
6211
-9535
-825
7688
2395
-9408
-2491
1008
4797
6499
7803
7920
-901
6031
7668
4128
-9627
-7056
-4584
-9889
8967
277
-7540
5190
5079
-778
9824
-2264
404
-622
267
-3580
-9239
-6696
-110
3898
-7766
3392
8081
-3840
3085
-7805
-5081
51
-5622
-3205
1924
-9984
-8746
-9886
9014
-8308
2361
-7001
5946
-4442
421
9011
6547
-717
-3049
5215
5288
-1635
2928
-8890
3205
3512
-4627
-6684
-1212
-1161
1053
-4118
-3263
5557
-4526
2542
7695
-8351
-763
4731
-9263
8535
-1045
3123
9510
-9359
7422
-2741
-7522
-6711
-2504
3713
-5218
9152
382
3913
9688
453
-3559
6472
8451
-5914
-9202
-6610
-3706
-1939
8342
3587
3317
2842
8846
2647
8576
-9106
31
-8561
-4561
-1449
6969
-7770
9014
-1767
9009
8947
2548
-8689
3781
7602
-9630
-1052
-1509
5486
788
-4414
8909
2894
-7147
7652
-8359
7089
9180
7768
-8091
104
-8691
9474
-2842
-6976
-5065
-649
4981
2889
-5545
6821
-9669
6146
8530
-2203
-2384
7073
7648
6867
-5111
4269
-4013
-1250
-5018
-80
-5672
-6523
6651
7930
-706
9952
9228
-5628
-1137
2944
-5195
1931
-7672
9803
-7161
8613
-5119
9362
2070
6282
6864
6679
-8504
-3068
-3145
2870
2511
3963
2457
-6958
4983
-5650
-5018
8340
-8006
-7137
8720
7618
-2170
2288
-3518
-7246
6652
3527
-3586
339
-5376
3779
5925
-367
-8556
-5557
-5735
-6466
-8825
-8812
-6379
-7532
9697
-2441
9938
-5279
-7239
-863
-3388
1803
779
-4499
-8261
2246
-8254
7821
2856
8217
-6726
4931
7083
5683
5891
-4312
5217
-100
-4956
8982
-4395
-3162
-2111
7512
-7352
-6659
7236
3210
4789
6291
6622
-3999
-8946
-1012
-753
-109
4002
-1527
-7584
6417
4287
-5789
2968
8310
2019
-2461
-3631
-8499
8537
2301
-3936
3654
7892
1024
749
-9519
-753
7089
9762
2689
2010
7392
-5182
-9014
-3715
4773
5628
-177
-4699
-3483
-6408
5850
2732
-3097
4752
-3645
-8626
9518
2943
-3508
-626
8208
7845
-8487
5786
-8273
2542
-1945
4764
3212
9197
-2771
2650
-6769
-5961
-4954
324
-1817
2453
2465
-4388
8188
-5844
7842
9860
7529
-9016
-8191
1494
-9317
-3438
-5451
9213
-5798
9035
9678
1558
5809
-3660
-9728
-2054
4497
-8566
-5861
-1918
7114
6448
1680
-8931
-327
-8906
-8478
6695
-2293
4440
8301
-4536
-44
9558
-12
-8486
-4725
1458
2132
1058
-795
7213
2272
-3328
-1177
-6149
-2734
-4662
-3752
-2858
2154
8315
8938
-719
-9258
4541
7520
-102
-2314
-8892
-3271
-7929
8903
-7794
-8683
-3450
3036
3852
-7130
-7860
-4066
9222
7338
5674
-5593
-8579
1928
2219
-6229
-1178
3618
-7447
3929
3414
1734
4049
5599
-3932
-9900
2039
6098
374
-8956
-2861
-231
3211
-1531
781
5920
2827
9965
-9270
-7075
3980
8713
2463
-5533
-7175
334
-6656
-1861
3143
4094
7825
2226
-6753
7583
-3728
1040
3844
7364
-9062
-1701
-7825
-3606
1265
4921
-7612
-2230
-4655
9995
-9576
8179
-3002
-717
8849
-8398
-1849
3553
5073
-5796
-5084
8080
-1150
6530
3257
-8803
-5539
-4608
7668
-1022
3648
5259
-7570
1769
-1482
-9551
-4532
-8322
999
6882
-8984
-3177
-4078
7510
5615
-7914
-8919
6957
-7457
4839
5142
1694
9013
930
4610
8260
-8929
-1449
-1897
5591
-3593
-3756
-2344
654
5313
2982
-5236
-4882
-5764
8850
-6422
-1678
-6179
-685
-7774
-8375
-1331
7595
-3463
-6441
-6361
-8932
4186
4523
-2507
-9647
2201
-8197
9315
-1051
4541
-3981
-4555
-7153
6129
3862
131
291
5522
-6176
6136
5773
951
3069
-3399
173
-7626
6070
5830
9812
5146
-5960
-9780
2644
2009
-7010
3855
-8744
-8619
-2661
-8466
-5937
-1264
-3696
-5097
6626
-6613
-9508
3771
7888
-3215
-1460
1821
-4929
-9325
-2146
4307
1661
1963
-7548
1030
8649
7903
9291
6235
6496
6401
2140
-8895
-1723
-8429
-504
-6779
9467
495
9151
8225
-3683
4491
8246
-5402
2262
-8244
-9034
1095
6080
-650
6103
1555
160
4307
8509
-6594
-6812
-8556
-9995
-4950
7457
-8040
-7707
-907
-5252
-1697
3985
-8404
1599
347
-1566
9473
4388
-1326
4275
-6704
6163
350
6019
-4592
-8398
7082
2995
5711
-2343
-3980
-3790
2110
-9774
7142
-4436
-2388
3482
-5972
-670
5183
5870
3004
-9563
1954
-1871
9567
6043
7807
5339
-2803
-2817
-8679
7611
1587
5745
-7282
4592
-10
7599
-2856
-52
178
8907
-7961
2007
-3756
4515
3524
2506
1564
-5581
-8805
-9348
2407
-2416
-5656
9870
8500
-5619
9497
-2135
-3704
3860
-1266
3238
4212
-8974
618
-4613
-4079
2973
-1881
-8936
-543
9099
5466
8274
1038
-6494
4058
6118
2215
6368
-2171
-405
-2366
8659
-8685
-7871
-9202
-850
7415
-8466
-7435
-6248
-2457
5021
-41
3819
3728
1410
-8192
-2813
-1162
6992
3338
6410
1435
4936
-2468
-3566
-9877
2668
-3300
927
9799
-8579
7352
1450
3094
-5279
2589
3515
-4098
1300
-3400
6383
-1279
9971
-2378
-716
-2415
-8762
-3174
5097
-6874
1675
-2927
-8245
-7983
-350
-4496
3196
-7168
-9084
-2054
-619
-3248
6979
8841
8664
186
-938
-8360
-7691
-9426
5838
-8456
894
-9457
6318
-8815
-9225
-7607
7257
905
-1089
-9887
9386
-7421
-757
-1372
9095
-2498
7434
2484
738
-2037
-5613
-2814
-7001
-1948
4977
2900
2304
764
8466
-8416
-5439
-734
2406
-2857
-8667
6247
5362
-2723
-6042
2056
-6295
7704
4178
4475
537
2650
-9436
1281
892
9544
3199
4112
7034
-6304
7708
157
-8080
3548
-7249
1325
-4811
-4035
9828
9959
-4460
7249
7358
8130
-866
4029
5734
-6616
4944
-8264
-7640
1254
5777
5016
3214
3823
8582
-4177
-7146
-2298
-2783
-482
-5730
-9972
9690
-6287
9106
4939
6561
-9400
3355
9090
3554
1165
740
-4266
-9936
-5227
-3150
-7609
-6945
1193
-3664
2837
-699
-5858
9685
8942
-5849
-7869
-2612
-1257
-612
-1778
7900
-352
817
542
3834
381
7549
3916
-6581
-5538
9198
-3859
5408
-3586
1865
-3428
2412
862
6662
8155
-6957
5746
-6444
-8482
5927
-6203
197
8488
-2923
-3317
-7562
-6943
2636
-1409
-8441
3861
3514
5029
4825
-9436
9954
357
6074
3400
-897
942
8783
-8918
-3326
-1387
270
6045
5145
3367
-8694
7054
2647
7636
-4942
5292
-7203
560
-5009
1461
2548
1887
-6653
7134
699
-7902
-4866
8864
9552
-9028
-7373
-2209
3077
7156
-1601
-5311
3878
2027
7967
321
-4783
3546
-6873
-8858
3218
3065
-4250
-796
-4185
3150
5074
-1340
7324
-8467
9165
4137
1647
2252
-9857
-590
-3246
-8494
-3649
2941
6941
8033
2088
9863
4693
-6389
4534
9833
-9513
6515
4643
-8869
-392
88
-4239
-8291
-6375
7034
-5153
-6676
-6883
-5377
-6940
-3524
6419
-8552
6310
7535
-8706
-3
-4820
-7808
-4863
6660
5805
1903
-4306
4313
6365
5818
-7988
-9013
-3339
-4436
-9657
7312
-5618
8779
-1306
-9719
-3894
-1152
9861
-4179
3779
4231
9671
-9078
9061
9078
3504
-1158
-9598
5046
-1706
1474
9413
20
6521
2772
-2577
-1257
-7501
-4229
5958
-6900
-532
-3418
-6638
2547
8351
-5764
6098
-3923
1701
-5219
-282
1813
-9449
8828
-1438
112
-7846
-8631
-739
4846
-404
-5138
4693
5603
-6927
7509
-8867
6769
6740
9328
-4732
7648
-7695
-9028
-9923
6569
-5592
9133
5574
-3074
6536
-4283
1722
5277
3653
-6768
-986
9628
-7017
9712
-9425
-7728
-2333
9214
5457
-5696
5016
-1153
4119
5038
8359
2672
2608
2349
-7610
4887
-8863
7142
8711
3958
4349
8163
4585
-3623
-1184
3501
-6525
1761
-3327
782
7336
-9357
-7603
-6491
6944
9723
-5245
-9451
-7022
-4762
5434
7331
-6879
9414
-6468
2532
-7774
-9114
-8420
-3053
6752
6209
-7495
5218
-9365
-5649
-1723
1583
-9038
-7510
-439
2221
-5420
1658
4356
9670
-4021
-7875
172
-9649
2088
-4483
6437
-7274
5651
6289
-364
-7417
-4305
-1013
-3994
-9154
7311
6258
-2435
-1664
-952
8285
-6043
-8331
7031
-516
5793
-3949
7140
3449
-2111
5044
-2923
-5773
-4330
2696
600
-4828
1312
6463
-9904
549
-4062
-2455
-990
5347
-2037
8106
-1983
-9487
9713
-5848
-5946
-8943
-9683
-2956
-9619
3625
1178
-2030
9186
-8906
4601
-2333
-2085
4158
9883
5482
5919
-3256
-5704
-5490
6303
7528
534
5703
-703
6554
-1874
3380
1633
-7020
5595
4806
-6260
9788
8652
-4298
-7331
3823
-1375
7160
-2994
1600
-1115
-8031
8560
697
-862
4565
4951
-260
2183
8874
7771
-1547
3997
-4375
-523
4532
-3951
-7125
692
-111
-6844
-6763
7441
-5515
-121
-8150
1039
3276
-8630
5854
3557
-9631
396
-8794
6847
-4220
-4021
6188
-3143
9463
-2492
1271
-4866
-6231
7735
-6781
-3981
-2672
-3977
-561
-2031
8981
-6094
-5484
4027
6122
-9921
-556
-8234
139
-2859
-5719
-8118
-920
-313
372
7259
6325
-7460
-8991
6429
7006
6749
-4152
4855
-1887
6103
-5877
7342
-2599
3520
-9725
7113
1208
-4683
-1754
-5418
-4408
5799
557
-2582
-6213
476
-7444
-2860
-7578
-8493
5108
-9147
3552
8882
582
875
4192
-2436
-3963
-9970
1701
-1512
-5280
5392
9784
-4987
-5096
7593
-907
-1145
8925
3788
-5472
8384
1998
-2735
2314
-7980
3306
9088
-1471
6469
-2248
-5581
-9404
-6529
5078
-9505
-335
-6027
-4245
-6031
-5987
-810
-6256
2850
-5475
-5921
-4313
-5718
2809
6002
7499
6470
-4133
2245
6359
-2669
-5131
7830
45
2517
-4270
6727
4691
6730
1687
-7046
4221
-5051
-8836
6570
-3352
-5533
-4223
1127
-282
9200
8279
-3616
-6583
-5913
6151
-2472
-9344
4347
6235
-8707
4134
8681
-3856
-4713
4859
3711
6103
7932
7245
-3944
1494
-846
-396
-9798
-391
-6086
-3743
-3663
2225
1589
-5984
5867
1971
-3993
-5811
5286
6306
6420
1067
1233
-6991
-5580
7760
5543
-9058
2153
-6605
-3070
7534
3352
351
-9068
-7347
-8390
-1351
-9914
-5326
-2895
5407
4209
146
2586
-5404
9575
-4010
8745
6236
-515
2038
-2302
-1978
-4708
-2772
-5590
8177
7132
4099
-3103
-9876
-2
9600
-6045
6724
5320
1183
-7253
7761
-197
-5096
-337
3503
-1429
7632
3638
-9885
-6141
3682
3747
-9137
-548
7227
9782
5964
-7356
-707
2268
-4918
-1085
5183
-4952
-2366
-6366
1165
7185
-7956
-3691
9297
-5051
-5278
4266
7861
-8918
-6771
-5310
-9890
5060
-2489
1942
-1724
-2845
1824
-6340
-4454
-7268
-8580
-7077
-1489
3399
-7267
434
37
7803
5959
8570
4687
-507
-5637
-6873
-1395
7876
-9897
2073
2504
-8978
-8840
4325
4286
-985
-3703
5103
-4965
-3446
8364
3064
-1941
-6236
-616
-6551
-1511
1374
-4766
7818
2185
7131
2332
-9919
-9139
-2523
1
7654
8229
-5213
-825
-1191
5621
-9504
495
4763
-9180
-362
-7702
8600
5672
100
3572
-6029
-7079
-4214
6749
-615
9174
-8810
-7601
3899
6198
-6483
4065
-2243
7821
8461
3047
8786
-2497
-4038
4433
-1600
-2835
3448
-3699
879
-6133
7471
-4027
-528
-6250
9756
3170
2849
-8430
5519
-5443
-6819
5103
863
-8283
-3998
-8340
-5339
9913
4451
6589
-7394
3931
3856
-3294
-8204
9703
-5077
1559
9921
-8330
1714
8080
-8588
-7857
-8528
9309
-5621
-9614
3356
9472
-3802
2876
7322
2118
9053
8000
-4766
-4637
-3880
-1731
-3679
-4322
-8614
-1878
9838
-2566
1649
5944
-8496
1692
-3197
5480
9016
-6416
594
9728
-2988
-2762
1993
-9533
-9807
7746
5040
-5183
636
-5875
4076
-3055
1305
3047
4022
1639
-3193
2266
-6414
9866
2470
9972
5373
-9569
9702
-2533
-360
7857
5831
-2874
-1737
-4181
-8162
-8708
6193
1990
7345
-2079
8380
-3437
-8810
9903
6881
4348
3798
188
7187
-6851
4609
-4035
-8132
-1928
4888
-5637
305
-7751
1267
8028
-8408
-7256
-4282
-6140
-9642
-9169
3442
-6381
896
6303
9847
7992
7404
-4230
7455
97
2980
-8555
-8365
7230
-666
-9322
8102
-817
-5909
-7661
6680
-1379
7599
2334
9955
3311
-4694
8719
-4308
-2299
-7356
9046
-7578
-4108
-8731
9175
9319
3128
8486
-96
1256
-2048
6836
-9733
5772
600
-4242
991
-9283
-4151
3421
3725
-4640
-7670
1749
-7085
33
-5621
-1281
-443
-8160
-3791
-9738
4233
-3353
-7446
-5403
-9949
-7716
3503
-815
-6264
-4904
-3755
9707
6941
-9261
-9295
5599
8148
-7566
3931
-7139
-2061
4695
-643
5874
3057
-9465
942
-4616
-2988
-2512
7352
3538
-3125
2422
-6500
142
-7751
6784
-3378
8646
-4419
-6931
1866
-1680
-3826
-2807
609
2367
-8394
-8815
1474
2757
-4570
-1621
-2467
-5780
-5511
-4856
-2317
721
-9361
3605
3801
-8976
-5647
3605
245
8521
8459
3677
6321
6717
-2307
-3974
6706
4464
-4178
7733
-1988
3583
4064
4806
3147
-7739
-4580
2321
3868
-7672
-9733
-7668
1346
8157
3092
6117
-9724
-6041
-2973
-3442
1155
4678
8533
2512
4310
4886
759
4899
5696
-1239
-4356
-3547
9689
-8481
-4852
-5858
3865
4063
-8455
-4715
-2837
7780
4821
4437
8913
-616
-7798
4137
3467
-4608
213
8443
196
25
-4543
6957
7810
-9758
7625
-8842
-744
5239
-8762
8688
-1981
-382
3417
1378
-5154
96
5192
5220
-2336
2955
-3876
8937
-1113
-7982
-3530
-8465
2405
-2538
652
9926
1164
8163
-9064
3097
5406
-3756
-1312
-1795
6671
-2011
-3351
9597
-6824
-5672
-7207
-169
-1554
4133
-7409
8533
-2134
2811
-9925
5521
-2006
-8024
-178
-822
-1523
-700
-5317
-9954
-9009
-8608
3073
5232
3347
5896
167
7939
1024
5393
-3350
-9211
-9980
7740
-9409
-7006
9744
-4992
-3337
1809
8745
-6841
783
8670
-5162
-3282
4375
-4332
-9861
-5475
9396
1707
-4939
6960
2369
6472
5983
-4568
8928
-4751
7964
-7098
-9096
5206
-7815
-3192
9935
199
-3145
8501
1701
5389
4864
3791
-8913
-2895
-4581
-7769
6019
-9145
4335
-1509
5688
9778
7577
485
6239
-3914
5533
-2024
3146
-1368
1563
-7939
-9714
3969
-5227
-1345
4073
3260
-5238
871
-8093
-5334
9865
3690
-5156
-341
6556
-1011
-6497
-839
3898
-3327
-187
-3163
8518
2203
4546
-9749
4112
-4310
-5997
-8219
-7521
-7720
2353
3039
-3938
-2079
602
-9378
3894
-7687
-9389
6437
3688
-4284
-5951
-8940
-3393
9737
-7156
9125
2397
5301
2470
-4565
3657
-7438
-9066
-3402
7525
-112
7213
-926
8635
-1974
-880
4367
5544
8505
1564
5274
6077
-2357
-4329
7369
-8508
-5139
-376
-7558
-3331
-8118
2407
7766
-9773
-6726
-2794
-8900
-638
-9134
-9982
-4487
-2666
6970
-105
3229
5100
-9162
5349
-919
-2348
-762
3350
-678
2638
1586
9096
4982
-7067
-8456
-4256
2752
-7133
6170
-7115
-3934
2764
-330
-5891
-3638
2472
2010
1096
-2396
-8456
4094
-4899
5483
8411
5497
3803
3501
174
-1796
-5061
7522
-3619
8719
6189
5074
-5616
5346
-6096
-1831
-2073
3637
-7132
-3163
-7294
9175
-1491
4760
5171
-5068
-5619
7915
-3429
509
1543
-4794
6443
-9662
-2216
4068
9489
8656
-4343
2487
9756
-5556
442
-2635
7369
-9929
3527
-2446
1721
2900
-5190
2708
4077
-2717
7896
-1199
6086
-1937
-4426
5090
486
-2916
8359
-3208
-3651
2783
-7727
5142
9070
-4096
-6787
-6220
-5836
-3231
3024
-9431
-6625
8268
-7212
6813
4895
4618
-3809
-1486
-9311
-6562
-173
-8615
-3969
-746
5842
-1033
-7656
-2941
-3699
5824
-725
-7100
6152
2073
7246
2592
-2518
-3600
4001
1530
3904
4681
-3889
5435
5797
8583
-897
-6261
-2321
9854
1528
-7840
-726
8132
-676
-2560
3914
-1167
1956
122
-6210
6035
2923
-322
5825
-7003
-5970
6638
5206
9725
-7844
-943
-8512
748
3356
-511
-5957
-7785
-535
7048
3159
6159
-4745
6256
-1072
-4495
-8024
849
-7877
1403
-8950
-2397
-7278
9070
1705
9657
3560
-7639
3443
5751
-7422
-4530
-405
-8530
-7437
-2295
-6022
1428
5107
-4357
-7435
5576
-5108
-1837
-1265
8168
-2824
-1080
-2466
-459
1107
8818
-1404
-8843
-9954
3492
6560
-6339
-7992
-9893
5795
2246
4222
9362
-3122
-3527
8017
-871
-494
6143
2921
-1270
2302
5847
-3145
2569
9198
485
-8859
4691
1887
937
-2086
1346
-6069
9618
-4560
-7895
6535
-868
-2769
-4277
-1322
-9852
-8974
-8399
4886
1873
5327
-9355
-5578
-8691
9275
-6965
7343
9683
-6474
5836
42
604
1772
3132
4813
6804
620
1448
1794
-8078
-3350
-1347
-2142
2285
-3095
5659
-3178
3986
8641
-1904
4722
2371
-2357
283
771
-5460
9066
328
340
-5996
-837
-9464
2900
314
-8767
-2704
8321
-1144
-9
8124
8456
-7701
385
-6766
2024
9412
-9881
-6156
-4579
-6673
-7525
6355
8495
-4908
-8130
1992
-3202
7864
-2458
6527
-9283
-1165
-4557
667
6565
3003
5291
3806
6342
-5695
7772
-8430
-5699
-2139
5967
1694
7233
-9579
1599
4723
-2653
6548
3029
-2204
9391
2868
9128
-571
5009
9795
706
501
6542
-1936
-4395
-8461
-916
4545
-7687
2133
6021
7804
-1805
-3735
-4039
-5787
-3428
6191
-1058
8915
-6836
2867
6652
-9831
9330
2173
5831
5904
1407
-3613
-9463
-6439
-9632
1982
6657
-7014
-8281
-1250
-1416
8085
9150
6505
-921
8756
6589
-3109
-9616
-3483
3989
8499
7515
-6766
-4492
-7897
-1064
3531
3253
-8776
6860
-3140
5219
9806
7789
-678
5454
-7938
-7612
-6692
-4558
-508
-5769
-3880
-9130
4484
8224
6659
1741
9768
-8089
6256
-8351
-1361
-3587
9665
-2586
-2696
8837
4527
-8551
-2636
-4936
4424
-677
7403
8514
9646
-124
933
3363
-1614
-2483
-6822
635
-3300
2982
-8079
-7348
-5388
3832
1713
7895
2314
37
6957
418
3778
-7655
-6295
-6280
7932
954
714
-4014
-2965
-889
5709
-673
4700
9044
-7432
9464
3880
6803
463
9113
-2195
8769
3275
-2320
4972
-5547
9290
-7884
2558
-324
-4400
4193
6366
-5164
-241
8046
912
5724
4180
-508
133
4670
3561
2875
3867
1906
470
-8451
-532
-1844
-8209
-2934
-6520
-9776
-5537
-8168
8857
-3847
2681
-5510
8638
-23
-4909
3994
5107
5372
5419
-2925
-3796
-9330
-2614
-9268
474
-5794
583
7264
-4594
7759
8195
-3276
68
3112
-5838
1525
-4960
3180
-3179
-2647
-7553
-9430
4175
9278
-9449
-4167
-7850
-3984
-1409
2929
8475
-1088
7971
-2841
-9238
1863
-2014
-6114
-4777
-5783
239
-679
-2572
7972
3466
9125
-2801
-8881
-3057
7963
-543
-8900
-5216
-3602
-2335
5434
3332
-561
-4625
4311
7758
-19
387
4374
-5657
-9072
8122
343
-6024
-9643
-8480
9984
5079
-2240
3982
2958
6854
6821
2137
-7713
-957
1790
533
4319
-2978
-1628
-1187
-2085
6239
-2777
3851
-4711
-8711
-4287
-502
322
5488
-4581
2533
-234
-1891
-2005
551
7183
-3570
1496
-9106
659
9601
1285
4863
7693
-5021
-5163
-5252
2245
-9829
-6743
4374
-5249
-9357
617
2380
-5321
6718
-5799
871
-3628
8534
277
5358
708
-7633
6696
3152
-8914
-2304
4778
-7323
-5653
3441
5821
-8434
-6803
-3694
4467
9863
-5889
-8670
-447
6136
2760
-5934
-2667
549
-7362
8673
3941
-8815
-7237
5141
88
-562
-5583
-1721
-9498
2337
-6944
345
-8624
-2608
5360
6478
3161
4095
-1792
3837
-19
3375
1031
-1931
9021
-2321
-4289
1084
-8568
-5657
-9983
-5420
-7981
-2110
8701
7158
-3727
3353
-3201
6828
8645
-7704
7118
6900
8577
770
-5907
-3311
-220
-3956
-8298
883
2536
1172
-6190
3930
7082
3843
-4299
-3887
-2935
-940
-1917
7350
-4150
-2620
2271
-1627
-2671
-378
9529
-1857
-8517
-3318
-9919
2834
2798
8126
5577
-2424
7060
7915
483
8898
-4480
2409
-9462
-8850
4462
-5470
1715
-5381
5494
-6543
4847
4471
8382
2654
-1568
47
9747
3417
-749
3440
-4260
-6185
-3351
5389
2464
-6228
2151
-1193
-3220
-1255
-2012
7356
-2127
7745
8142
6532
-139
4647
-6899
-328
-2397
-7991
-4559
7653
2978
6233
-24
-6663
-3141
7641
5321
-3030
-927
-730
-1253
-4109
-5174
-1159
-1452
-3480
-2417
9361
-2207
-9308
3412
538
8988
987
5607
-2280
296
-4097
-8239
-8221
-3406
9649
317
-8602
9131
1152
2796
-1505
-6238
2015
3921
-1183
-5192
-3991
9570
-623
419
-756
3626
-7379
-8407
5901
5454
7242
9698
2112
-9571
8333
2392
-506
7104
-7389
-6664
-3828
-8135
4480
1513
-2521
-1183
-3711
-1398
-7967
1393
-6673
7988
-8601
8425
-4234
-2106
3106
-6613
-8938
6393
4146
-6786
8756
-1781
857
-371
56
98
4264
-4713
-4530
-5247
6597
8800
3125
4370
-1737
2286
-4989
2845
414
-7670
6186
-8100
-9971
-6194
-2839
9977
5153
-3517
9680
-1536
-4359
1396
9040
-9459
5442
-5046
9496
4135
8897
-1782
5536
-5719
-535
8426
4036
547
7981
5460
8360
7542
-9578
9074
-4741
-9757
-7354
-7330
-2877
5368
-465
-9842
443
7745
-151
-3971
5022
-4060
-1300
-6395
-7499
-7205
-8447
9748
6505
-2090
-8959
2626
-698
8874
1595
6461
4730
6611
5469
7520
3341
2014
9864
8594
7913
5660
-6676
4203
5185
2621
-251
5880
-4699
6210
-3785
-8735
8733
1665
-2324
-524
1981
-923
-2867
4585
-536
7342
661
-6220
-1772
-4152
8073
1867
6234
-2521
7629
2165
4730
7788
3668
-3875
-9568
-9316
4553
2976
-782
2062
1479
-5939
6931
-2705
687
1420
-6509
-5720
1481
-4378
7577
-4269
-8155
-4893
9818
4555
-1106
4066
877
-1796
7885
-9796
1793
-4994
6513
-4506
-3700
7168
-9575
-970
-4007
9593
5905
7350
8947
3319
6457
3597
-3692
7962
-5708
9771
4970
-6018
175
1284
3258
-7582
-3963
-500
-5866
3864
-7503
6968
-6062
2329
5646
-79
-8257
1435
8194
-7712
1691
-2647
5782
3633
-9440
5461
2625
8352
5256
6234
-9663
-7736
1477
-3723
-2145
516
-673
3924
-9834
6133
1494
2411
3330
-5448
-9579
3050
-7889
9699
-5021
3699
5591
-5199
4154
-7076
-1864
9207
-1274
-628
-4677
4309
4906
-1519
-1379
7902
-4629
4232
1675
5558
-6539
-9486
-3985
-7048
-7110
7679
5800
8830
-4579
1632
2947
6998
-698
4473
-1931
-2607
2845
1971
-730
4732
-8572
-6553
-9984
-243
7015
6561
7199
-7604
371
6283
-9445
8176
9543
-9744
-9884
-1326
736
-1250
-4501
-8913
-2372
-7607
-5659
-6466
-592
4281
-5113
2922
-7940
1573
-6739
-9226
-7532
-3936
-2252
4316
-2600
-3086
-7846
2934
850
-1087
-5020
-9304
-4517
-44
-4332
-1612
6498
-6103
9879
5853
-3143
-2259
-2663
-2823
-2952
-4930
6845
-8746
2611
7365
4179
-8585
5744
-4062
7109
-5599
-3546
1008
2664
2088
-2096
-4067
-5327
6948
-7504
-1319
-229
4657
-6027
-8845
-4659
1805
-7265
-2494
-5227
-3363
6740
1849
7511
-4749
-8934
2410
-5289
-9208
-6080
-9308
-6251
4752
9483
2485
-4623
-7152
-8573
3709
6739
3817
498
-951
-4199
2892
-1957
1127
8032
-853
-3891
-9330
-1703
6686
-2251
2687
3386
-4949
-7682
-3812
9102
7516
-7507
-6036
5320
6777
-6951
-8412
-9675
470
3044
-4584
1726
-2335
-8131
6339
-2805
-6240
-9283
-8200
2485
8532
-4481
-2558
-1652
-1994
4986
-8814
-4494
6842
813
7554
-6228
3010
7075
4283
5970
3769
-1797
-6388
1450
-9426
-2913
-4691
-1580
-6356
-4491
8372
7970
-7273
-1644
-1724
-3707
3399
-2241
-2441
-7517
2114
-8495
6359
-6853
150
6606
4533
-3444
-1328
-3949
2673
-8060
6014
-5166
-5789
-4416
-8946
4152
-415
2836
3429
8471
8163
6448
-7811
808
-5562
3637
-567
-7899
-8220
2630
-7711
5086
-8694
-3655
9428
7793
4251
6060
7525
7898
5444
-3506
9622
-9067
4777
671
-9252
1201
-7807
-4138
7617
-5183
731
-7880
-9998
4606
-1078
4746
-7030
7459
7994
729
-1721
-3953
3554
-3381
7154
-8100
-3507
-4125
-5905
6751
-7540
5931
-7959
1597
1521
-6159
6496
9583
-3458
5420
-5609
5837
8087
7797
3497
-3001
-4211
-2857
-3745
9276
23
-3611
-6889
9476
-5379
1635
-6195
-9361
-108
-4164
-3196
2240
-8765
-1056
3420
1570
2451
-7798
1274
-5443
245
6013
5178
4643
1372
-1296
6413
1518
8172
-7704
-1263
-8206
3585
3863
-8996
-8460
4774
2721
-5747
-4952
6065
-8371
-9819
3052
3851
-7655
-2604
3852
3995
-8642
-2667
5571
-7730
6862
6922
-5308
-1092
-9319
4603
6627
5964
8557
-3768
-2516
2912
-3409
-9297
1538
3129
-1506
9594
5225
9050
-5529
3111
-9160
-6131
-2209
6255
8786
-1236
-3637
9654
-8590
-8404
3075
-34
-326
25
-5966
8048
-4391
-7855
5268
3026
-8646
5274
8914
9212
-6264
-5728
-2154
-7129
5965
5002
9276
7236
8904
9769
-258
6606
-3769
3001
-5133
2914
8957
6356
-3792
7775
2777
2708
4357
-3062
7257
-4924
8382
2132
5503
6693
-7789
-6661
1304
2045
5944
4749
374
5029
-708
3951
4625
-9309
7707
4798
6483
8764
5991
6836
-1587
-5967
-9996
3798
7519
-5143
-988
2819
2370
-1660
-4491
-6942
-746
-7043
5523
1790
931
-7253
8484
9219
35
-3818
573
-4087
-6584
-5147
-431
6087
2360
7395
5723
6869
4754
9086
8947
1996
5604
9515
6624
-3886
4590
7836
-3316
3815
1146
-8260
261
-491
-2504
2232
-2235
-6543
7333
5712
-1281
-6579
3548
-9678
-9718
-8519
2533
6729
9366
968
-7146
9375
4412
7164
4880
9458
-741
-2087
4904
-968
2607
-3362
-2810
-252
-2501
-6892
-7505
7840
-7710
-3099
4707
7943
9936
8537
4082
-3941
-2
1531
1544
5499
-3895
-5620
8135
-8418
1750
9049
6613
885
2199
2192
-9767
5697
8794
-2955
6600
6805
2010
-6486
-4023
-8620
-285
3982
9299
-5451
-6610
3541
6135
-2794
195
3333
-7980
9257
8558
2613
-8602
5028
7212
-7411
7883
4597
-8338
-3992
9480
3980
-1292
-3666
7515
3946
-3661
5156
-6144
3278
2963
-5924
-8094
-7174
5975
-3782
2222
-7164
4522
-6391
8638
-1485
2095
2359
5226
-420
-4630
-7670
-3332
6365
2137
5810
-2759
8361
9087
-7867
-3840
5008
2512
-5258
7657
-2601
9142
-4071
-2086
5393
268
-4829
5160
-6109
6050
-4555
1332
-1726
645
-2007
-3857
-6138
4473
6228
-3912
-2179
6098
-749
-2369
5090
-7808
-8965
-3592
-6189
-5568
-3006
8081
-4162
9518
-2875
4811
-3332
-7372
-9642
-6014
1282
8977
-7110
-2925
8644
3932
4776
7841
-3396
6441
4878
8149
-5487
-771
2493
7006
7692
5844
5066
-5688
8975
8338
4598
-6841
-9442
6045
-2168
7215
3489
243
5630
-6544
-3543
4990
-311
8719
-9810
3923
-8418
3521
5902
4928
-9622
-8576
-9059
6699
8313
5395
-4278
9932
-345
2316
-499
1853
5279
-8741
1433
-7737
4483
-8742
-374
823
6710
-8839
-7236
9379
6270
9654
8411
-6929
-3004
6561
-1613
-1607
-9520
-7414
-6963
-2530
-660
9704
-6101
-6212
-1849
6042
7635
7414
-85
-6651
2507
-2789
-433
-9827
9691
6450
-4378
-7143
-3029
-3805
8121
252
1509
7392
2031
7390
-4293
1912
-5035
9691
-7535
8511
-8278
-8705
-2985
-6625
356
-4196
8028
242
-8818
-6323
5289
9453
5023
-8319
3351
5103
586
3292
-7535
-5796
-5641
-8368
-1458
9727
279
-4555
-6533
8908
3406
7793
-1159
-397
-4236
-6611
-716
-30
-2357
4304
-4858
9641
-459
-6759
282
4761
-8515
4612
9160
9693
2011
-8367
-8695
552
-5288
-8343
657
8633
6159
1500
-6488
250
-7279
3915
-7558
204
3054
7497
-3512
6103
-3257
-9351
-8619
1966
1118
-3383
6096
-5152
9102
-9105
-4379
-8773
-964
2342
-9532
1677
7752
4888
4893
-911
537
9317
3808
-5684
8593
8213
-5589
-6827
7083
-7532
4570
4879
-6631
-8555
8999
5577
1147
8401
-3990
-6015
4833
-4240
3325
662
8486
1399
-2782
-208
-6216
8761
4511
7829
-3935
9481
5468
-241
3073
-6697
6018
4654
1019
7582
354
8366
1410
-3622
-6684
-1872
1633
-7598
-1754
5211
-6751
-6247
-4623
-8497
7762
-3489
7941
-4721
7479
5753
7161
-7865
-1696
86
2558
-9189
-1486
-9929
-3527
8522
1523
-7983
606
-3201
-7700
3216
3142
5682
-8598
-7265
247
2299
8321
-9701
5235
6915
814
-1625
-4946
-5209
9104
-3948
7714
8890
1068
-8231
-7855
7491
3563
8884
-4562
-2263
4745
2510
8476
-1652
-7648
-9769
-8710
2168
-536
8562
-8176
-7578
-135
1385
3719
-6078
4698
677
-7401
4388
3144
-6365
-6071
-7
3973
-5417
7505
-845
-5530
8113
4553
3739
-3455
-1359
4352
-6619
-7205
-5025
-5792
-5456
-9645
1868
-4104
6032
9147
-1218
-7723
-9189
8763
8917
-3203
-5516
-758
5970
4127
9194
-9324
6142
6001
11
2397
4445
-6256
6266
-9062
-1644
8817
-7032
9536
8594
468
-7855
3357
2565
959
6999
3346
-444
-3353
-1600
-9676
4808
530
-9715
1399
4112
-754
2304
4243
-8142
-1318
4343
-7221
-4979
2366
-5008
-1326
616
7605
-3280
9793
860
4277
-3600
-5780
-4514
-3521
5445
9870
8099
-5505
-1952
4855
-7971
-2412
8506
3158
-8057
-4836
-5476
256
5627
9343
545
-6143
5727
5365
-965
-9594
5045
2230
-433
492
-604
9172
-6229
-8264
-9133
3939
2431
-2168
2950
137
1130
-6987
-9351
-6538
1036
426
2803
-8115
9592
-6364
-9989
8614
-4385
-8958
-718
3942
7622
4202
9014
7368
-5485
8577
8682
1571
2088
-9173
-1045
7297
-8789
286
3360
-5583
-3023
-3101
688
3043
-7128
-9722
-9824
161
3975
-5772
-5011
-9616
-5293
1844
1940
-5439
-3849
-1996
4418
2243
2739
-2952
-4064
-5208
-6528
-9623
-4558
-8565
2670
-3964
-3829
-4639
2954
5954
-894
3517
-8608
3791
1944
-2446
2280
-2646
-8954
-2416
7421
8869
1202
785
1214
-5254
-2494
7847
9323
2165
-752
8287
-8225
4727
8156
4625
-2286
-9803
-2683
3675
-8386
-4607
-1486
9102
-4896
703
7714
-667
8814
-3521
4090
-3105
-5684
-4677
-2173
-4955
-8400
965
9143
629
4738
-5800
7330
-5486
-8533
5243
7054
-3457
-95
-2543
-5414
-6161
-998
2244
8045
-1612
-802
6930
-9871
-2696
-5547
9927
-2954
5875
-8294
5674
5991
-9754
-1108
6366
-6704
-7915
2959
-2604
-8030
-9086
8565
4987
2704
-8276
128
1897
-2426
-2518
2616
7478
-9488
7939
-383
4105
-5599
2438
-6405
-5096
-4539
9113
5985
2987
256
-6596
9399
-2551
-6785
4592
4818
-2208
-1105
2264
9974
2667
-6656
-5862
1150
1940
1988
9865
-7195
7832
-2681
-3902
6190
7048
3675
-7260
7127
-8641
129
-5504
-8060
4299
5653
-7458
-7018
-2570
-7305
4539
-9671
4394
-349
-5345
8918
-9756
-8399
2446
1721
-3407
7132
4117
-3753
3351
-8986
1569
4135
-6318
3394
-6306
-7941
1559
6690
2687
-4130
-284
-278
-4839
-8155
2190
1662
-2703
3624
7333
-339
9864
-5641
9394
-845
5383
8283
-5860
9603
-4326
9338
-2924
-4408
3302
-400
-5287
9056
-8603
2125
5100
9141
-7844
4749
7680
-7057
-3725
1958
-9594
-6682
-2823
9897
3539
8025
7430
2364
-8960
-7492
9678
1081
8476
9151
644
-4086
-5805
-6403
7669
8725
6627
9751
4515
7265
-3925
-92
-1588
-9731
-8315
-1574
8119
-6949
198
3367
-9457
-5416
-3363
5078
-549
-7627
-7899
2174
616
-8461
-1347
1278
8759
-6656
3905
-1644
-867
-3251
6817
6365
-9712
5604
3597
-7372
-4813
5941
3828
2482
9482
-1504
2341
-7452
-9632
-2875
4553
8835
-2764
-6067
-9332
9127
8551
-8920
6830
-2251
634
-9785
9881
-9861
-3569
1328
-6183
5365
-6567
-6133
8446
4057
1937
908
-2778
648
-7910
2269
1768
8803
-1259
-29
5087
9404
-1696
-1401
3230
-1822
-6002
127
1614
-6667
1597
-2942
-8088
279
8017
-7378
2888
-1373
-404
1599
-8303
937
-9375
6093
2281
-3535
5293
8942
-3709
-9752
-6993
9451
7993
-8561
4389
-3913
7368
1949
-1248
9840
-1530
8644
7755
-3082
4421
497
-4468
6120
5550
-7328
-299
7066
-502
6878
-5272
3142
805
7651
-9227
8975
9226
-9955
221
2506
-5107
-2919
873
5643
780
-5729
-4662
-3667
2907
7034
-756
-5826
8215
1385
4478
-5208
-4399
-6596
2788
-8708
-5213
-3085
-1531
-3506
-7693
-1089
-118
-3005
327
-9031
4250
-8128
-5433
-8913
740
-5616
-3033
-4368
-2055
8768
-4467
6341
-6366
-4224
-9678
-376
-5272
-6776
-1750
-3681
1320
-737
-6758
4063
-7041
9928
9
-2198
9093
-1921
5052
7629
-2401
8742
2268
-5232
-2763
9890
6879
-9938
3642
8316
5416
-5184
4581
-9890
9019
-9803
2248
-8867
6866
7269
-4842
-4833
1245
9098
8314
3712
-9972
-2502
4142
-3731
-5796
9019
8386
-6227
6717
-5875
8505
5225
9131
6898
-6914
1609
-1820
-8564
-3394
-8166
-4417
6933
5759
6915
811
-6782
-6997
-6449
-2245
-5433
7861
-9028
-4085
6668
402
-4492
-2706
-6286
-375
-7108
1260
6697
-1544
-5095
9782
-1431
3918
-4396
-5288
-5518
9194
7845
4906
9179
-2661
-8179
2160
7111
-1546
4083
-841
1358
412
-7296
739
-9017
-6305
2967
-7508
-2596
-1536
-1369
236
-4039
5858
-426
-8041
-5433
218
2398
-9125
3567
-5178
-1465
308
7263
-7943
-4574
-5874
4286
-2768
402
-6669
-9207
-7175
9594
-1342
-6365
5620
5845
8241
-4898
-8153
-3421
-1809
5648
-5319
2491
8355
-8752
-8545
-4989
3532
-3233
4053
5196
-6210
-1343
-2723
-618
9075
-7561
7920
-3676
-5833
954
-6862
-1948
8144
-4662
-3967
8715
8273
-400
-9580
4291
3093
8724
-954
-1268
-5208
-6382
5976
3191
-18
-4944
-5941
5008
-5113
-3291
-6840
-4841
4199
-5377
7021
6305
7781
-2613
1874
9119
-7872
-800
-707
-260
-5289
-5324
-623
-1446
-7403
-7387
5440
5828
1100
1256
8894
-8153
3971
4673
2597
-964
-8920
-4127
-5377
-5006
-5154
-5095
6523
7732
-3687
3690
4654
1063
-9110
8832
7654
9943
-5874
2674
7344
-5165
-2392
-6012
9870
1124
9013
-8236
-9585
-6464
4415
-2946
970
1213
-1977
4750
3478
-7866
2526
6757
4288
9646
6992
2178
-8370
-2589
-4135
-2037
7371
1182
-4800
8935
-9674
4600
-7844
76
-1120
9733
6823
3312
5156
2768
6279
2425
1072
-5304
9633
-9781
-7370
-7808
7843
-9207
4657
439
4522
5630
9127
6222
-7617
5169
6576
-3666
7931
3763
-5080
4842
1284
-6214
-2048
22
-502
-121
5720
6485
4032
-2602
-2433
-4475
-3763
-4272
6657
-274
-9175
4115
-9137
-9829
1780
2414
-6242
7591
-8725
753
7928
3967
9937
-7523
8314
9771
-7767
-434
64
-7163
-4174
5878
-6758
-8511
-4015
1730
1505
-4410
5323
-5634
-2785
7362
1483
6385
-1639
2339
-2122
-4422
-3963
4389
-645
-1744
5735
-922
2468
2071
-4663
-3322
5317
4452
-5701
64
8858
5668
7565
-350
-2998
-6322
5702
1851
-8877
-2399
1342
3250
1195
4376
7421
6612
-5561
-4006
-4290
-5143
1231
-1408
-5017
-9284
9395
9700
-720
-6942
1660
9296
9456
2801
4413
5938
201
-502
2954
7627
3731
554
-6327
7171
-8179
-2063
-4025
-4619
8111
-5283
8604
9098
6356
6908
-757
769
-2497
1493
-5273
2350
-95
-7895
9635
-9853
4601
4710
2105
5414
-211
-435
-5600
-680
-4346
-7934
2095
7551
5020
-1899
-1817
7027
-7573
-3493
6732
4818
-1202
-3822
8990
-5825
3178
1943
2849
-5476
2441
2136
-6237
6966
-4244
-4573
3163
4763
-1660
-4105
-7621
7461
-208
1126
7686
531
-5183
2104
-897
-8419
-3445
3791
-289
5471
-2111
-5524
3442
-9354
-6095
7418
222
5512
8382
6270
-7500
-8865
-7309
-7733
6893
-7918
-9701
4192
8214
8546
2953
-6543
9341
47
1053
-2392
4113
1260
-663
2282
-4856
-4783
-3062
-2453
-6376
-3301
-9697
-7596
-3405
-1217
-7136
-8303
9770
-8960
-5311
-4735
-1079
3698
8224
-7024
2271
9607
-4420
-4617
-1306
-3763
-3273
4970
8977
-351
-778
3554
-6867
-2727
-140
-7345
5340
9044
-8076
-2593
4155
9918
6367
5501
-8746
3503
-2280
-2595
-1045
-1269
-7044
3872
4340
-2217
5348
-1283
-8748
4160
-583
-6263
7028
-8419
-6158
-178
6843
-3520
-7482
7720
-8262
4012
8759
-3468
7452
7043
7875
-6477
-25
-205
-8119
5130
-9045
-3003
5913
5758
-2101
-5621
-9951
-9015
-9489
7754
4681
1050
7709
-9704
5258
-7960
7898
2720
7898
-1729
4339
-4396
-5255
935
-7573
6270
-9618
8189
-7569
6990
6461
-3265
-7885
-1069
2478
-9414
4570
8551
4405
3899
-189
7273
-2550
-3308
974
1889
7799
6355
162
8691
7162
986
-9221
-7618
5818
1506
5431
-1819
9934
649
506
-3129
3524
-6485
9832
1912
2040
-4076
9567
-8824
-1191
-4499
-7510
5006
7570
-8030
7661
-7791
-3000
2338
-3432
874
9090
-7814
-7903
-7043
-9084
-1717
2276
-787
1199
-5262
-9148
7535
-7208
-7913
-8141
7841
-5590
4320
-5452
7039
-7136
-8549
2948
-4983
5507
3401
8743
5432
4272
9227
5543
9846
-7617
918
5580
3062
-1201
-4250
-3588
-932
5622
-4361
-1932
-1763
285
6459
-7361
-8601
7676
-763
-7338
6389
6916
7632
-3509
-5883
91
6438
9764
-4335
3940
-8461
5563
-7761
4419
-7752
2451
-1886
-3819
8103
-2790
9436
2197
-3001
-4575
-6928
4342
3726
9415
8456
-4846
-2657
-6974
355
-1169
4097
4984
5965
-3500
-3613
-2714
6879
-5902
1407
-2987
309
2353
-4138
4548
-3030
1136
-7873
-8986
948
9737
-9644
-7140
1107
-5287
-409
-401
1221
6798
-3343
-6576
-1045
967
-1884
-7383
-3670
9560
-576
-2765
-7520
-4394
-4804
2889
1382
-9342
-2502
-2615
6087
-2292
-9939
9706
8754
-893
-663
2060
-7866
-6224
-6936
8604
-1364
-4156
-602
-9607
1601
5883
-5991
-540
1527
4180
7752
5639
5334
1167
1258
29
1314
-977
-9755
3246
-264
803
-3602
-9357
4228
-4875
6945
8581
6925
-456
1905
-958
6361
-8492
-8206
1737
-5454
-7043
-7200
5968
-2255
7569
8410
4838
7742
5586
1241
6433
5445
7397
-9074
6044
1794
-5591
-293
4349
-3347
-833
8804
-9150
8862
-2064
-5743
-1464
-5349
-5984
-6499
697
-9225
-382
-5413
-559
-1638
-3149
5916
4538
-2969
4398
-2560
-3256
8976
-9212
-2690
4632
854
5376
3241
8815
8249
-3970
-2900
-7929
-6207
-5544
-9462
-3811
9595
-2959
-9847
-9093
6317
6228
9470
-2846
9144
-9488
-7875
7307
1453
5469
2182
428
4170
4711
-5202
-4223
2981
-6299
7066
-3645
3000
3350
-256
-838
4125
6162
310
5255
-669
-4698
-24
5923
5949
6566
8038
1991
-5462
-5164
-1864
7070
5134
7803
3922
6415
-9545
-1719
9584
5433
-1405
7768
7094
-2717
-179
2980
-5858
-3080
-6995
-2219
6698
-9692
5614
3733
-6727
5893
-709
3199
-2379
8539
6571
6740
-7952
5614
9205
5544
-1985
5853
8517
-4291
4027
9773
1341
-6086
4591
1447
-3162
3226
4288
-4903
-844
-4067
-3626
68
-9377
-4089
3802
6123
180
-9575
5454
-3021
-2311
-5305
8801
8245
-4604
4029
3023
-8376
2144
-553
9275
7921
-6406
-3760
4145
-6666
-7604
-9382
-4683
8137
5537
7732
-6420
7480
7175
-5127
4495
-2890
9313
5197
2936
845
3514
-3563
6131
4917
-3849
-5501
-6872
5468
-1823
-9593
1210
-4806
6818
-9657
-5099
-9672
6881
-6800
-2806
-6066
4903
7832
2613
-2801
-194
-7506
-7621
270
-3146
5991
-7273
-3089
2549
7061
6674
-2703
-4115
-4635
3089
-9857
-50
3472
597
-6091
-5758
-297
-7189
-9036
8847
-9612
-4634
-9201
1774
-94
-7510
6513
-8290
2324
-1602
-8115
131
6624
-8586
6372
-5543
-2760
-3766
-1972
-3311
9090
-9030
-6835
7624
3293
3578
-9618
2011
7150
-8784
-8755
8807
8354
-6376
3258
9912
-7945
-9181
-3563
-3348
4337
7612
9551
2435
-9549
2973
3363
7795
6140
9323
-684
2658
3592
1372
9465
-845
-5969
68
-4829
-6089
-4736
-4713
5684
-6829
2329
-9870
-4571
-304
-5936
-5014
-6224
6104
-8821
3351
5182
-6076
6138
3541
-6036
1348
7501
-8412
-8971
500
-6689
-6858
4642
-8848
9211
4698
4736
2204
5675
-263
4294
5879
-1359
-1671
9563
-1580
6821
-2599
972
-1216
9861
-1500
9002
797
5561
-3877
-6722
8050
-1860
2296
-5809
7322
2499
-9397
8483
4026
6768
-538
-3947
-5092
8242
7344
-3257
-3341
4773
5646
-422
-8292
-4986
-2487
-1904
3895
-9143
-4576
-5610
8199
-9163
2072
-7716
8585
1930
5608
-7787
-6824
586
4586
-7671
-5917
2097
4792
1860
-2151
-1976
-4057
2183
1001
-6895
7927
7444
-5669
2882
-8718
2563
-9746
5846
2840
-9030
8614
2138
4870
5717
8308
-7432
1806
-7491
549
7315
5537
-6146
3959
1206
-4812
-8693
-5770
-6730
-1191
-2385
-8485
-5257
7155
-851
7431
2012
4781
-6629
2841
-8825
2011
4845
-389
1298
-2742
436
-9601
949
6308
8591
7822
-2464
-7422
9477
-4722
5878
9021
-572
-8935
1671
8964
4655
-5003
8173
-7601
3947
9347
1666
46
7503
-8387
-315
-8589
-4872
-4664
-4990
7010
-6120
-1164
-1220
-839
1398
-212
-5645
5300
-8103
-5708
-7742
-2888
-8086
4967
-8329
-1808
7759
1210
-5331
-1555
-114
9135
5759
-743
-1980
9606
3511
-4371
2695
-2410
2193
4596
-9554
-2851
-5668
2269
-5365
-9203
-4234
-6577
3557
-1731
-3791
-8957
-5451
-7850
-256
2829
-5909
2832
9812
-9364
5187
4838
-5018
-7502
-5963
-9615
-7447
-7709
577
7997
2943
-3543
4728
3414
1319
-7884
-8933
-1172
5749
-4699
2209
3782
-7994
-1049
-7450
9248
8932
-9083
-4348
1487
-9618
-4038
-9348
3318
1365
-7211
-3450
-9536
-4788
7088
556
6866
8316
4931
3310
5411
-929
9393
9733
7503
4877
55
-4617
-4132
7268
-6376
-8918
7444
-6737
2207
9110
-3086
-3803
2424
-5435
5934
-8016
-8620
-8779
-4977
7911
2133
4077
1433
5400
5475
-8127
-1496
812
3877
-1465
-2149
7853
5602
8417
-7578
252
5411
-7919
-9664
-6771
-822
-7009
-5162
5313
-570
2321
-3893
-7198
-3473
-6971
-9389
-4
6435
-74
7491
489
3273
-8534
-5350
2654
-1902
9748
5971
2474
2995
4555
5130
-1010
-1157
8514
-8672
-5191
-3450
3878
-1214
1499
9582
6659
-3645
152
5857
-4857
4513
-6320
-7066
3026
-7590
4414
6022
5290
-9243
9155
694
-7328
-3296
2905
-1837
-6991
-5652
-4223
-4673
177
7945
7161
3765
1655
-3402
-9781
-356
7561
-3604
14
7709
9269
7389
-7706
8824
154
4074
3668
5577
3897
-8831
3890
-6042
-8323
-5368
3555
-7705
2675
-8122
7447
9799
5795
4240
-8399
-9817
-1391
-3166
7603
9337
9298
7993
-4845
910
9127
-6321
-5436
-1901
5596
7562
8084
802
6406
7258
2680
677
1233
-8272
9152
6453
-1412
-812
1127
-3648
-8987
9198
4077
-66
4296
-6865
1829
-2271
-9686
-2762
-7085
-7925
469
2729
9886
-8716
-759
-7778
-3760
-3955
-2320
2162
2129
2207
-8593
-6106
1792
-5521
4959
1687
-5773
727
-1272
-3961
-1626
8253
-9751
1415
1739
-6966
1025
6536
-8893
2242
-8165
4740
-7254
3413
4018
-2827
892
1268
7638
-3560
4361
1410
7691
647
4960
4251
1796
-896
6473
1217
-6578
-6282
7188
-836
3792
1844
5257
1952
4322
-7245
-1953
-1992
-9821
7862
4113
1001
9821
899
-2257
-9276
8449
3484
6811
-2369
-1957
-4384
-8280
-7115
-954
118
-5913
-9599
-9553
3614
6750
8895
-1877
5429
2912
7111
2988
-7238
8775
-8722
-4897
-6121
1651
-4797
7637
-4762
-8598
3717
-9512
7395
7310
-3450
-7231
-7714
7046
4754
845
3941
-5323
2578
3251
-152
254
651
-7906
-3233
9933
-2459
-6282
6581
-2439
8636
799
-9242
7116
7463
-4747
7284
-8213
9055
-3525
8792
-975
-4638
8455
476
-9654
8164
3789
1282
-3171
9873
5483
7441
6707
-5721
-2255
8576
-9400
3494
8144
-7134
-3437
-7902
-9595
-6696
962
5395
653
7671
9944
9610
-6277
9615
-7545
-9293
26
-5025
-2542
-9394
-9304
727
-4082
524
7997
3951
6420
4239
6637
-5884
78
6826
7199
8320
-1142
-7157
2333
-5413
1846
-327
-8912
-1344
-3536
-5234
3309
-9093
-9198
7365
-2224
-5260
8463
4419
3207
-105
-6963
8419
416
7513
-7818
-9723
2915
-8863
-2477
-9867
-9153
2582
-8257
-7061
3255
-6126
-4452
320
-8561
-995
7438
3288
-7000
3318
-7501
-5160
1142
7224
8114
-1743
-2691
-1102
5555
-5025
-7272
2271
-4806
-8583
-9647
-9403
8640
8601
-4994
-4325
-6334
7974
-2584
5519
4918
7502
-8568
9097
-8660
1182
-258
-9259
-4007
-4659
7310
-6602
-3663
-1518
3860
6568
5666
9450
-7695
-2473
4583
2951
-4571
9093
2279
5866
-7742
-3453
-476
6137
1086
-9425
4854
-3424
786
-4287
-5505
-8984
6365
-7250
-8551
5774
9544
4337
-9899
3788
-1531
9113
8195
5813
-8259
2757
1726
4229
5998
6148
-6243
4125
-5990
5959
-8305
8406
-3875
3107
1085
5797
-5925
-3267
6684
7972
-7633
9310
9745
2326
-5097
5753
-1507
-7678
-4553
-5751
-8330
900
-9972
-9497
6471
8996
824
-2764
9212
-1099
-5577
8858
3314
-1694
2537
-69
3314
-6993
7445
4479
-6568
1022
-3755
1334
8007
-5496
-6428
-532
3488
862
3676
6250
9265
-1754
2504
4602
-8899
4004
-1449
-7955
4400
9754
5878
-9237
5678
-8199
-8836
-8040
-6827
8226
1445
6212
7243
-8397
-2601
-8842
-6647
-6452
397
-8326
6406
-1015
6975
-4536
6160
9651
8132
9660
-967
-4469
-7398
3280
-343
2902
237
-4161
2600
5605
-2391
-2556
5950
-8859
-1037
-195
1709
3311
-6250
-1742
3976
-889
-1136
-9004
1819
9109
-3008
-3390
-1870
-9882
9936
8758
-6914
9445
