6335
1
-1944
9786
-2639
-2075
-3259
3174
322
-5282
7476
-8506
787
3846
9480
-2354
-4317
-5301
8894
6811
-219
5832
9884
-3714
-6233
9931
-191
-5466
401
-469
-3241
2593
9945
-7879
-4101
4013
5062
1740
6118
-6873
3998
8260
3276
1881
8359
-6534
-7026
1949
-2777
-4212
5027
-3948
-6768
-7421
8800
-1810
-4531
5533
7971
-9820
-1236
-393
40
-5186
5226
8923
9373
407
-6251
-666
9747
-8036
7723
8681
-5566
-2292
2529
3094
-7
-4605
-4437
-249
-6804
-320
9852
-9880
5145
1513
-4376
3727
5237
-3334
6690
9595
6683
7540
9458
-6294
3387
-1664
5236
-1965
-6782
5147
-3232
-1695
3775
8596
-4459
-9208
4650
5686
1656
3518
6083
-1542
-5650
-6387
3773
-9870
2075
8534
-4779
-9141
4675
5807
-5034
3470
1494
-1868
2474
2432
-5079
9437
-1469
7764
-1355
-8744
3988
8426
73
3049
-3096
-4295
-8451
3372
8346
-6995
5166
2367
-7761
-4250
-4661
-3938
7679
-4358
3653
-2058
-6434
-9257
-9955
-5362
-6402
-6412
-5142
-8680
7621
1803
-5395
-2399
-9764
7037
-9170
132
7785
7872
4109
-2386
-5300
-1974
-926
-2620
9077
9230
518
-4759
6213
6820
-1582
-2165
-8035
4657
-1931
2717
2171
716
-7839
2145
-3222
2738
-9505
-574
4645
-1151
7917
-6361
-4267
-5803
6741
-3624
7818
9279
696
583
957
-5241
-9750
-1322
-1337
-3084
2203
-9509
-9422
7123
-9832
7376
-9621
-1374
-3982
-4913
2752
-8387
8266
7559
-8411
-8404
-7059
-5792
4389
7251
-2835
-1551
-9899
-7237
-3229
-5196
1708
-5698
-1683
4067
-538
5247
1693
9212
-1691
7295
-8017
6366
289
-9342
-8896
-4441
1674
5082
3828
6483
-8682
-6534
5231
3297
-6401
-4375
1406
457
-5510
232
6322
-7770
5050
-3110
-4278
-2061
-1767
4003
134
-6369
515
5552
-2349
-716
7335
-9987
-5493
4931
-6054
-7178
2585
-5955
6256
-1287
1307
3040
6748
-8438
8486
-8282
7066
3228
7113
-3482
-4308
-1250
3308
-9308
-1898
7013
3750
5642
6237
3284
111
3516
-2144
3293
-2007
-1467
2008
629
1772
-7372
1115
8151
7930
608
-2016
-6750
-571
-888
-8712
4367
9332
4397
2481
769
-3124
-2238
2765
4795
-5150
4899
-6442
9598
-1959
6939
6398
4233
-537
4821
-1507
9625
3376
-8998
-8813
-74
6808
1941
9577
1882
-8116
9752
4291
663
3993
-7100
8120
-6710
-3202
-7876
-4555
2764
8992
-3070
2776
-83
1634
-8786
-4958
-4424
-921
-3268
-3583
7317
-2893
-6938
-6431
-671
-180
-8170
-7792
2598
-1059
-4083
-3781
9798
470
5819
7468
-1090
-3069
-4615
6416
-8167
-4828
2317
4526
6567
-5191
8678
-2606
-3610
-6023
9675
5591
-7630
799
8444
2851
2111
-4081
6088
-20
2150
8755
-4136
-9124
-328
5859
9382
5692
7387
-2467
9194
6910
-2585
-1622
-7591
8621
8494
-9347
7670
6668
-4979
-2739
5395
2723
-9082
1407
-1854
3429
-1753
-7523
-9208
-9897
-9795
-6142
5680
2561
2958
-6366
7449
-7782
-6280
-6256
-4061
7605
8466
16
-3621
1273
3579
528
4785
3373
-6824
-2505
-9282
-8922
4356
-1835
9473
110
-9781
-4351
7812
-6057
2554
5572
-4817
-6830
-8628
6138
-499
6096
6376
8703
-128
-7163
5971
-6895
-5487
4060
-1308
4774
-6604
3817
5572
-3899
4442
-4330
911
-8135
2436
-8451
6552
2318
-9800
-8658
-8017
5043
-7358
-7492
2669
-8736
-4280
-7055
7824
-9752
-1013
-8690
4718
-5860
-9402
-7889
-917
5946
5569
8762
7856
-812
7128
-8536
8402
-2602
721
8899
3687
-5520
1432
5676
8191
-5018
5528
-5288
-1750
4860
9454
8176
-2986
3228
6662
6490
3821
-5757
9354
-3395
-1614
3917
-173
-798
-2764
-4665
8704
6947
-9544
4544
9733
3174
1708
3401
-9709
2890
2859
-2027
-6
-8873
-141
2458
-3730
-9841
6169
4722
7133
2831
-2363
-8681
-882
4084
9161
4459
-6821
7890
3692
-5107
-2055
5338
3958
-8485
-7972
-3041
8745
-7813
5550
9685
1312
-3808
-5415
6793
73
-5125
6835
6833
3500
-3687
4234
-8064
-7503
-3206
4274
-2721
-3277
-8437
-2980
-2239
7446
-9547
-5524
-7989
2667
-6156
-9487
4030
2718
2817
2680
-2119
5863
-191
9887
-4763
5574
-7862
-6398
-6367
-2752
4974
-1905
4210
2646
4507
-959
3567
1050
-2442
-9799
-6136
-8927
-8297
-216
-1373
-5583
-3371
-2322
-2831
559
3887
-1416
9268
-9491
9107
5798
4878
3391
-9482
-5802
-7245
2984
-8159
2734
-1297
5621
2421
-861
-1331
4502
9301
-6472
9818
7336
9960
3719
7898
-1345
796
-3536
9219
7569
-7038
-8329
5173
-7880
8643
-2969
-8572
-7397
-6756
321
7367
-7234
-7595
-1848
1655
-7167
-9141
7400
3819
-95
-5839
-7409
-1260
4098
-401
3301
5821
-8867
4646
-2654
1225
5802
5103
6925
-4064
3898
3476
1753
6533
2531
5643
7935
1222
-7401
-2940
2044
7005
5639
-3857
-5319
-3560
746
-2876
-8186
-7261
4110
4511
-5713
616
-4371
1142
-8003
4070
9596
-2110
-4449
-4525
-960
-9077
-3495
5719
2236
2561
180
95
8796
3843
-7469
-3332
-9480
-6836
8206
3488
1479
6716
-6212
-246
-7051
-5469
9013
-3046
5468
-110
3223
-2125
-101
-6388
5463
5229
-5196
1329
-2236
-8005
-5017
-4061
-9851
-6030
-2890
8598
-5364
-6198
-8871
-8553
7271
-8695
-5079
9256
-8515
1403
3233
-1914
3139
2235
216
-7914
-1587
-3367
-568
7224
-8686
9574
-8468
2738
-1682
-4689
4986
2541
-8530
9769
-2341
-8847
-2019
5208
-7323
-4927
2759
8940
3991
-8969
5421
8517
-4637
-629
6190
-7332
-392
-4243
-6918
4354
7100
-4063
9703
5283
4199
1615
-1247
6790
2214
1247
-2610
-4802
1646
1318
-380
-6795
8266
-4132
-2493
-6265
4250
-5215
-8890
7001
-3028
1563
6973
-997
-3293
5575
8984
3352
7228
1468
-6126
-9401
9406
-8428
-1965
-2592
9981
8244
-2288
8346
-7747
-3377
3095
8711
-8290
-6211
9364
-2471
-96
-2297
-6232
5301
8462
-1310
-3439
-4854
-7233
5945
-8371
-2927
-1897
854
8281
-8702
5168
6421
2351
-7282
-885
3731
-7607
6330
-9301
-4408
6831
-7484
7939
-9481
-714
-5433
-863
8691
2469
9322
223
3384
1325
-327
-8201
-2133
-6773
6545
3630
-4724
1207
6624
-493
-3825
-3002
6205
204
-3480
-6536
8108
2612
-824
-8946
-8351
3122
-9119
3656
-2225
9721
-4745
-9889
4799
1754
-9197
-1864
8382
7130
-3424
6537
705
-7245
-4393
-3111
7781
2645
-247
-4457
1168
-6841
-9444
6993
646
-6464
-8261
-6309
718
8070
-1561
-8770
7295
4608
-3881
9330
-3805
7741
4333
6401
-6657
6453
1099
5152
681
-8744
3952
-9752
6416
-408
4039
6358
-1188
9261
6134
111
-284
8379
-2356
245
2136
-3757
-5065
-8732
7490
-3917
-9612
300
-9987
9469
-7562
-4779
1076
2021
-8443
-3361
1561
5094
831
-1814
-2686
9510
-8117
-4626
7186
-3059
-2810
-6837
-4815
-8923
2059
9147
6817
8219
5425
-204
-8180
-8360
-5551
8635
7447
2952
-2581
5541
-8035
8141
-971
-1003
-6787
7412
6826
9072
-64
-8709
8337
-9195
-7223
6403
-5916
4137
5228
-7061
-6708
-6395
5497
1450
-6332
-8158
-4377
111
-4215
-925
-6698
3071
1761
1111
2110
-6168
-924
9484
-1547
-3990
-2384
-5716
3679
-7880
-5927
2220
1143
-1284
-5604
3385
3039
-4884
-9987
2243
-4364
-4060
-3962
690
-7368
-9042
1484
-5303
9771
-3496
-8470
977
5918
7175
698
576
1701
-2822
-7852
-8257
7814
2965
686
-1128
429
9779
8824
4083
-6524
5096
-9181
378
-8908
4153
-761
-8013
6442
-7867
-2883
-1922
6649
-9995
-524
4310
8266
469
-8280
9122
-7630
-119
8426
-174
-896
-7170
-106
-2757
9506
-6321
5824
-1934
-2361
6029
3061
-7242
9684
9932
-1738
901
4458
-6891
-8414
7003
-6876
-4458
7551
-9629
7903
4872
-4509
-7389
-8589
4230
3487
2701
-9174
-2366
5127
7705
6675
4660
-7422
8227
-3200
-2609
-1524
5752
-825
3430
800
-9160
-1435
9205
-7168
-8621
8132
562
7130
1510
9009
-4124
-2212
-6823
7019
4039
-2648
-6081
-6630
5565
8190
5929
-2370
7361
3289
6628
-7838
-8450
4967
-2888
9299
-4070
1676
326
8648
988
-1860
4632
427
7470
6274
-4080
-8360
-9020
2003
-5437
5946
3736
5907
-5555
-1190
-9004
3462
-9133
-7098
6350
8703
7131
-2840
5960
-5966
-4595
8469
2928
-4047
-8821
8122
6645
7914
241
838
-6619
2147
4302
-1144
5285
-205
-2028
-3582
8294
-5357
4905
-6823
6574
-877
-8694
129
705
-6299
-823
7457
8593
9671
-8334
-1135
9856
-6691
4496
-2516
-8675
5623
-5821
506
-6730
-9341
-1960
-7277
3214
2592
598
6528
-7397
-7392
-5351
5962
-7539
-4761
-5161
9640
-2202
5068
-8011
9634
-2970
-7634
3706
4937
-1809
-5925
-3116
-1808
-3005
4868
7855
9952
-6778
-9720
-4174
-8701
6433
9984
-5220
9851
1467
-7011
6875
214
5544
9340
9740
-2268
-9530
-5027
5108
-9764
-4914
-3385
-1363
-3077
616
5115
2612
-1915
7026
2946
6706
-5678
925
-1394
-423
214
-4255
-4657
9004
-8220
-4112
9899
-5124
-2011
-9983
7858
-8541
-7909
7403
-929
-4646
3981
-4637
-4316
5153
-2784
8519
-7728
-9185
4695
81
8879
7845
-880
5096
3610
7099
-5748
1681
471
-8934
7445
-7919
-6266
1761
-1428
2598
5472
1212
-2447
-4387
470
6385
6670
-6438
-7295
-9208
418
6273
-6076
7392
-219
-3291
7215
-6326
1926
3332
60
-5518
-5641
-8520
8575
-5792
224
-5628
-415
627
5850
6844
7670
-8573
8176
-818
-9317
55
9074
601
-9890
2298
879
-5092
-5276
8700
3295
5942
-1310
-844
-2010
4927
-9182
-9556
8174
-7948
-9545
-3945
8436
-6804
5619
-2750
-6598
-7789
7190
4007
5063
-7134
-335
5668
-497
-2956
4935
-8454
-2917
6403
4784
-5401
7304
6802
716
-9820
5873
7374
-829
6188
9471
5377
-9117
1796
-692
-5037
-3794
-6788
8153
-903
-1398
4100
4576
8321
-5590
9202
-4959
-130
-1722
9748
1883
-3572
8488
-9542
-8580
1172
-8451
5524
-2616
7077
8440
-5569
7467
-2244
8476
5888
5392
3345
-6392
3438
-3612
5027
3788
2436
-1049
-8477
-7449
-2946
-5450
5597
-4284
-5960
5559
843
-5403
9740
4223
7671
9397
-9924
6322
-9695
-2994
-8256
-351
5738
-6728
-3822
-7829
-6567
4315
-7585
4860
-5444
1471
-5594
923
-5348
1046
3024
7369
4093
-257
1228
-6616
-2773
-4984
5008
-7203
6262
-3595
-5316
3527
4376
6813
9261
4367
5371
-2047
-433
3171
-7454
-1702
-6406
9945
2054
7546
-1599
8164
8280
-2304
5732
-4767
-4401
4583
-2200
1571
-300
-4904
3333
1578
-8600
-2549
3988
3251
2723
-1299
9822
2726
-5384
-2809
-329
8099
4135
6444
-8845
4704
1710
958
343
-5345
-687
-264
-7415
6299
4308
-9855
2552
-5064
3031
4445
6942
4542
-6628
-4162
9118
9235
5538
4832
-4560
-7746
-4286
-1338
835
-9467
-6599
4520
-9379
5204
6317
-9001
-1044
8565
-4634
7188
2214
-4348
-5047
-701
1859
-8214
9722
8738
2840
-6782
-605
-8189
5769
4804
-2507
1073
1765
4458
2038
5161
-832
-840
3787
9986
-1939
-3060
-3889
9118
3457
8968
6022
4347
-4899
3508
-4941
4653
-5246
-1712
-9790
213
4023
1917
-3507
8534
6090
-8519
7791
3501
9527
4910
3582
1799
1733
3414
-6473
7022
-1944
-2222
6340
2261
-4296
5109
5091
-7304
5447
4113
666
6843
-6306
4588
9835
3126
-4721
1991
-6801
-4113
8276
-6895
4398
4511
1555
-7950
3245
2990
-2651
9621
3452
6109
9960
-8164
2036
-6998
6780
9246
-4005
-2675
-5786
2787
-2997
-2711
-8099
4002
-210
-209
-3270
-4849
8185
-3291
-4178
-3898
-1450
-2877
4604
-750
7460
-3863
-9126
7220
-9857
-8632
-3084
-1071
-7248
-9369
9910
6424
8581
-634
1213
-4947
1583
-9613
-7472
-3996
9973
3000
-290
4837
9180
-321
3747
-1858
-8687
-9588
3666
-846
-8694
9515
1865
-2467
9519
2329
2839
1797
-9779
9873
-7455
1796
-1359
-5603
-9711
-961
-2656
640
-5734
6323
-8778
-1952
-9359
-879
1377
-5486
6656
174
-4818
1240
-5472
2366
287
-8730
-1383
1977
-4507
-1488
3233
1305
-4287
-1174
-882
4245
2275
-2873
-5885
2866
3637
-9060
1625
3217
-2519
-1020
-5052
-313
5691
3750
3426
4240
1021
9884
3947
3486
4115
-5451
-5977
-4644
-5073
5127
975
3740
1017
2239
-7317
-3278
-8974
4757
-4897
-2689
-5464
9824
939
1133
-4176
-3374
-4334
630
8137
2183
3869
-9122
-2227
4276
-4176
4660
-7238
-195
-9356
-7269
1448
-6499
2484
-5897
-4555
1936
6535
-9663
3209
5777
1113
285
6510
-2303
-3596
-5112
2410
-7230
1314
-1518
7619
-722
-275
7074
-2332
2114
-7146
2990
4284
9642
4409
-1783
2916
7635
-5317
4238
194
-3924
7668
3207
-6119
9733
-94
-6241
8143
-689
-1480
6780
-1075
-9049
6695
3377
-6860
-5548
-2670
4313
2592
5778
-1534
3412
2589
-5951
-8094
-4274
-7837
420
3406
2216
-5587
-7123
6041
9924
-3954
3137
6910
-9267
-2081
9875
-1773
8396
8
-2262
7462
-4805
7250
-6293
-3823
831
-4209
2329
-1778
328
-7826
8945
-7667
3096
6460
-9948
-6571
6902
7218
-7851
2092
-9156
732
-9184
-2877
-9194
2851
9685
-2716
-5272
4246
-6947
-3698
-6862
-1513
-5502
-8064
8515
568
-7852
-7451
7544
4794
3564
1028
9259
7735
7108
4117
4619
-5458
5702
-5613
3623
-5950
5917
-633
4559
-8226
2528
7100
-6971
2557
-4381
-5434
-1038
-1575
-4866
1119
-1471
4188
7355
-2796
6888
5041
-6652
-9665
-4823
-234
-1111
-6202
900
-4827
3290
-7308
2988
-117
4388
54
890
5014
5904
996
2326
3889
-6259
1617
-5553
6041
9041
-9849
7768
9859
8997
8014
5415
-354
2043
1070
2285
-7189
-7817
5995
-9060
2615
-3944
-9562
9219
6854
8194
-6945
-2185
4935
8008
-5209
7494
-9592
-5240
3380
5839
-9201
2764
-7741
-7833
-6113
1333
-309
5997
-3823
5426
-5344
-3456
-8546
-3657
-6434
9592
2059
-9422
113
-5399
-4440
3624
8219
2952
-9157
1220
574
-3130
8999
4814
3341
1118
8237
7057
-1217
-7027
-5742
-7457
-4159
-3747
-4931
3599
9523
8894
-3178
1921
-9473
-927
7462
1197
3819
-2147
5611
4407
-6966
-1419
-1
-5569
-6399
-7505
-5808
896
-4570
-3756
-8119
9832
-1193
-2284
9416
-3728
5673
262
3804
-661
4057
8418
1826
-9167
-9209
-2800
-9985
-7341
5596
7423
6400
-9422
8965
7387
-6051
1001
-6455
-2176
-6454
-2043
-4706
-8976
-4330
9830
4932
5759
-3397
-413
2770
6728
3844
-4600
4102
-6638
871
-913
-3649
-5566
9224
-6664
4953
-218
-9804
8107
-7927
647
7871
7925
8832
-5732
-2772
-4997
-4398
8068
-6300
4616
-9017
9926
-6288
-3392
-465
4127
8448
5650
1664
-1124
4481
-7026
-9315
-2807
2920
-2534
-5932
6397
-2194
7264
-9846
-4005
-6032
-8957
-8032
5120
-4036
-1352
-882
-9117
-520
643
4832
7550
963
-6001
6484
9814
-4030
7566
-8544
-6613
-2718
-8544
-647
5660
939
-8564
-2096
-1462
-1619
-357
1478
7661
1334
5544
798
-289
6945
-9206
7283
1396
899
-4462
2924
-1543
-1524
2318
-2046
-66
-8733
-1437
3764
898
7537
9814
5505
-89
3214
3673
203
6714
-6130
-2153
177
9330
-7823
-1558
-8085
-838
9168
6361
-7851
-6058
-1713
-6220
2960
-7359
-9978
-3886
-9187
3273
3659
-7243
9356
8216
749
-214
-9997
-57
-918
-8268
8355
-5198
3209
-6234
-3757
8348
5351
6516
6156
-5224
-3237
-8351
972
956
-2490
-1163
-6487
2167
5903
-5125
-1943
462
4939
-4474
-6747
-1414
3594
377
-1136
8280
9224
108
8080
1248
2623
-5869
-6960
865
1164
356
5983
-3849
574
-6133
-3912
9195
-2321
-7365
-7436
695
-5352
-3970
-8722
4207
9820
-1479
9802
-4054
-673
8681
-243
-4611
-5133
6667
-1464
-2633
-4063
-3102
-5964
9101
8690
-8321
463
8625
857
6488
8206
2586
738
-7983
7278
-7952
-784
7053
9032
6463
-5009
-5232
1424
1192
-1897
5938
-6457
-4991
-8755
-5128
-6953
-4585
5
8421
-9235
-7616
3292
3990
4073
408
3424
-1629
8743
4733
-9333
990
9984
8072
4479
-4451
44
-6756
-3932
8692
-2001
8052
3690
-4289
7280
2637
3950
-1227
5065
3614
754
8076
-6088
2217
316
-7044
6248
-6970
6788
5466
7763
8072
-2323
8078
523
-3378
5846
5820
-3807
-1625
-1113
-2377
5158
-4150
8478
-8723
7413
3458
-468
5071
8850
3229
-7998
-1823
7174
2839
1431
-8539
-6373
-8786
-8367
-166
4547
-6702
-6533
6343
-9754
5451
6098
-9815
-6363
-1312
8914
1222
2365
-3826
-4109
-6742
9282
2727
-8130
-1339
2474
-2470
-649
-3079
505
2357
-8910
9143
-9144
-1355
-9760
-9993
-3738
-6084
-1351
-6711
8923
1275
4661
-1166
-5189
-3531
3088
8624
5912
9926
-5051
-2086
75
-8043
3040
-2874
-2779
346
5418
7026
-3958
386
-66
3087
8310
-5018
-8353
-8931
9504
-4267
-8552
-1332
-6424
7191
-8852
-1954
9573
-828
9246
-4947
-837
4432
-554
635
1216
6897
3779
-4569
-5691
-7121
792
-9366
-4683
-3730
-427
5591
1194
185
-8815
-6634
-7609
-6514
1122
-3577
116
-1232
-808
-5898
8600
2107
7122
3382
-4526
-5087
3721
8459
-6842
5725
-5235
91
9600
8018
8264
-3737
5839
-8922
-2794
-1988
327
7817
7525
-9411
-2845
-7328
-8765
8204
4107
-1595
5745
-6498
6604
-1978
4536
237
2250
-2364
-5454
-2321
9793
-2182
-1806
7588
4922
1441
547
-6791
-8152
9440
-4938
-6965
8898
-9670
-595
9522
-8568
3229
3631
-3067
-4031
-5174
-9702
-9037
-7934
-9091
-4448
-3889
-5351
-8944
2078
-7969
-7675
-9599
4700
3708
-879
6943
4172
-3107
-5675
5081
-2501
-6358
2779
6452
7610
4269
-7642
-4261
-4789
-2424
8276
-1015
-3000
2319
3668
6014
7835
6407
1264
-7870
1541
-5857
684
-8412
-3109
-3515
378
6544
-4291
5876
-4532
-4692
5915
5736
1433
8903
4691
407
8873
-630
1340
62
-8653
-2993
-2852
-6744
-4351
-8071
8553
-8042
-2212
5655
-9346
-6434
-2309
-2658
4287
5547
6415
-1017
-5646
-3532
6956
2515
-3707
5788
2352
-9918
5609
-8667
-6487
-1741
8555
-2015
4294
8820
5216
9514
8288
7819
5346
1455
-3175
7468
-8158
-4168
2482
6646
2333
2713
5513
-1055
7015
1103
164
7092
-7930
-964
-1040
3401
1557
-6654
-4341
-5465
-924
-144
2327
-234
-2514
-607
-9937
-7393
1004
-9410
8515
-4874
3244
-462
-2531
1158
-413
6342
-337
-664
9603
-7543
7902
-1799
-9609
-7961
3888
7785
3251
-7578
3241
-1940
6358
-680
-4554
9508
-1022
-8226
3232
8533
-7583
1030
6188
6072
6708
5962
-146
215
-6123
3009
5607
-157
3034
5105
9469
-8029
-6947
-3885
-7165
6143
4645
7363
-4752
-8591
4642
-9368
-5035
-121
8296
2568
-4097
6337
-6280
9127
-2184
6220
-9544
2997
-3612
3566
-8857
-5920
5082
-7237
372
-6709
198
1824
-9426
-613
-8222
3270
7976
-6840
2429
-9484
1733
-2763
-5145
9389
-6067
-3124
8919
7045
1153
6518
-257
-9751
-8947
7392
4151
593
-8523
2746
-1901
9090
8793
2713
-2312
-8458
-4193
-4323
-1558
5950
-2682
5339
7194
-7787
1588
-4224
4928
2824
-1288
1945
-5706
8808
7274
-8905
4062
2059
-3519
-9454
1027
-2695
-9438
-5109
5475
-7076
-5232
-2760
4459
920
2233
-984
-221
-9473
-7508
9325
-8685
-5290
-9190
-7380
528
4726
3114
7371
584
-8973
9365
4486
-6226
9693
5915
-1880
4909
377
-4140
-8913
-5663
6490
-3945
500
3073
-139
-3472
824
9403
-2015
-9555
7395
-5563
4019
2914
-9588
2389
-7383
3493
-2334
7762
5197
5995
-8305
6743
6161
-4351
-3769
-7853
5580
5743
2208
3097
1261
-2669
6406
-780
-2804
-144
-5953
6902
-1164
-280
40
-6330
9862
8741
-2981
-5237
-7179
-4247
8186
-7747
6530
-800
1868
4406
-5621
8766
8142
707
1880
-6580
-6893
3290
-4417
378
2930
-6269
3641
5983
-2645
7262
-6638
-5872
-3073
-2861
187
6784
5270
-5373
-3428
-6523
-4674
-3422
-507
3503
-452
6428
4170
-2883
-8842
-1874
1738
-9020
3393
-2720
5622
2633
-9276
-6691
8845
4131
-1369
-5567
-2705
-704
-9569
819
-2058
5586
4089
8368
-5298
-1741
3278
-2936
-5941
-1509
5185
8345
-4883
-6042
2709
3507
2636
7860
-6895
9550
3963
6918
-4101
4349
-3804
7969
7046
154
8883
7236
-3098
6152
-8327
-7834
7889
5385
9251
5333
-7239
5622
-7811
-8536
1863
-1914
-1832
-6155
3511
245
8857
9896
-937
-6593
6114
-7277
8149
6606
281
-9955
8924
-53
2774
-8536
-377
-3621
-8033
5864
4558
-8188
-47
9839
-8252
-2864
-9708
1331
97
2776
9934
4577
-9015
-1450
-8580
-1683
-7648
4952
-3882
7288
-8660
227
8888
488
-1075
5644
-1846
-6001
7251
-1970
3937
4110
-1354
-7790
-8940
6343
2385
6190
-4276
7851
9045
-1836
-3461
-4223
-774
2487
9948
2008
-4867
4471
-8953
-2650
7597
-1558
8745
3265
-5475
9589
-8672
-851
4354
-8781
2629
2750
-6764
-1998
-4007
-7197
5292
8809
5300
-7325
-3233
739
6438
5176
-7953
-7905
4952
8265
7635
7659
-3771
5869
-9147
3299
-5016
3558
-7848
4344
8920
3814
2110
5803
-5245
-8061
2157
-4859
3466
-9423
-6482
-2140
3224
7132
-3860
2315
1532
69
6165
-3036
9602
8679
-4996
-4220
8702
9916
5027
-5080
-1910
-4092
-5123
9001
6536
-6183
5696
-6340
7821
5737
-8946
-7384
8484
2030
3570
-8734
-1509
5711
9628
9132
6029
5487
1327
5978
-3991
-4776
-5764
-4315
-661
-9697
-6971
2643
7445
-4385
6180
3338
5520
-1390
344
5148
-2165
3031
-2835
-7058
-1516
-9240
7711
2327
7076
-4744
-6555
4723
-9867
3665
1848
2524
-2587
-9957
-6131
-7173
6668
-6717
4865
-6333
4973
-6168
-7080
8530
-7654
7541
-1401
4730
2258
8237
659
1659
-6848
-1949
-9347
1122
-8712
6825
-2632
1320
-3236
-9941
-5291
-5432
5044
322
2480
-8521
-3737
-7633
-4044
-3794
-6123
-3479
2056
-333
5489
7629
455
3878
-5810
2067
8603
-4080
-4156
-9608
-2615
1708
889
-8715
495
-6490
-8019
6720
7147
1469
426
4334
-2855
1617
-5338
-7187
6466
-4417
4414
-7346
-6054
-9670
-4732
703
2981
4510
-6896
2157
-6209
9226
7449
-5230
6526
4634
7679
6524
7105
-5513
-6907
8805
1256
-1682
9598
-9533
2608
6913
3607
6815
-850
4754
2721
1666
4492
-3858
2822
8001
-9816
9919
3294
4261
-8998
-1868
8736
965
-7838
9603
-9493
5602
6001
-9898
-7349
2980
3925
-7977
-1554
9588
2071
702
-8245
2499
6793
4226
-9386
-9090
-4552
4774
4097
9827
-2913
1748
-299
2957
-8193
-6275
-361
7098
3292
-5778
1322
-5777
3132
8867
916
-4409
-4627
2023
-4107
-3087
314
3837
-4970
8056
6025
-9953
-4732
-9112
4046
-5859
-2711
-4181
-9305
5128
7594
-443
6287
-866
-6001
7028
1706
7685
-1024
2472
-3030
3127
-8119
6437
-3972
-4793
8923
-8901
6399
-9330
5640
-148
-1260
-9011
1311
2742
6981
1642
-6509
348
430
-7825
3593
-7302
-3505
4343
-9213
-7741
935
-2846
3164
-7416
4380
-9019
9994
5296
8222
8025
3577
-5488
2323
-5645
8506
-3776
-3200
-8896
216
-409
2422
-1826
9145
1835
6742
9224
2415
-9788
-3776
4592
-1017
7211
9901
-7015
1746
-385
-385
-6784
-4270
2487
130
7655
-6021
-1198
3146
-117
-9049
8435
-7504
-3365
-3319
522
-122
-139
-9962
2507
6423
8403
2542
-2974
6438
-726
1506
9922
8415
-6128
9882
-9653
-5201
-8569
-8063
-8603
3297
-984
-4483
-755
9168
2846
-7980
1003
-2064
-311
-9368
2282
-1845
1847
-3901
-2790
-8205
17
2652
-306
4509
4263
-4717
-6881
4047
-6866
-7898
7541
6616
4011
6808
3910
6435
4033
7990
-2259
-2809
-7635
-5954
3884
4706
3668
-2312
3922
-5384
6763
8120
-4013
-3000
-9128
-2386
-7573
2050
-3600
2227
-7048
-9870
5220
8432
6926
5253
1765
-2590
9434
-405
-1424
-4389
7905
5001
2851
-512
710
-3808
-594
1499
1919
1517
2435
-4044
-7235
2428
6910
-1164
4271
-8050
8585
-9019
9069
3032
-2919
-6242
9547
7280
8806
6090
5701
-4306
6384
-6078
3728
3957
-1948
-3348
1954
7028
200
3478
3247
-3641
-9012
3268
6721
-2420
-7940
443
-9453
312
4222
9618
3775
-2707
-8778
-7494
-6331
-5787
355
-5731
7371
-4434
-8382
-8589
2507
8157
1604
9063
-4105
-8175
1316
3423
1168
-5562
8271
-3606
-4470
-3824
2746
4450
3853
6994
1046
5677
5961
1140
7843
8513
1164
-8069
-6561
-1577
4668
-4238
6925
-7394
-9215
-2750
-7792
-3167
-7200
-9444
1863
2053
-852
-2540
-4704
-3880
-7450
9593
-7163
894
-7501
-8069
-401
-1307
4261
-4213
4974
-4906
-4408
-4909
-4044
-4689
-7517
1108
6579
8846
6399
-4579
-2369
830
-9402
-4091
-885
2317
8702
-2059
-7345
1149
6093
-7121
3960
6823
-1258
6463
-921
131
5273
-6140
-3720
-1127
-3373
5618
1560
-6758
-7626
-2112
-5229
-5548
-9220
-4604
-5619
8223
-574
-1956
6888
9186
3311
9351
-2597
-7691
5301
8104
-4119
4053
8808
5161
-1040
9986
8654
5732
-3338
677
4772
-8988
4292
9719
-3917
3147
-299
-8099
-5836
-376
-5304
-9258
1381
4065
-1673
-8605
-4221
8786
4150
-5517
7764
-4193
5736
-4653
-2995
-5476
-2810
417
-4965
9812
756
1059
-5899
4683
-9275
-5133
6466
770
-2500
-4668
-1540
7125
5405
776
3928
1820
8291
-2364
2123
585
6064
6530
4145
-1305
-6322
1302
-8957
-9808
-2093
7612
433
-7555
-7861
-8055
1071
-6533
2130
-393
2746
-3613
4669
8788
5612
-2436
-4712
1787
-3066
-2653
-6389
-5302
6237
6437
4759
-9293
-9613
-925
2420
4055
-1965
9168
5640
1071
9816
-1498
6909
-297
4305
4745
-351
-938
6846
-1941
9746
-7148
9944
5466
968
450
-9569
-4182
5681
387
-7574
2011
-8570
8904
-672
-3380
1640
-1498
2594
-695
5066
31
-5231
-3376
-237
9949
4751
-2147
-7119
8681
-3716
-2466
-2880
-5705
8667
-1753
9907
2043
-2035
8540
-9074
3378
-2608
2251
-6237
-2829
-2590
-3067
7460
-8823
-960
-7956
5456
1812
2163
2656
-1612
6759
-4656
-4358
-4095
-1137
-4687
-3176
-185
-9957
7013
966
-763
8833
5287
-7260
4909
-4421
7470
9607
-5851
9767
5865
-3276
-867
-6505
-3247
6561
3510
1827
73
-7068
3528
3156
8523
5141
-2208
8023
-5472
-8711
4761
-2630
5362
8857
-6011
7058
-5903
6297
-5202
-4261
798
546
6931
4626
3731
4446
7137
-8595
1663
1657
9527
-1076
-9937
-8318
-4680
7643
-8420
-1366
-165
-5305
-5764
3400
-1590
-9330
-9180
-42
-9075
-1928
-8697
589
-5743
5277
-5114
2902
-579
-4149
4448
8179
8228
-3440
-9224
5991
-9466
-991
-9989
-6220
9550
9212
-3377
-7917
-9230
1765
5918
1086
8517
-8686
-4604
-1612
8758
-5680
3915
-8819
6390
6331
-7893
7453
-191
-7929
8124
-9476
5703
527
-9945
2865
-8528
-4504
6711
-6324
-5670
1565
2775
8007
-4173
2270
1155
23
6797
4307
7207
1119
-6045
9349
-3513
5406
9470
-6531
-387
-4430
-7176
8477
6548
-5803
9529
1797
-4962
4828
-3753
8498
-1873
-6786
-9270
1601
-90
-9013
2328
-4040
-1471
-6470
-7035
-8299
2835
-5363
9118
7891
4235
5664
-9654
1161
-7929
1382
-2815
8238
-9665
1454
-7641
6805
-6089
-5349
1227
1914
4316
4041
7594
4603
-5836
6326
-5307
990
-8625
-5698
7202
4043
6185
8715
-680
9056
-7769
-1725
9530
9563
3019
-723
706
9610
3551
2730
1546
-8671
5249
-905
-3687
-5969
4732
-1063
8865
-3978
953
9057
4437
-5446
-3608
3706
-6316
-5008
8134
-7052
664
-6691
1076
-9943
8066
-1606
-3227
-6160
6769
-9024
3798
-2089
3325
3750
4913
7958
2098
-4050
2316
470
7432
-7624
9863
4589
-7010
8747
-9296
-1398
3631
8819
-4712
1554
9943
229
4566
8154
7668
-5339
-8470
-9278
876
5355
-6311
-2424
-9482
5601
-3226
-1890
-3420
2266
-1995
-3893
1130
3963
7195
9239
-7582
-6229
7249
-5033
1897
-136
-1613
-2028
8538
-8936
4691
-4334
6934
-7644
6426
-2360
4334
3094
6782
7655
-951
-5910
-4987
-4378
-3174
-3264
1993
5980
2080
3493
-328
2555
-8244
8007
-966
-2442
2087
1423
-5838
-3577
-649
9558
-8809
725
8004
-720
-3387
3668
4437
1505
-107
2090
4107
-9950
2143
3743
1605
-5816
6457
-1687
-2557
437
3968
-9602
-6300
-5126
2196
-8145
-1642
-8421
6675
2602
2630
-8694
-3270
-8582
1857
6807
7433
3947
-4954
6135
4128
-5922
875
-1710
-7441
-8654
3189
-6587
9727
-552
-6379
837
6064
1842
-1063
5171
-5382
-4548
-6060
1680
6262
5014
-5897
-5313
-6950
1039
306
1571
-2465
6772
4811
-195
-6711
965
-7683
-3072
3387
1567
-1006
-17
728
6773
6978
-243
-211
9750
-3955
-6123
-476
4481
3928
-9731
8262
-2880
-6300
9364
-2800
-9802
-2370
-4620
-9404
8827
-1570
4670
1563
296
2
6863
467
-3203
-4703
-8931
2776
-5990
2732
-379
450
2105
5894
7616
-7739
-7279
1325
9342
7022
5555
7972
-8224
-4275
2339
-1672
80
929
-8400
-6706
-4122
9106
-3609
7338
1482
-350
-9515
7119
-3193
2018
6274
-1326
5973
1658
669
-6774
8023
-7591
-1308
5073
4740
-3410
4896
-7882
2931
2485
-1295
8884
-2077
3583
-785
-1630
3231
1654
2815
-3895
2728
7956
1583
-6156
2963
5708
340
-3187
1994
1883
1165
6486
-2769
-9954
8245
-4753
-4480
-4623
-336
3389
9304
3749
5037
-9339
-988
8881
-26
-9232
-7576
3826
-2769
81
-7486
-7099
5035
443
9809
-7688
8268
-3834
5133
974
6823
-2241
-980
-1800
-993
5660
4168
-2415
2444
-321
-9365
6106
3471
-1891
-9411
6100
332
-6380
-7767
1714
2837
9479
-901
-5496
4451
-5222
9658
-2740
9551
7017
-9563
-4261
-5481
197
-7022
5114
-7458
8839
721
-8476
6905
-5643
9017
-9289
-8344
9662
7132
1772
-512
-4296
7983
-7340
-8529
3055
-9846
445
7657
-6412
-513
-8133
4295
6857
-8553
-251
-8618
8687
-5149
-9216
-2465
8387
-3131
4927
-6157
-7677
-2915
-3794
8054
9953
7027
4437
7969
-6551
1352
1871
2774
-2631
1483
3225
-6011
8900
-9808
-1374
-1181
-3549
6391
4411
8764
-9388
8420
9689
-379
-6061
-3522
-8910
-344
8355
-3354
8789
-7624
-5661
-625
-3221
-1857
-5405
9162
-9785
-673
-4762
8939
1175
-1782
-1361
-7050
-14
4596
-2284
290
2066
-2821
775
-9712
-6715
-6313
8071
-7776
3752
-2958
-8933
7574
4967
2366
-5053
-1514
4685
-137
-9990
-5996
-5437
7750
1613
-4512
-5284
-504
9462
-5816
4148
6982
8684
-6903
-4372
3511
8862
1092
8739
6691
3870
5863
6933
-4457
1884
-1591
2449
-2515
7913
-2199
-3932
-4194
-3026
-4212
2070
2515
-7792
978
2372
4014
798
-7636
-6004
2271
4548
-6511
617
-2170
-1860
4067
4442
-684
3644
-8057
5822
92
9865
-9213
9217
-8473
6246
-7511
-8005
7511
1955
-8630
578
-3148
8640
-1829
3993
-4708
7706
9671
-8942
-708
-8938
-8936
-6911
-6085
5315
1652
6947
9941
-6769
1782
462
-6283
5293
2856
-2625
8827
-509
693
-7529
-364
-4786
8775
8080
2483
6774
-4811
-9579
4067
-6162
7280
-7985
-541
3514
3337
4236
5465
9338
7578
-5623
732
6442
-3133
-4653
-2191
3919
2709
-394
253
-4008
6162
-4800
-417
4632
1122
8235
-5936
-712
5565
-4121
8352
4310
6589
703
-8582
4378
-8314
-4039
9604
-7522
1731
8419
1966
-7262
5353
-6036
287
-1674
6868
1134
-877
-9743
-5757
4031
1324
9219
5919
7792
-677
-9704
5836
7455
-2002
4093
3607
90
7658
7809
-1354
1683
8956
-310
3305
2517
-8325
6258
-7845
2506
-2251
2118
-4691
1403
3517
-6707
-2255
-7141
7686
-125
-4288
-1612
-1773
5775
1024
-3401
5983
-4388
2770
3506
7527
2011
-7949
-1142
-3513
-2155
9403
1380
-2621
312
-7541
-5932
1750
-7578
9630
-1551
6268
4610
-5153
-9526
-3692
1061
6278
8882
-1590
2694
-9086
2816
-95
220
8688
9556
1904
-631
-6393
-8592
8499
-2899
-4368
-9821
6005
6589
-4978
3109
8769
5574
3582
-4988
-2146
-9051
-3570
4558
5014
1200
-3273
-1477
3930
86
9750
-3416
7073
3464
-8630
7592
-326
2317
2824
-5550
3802
4813
-7567
1011
9966
-8880
1564
-4680
-9858
4443
8754
905
-6385
5275
-9710
6928
4734
9828
4524
-9099
-6738
-2777
-2796
8858
1953
1856
9574
2096
-464
-1869
139
-6107
8376
-4023
9272
-8498
330
1194
970
2122
7486
6315
6087
8434
2150
1612
-982
-2636
7627
-3160
-2293
950
4683
9977
-3909
-2011
-6931
3919
9624
-990
-1100
370
-8688
-6336
-3272
7341
3729
178
-788
6263
-6676
-3290
-6166
2755
-8709
5509
-4918
-9611
-9631
9198
-9632
6942
-6300
2220
361
-9821
716
2521
-6937
-1471
-8439
229
1430
3426
-4723
-7263
1429
6171
9241
-5494
1663
4307
-5084
-6355
-3868
-186
-8816
-1316
1725
345
2667
1197
9756
-7379
-8613
-1862
6080
8526
1469
9921
-9393
-6418
-9769
8502
3013
8880
5347
-9653
-7346
-4876
812
-3301
-1511
8310
8773
16
724
-5222
1656
-2114
-9658
-2589
-4070
-9439
-689
-7480
-6201
2579
-4935
-2608
-5506
-1574
-3203
1376
-408
9603
-522
8985
-4383
-2908
3639
612
1883
-9127
-6090
6479
-8433
-7901
-9543
5574
1994
8318
-2071
-3495
-2901
-7663
4859
-1389
-5991
2153
8679
54
-8386
-9637
-2179
8007
-9211
1255
-302
4387
7991
-490
508
-518
-6905
6573
-1245
731
-9308
5286
-765
1
-107
-747
581
-6848
5365
-4519
-9044
-6545
-2599
6281
9741
-135
5726
3546
-5833
-846
8432
4583
-3256
146
-5185
-4205
9179
4680
7900
3042
9237
5875
3984
-5297
7355
-9796
6950
-4423
6520
-1117
3443
8204
-4767
3425
8565
-225
4192
7809
6624
-3064
-8744
-9359
-4962
9633
-3811
-2028
7018
-4500
5398
-6774
5327
9298
-5353
-7844
-4876
9256
-7724
5503
6183
7549
-5229
890
8193
2635
2463
-2474
-916
-9956
2325
9417
9475
6339
6705
686
2043
-227
-1290
-8131
-6095
2635
4919
-695
-9666
474
-4624
3914
6813
7192
6286
-193
6704
1796
-6144
7552
1527
8139
7211
-2392
7862
-6526
-549
4357
7075
-4105
-7614
2194
6440
5507
4338
2013
-1226
-3003
3827
-5084
2541
2553
-7225
1068
-8532
822
-1959
-2796
-8626
3251
492
-5925
9814
-1740
6534
-1152
2915
-7261
-1866
3272
-3666
-8130
5974
-4992
-8473
2550
-991
-2799
7346
2270
4784
5109
-5870
101
9782
4553
-1537
4853
1172
3890
6760
6826
-3898
-167
6405
-1127
3913
994
-7354
3315
1111
-627
-4999
-1746
-2453
6612
1977
-1814
6077
-8140
5479
-203
-1377
-2813
-1316
2353
-451
-1631
-1339
-9312
2285
-2820
5078
-1538
-6411
-4734
452
2060
6773
-5399
9899
3929
-5701
4293
8298
-8990
-391
-3930
1473
3090
8742
9879
364
-3767
-8528
2428
-1945
4540
-3605
-6232
-385
-8134
-7412
-8587
9809
4278
8844
-525
5176
7948
1900
3003
9335
4032
-1030
4595
-850
-9785
-3379
-2850
8965
-2800
9614
3931
-9897
2414
3690
7224
4638
-7265
-967
-1795
-2416
4929
8489
8035
-143
-3531
5262
2231
-6617
-1857
6273
8354
4327
-4058
9255
-9462
666
5356
-8634
358
1408
5693
-4083
4615
5155
-9772
9064
-2014
3110
1605
-2397
5522
-6012
7675
3156
-5301
-1382
-9367
-174
-8959
-2353
-4553
9428
4776
365
6298
8994
4714
635
1373
-7622
8970
2685
-7576
6763
5510
1807
4271
9472
-9005
-3484
9665
-6052
-8250
-8343
3439
2474
6943
-3899
-6317
3478
-1393
8178
-4908
6477
-5994
3833
6998
-4330
-4389
-8126
8806
8485
1799
1417
6333
575
-5639
848
-4558
7152
-5003
-9018
4165
-3288
-719
2120
-8210
4952
9203
-6044
4733
5657
-3079
4527
-9359
9525
7114
-9029
843
-7281
-6654
-8468
-9171
2341
2828
7966
-999
-2860
-3865
9281
4475
7132
-7270
3485
-7336
2709
475
408
1121
-8212
-7094
9227
2665
-4958
-3407
-3735
-5829
-7957
2481
-3638
-7480
5583
2088
-3943
-3165
5902
732
-3517
2700
-6269
3252
-3789
1041
-9130
-7
-5839
-9830
3397
928
-2054
9244
-3640
5302
-685
6074
-573
7037
-583
6338
8164
426
6152
4148
8106
5513
6038
1665
-5981
4520
-2946
-4551
-8569
-3749
-2275
-6116
2749
1614
-5737
8722
-7556
-1365
7115
9697
-3638
7223
-8732
457
-7797
5496
-2615
8976
-4182
5739
-6005
5211
1692
1466
-2096
-7825
-2909
1591
-8341
5073
-9601
1375
2203
-596
2312
-990
-2556
-8783
-8438
-592
-2548
-5548
-559
-6057
8058
-7986
7362
808
-5092
-8097
-4288
-3691
-6684
1607
1997
5672
264
5634
-1253
227
328
2508
-9203
6774
6808
9019
-346
223
7572
-4168
-9128
1428
8708
8738
277
-2772
-3101
1064
-4153
-5501
-8494
5242
2392
-1060
-6749
-1164
-5861
3919
-1063
-7302
-5111
-4309
-5533
-962
4502
-3291
-713
6582
-3383
9550
-4783
-8466
-2129
-3169
1657
7343
3530
1983
3489
-7088
8379
-8313
3618
-6783
-3242
-8606
-1297
6358
5717
7019
-1589
-5947
-265
-9445
-4536
-3223
8548
3327
903
4164
3728
-1572
-7793
9084
-9818
-5167
-8147
-710
-9951
7986
3261
2203
4645
4684
5042
2725
-6079
2456
-4681
46
-1414
-4727
3307
4116
8854
1435
7154
-5209
6143
-1849
9761
5127
5314
-249
964
-7533
-3267
-9731
527
-9020
1612
8542
-9126
3514
-841
6890
7613
8952
5280
8421
3521
2707
6416
4841
-8519
1625
2885
3194
1049
-2126
-6785
-7507
-8899
5185
-6031
9440
-7102
-2467
6422
-9447
1343
-5621
-7285
-1209
2672
-5170
5302
6834
1893
7617
8909
-1708
1181
-7127
8467
9268
-1753
4950
-4060
9478
2360
-2682
-3272
-7580
-5995
7710
-7480
8870
-5763
8155
7374
5336
-2425
-8439
5985
4992
-4092
-5836
-7309
224
2930
2698
4081
-9036
5888
-6192
4669
7553
6580
3280
-1741
9655
-3274
-1667
-1689
1741
-6335
2714
5932
7331
-2299
480
4909
-5308
286
-1954
-1876
9371
9480
6830
-5699
7403
-6230
-8549
-3752
-5090
6668
-8826
3699
-7441
-7887
-2741
3158
-3028
8876
-4779
1510
1572
7109
930
-5329
3016
9370
2782
-8179
-4573
6991
757
4890
-875
7411
-5032
-6336
6908
3037
-5228
3023
-8194
591
-1568
1957
-4695
7806
2189
-1401
3032
-1721
-6752
4114
7756
1281
-4031
-8254
6566
632
-1802
-7806
-5106
5617
4972
7386
1221
-6330
-6899
1130
-2943
6019
-3871
279
3162
-8269
-7771
8939
1853
9227
5787
6379
5792
9043
4438
6977
-5556
614
-5052
-5024
-7026
-7479
-7840
-9417
-6338
-3726
-6076
8190
3579
3421
6796
1784
-7610
-1825
2797
-1289
-9459
-637
-759
5650
-6020
8564
6938
7464
-4010
-7888
3976
9554
-2380
-8879
-1989
-9210
-2311
-3482
6508
-2466
2329
6446
-170
-2743
-594
5802
-4386
-1348
-3056
-7299
-6265
7772
-82
-9358
-8006
-3627
-3904
-1415
-1610
-2521
-9422
-7031
9549
9695
-3136
3319
-6688
9769
-5132
5070
996
-5257
9734
7084
1514
-7617
-4367
1141
-66
-2684
5544
2332
2101
7823
-4487
7045
-3002
-9371
-1185
3313
-2232
-1444
9048
8978
1501
911
1008
-9483
6912
-5834
-6560
-598
-1104
5365
440
-6048
-2340
9191
1033
7242
3581
9590
6712
-4057
-1833
8088
6175
-874
234
-9819
-9758
4590
-9732
-610
-1822
629
-5600
6320
6479
25
-9921
2302
3471
-2830
4701
-1546
-689
-1264
-2308
4105
-3602
-5826
376
5016
-250
-6441
-4996
6433
-4315
-853
6010
1180
268
-1712
7787
-6696
608
-814
2355
6299
-630
851
-1814
-6
-7767
-7178
-4289
-148
-5531
-5077
897
2053
368
9987
9021
-2151
4468
549
-2598
-558
8554
5665
2186
9247
-3020
4093
6264
-2373
-9595
97
-5269
1907
307
1739
9364
-4263
-3429
-1764
-3786
5075
8161
1750
4144
1839
-4253
-2695
-2598
879
2496
3830
7986
-2545
3722
4366
2236
2930
-6852
-5479
-6961
7443
7243
-2478
-5570
-4985
9573
-9406
9693
8214
6764
6339
-4294
7327
-8997
-2798
4736
2180
-5681
-5352
3638
-2909
-8856
-2916
3263
337
5255
-2691
5108
-4852
8222
-7886
-3375
-4919
700
4704
-2056
-7623
9933
4415
591
7104
-4918
-4395
1383
7765
8663
9542
9988
-9033
-7386
440
-1622
4768
7018
1238
-7999
866
8286
1543
8550
6374
7877
-2501
771
-489
