2963
0
9128
8134
8887
9050
3043
2332
6145
4262
1474
451
1218
8027
3874
8054
2565
8275
7577
1929
2236
4232
326
1108
8657
6539
2421
6719
2717
4263
9239
4095
8205
3058
5030
5078
9248
5399
4940
7888
1707
6177
5480
1027
1107
2941
2259
7530
2747
3560
7607
7656
1772
6553
2698
3950
432
2910
9045
7750
2099
3762
8615
6961
1814
7725
2111
9602
1062
7272
888
5951
4049
1236
3560
1353
5200
958
9892
3331
8205
2500
7149
6950
2955
1312
789
5663
7785
2131
1133
1001
4838
2720
5128
7434
7987
354
9782
5793
2205
1325
7086
9522
6634
7866
9394
3592
3183
916
1881
7445
5308
8193
9955
6143
8603
5319
108
1220
6270
5369
4744
7191
9089
2404
6113
4792
3754
4869
78
4537
2321
6087
196
4575
1289
934
4217
3457
398
4726
8344
2316
8338
8594
3593
3388
5395
1548
3753
2665
3826
6414
4965
5889
6175
501
1782
4089
1833
8063
4940
6703
6834
2266
172
7287
9967
3274
3096
6278
4822
5095
7621
4596
6185
5169
6693
213
2432
5034
2815
8861
198
1703
6092
2978
3039
1672
5665
3383
4532
3117
5768
2281
5044
3497
3555
5848
5565
2132
3447
6519
1178
8375
3386
8681
3475
1094
3263
7753
9706
9525
4830
5779
2674
9977
2996
1977
8742
5328
9243
8406
4993
9931
4807
3973
8962
9003
1432
6742
9381
5896
6352
8455
5657
9470
3993
2029
7851
5850
348
5184
3135
5301
8645
6536
777
7403
256
6859
3977
4562
629
5824
4813
9325
5908
4709
1665
1378
574
5835
4193
1992
4307
5859
9724
8250
9609
121
8804
8290
7724
1024
2547
3664
598
1430
2256
4424
6183
6456
5628
5752
1095
2102
9835
8260
9001
3384
7326
7638
8188
6036
2369
2964
7340
8662
8044
5255
3384
5580
4583
9459
5215
9480
3850
4747
441
485
8719
3755
7114
6404
4316
297
2667
36
580
4154
6540
9214
6193
7343
2589
1174
4651
4139
9931
6978
1221
7979
4609
8354
2618
4097
4346
8084
1750
7844
3614
3639
9767
6695
6777
4371
4064
9730
8124
5423
4408
893
9868
1537
8971
6605
9666
7546
1667
3236
9797
7375
3099
7078
4517
772
3155
2961
5854
3205
3903
9489
9757
3490
5607
2778
4698
7680
9907
8972
3783
3100
5678
5521
4348
5373
7761
4638
4049
8125
4343
4813
1140
3394
3559
6907
7143
6473
9244
4051
3688
5849
5602
5360
2642
2646
7270
3538
9867
8782
2801
7064
7526
8816
9739
6967
6759
7783
617
6735
9561
2884
7532
5950
9868
5257
182
4757
553
5881
4022
965
6574
7922
5075
5174
8678
5509
7036
1279
8148
974
6542
9982
5129
5510
6686
7929
2326
4371
2267
8838
4462
3350
6539
4304
8062
9109
7412
5503
773
4705
6382
3234
1125
9504
7579
1654
6747
7340
6638
7110
1084
2997
8469
5132
4203
4417
713
9529
4802
1378
6800
4239
2246
3582
2378
8241
5367
6598
3698
5061
9324
2619
2623
2759
448
3235
2872
8533
668
4580
4746
9499
2879
8891
1105
9122
1499
1604
3160
9185
3430
7447
1455
2953
8516
4695
8472
4731
532
7683
4875
6040
2532
2803
516
1942
307
6339
2911
7206
6367
4890
8493
875
3169
5492
1472
9487
3945
2111
8635
1525
5909
2893
6937
7168
3071
2839
6975
1186
9007
9230
9054
8242
9723
56
4189
1607
5419
9447
9754
9627
8174
9852
645
4134
2411
3199
698
9769
6595
5975
4604
8413
3032
6803
8299
5205
7705
1268
8293
5854
1840
369
3186
2614
7539
6718
1719
6675
302
1382
5882
3240
8164
9380
9672
1440
2855
6480
7274
2772
2238
6124
4635
243
9810
7221
5839
9924
9245
7911
6728
2691
1038
2577
3467
8913
6248
4096
8793
2062
3199
8658
1666
5812
1308
9818
9546
5399
7549
9881
485
6440
1238
1057
6367
485
8584
2470
9765
4898
3939
6364
4179
8506
3568
830
9718
9939
2107
5644
1020
7035
4058
435
4924
1033
1886
7374
5862
5245
3600
6072
8230
2944
2971
6385
8232
6677
3387
1310
8917
8283
6263
5302
8619
1827
2235
9509
7501
788
8962
2601
6096
3239
5181
8788
1035
9338
1549
2665
4784
7929
7217
2181
4460
6047
41
5871
2012
3946
4662
1925
9187
5266
3503
553
1876
1441
8686
9872
5672
3071
8415
7053
9095
6833
2325
2536
3431
9195
3859
614
5559
520
5248
234
8665
5558
9815
2023
1438
7191
4102
8511
24
7403
8709
5997
2464
2701
269
1869
9804
6242
7645
4165
5273
6838
316
1893
7700
5463
8061
9685
8391
8531
7875
907
8300
1111
8570
8037
8160
7345
8310
5957
8578
1485
6411
1148
1106
5556
1884
9837
3086
7284
8695
9954
697
75
8603
9388
6356
363
9804
594
9177
6755
19
4593
989
3162
6914
7725
4639
6899
3947
4273
4292
8525
2449
783
7937
8352
7
6224
3389
2000
981
5345
580
9294
2505
7836
4727
9087
2064
8579
6441
2518
1306
7693
2133
4391
6060
1700
9788
162
913
9722
1060
16
3545
4387
4938
3715
7447
8823
3020
6311
4904
7032
4823
7780
2474
5683
8231
5084
6917
9887
6604
3795
513
2676
3924
3476
7720
7960
3587
1896
6866
6204
862
3025
9153
7164
7314
6411
5441
1347
141
1538
319
189
3818
582
8761
4137
5796
3217
7574
4851
7092
3911
1742
809
747
9044
4243
875
4718
2396
7386
5473
4175
6212
3582
7922
2089
4391
255
5598
5471
5442
3976
3040
3410
5675
794
8576
9844
9833
5397
4177
1891
29
9119
4830
9269
7875
784
3320
6580
7376
7493
5353
2150
1426
2735
5604
3197
7500
6745
5079
8189
2765
9749
974
1934
8582
4781
704
6150
3942
7424
7478
845
5918
2856
2786
8341
5939
9426
2189
6891
20
4564
4613
5280
4555
9881
6879
1812
5557
7574
7201
6757
9826
7521
6389
8904
2406
5846
1961
8619
6192
3157
7809
6089
3630
7790
7510
4814
3995
1017
8743
510
9388
9042
8667
6990
5739
5679
4246
2042
493
138
2039
6441
7401
5541
42
8241
4643
8388
4890
7762
488
6471
1902
9574
3256
9230
40
5138
9118
2264
4838
454
916
5086
8771
9199
9206
6025
4949
3338
2053
3772
3859
4254
4847
6610
1252
5095
6011
1140
9341
3652
7729
1843
30
5776
2191
5250
3808
5272
3990
2394
2334
6884
5321
1737
907
4676
1071
2146
4366
8016
8330
7740
6124
9478
8823
8472
1688
4583
5921
2976
5743
2466
8493
2777
1889
6283
5924
7903
9573
9875
7137
737
5394
3200
3357
1089
6636
5616
3533
6755
3607
8444
47
5941
2105
4102
8634
6471
9656
2747
7625
9142
7529
7053
1275
1908
5059
8579
6577
2291
6234
8861
6795
9197
342
2496
1750
985
8966
1549
6162
2885
147
800
4484
2069
3016
858
8024
7023
1578
8146
1128
9340
753
4423
8739
1413
5809
9877
363
1097
1439
3310
6690
7190
2095
5197
8389
6352
5747
3831
3622
1446
8801
9677
138
4652
2295
1228
1273
8557
9384
2626
5257
8781
4736
1785
1011
3146
2024
6757
2317
5091
5876
4355
658
2118
8451
9907
1098
1318
8557
4040
5852
4125
3258
4296
1652
2603
580
5191
2598
9014
1532
7384
5085
8461
6658
8492
2974
4412
4841
8862
9318
8922
10000
7817
9397
6832
2468
8014
9386
3243
4191
5325
3919
3704
1341
8355
3825
610
1138
5953
2869
5156
8869
1027
6369
9688
5574
8794
6878
3975
8770
9259
8833
5640
1325
2832
2214
9534
2683
9946
3474
7387
2956
557
4506
5398
4091
5530
313
4644
6850
6654
7834
3656
6467
4242
3254
7391
4972
2348
487
7973
4987
1561
2280
2498
5624
8170
5381
9092
459
7399
9159
4682
2005
8574
1551
3394
9662
149
9387
53
47
1130
1518
1857
2159
1046
7155
723
1866
5036
7036
4266
3996
6477
5845
9912
5884
9461
3673
2782
2180
7456
8725
2605
1675
3510
6478
761
3419
4611
6017
4634
97
9336
8603
4086
9798
6349
2107
1147
2574
8836
2483
8855
5325
9946
8492
1680
4544
5159
2364
7704
6125
8226
7876
705
9685
9763
9264
5910
9712
6651
860
9520
6069
1871
2473
7300
2082
8813
1397
3140
6260
6987
9038
7671
2776
9987
8612
8243
4887
5784
6147
3663
2646
1890
4177
2772
3077
5656
1372
4455
3831
8851
7138
3037
5099
1480
3541
8117
5394
6383
2745
4509
5316
3371
1648
4292
2746
3253
6408
236
1970
1995
1866
4346
8859
374
7634
4331
54
7694
1718
4875
6332
2345
6058
9550
7822
9319
7637
9336
7227
5095
9934
5034
4544
3043
3172
1239
8728
6179
4571
6406
6709
9637
2083
3842
4316
6027
2481
8334
2873
2542
9295
9086
9440
7649
540
3194
6447
101
5605
5201
5529
5925
3041
4437
2027
8145
3245
2925
9782
5335
1684
1644
9459
7167
5573
3554
8110
4101
8769
2351
2759
5178
2883
1619
2406
9060
7070
7015
3690
9337
3070
4016
8985
8292
7452
4312
4729
3172
1576
3209
9439
4398
5883
3683
3763
9498
9716
8296
5334
6842
371
1706
2821
3268
721
4733
5955
7741
2521
997
3398
5962
2768
6417
5943
8620
7700
5081
7482
7288
7649
4864
3926
4041
5033
4018
2427
2277
7731
3879
1176
6930
5746
1064
8585
6117
3484
5196
4355
4011
5147
1766
1730
36
9727
9097
5984
7411
4376
8567
1544
9253
5869
919
9592
5974
4151
7564
8797
6964
1203
5287
6232
7131
6214
3650
6502
803
901
228
6253
7968
7075
2305
1136
358
8246
7996
6924
5570
1562
5551
1449
1617
6964
5387
6798
8952
9572
6123
1923
5115
8905
3317
8871
7387
3173
4398
7506
1070
9066
8376
9805
7078
8639
2349
9663
1990
9406
4198
625
3441
1950
3149
9927
9797
600
395
3353
4500
9890
3778
1229
7799
3164
766
9804
4508
5919
8800
2799
9450
2372
7936
4938
417
613
3364
8759
7102
5189
7670
6173
6751
4337
4559
4921
4838
1053
5999
3382
8
447
9055
8350
8151
8926
6383
892
12
5852
5214
6812
9330
2808
2981
625
2166
5382
684
4383
5125
7144
2458
1005
8859
548
2077
7904
3977
365
2131
3559
4314
7551
7905
9837
3032
6517
5363
922
7536
1228
6577
1866
7696
1806
3405
6776
6096
4341
8339
2127
8026
4617
2116
1172
7506
1277
7642
5781
1627
1187
8615
6536
3164
9174
3376
5019
2656
5331
3081
5646
5021
1278
9769
6200
1831
8334
7367
9247
3359
4704
6523
7480
8914
2838
3425
5697
5133
4819
8003
9900
456
919
5552
6786
5092
9040
2682
9646
1876
1423
9769
8057
8910
5672
9109
31
2064
661
3006
5930
8715
1951
5271
135
2097
5701
1536
8765
7805
5110
3716
3310
9928
2729
2779
610
5759
9937
52
9601
177
4469
9744
4122
9941
5012
8043
4145
2455
6376
3385
1467
6531
1199
9107
8793
3185
3947
5197
3635
6291
1629
5053
5734
8158
4647
4343
6206
2884
3973
9605
5017
1723
6471
8018
9456
5533
7796
2453
5831
8556
5510
9688
5890
8210
8690
8053
8195
514
4663
1333
3853
9117
3342
283
3493
9858
2941
112
1517
6859
2986
9614
6942
8519
342
6796
5069
8755
3285
5233
1865
8499
176
5559
2246
7097
3399
768
9414
7052
636
8270
521
1985
7087
1665
4091
5599
7525
5355
8467
7293
9821
3317
644
3966
9239
9803
3440
6690
1775
3048
1096
9761
6842
6911
1859
9337
7929
6389
5566
9168
8851
3572
7920
8487
6831
2289
6347
9871
6352
9512
8519
1437
6897
4350
8091
1212
9231
7244
9239
7134
1455
8668
8667
4244
2187
287
1094
7615
7742
9031
4933
4382
4930
7582
4247
4190
9660
5959
4105
3469
5418
9114
8756
6202
8804
6679
631
5440
2353
764
6297
8663
8868
2647
2292
3442
2975
5512
6210
1432
9837
6028
6246
6055
5404
2179
4003
5219
8267
7557
9070
1138
9485
4882
3017
741
3207
935
1207
565
6751
6172
2062
6058
8836
7836
8777
4747
7897
8988
3166
8578
600
9475
6013
795
7441
8663
8729
8385
1482
4014
7641
4594
8179
6893
8237
8193
6781
6159
1859
7596
9248
8798
8190
4794
8460
3593
9972
9973
3829
833
4059
4703
6457
8220
961
8267
1414
5883
651
4051
1200
1618
7685
75
2962
5469
4915
453
6626
3802
9405
7874
4624
1018
31
5373
2421
9856
7290
6959
8582
8851
4953
2278
9704
4404
3715
2663
6579
8085
422
861
2138
6254
7178
8337
1870
1941
1456
424
4672
8206
5560
6786
1111
9484
713
9757
5492
7635
1811
8235
3398
3867
3741
3914
4096
9698
1994
7833
1248
4705
2287
2073
5903
9715
9157
5944
942
1021
4924
7728
8980
4471
252
5987
9867
4170
4868
6185
5490
3166
2207
8887
7919
1961
2558
5368
2963
8747
2379
3107
3294
2175
5498
4146
6558
2565
6070
7011
6342
6443
6775
9888
3548
5838
3340
9046
7717
6381
6543
4522
3004
9512
7942
7731
2874
1653
6949
3577
3361
8384
4810
3213
3123
5668
2965
7184
6194
6056
3099
2115
7604
5774
5758
3894
9896
4603
9302
7012
487
8809
1104
9796
2214
7544
8576
9989
7201
5388
6390
7274
8289
9533
1030
2935
900
8304
2596
9113
8401
3869
1083
6689
4815
1220
4153
6371
9639
8708
7100
7834
7732
7876
8216
306
8679
2905
2484
3333
4853
9797
4217
2103
8727
3645
9923
5925
7382
3402
9833
9670
904
9818
1972
1218
4742
2701
9853
7210
5173
4003
3754
9775
8147
6629
6049
3835
1222
7020
5138
1332
6296
9268
460
6836
9506
5284
3079
73
9056
6623
3467
3807
1989
7395
7388
395
9425
9904
903
4974
5284
6998
2833
5660
5771
4436
5450
1154
6140
29
5360
1815
2641
3141
795
4714
9296
8192
341
3681
6877
1024
9559
5377
6275
4320
5085
406
1704
854
4044
9459
3163
9559
8943
2530
4314
162
9792
683
6837
8843
5825
7833
1676
717
5632
451
4008
7899
9644
4144
6888
669
659
6243
2584
5535
1084
210
6643
4514
1558
7542
2128
2451
9623
2961
1673
9716
2221
3583
2692
9745
6864
35
5104
6039
1101
2996
557
5123
8333
9857
6035
5744
2824
9362
5301
2999
6366
9315
5430
7933
2545
6358
9430
3930
71
9223
7176
4245
1490
9323
4569
919
2307
973
717
8186
2353
8237
8310
6478
3759
209
8526
5112
9390
8741
2406
9377
7936
3574
1408
7522
8495
3496
6821
9425
2298
7967
9299
9802
2577
8781
3701
3154
9360
3243
7188
6907
2696
2248
9854
6593
6447
9554
8483
1644
7594
7202
1861
6480
3389
1465
6508
159
7502
2985
4340
3462
9666
4339
2445
9843
3487
6770
1631
1207
1905
6663
2117
4782
4215
9802
7145
3783
9151
4096
5343
6050
5357
3233
5255
6941
656
8561
8095
6630
9865
5618
2546
6555
4629
9176
7619
6970
9810
238
1386
2786
2954
2975
2422
650
7878
8084
8691
9680
3326
914
3052
3360
2791
8502
4102
9407
6604
5189
7555
3735
1824
6141
7405
5125
8157
22
7388
7401
8142
8085
5609
2071
9611
122
4195
6016
3684
6406
4030
418
8368
4650
6757
9912
1062
5484
4756
6270
1910
9832
7067
4516
4009
8836
6323
3749
6630
5036
657
4019
106
7556
5011
6116
9499
7746
8870
8271
9802
7180
8303
1601
520
1662
9185
3032
699
548
1769
4289
7641
3568
5534
7808
6471
2733
9615
7172
9152
18
2845
1256
7238
6250
5739
3783
5804
8427
9155
2392
7094
3862
5094
5922
8828
3600
2875
9341
2069
5796
5047
4734
740
3655
3094
8830
4343
8197
5569
4802
3612
4204
9803
4538
7323
9513
782
7266
6937
4494
291
1671
4377
5307
4736
7739
5250
5555
9382
4742
9490
5524
8818
7045
7488
7356
9367
6468
6668
5318
1656
3975
6026
5344
1054
3914
5511
4142
9219
2267
5851
2033
3063
6037
1926
8572
2729
3753
608
5675
3163
5064
1016
9545
4683
3901
4320
2118
5887
4347
4726
1616
6985
3624
2649
4729
5679
3730
5129
791
3323
5503
2573
2761
7510
6428
509
2391
2716
7629
7182
9760
9955
7426
9533
3083
7945
947
8336
3414
7930
8474
8075
2734
8042
9874
5600
5534
5033
4530
694
2608
8669
5457
8348
5857
4286
6867
421
8080
259
7285
146
7831
4296
7004
897
2784
2142
4266
1419
3635
1021
6139
5729
6849
6227
218
9608
618
2497
9216
7261
8322
1898
8267
5832
2487
127
7418
2071
6921
9169
4929
6328
4246
1899
4734
3350
1015
3337
1583
8177
110
8653
1831
3318
5238
1193
6986
2831
6697
1214
3012
5959
8324
1705
9619
8098
22
759
127
6659
6282
3896
2438
3103
9885
2359
7416
6556
2224
744
5202
8026
6762
5261
2818
6613
4034
3358
8070
4570
8480
2053
9519
8516
5653
2947
3100
4204
4859
5921
9825
725
8208
6743
3300
7700
7038
4721
992
7294
5506
8735
7072
5711
4375
3148
8777
2201
2076
571
8773
191
4438
1810
5512
4602
289
7349
6076
5040
6122
5467
6686
3494
6251
227
753
7452
8861
1258
1817
7295
2363
9135
3372
5145
819
1385
8151
540
9059
2588
1187
5170
9506
163
9576
7483
7403
9859
4754
1047
9050
403
4528
343
786
1375
6970
5833
1848
2695
8979
5216
5937
9320
4872
6889
3663
3851
5177
6296
1529
3916
1038
9437
7061
7842
6561
947
1686
6053
3586
3614
213
447
7715
2172
3202
268
9613
7537
4102
745
5163
9137
9430
3262
1621
143
1154
4387
2702
2526
2042
8732
2858
544
1586
8320
5206
9140
8657
814
1714
1181
6155
4616
5631
4581
4989
7559
8392
3841
603
8865
5069
5904
5636
2267
1019
5843
243
9935
3618
6753
7748
4127
8572
4074
4159
3452
4770
7825
5865
6864
3648
4480
5650
4928
3145
195
7778
7193
3635
5280
9905
6044
2486
8484
9142
3149
9789
9916
9164
