1939
0
5453
1418
8177
1621
3996
2251
8896
4687
2952
1019
2713
4646
554
7248
6545
9522
9950
3313
2149
3183
7236
9999
77
8958
3929
1993
9633
876
1642
7014
3867
556
4542
830
7772
5880
6729
4591
8268
6441
3167
3003
8014
5835
1268
6196
7346
622
531
3550
3036
3289
5978
9747
3281
2028
4788
4266
9661
169
2427
4200
6756
4467
3515
8074
7404
8553
2738
7550
6168
1393
7426
975
7622
2020
9641
9782
1409
1960
526
8596
5699
4976
8055
8939
6892
7546
6705
9865
278
2375
7248
5632
5249
1088
5300
3824
8870
8987
5836
820
9839
2559
4813
2167
351
9703
4313
8611
9477
3701
7980
1686
7417
1540
4871
5452
2272
4731
4484
5759
4324
6818
3660
6856
8656
824
4527
2592
8443
9184
610
4988
1301
1146
1674
2592
5858
4394
4190
3170
9903
1845
6249
6624
3525
6791
5747
5347
9017
9448
6178
6795
5365
1196
1445
9685
732
3811
3588
8749
5296
7075
2730
1046
208
5567
2831
996
4940
3140
5191
1825
6935
3114
3482
5318
946
5223
1306
6123
1039
6826
501
4998
4382
9295
8069
8013
7699
6428
6630
5723
7639
5582
1409
4279
7183
2159
2990
5372
648
2600
813
5983
3734
7861
4115
213
3147
8403
1846
1973
5212
7901
8475
7898
6718
4682
1670
6639
2688
6918
9873
787
1134
2103
3383
9933
2877
1656
5135
1281
9487
5940
2528
5759
9186
8083
9737
8653
2526
4067
1912
1630
3368
8980
1862
9340
3190
6681
98
7996
586
8598
9603
8075
720
5635
3808
7575
4818
2167
1042
7287
9382
1161
2708
169
8320
5546
7007
8021
8357
2458
1362
1850
9052
6398
9824
7870
6028
5632
3372
148
1167
4540
5957
1651
4618
5970
4467
862
183
860
2815
9111
1959
3403
301
7918
2195
6811
7249
3016
6624
5572
9970
1918
4755
869
7820
325
7284
3509
833
1073
4889
3769
4507
9444
3927
8790
8765
8973
6641
4817
8618
6964
7035
4657
5812
1717
6244
9465
4018
6730
6361
5859
8866
7409
335
9291
991
1510
9383
2895
4118
6556
781
2356
2236
4087
7702
855
3508
5271
9290
1585
1480
2478
5841
7051
3289
7625
5537
4339
7572
1369
1342
5089
7440
3381
4281
3584
302
8413
3262
5438
1575
7904
2246
3283
4839
8501
9885
7179
4903
5500
2844
3665
3235
6744
7645
3449
5396
4151
1974
6875
2843
9781
7385
35
9783
4007
4370
1957
465
9175
5752
2056
5149
2396
7680
3117
9233
7043
9766
1016
2801
1926
7863
8948
5404
6524
722
6149
4930
1643
5774
7185
1946
9802
5628
1112
9214
3079
7264
5872
5295
6017
9600
2166
8729
2920
7953
2583
5710
8524
6129
3160
6474
1281
2479
150
2466
6670
9481
3737
7030
4657
713
9504
5330
4593
402
7812
9660
7780
6286
7336
6506
5474
7959
9700
5869
5622
9740
7950
6487
5996
1742
7483
3674
9423
4226
3553
5725
9476
5753
3280
665
9619
6899
5598
66
6938
9056
8287
4825
3661
8513
4156
1847
6501
6430
8022
7246
4550
376
2612
8331
2439
5637
8114
8286
2857
7943
8902
8263
6204
5764
4986
5718
5687
7045
49
9453
507
6021
8789
3476
3383
9467
3963
4359
9294
6710
8748
110
7902
2241
9562
5200
5717
113
2337
6709
1113
7704
3422
9215
7509
6374
541
4511
8399
1897
9326
556
7085
2296
1368
1465
1706
9806
1739
9855
5425
6200
3716
4523
1675
4412
4525
526
7668
5160
3266
2979
1023
8885
9129
7033
8550
3767
8153
2652
6515
2115
7296
5686
9677
7766
7156
7152
78
2919
7943
4654
4569
3684
1684
5532
5617
8501
847
6257
4386
5237
8512
3579
4766
1959
3894
5830
6644
7823
2716
980
5081
3546
6424
6078
274
4690
8710
9975
6144
443
1546
9455
8198
2326
9721
7028
6232
5953
9301
7768
5200
3192
537
2338
9572
6291
1773
4772
190
594
4787
538
3034
54
2232
4238
4074
1352
3514
6909
7556
72
2197
5066
1627
1970
778
3939
1260
1824
5702
7001
2182
4101
422
3078
531
1441
6724
5572
9959
6830
230
6003
8848
75
8718
3398
385
8428
6712
2855
5596
3239
1058
1888
9991
1393
512
933
2181
1659
4765
7392
8322
7977
2744
4468
2836
9869
7167
2622
9673
7626
9029
5097
128
6693
81
5392
6282
9986
6667
6274
6486
4606
4687
8920
7523
387
2852
4365
1910
6643
4213
6363
9254
8957
6913
9353
5771
1458
9699
3695
9436
5379
671
1092
7422
7608
8670
8305
9156
2586
4379
4696
5724
8185
2305
4402
6048
2788
2870
9478
2063
4749
972
1815
7740
4510
6631
3910
8824
4066
790
2451
7121
5299
3986
4730
7644
113
415
6755
9303
9978
3537
9584
7968
5336
1185
7902
1685
5593
2376
3135
7881
1759
9077
9043
5480
3008
7886
8273
196
567
681
1038
2501
7780
6349
5106
1474
5571
6842
6436
5174
81
6006
9805
3031
5571
1585
199
5459
8376
6408
8234
1988
6881
9542
4763
3842
2938
4162
269
5361
2951
4544
5167
849
9518
7707
2782
1319
4021
5882
6630
5152
1007
7452
3613
2898
4928
5678
4147
3462
217
215
692
1058
352
4227
1995
7298
5053
235
3950
9051
7995
3864
7088
1955
3650
8015
3895
1299
3589
9179
8456
9092
1392
1082
3365
5247
3881
5922
5033
1263
1045
3377
3531
1858
8256
7919
9255
3647
5685
9496
5973
9124
1474
5924
5941
5327
5004
1319
9636
5377
6213
7229
120
2142
4551
157
1418
912
5338
593
3967
9999
9027
8136
1634
1634
3959
7679
2405
3855
7254
6029
5608
7838
8072
6728
9336
4256
4417
5145
7650
1905
9635
4129
4209
1583
8880
1275
2909
3218
8413
8387
8455
8352
3779
579
6186
3142
5210
7921
83
668
4862
3295
8019
3122
9506
8637
4754
4331
80
8647
1146
6826
8988
7315
8739
107
7313
9400
2057
3152
9899
5598
6359
8688
1428
3813
3066
467
5956
174
4266
2891
3265
6247
8251
7747
5810
2187
7643
7582
3283
4223
9849
4815
5995
4966
5850
2861
8140
3324
6385
1674
3461
6528
7174
5811
7379
7630
4171
7953
5606
2149
3540
2688
8753
444
7810
6468
4323
883
1630
9396
9985
2558
9712
8268
2766
9766
4330
3370
3688
6164
1043
7819
2795
3146
7900
7611
2441
5332
4092
3192
7343
1892
7696
9999
4425
7740
6970
7077
1495
3011
5427
2823
5371
7213
7176
361
9993
4237
3877
7606
6582
1520
4911
6198
3366
6723
8997
3684
2548
8377
2108
294
9825
4108
8238
3213
3238
9173
139
7754
2556
8385
2868
5380
7344
4569
688
840
3689
679
8343
9263
8664
7566
5237
7121
1692
8674
7808
8226
3956
7738
7182
4330
6109
6434
9609
9734
8186
4543
4063
7652
8434
1958
8503
802
1890
2853
3063
3502
828
6483
7270
8430
7697
5385
3875
3228
3736
1140
7062
2819
7054
9847
3846
1288
227
8075
8235
2200
5627
5430
7006
8589
1587
5332
1568
6337
3772
6472
7586
679
8408
3965
9997
5229
3918
767
5169
5623
539
1016
7350
6932
1289
1104
5848
2702
9650
6680
633
485
4845
6785
6027
5763
5325
7513
8941
8658
5741
7912
5200
5835
9330
9444
5527
9023
3884
6994
34
8562
2305
3843
9953
6445
331
5905
5576
6627
1729
6389
7513
5550
2170
6518
7635
1075
7679
9003
3112
597
5909
7543
8931
6472
3618
6407
9464
7771
2250
5424
6038
2856
7185
8343
5000
1152
5573
6796
4635
4103
8957
1184
8964
3849
8924
2396
8917
7251
2162
4541
2798
4546
6422
7678
8030
5205
1435
1068
8872
9381
3070
2888
4797
231
1150
5058
7842
9241
981
9266
4754
4542
8356
1397
3833
2436
2440
6782
8244
3409
6027
5707
9087
5551
532
1983
2244
1071
4334
3565
7660
8578
7988
842
4914
6820
7250
5826
1366
4081
6549
5122
412
525
3120
4131
378
6626
4613
7216
3688
7226
569
1448
2966
7989
2164
6825
9395
912
4973
5627
2171
1481
523
4207
1746
4128
2182
6289
8672
2423
4300
6666
8688
1267
3344
3319
694
6972
7036
1541
9625
9933
7291
656
1988
9285
6586
5196
449
5095
5066
7348
3662
2938
1870
6138
7349
5080
2409
8111
6339
4317
2233
4288
9661
8239
429
4292
5238
1880
3068
3478
1616
9296
963
6094
4184
6404
8478
8597
7338
5814
8479
6314
971
7841
7695
4428
724
2734
7145
1181
6896
4700
3630
9773
8869
686
3572
1702
968
1551
1426
2810
138
8477
8252
5442
2828
2197
7550
5136
5314
6274
4139
7501
4473
8277
1628
406
6853
8992
5455
6374
4455
2594
4911
3721
8436
9914
6729
146
2052
226
748
3856
9462
1372
2960
1483
6457
8407
5797
751
2720
6511
6915
5080
843
2379
3742
1320
1430
2634
1460
8968
3822
7549
6816
1581
5369
7585
793
8089
1157
2015
7393
734
7532
1327
9172
5806
2870
9271
4280
9907
7439
1169
3447
7490
8555
3923
914
8369
7066
7944
1456
2005
3382
2224
309
7810
3351
7162
2503
8174
7000
1103
5767
963
5367
3403
457
4591
7635
5346
6604
6244
2515
2660
2274
1246
1099
5826
1100
720
8639
8749
4495
8328
6812
6129
2725
9026
8559
1344
4729
2699
3120
1490
7216
4993
5020
6242
6227
1860
6163
3014
494
6401
4352
7073
9674
2894
5291
2750
4955
9730
195
6152
8581
5437
1762
8498
1695
5821
5351
2520
1621
8158
8195
9486
6987
6708
6829
597
7341
3035
6661
3885
7659
7503
3319
6137
877
4574
6738
1108
9904
990
1698
1049
7603
9858
3047
196
9460
767
3776
620
9308
1754
9413
5889
1740
6302
6788
1041
4124
2923
2647
3299
7012
1473
6207
9927
9590
73
4656
4202
5896
9098
4791
9608
8077
3089
263
7733
8216
3350
8295
1555
3842
434
3909
9306
3190
1616
9188
9844
5532
5384
4661
4468
7379
7599
4366
5986
5688
7137
1176
8172
5759
7749
756
9595
8443
6585
7868
4070
8536
1627
3901
1002
6221
1749
7256
4013
4224
7019
1818
5929
3207
8690
4291
2889
1929
8217
6042
9134
5591
7268
9139
6798
9809
1256
4838
4873
6321
309
6964
2
2531
1832
9453
8029
8856
1504
1488
8115
4070
6660
6374
2808
4406
9752
248
8595
6506
7378
4093
6739
4985
6251
6617
8149
912
388
7327
4969
1287
6400
9253
7360
2285
1460
3478
7319
7609
62
1132
3885
159
7759
4145
6448
9160
161
6080
301
8375
7950
5053
5521
6698
4762
9583
7863
3756
6246
1268
9267
4269
536
3626
7626
286
3716
2294
4033
1504
9394
5542
3171
9829
128
9306
6562
2145
4919
3963
5352
1836
4257
690
3303
4775
6780
3615
9011
7371
2907
4393
4572
2569
1593
2480
3380
307
4995
5698
4246
2845
1638
1576
5666
9465
5147
9921
5737
8809
752
9183
4345
9043
1474
9498
1886
1647
3406
9103
7040
1819
6785
2280
8388
7713
6942
6998
9058
1783
7505
4671
2866
3800
3015
3228
1183
9502
2797
4938
1801
3193
9757
6916
7731
11
3291
1891
4491
2019
7586
5768
906
9000
9492
6761
5730
4743
5399
3205
5933
7364
4546
6646
8594
2561
9378
6686
1847
8297
8268
3877
1145
9608
1825
328
858
9264
5956
6570
2303
5347
9716
1394
4207
9380
4655
1407
6380
7474
6182
628
808
2624
1261
7949
8436
7352
9937
8913
4543
1805
3244
5789
4153
299
9010
904
1158
6831
2412
6769
6183
1311
4171
4292
1337
3081
5757
3557
4897
7437
4013
2145
2858
4758
470
5560
5433
2969
2974
9824
3201
5367
2085
8893
7511
1473
4213
5574
6876
9197
121
744
4145
7185
7724
4600
7089
191
