6083
1
4670
7003
6774
5079
7254
919
1416
1192
7835
6251
7019
9351
3312
8811
8108
2547
9847
8063
6039
1771
2004
7299
6834
2298
5242
80
4183
2042
2269
5923
1081
3361
4978
3361
1800
431
1581
5745
873
1691
7805
5730
5621
6232
9464
972
3988
226
1555
6372
7567
8111
2948
927
8679
9199
8276
6675
1027
7156
6907
3129
2786
9030
5547
3860
6517
4101
383
2193
895
2569
4070
8926
6815
3707
9256
9999
2449
7745
4230
7252
3388
601
8689
886
9464
239
4828
940
1543
2590
247
4109
5716
6981
2936
3860
4665
3277
9684
2832
5517
6939
7421
3193
2819
8659
3774
7212
2922
8735
2369
5327
650
6154
426
177
1334
2649
6934
6091
8676
1780
6978
8095
7063
7282
1016
2822
7254
5666
2893
2689
4953
6913
1155
2902
5397
6258
5178
4891
5208
7343
134
4545
1091
6241
4100
6883
4837
6166
6250
9191
2810
1250
3110
1086
1185
7940
2495
4665
7890
2529
9498
6003
4628
8518
3799
6017
9396
5369
55
5500
3190
7143
5278
2790
861
177
864
6920
7003
8129
6015
3582
8632
7199
2784
6999
9172
4154
9187
4742
7287
5778
7708
8301
8617
1454
4408
7493
2979
5006
4883
4643
9642
9019
591
83
3113
890
4647
1134
9554
6385
4949
4006
9163
8253
2306
5042
766
3370
8294
2611
8514
7968
1608
6090
9721
9585
2932
2288
1283
5075
7595
9473
5222
6323
8320
2837
7308
2433
8140
8041
3008
5778
4086
3229
1606
6118
8372
5198
1667
7046
5639
9772
4560
8464
3424
9780
932
9907
5091
9253
1840
4342
4183
9704
3816
7342
5951
4098
3469
2207
1425
6435
8780
8811
3787
1321
4983
9521
9140
4160
5148
9636
8923
1369
1357
3997
4328
3165
7867
5668
5000
3050
2179
1818
737
6894
1257
2084
3927
2128
5865
9485
1517
9518
6481
4130
4087
7029
8254
2661
2057
748
6090
5267
6566
2366
7949
9577
1303
7678
8945
151
3087
8575
1757
4236
8356
911
6188
8614
6447
7717
8084
27
5070
5082
7554
1627
5060
8477
7647
3193
3473
9077
255
727
340
8528
137
444
4712
5469
990
7699
5408
5230
2875
7243
2827
858
8532
1664
8145
8060
9546
2919
2426
1587
3529
3907
7792
7532
6123
706
8278
4865
7137
6348
999
4571
3249
4704
3472
7228
75
4039
7288
5845
6641
8165
4074
9541
4632
9921
5120
1286
1459
5301
4732
7396
6662
5868
7338
8832
3693
3613
3128
6154
8913
9335
4485
4647
3545
3570
7358
5765
186
1885
8802
4163
1870
3321
6014
2729
7776
9563
8451
4054
9392
9562
319
2959
6096
8898
6529
2269
7616
4298
7611
9975
7309
6848
8407
7873
4928
2860
1231
4325
6513
5335
383
3133
5022
1521
4531
8063
4187
864
8332
7462
4008
4289
7700
5280
3668
5634
5581
4947
5804
4707
8717
3457
3154
8890
2821
4119
9630
8888
1936
4062
2389
7776
3596
128
8285
4117
3955
5936
1294
7342
9285
548
9600
8696
8283
2876
5810
2051
2616
3739
102
2368
1005
9565
4063
2950
5361
2193
2467
1329
2246
243
1589
3925
8160
4981
4587
8511
295
6676
4350
4979
8383
6093
9489
1595
9631
6535
4658
4317
7723
7536
1276
2800
875
855
3631
6765
300
4383
722
6648
5158
9339
6185
7977
7284
3706
7036
8998
4255
3236
6904
7836
3368
5445
8950
2625
9042
582
7741
1332
4161
9652
3411
892
8424
6500
2895
3428
2405
8460
1746
3256
9537
6645
6982
228
6854
982
7085
6963
7922
9142
2051
8755
1890
6553
3860
7973
5072
4364
835
1310
6260
2010
7122
6736
834
1876
3656
8411
9701
2143
7002
5706
9060
9782
9102
7546
496
3875
4957
8475
9888
2148
9339
8694
9140
4995
4190
1378
2798
756
2646
8650
1579
6521
7164
8466
5481
2268
8371
5482
7373
7984
6480
8106
5817
7684
7991
5278
5553
6017
2015
8964
6528
4694
767
2927
2046
86
7769
7395
9665
8618
5277
6109
8860
4641
130
8301
8470
6840
9346
9129
5360
5595
8616
2689
1777
4319
1472
3183
1339
5182
9805
6978
2119
6805
1502
2439
3781
5906
6054
5754
884
5396
7949
5767
8808
2549
1821
3863
5901
8103
1993
3132
3618
7558
2386
4348
6067
6873
6308
9761
6660
3392
7228
1586
2496
8221
6556
7875
1242
1565
85
2209
7808
6914
8686
553
782
8367
1654
1237
8687
2887
3094
8086
8461
8860
9780
5487
7007
9456
6775
1817
4674
7324
4931
898
2745
5012
2853
8200
6697
4461
1923
9989
8378
9902
6231
6472
3380
8108
9891
3093
4710
2402
5571
6105
4588
2342
1726
8266
3473
6174
869
1140
9343
3035
509
620
8328
4485
8036
5496
1669
2687
3784
5495
7951
349
4451
2581
1093
4570
4738
9579
2291
2283
805
2289
1658
3352
7551
1286
2083
864
9588
9617
5301
2595
3820
4982
2749
1547
3918
4009
8980
8483
2798
1976
1785
9367
7920
2605
2425
4885
2835
5294
9984
1609
7475
91
8198
1359
9896
4820
6189
5110
6292
9646
8909
5291
8624
1883
6543
3705
8452
2170
2993
7986
5973
5169
4442
4801
8594
42
9621
2459
641
9189
6093
8967
6145
1205
7119
5259
5547
7414
5222
283
6486
8696
9018
2064
6859
7482
3710
3056
6254
5958
8974
1971
9129
7450
2916
8748
8650
7851
1445
3044
7738
3924
4104
5323
4844
673
275
5116
4499
1703
6528
5801
7775
8147
4012
2166
3084
3318
4115
5892
5928
6227
8878
183
1972
9470
832
6555
127
7761
253
3440
9445
4913
9155
4785
9367
9547
8013
2438
8972
8426
7522
3758
2016
3387
7744
884
392
2968
1750
1858
1089
2475
5090
2859
1741
7182
6491
6913
2792
681
4567
6947
3753
7024
7513
7160
8028
7241
6963
3972
5093
8150
5713
2748
965
465
2551
1592
1925
4171
6989
3161
1593
7714
7881
8019
7497
2637
4921
8782
623
7175
2105
1761
9119
7868
9079
5271
8278
3354
5997
9819
8454
254
9207
7548
3089
7296
1487
1058
9202
7414
3089
9217
7537
564
2956
9987
5060
5145
9212
398
8486
7192
157
9501
4740
7083
8810
7466
6940
6933
2324
2649
2681
3634
3089
1810
5777
3365
2059
7904
4452
1767
6987
3650
8959
1130
1425
6296
9845
6188
8503
8174
6163
6185
5186
9489
4502
3921
3731
7434
4122
261
6588
727
9949
7860
3022
1728
1892
4758
5533
6220
8356
9652
8101
896
8384
6159
1356
4926
6138
9529
2132
3228
4625
8576
3350
6807
7397
5353
2571
6069
8302
5360
3673
7577
1066
922
6787
8112
3507
1231
4380
1136
1745
7108
2897
3044
2969
4440
5557
5672
7458
3743
2579
9288
4094
9833
2045
6760
1243
8174
8676
6940
7391
8065
6647
7859
9892
4036
4163
1157
5534
2774
2600
3259
4829
6511
1331
9860
8962
9892
7277
4350
6966
8093
809
5938
998
617
1785
950
4446
125
5301
9467
5825
6100
4593
7956
138
9653
2198
1598
5695
2115
4426
8311
1784
1678
8402
7605
8389
305
7688
7217
4040
1688
3018
7859
2178
1597
5702
4012
5998
9146
6785
6855
5768
7230
2374
1972
8342
8720
1535
762
5704
9851
8296
8604
7044
3433
2953
4355
5813
6189
3936
1496
3896
7847
6442
4539
4710
8883
4248
870
7918
3708
7141
237
1950
1494
586
2172
8779
979
8646
1069
8860
7724
2184
2768
8997
8314
9665
8422
4607
2521
7755
7347
364
581
1053
2680
596
8131
6432
1402
3213
9749
3670
2179
9693
8476
2085
980
8559
4893
4123
3607
3061
6809
1842
3963
2434
6656
7676
4906
617
9596
6664
851
4272
3672
388
404
4943
7911
7248
470
7480
1620
9241
4528
8465
1360
572
9359
9272
5009
8235
7896
8502
4525
5421
204
5578
8182
9231
5728
9796
9656
4984
5960
4906
713
7687
6934
5347
7885
748
4260
8943
7455
186
3815
9746
4517
8916
4809
9647
3813
5320
3016
4093
8045
8186
9333
8538
530
9454
9468
6366
4719
4372
2773
2167
7977
1296
9868
780
6236
5950
6057
6803
7365
5872
6967
6537
858
4009
2852
5507
8368
2293
9849
1201
4276
3776
4120
2789
7986
6730
1195
5071
5843
2292
5574
1960
7462
4314
6880
605
7554
1971
9028
1800
4551
9099
2928
8207
4309
2436
7311
4220
7546
133
7107
6803
5032
6727
1695
3191
1508
22
7449
6843
9352
8327
7365
9825
3838
8881
7701
5927
29
5010
1901
8802
5356
5838
951
2932
3806
7958
6031
7717
4378
7695
416
2157
934
9263
2717
1575
542
2572
2223
8184
4339
809
947
9200
5815
3516
436
4666
2013
700
6839
9870
8127
7204
156
7018
3186
1315
3615
5218
7790
9006
9787
8840
1900
7250
1625
9113
8662
5243
1101
2904
1402
189
1381
263
9880
2814
5743
6401
7384
8957
7099
6322
7234
9276
9846
3117
2967
3041
1309
1924
1040
5388
37
7850
4528
684
5322
3759
2381
7933
9567
2761
3852
6303
7835
2809
5921
2283
394
1402
6905
8210
3460
8979
1662
8180
1059
9103
252
1884
1568
6842
1807
5362
1188
6335
1322
575
3999
3770
3654
5269
7853
4146
33
8869
2333
5019
1037
2807
7431
5059
1565
1381
731
9545
2036
4853
531
7820
8190
8791
3312
6681
9030
9355
7006
8456
8624
6022
5614
7394
6427
8794
9679
9831
7934
4205
6192
6134
6206
6462
6536
3554
8214
743
6616
6746
8581
2158
2429
8139
6384
888
7150
968
5269
1067
52
9531
7476
7537
8202
7366
2599
6225
6781
9547
3018
8224
1816
3233
1006
8909
2822
6789
2832
8539
3730
6583
3947
6848
4850
6296
7766
6713
2727
7208
665
3703
7494
2400
7905
2587
7573
5876
6321
7241
2064
8116
1725
362
6683
2598
6616
4164
3814
1860
1551
6193
6073
8698
5328
4078
3966
6522
8301
7624
6019
3801
3756
4907
1022
6161
3503
2496
4112
8680
5090
6781
5705
9744
452
5528
2565
8829
1582
8250
2464
6370
791
9658
9660
9702
9678
8807
2745
9628
9159
6085
8190
4978
7452
2748
6338
4138
8834
734
3933
2903
6594
5665
5014
2716
9090
6876
6892
3069
1318
9494
7313
1510
6250
3462
4817
2746
3170
7107
2989
3170
8916
5915
5622
7689
1787
4557
3480
1842
2435
3658
6016
9722
7783
6454
5248
7896
9477
379
2546
5359
1446
8947
6073
1923
7044
338
8565
5764
6148
8640
7344
2597
7365
858
3405
6895
5671
4391
3415
5962
5412
3092
817
4122
8033
8884
6620
862
5941
9875
5028
68
2881
8646
3748
1737
4185
8644
6568
6841
9394
3423
5920
9325
3528
8391
2116
6984
8589
8034
7196
2225
1173
7272
3336
1386
207
3241
9614
749
3478
9849
1147
5754
4167
2833
4683
8351
9620
6959
445
6774
402
3607
9109
7577
206
7013
327
7534
4598
9981
1635
57
9415
9300
6367
8438
1999
2278
8144
585
509
980
6772
1147
3964
9593
4216
4970
6279
1539
2468
1066
496
8623
6913
8841
5153
1152
5091
6208
6377
9222
6868
4141
828
8035
1566
7210
938
202
8268
2877
5722
3445
7433
2545
9130
402
1336
9067
8339
5255
7349
383
8975
9022
4096
8732
8616
4770
2471
8877
7933
3693
1119
5397
7440
8784
2066
2183
3371
6336
3393
2534
4774
5181
966
6832
5143
9432
1054
3231
7772
5788
9789
4036
2894
5223
6557
5158
1903
890
6927
8475
6871
1869
3801
3897
2874
4063
5460
9135
9153
4214
8571
1052
5926
3112
5760
9666
786
1735
4833
8
3592
1228
1355
5328
770
953
5147
4426
1696
674
7962
6394
483
7887
5781
8086
882
8273
3647
8306
8435
1499
4212
2691
1726
1563
8069
7552
3160
6348
8657
5034
6049
7997
9437
9990
2692
9608
6922
7922
4347
8427
2125
2275
6274
2668
2746
4784
1262
9515
5972
60
818
4874
4593
7136
6647
1768
1044
9123
6718
7411
932
9535
6295
940
314
9254
1704
1396
7950
2414
3082
7101
3889
1315
6735
9941
5434
174
3859
1661
5274
3302
4570
2428
7035
3342
8622
7948
1748
8208
5429
5030
7174
892
2408
3967
722
1161
3115
9729
1097
6613
4323
8538
6171
273
4363
5455
355
3645
9958
4886
2732
4167
8660
4785
8644
863
2247
4458
6140
6459
3953
9731
7561
4486
7891
6249
8762
2560
748
7393
1596
1029
2856
3904
9975
1307
881
8770
8379
948
678
7631
6896
5873
8476
2320
3328
7450
4351
2404
3113
716
1085
6382
1171
2774
2233
6696
2092
2462
2466
5438
9616
5065
179
6692
3601
9556
9138
9313
7208
4782
2332
3517
5586
1793
5647
2816
7508
8366
1756
2161
8811
3501
5000
7714
6807
6542
2674
3686
7686
5630
8326
6798
2146
2655
8439
9546
4943
8272
6795
1920
1771
5507
5624
213
2971
6992
6799
5885
5675
4681
266
220
2160
9014
3110
650
17
3190
1300
2036
394
2914
8739
7929
6705
9895
2356
88
8130
5863
3643
2234
1193
8349
1128
6812
2159
6788
8350
9793
5661
8383
9834
248
1495
9634
7502
9312
9809
4294
1002
2810
6058
705
5402
4744
2230
1065
6210
8650
2836
8581
6797
9956
9395
9599
505
6987
721
9410
9020
2358
1860
2646
7367
2053
5908
4331
5375
502
8482
7463
512
969
8006
1431
169
3339
232
7140
3913
4072
4702
817
2724
8445
677
4867
699
3654
4602
4474
1067
9161
22
3081
2120
8452
9800
7639
7318
6997
4217
5998
2659
6928
6100
9137
7880
5093
6422
7300
1888
5270
1758
4886
8369
5856
4317
65
4620
6482
8698
1020
4111
1587
2374
2115
4479
7566
5437
4027
6331
1905
3495
157
8932
9069
4077
6881
6010
994
3602
647
6979
5481
2923
8279
733
3513
8354
5428
6866
7183
1194
7001
2888
9127
562
1932
2069
7255
1110
6838
5477
6610
3151
3066
2433
9437
5495
6801
2157
687
793
6738
7722
9616
5054
2531
7072
9110
6019
4476
6393
4996
6396
5256
5931
1320
9880
6754
2545
463
1096
1568
5200
1245
7791
6876
7570
8334
2485
98
5485
2293
9534
3653
8185
3538
4238
9277
7256
6335
3093
8984
204
7354
7462
7277
1576
8626
2977
3947
7888
8796
2304
712
1181
3124
4247
4810
4028
9546
3403
392
3080
5091
5288
2053
2715
1299
8304
8934
59
995
788
3746
3405
732
5255
6358
4967
3277
9898
7662
9984
5139
8163
9527
2318
7221
3274
9710
6694
4067
1336
6643
2709
1917
257
9222
2021
2473
4648
3164
5016
6980
8975
2168
4191
7075
6180
9997
3621
1303
9384
4019
7460
5039
6111
2682
4195
682
2085
2605
8884
49
4611
6560
5474
9089
5634
7183
8981
5989
7510
1726
685
7051
8484
9405
940
513
3269
8224
3161
2836
3793
8499
3495
1691
4892
7778
6070
9545
8856
3531
1200
4024
2864
5441
6847
3378
3695
7125
8782
4183
3824
6147
7329
1462
5681
3756
5544
6868
8212
5796
7031
6584
9087
1993
449
6423
7927
9263
7904
7944
2296
6665
2233
3371
9377
9005
5724
9222
1478
4785
8380
8853
703
960
7097
6816
7875
1317
8281
2959
6102
8367
4823
3874
3924
9140
3735
450
5902
2084
3641
7546
1934
8948
8542
5663
7687
4525
9723
9401
4390
5999
531
9406
650
5711
763
2389
5465
1245
2657
2737
492
3576
2110
9184
6227
3934
3011
6813
72
6430
8885
587
8798
9626
7013
1710
9653
233
1115
5736
1209
6010
6876
9630
1660
1702
5702
7661
2955
3590
237
8190
3362
2244
3719
7895
7778
5874
5332
9127
4121
5379
6390
163
9009
8198
3759
7254
8375
1633
3646
4614
38
3203
5636
8266
9461
4400
1276
8688
2310
2824
7497
8884
5020
5082
5326
7110
1431
4449
3060
2244
1925
6562
9941
1191
5848
2388
8789
6953
5442
6057
9639
5204
8510
6458
9892
9627
7521
2476
136
5657
1768
242
5667
6886
5497
5081
1253
4172
2410
4981
5855
3032
7944
5324
7473
2592
6701
94
3897
6257
7605
8403
6822
3817
836
3462
668
2125
3516
252
1735
2517
7749
2628
6502
8737
2342
5687
2974
614
6779
2685
7369
6164
1995
5176
4514
9777
5160
7764
9125
5934
7045
6516
9503
8513
9518
3132
5964
8003
2974
2557
5411
8217
1559
9984
137
2319
5220
7836
5986
6084
1167
1205
2790
5103
9001
2705
73
8388
2897
1769
3374
4641
3147
4080
9871
7479
6663
1988
4432
5894
7839
2612
7742
4099
2212
4951
1633
2346
9561
4898
5219
5466
9322
2380
1425
8577
2060
5976
6869
633
1836
289
1172
4123
2549
544
1538
6987
4367
8669
7503
6275
8229
4734
5959
5598
6857
6635
2016
1792
908
3879
7716
3510
5298
4478
2546
8080
6749
8593
7783
2940
7775
8763
4911
3680
2884
8679
2902
2096
9017
5913
463
5184
7700
4035
3951
1300
3775
2416
478
133
8971
7675
7976
6397
6824
8053
3076
8054
6471
4956
6030
5381
7987
600
5902
2607
3882
1531
9111
7122
295
3244
7768
4694
1566
4104
5884
1959
449
2507
4730
802
6367
6586
7167
367
6516
1243
8716
5350
3198
9780
8786
7891
848
9992
8918
3338
4885
6008
3024
2231
1997
4493
9559
2566
4847
2102
1443
301
5555
5866
5628
7614
4534
6719
1277
4475
5857
319
3442
4594
7997
5722
2002
6305
4944
6138
5756
6424
5641
1295
3965
3091
3795
5197
2378
366
2738
1344
6028
9567
2993
8087
8625
5030
231
7399
9747
5865
7011
468
3301
2269
3356
6799
8533
4313
6877
6822
1385
2048
1840
139
2836
8961
7756
2102
3515
8519
8351
2185
8520
1038
497
8789
1460
3055
109
4795
7254
7516
9003
6907
6981
4189
8285
8049
2148
3826
9980
5581
4533
3307
801
3243
7842
4416
2984
8415
7833
4197
7181
2844
78
5550
270
9246
8692
5105
9056
1541
3633
392
6478
3134
1091
6451
4597
9343
4002
1048
6968
2478
5118
6232
6928
9559
2783
8270
5050
8417
4315
769
1428
4519
9984
1541
2062
5905
1386
7021
5622
7775
8137
9458
7160
1869
5159
8698
2481
9343
9147
2218
85
1665
6462
3158
6012
9553
678
4265
2696
1617
3187
4470
3376
2489
7028
7047
9659
1595
9331
3317
633
4009
4737
928
7167
4521
8162
4619
9480
2511
4987
5367
3078
3324
3329
8547
9222
5240
9518
7803
8981
2427
3197
5798
5526
8636
977
8026
6498
9380
5859
1428
783
9036
8985
9025
3415
3328
9180
8446
219
1470
8801
756
2345
3914
9743
3756
6988
385
6945
2471
3159
5825
3627
6989
2057
6769
3697
1812
2234
6685
8238
5814
2427
7133
5013
4816
3430
737
4426
3986
6701
3417
542
8374
5542
2802
9412
6067
8774
2032
2507
9928
6106
3770
39
8500
758
2613
3412
1630
5126
8531
4674
6785
1370
8730
7356
6688
5254
8371
5248
7427
3996
8153
9466
482
7044
5992
4916
5938
2484
8562
5874
4462
7858
2027
3194
2167
9458
5034
8223
9684
2189
2521
4477
4379
9712
3135
2447
264
9267
9933
498
1859
5369
7398
2040
4890
787
7535
1108
7392
1444
5538
9727
5675
2185
9408
1308
8918
317
7879
4082
3504
6443
2304
3137
2070
9324
1583
8566
8227
8286
1774
3086
3788
821
4183
3929
4519
5102
539
2472
605
2414
241
2089
4322
3501
3126
9397
2330
195
4975
1840
6234
9881
721
3560
6400
1226
6368
8013
6291
9346
7783
2021
4456
1253
5759
1630
5065
1787
4440
541
6587
5948
7551
6651
6823
4839
4659
2650
3581
2588
8731
4924
2664
8041
4675
5352
4365
111
4501
772
8960
1073
510
2759
4790
8382
9398
1879
3464
6979
7250
7060
2323
2288
5945
1249
8345
535
5312
6084
4371
2479
4057
6671
4093
4737
2762
2166
4347
3483
3828
2139
6218
6241
5982
3880
298
9355
4273
9732
5577
5991
7583
811
3017
6209
4214
9591
5817
1581
6042
1072
201
7911
9685
438
2707
1975
8446
8742
4727
6518
1738
2105
2036
253
6682
443
9055
4437
3999
6756
4233
654
9398
893
791
779
7018
3206
7561
4367
3723
1422
6314
4366
9476
6326
3368
9775
1832
1674
8228
7695
1499
903
6098
8099
2883
7872
8030
3502
4880
2415
4357
7336
2745
170
7765
5430
15
277
5599
8753
4620
7081
6197
8318
1551
9513
7712
931
7919
1225
7614
8258
1162
3341
4313
5625
5719
9325
3000
7931
6313
400
1284
9523
7507
7189
4303
5750
8591
8836
7019
4781
7891
7193
7880
5220
9782
4542
47
1512
6939
117
9200
5563
2313
2449
5211
9637
2894
5242
294
8089
5694
6456
6827
9495
682
8362
7142
3601
2076
1946
5446
7283
7900
8761
6610
5131
941
5942
9266
4090
8756
8865
6747
1709
1460
129
5287
2824
7871
3412
4793
6808
3980
603
2175
6628
1908
4936
2773
4837
5284
110
5372
1857
1027
8865
9964
5307
2233
2167
130
6075
9473
4204
7942
2308
2092
4479
7849
983
5938
6099
2228
599
3157
8292
341
1733
1074
705
5744
287
4491
4846
1870
3085
4280
1083
3771
2392
8867
4304
7301
879
1500
2693
909
7016
3179
4010
362
6382
4358
7721
8279
4962
3553
7212
2009
2059
8949
5033
5554
5696
9459
5591
3006
9008
2242
7295
1248
9823
5134
8207
88
4134
205
4302
1097
7046
5871
1605
1534
3784
8185
5654
2315
3269
3156
3565
8661
3527
1128
2316
4235
9888
4833
5277
3802
5288
5189
1877
6749
8244
3143
1817
5037
1628
3142
2415
2254
426
3365
681
1653
2554
7296
4475
1886
1582
8365
3724
2880
1256
8313
3536
3986
87
7025
9789
9407
2619
6104
5379
2016
8592
6990
1128
8038
745
9030
1217
6591
4985
4544
5731
6008
6270
9234
1927
4622
972
5884
485
583
6936
4129
1850
6001
3470
79
6627
3229
2171
8277
7913
9010
3336
7621
7299
9857
1025
6012
6136
8466
5747
1226
3769
2374
3490
4252
4901
967
7479
2319
6517
6492
7274
6855
7657
9769
2179
6485
5249
2743
3363
4464
994
8759
1012
4084
906
6120
2921
5771
9081
237
9865
9878
3259
5623
6303
6583
2126
1325
4732
7053
3707
9495
5801
712
8744
8076
6722
1902
6673
9600
9610
1667
3465
9120
341
8829
692
9403
4693
6802
8445
4843
6014
9079
1983
3955
2236
1940
6006
62
6739
2628
7829
5654
1693
5348
7581
1701
9668
2345
3180
8397
8203
1999
6616
4211
7929
4226
8527
7882
6097
8107
9190
1624
2759
3717
8870
3788
4863
4784
8208
6350
8340
5887
8837
4510
4206
9215
9080
9453
647
5798
7810
2523
3371
4178
3179
4862
6745
6897
9720
4602
8954
2313
7194
6254
217
1735
1538
4456
9832
4711
4977
2890
8553
2986
4200
1515
3207
6792
4000
3901
7540
6270
2338
2292
745
8787
7130
1127
8909
638
8781
4154
4778
1781
8423
8496
9504
6705
5666
4517
4113
6509
1397
6
7317
9081
4023
8616
1325
9989
9668
6127
6606
9154
5872
7304
6602
106
1099
6269
4617
505
1532
2633
1854
2779
5354
5176
6264
3029
5742
1646
268
4079
3840
43
7063
2330
9659
1035
5050
1064
3218
3705
1913
9956
6380
826
5012
8965
3009
5609
9261
2872
4734
4703
1503
9370
9739
414
1427
8248
1642
1276
7412
8332
3010
7272
7516
3277
3269
7015
7937
9079
6792
4740
929
2162
8144
1983
35
9626
7913
6421
6410
3752
5736
8747
576
5527
226
3684
4750
1097
1390
569
3032
7805
1159
7387
1169
4335
8228
7253
3640
5746
9796
2949
9123
8877
7423
6671
9141
5547
4291
3349
6924
8511
8237
5373
288
2666
9922
9272
6914
7884
7336
4923
9001
9319
9810
259
2694
2252
6303
2282
8057
6849
8715
621
7190
3535
262
152
7873
5370
3413
4395
2876
7417
8184
7044
9536
8636
5267
9813
2444
317
371
3381
8010
1913
756
1205
9644
4533
2620
4113
1959
487
8103
9001
8490
3335
5380
1653
6325
1067
412
4602
2781
4834
3397
4545
9096
5151
3689
5811
2581
8283
1299
8969
685
7691
8712
5592
7927
9765
4040
5418
19
3068
8144
1201
836
6777
7360
5289
1169
4650
1830
8446
6544
1518
8956
4381
3010
6768
4005
9026
6145
2224
2883
2692
3478
5826
692
5917
854
9613
5529
7593
1628
4988
6989
8954
2233
3460
1030
3695
9662
7084
2071
5085
1956
8978
8120
4495
5716
4972
6616
6900
863
6405
3010
8950
5933
6539
1892
8506
3999
8653
3995
2637
508
8520
5356
9489
627
6922
3168
8826
4242
700
3873
6525
4050
5038
9149
6814
7182
1615
9426
9997
1049
5282
5717
9185
4999
3819
552
2504
4176
4099
3295
3293
3509
1007
6607
9421
2737
8824
6887
9670
1524
8299
5837
2790
9626
2757
8401
4386
657
2574
9764
2816
8614
7911
492
4349
8651
6649
9148
836
10
6257
9607
6188
626
9992
7713
9401
822
3239
2139
9513
9706
9216
9538
924
5190
4543
3260
8491
8240
8720
3310
2411
5468
7666
6927
970
1451
5091
8713
1530
8037
4132
7461
8691
250
3971
8436
9818
4386
4616
1183
7172
6357
8503
2293
5203
4553
9314
9292
9343
6254
9156
9497
839
4429
8704
9632
750
7577
3708
16
8481
3835
9743
660
5690
5312
990
1173
433
5296
2922
4171
5439
6119
1651
4737
4001
123
717
3354
5216
7426
7025
4601
3589
6042
7040
3642
2008
7734
8646
9352
4250
7598
8421
1481
986
5635
1214
1788
773
4570
9311
5704
7319
452
5975
1476
5955
463
983
8685
8620
8522
6965
1290
8696
6
3129
2210
1704
5164
8640
9089
3458
8122
8385
8788
3558
5974
7770
6509
3308
128
6030
1325
3897
1317
3880
4385
6099
7696
137
5932
6481
698
755
6454
2981
6978
998
7666
4963
8940
8249
8878
6438
4307
5660
5915
4899
9205
870
7648
2104
8707
5416
3852
6336
7918
4071
5746
8486
6126
9887
8519
6491
552
2082
1489
7033
5839
3591
6280
4045
5266
4487
6838
3679
9948
304
4548
3394
164
9663
199
510
5961
8428
4349
6142
6132
4565
4427
307
9484
7548
6182
5178
1563
3893
5928
8385
1424
9347
9894
4207
546
9535
1283
7833
1671
1740
8021
4907
8840
73
4047
8100
7661
4870
4251
8480
3440
2566
9988
3714
5441
828
4133
857
3588
1123
4126
7348
3361
6328
8158
1085
2529
6265
1105
4274
4434
6984
4035
4598
5570
3664
8422
4981
6209
4551
1425
5425
6389
3858
9426
2338
2879
4390
4883
1542
7091
4249
6613
2831
2713
763
5128
2853
1177
5848
9318
8272
8743
77
2807
3802
85
6287
4494
3085
8524
3213
5146
5681
3155
4511
8880
5088
8503
7936
8481
5411
9608
9254
6657
171
1158
721
1904
1819
5207
2030
5142
9752
1930
3292
8128
4409
5999
4282
7933
5320
6110
7408
2219
2383
4331
1295
1288
9674
7893
647
5353
1919
8240
2580
1013
9242
7035
8944
6163
2392
2931
9487
530
8860
7913
6396
4504
9862
9796
5937
8942
7089
2053
3473
4090
4744
4040
6305
6694
6853
598
3518
7842
548
553
7849
6773
3848
8819
6306
3427
7196
5741
9354
3651
1959
5538
5318
8391
8428
3359
8454
2156
2613
9673
3986
1766
7271
7248
9945
5445
640
660
330
1690
4921
7283
8744
5886
344
2436
1175
4394
4615
4478
1816
7125
2211
5751
88
6609
9146
3456
8424
8773
1063
4678
444
1424
3791
8521
231
8578
7712
8539
6976
3011
8929
9598
8367
7433
3093
2407
333
4859
4208
3090
9848
8745
993
7886
7600
8864
6501
6887
1713
1251
4868
4015
9365
3307
8595
3707
5114
9716
1313
4599
1611
6380
933
4834
6090
4728
7056
9537
2959
3462
3168
8567
8000
7044
6662
8880
5438
7919
6417
5162
5882
8851
7048
8252
6824
9373
2460
8537
4488
1996
5417
9337
1327
1111
268
25
5349
4641
1177
1209
4929
19
8757
406
3242
9274
5920
2276
7846
6303
9568
3166
1254
2960
4636
4832
2244
8993
8849
3603
433
5414
8570
3200
843
5879
8140
5617
3645
7218
9337
8933
2719
7627
2363
4109
6622
3625
262
3728
3979
2442
9945
3579
4063
1747
2986
4906
281
4314
2288
1997
6663
9018
7000
3220
7051
6574
8864
1955
2683
2950
793
9493
6958
1032
7309
5586
4498
4359
4097
6594
9017
7029
2258
8086
2159
1561
4769
5635
8240
1679
1379
3994
8942
6870
2875
5770
9366
9882
5359
405
6858
1813
4862
7970
5006
5924
4076
8706
1115
3754
1892
4681
6543
9931
7966
7096
9147
2894
5493
6683
8956
7496
5183
174
7977
24
7041
802
7572
7631
4561
4854
7936
5637
7117
2924
6563
7026
8256
5679
4719
7621
3952
6952
9273
3543
3695
5887
8403
8433
5151
8961
6922
4679
7733
2707
8189
8469
5849
5140
9254
266
4694
9152
3722
8146
4034
5245
9148
7106
9885
6885
2761
1968
6560
25
4882
1108
6286
2475
2426
539
1111
2232
6969
8321
5076
8719
9136
9162
662
3650
8873
5984
2653
5021
5389
6040
3921
4679
3466
4186
602
8508
7369
5875
9917
923
3669
3510
3600
4454
8550
6180
9302
8069
2890
2722
9664
3157
8515
2103
8512
9296
1578
679
3402
1358
1377
3292
195
5684
7510
6928
5041
640
4404
8774
9290
3105
2930
2270
6990
974
3985
9074
4173
4602
8179
3874
6217
9927
3501
2744
4239
5579
7096
797
8567
1258
214
9042
2949
1450
2783
5208
1223
766
6370
698
1646
9679
2110
8855
1476
6622
3998
474
5021
6035
9554
9984
2924
254
8023
2713
7924
8841
9145
7683
9804
656
6702
1527
7962
6934
5193
3972
2515
7576
9174
2362
4087
2628
6814
2471
2683
5836
1026
2886
7206
2967
8449
3379
557
6037
1817
507
4373
12
9048
147
5370
5462
5404
2739
2647
3282
3628
1102
8155
1694
451
5126
703
5605
5421
5773
5174
5252
2254
8006
9430
4104
9591
8631
2987
6295
8475
5415
9739
4355
3675
7274
8148
8352
9878
6112
8889
9794
7517
2603
6172
2415
1492
990
3781
2198
1446
8326
9883
4813
2163
1768
2097
8433
9065
8232
4830
6211
1030
5217
3775
4605
6884
1570
6759
9701
6377
6178
536
9895
8964
1106
9445
1799
9702
5978
3203
5917
452
5715
6855
1238
2212
5166
1189
30
17
8748
9453
5459
5875
1487
3110
1439
9249
7977
9268
3854
7385
3383
5047
9281
6984
5369
5658
4005
5576
5317
3926
3430
7365
249
3906
9093
2432
3445
9346
893
6676
7384
2684
7763
1519
450
9617
9901
9529
1740
6388
7881
1142
2007
9834
8010
1193
9303
9352
2128
5904
2033
3352
7492
691
6971
2795
5243
565
8563
2341
4389
2277
6955
5611
6455
3751
3848
4172
481
8004
1339
4876
8105
6559
601
2543
8149
1842
393
1089
2274
879
6936
1020
6423
3706
461
1956
7389
5964
9709
7153
7444
6299
2824
1492
7131
4912
4227
6207
97
8051
3318
4107
6582
3165
4619
9990
1367
7753
2394
1959
9237
1890
5744
2555
2534
7656
1798
998
9856
479
9887
9568
5624
5126
3052
9731
3656
771
4405
8079
9461
2478
9653
9948
1523
5856
7487
1183
7909
1431
4790
6298
4282
8032
9040
9806
5563
3032
8596
258
2783
6762
7496
3709
7661
9899
1153
8250
8332
1524
209
9211
786
5167
5539
630
4052
4732
3990
7862
3893
9
7272
4804
1580
2825
129
5354
5783
5606
750
7023
5750
202
5021
4550
1793
1578
9036
7400
6633
5073
973
8126
4871
5547
546
9839
5109
8433
8071
9739
2884
4048
2611
7301
1185
9282
9370
672
4653
1991
5381
1030
9615
40
6940
8124
1163
4562
7977
7189
6270
2763
2999
5832
4443
9346
1830
4101
2228
5795
187
6881
7163
1829
7469
4081
5655
1691
977
7152
3165
1032
6829
9550
8470
8477
2676
2591
4041
7039
523
5335
9107
918
4735
3309
3740
5398
5678
2837
1188
8100
5443
7750
8370
8199
8309
2451
3248
5528
7653
4930
3002
787
8403
5571
7827
3653
2345
7062
8001
1038
8502
5211
9755
9971
3854
9938
6942
2356
8731
3135
64
684
830
3834
2937
754
3307
2447
7636
4972
7829
1085
2071
9132
173
472
9788
9026
4108
9819
1020
3062
7274
4975
7830
2030
8182
9908
5313
8808
3718
2223
9839
8789
5706
3066
3967
7150
7741
2451
3823
51
8823
584
5311
8843
7227
1346
5187
7095
116
6837
1370
9482
1988
3433
5521
1561
7170
6780
6746
845
2671
1323
4379
5834
1826
8263
7740
1312
9801
1417
2992
3115
9790
6140
7662
2525
1450
5727
1203
6502
3944
9810
5956
10000
9118
1662
6556
4425
4532
2043
8884
8683
7296
9982
3785
5061
1667
1970
6362
6898
4735
9635
9663
6108
5831
8339
8158
5947
1159
2287
7396
5539
5748
9543
2221
9777
6068
2973
8843
7613
3975
7946
593
5626
5334
3479
6059
9159
696
4331
953
1549
3660
7728
5490
3336
5694
5727
7984
3130
6230
6193
7485
4483
3291
7164
4055
2312
4293
6724
5197
6921
2139
1210
2762
4437
9401
7090
7694
5934
6180
8154
919
7357
9394
4915
2294
5181
2021
8919
6099
1455
1088
5276
4426
747
6774
1497
995
9771
6464
9884
9243
6342
4035
7032
2420
4385
507
211
7991
7255
6584
5127
6132
9833
3861
8532
7052
8563
7158
2122
250
9036
2413
3179
6385
4136
548
1832
2985
7004
8688
9401
5794
5419
5891
7984
8876
4418
7430
3798
4493
220
2177
9191
9429
1443
6578
2009
9265
3880
1120
2228
5327
7838
9020
5159
5919
5473
3316
2783
9373
4521
734
7844
5532
3739
1380
9774
4427
9979
1368
3334
8249
4055
299
9422
4929
9175
2964
3763
7078
2935
4870
9322
11
7141
8233
7075
5191
5477
4736
7906
2386
4844
374
7953
419
3907
9769
4194
915
7087
5348
8462
1372
5243
1661
3102
3413
4804
8630
3338
1076
8721
3619
1271
5233
5484
8706
1165
5760
9961
8965
2778
537
4170
929
1124
515
5041
3561
9454
2167
7711
2389
6273
3117
7484
5229
5118
2072
5189
6055
8996
4771
7514
3343
887
9778
5950
7191
5939
9823
5300
7381
5369
763
851
5949
2083
9261
8940
7093
1837
553
1317
3783
3433
3977
3248
3937
828
337
7687
7268
6033
7897
5017
9067
5689
2437
686
1539
4888
6919
5808
3969
1721
3721
8324
9155
9733
9611
8170
5479
5444
5949
6144
3278
6957
1400
4940
7483
4960
5398
7074
5289
3430
4703
7361
6389
7946
9136
3677
1543
5072
5754
9600
7182
7788
2527
5854
8080
4136
2571
7113
4331
1302
4560
8925
7012
8619
6523
1055
4605
245
9715
9033
600
80
8974
5141
6640
9794
9419
9499
6340
3994
1966
5003
5492
8152
8061
3408
1704
2479
5096
8737
1699
638
686
4442
9053
6869
2098
9081
6627
5
1423
9531
8139
8755
3919
619
6452
5413
7102
6596
418
1770
5457
8880
3780
2228
5570
993
7412
8194
3391
9165
2784
2369
819
2467
3835
3654
5107
992
5983
4420
3584
3201
7392
9201
6083
9954
6829
5024
1008
8808
5219
8862
4283
5982
1101
6227
8427
8960
334
3084
9005
8670
3435
2462
724
7401
8211
8001
2099
690
6650
212
7084
4818
8681
3569
140
3839
7733
3646
121
1700
1993
2509
7033
1378
7236
4707
4627
96
3814
4245
6654
6914
1504
4697
3393
6560
3504
2431
7177
7770
2919
7990
4853
3893
7794
3233
5952
7261
1164
7517
608
9401
7556
5585
7663
5021
2314
5789
9910
2261
8641
8637
3494
47
3358
8003
5680
1188
4667
4312
5788
3058
7761
318
3376
7358
3526
1363
7017
6478
6913
344
9517
3239
1081
1517
5507
4457
321
3377
3658
1755
8469
8548
6427
2580
6792
8631
5970
2360
2194
8892
7497
1340
5209
189
5098
6529
9676
3730
8447
8755
1324
1718
1817
3180
386
3302
9090
515
9787
434
4372
9948
3992
7941
9531
8100
3456
913
8947
1899
4251
5693
9832
1385
77
8417
324
8286
7042
4658
8803
5031
9153
3231
9245
1643
3573
2881
5581
2634
5160
5718
9666
3195
3425
1455
1943
2312
7310
9027
7432
7629
7940
2286
3219
2528
9717
2168
5764
6221
9937
3886
4489
4005
3736
3331
1416
774
1191
625
9292
7188
1546
9951
4939
6499
3525
3858
2842
3276
5394
5819
6895
6781
9221
3737
6973
3360
7720
8151
7415
4795
9392
6963
9871
6097
1409
1115
5035
7718
755
4591
1775
5151
3036
5312
1351
653
1119
4786
9237
7440
5002
1366
4699
1338
1395
2342
8879
7050
8966
4883
3916
2713
8308
7298
5925
8410
931
5702
5523
628
9019
6692
3594
5877
4714
2868
7103
3859
1016
7098
5645
1396
6230
2087
1909
1987
