1106
0
-1766
59
-4377
5745
-7460
-7918
-3304
-4590
5834
-528
-6261
-4631
6871
-5209
2956
-9806
506
5289
-552
1198
1475
2758
-9131
-7108
-5992
-2700
-5579
5903
2409
6511
9107
-3226
-9175
-4086
8167
4172
-8466
4117
-2786
-1090
-6346
5357
2365
-6056
6892
-6948
2586
-3136
5633
-6552
-6124
5656
3023
-8419
5468
9740
4651
1655
529
-1063
-9773
868
-7239
3254
9879
9519
-5905
4554
9252
-9664
-2123
-3679
-2591
-3134
8985
3454
4282
-4680
1535
4733
-6580
-4268
8055
-2877
-4927
-888
-7869
7645
-2255
591
6715
307
-4939
-635
-2324
7011
7214
-5440
159
9591
2471
2576
-495
-5228
-929
8672
554
-9388
-1198
-3228
974
-1161
101
2513
-3656
-6856
5488
7071
-7890
5489
-9907
7356
-4644
-621
-4864
-1285
-2701
1095
-251
-7580
-4980
2352
9784
-5684
-8305
9887
-4315
-4999
-3951
4420
1482
8217
-5432
554
6409
5161
2098
5783
715
7114
-7462
2373
6911
-9183
2890
7560
4259
8421
5531
-516
-1541
-2456
-4968
-2062
9505
1802
-2721
9094
-5150
-4231
8720
5597
4479
4831
-9454
-982
6489
-4964
-5986
-7422
7862
2069
6127
-7795
4428
4757
1623
3442
-1911
1965
9916
2794
-3541
-6764
954
-106
-6859
1756
4897
2773
-3185
946
7679
-6997
-521
-3550
-3268
3067
-8869
-1365
-5551
-4973
468
6908
-1365
3280
4100
1224
3166
-4495
-869
-685
-6850
-8149
4046
-8051
2406
-9538
-3323
8413
6917
-3647
-408
-3749
-1681
9874
8729
-5332
6698
-7573
-8651
3965
1112
4921
5835
9212
1343
9954
-6454
-4585
9689
4168
-3893
-8691
-9615
-7222
-4223
3116
4035
2458
9346
-2260
-882
-6365
-6547
6329
583
9739
4781
7153
-1513
6365
1871
7938
-702
-6009
-918
234
3729
3471
-1167
-654
5350
-9546
-4407
-7592
9999
7549
-9926
4342
-1041
-7459
-1356
8216
232
1418
5838
-3471
-9859
8888
3264
6945
-1317
-9293
2175
8952
-6106
-3233
-9176
9405
-427
7218
-5281
-9627
9323
-5926
-2420
3113
-2903
-639
5040
9628
-3892
-9290
-262
5900
-9277
396
1870
-9571
4900
-9802
-4091
-8353
1079
7255
2743
-6300
7121
3621
9366
9555
7989
1689
5147
4371
-423
73
-2412
-4230
-8670
4326
5156
-6426
-3895
5851
5319
750
-5733
7685
9776
-290
6825
-2069
1414
649
-7554
-8656
-8502
1690
4650
-9222
-3372
5864
-6863
803
6533
1365
-831
-5915
-2650
-1843
-6082
6600
-1449
7540
-4249
5835
4087
-554
8606
9551
1964
7077
-2175
6747
-9695
2249
-38
72
-8604
-9404
-9502
5907
-8588
7346
-2199
-478
9953
-9715
-8642
3067
-2458
-6436
-6088
5366
4743
2453
-5698
5926
-5570
1163
5508
9452
-865
-5729
-5821
-8883
9119
5287
7172
5676
-3677
-1696
3426
-369
-798
-7066
-1158
-6362
-4011
5400
-6378
2654
-2374
-1881
-4508
-3678
9777
8434
6173
-1338
7083
7995
-3781
6724
-1330
-1716
-7980
-6427
-6975
-6779
7010
-2698
7378
-9246
-2908
-3619
-6238
-598
1063
-8865
-1389
-7451
8156
2730
-5214
2521
3574
-6669
7091
-9927
1205
2340
9076
-8472
6045
-2515
7095
9717
-4814
412
8252
2555
4369
7432
7070
-4877
591
-2756
-3308
3663
563
-1900
5026
-1308
4337
-8278
4411
-8261
4999
-4361
-7382
-1940
3520
-9956
2739
-3199
-6724
-5960
-8936
-6687
-6057
8103
-855
3699
3240
-485
8981
-1409
9015
3050
3733
-5179
5560
6172
-6266
5147
2123
-5849
-5133
-2724
-5818
-2545
-8109
9776
8392
-4936
7059
9824
1147
8968
-4391
8484
2765
9437
-7475
163
5684
5562
3997
1877
8692
1684
-2990
779
5146
-7208
5412
9251
-6342
-2371
1181
-4228
-6421
1562
3924
1660
-7510
7048
9077
-2751
-5307
4339
-9769
-36
8938
2274
2093
-5490
5934
-6250
9532
-5002
-7250
2164
8636
-2390
6806
3242
-2670
-2830
3205
6733
-6493
-7078
-7827
-5034
-6759
7213
5036
-3937
3590
4878
6499
4663
5544
3494
6165
1430
4434
-6048
735
5107
2137
-7958
-7104
-6283
4835
9120
-7885
-7966
-2745
706
-2462
2723
8099
2083
-3833
9277
4970
4023
4371
2588
-7041
2771
-2785
8354
2575
1545
8706
-7179
-2298
6725
-6270
8718
-2602
-6059
-8602
6129
9410
2190
569
1369
3778
-3998
6413
-5842
5038
-4942
-9072
-286
4920
7463
7199
2952
-8171
-2958
-6511
399
-7587
9713
8368
-9345
-7916
-892
-4430
-4051
9405
-674
6394
-6988
-6785
-7792
2692
2711
-9746
4703
-5568
-1774
317
8928
4881
6857
7903
-7829
-5394
6238
-5867
6912
-4764
9173
-25
4036
2231
4161
-694
6756
-8683
7841
-7609
-2739
3352
-1626
-3352
-3598
5997
1772
5258
4630
5145
-9401
-794
8171
-3590
-5323
-4891
9281
9705
-3645
9238
2632
-5994
7905
-3937
-5581
1923
-6006
-7919
-8786
6827
8061
-2578
-102
-8532
-9841
2284
-8323
6035
-3860
9838
-5592
-8587
-4310
6663
-8939
3895
2769
5718
9566
-1798
-5099
9336
6060
531
-4715
-3671
929
388
690
3656
6334
-8439
3316
3713
2465
-6661
-5836
-2715
-6624
-8112
-2650
7233
7039
-9307
85
-5191
782
-469
-8718
4134
-2406
4876
8142
65
-553
-2189
-6628
-4381
-6527
5476
7412
5829
2668
4638
9566
996
-6805
9282
9736
-1266
-9038
-3564
4527
3792
5693
-863
6483
-7558
-8017
-9769
-8830
942
-5753
-7511
-9590
-9597
2010
1784
6001
-6294
1333
-1761
9274
-1521
-3768
-2991
9675
6699
-2450
1062
-6905
8845
-5037
-8988
8482
7426
4505
-6793
6624
-4994
37
3237
-1209
-6914
-3538
3816
1335
-1154
-7639
6357
5710
880
-6314
7696
9494
2069
-6176
-5821
-8527
2893
2925
-6775
-9153
665
7099
4753
3185
7080
-2374
-4323
851
-6236
-6796
-9847
1083
2152
9584
-8472
-9954
2977
-9419
2820
6928
-3048
9820
-2626
-2392
-9553
-1579
-5343
8422
-7402
-9441
2668
-2926
2060
7214
858
591
4198
6985
5672
9748
-2501
5893
-987
7590
3304
2139
3910
2839
-7257
-320
5133
2085
7059
-8950
1602
4700
-9074
5631
-8756
7664
1590
-1824
8429
4165
8774
-4193
-3178
-2503
-9645
-6425
5888
-5317
8211
-9477
-2561
-2769
-6233
5473
-4540
3438
-5713
9964
-3728
-5095
5236
-6091
9553
1566
-7400
-184
-7761
9859
-6422
-3504
-510
-3279
-9232
-1055
1217
5955
4713
-2125
-5691
-4654
5407
-576
6203
7254
-189
8706
-6848
-8092
9907
9513
7658
-6845
-384
3888
-3003
6227
-2278
4302
6274
530
3542
-1453
3325
3381
4517
-4698
6158
5079
-7368
2817
8584
4748
5973
-6160
-1162
-121
7413
-9142
-5334
7888
-6879
7264
-9782
-7045
4586
7044
7432
-1308
-9424
-9788
-1982
8784
992
-7591
-4997
-9487
9043
7792
3152
-7313
5843
799
-3350
-501
-5139
-987
-1975
1780
6066
8331
-5249
6198
-2550
3013
1598
692
-5139
-2936
1767
2719
7308
-8412
4843
-5950
-183
-6280
6565
1718
-5413
4999
6524
8938
4383
7082
3867
-1157
-2693
-5917
6065
4666
4408
-916
7350
4763
4487
-7194
-6754
-2559
-2608
-90
-8251
8921
5440
6009
4777
9341
-4850
-2950
