3551
1
2964
775
4517
1284
2499
-6342
-8842
-3364
-4955
2737
-8432
4246
-2586
-7238
-7570
-5270
-8932
-5659
-4116
5306
7081
-4272
2679
-6051
-1025
6131
-676
-4365
2042
-7418
7129
-7971
6230
-8975
732
-4197
-3483
8391
7400
9852
1290
-8013
-1839
-8269
4041
-405
-2536
-2426
1057
-6211
-5681
6097
1240
-1385
-287
-4189
-7279
307
-4620
-8765
-198
-2293
2935
-6729
-3226
-4174
-1742
4002
-2295
-4175
-5723
2602
-8817
-4407
3364
-129
-4173
1008
1624
7055
9536
8402
1551
-6795
1017
7237
-6262
9987
-831
-8341
9980
8531
-6718
-3402
4709
-3830
-8038
-7279
8889
9691
409
2604
4243
9430
-1259
1
186
-6056
-5715
6199
-1818
2572
-4556
-1446
9552
7364
5400
-5713
-8312
-9976
-8919
-6432
93
3688
-3707
-2575
-6937
3103
-4579
7292
-8971
-8645
3166
8504
-146
838
-6472
9084
-3678
-2506
-3603
1336
-8250
-4886
-5491
-129
-5560
3852
7912
3214
6232
-3263
2621
-8190
-6549
6076
5993
-86
6603
8334
-7663
6716
2269
-7682
-7564
4541
-5009
-4272
-4723
-9216
-690
7537
7935
1830
8849
-6340
-9395
1846
9014
-27
634
5867
-6921
6975
-9165
1252
9327
2129
-3065
-1952
8760
-8324
-5639
-6952
-8495
795
3731
4667
-4913
1940
6784
9652
-1046
8421
-9744
-2430
3364
2216
8297
1815
5349
4742
-2756
-601
3992
2039
-6936
5060
6282
3614
2341
2111
-4823
7421
-3093
-2442
-3159
1318
-8670
7909
5416
1129
-1103
-795
536
-4851
517
341
-2288
7189
-857
-7246
7781
6416
5534
4142
-8073
-9954
-9154
-3528
807
6322
3837
1160
-854
-6623
9970
-7814
-7414
1370
-5813
-4098
8101
2366
8820
1994
2803
7081
2069
8244
9470
2146
6902
2221
5446
5770
-9010
5640
-4846
-4958
2082
-9243
6410
4718
5560
8277
4944
-9052
8645
-466
4450
-5179
5462
6073
-8
5083
-1428
9265
-3780
-8853
-3184
7793
-7147
9121
-3973
-2660
6103
-3144
8549
1412
1831
2326
-8072
-3321
3703
7686
-4097
-3821
-1733
-614
8623
-6445
-2322
9716
2737
9531
-9894
-3834
3436
2777
-4210
8
-1482
4127
1099
6046
-2768
-5546
-128
-2598
3326
9566
5235
-3727
-2694
5946
4983
8229
-9759
-3647
2551
2866
-7989
-3386
-3067
-5280
5059
3046
4633
-9168
6757
-2936
-5552
7427
2866
7238
4782
-288
2587
-3480
-2933
-1979
5969
3350
-1477
-2877
-3360
-1926
-9644
6240
-5391
5118
-1568
8137
-8308
3081
-8189
5533
1333
3131
-3714
-3393
-8496
5715
3643
-9511
-78
-6805
5407
-7764
-4735
-789
7940
-2575
7199
4566
-3955
-1237
1727
-1754
1016
5961
8585
-2001
-3078
3008
7098
3175
-7275
-2084
6608
3540
8302
-2099
-1329
6509
5362
4298
5662
-8479
-5395
-5844
3088
-5387
-438
8562
-1792
6015
6879
-5930
2224
9164
-220
4082
-7804
2680
-1498
1126
-2973
7519
3228
-1739
174
-9926
-1541
7542
1190
4662
4129
7875
-6377
6009
3278
2954
-5875
7723
9186
1189
1303
-4303
5237
7967
-8981
-5815
664
1679
9113
408
3198
-5707
-3941
-5816
-5599
1374
584
-838
4829
4441
957
8503
-27
-7446
2735
-7056
7067
3155
5453
-5957
211
8627
-5125
7690
-2768
-2983
-2809
193
6437
9379
3694
481
4490
-3618
-8610
2284
-2308
867
5850
89
-8124
-7905
7407
3457
-7411
-6081
3615
5250
1124
9762
-9109
-3068
-8436
5292
5955
-9705
3680
-9678
63
-3892
-9408
-7756
-4223
5804
-7831
-1346
-525
1174
2247
-5826
5276
9878
-7474
8345
-7108
-884
2586
9308
-6633
2815
-9626
736
6299
-5341
7784
7200
4054
-5659
-9916
-4285
-7519
8380
-1841
4919
-162
-4570
1739
3812
7644
1832
-7078
8743
-2419
7153
-5122
-6985
2293
8691
9757
-9093
-7248
-8083
9315
-8771
-5174
-5033
4341
-1613
819
-3655
4595
-7815
-7538
3405
-5099
-3349
8815
3101
1579
-264
-5844
-6539
1275
2429
-7989
218
6828
-9566
-3146
1234
-7741
6965
-1733
-8412
-6986
-6040
-6366
-9769
-6371
4484
6820
-5456
7084
-7228
1609
2811
5202
1502
-9506
-9287
-446
8111
-157
-2383
7780
-8549
-2130
7075
-5040
-3252
1688
6933
4639
-7
-7740
4465
5556
-5271
8958
-6521
7775
-2293
6361
-647
8035
-7114
-973
5970
9579
-5690
920
2239
1391
3263
-1232
-1494
2159
-5673
-2458
7013
1007
-2807
3339
-460
21
-9436
2963
-9052
-1838
-2529
2824
6434
-9944
-9474
5948
3124
8152
7230
1323
8495
6338
-1873
3556
9985
7852
-7746
9941
2120
-3130
-5701
-9372
-7452
-4118
2204
3888
-5531
5023
4897
-992
-1953
-624
-1426
6482
397
3249
1505
-6722
-3943
-3540
6230
119
7783
8995
-165
634
-6985
-9160
9306
-5977
5582
2303
-6616
-2759
-2060
-4578
-4378
5864
-5624
8377
-8481
-9763
8680
-907
-5881
-7757
552
-4932
-4851
-2920
5096
-3967
-1753
9371
-9549
4758
6170
2994
2410
-3170
9300
7385
-7055
-9349
9333
-1341
5469
2237
-2288
-7111
-3588
2408
-1139
-326
-5147
1098
-3542
-4340
-4322
6414
8621
1471
7358
-2611
-4603
-6626
5726
-4320
7281
-7330
6197
-7971
-4990
-2187
-2691
-1702
2731
3913
-6611
-8156
4160
-2209
-8990
8137
-1726
1025
4723
-7706
1234
-3857
-3958
2513
2617
-6792
-1533
3195
-5116
6312
-4177
5206
-1520
5648
4700
6174
-8094
-3518
1601
-8361
-6061
1087
-9642
-4806
-6394
2305
-799
3426
-8800
-7919
-8922
2821
-8407
3593
-785
5228
-5367
2634
7991
6793
-607
-6835
-6690
9119
8586
-9878
1737
6446
-9394
-6983
-6093
-2782
4152
-295
6148
-2275
2412
-1082
7461
-4940
2421
2299
-8545
-9893
3920
-6095
7414
9633
1619
-3170
7159
3295
-4893
1758
-6792
5780
4339
-9475
6983
4822
-5486
-1185
2097
-2855
-6207
-878
-4092
7645
570
-1213
-661
-4953
5289
3135
2480
-4093
1260
5145
8228
1082
-7710
-2702
-5452
2209
4291
-4701
-1359
2569
-7968
9311
9223
4717
-1204
-184
630
8694
-8583
-9002
7742
4117
1708
-7945
-3681
3294
-5518
-5086
-726
-8364
2542
7014
-1143
1591
-5737
-8820
723
-2806
-242
5735
-7654
-367
582
7605
9033
5087
-9717
-4478
-9896
7836
-106
8139
-8333
4850
-2881
-9760
-1228
6199
9992
-9066
-620
-8531
507
-3094
-992
751
161
-9300
944
9540
-4863
-3792
-9359
-2748
-7635
1819
-7766
-9771
6562
-9627
-5629
8066
8136
830
-4498
3616
6716
84
5144
-5671
7334
-5562
6992
-3769
2209
7108
-1084
6007
9128
-3430
-4444
458
5880
-5776
5521
-3054
7760
-2585
-7231
1483
-9781
-8293
-4021
2346
3283
-4583
-9764
-5745
-4919
2346
-8753
8946
7473
9277
6585
8507
-3148
-6602
8543
9881
1999
-9292
1882
3611
-9645
-7333
7740
-8202
-1754
-2855
2481
7562
4065
737
-1453
-1084
3646
216
7673
-3440
-5371
-7489
4387
7192
4052
-6474
6179
-2453
-4300
-4212
9895
3191
-9727
3950
-5067
-7747
-3151
-6098
2116
8346
-8339
-233
9597
1081
4595
5510
-8563
-1546
-9599
9482
8116
-3253
3631
7130
-3143
2843
8683
3743
5473
8606
-2543
6522
-3080
4407
-5969
-7494
-9378
-710
-7158
-4863
628
7308
-4985
-4412
3333
5754
-8802
-6152
7439
5629
605
1479
4744
9267
-2671
6191
-4785
-8470
2685
336
-7757
-9132
3828
-3717
-1388
-7994
8670
9903
-8859
4526
-9657
-8052
-7926
-8999
7290
2833
-8397
9217
-5340
9137
744
-8060
-4836
-6292
-2407
-7943
-5842
-2768
-2486
-2139
8168
-5425
5716
-2535
7880
-267
-4098
9660
-2430
-3672
689
-8969
4513
-5116
4038
-8728
-4731
-5265
-830
3774
-1466
869
-8810
-6616
3967
647
-793
1290
5458
4120
-902
-8203
7529
7556
1981
-7688
7744
-5422
1204
6314
-366
4774
-1044
-9557
-1230
5171
49
-231
3961
-3284
3362
-8540
-9085
6470
-6429
7093
-5629
2261
-4817
3708
3948
2375
3943
-9646
-8887
-6803
-5135
892
-6202
2647
4291
141
-9839
4963
3588
8034
-1502
-8641
-3892
1936
-8788
9420
4736
-2269
9511
-9047
1919
-3677
-2873
8956
170
-6612
1301
-9226
1229
-1665
-7384
7947
-7512
2794
-8078
-7894
-5730
-8632
7209
3895
1165
-424
-5211
-577
1349
-7384
3817
-6343
-9310
-4940
9510
-6384
-8447
-4445
5912
-1442
-5722
-2428
3390
2817
9932
-3094
3630
5805
-7587
2886
-9816
6876
8285
-9780
-7980
9920
-777
-7972
-3408
-3421
365
2962
6229
-6801
3023
8709
5535
-5903
-1888
-102
-9609
-555
-3307
2745
-167
1413
-7456
-634
-4677
-1851
5
-6111
-792
-9724
-379
4160
3096
-6426
5694
4900
3533
6730
-9611
-1245
-7133
9493
2830
7135
987
3669
3710
-3693
7248
-8463
5300
-9550
9320
-1597
8506
-9875
-7555
-8867
-1190
5722
-748
5592
-8747
-8527
3186
-1273
2284
8735
-4815
-8952
9
-9370
-9872
3699
-3980
8202
7908
-7192
-9810
-5109
3087
9886
-4137
-2066
-8000
1216
-4230
-2939
-2679
-8822
-1575
-8425
-3708
-1940
908
-852
-8343
-599
287
6493
-8780
1468
-8523
2755
-774
5823
6278
-355
5131
-6386
9004
-3278
-91
4412
-1012
-1065
-6828
8417
4269
6859
5107
-2339
7867
-9667
-25
8292
-5622
3949
3357
9701
-2675
9427
-3069
2405
3629
3925
-6222
2475
-6781
-709
555
-1230
-4171
7535
1553
923
-1642
-5364
-7643
3044
9199
-9193
1488
8223
3252
-3785
-7889
6998
-1013
-4077
7895
-119
-1000
6081
-6840
-687
-7198
-3976
-8306
-3965
-7819
-5422
7012
-4369
1463
7208
5369
-5316
-6757
4325
-4366
5386
8890
-3996
-6694
2087
-3092
1136
6611
2524
9411
-5875
-2195
824
-841
-3844
6907
-2461
-3220
1906
-2550
-8393
6336
5395
2773
-2105
5512
-5462
4163
-2529
-6396
5264
7040
-199
5213
8286
191
1016
1017
-5027
338
-6831
5773
5093
-9894
-668
475
-1847
-4840
-9908
9171
-5959
-2432
-2293
-4686
919
-8348
-1770
477
5023
4481
5820
6217
-1088
-4520
-7852
-7420
-4278
-4751
-7486
-265
3996
-9709
-3591
4380
-2354
9390
-3238
-9546
7329
5271
8406
5973
9638
-9912
2885
-1265
-7983
4720
-775
9892
-9939
-2885
1320
6271
2586
9305
-2545
9806
3160
-2130
-1901
-4855
-3292
-861
6164
1397
6052
3778
2196
5687
1651
-7809
469
1196
-1747
6528
8377
-817
-207
-6776
900
3005
-1838
2921
-4678
-8627
-4152
-3499
-5662
-9518
5656
3275
-6663
-8701
6726
-26
3490
9179
5602
612
3488
-3979
-7205
4449
-1132
7114
4507
3575
-2211
-9354
8051
5049
6729
-6810
5252
6284
2343
4442
5383
6173
6484
-592
3430
2270
7015
3922
3623
922
-4652
-9606
165
-2359
3431
9999
2097
8589
7845
3291
9483
-6037
-1266
4130
8804
8711
-5070
2988
9261
2792
3401
9601
-8755
4030
1197
9526
-5107
4616
8349
-4262
4021
-7402
-6412
-5625
-8249
6166
3524
2249
682
8435
4808
9245
-6650
-6365
-214
-1349
6789
2822
7795
6454
-4497
-8424
-6291
-7853
-2292
1353
5938
5978
-5798
-500
-5215
116
9619
1525
-2283
7095
6497
-9925
-451
4882
1041
-1791
2460
-9348
-6150
896
1881
5360
4072
6454
-5268
5483
5931
-5325
-5565
3762
8669
118
4459
6899
8958
1827
4338
8364
5997
-2331
-2207
463
9180
9021
-6549
5942
3084
4889
2937
6220
-7604
-5832
4710
9393
-1631
4637
-4848
-1672
-5231
-2939
-1023
6617
1198
287
9884
9051
4749
-2389
-8976
-3963
3059
-482
-4101
501
6201
3630
-3201
-7155
-5227
-53
-5716
-947
9518
7454
4483
-1008
7340
-2428
8160
-6353
5493
-8596
7838
-6853
-3579
-5772
8911
-6064
-3467
-9411
-8654
-7353
-840
-1868
-2333
1800
-2477
-8388
6936
-6660
3782
2674
7113
-9908
-2012
2265
571
2383
-3129
3828
6880
1707
8179
-9274
9773
5149
-706
7176
-277
-6385
-6296
-5280
-7637
5646
6945
-5025
-1631
-5730
-3478
-1765
4007
-9822
-3047
887
-8494
5151
2196
-3658
2475
5849
9900
-7828
-7989
-463
4902
353
-2428
1823
9841
8232
7433
-8987
505
-6369
-1017
2562
2431
-4516
-15
-1449
-5468
-2838
-2000
-5163
-4140
-9892
-7182
312
-4289
-6431
-935
8186
-4154
-6429
-1655
5596
-4596
1002
-1853
-2318
-7837
4727
7738
-9539
2701
-1106
-2804
-8910
66
3495
-6519
-4649
1922
-5868
472
-9010
-5170
-9684
-9195
-8474
2251
477
8763
3140
-5841
3197
7786
6453
-79
-2501
-3908
-5028
7835
659
-1311
-1423
4641
9093
6665
-3898
-6591
-6509
-6114
4077
5169
5613
-9028
491
-101
5231
9040
-9595
8089
-7623
-407
7523
-627
2918
-9422
-9568
-9698
2136
6745
5686
2830
8783
3135
-9651
-4375
4608
-7607
5725
-7968
-9232
659
5600
5742
1279
6093
-7802
7461
6531
7939
-1500
-43
-6020
-2250
598
-9428
5328
-6525
7659
487
6095
-8546
-9256
1771
-706
8680
7954
-4991
5406
7825
-4843
-4449
-5190
7324
9875
8070
-5959
-4624
4586
5783
-3836
-7930
-8242
2773
8976
-2233
7313
9874
6769
9472
3591
5085
-6744
-7297
7861
-7550
-4846
-9465
-652
-6255
9684
3284
-3205
9712
-7835
9909
7683
5407
-3118
-9408
-9642
-2148
424
4040
-8743
8739
-6286
-9832
1918
4734
9094
8318
-4421
8809
5140
-1645
8237
5927
1645
-491
-9639
-4250
6913
577
617
-1631
-3590
-8172
-1721
-2739
7167
5938
3273
9266
7225
-8204
-9862
-9143
4084
6855
-6607
3256
-1765
-5913
-6244
6274
-863
-5127
875
6117
-919
-2414
-5212
4244
-2113
-7118
-1324
6536
-2579
-1012
-8794
-1392
-8774
2368
7530
-3148
-4055
6196
-1917
-9280
-9683
-9544
-3337
4223
-1007
4289
2560
-2447
6947
5559
1356
1152
5310
-6084
1330
10
-2399
-7092
-3360
-2477
6260
-9519
-3665
2600
9015
-5954
-883
-3873
-7424
-583
9561
1590
-1900
4658
-5212
1954
-4655
-8130
-702
-6460
-5347
-9013
9139
9386
-7065
-8622
-8036
-4813
423
1934
-7617
-1683
5884
2068
-9354
7420
-4363
1826
4384
8944
-489
-3762
-2772
-1648
9402
-1735
4234
-9634
4019
-3799
-5772
1266
-9067
1658
579
-1570
-7453
-2812
5075
215
-3698
6933
7541
-7436
7212
1203
9627
1509
7880
3844
-274
712
-6437
3741
3484
3467
8548
2668
684
-453
-3651
3615
5733
2743
3374
-5664
-3110
-3409
-1856
-3637
562
-6208
9178
7550
-1496
-8152
-8962
-899
-276
5944
9414
7294
249
2091
1292
-6304
3963
-5289
-736
-2567
-7179
-3642
4963
8115
9184
-3667
6346
-3390
-6580
-3806
8026
-2855
-6344
51
5533
-5863
5375
6712
3603
4264
1400
9049
3982
-9593
8064
6114
-7121
4935
2761
-8370
-4990
6136
7296
2687
-9919
1166
3647
-9139
8164
-9808
5358
-2063
72
-2074
6161
2454
-3048
-441
-6100
-7387
-5523
-30
6857
-4142
5109
-7429
8040
-5612
-2004
3991
9402
-2576
-3836
-2204
821
-7514
9255
1146
-4322
6060
-7177
-5131
9130
-6675
1025
2728
3955
-1751
909
-597
8617
2325
-1334
-1141
4996
-124
-9194
5608
2063
-5133
1714
-4088
-2108
1443
-7971
1488
8993
-3386
-3637
1530
-1143
-8880
6389
1454
5025
6981
-6832
6144
9779
-2398
-5260
-2323
5458
-6672
8917
6574
-213
-298
-7304
-2690
6683
35
-1079
3712
-916
-3476
8177
833
6584
-9760
2099
-2224
731
555
5102
-8339
8450
-3367
-3127
6241
1171
-5307
2725
4541
2476
-2515
-5163
-716
-6042
-7292
9029
-3449
-4293
-7314
-1452
-2490
3749
-216
-6591
-308
2080
2391
5272
3068
2391
-6224
-1877
3145
1503
3746
-2894
-5
-2937
-7159
-7174
-8057
-1383
3584
6924
-1844
-2576
4185
9081
-8907
-3148
8367
-3819
5200
7312
1711
493
7134
1567
-2711
9719
8886
-9290
-4321
-5650
2103
-3455
-2205
3540
-7977
-9129
-1965
-5752
-3643
6147
-5218
-1472
6426
1055
-2301
-1944
4582
-2770
1408
-8390
5454
9720
7221
-8305
-9401
4475
5783
-3578
-6734
-8881
-6528
-7712
9131
3711
-6911
-5231
-675
6420
4821
-3961
774
1803
2610
6720
-1181
2450
-244
2313
9589
-3504
9225
-7804
3870
-4617
-2827
-3976
1974
1697
1255
5575
323
-3412
3651
-1873
-448
-1226
3567
-1923
3634
-3619
5283
8140
-1287
5878
-6757
7324
-7447
-2617
2552
-7582
6753
8483
6533
6829
-3780
-5224
-9279
-9310
-5288
6753
-9478
-78
6844
6107
-4280
4876
-7773
-1710
6798
1686
7086
-345
-2912
5694
-3704
6245
-6244
-3687
-7963
1507
4366
1530
8473
-586
-9699
-3054
5434
2349
1392
-4711
1477
5385
3391
-2518
-1997
-5824
1576
1853
8948
1755
826
-9096
-8006
2674
-9857
-4890
489
1562
-9615
-869
6635
-5355
-5130
-7763
-4989
5676
8504
1983
-3280
3356
8923
11
1336
7240
3439
6768
1425
6851
-487
9558
6563
-1039
-3573
-7667
2227
-3231
8146
9805
-3066
9229
3167
6081
9376
4776
2906
-8560
9842
2280
-4278
-5895
-33
-9815
8687
5555
-9850
-6083
-821
-8575
3880
8634
6032
4330
-2787
-9873
-6840
7131
-6751
-696
3316
-2473
-4600
2193
-9407
8296
-2827
-2198
-3564
8074
-6555
7707
2011
-1169
3148
2993
-9034
-364
-4352
-4910
8907
-8685
6883
-4988
-7846
2840
7601
-1014
-1825
6694
249
-6076
4625
4186
9836
6915
8287
1785
2596
-4564
7735
579
-2823
4507
-886
-4161
-4583
1226
-4924
930
-4735
3113
1932
3952
-5448
-3830
-3267
269
9198
9140
-537
-8668
-3980
1961
8523
7729
-7499
9886
-1672
9555
-6810
1455
-5530
6719
7980
-2564
-115
-4381
7227
5509
-6292
653
-1574
9732
1118
4729
-4201
-7985
8075
1828
-4074
-5635
-8611
-2502
-5788
-8840
9115
7032
3925
-8844
-2410
7137
-9123
2470
-2155
-9445
-2492
1859
-6518
-6590
9890
-6122
255
7759
-2869
8300
-1351
-8275
-6495
-256
-2049
-1933
-8197
-3040
4554
-6392
-3417
7834
-7653
8674
6624
3275
5440
-3484
1403
8223
-9242
-3088
-4186
-4342
-8339
-9267
8063
-2717
-5118
4700
-7965
-9408
9962
-3186
5070
-5008
5229
-64
-2074
-3126
3397
-1458
2195
6069
2154
-5968
-3561
5529
784
7663
-6045
6964
-8741
-3554
-8744
4184
-2125
-6259
-8750
1550
-6713
-923
-7300
8471
-9719
7377
2884
-5368
-6365
2325
-3239
-2272
7030
-9118
9736
-7713
-5190
6669
-7070
-1557
-2886
-6626
-9718
2916
-4546
6739
-2110
-7835
2436
777
4553
9977
7864
6450
-7398
-6717
-5288
-8729
-480
8203
-7290
7366
4237
587
-2813
-9403
35
-5032
8008
6704
-3162
9101
-4455
2602
3538
-3465
4979
263
8367
9788
-7830
-1268
7013
-4687
-2018
8005
4269
5351
5725
-8689
930
-8105
7322
3089
-3653
-8423
2498
-7887
7753
3747
-5438
8689
5918
4382
3259
5042
1221
9884
8997
8600
9609
8623
1956
-6870
-2894
3753
-4750
-2349
-1629
2292
-9042
3361
-7370
-8401
-5991
-158
-7287
5162
-1695
6728
5127
9207
-3653
-1571
6681
5244
-1706
-5825
4889
5739
-116
7954
7940
4615
4410
-1375
-3547
2392
4258
-5925
4591
-5268
8309
8066
5273
4925
-5502
-5271
4339
6508
2426
8804
7578
-3262
2714
-4369
4726
1792
6067
-4194
-3080
4870
8229
7013
5137
-8101
6026
-3418
5690
7517
-324
2253
7818
-9179
-7781
8656
1686
-9479
-4399
-1758
-1483
1964
-5207
-8127
4634
-4270
-2266
-9308
-582
-6093
-4692
9598
5693
-7688
3371
9908
-5508
9758
-4184
6871
-2303
4930
5128
-3330
-1678
925
9639
3608
-7313
1856
-4251
-3442
-1047
-6992
4378
-3227
3481
7308
6199
3187
-2369
-6818
-7809
4241
-2782
-2490
-2018
8548
817
2676
-2943
7343
-2847
6557
5862
2943
-8852
980
-3668
8225
784
125
-5237
-1103
-5227
3018
1064
6044
656
7248
-6431
-559
2441
-8238
2265
4415
7745
-4154
4374
893
2686
-8645
-959
-4891
-326
-4545
-4076
-5817
-5301
-6516
-3955
-8095
-4076
8906
-8188
-1913
9151
8611
-2177
-3836
-4403
6912
-9210
6898
-1843
2740
290
-2159
449
-5274
-9417
6730
9355
168
-6882
2096
-9
-5927
-6280
2929
880
-1815
-3397
4846
1319
-1566
6293
3992
-8656
-578
85
429
8660
5400
2691
8312
-8410
8375
-758
9123
-9727
2367
9068
5728
1987
7458
-5819
-556
4316
9375
-8146
-7035
1587
942
-8899
2278
-4277
-9102
-3357
-1201
-592
8735
-5935
9494
-8868
2731
6496
4008
1134
7112
235
-9548
-7208
-9807
-6246
1742
-5779
6489
-8605
8958
367
5839
-802
-3672
416
5602
8272
3502
1214
1410
-880
-2539
-2468
-6632
6277
7292
9927
197
-7413
-2900
4425
8103
5846
1399
-6477
798
878
3366
-6849
-9342
-5570
1694
-3847
4012
-1914
9539
-441
-2239
4859
-3212
165
1028
2695
6094
-6993
6567
9096
4018
-9929
-1691
9582
-5011
1915
-5165
-5246
-8909
-8755
9202
190
6590
9357
7832
-3276
3159
-9360
-3801
2551
6075
-4983
-756
-6021
2126
4984
4429
1524
7359
6489
7612
-6398
8901
-5938
725
6679
5256
1333
8592
-9116
-3287
-5006
5139
8840
-4090
-2313
-9752
2866
-8747
4308
-9526
8901
-6723
2520
-4677
-9409
-7437
5675
-4919
-6957
7472
6704
5515
-5316
-2997
8831
-9616
855
-7410
-522
-7989
-3375
-4924
-6593
8959
343
311
-6211
-4035
6678
-4720
7353
-2086
9725
-3207
-6215
37
-4614
9343
3675
4470
960
-8268
6258
-9355
-2639
122
975
-9446
4876
-9749
-3578
9858
9075
-2882
-1499
6768
2739
2644
8769
7361
5105
-8529
-9057
1360
797
-3445
5434
-506
8841
-3426
-5111
-4654
5360
-7190
9765
-6868
7688
6722
1239
-9416
9295
3898
-4587
8245
6942
7220
6888
7887
-7492
-8136
-2410
-7311
-4534
-7620
7356
-943
-219
4339
9827
4705
-2846
-7720
7586
8780
-7468
-9326
-6170
-8360
5603
-8883
3833
-9412
2399
7603
8462
-9711
-2414
1078
-8821
-707
-3504
-9065
-6716
-663
6491
-8585
-1790
7067
-6857
-3890
-3485
5888
-1853
9464
-7290
7199
-7713
-161
-9244
-3749
-4225
8850
1430
8253
9193
3486
-9411
5131
-6944
-2444
-2460
-7698
-6634
1423
-2587
-4550
-7702
7072
6551
-294
794
-1168
3356
9183
6208
2042
-4107
6138
331
-5610
-8893
8418
5468
-9001
-7091
1339
1270
8400
-8921
2171
862
-9487
-8885
2593
-6327
6393
-95
8548
-3076
2625
2394
9389
4868
-1043
9094
7988
-1679
3984
6435
-4820
5197
1584
-3818
-4833
1282
-8507
4250
5802
-9919
-9024
9165
-7528
9352
4594
-5631
7663
9396
-3046
-1969
-6618
960
247
1496
1499
4190
2907
8361
-1061
-8243
7602
-8396
-757
-50
1306
-7611
-5377
3824
3335
-8732
-4173
771
3222
-3741
9847
3226
7695
-5600
-172
2389
9161
2386
9270
4826
3137
-5911
3845
-5999
-7567
6622
5726
-1220
9822
7542
-6839
6573
6010
2434
2148
-3500
635
6653
344
-4869
8619
-6986
-541
-5625
-292
-2880
-6917
-5598
-9495
-5254
-2520
4417
-5917
7278
-5008
-7535
1855
4570
5620
1733
