4736
0
3420
-4496
-2401
8820
-5684
-3810
-4178
7436
-6094
-7699
-1445
2836
6153
-6757
8224
-5702
1760
3436
-4715
3712
-5162
9159
490
-2123
-7055
-2896
4272
9388
-240
7922
-4700
-1355
9401
-4394
-8100
-4333
5190
-9337
4076
570
-2145
2951
-5060
4219
-7293
8942
-2789
4925
-6777
6008
1360
4515
1574
-7696
5180
-9199
4049
-7939
8821
-6297
3887
-3762
-3992
-3006
-7402
4828
7471
-9361
-8542
2442
-4544
9405
7949
-5943
-1195
2136
-9557
7176
-4278
8880
-3855
-7248
3325
-7509
5737
3861
-3917
6749
-2956
1972
-386
3944
-1343
7125
7491
-1658
1562
4368
-5063
3739
-7313
5210
8453
-6023
1178
-8657
809
-7041
-1643
-46
4180
6050
-7155
-330
8853
8055
2545
-2128
-5874
-2188
2540
9001
2434
4267
4170
8754
-9575
4891
3187
-7143
-2862
8676
2615
5867
932
-9579
-4896
-9622
-2855
-4357
-4799
9357
-5116
-1436
6047
4329
-2898
1277
-3779
-4587
-5467
-7987
8
6003
1989
3975
-5378
1577
7338
5446
1173
781
2882
-8913
-1944
2388
2968
6186
-12
3327
8481
1591
-6933
-4001
725
8418
-8410
4006
5877
-7848
-5459
-3620
-2968
-8704
6279
6723
-7323
4125
-5915
-7465
-816
1460
-1676
-7704
4669
4540
-4394
-1547
8194
-4338
1911
-1833
4199
-1792
-4515
5882
-2387
3711
-6225
-2185
-8277
-7346
1054
8460
-2559
2413
1030
1026
1692
-7956
-8352
8668
-9751
5875
-7940
-3363
-5928
-2748
5756
6920
4024
7702
5050
-7148
4430
-8369
-9248
6026
-3171
1415
-220
-9702
5180
9773
-5460
-6496
9881
-3904
2652
-4723
3710
-4197
-2827
-9222
-2782
9646
3906
-4052
-7274
-8998
-4753
3913
-9221
-8240
5176
3215
2467
7933
3273
6684
-3018
854
5644
-2137
-4227
5902
4187
4543
-5317
9849
281
-670
1113
6546
-8414
-5456
-4901
9501
-9556
-3601
213
5073
-7409
-955
5399
2299
-3485
-5883
2463
-7159
1168
-9471
1847
8525
3786
-6922
7309
5242
9618
4087
1766
-6464
-3269
-4354
9548
9929
-9399
7948
-574
9150
1085
105
-5843
-6724
3701
8763
5751
-1
9858
5861
3134
3564
-1447
-8681
-3139
7748
-5657
2007
7747
-4470
6442
-6916
1915
-1468
-5324
-9466
1768
-2654
3234
-9573
9416
-8885
8257
3069
7824
-5511
-5992
3269
4568
8200
-3752
3476
1322
-6451
2731
-9787
-446
-480
-4634
3250
7884
-7645
-9110
-8994
-3952
7072
-9302
7193
-9782
1653
-2143
-9338
-2359
-1324
-8392
-3249
1153
-281
-8561
6257
-3728
1098
-4243
-5423
1631
6510
-3991
-6839
3771
-8349
6360
-1146
-3520
-4637
7271
6657
-7767
-7950
-4264
-2255
-3111
7977
6012
9008
-7030
-7739
7048
-9887
-9514
-660
-2373
8086
5871
3997
-5091
298
-6746
-1888
6061
-6305
6627
495
-1100
-3526
4124
792
-9230
7342
-4586
-9072
-3352
1986
-5854
-2332
8373
6016
-189
-4901
-5205
3006
268
4497
-3262
-6558
9240
-5877
8533
6943
-2124
-2381
-6149
3872
-2712
4271
2641
9762
3116
-5899
2684
-4800
-800
6874
-1054
-7751
7526
5001
-3285
6163
3535
-8349
-8663
9731
2883
-3874
-8502
-2469
-5056
9983
1058
-4301
1244
1248
3413
-153
-6296
2409
-9265
8387
-5463
-4275
-2366
6365
2535
9927
5134
9676
6789
-149
4053
-897
-1079
9001
8659
-6589
-7006
-7713
6338
3797
-9833
-9182
8292
-5298
-5872
-3886
735
-7776
845
7815
-5442
9756
6689
1148
6572
-9126
2408
4983
7800
5433
-9544
8856
-3780
-2356
-532
2445
-1432
8128
-8220
870
-807
9648
645
-8819
-6376
-9063
7050
-3363
1931
8588
121
-6574
3941
8653
-5432
-1149
8097
-272
-5456
3472
-3163
6046
-6409
-9505
-7652
-7649
8644
-9376
2429
9214
-3254
9186
-507
-9972
-5622
-9869
727
8492
-5493
9220
-1149
8849
-8592
-5500
-4957
-2569
7363
-6317
-3265
-2534
-4395
2805
-345
7050
720
-9867
-2281
-9304
-2793
5966
-1573
-3630
-8150
-8195
-4313
6703
9464
-9748
-7183
-8663
-2054
5158
-3789
4473
-3014
-5770
-8139
9578
4359
-7977
9786
5690
7615
9187
-3048
-2906
-6290
-5406
3775
3264
-9714
-3263
-4053
-9211
4596
-2214
4529
-2733
-847
-586
-3557
262
-7919
-3063
-5474
5298
-1409
8799
-4027
-6926
-1406
-4774
-7350
5338
-8754
-6418
-5053
-7137
-6745
5094
9184
-7492
-7735
-9351
-3782
2513
-7277
9684
-881
-2075
3697
8984
-2061
152
-3748
184
9793
5284
-6255
3282
7827
-2393
5288
-7700
-8236
-1338
-3616
-5194
9978
-5540
9797
-9027
-8587
3985
-4227
9225
4100
-5059
-6079
2638
-612
-3599
-9736
6272
-4621
7438
2162
8531
6095
-5848
8246
-2795
1326
2655
3896
4945
3332
-5136
-4744
1263
5726
8805
9180
-6819
-6888
4075
-4917
-5469
6995
-2088
1263
745
653
2585
-414
-3393
-8291
3267
-8791
6245
8545
-5138
-2877
7812
-7041
1474
8542
4161
2099
-8874
8151
-8038
3510
-1078
8769
9001
-6016
352
6856
-3191
-291
-5037
-2969
642
-6124
-5499
6640
3740
5137
9629
3885
891
2174
-1982
4537
-1415
-2274
-7737
-1209
-3523
-7525
6793
-5865
428
-6462
-6199
481
483
-8476
4003
6979
260
-3769
-9980
4481
9152
841
1380
1381
8533
7460
-4245
-3848
7662
-3953
6208
1456
-8075
-4129
-1159
2175
6673
6064
7788
-3563
1546
-3630
6173
3575
9168
-7155
8422
-3798
7891
4612
-5818
-6838
-1778
-1829
-1019
-9705
-1567
-87
3811
-2705
-1053
-601
-5149
5157
3521
-848
7806
5568
-7542
-4291
-4403
2622
-5235
-5902
3203
-8537
-2498
-5312
9669
6417
-8841
9999
3895
-174
-8110
19
-77
6514
-9479
0
-6439
-7857
4963
2852
3390
8435
-267
-6113
-7465
48
-333
-1003
143
7035
-1849
-1970
-1141
4115
581
-4313
-7233
-6780
-5234
-4911
-4754
3555
-2862
361
-3824
2191
-5577
7283
9799
-7435
-8198
8599
-8803
279
672
-9222
-5386
6250
9924
-9775
646
-1032
-1683
-684
-7394
-5821
7725
2753
5092
5042
1048
2994
6753
1787
9238
7899
5834
-8855
-1643
-2726
5893
-1433
-1370
2264
-7520
825
568
-6881
-4018
-5300
8996
351
5334
5421
3254
-3611
-9276
-7820
9402
3585
-8527
9857
-7695
235
-1479
-8333
-9887
-931
3119
-747
-552
3874
-4289
-1929
-7026
-4330
-8189
-3297
5233
457
-1586
-4230
1804
6457
9532
1831
1485
4225
1375
6846
-4874
-6276
-5674
9082
-7412
-8514
8177
7993
-7756
3665
8570
1832
-7504
9107
-6426
3737
-7178
-7080
4651
6460
-2643
1307
-4337
1502
6061
7762
9399
-7996
988
6231
9734
-3715
9814
8568
1227
8088
3124
-1202
3383
-1968
-4173
-5512
-7899
-1469
-692
-7857
1915
3540
3454
-287
4174
296
-3347
-3414
3150
-7612
-425
-1668
-1736
-5310
1381
3454
-4796
7966
-2448
-6356
5650
8554
-8233
-9685
9772
-3884
190
-7982
9801
-3132
473
904
-9163
7739
8558
-4009
-5076
-6294
-9798
-7377
7296
-4083
594
3954
8490
-2441
4991
-7045
8556
2889
8555
6957
-196
-1049
-7232
-6484
5930
-2734
5664
-6860
4509
-5342
-978
-541
-5693
9044
-4702
-4244
-439
-4069
-6604
-3980
-9766
5895
9409
-2976
6704
6963
-4458
-8352
9953
5094
-3257
-4852
6535
1298
-1528
5309
9487
5225
-3033
-674
3035
-8470
9308
-6124
-2947
-9630
-3517
-5278
8541
8150
-4326
6234
7440
-8689
-384
3968
4610
-1833
2969
-3079
-507
-6859
-1303
6482
9533
1298
-3907
-7995
4670
-4120
4470
1050
6324
445
785
-6782
-4871
7730
8350
5045
218
-530
-6048
-2358
972
-9381
5625
9946
-6783
2997
-4027
-5850
-7708
3428
9578
7029
-8807
-4396
6319
-2885
3522
7814
-7723
-2750
-7289
56
-8871
-6632
2998
-7316
7725
2506
794
7874
-7665
-7713
8668
-9286
-7254
-9086
-1302
-6957
-3085
-4824
3509
-3431
-9077
-3122
5286
-7187
6263
-4876
1591
-7853
-9055
-4502
-9376
-6072
663
-8041
-7752
6964
12
-3692
-3363
-7540
-8098
9688
4193
-8652
9736
5547
3210
-3247
-2596
-2969
-8356
557
4075
9439
-18
1904
8641
9589
2627
-8834
-5524
-904
-4381
-4415
-3654
-3855
-2341
2520
-1836
2665
-4304
-1691
-6213
-294
4045
-9489
4310
-6171
1124
804
1252
6270
-9456
2395
3628
2912
5502
-4563
-1521
595
-8156
-7298
5484
9065
-2165
8749
-6358
-5083
-4084
-9418
-4425
-9503
8299
-7514
7506
-8727
-2610
-2408
-9816
-3554
-5603
-3203
8190
6817
7170
6252
-6213
6852
8756
8254
8477
3113
-9326
-7801
-7015
280
4798
-4939
-3825
-1950
645
-728
7985
-4085
-3587
2523
-3296
-840
-8141
-346
-6832
-4141
8212
3617
8423
906
8577
-357
9482
-1150
1543
-4372
-7633
-7919
3227
-883
-2473
1975
468
-1196
-6800
7319
4633
2325
2730
376
-2537
-9392
-6957
5637
3752
-6339
6868
-9288
8146
6873
-5630
-1863
8330
-4644
-5250
-4918
9724
7450
3635
-4680
-1011
7776
-1745
4393
7888
-8974
-4442
4180
331
-8105
-2
2201
3875
-2776
7379
-6133
-3890
9549
-7836
66
133
7535
-4583
3068
566
-287
6639
-150
8705
5773
8992
4889
-4815
7629
-7440
7872
9714
3097
-9668
-7966
2008
174
4173
8753
2024
-707
-9661
2653
2765
6150
1622
80
-9062
-2557
-805
9264
5949
9236
-5802
7604
2357
-1396
6399
7285
9419
-6359
571
-4658
7729
-3947
2839
2814
3973
-375
3577
-6722
9600
-2424
3301
-5200
8680
2864
4968
-9919
-9751
-3231
-4736
-61
1113
2639
8285
-231
-1194
6574
-2091
9038
-8141
8597
-1382
-2113
-859
774
-8922
-2094
-8271
-1757
-9947
4764
-9885
3691
8901
-1494
-8004
-1185
3626
5574
3820
420
9519
2219
-9308
8735
-92
-8612
-6422
-4538
-2015
3422
-7068
-1160
-9167
-557
-69
3428
2121
-8010
-679
3458
521
-8805
-5482
12
-3877
1771
-6787
2239
7326
-5456
-6296
1496
-6142
8182
-7879
4709
3070
8331
5435
17
-4839
8806
-6797
4612
-9855
-2423
6597
3720
-6628
2446
113
-1543
6218
-8134
2413
9921
7146
-8601
-4723
-5313
8194
5599
-2319
6053
-4299
9889
-7790
-9829
9878
7920
1333
-6685
6651
-8456
-1386
-1392
-8069
5727
-8549
-4906
-556
-8439
-9068
-7282
2415
-3310
4546
4896
-8463
4312
6114
5688
2165
-7641
7047
-3596
-7859
-6531
56
659
5804
-9691
8751
-2140
3591
4157
8015
-4483
2737
7341
8190
-8270
655
8925
2648
-6129
-8723
2137
-8248
-7771
8643
2586
8957
6749
9309
1084
-1580
-8562
1152
9942
647
1026
-8651
-956
-7736
1288
9747
-1807
4185
4058
9059
-9276
-9983
-2356
3825
-4602
-4287
-4088
6262
-4864
5491
6771
-7539
7069
1407
-5782
-1720
-171
5817
-397
5898
-7036
4194
4443
-4360
-1418
-2101
-1309
7388
-507
-8309
-9005
-4405
4988
-5199
-5314
5444
2477
-928
-4886
-3013
-3578
-7959
-7827
-9004
6959
-9945
9095
-1384
-5613
9147
2369
1355
5665
-5979
4898
-3012
9151
8726
1503
-936
-285
8275
6722
-9883
-6199
-3014
-3411
4224
7910
9808
-9899
3905
-6983
554
1400
1044
-9804
3964
-8143
-905
-4013
-4722
9681
-1120
-8029
6746
-5378
6389
73
8584
-801
-9553
-1830
-8053
1398
9600
5743
-9582
5564
-8739
5349
-6273
2471
-1933
-6854
5503
-4963
759
-4806
-7932
-5096
-3806
-5783
4040
3648
-7722
6337
-1640
8066
-8318
-6730
-1392
-5455
-1289
-8843
12
-6269
-7389
-9172
2765
4585
-5371
-6950
-4319
-9173
8263
-5893
-7144
-8810
5931
1292
-6000
-4508
-9814
-5178
6141
9779
-1367
9736
8374
1343
4095
3196
-2518
-4046
-9118
2696
-6237
-2125
269
-9562
-6509
-5520
-6514
4687
-1127
-3157
-6114
-1369
279
8801
-6026
-8350
7985
8338
1993
7232
3880
2667
-7131
-7042
9522
6264
3275
-3329
-3511
7305
-834
379
-3372
1722
-3671
-6162
4554
-1466
8534
3103
-6090
2664
9838
8740
-6589
-7561
-3552
-2725
-2540
8884
923
6140
2546
5797
9304
-2912
2494
-4750
-4163
4249
448
-5562
1866
3322
-5192
-8014
9900
4801
3383
-4828
6313
856
3346
3885
-904
1805
-9584
-4999
1131
-319
4876
3807
7770
5637
-6386
276
-6426
5881
-5569
-8503
-5490
3691
-8570
-7704
1677
7339
-3708
9762
-7350
6318
423
-4976
5715
894
-2098
4649
2357
-6830
301
7681
3279
-5597
-4959
2806
1455
4189
-7245
2088
-9633
7475
-1992
-2373
-9317
1799
-5922
3184
9046
8486
6893
5304
-8828
-708
-4536
-7640
6895
5545
-2948
7708
-3158
-6089
57
-2723
-3645
9420
1795
-9166
-878
-352
2834
9859
-1499
-9807
-656
-7591
-7152
-8089
-9705
556
5129
6935
4479
8100
3584
-7903
-5770
3354
-3490
8668
-809
8122
7278
-8288
2230
9998
7664
1054
-2371
-8930
-4575
-5069
-230
1103
4762
-6824
-5748
8425
352
3013
502
-5098
6099
7944
-6431
5789
-4351
-5891
-9073
-9470
-7880
-9883
5326
3631
1956
2990
-7530
-1816
-4094
-6287
8932
-3947
8743
-6972
4129
-2128
-8994
7407
-9166
9222
-5150
2846
929
8708
7820
9205
8639
-3457
4663
-4768
-561
8258
6551
-4351
-9503
-8834
-8734
8978
-5122
-115
-1115
6929
3498
-5183
8863
3421
9622
-6832
9444
7687
792
-8171
1449
-6252
-7826
-4729
8054
-8162
-7427
7467
2715
8490
7903
-9982
7451
8333
3507
5552
8168
7453
4180
5995
-5753
-284
6833
4764
-4357
2033
7981
6284
-5992
2400
1083
861
-5698
-5960
4191
-910
7946
-7291
-8512
-1955
-1339
-3031
8803
3338
7973
-216
-4936
-5223
-3038
-7522
9793
-8385
6893
-4488
-9873
-9407
-8570
-6904
-3212
5181
544
714
144
-8886
5481
6899
1091
9032
-3486
5939
2270
3117
2928
-9112
206
696
7779
-8528
-8860
-2430
-5900
-8610
4846
4969
-5790
628
-4857
1307
944
6878
-1833
8963
-7088
-1304
-1010
-6099
1604
1896
8892
-7102
-1241
-7945
2335
-5392
7782
5111
4167
522
-265
6410
-1299
7962
3938
7547
-2347
8720
-8815
-6977
8676
8066
8842
995
5845
8155
4354
-8487
-8434
9709
8809
168
2388
3561
3309
2927
-9934
3625
-3658
3389
-1499
-2958
7046
-3082
5321
-8188
-4969
-6488
7594
-6459
9847
7948
-4239
6867
-5266
-1651
5907
-8408
-7341
-7
8553
-1333
-5794
6144
-6826
-7833
-1206
8660
-2043
5533
-617
-9787
1786
-5974
8903
-8121
-5181
6645
5055
1015
5474
-3158
3907
1656
-1169
5425
9975
-2725
237
-270
-9603
-9708
6094
1718
-8097
-5703
-6055
9582
7835
-206
-4183
-5695
6737
-7152
-5885
9304
1469
-9379
5952
5300
-4016
-4433
-3269
-3196
584
137
-1313
-1353
5692
7972
7933
-8036
-6511
3801
-9100
4617
-976
-3604
5732
986
4211
7664
-7011
106
7685
8091
4640
-2508
-7748
6329
-4962
6206
9674
1117
-393
-1373
5831
-4768
5882
-1749
8271
-1247
533
-9394
-255
6593
-8317
81
-3757
9665
-9398
116
4687
-5712
-6527
-5648
9949
7043
-964
5192
2509
607
-2939
-5318
-8779
-9859
8509
-4086
6249
-9625
3948
7852
-6574
-3932
2054
-7801
-3210
6823
-8788
-5990
-5895
-420
1900
-5018
-2081
-8579
-5820
-8724
-8342
5199
4768
-9303
-2671
-6980
6757
1404
2878
9977
6293
2597
7498
9099
9318
5342
7530
2101
7753
-10000
-664
5758
-9928
-6028
5369
-4874
6282
-2746
-8490
6454
-8447
-3730
3131
-8956
2134
-623
8818
-3129
6859
-8245
3776
9922
-2861
-6009
-5856
6207
3310
8022
3282
4632
-5633
1160
-6889
1098
5921
-3723
-3814
-9965
6825
907
-9942
4604
-554
5743
7111
5207
-6184
-1955
869
-7282
-1541
-3000
3354
1738
3916
759
5387
-9568
-428
-892
-2785
8437
-521
-8318
-8448
-5379
5680
-8533
5603
1019
9515
559
9163
-4754
-5252
8505
-9653
-589
-7241
9600
-7105
9926
2428
3865
2767
-3512
-5606
4599
3212
-357
322
-815
9551
8110
2382
-2718
8761
431
9398
-7346
-6225
-5513
-6129
6776
-3182
4149
-4726
-9089
-3277
2576
4147
1144
-5310
-6973
3350
5982
5938
-7746
-9632
9762
4490
-2765
8628
3586
4715
-2392
-2877
-1896
7629
6099
9729
9053
8975
-4954
-2979
6437
-624
6158
-3682
2494
-2729
-9290
5159
-3778
3375
-7120
7596
-4452
1624
-4292
6529
5982
3801
330
-953
7908
-6336
1980
5479
-1376
-4270
209
-5672
-9575
3927
198
4036
-8393
2287
-1199
5324
-3801
602
4845
8730
4248
-5175
-8247
1174
-8565
8045
4433
1628
-4921
-4206
6455
6390
-7454
5085
2684
6590
4903
-8468
-5819
6199
7178
2654
7408
5767
-4994
1754
-2441
-9228
-3885
-2281
2343
-6772
6575
-6752
1300
2501
4558
-2113
9125
9327
9608
-9771
-4164
-6963
-7420
-9233
-4279
7237
9438
6511
-7664
-5977
9678
6950
4300
8354
-8130
-9541
-3915
3952
4485
-7089
3655
4121
312
-1717
9648
-3577
4089
4444
2619
3998
3224
-6632
-1657
6695
1958
3514
4153
-7318
4720
-364
7582
108
6972
-5454
5438
7820
-9321
8188
734
-1824
3071
-4345
3666
-7909
830
4974
5470
5470
5863
6421
-8033
6656
-5663
3253
1918
-9204
9279
-6991
-7842
3165
6480
-4079
9415
6858
7145
5875
-6206
3579
-1371
6801
-7130
-9916
4112
6256
3072
567
6531
-8286
-5914
-588
8350
8064
7808
-1544
-2269
7898
-5780
-87
-9235
-5287
-6177
7957
-313
5148
-5947
-1552
8075
5493
-7868
-449
-613
-4403
-2563
-9916
9201
-5289
2591
-5763
-3054
-8361
-2073
-5602
4701
-8667
-5395
4286
-4799
6920
-1844
1397
7307
6102
-4781
-1380
-1242
-7547
7190
-4465
-4384
7565
3241
-1482
4843
-2925
363
-4526
2661
6711
-2798
-3168
-5908
-6856
2677
-8592
355
6800
6713
5491
8603
-8557
-1403
2655
-7098
-6460
7413
1218
-2994
-7839
438
-5233
9130
-6051
4427
-1302
7326
3776
-311
2973
5426
5479
8816
-8527
-6651
525
9298
-8520
6006
2509
9154
7313
-3789
-8951
-5672
3647
-9104
1186
-8612
-9016
4952
-2234
4989
2842
9969
7694
-4214
-5429
-3525
-3980
-8607
-3791
-7443
-3670
2304
1206
-4952
-9445
-1756
1697
-7308
4105
-5227
-6871
5421
-799
-2824
6399
-4666
-3743
-4561
-4551
932
7652
-3373
-5408
-6362
1876
-5953
378
9168
-2926
2689
-9801
-4112
567
8598
2340
1664
-5290
-3654
7263
-3827
-5427
-5748
-9873
148
-6706
574
-7974
7669
614
-7144
-3737
-2865
2562
-1315
669
-1436
-1313
7646
698
3585
-4886
-3165
-4425
6236
878
6094
-2132
6609
7
4740
-1763
-1237
5488
6833
-6859
7480
5566
-5486
501
-808
-4014
8818
-5872
2642
-4926
-6963
-9517
-4012
3861
-9243
-7520
6666
1028
7913
-7189
9670
-6197
8871
1069
3951
-4293
6810
-7193
-7392
9211
473
4148
4302
-8400
9513
5374
-7152
3428
-406
-5699
-7550
7881
3101
7189
6832
5107
-5838
6565
7355
-9701
8037
-3920
6336
-4571
-3998
-7496
-4048
4236
-5105
-8686
-7271
7741
-6009
1952
-7850
4801
5319
5919
-5102
-5795
3012
1168
1202
-6004
-2506
5172
-5464
1032
7597
5723
-4014
5316
-2389
-3926
446
5574
9731
-6828
-1876
-1525
1689
3191
-4517
-7763
-4013
3924
5811
-9947
4388
-8286
473
4986
8798
4661
-9234
8939
-4770
9352
6510
9006
4605
-1175
4324
2968
-9787
-850
-9636
1161
-4478
-7584
-1501
-2730
-9513
-221
-8424
-8701
7482
-5830
1426
-7124
-682
-9667
-5872
2754
7863
1701
2474
-8691
-8558
6111
3875
6201
-8270
4883
-1352
-9405
-551
6025
2560
-6181
5579
-7890
-5991
-2100
-6400
9103
-81
1067
-6142
218
-3227
-3111
-950
2320
7770
-8247
4263
-8615
3017
-6983
-5766
-8745
-1245
5398
1249
-8390
-7867
2573
2536
-6387
-6161
-2621
515
7390
-2234
3493
6038
7151
-3646
-322
1957
443
522
2532
-9186
-6085
3981
-7120
-2045
3000
6227
-6711
3062
-3183
8881
9139
3280
1263
8810
-9424
-8528
-8524
9642
3298
7129
569
5832
-2791
-6066
-6657
2993
3419
1737
9152
5133
-9380
6770
-7524
8675
3454
-5318
1195
-9773
6320
-786
2410
1705
-2809
-8812
-7537
2157
2820
2756
2515
-89
2330
-4155
8878
-8054
6794
-6501
-2530
8916
-7481
-6401
-2191
-258
1329
728
-8486
3749
-6010
-6917
584
-532
7767
2664
2682
-3560
-1702
170
-2359
3271
5219
6818
5708
6576
-5027
-5665
-8708
-6920
-6431
5794
526
-5910
-2082
5210
5527
-330
-7818
-9503
6153
4181
8329
-2840
-2293
-1856
1390
-6998
-8040
6476
-9009
147
-8422
-5253
-3490
-6370
-8742
-3135
7880
-1255
1594
9002
-2465
-510
8955
5622
2845
4448
-4645
5602
1150
-3105
-3163
-1543
3372
760
5551
-7776
-5960
-4322
-9593
3498
2443
-8255
-2617
745
-5777
1983
7766
466
-269
6128
5349
-9603
3720
4911
7135
-5452
6614
2193
-6821
-2844
-3055
-9333
-812
6357
7579
9830
-3982
-6072
-6634
-2906
5308
-9220
-9557
8132
-4335
7946
2337
386
9657
-5221
1102
1135
9360
-7152
-925
8067
-7169
9211
2053
4374
-2473
-8094
-6429
7053
1789
4396
2822
-3975
-6753
8285
-3104
-1326
-1869
2044
-6231
-196
8237
2549
5508
-6482
-8296
188
-9739
2193
8464
6156
-333
1108
-4634
-5038
8526
8374
-7216
-1397
3997
-672
2503
2050
-8527
5080
-7389
344
-6863
1420
7740
5791
-919
-2224
6447
-2746
7141
-3323
-4837
10
3934
-9257
-3065
-1114
7456
3368
-4928
1683
3526
-1597
-7050
-1318
9388
-7545
7344
-1077
7050
5362
-949
-4228
-4018
-1981
3744
-9845
-4174
-219
1231
5534
-2280
-9690
5750
535
-345
8448
4353
6455
-3080
661
3381
-9211
-7354
-4721
-7559
3147
-7788
1168
-8219
5231
1290
-7755
-4131
5733
-2694
2643
56
8315
-3400
4564
-2980
1045
-2026
2769
-8833
167
5287
5293
-4939
-5138
-3284
8156
-1569
1674
455
-5336
6716
-651
-8646
-2536
-2790
2265
-174
-7220
-5624
9201
-3627
2591
2566
-3785
-494
-6705
-5324
3234
9160
-1473
8514
-5933
-5552
-3372
-7691
5568
5845
-8745
-9588
8935
974
4443
-8729
-7324
-3298
5604
2619
-2057
8736
3253
6762
5678
2907
-275
3484
4166
-5833
8856
1385
6413
891
4383
676
6631
241
2167
-9217
-1402
-3519
3898
4088
-7353
1232
308
-6813
-4100
-8414
6431
8390
-237
-7393
7316
-3782
-6968
-8024
-6065
-993
-7279
418
3436
-6492
-2332
-1264
-2004
-5964
-5770
-4429
-3287
-5534
-6167
1382
3679
-9065
-7838
-4782
-8891
-3027
-9334
-539
-6360
-8998
2449
5552
-7053
4677
-9339
-9292
4463
-3467
998
569
3302
4293
225
7398
-6278
2010
-5258
-6738
2810
4501
3983
-5340
6498
-7584
-8340
3572
8589
-6090
4372
-1095
-9164
-7115
-3931
-6298
8669
-7843
-5778
-2821
8231
-7331
1183
5622
-7765
-5158
-6383
5659
68
8808
-9407
-8255
7224
-9572
-8865
4210
-367
9815
4874
-7499
6487
996
-206
1149
-7161
-4196
-4975
-650
-2903
7372
3877
-571
7944
-7857
-3024
-5543
-4158
863
5648
5835
-4718
-6331
6384
-2490
-9949
5492
5688
-3743
4035
-2413
-7396
-3863
-6590
8316
-5800
-8341
2640
-9051
-3480
4681
1774
-2971
6585
-1588
-340
1850
-968
9709
531
-5945
-1410
4476
-7628
7489
-3135
-774
-79
3448
7688
-7181
-6031
-9543
384
-4942
-1135
185
-354
-7183
9254
6580
1103
4992
1893
8329
8780
885
9492
-862
4601
-6220
-2007
-7339
-3344
-7736
-3400
146
-7350
9853
-1400
2463
902
9061
-7279
8226
-4679
-5662
-3364
-7231
6467
-5432
-7218
-2861
7889
-3610
2673
-139
2348
-3563
-5586
-8939
1130
-5127
-727
-3130
-4751
8932
1105
-9084
8589
-2561
4484
6388
-4167
-9262
-2249
1302
-5990
-5596
8088
-9231
7263
6365
7415
5755
-7466
5428
-7090
-465
-8969
2716
1763
4592
-5165
5279
3266
-2485
-8440
-9015
-2346
-8476
554
6664
4433
1207
-9310
-3336
1347
7534
-6577
-1359
1940
-9516
-740
-6530
-4559
-3587
3191
-9770
-5399
7721
2713
4210
-7324
-8482
-5315
-3620
-4826
-435
3794
-9101
5062
-4303
4190
-4681
5262
-3214
-6025
5988
-8921
9980
-9499
-9082
7907
-4848
-1671
2450
6594
4625
3059
8071
159
3547
3325
4907
3266
-3331
-3420
6713
-1320
4258
-2155
2238
5654
-5217
-1359
-9892
-4048
1935
-4044
-9505
3157
9078
-9204
3908
-8761
-7268
8531
-1023
-9900
-486
8035
126
4148
3024
4946
-4550
-9075
256
2948
-3577
2472
3711
-9917
-9107
-7666
-6984
-4723
1038
3700
995
-7681
-5942
6792
6106
-5579
1646
-916
-1984
619
7753
6216
-9668
-7153
5168
-9496
223
-2229
8105
-9016
-8696
-1655
2688
-1550
7222
-4574
112
3053
2033
-1808
-9403
-6694
2128
9366
-3780
9027
-1819
-8577
1673
5767
-4025
-4457
-7642
-6360
-187
-9429
-9175
8074
-4454
2951
-6625
9042
2038
-443
3909
-1055
1803
-9592
7553
9895
-750
9088
2538
2517
235
874
2495
-4003
4577
7176
9426
2584
-6003
3062
-6445
-1739
-2457
-3686
-3415
7328
4142
5329
-519
-7064
1383
8547
-7802
4491
-6235
5543
2243
5946
-2458
240
-6289
-9698
-7277
1819
-4349
8181
-6376
4819
-3471
-4679
6322
-2061
-9270
2798
-5199
-2712
1628
6494
5486
7413
-7434
-7216
-6950
-5795
-1657
1929
-3196
9723
9833
-7945
-5790
-6140
2940
3069
4730
-8725
-1049
-8266
-3302
2967
-8775
8866
-8795
1376
1065
-6797
-976
316
9296
2520
-9236
259
3382
-8431
-9105
7738
3090
-7314
4155
-8841
-7044
2007
-8655
-1575
5648
4537
-2114
4168
-2038
-6737
-1765
-127
1485
8044
-8951
-2797
9665
-6161
-763
8510
-3698
7348
-9326
5056
-3684
1248
2686
-4412
7735
5548
-7284
5312
4203
-5476
638
3610
6854
-9627
4686
-1922
-2176
-8780
8765
-6997
-7372
8895
474
6621
8819
-824
9420
1573
6973
9619
-9497
3836
-6979
6978
7108
4060
-9712
8625
7551
-6809
2544
9149
3366
-3972
-2447
5069
4099
2871
4774
263
-7127
7664
144
-5547
9940
7677
5437
1836
5070
9865
9657
2213
-9695
8199
-9506
7634
1334
6608
3096
1124
3537
-3353
7781
-3000
-8036
9664
-5280
-6623
-4860
2236
8322
-7006
-852
-3290
-5747
8061
4251
5831
9470
-7172
412
2930
1419
8752
-110
5593
-181
-7256
5236
-4544
-1621
-4798
-7150
-1684
-4433
8846
-656
281
5381
956
7707
-3948
3880
3624
3881
4588
-2872
7420
-8128
4837
8264
-7825
-9594
-124
8691
-7116
-6743
6243
7378
2960
-3185
960
935
-8489
-8120
-2245
-1130
-3956
5027
-9614
-4572
6287
-3379
-9192
-4488
-2143
3124
-3606
7233
5535
2247
-4308
-3924
5198
-2958
-3668
-6755
5673
8300
-3969
5462
8949
-1452
9639
2980
-825
-4448
-3196
-9912
-2290
1492
-6261
5215
-9455
-2549
-8539
4075
-8710
-1481
-3506
-1653
5070
-384
8746
7044
8743
3171
8682
-658
5546
-7937
8811
-5114
6734
-5198
5960
7201
-245
9095
-5893
6130
1909
-9852
4037
-9729
6844
-4466
5651
5501
4637
-928
9671
-3723
-4770
-7194
6443
-1991
4138
-331
8713
4886
-6561
5353
5563
-8962
6006
-7651
-7653
2622
-4893
9697
-6076
-4151
6433
1236
8009
-9118
-2491
-538
3394
-3585
4649
-2079
967
123
855
-2533
-9054
-7863
8653
-3840
6243
-5901
-75
-9590
754
9333
-5704
6562
-1506
-4219
-9420
-2139
-6283
-4911
-4501
-8138
2447
4133
-9724
7103
2919
2705
-784
-9533
-369
-5022
-2685
3417
-9453
5978
-6443
7263
2285
8391
6936
8963
-7891
-5699
9077
-928
-7815
2210
-1857
7397
535
3436
-2016
-5172
7171
8473
-8453
-4916
-1456
1918
-253
-5035
-777
-9399
6248
-1390
8295
3755
8079
-4663
2777
-2357
3971
-4343
-7001
1460
-8582
-7514
-8670
-3695
8286
-7373
3621
1837
-4394
6440
688
9160
-1715
8255
9225
8296
5951
-6427
-2343
2141
-845
3075
-4181
6120
-6081
-2040
491
5464
-5463
1121
8145
-9239
-957
-4724
-8710
450
-623
-5344
619
8218
-6954
5644
-1510
-3
-3967
-1849
5363
-5209
3933
8149
-7122
-4747
9182
-1227
6768
-5631
2346
4329
7455
-8297
5918
2497
5563
7818
387
-7932
-1215
6847
4351
6898
-5771
-1385
-8355
-9140
-6275
-8278
2096
-888
-1618
-8728
4809
-3064
4564
-7265
-1283
-3535
-4426
3210
4182
-2829
1640
-5856
1612
-2770
-4379
-4442
-1122
5843
-1572
2821
-3471
-2509
2860
92
2141
9179
-632
-9828
2678
9467
-9957
-2087
-3773
1910
-3192
4886
4600
7285
8119
-1398
6885
736
-5341
219
8588
-2315
6066
1787
-5355
-6755
5643
3219
-5449
226
-3753
1878
3582
-6499
-7357
-1950
-8628
2704
-571
-9408
-6655
2912
-6031
4712
9422
-3818
-3530
9289
-6738
-4594
-8183
8385
9829
-8249
2457
4155
-9540
6307
-5437
3357
-3407
6093
-7723
-9176
-573
-6458
1
-2807
8590
8522
7819
8729
8309
-5471
-1229
-7642
2484
-6507
8986
-2958
-3501
9853
-9682
6493
3869
-3864
9818
-1076
-9155
6156
-3282
-5954
-9289
-6789
3718
7427
2582
6866
-5221
-8661
-9105
-1569
4450
5685
-3835
8776
5436
3157
-3191
6225
5112
1815
9372
4428
985
-4573
-23
8170
-4288
8212
957
-3745
-8096
-5467
6822
4817
6343
178
-7112
2012
-1178
-2027
-3468
-9777
-2673
-5622
-3264
-8967
837
2256
9324
7470
-616
2215
-7411
8669
-7596
-8111
-6048
-5577
-7366
6217
9116
-687
-716
8078
749
8636
-3488
-221
1104
1051
6849
-5718
3635
4433
-1055
-8286
467
-2880
3394
-3943
-6192
-596
-4928
-244
2011
6583
6343
5137
-9340
-1069
8085
-7290
7723
-5286
1914
9328
-6465
-1036
-7480
-141
3090
3940
9179
5490
-2054
-1947
-2731
-4988
-1630
403
4736
4381
-9481
2103
-1330
-4457
857
-4172
-1518
552
8689
-7996
6133
-876
643
3048
4223
375
3333
5906
1418
-9809
3913
-5630
-3688
3790
1072
471
-9441
-5761
4410
8425
6436
-1933
6526
8386
4707
-3250
-55
-7653
9040
-4769
9185
-1368
2995
2706
-9405
-5131
5356
3128
-1254
6949
-4798
-6100
-6697
6323
-8282
1946
2714
3703
-3996
156
8913
-3997
-7304
4453
-7347
1807
5422
-638
8721
-6131
-2815
4873
-2743
1315
2453
6602
-3685
3808
976
-9110
-6223
4032
4009
9032
-3376
-25
377
8639
-764
4502
-6593
5221
-684
1479
-9665
1749
-5649
29
3866
-4992
-4336
-1829
4280
-4192
-1118
5667
7527
2806
6205
-5036
-9358
-7877
-6239
-5132
-6424
1886
4940
9233
8347
-5703
-2225
6372
389
1651
4862
-1226
-6100
-6391
2626
-9756
-4337
-2203
-5137
2893
-8200
-493
-5401
-1755
6509
7413
2996
-2141
-8862
824
-2149
9546
3615
8909
