1834
1
-5751
1869
-3248
-5221
4590
9438
6439
-3378
-6079
-2033
-4777
7662
-9443
5917
1250
-3791
89
-7967
8797
-1216
-1870
3989
-4605
-1997
-3247
7731
760
1051
-2147
3565
-2717
2878
1202
6549
-6893
1226
-444
1052
8116
-2551
9931
-8962
6968
-9252
-1913
3656
7848
-3635
-6465
-1618
-3349
5816
-8746
-1192
6451
9091
-1539
4101
-8547
-1805
-2600
-610
6339
7214
-6960
-376
94
9037
-7756
5912
-26
-9475
5883
-2284
5059
-2702
576
6999
2101
-5871
-1444
-397
-9921
-8820
-5129
2049
-2332
-5928
-5186
-1566
-1104
-3741
-5257
1697
8861
7445
-1047
-9421
7576
-3839
9699
5553
-5470
1760
-9798
-7087
-7537
4203
-7394
-4975
-8185
5424
-5249
-5797
3737
-1696
-794
7203
1098
5718
-1619
6664
5741
406
-5031
-2516
-3943
1136
5769
-8912
5376
3804
-6198
-7126
-5226
8461
-5336
3705
7433
9157
-7342
-7110
3253
770
-2475
4442
-8
-4902
6606
-634
-5583
-4854
2469
2751
3542
3328
8746
-5739
-3852
-9588
-3234
3871
-8515
1571
5785
-3157
-3082
-373
-7807
3021
8742
-4176
-8574
2394
-4626
-7824
3098
-5640
-689
-5983
-3623
-7551
5784
-2527
1887
-6824
-6796
-2166
4652
3788
5063
3223
-6681
-897
-4646
-9179
4281
4375
-3147
1847
9512
-6033
4719
-5989
-6953
6309
-4212
-4104
-5454
-6795
-3895
-8573
7552
-4771
-8119
693
-3713
4597
-3242
-549
-3590
1375
-6183
5552
-5436
2984
-2341
790
4122
9996
-7569
-8197
9542
-5190
-2848
-2317
-5272
9132
9210
3059
6505
-9623
1864
6480
8615
9550
2179
9520
4669
441
-486
-8955
5817
3537
5011
5229
-8228
3938
-7017
4948
-9447
-3206
5723
-6480
1045
3091
6274
-4199
-1523
1113
831
-2889
-1150
-658
-8985
-344
-590
321
4409
7139
-3574
-9908
7449
-7448
5905
6392
-7697
-437
4882
-9793
-7439
2912
9793
8898
-6446
4791
1071
4855
179
-8271
-4648
-7912
4722
2752
1530
5801
6922
-1744
-9490
9313
-3707
566
-512
-4878
774
2909
5798
2482
-8523
9424
52
-6799
-8586
6123
3409
9602
4545
-2159
-3595
9542
-1737
-2786
-9983
658
6132
-2278
2537
9031
2383
88
-4774
-649
2325
8614
2187
-2447
-5046
8262
-5206
-4116
9121
3702
-3662
7601
3906
-5869
37
-3643
-2005
-1405
755
2917
-10000
-8782
-3189
2495
9468
6864
-5837
3699
-2213
191
-6632
-6960
-5604
87
-6513
-757
1692
4642
2729
-9178
-9545
-2093
4609
-7061
-3591
435
8533
9995
-1655
2385
-3745
-3192
-4125
-2357
-7119
2836
7147
-7602
-4627
-3979
181
9626
-620
-1806
7051
-5356
-9904
7238
360
9304
-1752
1004
-9093
2252
1262
4143
-7175
-5141
1760
-3573
-9442
95
6738
-1508
1380
5836
4592
-9791
7402
-5263
7568
3577
-9152
7937
-5892
5724
-1449
9501
5600
-9738
8725
-2307
-9967
-8634
-7191
-2148
7084
-1302
3195
-8432
6298
3045
-6421
-9898
306
7614
-7337
6373
-3067
9527
7902
-943
77
7477
460
-1671
-6574
9415
-7457
-1481
907
-9324
3689
6541
-4447
3391
-5303
3230
-744
-9572
-1880
7845
-1528
8813
5476
4843
-7787
6976
6505
3990
1029
-5837
-551
-9537
8683
-9448
7673
-3071
-355
3903
3539
-9937
2761
-1461
-3293
9535
-9454
9507
5467
9499
9604
-4777
-9077
5854
-8842
1734
143
-9535
5220
-2004
5275
8023
-268
1668
8934
4363
2739
69
-5502
-8377
-2035
2992
7424
-7643
-1441
-9787
-7546
3432
-6600
5425
366
1268
7041
-5835
8216
-6234
4442
-2997
-4291
-1079
5063
-2572
-6213
-4511
-8821
-620
-3409
6076
184
7991
-5827
-3614
-1101
2635
-5156
-1690
-3139
-7904
-3913
-7490
132
-7426
8526
-826
-471
6764
2191
-6732
-2170
8778
2204
-9246
3631
1601
-7477
-5894
-200
714
-8578
7858
-3082
-3737
-3949
-885
-2441
1435
-9918
-5427
7481
3904
2853
-8344
1921
-9275
-8485
-8344
6720
-6518
-7420
6510
1411
5125
7119
2751
-7862
-1993
2765
8916
-2589
-9205
273
-2320
-4181
8420
1059
4334
-8427
-3129
-2712
-2033
-4704
-2852
-1472
1932
273
-6365
8013
-3023
8671
8062
-4478
6136
8675
-6218
-647
7045
2862
-2293
6577
-1071
8216
-9929
5899
-8523
-5615
9626
3275
6740
-670
5705
-4602
5442
-6670
8900
1
9481
3491
-4284
2117
-4592
6710
-4781
3551
-8905
-101
7583
-4559
-5903
-1010
5079
-1786
2899
-7370
-3642
-448
2041
-6668
8845
-5327
7634
-9698
8698
3418
3644
-229
914
-5175
-3777
5559
5050
7788
-1254
-7685
-3311
8682
4172
2994
3831
-4648
9869
1588
99
-8682
-4695
4889
-6176
7606
4987
-2203
-8989
5596
-1827
1263
-8135
-2188
-60
-3629
-2636
7094
-3166
3720
106
-8199
-4005
8392
-6116
-624
-6910
-2488
8535
5645
7157
6778
199
-751
2728
-9450
9975
-9733
-9915
-2979
355
9731
408
-4924
-4849
7315
-3479
5931
-2077
9428
-4518
-8752
-3186
8131
-6491
-2900
-879
-5707
-7301
2481
-1136
6665
-8155
-4081
6093
-7060
2435
2289
9514
-6368
-3304
-6624
2438
-6226
-3753
3313
1626
5675
-1208
8932
7550
1020
-9516
-404
5723
8186
-4619
-8250
2333
-4345
2700
-691
-3337
3345
-5422
-4312
4889
4025
-8065
3380
7702
9737
-6
8199
-2900
1629
-3334
-9661
-852
9073
-3307
-9768
-3840
4469
6467
3036
6659
-9113
-2906
4715
666
7422
-6386
4799
-8410
-4609
4469
9174
-5056
-4651
-3184
8643
-5121
-9875
2282
8619
-2745
-5819
3837
6861
9851
-8224
-6300
4104
-858
-4638
1395
-8225
7755
-2303
-418
-4641
-5302
6460
-4227
2102
-4565
594
-3599
238
1079
6603
6864
8981
3068
-9175
4790
-2746
244
1430
6359
-7390
-2437
-5959
2015
3679
-7367
-5825
6651
-3999
-5614
-5992
-2389
-1699
-2812
-684
7791
2543
-8788
548
-6393
-5378
3265
1160
8882
2021
1455
4781
4761
8110
1099
2696
3616
841
-2265
4281
3263
-8299
-3711
-8711
4767
-8414
9836
3071
9681
-9749
7179
-6020
8622
8089
2520
7072
1321
5090
-2989
-3091
-9553
-7500
3500
-2347
-3464
6962
-4923
-9139
-1340
9053
4699
-2268
-6934
-2782
-4363
-9085
-3215
8372
-3335
-9735
271
-5002
4370
-6795
9123
1310
3919
-5355
4991
3683
5903
8822
9868
8236
7433
9875
-7272
-2857
-8100
-2292
7701
8696
-3078
-3363
4028
6393
-9396
-9436
-2724
-3872
80
1774
-407
7189
-308
3737
3217
4931
-1037
-5188
-7332
-1600
-247
7569
3300
6916
1684
-9051
9708
4002
3458
-916
-1573
-2707
7486
1999
7030
6002
1872
-5329
-6768
9661
-8100
-3354
9986
3170
-9504
9202
5820
8587
-2792
-5902
8040
-7018
4455
4003
-1329
-8773
3962
-7098
-8539
5726
1701
-474
1858
6742
5170
2798
4664
4440
-6663
-4318
-4315
-6159
3441
7592
-9741
7063
1924
459
-3941
-8576
4643
5786
7503
7054
-5845
6034
-7451
5536
-1135
7679
-7496
1304
-1968
8809
-8079
5684
-1254
7199
-5044
1283
-1247
-8325
-9638
-8252
8899
-6572
2018
-2316
9153
-4692
5663
-6456
5458
-649
-6452
-9385
-7813
-1604
2260
5401
-3072
7527
6192
-6673
-4825
5691
1083
6020
5875
1259
2952
8974
-6828
-1163
-4335
6606
-1097
-1802
5713
5764
3762
8386
493
816
-8622
3160
5757
3249
-468
-564
-8584
-3665
-6428
9785
6311
-2470
-8965
1390
6644
2125
-8898
4805
-2753
9474
-480
-7071
6626
7528
-5520
2415
726
4635
2694
2734
8661
-350
8425
7575
-1427
-7733
-8969
4882
-1667
2088
3079
5748
9067
-2240
2241
285
36
3885
377
-7766
-541
3321
2534
6788
8584
5743
2267
-6485
-8118
-3909
8959
5237
5960
-2698
9833
-8577
9407
1012
5612
-1389
-8501
-2157
-7206
-589
6455
-9476
-7794
9885
-7309
4590
6145
8182
-4697
5306
-9523
-3827
-9953
8328
3480
318
8760
4993
-8807
-7883
6586
-7201
-2640
-4451
-8879
-6678
7211
7879
-5006
9628
7242
3421
-8130
9920
-4174
-1856
8331
4686
5664
-5799
-1582
-8140
5618
-7838
-9070
7465
-6672
-5201
-5348
-3425
8583
4403
-4480
-6548
-9812
-4921
-6759
8183
5951
1156
-8991
-8458
2758
-3289
636
453
5090
-1894
-4046
6795
-8694
-1115
-1190
-2630
-9310
-8654
-2800
1710
7681
-8768
4761
2229
6888
-4293
3015
961
9066
-3516
3854
-4269
-9466
1091
2581
9581
-9369
6811
-5353
4011
2980
5510
-2715
7616
-5356
-5368
-2076
7807
-348
-8565
-1556
-5041
-7392
-2328
4879
9174
8601
-6432
-1617
-4250
8856
8128
9025
-8211
-5136
-9669
2170
4623
7324
-1919
1915
4204
9145
-3888
30
-3914
7887
270
-1737
6735
7697
8769
-3568
-7631
6626
-3840
-1743
-2621
-3484
-9477
5406
-3496
-9422
-5605
-582
-8239
557
-2023
6991
-1423
-2284
5761
-9773
-2437
-8280
4282
-262
122
-6069
5337
-1832
7761
-1773
-1110
-8991
4579
5031
-7413
111
1285
8207
-578
630
-7447
723
687
4238
8731
-7672
3134
-6086
4618
-8306
4385
9497
2392
-1536
9117
5720
-1684
-9078
8287
-1238
-4165
1003
-5291
2946
-4314
9535
586
-6822
8580
-5869
-893
6822
6849
2168
-4350
-3659
-6365
1740
-9180
1575
3883
-572
-5137
-4389
3691
1255
2228
3330
-2932
173
-2787
-8259
-9874
1164
-2073
3702
4579
-7729
6796
-6544
6771
3810
-8287
-3291
-9762
8369
-83
-9232
4228
-2072
6668
-6422
344
-6092
4461
-4061
-2895
7431
-292
5564
5090
-2245
4144
8714
-7390
-9579
9187
2840
-6438
-4120
-7991
-5505
-1380
7035
1209
-7825
5138
4713
-2786
3321
5077
-1465
5980
-2295
7181
-6964
-3292
1424
-3987
5085
-4633
-249
8911
4901
-9022
3138
-423
4350
6646
6307
3257
6959
8821
-5590
-1376
-1115
-3791
4109
6656
-9167
-7638
4772
-6934
9971
1782
8358
-4979
-9805
2684
-4113
5741
9622
1784
3117
1938
5148
-8018
359
-8970
-6663
4427
-5014
-7068
-9306
2759
-9003
1436
-336
-9604
-5423
-1503
9872
1001
5416
-4284
-8745
2
-4760
6100
5492
-4743
-6119
6048
5098
3422
-2143
1641
432
3215
-3239
6478
-1189
-7256
459
9346
7004
8989
175
-5631
3124
-3175
1070
-3559
4833
5472
-2492
-9855
-8645
8676
484
359
-7576
-3859
-2945
-446
7309
3478
-6161
439
681
-2566
-47
3750
1930
3816
9581
-6959
9449
-2897
3864
-4339
8126
3866
5017
3480
-8407
8417
2636
3325
-1480
-1210
7017
-629
1806
-5294
6058
-612
550
6260
5214
8987
4440
960
8201
-3241
-9442
283
-5689
2016
9967
1506
-7860
-2507
-4305
6015
9212
6711
-57
-6261
8072
-7400
9294
-4117
-9098
898
1499
4990
-9813
-8257
-3537
-6604
-9977
-4817
2844
8602
154
7339
-9677
-7649
321
9314
1868
7960
5444
-2823
-5235
-1124
4450
9104
6969
5278
-4303
4794
-2149
-880
-5057
-6615
5335
-1104
-9729
-3386
-7092
-5589
-1421
-7048
-2866
9597
9192
8094
-1447
-6313
7654
2769
-145
3465
-7844
6854
4926
7008
-756
8407
4102
-2696
-7110
-4582
-7859
-1403
-4990
7556
-9838
1291
2739
-3232
-1087
5379
7959
7939
-4113
7465
-2985
3706
9205
9719
4769
9623
135
-9201
-1582
8600
5722
-8506
3075
2557
-7967
4277
2682
-2353
5048
-887
1203
9668
1434
5607
2969
3725
8080
4633
-1875
-1793
1575
9303
4446
-2084
-2050
-5182
-6907
-486
-8839
-9317
-7216
-1734
-5021
8538
-5363
7855
-3678
3272
5052
4876
916
6506
7431
-7548
5792
-1779
-1404
1264
8575
-5519
8240
1047
-9256
-8269
5212
-7532
-4939
1317
2010
-9444
-8230
-2418
316
4365
-9576
2459
-2838
9913
46
7592
8991
7315
-4584
-2013
3216
-5794
-3673
-5976
-5410
-9086
-4322
8246
-2754
2543
9535
9237
6362
-9213
-7715
-1932
8660
-8376
-5369
7664
2495
-9598
-6801
-3140
5281
-7060
2775
644
-4548
5733
-4217
