493
1
2171
5295
5926
697
8515
5623
103
9845
3647
24
6511
4440
1483
9795
1712
7892
1806
2529
2375
2834
3908
88
8242
1264
740
1803
4408
2959
9612
2608
9318
587
4517
4485
8656
9846
3453
9034
140
5886
3323
1525
6451
146
5244
4068
8278
3035
9699
3150
2738
7494
7261
7173
2660
6240
6800
3701
6326
1488
2771
6930
2487
4128
6798
1091
6970
2250
5634
3771
2410
2337
3048
81
462
7625
1114
9957
2877
8503
6077
7688
3136
3120
6207
4270
9888
4021
3309
7495
9008
1126
5642
4199
5122
6676
7805
7539
7360
5290
3198
2488
2213
268
4421
7551
2903
4158
8257
951
1867
7337
2510
7959
6005
8002
1828
2872
7079
1335
1507
1209
4764
6876
55
1790
4318
9362
3442
3431
1911
2256
525
6483
4950
4156
7202
1641
7390
8323
9185
6099
4253
7880
4666
4256
8308
3759
6704
2907
317
3551
5925
1998
1690
3674
3394
6391
1239
2937
2934
1706
3403
3336
8623
8733
6749
8860
6871
4426
3338
7449
7410
867
8533
7257
2582
2093
109
7083
5662
8069
8923
4060
8846
9208
5503
2519
8021
8175
2274
3671
3491
2948
1970
6310
7944
1471
4998
6790
7442
2707
4028
2408
9002
7622
9343
6486
1735
4499
6629
6171
3285
8386
602
8705
1597
107
3752
6593
8580
5615
8716
3694
6098
9249
9936
4057
1390
8539
8876
8189
5396
7975
5152
1105
2699
4747
9392
5914
7831
7252
2499
4820
5454
6617
31
62
5803
7982
6066
9733
5927
3083
2966
295
4093
1652
3231
3273
2973
8221
753
7885
1945
7148
7671
9793
102
9237
6012
6223
7172
1154
3479
9012
6876
1022
6476
2601
4362
7889
9474
8210
5478
9088
4470
1473
1830
2140
1224
2283
6967
3617
2178
3386
9815
9011
2573
714
4365
8839
58
5610
5753
3358
2637
4120
476
6762
7989
3428
8021
7491
9977
4313
3126
1351
5095
4968
6898
2641
2411
196
2149
998
9194
4366
1860
8652
6915
3154
5886
215
2770
6324
3672
4928
2884
1282
8167
1177
9301
6043
36
3143
6439
4664
8724
8889
482
8376
3044
3386
216
4525
409
1387
3219
8464
3889
862
2578
7782
6471
8281
9673
7965
6521
6415
1792
9845
6616
713
7602
5915
4485
6474
8621
9490
159
1372
463
5263
2889
8348
6412
7749
6280
8589
2665
6151
1142
6433
6956
3377
4818
4738
305
7221
1122
2237
9095
3298
744
6689
8608
9720
2315
7815
2214
1844
6037
8001
2022
7620
4141
7576
2623
3602
5201
3487
8883
8112
7357
918
7038
5084
3158
4059
2118
1426
76
8076
2863
8595
2065
5940
6622
4687
2222
967
2859
4994
7954
2211
3011
8584
8986
4833
6143
5370
785
6914
4835
2904
2815
2508
8256
3953
3782
3725
3246
7427
7304
697
4397
6055
3746
6215
82
4190
7791
3419
6716
3125
4994
1768
2289
7765
4122
1746
1395
5658
3446
4883
5015
3179
9175
4802
3421
8644
815
