7873
0
3815
3716
3406
9727
3898
9975
2385
1771
8181
8622
988
9737
2698
9879
4405
220
4993
9482
9368
3325
253
7773
1551
886
7836
2491
8010
5518
8728
7538
7705
8044
5366
276
168
790
2169
3180
6013
7608
5892
2505
8877
8776
8679
7422
4061
6629
3462
5246
1869
5681
1687
3163
9131
2914
80
1816
8232
2769
4102
4607
6345
7776
3731
4149
1884
6671
2133
2302
1173
7670
458
8509
5312
7646
8678
7487
4402
4034
7605
1349
4505
3773
3730
7928
2075
5671
3869
1737
6762
6654
567
1334
7284
8256
9633
3666
99
1753
7694
4065
3421
694
6189
8211
7229
3149
372
1501
4623
6717
1641
1798
7866
170
8044
3685
8008
1602
314
4717
7506
2527
2535
6539
3729
1974
5476
3345
7648
5687
6034
5639
278
9813
3400
4675
4881
3954
780
4274
8766
4393
1368
3334
1895
9669
4555
8492
2670
1297
8373
6697
1806
6766
4563
63
9745
6638
4214
3726
9890
6402
3465
3773
6427
1167
1918
4588
7469
5251
3359
9087
7047
4900
8910
3874
7180
3002
2176
2354
4412
1051
3509
1399
8651
4181
4572
2468
2981
273
2900
6637
6981
4556
6666
8077
4841
9393
6519
7291
8954
9692
9896
3409
2980
2387
7480
9305
1483
6594
4368
6257
4160
8942
1948
41
3425
1968
9535
7531
4871
1684
8898
2330
4850
1820
2190
9607
1733
6523
8275
382
8114
2161
752
7924
9176
5024
8647
6043
495
3571
5973
2447
3992
2305
4244
5192
5885
7216
2642
7750
104
4922
6471
4114
9546
5396
9301
4536
8252
4026
459
9910
276
9990
5836
5504
407
9352
6769
2171
5862
6558
3389
1698
3629
7822
6887
4931
1194
6873
805
4681
1395
5847
8271
111
5218
3441
886
3450
968
4993
3132
8484
1491
6652
4360
4227
9615
7162
3034
7645
9088
9241
315
6816
8326
371
5716
1026
3402
9334
2588
4642
9862
9265
117
4323
5805
3425
1606
3588
6410
7067
1908
2556
3002
588
7478
8574
333
920
7234
233
5110
5695
5994
9255
206
6931
1177
1552
5520
2928
8382
9289
736
9159
8349
9579
3904
5891
9872
827
9984
9747
2827
2278
2327
1783
6474
6068
2406
5161
1229
9718
7006
8283
3516
7384
2110
1471
9394
2671
8105
8420
7834
3334
4011
9374
7758
2330
6769
5463
1791
1964
6368
5095
6242
1649
7865
7636
1335
3808
2734
5803
6560
4797
121
4684
7492
2358
3737
2809
8842
8469
1490
314
5586
5687
3101
7001
8591
95
1604
3563
847
3577
6738
7669
8476
1028
3524
6616
644
1571
79
5337
8286
57
1039
1425
7707
4802
9562
249
3037
9655
4929
5460
6056
8402
8500
8844
5343
6806
9304
876
2160
6373
3759
7586
6471
9936
7898
5671
653
887
710
7181
549
6935
249
806
8551
65
2998
5320
4062
4676
2443
6767
589
1037
4191
7721
6906
411
6389
2059
1586
6367
7755
5426
5273
8355
615
4393
5106
6687
1204
6567
5244
6177
1859
6020
9897
4383
7370
4645
5382
5190
1712
9127
1885
6314
5749
8087
5910
8041
1567
8348
9501
9049
2513
3250
2584
8206
5782
8919
123
7493
253
6229
2037
8569
7845
8243
4900
8590
4645
6359
2253
8832
3756
1321
8177
8385
8748
9320
4299
3715
1595
3443
2642
3226
1372
6346
3391
2812
4067
7812
8440
5823
5879
1752
5002
5658
9649
9128
7923
6915
1503
8964
8582
7652
4653
7225
121
5374
1885
2395
31
6593
5912
3644
2921
6881
7241
149
8289
5537
8191
3609
8773
2751
6304
2513
2880
22
9437
9717
5948
2222
349
9738
6545
780
6731
4691
4271
417
9648
9113
7611
1346
3735
1441
793
5994
8108
78
7612
5925
5380
5708
492
2554
1338
4299
5379
8279
3581
5616
8585
9275
190
4811
8953
6784
1820
525
406
6370
6723
8097
3763
4342
3418
6464
3312
1838
7936
8666
2406
8999
8973
683
7189
4436
5369
1645
9061
4143
9770
2290
4235
6416
5608
5881
5646
3152
4633
6723
9502
2546
1534
6583
7888
808
9898
1643
6168
1144
2616
6304
4803
6925
8544
5748
7937
1798
1868
1205
5332
2515
3045
4637
7280
3255
9095
7091
1279
2919
8767
2389
7579
3449
1653
6079
2682
9290
1171
669
5764
6871
5131
1115
8925
4541
915
7362
6871
4850
8936
9845
7168
5436
7552
3995
2945
5698
9474
4292
6101
7902
4025
5271
9476
3710
796
8407
3083
5730
2089
788
6873
2982
5704
215
3762
3006
7238
5644
615
588
8292
1288
7863
5855
4385
8205
8750
826
2842
8594
1966
1469
7482
9391
5992
2836
9711
5583
3352
6058
3603
1137
8568
7330
7180
7261
1620
867
5915
4553
9096
7894
6326
8276
1463
7614
3961
1290
998
2260
5442
4284
6684
6527
9205
375
5273
1487
5680
5388
8807
3489
9493
3111
1451
8178
5841
2368
3540
2880
2401
2835
567
861
3365
4254
7083
8793
182
3570
1208
660
3467
9356
2386
9558
5314
2494
486
4139
582
6188
1718
1239
9650
5864
6004
7087
9533
9193
7630
3985
1605
4836
140
6176
9164
8226
6769
4905
2052
6891
3912
9530
3039
4360
3598
7282
6860
8478
1114
893
6203
1012
312
5401
7278
6883
6235
2702
3941
3326
1398
1474
2452
9956
8864
7432
6328
4644
1790
3286
1094
7412
3262
9932
3817
6653
1327
8369
6868
7000
7475
2464
6250
7233
9016
3822
8463
8295
6972
5532
1311
509
8970
9962
697
2014
4971
326
5510
6561
6476
8098
9851
3922
6331
4786
9682
7688
8682
6285
2937
7860
2380
8972
3063
5858
9391
6885
3626
6242
2996
1354
4398
7759
1002
9350
520
9684
5752
4173
5371
9888
399
574
4964
5108
4780
5984
6663
8340
4092
3270
1780
9291
6828
6826
4141
9570
1862
5395
7623
1343
5172
2320
45
6813
9598
1003
8153
9325
3875
4382
1821
8070
2654
1615
5046
684
645
1162
1076
1755
4049
7601
6391
9856
1559
6585
4372
7380
6918
6026
4926
2525
8899
8635
9638
1378
6127
3420
8133
4836
6223
9341
7391
6483
993
4468
1334
3932
9225
7649
4869
3473
167
2843
5728
6388
6609
8534
8746
8418
2065
4146
3799
7270
9512
6061
2553
5624
7611
349
5130
7490
1150
2730
5286
9718
8559
210
8066
9982
1161
8502
4616
4646
4211
1714
2666
2300
4206
3813
1186
529
7330
6935
8107
4688
6048
8827
1304
2421
7318
8986
6906
5851
7093
3532
5946
6338
2718
6555
2844
3263
740
6176
8132
8960
7150
5844
3887
1589
4964
5880
1758
6411
8102
8289
4197
8483
8390
5064
1273
1061
9214
2546
265
6554
4769
8152
813
70
8849
5078
9281
1330
2166
781
4869
3023
2632
4886
8153
9583
2620
196
3462
9515
1685
3237
8462
610
7310
3833
6555
5903
4731
3704
9366
6846
5538
8849
7134
8684
7653
5698
6250
2691
6990
1738
8172
3526
3125
3165
5403
8450
9663
7163
7168
6270
9835
4457
9848
3158
7278
9676
428
626
1285
8401
9383
2224
9469
8051
7959
5622
5279
1662
9637
788
5439
5317
1923
8511
5005
9976
5473
4939
9696
1390
4661
7929
1189
1161
9553
6551
6433
3611
1127
631
8668
3957
598
8467
8895
6943
4624
2008
4801
9783
5178
6395
1455
4883
3840
1126
9248
6887
4238
3971
740
3732
8526
8702
5081
5199
4481
6096
1820
3928
7099
2750
9877
2552
1658
5731
6350
8491
6781
5961
5159
9355
7481
4098
1301
4949
3769
4387
7952
8237
8803
5952
1851
4108
8246
8278
9635
6916
788
4768
3926
8881
4933
7323
5250
7784
9800
2496
2991
486
1444
9837
3207
7796
1191
714
1239
2884
3464
6860
2123
4423
6692
2843
5318
1689
5199
9339
8425
1048
2116
6636
6543
2336
9360
9780
9958
7899
9288
7411
3840
9322
416
3824
6921
9913
2889
6321
6502
7310
8996
1627
6355
7428
81
1482
5920
6443
838
9387
3747
8720
4111
3457
4855
3491
411
1551
6363
1235
6310
2031
2153
6087
5759
7515
9192
1665
2431
3183
1471
8723
3451
4954
4767
9974
4683
1931
9659
4287
2733
3709
9513
108
2359
8900
1606
1336
7271
4849
9979
9297
2328
704
2467
1969
8880
8135
3204
4887
2099
7416
8254
7147
548
6428
1507
3218
6623
1279
5435
5722
5761
3835
8706
7215
103
8561
2687
7627
1479
3539
8506
6260
6348
7567
8047
1043
8326
2779
4085
1424
8005
8698
7821
5845
9888
8512
5347
5199
2763
6435
7861
8482
7551
3134
764
6322
4389
6198
2786
5066
2307
5523
3018
5590
6305
9040
4267
3888
2661
9343
7512
3695
3293
236
4061
2477
2776
7914
6643
3483
2046
3958
1852
369
7492
9234
9345
3438
3459
8115
3760
9424
6286
3436
5558
2403
3596
320
471
9748
6024
5118
2075
747
6680
2416
6852
8466
3678
7017
4299
2621
8411
7960
3052
6864
2076
4305
7653
7809
5531
4932
4785
3321
8977
2211
1017
1840
1521
4967
5623
9503
1948
3293
6978
4571
4115
669
5910
7460
8808
3279
6528
5657
5849
147
866
1609
5316
5350
5974
5269
6894
4249
7789
7135
9127
7405
2956
4504
1013
1073
550
3211
3844
7252
2547
5197
7577
9411
6648
678
3752
492
4178
9165
5797
9526
3283
6695
3031
8033
2714
7977
7219
4034
8922
8670
8536
8504
8293
9699
1184
1912
2314
8550
162
3939
8630
5869
9866
6848
8435
4537
8693
5143
3913
8952
4625
1152
3649
3250
7550
9729
7668
9133
3615
8238
9002
4971
372
5873
2354
13
3901
9051
7047
1307
5521
2865
8910
7013
808
721
6547
8569
6487
909
5064
6059
7036
3638
4388
8658
6238
661
678
7847
267
619
2331
2676
7169
6903
2003
487
5461
3564
6630
5902
225
384
8428
6098
3684
3870
4963
6813
6186
5682
8586
5246
4761
3551
6867
9238
233
7541
1440
2196
7696
1884
613
3205
3002
1883
9285
4950
5933
3399
1623
3095
3608
390
795
8976
7569
7703
8174
1727
5737
1824
4379
2229
2343
6878
452
259
2131
706
9659
9121
6099
4699
9907
6695
9294
3859
2650
2548
8557
558
546
6232
9354
6549
61
1373
6063
4226
5602
7312
2177
719
5865
8479
4837
3828
2873
8248
1914
8408
1594
5125
8050
4126
8303
2547
8109
850
8568
2551
6184
4325
4118
7803
4255
5862
7964
7748
6186
3974
8630
1737
3163
2276
2525
0
4579
4845
9003
3480
6521
5207
9373
7629
7401
4328
222
9709
161
1947
2255
542
7108
9337
526
6434
4810
9178
6399
537
4339
4036
6
8775
7101
6288
1782
8932
4482
9858
3256
6193
6641
6468
7964
4272
1801
8918
5358
675
7351
3885
9751
6010
5755
3153
8836
6608
8643
7178
963
6390
2575
8278
3449
5763
7356
6634
8673
5510
8204
2725
556
359
5750
4297
5065
8995
4647
4852
7153
4165
6667
7849
396
3769
7016
4665
9426
7973
4953
4284
5886
5270
5180
7396
5713
8482
8753
692
6369
4235
4389
859
2025
4990
8730
6523
8747
274
939
9230
6951
8309
5780
573
8152
9801
9172
3103
749
7286
7186
6691
5570
8423
3635
8464
6928
7124
4724
2828
9500
9964
6822
5618
9498
5811
5912
6152
9793
6134
8793
765
5333
68
4402
3476
1625
143
4425
6610
2138
4442
5799
8069
4440
8296
9765
4196
5848
9994
1387
9213
3177
7838
1638
2112
6520
4852
7704
835
6440
8160
2705
6426
9418
4254
2619
3250
3526
1065
6324
7255
252
7472
9496
7979
2222
3651
3605
6673
8089
6874
6566
6839
8848
2279
9063
812
875
9241
6478
5968
3029
3644
7450
1052
202
6937
7041
4366
6738
5072
6476
8266
6362
3023
5267
3012
7273
6582
4882
2998
6050
8245
306
4831
3560
568
4708
1857
2286
9622
8366
2774
7880
4442
8694
5313
2919
9004
330
6516
7939
7941
4744
6989
1132
7222
1625
2205
5888
3930
7066
7465
1501
8141
3737
4999
4974
8493
3227
2264
3181
4393
7208
407
2473
2392
3005
2915
4256
6995
4553
1617
2736
502
9310
5339
5492
8340
3359
6212
6203
8899
1930
1498
2414
5419
718
7082
1585
4287
6134
7784
7354
4000
7244
2133
1496
6907
8659
8944
170
3081
8894
2704
449
1503
969
4601
311
5948
3453
4127
5592
3398
3675
8125
7953
8999
8724
8162
1503
5452
2241
7406
1141
7629
1522
8808
7072
2999
3699
4449
4113
6826
1028
7746
2973
3225
1889
6007
3623
1015
5364
3706
224
2725
1400
9689
4401
3683
495
1599
9668
3115
4570
3671
3406
2650
3855
4752
7380
8265
1386
2923
7151
1361
4353
3116
8376
467
6679
6264
5331
4923
8639
432
9593
5450
4306
8791
1920
9958
5317
3221
3049
7431
4672
780
1571
5962
1150
3486
6804
838
6577
3824
280
3311
8065
7043
7241
4223
7675
3614
3255
4772
2020
4934
4237
8910
7697
7062
7857
5383
2665
8948
2888
2813
4298
9764
7591
678
7948
4950
5625
5663
6610
5106
3666
7284
4844
1051
8115
3330
9528
4336
7547
6387
4649
7684
7653
8583
1996
4621
1456
5307
4162
1263
7867
8360
5823
3465
3366
1723
9972
3291
8613
4894
5349
6018
7972
189
6461
1341
4761
9394
211
8727
2630
9417
7395
5552
5598
2195
2056
8250
2111
795
5526
9315
700
1706
9249
7492
1039
355
3172
7359
7709
3992
1018
5765
4547
6401
9213
6701
9855
875
9719
5118
6503
4381
7529
4376
7199
9627
7744
4680
4751
4256
8337
2047
8760
1646
3851
3124
5372
6183
496
6544
1149
4297
4883
5472
5605
5703
4045
8890
2008
5835
6601
1584
2495
1193
1057
5457
1933
6377
3181
8985
5973
8517
4696
829
9090
8631
4235
3458
9437
7726
5649
2149
1344
2521
4996
8291
4914
3756
9416
909
2691
1372
9904
7363
8
6261
8889
5129
2515
9426
6000
9488
7527
4768
8309
9707
1050
3513
9323
490
3903
5981
2012
5272
9318
6466
2614
1479
1110
464
9534
6928
3532
1868
1835
3166
231
9796
9358
6406
6014
5600
4235
8126
8712
899
2119
7108
5628
4227
7405
9530
1182
6816
1624
9357
4567
6200
5671
9587
5835
3857
908
1529
3010
1451
939
9699
7343
3359
5980
7558
3854
2579
2156
1685
833
4068
4255
4225
187
4689
6876
954
5192
5857
272
301
9987
2180
2059
4183
4989
4074
3900
5839
1397
2095
5784
1234
341
8084
5514
1551
5186
6629
8323
3740
4953
7172
8536
5083
7855
4187
4249
1186
4725
8841
5071
614
5790
6860
5942
4069
7776
6498
1655
3044
5783
5142
5052
6182
4941
5681
1311
9930
5036
8161
5910
3842
6809
2098
9011
3613
9326
8503
5103
7485
1678
7468
3854
2193
7417
6585
8747
5827
3070
3320
2966
6309
1216
3479
6773
4449
4563
7406
6499
6326
2650
6124
6282
2740
1492
3814
4772
3417
6035
9790
9006
2594
1896
9955
866
5595
9570
2432
9562
8103
4181
1683
1661
3963
905
6490
5596
6967
1770
4911
6563
1297
7812
6068
2572
3893
4053
7866
9714
7116
6280
8791
3305
9809
5257
6386
2410
6867
1184
2042
9679
9441
28
7651
1993
4472
9796
2377
1909
6431
656
2620
4927
7255
4617
8636
1607
9558
6462
337
2433
9507
9629
3082
81
3461
9067
9740
5874
6971
4009
5415
5534
616
4093
3411
5959
5436
62
4891
9083
2396
5217
8849
3844
8060
2071
7509
7135
9100
9179
7934
2271
7748
3392
503
1689
7556
1824
2738
7214
3108
5333
6656
8002
5379
12
8059
3832
5884
9528
2276
8084
3353
8108
9903
5864
6277
4417
4603
4566
1256
3088
6630
6402
4810
9918
2700
2112
7300
4115
332
7175
2056
5379
2744
7157
6964
77
1065
6171
3665
3912
2802
5761
8943
6619
4055
4618
4335
7846
9220
979
5067
2514
8273
3786
5721
7080
9920
1964
5453
5278
1032
1015
5697
7129
4105
5292
848
2886
9891
3493
3255
6319
9726
8133
3238
6129
7169
4909
6745
205
3016
752
5058
7999
7730
8269
4358
4456
1425
8545
7580
5520
5970
8817
6579
901
6565
449
2567
6025
1435
6938
8783
5894
7681
9049
685
8997
9879
7947
910
3205
4878
4993
8731
2498
9422
7596
9415
6909
3482
6556
3772
3809
1524
8704
2534
8144
7922
6192
2335
5834
7870
2677
7458
591
8979
2417
8214
736
8450
2528
3724
2694
9030
3962
8937
3712
2952
3239
5257
1584
6160
8306
5566
1207
2736
9755
2143
3789
1628
3284
197
5724
2487
7294
3025
2444
7574
6458
8702
5004
1000
743
6178
7815
7695
3416
3923
2084
7200
4648
7250
9561
2074
7883
1348
391
3997
3151
6742
5504
8326
5551
567
235
4679
1950
1544
5917
1140
9842
989
2005
1496
1726
4504
3804
9862
6731
2275
9312
9898
45
4075
4170
7088
1118
6597
673
5493
4837
4309
6660
5093
6252
162
395
6893
6769
8554
5344
7538
3536
3314
758
6281
8220
8292
8098
7853
156
9420
2879
4157
5345
3596
5950
3944
2778
9670
5938
455
9928
9578
4756
5467
1486
9400
9830
1325
7723
8421
9126
1909
6241
9195
8188
6829
1285
9659
8579
8566
9747
4492
3923
6341
6940
950
8756
270
6475
8316
1817
7875
7813
7400
3774
8150
7302
941
2796
613
3907
2383
6141
8772
5985
9132
9284
4139
1775
4933
8898
2082
2786
8352
3110
8357
6665
2100
8492
1646
4439
8325
3540
9644
3362
4923
1663
1421
1990
6579
6517
4226
8315
9442
2227
696
9901
9479
6273
3029
3730
9803
7465
1656
9351
2189
4398
8249
7623
8916
3177
9154
3587
7528
1633
5136
9419
7916
8189
5474
9142
923
9198
9153
5174
5274
6874
115
9135
4990
2228
121
4534
3552
9677
4371
8495
8431
892
5907
9173
36
332
4110
4482
3395
2489
8781
1610
9083
5439
2098
679
4112
8358
1281
9180
1307
7220
7482
3287
2558
1661
1722
5853
5993
264
7292
290
8274
9328
9027
2749
241
8341
6852
6625
401
753
5096
4726
8668
1975
3873
4160
2785
5730
7126
7278
1810
3853
8184
8010
5701
8802
2457
8680
8743
2151
7122
6130
3702
9998
7933
3852
49
7913
7822
4838
2936
1879
5478
5294
9607
2578
9229
5281
3543
4851
5856
4970
3288
6354
7968
2971
2690
7569
9243
7458
1518
196
4124
6868
5396
1658
6045
2880
9085
6855
1293
2007
58
7368
1588
2688
4375
9237
1119
3299
8836
227
4668
4297
6400
4033
999
7315
9043
4611
1544
2143
5669
1
3698
9228
4960
2544
2797
7461
6074
4667
9702
964
812
1534
1749
501
7666
9474
1716
3674
6075
8765
1450
6167
4352
1836
2580
6158
8822
5798
1068
6170
4941
4087
1561
5689
1181
8582
1282
2660
3281
6794
3897
1815
8568
8357
2494
7882
8796
176
7722
4572
809
7223
3343
5243
1561
7023
3975
8066
6254
1082
6484
9659
1128
5130
5792
232
9830
6630
198
4228
7555
9168
4265
9997
6486
7377
3928
9633
5099
7633
7659
8589
7647
3056
5293
5371
740
2827
7920
1198
4607
6299
2425
9350
3472
8883
5572
9638
2529
6815
6810
8427
7291
263
2117
6384
163
4444
4445
5342
9586
3336
572
6041
1054
7669
8947
5415
7233
8542
5197
542
4019
4727
7245
1525
2961
7365
2406
5538
2371
8639
8742
2215
7831
763
5294
875
9791
2136
9683
4429
7358
5019
1639
9053
1405
1273
8898
6913
3419
5366
2787
2015
3204
4382
8485
3851
8175
4951
3474
1244
6444
171
3558
4113
9890
2166
2204
1764
875
1094
5160
8108
2789
6796
7969
7161
4263
7820
8369
2942
1927
7815
8958
1773
7776
341
4052
7082
7299
985
1293
438
8125
4458
7479
2031
1095
9982
4417
2639
9534
4794
5393
1652
839
5250
8002
914
8928
8489
9139
1578
6868
6428
9005
1971
3384
6130
9426
4680
7176
7762
5200
2738
6882
7031
7350
4369
4301
6037
1746
5685
6549
6714
8891
6426
1041
1936
773
224
9983
4911
4227
5697
3360
8303
3886
241
4245
2739
8009
239
7898
4186
3889
9770
5197
6691
23
2802
8600
3255
7517
6694
2194
5643
2369
8194
6347
7827
7623
9997
4976
9459
7307
7353
8481
3872
8352
6880
3234
2026
2286
2049
2545
5339
1706
8435
8051
6261
339
6118
9562
2790
9281
5112
6202
7513
9518
554
4256
3857
860
6885
2806
7945
2588
5026
7405
2786
9778
4567
7606
454
3755
9131
9485
459
5545
7020
2026
4497
5187
7389
9656
7982
6470
921
4955
3557
513
1726
3204
2358
9197
9188
3167
7442
8333
1787
2643
3949
1347
9020
3494
1047
2712
9836
8490
3760
4809
2080
6282
800
2673
723
3543
2204
5918
6708
137
1900
6839
4143
3819
3271
6608
4251
829
9958
7170
520
4429
5881
3192
5635
3305
8599
8789
4858
685
6257
2744
7356
2756
6554
3490
4773
8039
2904
7283
7452
8881
2991
7072
2124
9314
8588
1120
1133
3520
269
1902
5910
3440
3151
4225
6220
6841
4326
8496
5697
5404
2781
8475
9032
6216
186
130
569
1201
5708
6099
1215
3285
3390
1718
1705
5290
4528
9603
4040
2624
2949
8408
6898
1214
8859
6350
193
6477
3704
9338
2624
324
16
3040
4843
7477
8540
1645
6502
3069
2314
1766
8620
8229
5142
5866
5922
3181
4464
5315
9075
1472
4644
2877
7721
2173
5425
2732
7460
4061
1334
4376
9721
6349
3259
8723
534
6815
6200
7097
4644
264
1586
96
7295
7430
9860
4491
9337
318
6950
7035
3286
1307
2694
577
8420
6912
2548
6597
5872
786
817
2262
3109
5495
8405
9591
9472
5813
8577
6112
722
8447
1675
5057
9343
7168
8442
7201
3242
505
7093
3394
8973
580
2800
5693
3697
296
8361
5091
8625
2314
1032
1108
279
6516
2165
3423
9832
108
3784
8586
7444
188
4589
1690
8491
9303
9148
1488
9544
6658
9416
4200
4345
7355
6251
9931
9394
3470
4675
8557
357
2654
4704
5454
3597
3987
5296
9531
6231
3182
6155
5404
3391
4971
6225
3445
8667
7713
2926
5637
8957
5988
2535
4503
5302
3287
5973
4214
7048
3902
2949
48
3887
4378
2549
9658
8132
1396
816
1884
8086
3432
4449
7482
6876
5233
3328
9064
6233
4967
7573
847
8004
6232
352
162
7399
2944
1668
2538
6137
7279
1433
7969
9190
8750
9543
4521
2595
9794
1149
8312
8717
1527
2304
8678
1843
5635
7453
3676
5602
7075
186
6920
9816
8425
5595
5179
8113
1071
9693
9323
6807
1875
7956
547
1065
7442
1363
5202
7263
9153
4698
319
4491
622
2922
1356
9101
1522
2466
4453
3771
4488
6687
5056
2626
2224
9839
6622
1448
1324
8611
5351
2580
5116
2716
2954
429
9289
7490
519
440
7440
4709
8936
946
9367
7538
9005
7886
616
1147
5952
4388
5129
4491
5591
3205
4653
1148
7962
4025
632
7870
546
9072
3256
455
6958
9192
898
373
2581
9123
7160
7389
7704
4322
6473
768
4165
5450
5319
9330
4116
9403
140
4131
7692
4819
4835
7569
3606
3564
3019
6818
8706
1220
4770
7342
8900
3888
6145
2290
4975
7703
2501
2130
1355
9379
7432
6868
3531
1702
170
1190
9294
1292
8308
4349
4383
8231
2243
5482
3950
4443
3102
2901
3717
8405
3598
7375
4629
7547
6043
4639
3274
3737
7608
7278
2270
7199
6859
9432
5530
8279
4167
1959
2081
217
6293
4359
9226
7247
9185
4700
6673
4135
2829
5919
9618
6408
9534
7695
8187
7989
9939
8522
7914
4484
3430
570
7985
7176
7021
3448
8494
4464
2798
6483
3610
8705
20
5636
1365
5794
4032
9465
5321
1612
6620
257
6172
9639
5219
945
5410
7069
8913
7628
4841
5319
899
474
4882
3117
3598
8205
8206
1383
3154
9612
6480
3361
1915
9885
5822
7691
8509
8209
7073
8086
6254
3648
9675
7287
9519
6267
8488
9438
4657
6789
1073
4245
1545
8013
6746
3528
2528
686
6017
2700
8337
4233
4818
6241
6678
7989
6040
1308
219
957
4189
1036
4203
5490
224
1184
5405
8698
5010
3311
7898
1834
5274
1296
6464
4868
7194
4807
9754
7059
9029
3705
2528
8070
4392
4614
1266
3888
492
8490
6660
1012
6221
4848
4840
1232
9110
177
8825
946
8108
9633
8856
963
9180
1076
9186
5663
9919
3574
8951
7644
6481
3780
8249
2252
3381
4516
4708
9930
7089
2043
7563
2798
6112
1368
4970
756
276
458
5871
1114
50
3891
508
5555
4642
3074
7007
6026
3451
1912
2467
993
8368
5762
9359
8896
8958
5338
9349
5698
3933
4697
542
8080
1642
5028
1603
7027
278
1531
7112
1317
8079
4932
506
8037
6058
716
1896
2822
4535
908
2560
1535
8123
3071
9959
4252
2234
4842
7740
1991
3687
5615
8432
2279
3155
3297
74
6411
2926
8017
3778
3033
5618
8212
9523
7746
2290
6119
5489
2538
639
8425
7361
3937
598
2532
2558
6597
7841
174
7813
8341
3686
9931
1
8315
8569
1227
9984
4630
8409
2463
9637
5086
122
9070
1483
3180
4309
8800
7197
8186
8231
6087
9990
9603
8609
2849
2612
5313
2464
4663
4623
4931
2870
5256
4915
1928
5948
5432
9503
3008
1017
6781
9374
9906
3977
7194
5982
5809
6706
774
3802
3646
4737
3208
2461
283
4890
1348
2139
6508
7757
8151
4665
9308
4113
2311
2281
1966
3585
8647
265
1120
493
7496
3328
2174
1211
2163
5943
5255
5558
7789
5198
4136
5020
7788
6669
7944
9273
2055
7387
7438
800
7445
367
7723
1385
4982
7468
9198
7877
5526
2609
3830
4056
8039
6715
3856
5578
3767
5388
9696
4990
2832
1300
7093
3139
4992
3187
3190
8512
454
2050
6921
5959
5210
2090
7097
8597
9252
9133
2455
4985
7267
5527
5181
5918
1939
3556
3273
3192
1086
9063
185
2538
9405
368
6096
3135
3392
9888
7204
9798
4695
6429
7317
8378
2157
5582
8348
6330
8188
4892
2815
5628
4063
5016
5405
3403
449
1653
2460
2655
3863
5397
6051
8437
4767
2866
8526
7273
2169
2061
6328
2590
6456
898
9611
4859
3453
1271
3120
2457
69
7270
6196
9035
3267
4000
212
161
3604
5206
5009
2284
512
1705
8307
2398
7199
373
5722
8266
3050
2513
1309
1623
2956
4827
3149
6672
7087
7643
4422
7954
6547
1244
6097
1149
380
441
7070
137
3852
6225
3946
725
3734
4843
5839
9687
7266
2609
2744
2177
4903
9698
9702
7361
3367
2051
9039
1292
5202
2248
8485
7430
9028
3981
4841
5447
2279
4020
6095
7217
9789
1083
5660
6477
3009
8110
3595
3247
2690
4878
6917
2116
5132
6983
6225
2048
5984
8521
303
7917
618
9815
6616
2692
7552
5987
9713
6602
7565
6947
3395
9987
6021
8778
2016
4703
8118
8989
4665
5604
3878
5327
4764
6670
5390
79
7082
2578
2784
7495
1197
1844
6185
3229
7708
7672
3450
8547
5364
9785
3180
4028
7891
3204
93
2169
2258
1368
5908
4545
9304
2307
8540
3965
5544
9470
7029
1709
2939
1652
6344
1313
6920
7646
1444
9860
8040
1535
5185
9841
9500
4171
2794
2939
8074
1776
2194
5079
3559
4348
3283
3069
5461
152
3548
1660
2649
8544
8912
886
3940
6862
2870
66
4936
6976
6429
3947
1825
3314
4885
7132
1186
9341
2028
5270
1285
4534
9300
28
2436
6412
7718
887
8381
7215
5002
4546
4393
9344
9630
5588
8536
9975
4686
9853
9611
1410
2242
1847
9904
9453
9300
5957
5150
7069
2257
3448
839
7735
4761
4987
5576
5455
7165
9075
9109
7637
8681
5759
6267
9727
3728
2473
2364
8935
4482
2746
9153
5012
9755
3348
0
535
1652
6946
9689
6907
9018
5911
65
8041
2874
1027
1576
146
4325
6665
1269
7230
4369
7000
2938
318
8203
8665
8085
6600
4668
4164
6926
8442
2898
4040
4934
2572
114
8444
5392
8080
8983
718
4858
4646
7264
7186
911
4056
9371
5361
5223
9555
706
9099
5035
5969
4804
3268
3778
2531
2216
7081
326
7404
6832
9410
7348
5519
7406
5578
5587
5883
9923
809
5564
1052
6308
7140
6481
8446
7520
5898
7755
64
8304
6959
359
4775
964
1922
9012
5628
1406
8828
3186
6027
7326
4946
7172
6615
709
6822
5138
7560
3595
6184
5291
7920
1532
9693
157
1276
7694
3863
3818
4742
4663
2132
1183
3393
2758
562
8511
9691
4155
4491
8206
8976
1479
6564
1632
3627
301
8952
7438
4603
9730
5560
2594
3501
8455
2849
2859
8527
6402
4114
2979
8162
6008
7219
8398
3216
258
1107
475
1915
8781
986
8927
2824
4187
6940
3928
9711
1924
5222
7251
1688
8428
7550
3677
2599
5826
5183
1278
7728
2735
1528
1098
6108
166
4768
4707
5391
9563
2698
23
5121
5655
8683
2857
5068
1938
3858
3077
4374
545
2720
1895
471
3890
7136
6874
7923
279
979
5001
5835
8731
7063
7860
1620
9026
8365
8529
4107
5918
6193
5183
9348
8592
5005
9237
6416
5880
7531
648
20
6510
9296
4965
5792
2574
5295
6721
9
7902
8095
4473
289
3222
967
1574
8455
1237
1515
8203
657
7194
9612
6043
6925
6853
974
6682
6755
2238
4054
8190
8032
2419
1733
2627
1846
6959
4398
5355
6158
3066
2511
869
2508
5249
2655
1994
33
5450
9707
3009
9393
6369
407
3223
8574
4172
3259
5647
7544
4229
5954
5852
8163
1466
7120
5572
3639
3768
4925
6017
4173
3039
8380
6541
3290
596
2377
407
546
8452
8239
4967
8822
6898
3617
7401
4363
4763
1479
6787
1584
7014
53
4122
8602
69
4169
9616
864
4166
1687
7605
2185
207
3986
1941
1448
6770
9247
6799
7555
9354
8171
2055
4808
1630
5689
1715
4484
2992
2025
6308
4714
3330
6035
2461
652
7762
6473
9889
911
70
4965
5619
5074
7469
8743
9203
8388
2798
2020
1082
6314
3830
4987
124
656
7463
6551
7480
1477
257
2812
3339
5882
4868
4010
4945
6536
8068
5683
5653
9640
2567
2485
3254
9149
9315
3543
9149
6376
4265
5213
8012
8347
5092
2495
8431
4974
5271
200
740
7415
8531
1091
108
3352
6704
3555
7103
1055
3070
5609
8091
3601
2885
3963
602
6741
8481
7488
1881
7539
802
471
1065
5871
3397
7862
3272
9466
2769
4486
3591
7730
7671
2605
8394
2441
3897
6788
760
9814
1592
8027
3212
4913
3144
4445
8149
9927
2526
7997
7808
3455
5235
2468
7836
4166
1523
1102
3460
5122
2773
5400
9735
6622
5520
2129
4680
5231
8020
161
6719
7564
3677
7333
9107
9624
5329
5636
6050
4439
1260
6803
8410
4226
5258
3463
3257
628
1506
3216
6073
7971
9410
7467
4311
1915
4769
5532
7297
8042
6296
3801
2598
9150
2327
5883
7008
6600
2679
696
4442
8465
1507
4460
4980
860
1364
2735
5439
1223
4194
4359
3747
3521
9808
6411
4223
4709
3626
864
8202
9816
3946
773
7773
1052
5912
2851
3281
5741
6013
5571
7445
7563
9629
4078
4718
4171
5909
8264
3781
8282
1311
9153
5674
3150
3019
1490
985
869
7918
960
3774
8527
887
585
452
6607
5876
8338
5928
4877
6335
1584
2112
5486
292
8122
170
8543
2133
7443
5798
2003
2027
2902
5362
6744
2263
584
7316
953
4689
8603
3559
7963
4906
6426
2457
8780
7632
6045
4916
1318
1369
7941
5048
4529
291
222
5312
6063
699
8868
9710
1247
333
4858
5086
7418
7028
2468
9352
9453
8873
687
7275
1676
5055
5341
2121
5509
6568
3731
9559
2130
1507
4157
1295
4655
3238
4578
685
5435
460
1349
3349
9693
8271
8846
2650
1902
6536
4849
5946
5823
2305
9738
1677
8231
4124
9338
4258
992
4514
855
655
2522
9719
2361
1868
1734
192
9290
2693
7675
4353
7477
6512
9358
1752
1507
167
2933
6915
204
6337
6533
5977
9693
5068
5792
6126
2481
3613
3679
6843
4283
1472
136
5810
8735
6716
1205
6627
305
8431
7391
3081
2874
9149
2212
6113
8403
5891
2493
7206
5212
382
1399
5760
4337
8928
9360
835
6562
9644
4914
2931
6555
828
788
6358
467
7780
8048
2969
4574
1026
1160
2526
5303
6800
7011
8174
4884
8320
7613
6422
3337
5939
6292
2631
8933
6585
7771
6083
9780
9164
5610
4487
4607
8427
2781
3148
4683
6044
5011
9237
3497
3361
7639
7508
9191
5247
607
8396
9718
1916
9210
656
7196
8465
3691
8302
54
1657
6873
5085
3787
5722
9333
8889
1933
3893
3194
9732
4697
6629
3242
5241
7912
9318
8781
9896
679
5584
2299
2905
2028
201
5093
1569
4524
6195
8950
1673
7493
4020
6037
5757
7379
9136
8896
2151
7915
2151
6546
8774
1362
8435
5406
7050
1117
7070
5652
4857
5615
1725
1173
4410
4460
8942
5092
4746
8437
183
5139
9228
5280
7208
1773
5033
4736
8173
8939
2203
9667
9829
5346
9275
9968
5320
8398
8973
783
7294
7899
3673
3453
1837
7860
7379
1934
8734
3341
9388
4097
8005
7626
7243
2104
4107
2023
9219
237
7612
4238
7242
6880
6685
9982
588
1608
4294
2627
9789
9421
5902
8806
4780
7804
6647
9564
4135
7319
8975
1061
8127
8071
1346
2321
5323
3925
3872
9562
3296
1431
4377
8591
8447
9909
1993
9737
650
2454
9334
3406
1533
6269
9999
96
573
3808
7956
4038
3804
3862
546
833
4163
8054
3495
2052
2132
5613
834
1670
9280
6648
2064
8744
3712
8506
463
3096
9232
873
785
7846
896
1267
3549
6897
7699
9417
6043
9249
4155
823
4510
7429
8604
2899
7146
2113
8350
6446
9889
2458
5814
2622
1849
4133
1888
6793
6464
9670
1301
1665
5132
3664
2781
7916
4353
2292
3728
7371
3540
8401
6122
1090
5378
9585
2653
4686
4942
1778
5323
9454
3659
2939
301
3423
4814
1736
9649
8556
1761
7232
5628
4581
610
4597
2442
2338
3588
4918
4404
4992
9115
252
8485
7407
1532
2882
2754
5536
1518
6353
7410
9216
6939
8379
2774
5259
9478
2152
7929
9101
9193
3653
7820
4503
7704
9880
6560
2691
2192
9380
7057
4741
7203
3288
8153
3416
9651
2286
2561
5006
5576
6387
7790
5476
7293
5620
5765
6309
4912
6931
3903
7179
9858
5618
3434
8522
5407
4862
7894
2113
5492
3082
2017
9435
9778
5578
3714
2375
76
6622
6644
9475
1352
2679
2433
5685
6022
6216
138
1955
1100
2549
7204
2108
2852
8032
6669
9157
8824
6486
9422
4916
8512
4602
5075
9139
1458
1143
1809
8141
7313
3157
853
2020
4556
8559
9248
6101
3254
2073
101
3587
5153
2394
7133
2156
5830
7814
4404
7731
4076
313
5531
8796
3490
4642
8787
929
82
8763
6999
9238
9903
1733
2327
6900
9596
766
1739
2787
7546
8467
7752
6840
2591
8370
9372
4458
7885
5774
837
4424
211
1475
9903
6396
9465
3657
7469
6640
4147
3047
5447
3233
4493
6039
8869
1227
9090
8937
4931
404
8208
8148
260
4993
5292
3290
7456
3646
5544
6315
4652
7975
9439
8940
8637
8337
8169
6349
8406
1208
5116
8432
9228
3162
2852
6615
6258
820
7800
41
5772
4299
5142
2856
274
4474
1943
9327
5707
4165
1788
1866
8234
1994
1920
2830
1893
7944
5643
50
9898
2056
2972
6389
1085
9342
3671
9151
5095
1726
3973
584
5095
952
8812
8894
7340
445
85
3798
4511
8904
4166
5283
777
2366
9997
2699
3808
7415
1335
1151
9534
4407
9184
6079
8112
7048
4641
5478
989
7141
2133
6564
3512
2655
7866
9313
2005
6041
6966
1156
2537
9587
8992
3646
8088
6373
5098
459
6579
3838
3734
4861
7843
6889
3566
6961
8518
1994
8732
366
4637
9316
3335
6869
2346
8405
8767
3233
1491
1294
8461
2293
4780
9157
7658
6057
7132
3571
8360
7569
926
8531
4897
2980
754
3473
3301
1385
593
5717
2392
7086
2411
3309
9138
3850
5345
2949
7877
8820
1234
6585
2600
7426
6760
3916
3979
2760
8970
3316
3306
9658
6473
1045
2424
6678
2133
6727
9691
2621
4535
6995
6902
916
2266
8412
1691
1963
8957
6987
8673
6489
1798
3288
284
319
7117
9924
3825
3747
5863
2925
5718
7620
5831
9361
8835
4314
1348
8655
3428
5020
9200
8321
5882
2857
8844
9186
8619
9863
9580
908
5886
9679
9457
4082
9781
2179
2820
8340
9434
2774
3771
3657
2676
7932
752
4223
731
592
4210
7493
8699
6754
2248
9026
3973
4139
2875
1444
5150
9948
9549
9075
5516
9956
3497
2330
7745
9874
2425
704
2402
9985
3550
3600
9710
5981
7484
2
7688
4265
4849
7200
1117
8785
3407
7846
7771
8595
847
4713
4586
2993
1786
4782
9457
602
6058
4673
8421
400
521
7023
3840
5047
5745
2599
7762
5581
8432
9983
72
3686
4220
8207
7018
9373
8702
9473
9072
4999
3954
6652
3186
9489
8343
3946
8916
9911
7053
6151
8793
9096
7638
7826
7746
4140
7429
9618
3859
9811
5120
7550
5385
8371
1663
7554
7789
9660
9559
5910
2454
419
233
4095
5777
2268
2354
4021
4489
3800
8795
3116
5189
2266
7465
4161
5594
6753
4596
3083
374
5713
9090
7812
465
8308
3787
3295
1879
5378
8733
8744
7596
6979
2659
9931
2773
5569
7910
5446
4276
8422
3103
4396
6211
8128
891
4157
4114
6757
96
7693
898
278
6981
8140
4018
9112
7114
4438
2732
128
8856
465
7518
7095
2042
7485
5563
5814
7074
9471
9054
3931
3768
3252
1754
238
4611
5620
2259
133
1547
7352
1168
9621
9896
8934
6390
2335
7897
9014
8698
515
8539
6207
3987
8680
2317
1715
3102
5551
2266
6725
3109
9016
3452
5545
4911
6727
6613
4673
7050
3981
4551
5431
2094
3793
5006
1155
4921
2862
7655
5266
6121
8313
3711
4998
4176
1695
9748
4312
7422
6039
4465
8287
5667
4737
8012
109
6336
6038
5141
4778
8989
4840
5682
1390
5450
8544
5493
6273
2692
1861
3400
1718
2328
5391
6184
5117
9572
4832
2482
6880
4803
4508
615
3825
7272
3381
464
1071
8509
6711
5800
4111
1236
1259
2129
2940
8167
8656
7949
3445
4414
9326
4695
6195
8108
8303
7875
1094
8483
2481
4066
1955
9229
2744
4862
3646
1032
6154
5164
7413
3375
9927
7626
5567
7681
316
7936
2721
8507
8877
4640
7734
5744
8833
4376
3159
6674
3557
2459
5567
2571
2825
836
1469
7711
8496
7836
3152
3741
7314
1255
6830
7698
4791
6929
4414
7350
5302
4754
6423
5086
9505
3760
6420
9958
1453
5554
344
1243
8112
1052
1604
6861
8664
8762
5259
8218
3784
7702
5583
931
4444
440
3949
7591
1157
4291
9215
251
2676
4639
6506
7512
124
6330
4182
8161
7353
9156
5505
6534
4958
9071
881
7189
7444
2277
1973
8005
4818
6638
2961
354
3287
2329
6615
293
1921
8352
4175
1124
7404
3279
2681
8739
9764
7425
9704
5921
9070
3621
6396
9980
2113
6694
29
4210
1730
2456
8442
9561
971
5767
5900
225
514
3033
1813
691
5296
7895
6857
7830
3668
5659
6239
1163
10
5858
9402
1131
1109
664
7263
18
8479
9490
5247
4704
7223
9571
310
3082
2019
4929
1843
5620
836
3590
9989
7544
1488
530
6371
2297
4771
4407
3046
983
7007
8568
5343
5300
2411
1230
1597
6728
9057
1130
2811
8939
5993
9453
7706
5019
8337
327
2347
2713
1254
2679
570
7900
4839
277
7321
9690
4330
6385
7424
834
5039
4588
9936
2604
9330
814
9874
8115
2716
8003
2114
5100
5377
3979
6184
3628
6661
145
8649
5713
6514
759
7529
8653
8567
7703
6335
9871
8235
2276
7226
1889
6075
2140
9964
1740
379
557
7108
7121
4784
1249
2188
3235
8818
7100
6299
5056
8307
1190
4556
4851
9741
8507
3671
5144
4080
6545
2726
8203
8219
8003
3993
4629
7362
8744
8928
755
8601
2587
7677
7835
4777
7190
8874
4937
6303
5760
7615
6481
4369
5896
8254
9044
5882
6305
1321
306
5222
7906
3846
175
9432
9657
39
6653
4451
5333
6893
4766
92
2929
8133
448
697
1151
5556
2072
2496
4485
6125
5531
7249
4604
9124
9621
7022
2845
3184
4750
766
6309
9984
7172
2703
2524
5726
7589
199
3923
8908
4007
2511
3732
4343
2739
5988
6701
2871
2102
5993
6523
4244
6984
7096
5847
2311
7551
8802
1770
7258
2383
9126
8216
9962
305
5592
3949
9744
9072
3441
42
877
3476
2889
6565
2852
6505
9064
8629
7957
9641
5916
5852
2163
8591
5322
4098
5515
4044
9968
1075
4039
8213
7471
6529
5594
3889
9561
2311
3645
1007
512
5454
9193
7360
9910
9728
6782
8659
4744
9391
3889
7407
3561
9729
7652
5291
7123
9158
4934
1604
6010
7634
5117
2753
2511
8641
8919
7877
156
9626
4874
4988
6683
5242
9522
4185
2714
8118
6306
6328
148
2719
9790
3820
2575
2878
6764
3915
6243
7452
9340
1164
4332
6692
3174
3184
5800
7732
7176
9330
3651
9502
183
317
8275
1100
7531
1879
6773
8944
9814
3642
931
6050
3989
8053
2461
3922
7672
3785
4274
9376
8841
9189
7088
309
9363
7482
5174
488
6773
4847
7687
5744
3687
1466
6137
5789
1053
1670
4411
390
1032
8792
1537
6609
584
9021
5211
5367
1967
4045
3356
4362
7961
1829
736
2822
6983
9165
5497
1397
4385
657
3259
2395
380
6726
2340
129
9290
9369
9411
7754
4040
8996
13
8375
7854
5640
1102
6226
2683
7613
7473
9133
6604
7756
8699
5385
1280
5816
9427
6711
2438
4259
1902
395
8351
854
3239
9124
3817
2567
8156
1573
4726
9922
2831
3112
5982
3285
1824
4405
4129
5399
9834
3928
1247
8986
7520
3272
1490
9433
8483
7900
8035
9165
4851
7092
3686
6740
2192
9892
5036
2393
92
4774
9895
9561
1820
6494
6231
8453
4571
4885
6289
8467
5344
3574
4600
1157
4350
8160
9218
4914
9644
5866
5555
2020
7896
9841
2203
459
3442
9914
8425
2883
5179
8878
2637
6471
4422
1953
529
6432
5342
8989
5301
257
440
7447
3347
3769
2072
9473
6467
1656
7447
971
9604
6244
8538
9847
5454
8692
3641
4068
9375
4222
3654
6376
2494
9911
7389
8009
6183
218
394
4750
9235
8286
117
468
5089
5376
7652
1954
9815
79
8669
2680
5215
4313
4594
2254
7307
6982
8257
1680
261
9769
7981
5486
6033
1431
8441
8089
7989
5909
314
7527
6054
9384
7782
1968
4259
4108
7460
2184
9974
4520
1677
8106
5438
5393
2677
2388
3377
9493
1825
4669
8419
4653
2812
2605
5306
9544
6413
6560
6497
4780
3706
6925
9236
1138
3512
219
5403
2834
6044
9098
7411
1285
2378
5926
350
6861
543
6445
8996
2457
8356
2274
5594
1909
8998
1680
2598
6972
3179
8988
2283
8511
3862
9144
599
2551
3716
7819
4836
1348
8408
7610
9990
2316
4333
4982
5253
707
287
7106
687
4755
7232
9157
2512
4562
8679
6717
5189
2842
6551
9112
9716
1488
3487
4685
2240
7027
8431
4244
3018
5356
8451
1
8158
5961
7283
678
7424
1763
8696
4067
4928
5202
1085
8457
6567
7754
5782
8925
1724
2246
4402
4683
2632
595
177
9477
784
4090
5333
9728
9217
3671
3752
1058
102
5350
7869
7232
5078
2059
5137
1924
788
6136
7000
6976
9689
2077
8476
6987
2599
4597
4643
7341
9005
3793
9495
6995
5163
9784
8455
9270
9783
999
9942
47
9684
7224
5222
8382
8320
7289
4265
7322
6225
4049
1341
3277
9898
1574
3280
822
897
7336
132
1931
8907
1271
7450
9129
3352
9393
8481
5282
4204
1770
290
7583
9312
5466
9592
7877
8746
3970
8997
6339
7435
2019
7933
5876
5045
7112
2870
2852
534
3863
5815
8874
3252
1250
3416
6923
4447
4930
4300
8903
3619
127
4073
88
8696
1803
5119
8907
1544
1353
9342
4040
631
5222
4941
499
4086
2592
6813
4728
7076
2545
8450
1193
9537
3120
7834
8849
7072
5140
6509
1853
5760
4694
2167
2488
9743
6553
958
4349
9228
9829
8543
9887
389
8121
6236
7878
2843
5784
7106
9463
2766
1861
8580
5205
7112
1118
4650
4016
4942
6110
3845
8006
5021
578
9155
439
7114
3506
3172
1784
5934
7962
5546
6546
9013
5264
8514
7705
3449
7531
6924
5700
6213
5406
9646
6219
6522
5180
7745
5456
5604
5730
3729
9303
9064
2889
4855
2040
9316
3659
8355
7227
8163
1209
7612
4692
9517
6524
8790
8579
5855
1821
9346
9907
616
1406
8732
555
8764
6959
6028
5907
6477
683
9102
5099
7729
690
8773
4201
3482
2094
713
9771
6159
2279
5604
7913
3329
3815
1912
4381
6440
8691
7630
7214
6545
3071
1287
3618
7390
6192
137
7599
7840
453
9996
9707
1975
3909
9950
3437
5147
8038
9311
5439
3028
3610
8463
8132
9528
8754
825
4020
3368
8994
6729
5481
8974
1760
7210
3001
7690
6106
7071
2576
2345
7667
9705
1836
6526
8202
6483
8165
4830
2507
3290
9758
6384
7941
2106
8033
2237
3716
8545
4136
173
5422
4574
2816
2975
1440
6732
1185
1184
462
9437
4785
3037
8007
5615
8004
9304
377
3242
5405
1086
8820
7781
3350
7458
1935
8185
4487
5138
6488
6833
4639
4708
633
4792
4483
9560
9291
2989
4114
4563
2303
9104
5427
1441
7149
7514
440
8022
1745
6461
5107
8471
6924
9924
2576
5324
4150
6306
4923
4494
8942
489
7283
5747
1974
8728
6660
3492
6754
3345
5962
6555
4316
6555
7640
1973
650
4048
1201
1898
4182
5637
7017
4510
3588
4897
3540
7244
2835
6163
6844
5552
7248
6712
3380
7189
9732
8533
3246
1962
4696
7230
250
7210
2002
6354
6489
9304
2014
4433
4735
8222
3660
8442
6477
1356
3339
1205
9793
7640
1410
4673
8234
5831
1599
3469
7660
3189
3661
3730
5156
9203
3202
2048
7950
5988
7384
9524
9517
9568
1923
7223
6770
3200
3932
9389
4770
1960
3482
4607
4806
1984
6451
7618
4450
7310
566
2110
8597
9488
757
7770
2647
15
4491
2176
5491
5671
2413
7498
2285
7016
4397
5692
3283
1261
5203
3558
293
8121
2149
4204
542
1159
4613
9244
3414
6327
9681
5695
5440
5695
6455
6438
3599
9855
6575
7469
7336
1484
488
9464
242
2910
9008
1393
9830
6598
5590
9921
3649
1041
204
1848
8811
8344
664
1486
6942
3643
382
8239
1323
4630
1351
9746
2493
9938
3734
6195
794
3520
2798
5769
3540
6674
2913
5617
8841
3378
9118
3486
8793
9404
9503
6824
6943
8743
6743
7889
4222
1212
8069
2048
9081
7237
9090
8805
8615
5181
186
401
2759
6329
3682
4920
5306
2664
2053
4994
72
9171
9319
9617
9946
7998
4839
8948
3211
5829
4620
2513
4826
4479
9848
8878
3847
7553
8581
3365
2245
7626
2094
2389
3882
2289
4158
2053
9345
5147
2
7462
5975
36
6190
636
2267
2234
7842
6728
414
7229
451
8961
2553
1722
8577
5055
2819
921
7386
7590
4183
5823
5860
4949
2133
8398
9829
8559
9231
4116
3057
3262
4471
5238
7064
5934
4981
109
7524
4161
4546
9539
4295
8710
1020
7507
4202
2308
9015
2535
7769
757
7880
166
2444
6148
8413
3150
1134
3951
770
3375
6945
2145
2722
9253
4840
7384
372
790
9089
1380
4361
9445
8922
2890
2134
7137
5215
3130
852
3814
8596
3652
2767
8916
3049
3060
2306
6271
7216
7206
1164
1655
9745
1781
4365
5426
664
472
8785
5064
4772
5250
8507
5494
5245
