8225
0
-871
2944
427
2292
-4268
4058
-7304
7550
-8026
1813
5254
-2043
-620
8047
1117
-154
-3082
1887
-6657
-5370
-7916
-5527
-8144
-2958
1662
-5495
4398
-1246
-7189
-7364
-2483
5098
-7600
8270
8284
-7048
8948
7755
7165
6212
9964
8880
894
190
9977
-5595
1597
-6737
-3037
1723
-8644
1586
-8556
-9995
-4763
-5978
4643
8427
4543
2767
-3771
7178
1603
9881
1865
9276
-8333
-969
9866
-1991
-2210
-4407
8504
5277
7683
-803
3906
-8283
-3153
9304
-5430
-961
-2671
8624
886
6151
6665
880
8001
-1357
-7770
-2220
-9228
-5976
7094
4070
-824
-1303
7555
8439
-8690
-9950
-5662
-5058
1307
-6009
-8796
-499
5444
-7207
8936
1759
713
-2605
8307
-6944
-892
-6510
5456
-3758
-8657
3210
-6618
-3833
-7743
7558
3709
6169
-7136
8312
-5783
4522
8203
5636
-2197
-3598
-554
-7949
660
-5053
-626
-7518
2267
-5949
6649
-7702
6854
3263
-2752
2600
-5199
4332
9237
-7259
759
-4117
-4737
6651
-4401
8802
7028
-3542
-2519
8045
3406
7102
9424
-140
646
-84
-8618
-8821
2783
-1583
1679
3
-7078
1096
6046
7205
2188
2305
-8020
253
7151
2509
6982
-8083
-2242
-7843
-6414
7438
-6845
-4968
9688
-3632
-6006
5482
1060
8169
1980
-6653
-1154
5010
-4611
-7966
-5587
-438
-9354
-1327
-1084
-7538
9429
-2172
-5569
-371
9989
7188
-9517
9880
-6187
4625
-3215
-8877
-7850
-1492
-7991
-3454
-7294
7485
-6260
3641
-8654
-3406
5584
7171
5782
-7301
-4597
43
4895
-2436
-7460
-8695
-8593
6323
-6196
6448
-1056
-8492
-6987
-8982
9006
9229
-8450
530
3567
-9765
-6417
-4811
-9315
4191
-7978
-1652
-9463
-1009
638
-6494
-1078
-8216
-7089
3906
-6493
-616
-4155
216
1785
-1793
7705
5933
9623
-5405
-9790
-3425
5553
-3300
64
2298
3871
3545
4330
-2283
8805
4153
1372
972
7897
-7324
3963
-8648
3007
3433
9312
3952
9730
-1452
3902
-3177
6605
8164
-1988
-7209
-2390
-6018
6248
7699
5351
4942
-3205
7958
-3505
8141
-7575
319
-469
7337
-9412
411
4800
-5655
4578
-4638
-7905
7764
-9110
7664
7569
1755
7416
6033
3488
-2923
-1280
5667
-7790
8601
8615
-7052
8837
-1961
4732
-6654
-3669
4497
-2962
-3943
-5742
-2216
-6674
8343
-6431
6832
-5845
-4162
-4038
5981
6577
5136
4174
-8734
3931
2605
8514
-6371
7965
-6444
-1387
-1889
7829
-35
5837
-2246
1819
-2359
-5182
8566
-2644
2035
-172
-9365
-6713
7591
5345
-9554
7705
2985
9304
6460
2650
-7195
-6431
-59
3540
2334
5149
8834
-7302
2102
7521
5801
596
470
6923
8440
-5514
-9167
3039
7399
6157
2327
-4792
4742
8070
-9121
1256
1613
3672
-4262
-1717
6116
-6686
1822
-5647
-657
-6157
-7404
2734
-9335
2983
-3029
-4193
-5019
7908
-9747
-2811
9793
2640
-1000
8907
194
-4670
-627
-9056
7731
2664
4419
9292
4191
1718
-1074
6040
-9637
-1407
-902
-4480
1792
-5460
-233
2437
3334
6833
-1836
-5618
7585
5248
-1617
4005
-2038
3747
-7731
7329
9315
-1836
-7601
-126
7430
-3643
727
-4074
-5669
8910
-4370
1607
5361
2778
-8021
-48
-9962
3869
7964
-6461
-8180
-7218
3456
7135
1540
8557
5155
1786
5683
-1744
5787
5340
8845
-2691
5289
836
-133
9015
-7326
1658
-873
4977
-5096
-8664
-7977
8428
8590
-4368
-2277
4967
5052
4587
7729
902
4982
3507
-5505
1546
-9375
3065
-2807
-976
-6901
7759
5372
-4316
4366
-2712
319
-6042
-1346
-5985
-1946
5900
-586
4063
1619
-8202
9063
-8291
7730
8236
2326
-2270
-9650
7925
-7481
-3242
-8722
612
784
6013
9608
-1399
3881
6991
-7031
2138
705
158
-9461
-9114
-8131
-2551
-2789
7955
-5425
9031
4487
-1403
-555
1238
2678
1074
-9427
8937
-9202
-3843
-6672
1786
1064
-6616
4152
3499
5675
1429
-5608
-7266
-539
-1956
-4537
3288
-6533
-2920
-2885
9027
-6051
2278
8674
-9343
-9158
6240
754
9046
-3601
1455
9788
5050
5200
-2604
8688
-8399
-3852
3972
5368
-2279
7770
-2670
-1706
4189
5069
-3423
-8907
6822
-6563
8206
-2210
-7983
-9519
7451
-6320
4907
2403
6855
-1590
7480
-3041
-3823
2858
-6327
8462
4611
-8548
1260
1750
-2783
-2851
6736
-9517
6049
-3197
-9841
-2251
-2867
2620
8485
8001
-497
-7677
-8119
-2943
-6989
-7461
-6872
6527
-4392
954
-1582
-3846
-6233
-795
-4634
1235
75
-2415
1835
8649
-885
-6157
8930
-5043
-1658
8969
-6696
1354
-8973
3899
7297
-6265
-4327
1334
-3618
-4562
5194
-3868
-2931
6168
2989
-4166
-9509
-2495
-7354
7170
-7610
-4209
2790
2593
4964
-2472
-4817
-2555
3121
6497
3968
1989
-2037
-2922
9015
3801
4043
1510
8122
219
-6293
-9314
-8092
-6355
7849
-2533
-759
3657
3414
8752
9826
1207
-192
2715
-9981
-3250
-8169
-2015
6128
-8251
251
-2871
6793
19
3782
-7956
5988
-3012
-8961
-3420
-1083
-118
2239
3160
-3311
7986
-3024
-6410
3840
9207
3442
2581
406
8933
1133
-7975
4014
5678
-3320
3713
3844
7462
-5444
-4483
9347
-6601
5069
2569
5099
-625
-3561
4638
-778
7063
-5581
-6769
3581
-6650
-256
7203
-6893
5640
-5256
-5815
-7446
7164
-9886
-7432
-9189
-3005
8774
-1658
-5640
-3219
6603
-4412
-9953
-4215
2139
6519
5744
-1147
7144
8827
-9327
-3728
6605
2559
-8859
-1329
-971
-4698
-2648
5763
4455
-6926
4940
-2295
1972
-5794
-2104
5126
3923
-3212
2520
8582
2695
8868
5753
-6773
-5102
8008
-7209
-3470
6671
-4685
8954
-3606
-4586
-4560
-1602
5945
-2107
2041
5981
-6294
6194
8875
-1594
-1698
6839
9486
8472
9427
-4664
-8040
-7275
-766
2699
-5304
6135
2199
-5151
9931
504
4793
858
-966
-5632
-8460
-1231
4687
-1685
6338
4330
746
-7240
8526
-1224
-9842
4249
1575
5481
9979
-3316
7184
-3254
-7677
-8556
6257
8244
-9004
6981
8462
-1067
5997
4280
9457
7741
-1691
6067
5219
3446
-2054
1523
7278
7469
4104
5953
-6753
2876
-6313
-8563
1782
5295
-1252
-2975
-1295
3362
5957
-52
5142
-9563
-4967
-2903
-2070
7993
-9372
2137
1591
7052
3314
-4278
-9431
2666
-3553
7794
-3228
-6825
2741
5465
2776
-3424
1983
-133
-7904
2048
-3620
-8532
8733
5403
5813
-9699
9157
5898
6040
-5333
-5303
-7247
-7893
4025
1229
6095
-252
1389
3832
-9004
3872
-5370
5230
-7692
3636
-9634
602
-3581
-1053
3917
4045
3802
-4716
-40
-7546
233
-3227
-8477
8114
-7865
1700
-1114
5636
-2288
9086
-7053
1085
5446
8118
4473
3372
-3006
9093
-329
2047
-3753
8006
3063
-3107
-553
-6758
-1614
7143
8419
6862
-2753
2542
-7274
-642
-25
5512
4802
-8636
3596
2591
4732
-8203
8453
3029
-7639
1443
8484
1665
-6923
4427
-9004
-7077
4220
6658
7962
-2936
6453
2658
-454
7179
6877
-6276
5187
9993
-6412
-7334
-9416
5098
-999
-649
324
1564
707
3728
-3856
-7730
7767
-1945
-4631
-8152
-1027
-8885
7149
7775
8582
4759
-65
-5919
560
2709
8154
-2317
454
-2763
-2409
3227
-9541
2636
3114
-5630
-6611
-4519
4665
-3184
-1027
4844
-9696
-7261
5680
-6016
5061
-1816
-163
-5860
-4514
3260
7966
1164
5155
7403
4928
1561
-9873
1126
-5695
-7664
7617
7137
-4699
-4145
1246
-9232
3156
7377
7306
-3673
-1589
8299
-1552
4610
1373
-7968
-2240
2910
-8628
3856
-1686
-9601
-5937
-7073
7541
-2804
-1960
4115
-3444
8377
3935
-7283
3876
5423
-772
-8116
4403
-6762
8813
-7405
3256
-3679
9953
3267
4312
-5717
1714
-6410
-5214
1463
-1931
-1733
-2118
5618
9785
-1224
-4063
-5936
5156
7456
-5609
-3973
-2118
9761
-4951
4747
9021
4593
412
-2131
8117
-5704
-3433
3195
1953
8703
-8325
4969
-7853
-5387
-3717
7979
-1913
2020
-8115
-6436
2396
-5212
-5504
3523
-5477
-707
-2674
4658
804
1535
-1202
5950
-2558
3533
275
-2801
8329
-9495
-8160
-8921
3817
4496
-6718
9238
-6482
903
-1375
7671
-3970
3161
5687
-435
-8551
-2034
1713
-421
-8685
-9632
6338
1665
-8584
-3164
-1704
1597
7315
-5787
6341
1301
6882
-7029
-4234
6074
9149
-8172
2461
4913
-4831
215
3466
660
7470
-2403
-2737
-9174
-7806
8838
928
8108
-9344
9034
5238
2798
7338
1890
6527
-2228
-8598
1993
-636
-5380
9363
259
6531
7264
7283
-7304
3061
5327
7384
9380
-8576
-3056
-6341
-4348
-3827
7617
8983
-1931
4914
-2331
9178
-7960
3751
8088
5723
-304
6397
406
2818
-7703
-919
-6498
1329
3205
-2663
-7122
-6346
7927
-1326
-8983
-910
315
-5178
-9001
2859
4552
-1178
-4718
-179
-8689
7417
1545
-8496
-4260
-5355
-5437
-4279
7553
-5325
2149
-2280
7966
7249
-5627
-7945
-6
9503
7878
-6196
9466
3192
7925
-6708
-2790
-8631
-2131
-8461
4985
-176
1148
6346
-7248
-5619
-886
-7718
-4642
-7295
6524
-1346
-5073
2163
734
7613
8633
-9920
3581
7739
7931
-9853
180
9498
1562
-7934
-8200
3164
2972
8512
5119
-6887
-3596
3393
-7228
-6515
-8663
5817
-8879
-4496
5991
6195
-4666
-9902
-6071
-1505
6483
3446
-3665
4915
-2427
8417
6791
-176
-8454
-7853
4345
-9206
223
333
7189
4655
-8061
8467
7107
-2613
4101
-8705
178
-6250
-8559
1392
-6956
362
-3745
5674
68
-7341
-3079
-2200
-9699
3548
5401
-4061
-7472
-222
-5472
-7784
420
-2945
-6008
3649
680
-4794
3789
6050
-3080
-5098
4386
-8920
7046
8657
75
-4350
-8527
-2397
-8119
-5223
4627
9836
354
4999
-201
3901
-8160
6287
-3491
-6942
9606
-2414
9854
-5633
6941
-1500
3176
-8700
118
3356
-8682
-9297
-9738
-437
-4102
1898
-5676
2290
-5683
412
7865
46
1404
-5652
9402
-3845
8056
5680
2324
4039
354
8560
6197
9911
-483
6562
-2510
3083
-9570
1229
700
9386
2910
-6535
9365
-7875
-1771
-5049
1024
3354
7180
8473
-5033
7385
-1150
475
8037
9952
-6311
-5709
1445
8036
1470
-3924
-4981
-8153
1483
-5137
7663
2560
-714
-5548
-8672
1294
8993
2419
5225
-7399
-7900
-2418
9143
2769
8775
-7050
4646
2162
8134
-7919
136
-9518
-9267
4084
-8927
-6347
1971
-5624
8109
-4111
115
-5486
7318
-2476
-9384
-8844
8278
-4581
9363
7335
7371
-5633
-4097
-1595
-149
9736
3361
-651
-3627
937
6523
2724
4206
3352
1000
-6278
-5636
-1632
6608
-9691
-9220
-6476
-6724
7957
8516
-9043
-3957
6126
-3931
6291
1349
9881
9134
-7967
3979
-7734
8198
1813
-5083
-7014
7502
-7793
-5385
-8741
-9938
5764
-9955
4295
1200
848
-7803
6461
-6531
6049
-6814
1867
-710
-2545
5278
4334
4799
8986
9705
-579
379
-5289
-3274
8827
-7436
-322
8815
1309
4870
7749
4973
7668
3842
7546
4395
-2260
4125
-9781
2318
-6457
-5796
160
-4426
3361
6183
-4229
2237
3764
8584
-3688
-4498
906
-2250
7247
6089
9871
-6112
-904
2886
5673
1875
8411
-4803
8437
9951
9528
-6580
-8422
9558
-3885
-2136
3931
2695
6160
1134
2052
524
7085
-865
-8271
7236
-8525
4703
-73
1675
6966
-2666
-1489
3178
1494
7135
-7380
-6386
5737
-7337
-8837
-6477
-2919
-7216
-3667
-9198
5788
9950
5329
-1364
-8073
-1067
-7525
-3948
3274
3438
4854
-7316
5367
9111
8312
-4338
401
391
3524
938
-4330
-204
-947
789
-6912
86
2925
-4660
4969
-7244
101
-80
-9180
4675
-2462
1255
8324
-1931
-5487
-1270
7355
628
-8353
-2625
-5400
-7996
-3314
-1351
-674
-7801
698
-3643
-5615
-4942
9908
5787
3361
-7171
-9472
-2303
3412
1151
512
-5590
-9834
4261
728
6563
7654
5297
913
-2474
-3533
7345
3408
7981
-907
4436
-5084
-2754
2932
-113
9121
-8606
8912
5931
4960
3984
9100
-3276
9496
9885
691
-6798
-3581
-7343
272
617
7250
-5860
-6661
5123
7594
-9805
-4714
5132
-1909
-840
5669
-8503
-3130
606
-2680
4764
-7898
-4634
-9023
-2609
-3923
4138
-747
4906
-3494
3457
124
8081
-5815
-1295
-2803
-1653
3402
63
-9315
-2377
-5316
-6056
7141
-5684
4021
-488
-9720
-7288
8098
8563
3051
108
6902
-2107
5332
-1734
-9024
7813
-5167
7243
3619
-5668
-1424
-1313
-15
-2897
9280
2865
-9869
-6055
2337
-7241
-405
-9278
-2512
-2344
8773
3867
-1420
61
2357
-8096
520
196
-3078
-5820
-9517
-6031
6169
-7455
-8513
-3361
5114
-2260
-8913
-3975
-7903
57
3958
-4893
6246
9240
497
9994
-3632
-81
-8916
2848
-1532
-5568
9964
-2203
7370
1722
-5548
-3402
-4617
2854
6907
1491
-3402
-8530
-9355
-158
-3266
-5568
-1310
1821
-1282
-2574
9105
356
3394
-3948
-2066
8387
-5323
3859
4391
1296
-6006
2095
1403
-1584
6169
873
333
8521
-5164
-5688
6591
-7584
-6450
3926
2517
6357
3009
-1918
-4492
1654
7954
467
-6339
6218
-8419
1088
-7555
-1890
2488
-3631
6874
9793
2742
886
-4358
3575
-2314
-2141
-3906
-2066
-5422
4349
-2731
-2993
4155
-5153
7425
-3756
4443
-1629
868
-507
-9051
-9211
-9903
6246
-9512
-4341
-2276
-607
-5423
-7901
5234
9756
-9211
-1118
719
-481
-4468
-6928
-6357
-4119
-7366
1601
-9951
-3922
-538
-7957
-5524
2746
6341
-7956
-1968
910
-1314
-3574
-8416
-2374
4786
-7579
2808
9368
270
7372
-2010
2599
-3317
-5957
-2404
7264
3507
6955
-8406
-4994
-1594
-8984
-8298
5848
-4777
-3333
3231
6445
4030
3115
8270
3017
7712
2517
-9285
-4236
-8282
-2072
-8980
6213
5544
656
2263
-3079
5900
-3657
-4325
-1943
8205
-3527
2118
3498
6775
-2131
3232
781
687
5861
-7043
1388
9567
-1831
-1300
4511
3773
1999
-7272
-4800
-1515
-3068
1815
9541
-1280
9835
-8137
7577
-6403
-5293
-3489
-768
1468
-8204
4739
7680
-4622
-9599
-8162
-5695
-5697
-9713
7704
-8219
-3125
3627
3319
-7444
4429
-7348
9049
7867
2188
6187
4508
9149
-9399
-6220
-8422
-2829
9260
-4851
4293
-5919
5702
6168
7276
8846
8017
1550
4099
5337
-8564
-1807
-8374
1612
2620
-6084
7013
-4942
-2475
-7350
-8472
4445
1628
-5192
-7392
7954
-9291
1289
9695
9907
-6264
-7820
-9524
8702
-5326
310
1500
-8302
4892
9753
-8190
5530
7891
-6093
-524
-1842
861
-7034
3336
-7922
-3291
-6216
-481
-4421
6625
114
9744
-1041
9970
-3960
9651
9547
-8277
-405
-4470
-8005
-2653
-7465
6265
6100
1019
6133
5570
-422
2647
-5245
-259
-1173
-9210
-771
9436
7723
-6523
9527
5708
7351
7043
-1414
-2692
3992
-4392
2302
5170
-6769
1763
9583
-4337
-5320
5548
-3830
1272
5452
-4209
-345
-4639
-4277
-9031
-5086
-4295
8886
-1435
-9169
-4880
-3248
-8656
-3107
7463
-5030
4953
6515
-7601
-3062
-7712
-4435
7168
6987
9686
7632
-6856
5577
4820
-2456
-113
3159
6588
-3349
2902
9131
-4057
3562
-3303
79
-7734
-7677
4089
-1426
1035
-1945
377
-2964
7635
-8152
-6649
-8462
5695
-9168
-5223
-6345
7274
1933
5433
5693
2156
7098
-203
6963
-29
-6659
5008
6526
693
-2125
6096
-249
-1108
7777
-3397
-2450
-8877
-9297
3261
7049
3678
-6355
-1414
2045
-4566
-4898
-3696
-1969
7802
9715
4935
8748
-998
-8475
-699
2012
5596
3514
-5398
1552
9552
-3426
8351
3467
7391
-2928
-308
-9859
180
-3416
-8091
-1371
942
-5901
-7635
-1861
2931
-4721
-2818
-1077
6863
1622
8894
-5400
6154
9151
3060
-8033
-5563
1346
6722
3643
-6804
-5589
-7461
4825
-6298
644
3340
-5472
-7119
7207
-7732
-8185
6363
599
7024
5004
-8223
4582
9149
-4072
-8706
1289
1536
1098
-1069
3006
-2505
3514
6495
-4530
-2283
4575
-796
-6660
55
1242
9988
5844
-1250
8022
4269
6183
2928
2205
7508
-9966
-3724
9537
9098
-9837
-3727
7078
7666
-3478
4245
-7304
5461
8841
4709
7621
-6338
-8916
-7285
9393
-1628
-536
-5739
334
-4029
-8391
-1109
-2019
1189
7973
-4572
1381
4539
3754
-1551
-174
4761
2914
9391
8444
-8041
-357
-1869
2623
-9424
5825
6917
2209
5291
-6966
7504
4479
-8784
-2047
-9347
7357
1265
-8393
8398
2735
5686
4879
6055
-7501
4457
-6712
-772
-1347
8617
-7980
298
-2100
-7643
9180
-4245
4195
9749
388
-1042
-4462
-5200
-8561
-1059
8859
8788
-2874
-152
5492
-6214
-4556
-9638
1831
-6317
2930
1726
-8469
1845
-8066
-3213
1185
341
3315
7205
-2429
4403
3413
-3993
-9150
-8983
476
-6073
-3927
7374
8377
-5394
-2351
6850
-6467
9714
4469
1022
9766
8653
-4970
8285
1563
-2209
5932
-389
-6649
4331
7404
469
9155
8712
-7033
2941
7940
1538
-2417
-9457
-258
-6797
-6243
8604
9927
5637
-8762
523
3334
2084
9156
-6964
9301
579
-6822
6856
5574
-8442
-4845
3100
-785
590
8067
-9903
255
-8243
58
-2670
-2806
3886
1286
2323
7463
-6949
-4875
8299
-6292
-6316
9825
8564
-5733
-6254
5967
2863
-2667
-7291
-6856
1031
-2017
-7281
-2295
-2281
-3561
-2642
3870
-962
2782
9747
-4671
4816
832
287
-9845
5667
-7816
-777
-7475
-586
-8502
3507
-1160
-8313
2427
-4191
-2522
3644
-6454
2311
-8676
3864
-8346
2832
3717
7214
-694
4482
3931
-7064
105
2443
-4675
-466
-9009
-5856
1616
8333
-6977
755
6307
-7783
-6483
-1945
7998
-7339
-2087
1065
4923
-4734
922
-8202
-5399
-9804
7029
7006
-296
-6076
-4116
9933
-3946
-3060
8268
141
-807
-7631
-4966
4897
8695
8132
-8879
6116
2843
4319
5141
-4868
-8162
-9961
-8128
-6764
7565
2700
9352
5636
1634
2499
-1779
7436
9032
-5341
-4209
1278
1034
-3771
-1234
404
1451
-6684
549
-9500
-6778
-1191
-8277
-7134
-5153
5267
6347
4792
6458
-9300
-7773
7662
-9528
1744
-4138
949
2569
-6464
2319
-4444
-3635
663
8434
2075
6449
-2540
6373
9063
353
2320
-5300
66
8224
784
-54
4900
5370
6552
-6580
-659
4296
3233
3269
7215
-2860
4067
-4581
-4766
4426
-2986
4766
-7467
-7446
-2774
476
-9443
-6673
-1415
7192
9270
4835
-5209
3701
7686
1872
-2423
-4376
-3088
1967
-7162
9670
863
-5829
1359
-3817
896
-8921
-1302
6796
2651
-6631
-1197
-1117
3171
837
9930
-7445
1869
-4985
4478
9476
4829
5509
5095
7500
4282
-5329
-9162
2269
-4467
5745
-1550
438
-9367
1204
7417
764
-3495
7019
-7336
-4724
-9548
8710
-6804
-6868
-2587
-8304
8927
1380
-8807
-6157
7609
5679
9113
6884
6038
-9853
6049
1227
-9627
6173
-5877
-9203
9242
-7664
-2010
-397
-3040
8470
-6499
7813
-8069
-2717
8987
4584
9900
-7637
9740
-6162
3434
-4827
1729
3701
-1412
8774
-6861
-4133
-9776
7909
4275
9066
9705
-7015
-3397
-4964
339
2052
2686
-6815
-1098
-4777
-2682
8025
823
1385
4749
-1132
-3335
8168
3179
9319
9461
437
-8421
-3812
-3668
3868
8602
3230
7095
-9291
-7286
-6006
6974
7912
2625
-8316
2385
-9397
6678
2159
-3397
-9534
1238
3296
5992
-1613
-2628
4973
-8039
7851
377
1687
-9619
-7176
-4447
5087
-7720
-5203
-5704
-4407
5290
2439
-1513
9420
-9729
6603
-7859
-5343
8980
3046
7497
6572
8532
1840
-8323
6925
-8089
9408
8921
-699
-520
7538
-7527
-1921
3387
-4352
-7622
-4080
640
4995
-8346
-8591
-1015
-7634
-869
-9920
-6996
-9006
-4882
-2207
-3436
-2971
-4383
6731
5365
-4282
-3817
-9493
-1738
-5185
8450
-4096
5080
-5440
4120
4219
8194
5740
-6684
7733
-7957
-4251
9784
9828
-5642
6562
314
7446
-1356
-3754
-5041
-2053
9195
-2092
-723
9210
-2316
-7744
8287
-652
-2630
4980
-180
-728
-7966
2785
-9945
4362
9919
-3238
-1323
-2480
4353
5344
-2045
-7417
-4098
4351
-655
-3193
6653
-2154
-6069
1782
3467
-6777
2096
6546
3803
611
-519
-1976
876
-9309
3137
-7894
3640
-2742
1630
1465
-4831
7464
7493
-3577
-2956
-992
8561
4782
-8598
7034
1332
7471
5038
-4266
-4434
184
6078
1399
7482
6215
-3818
2164
5851
-7959
3631
-5612
4390
-8913
7936
-2804
-8952
-2843
-2603
3347
-1944
-9608
-7850
-2630
-2896
9293
2030
-353
-8035
4045
9187
-8729
3955
73
-2452
1929
-7088
9567
2993
-6723
-6876
-3721
3370
-9489
6367
1679
4242
3758
538
8701
-4507
-4809
3008
-1494
5915
-7627
4591
4896
-1827
-71
2614
4169
932
-7202
7112
-5029
-2059
5524
5565
2867
5606
-4162
-1751
-6781
-9852
9092
8952
7713
-8054
6523
5863
5625
3322
8933
7684
8995
8806
9938
5103
1253
-3961
-6137
5389
-9720
-575
816
2611
-5597
8777
918
-4031
-8170
-9899
2054
8112
4825
-4166
-7691
-5433
1951
8838
-5186
3148
6917
6768
-8582
7333
-4749
-162
8124
-3291
-6055
-7260
4081
8875
4730
9557
6840
2298
-3559
4146
-4555
3237
-3458
2252
-5177
54
9065
-792
-3506
-4408
-3610
-3078
-588
-28
5710
8957
-8352
5276
9162
-6621
-2023
-5899
-1467
9105
-6412
-1246
4421
7403
2824
-3559
161
5466
6158
4395
2085
-2337
-4159
-6140
-2917
-6595
4814
-9812
1606
6251
5726
8984
1104
7527
-2630
-8590
2796
-2318
1748
9056
5100
-6965
-6630
-4598
5286
-7419
1848
-3084
-3647
4473
4317
-4995
3878
4689
4648
-9747
-3465
760
2931
-2884
-3111
8080
4858
3329
5743
2849
7157
9213
-8078
1354
-4743
6557
1345
6160
-2184
8153
-3990
8265
-6674
186
-985
-672
1578
5523
-139
1534
-7764
4226
-500
-4500
9580
-7971
-5019
6001
4340
3227
2531
-7529
-3798
9480
7719
9500
750
1472
4218
3196
-8950
-5000
7699
6393
3943
-3257
8492
7209
4921
-6393
2555
685
-2894
3740
4853
8182
8946
4038
-5687
-3192
-6016
-9666
-7245
-8546
1237
6486
-2213
-841
-9973
-4610
-8164
6489
9421
-5173
-3806
-2032
-480
996
868
8802
-9521
-7901
-5523
-6149
4418
-9840
-8225
2551
1611
-2411
-6334
-7495
-9059
8194
-2677
-6180
7996
-5380
-6495
7998
-7560
5639
1962
7658
5266
-5100
-5700
-4969
8343
-5153
-5952
-3150
6943
-4323
-687
3570
7958
4293
-5863
5188
5109
-333
5428
5606
-7474
4154
7369
9685
5585
-8315
-5484
-279
-5686
-5471
-9300
8050
7371
-6621
330
6023
-4863
-5004
615
-9180
-7078
-5149
-2584
9026
37
44
-1807
3611
-5823
7147
1064
-5609
-6607
7898
812
-8805
6074
-6613
-959
2047
6371
-4807
-4130
9750
-8343
4432
-4030
-1920
7068
469
-997
8618
4244
-5754
-2522
3522
1082
5687
5117
-873
1365
1745
-1027
-3015
-6216
4412
3262
-4774
-708
9318
7385
1780
239
1124
6492
-4869
198
-3092
9400
-1640
-9910
-9478
8345
-946
3946
844
5552
3573
2575
-3566
-8155
-3320
-3317
-2811
-8169
-3008
3371
-6325
-7940
-978
3073
3513
3509
-140
7984
-3326
3970
7372
5088
-8360
-2323
-689
-9867
-624
4198
-3986
4183
-3141
798
2241
3702
5715
5312
3323
7869
2622
6392
-6819
7097
930
-4821
1160
4629
2457
-7428
7580
5170
106
-228
-4916
-9743
-5167
2214
-183
4505
-2799
3775
-1553
-8525
-7548
1517
3613
8291
-8454
3606
-3798
-3988
-7991
-3173
-9720
6282
1362
-6663
8190
9753
3799
-6047
-5380
-1015
-2383
1636
-8502
-5723
-8844
7444
9246
-3862
2785
-8852
-7112
8747
-5075
-6041
3250
-6935
1973
-3025
9145
-797
-6589
126
-3966
-4369
-1919
-8272
9367
-5931
-5931
-4435
-6010
2445
-8068
-8247
-3859
557
4244
-2536
5358
5287
-8179
4842
3431
-3834
-4226
7067
154
-3106
6149
-5280
6335
-314
6014
-9521
2377
-9884
5469
9440
-8714
-1292
-1416
7510
854
-5038
-2083
-7963
-6375
4429
-4443
-1579
4726
-187
4129
6519
698
-8099
4495
6105
-8415
-9772
-890
4524
-5699
-3272
-231
777
5396
605
-5207
-1888
8410
8665
7292
7425
-8816
-8150
-466
1459
-2948
-3146
-8020
-4624
3623
-321
-2076
-6102
9402
-454
-2601
8252
-1253
-1552
-4956
-4756
159
-4283
4705
5460
9918
-705
5626
-8547
7504
5195
-7253
-5929
-8586
-9875
-9510
-5991
6442
7629
-8222
3594
5429
2827
5223
-1575
-8450
-6375
4901
8479
917
-8383
-6682
-1299
-8198
-5145
2711
9389
3113
-7565
6457
-9203
6810
7771
-2788
-9430
3682
-2989
1349
-3096
2134
-1738
3124
-220
8967
-4864
129
8050
-5219
3084
401
-4740
4642
-6324
-8252
-2665
-2557
-4764
-6054
3858
-4371
2252
-9928
-3641
6274
-7294
2313
3242
-8998
8731
3846
2353
-7705
5223
-1789
5682
-4185
-6571
-9765
6355
-6996
6313
4784
4688
1706
4105
-2103
-6768
7109
-3498
-382
-5626
-8046
5888
-624
-2101
-9913
-4436
-9805
-1433
-9214
9795
-7451
4601
-5977
8077
2503
3746
-4476
-8232
8626
4949
-5921
-837
9574
-3180
9659
-3119
-7635
-6596
1377
-3327
-6968
-6725
-2172
3287
8773
-3496
2803
3100
8701
7940
-501
-5053
3317
-9104
7703
9698
-169
701
2503
1473
3313
-5898
-2190
1380
6605
-9044
7761
-3323
-9846
-9808
-1625
-6660
-5332
-3687
-9012
-6392
8839
-9278
-5655
3269
1598
1129
-818
-4289
4069
7017
-6694
-4526
-9408
-3878
3474
-6287
2834
9219
-8151
-3210
-8261
-1591
-1897
-3851
-3187
219
-7158
-1799
7879
8414
3400
-8428
2163
9273
-7313
-8972
-2085
4955
-2654
-8183
-692
536
2660
-3234
-3178
4713
-3066
9256
-9139
658
-2967
-1952
-5990
6414
3547
5978
-1877
-4177
-2723
-1208
8635
-3874
69
-3372
5162
-9285
4904
-6831
4423
-5129
7884
7503
-1900
-9573
7381
-7961
-1177
-1546
-8674
-9031
4212
3863
-1969
-2442
6003
2540
1932
-3276
-5895
4951
4288
-6446
-737
4366
8598
-717
-3416
-7946
-3415
4825
3601
-3659
-5512
4555
-72
6496
-663
1956
-2299
-524
-9573
-2853
-6344
3007
2126
-856
-7751
7471
-7902
7689
-1557
-825
-4410
9241
-8578
1881
5672
5320
1800
-5507
-6964
-7548
7879
3394
-5736
-3181
3689
-2399
-7231
3323
1951
3798
4556
7887
7012
-6666
4902
-1161
98
-7692
-715
4663
-9341
94
-4156
-1813
6838
3562
7818
2170
8630
-1539
-4183
913
5123
-6465
-6035
-5727
7647
-8854
2986
5637
7077
9730
-8030
-9639
-8654
-9010
6715
-1448
-5797
-9732
-2624
9288
-8170
-7713
-8965
4862
3438
-50
6641
-7907
420
4842
-706
6882
5357
-9013
-4518
6876
355
2815
7616
-8124
568
-277
-9815
2035
-6512
7303
3258
1635
5496
-5311
5791
-2166
-1934
6635
-7228
-8925
1358
7815
-3749
-3258
-1922
-460
-1743
177
3661
-2893
7779
9610
-7848
-9151
5251
-789
-1882
3756
2715
-2586
8548
-4454
-6359
2927
1579
1628
-1846
9059
931
5454
9126
-3576
-6414
-6274
3867
-8891
-839
1784
6082
-5265
-8990
-4978
5857
-3923
-3382
1660
-6796
8655
3674
-8966
-3213
8321
5323
9260
-9327
-1676
4416
9052
8901
-3117
-1489
8050
-2465
3665
-7779
7354
-2916
-1585
-8391
-3949
1437
-4643
-2033
5869
-2818
7717
8206
7346
-4027
7572
4224
-8797
3144
1501
4993
8444
229
5859
-5937
-5506
-4579
-3159
-4599
1215
-1490
1935
9275
-3028
-8515
9805
-4796
-4893
7064
2284
-5003
4575
7693
212
9722
9968
3507
7685
-6112
676
-6702
-9030
-106
4931
-6698
7270
4368
-7390
-9842
-1013
8856
-8846
4657
2924
-7348
2690
-5601
-2384
-2980
4438
-9504
2828
-1494
-4836
-2418
-6765
-8704
6735
1032
-1065
-3603
-5058
5446
-8897
4886
-9750
-1155
3405
-6731
-6418
-4472
-3823
-5109
-983
4712
-2843
-4599
3320
-8478
4688
5471
7838
-1168
8582
351
7875
-8358
9413
-6911
1113
1581
-6626
-8326
5558
-4320
-3782
9214
9276
6540
-8158
5931
-4110
9155
-5660
-615
2609
-1886
-7983
2537
-197
-5713
3061
-8813
-965
-3864
8634
-380
-4155
3215
-5253
5014
1580
-5511
-5245
2556
-5867
-348
4047
3195
1574
-5995
9036
3814
-2023
9431
-6139
-1615
-5686
-1867
3620
407
-4300
-604
215
-5347
-510
2492
-3197
-9258
7748
-2300
-5599
9101
380
6463
-5166
-5358
-6755
1553
6556
-2274
-3102
-8415
2144
6472
-9648
8172
8101
3654
8142
-2257
-4138
6439
8967
-5361
-4751
-30
-1479
-4296
-6528
-706
1792
4764
-6613
-9442
-7855
5384
-776
-1551
-6304
-9698
5452
-9654
-6304
3520
-163
1992
2483
-4310
-8058
-7
-4040
5154
7658
8315
-9492
-7715
-3644
8018
7307
9092
6047
-743
9953
3418
-4449
-9621
-9128
-815
-6524
-9241
6906
-5914
6154
-2533
7229
-4618
-5022
9007
3406
-8603
1869
5726
9283
-8456
-3025
-3077
-8317
9548
5388
-5686
5167
7054
5096
7711
3845
3266
1000
5739
7578
-6762
-9638
-8848
-6550
1434
3825
-7606
3921
7268
-4969
-4374
8227
-9386
-4265
-2327
-4722
-1015
2560
-8851
4201
-3607
6598
-9276
632
-9963
-8129
5446
-7798
-2961
9477
-9397
6635
6181
5876
-5362
-3332
6426
-1640
5429
-311
-8387
7531
-3094
1898
272
-585
7532
-160
9608
-4037
7242
-763
-6491
-4884
3037
5887
-4084
-6584
-7642
5838
-2183
-4808
-296
6672
18
5597
8005
-1682
-2388
2029
-1205
-2685
8644
6825
-3347
-7537
4183
3095
-2729
-8189
-5985
-6117
-1726
-1003
-6890
6142
-518
-3716
3647
970
-549
-8061
-5679
9839
-5581
-8706
7989
-8689
3356
-6794
8868
-5652
-8525
-7466
249
8897
-9666
3716
-1416
-9305
5686
-1751
-6306
1796
1726
-7031
-8693
-8467
615
3494
-3004
-5255
3624
3909
3215
6510
-7887
3953
-2558
7349
-9374
7154
-7863
4586
-3010
-5134
-4544
-8186
-6312
-3003
-4478
-4524
-2566
-6701
-4540
1850
-322
234
2394
9976
-8414
8512
-7670
-8596
-585
1790
-1946
9828
6468
-9712
8397
-6443
5519
811
9413
2201
-6920
-8352
986
-9514
-4630
3388
-1244
-6462
2973
206
-12
5667
-6424
9663
-5326
-3975
-7358
1781
-5633
-291
9612
-3888
-9410
-290
-4241
6399
-6583
6069
-9942
5330
4642
438
5255
7991
4828
2726
4015
1024
-9352
5037
-4577
6483
-2420
2978
1113
-4613
8878
2382
-1614
9129
3924
4217
884
377
-1948
8194
-3320
8410
-2345
8212
-2557
7229
-4454
-9500
-7885
-2006
6017
-9518
2419
8464
3475
2866
1688
-844
2300
6817
-7070
3162
-3671
-5684
-2083
3829
-8028
9824
-386
2666
-1808
-9207
-3354
2013
1310
2003
-8394
-9354
-698
3738
1348
-1758
-4104
6358
-3553
7438
4369
2422
2734
-5189
-9577
1203
5255
-8521
6304
3294
-3679
-9112
6474
7054
1434
-9754
-2901
-591
7905
8738
-8654
-9420
-1678
-4375
-1928
4282
-2818
-3071
5122
6499
-6231
-3867
-3409
-7379
2706
-1229
8117
-9700
-7256
-8
-5893
8299
-9808
-1260
7482
6981
-7311
-4035
-3489
1302
7144
3055
6954
4696
-7219
6539
9753
8914
-2793
-5439
-5116
-8828
-3475
9637
8770
1878
6822
4632
-3687
-7980
3235
-2406
-3617
-3931
-5142
2382
-461
6759
3277
2236
8006
1743
-7275
-7418
-5171
-8623
949
977
3968
-9884
5740
3468
6517
1284
-3378
-3928
6511
6842
4881
-6359
-2849
-6258
-907
-3039
3740
-2182
-4009
6209
-8990
3597
6445
-5806
6938
-5499
-3880
-2782
7991
5979
5135
-7274
-8562
5889
-8668
1624
-7760
-81
-8951
2326
7779
-9839
2276
-7051
-3142
-8278
8334
3833
4642
-8399
7129
8335
1490
6267
41
-7767
7272
6317
4495
-2662
-1199
5225
7298
9820
-8294
-9164
-8906
3403
7526
9073
4724
-5569
7264
9120
-8491
-6130
-3331
-525
-7476
6534
-4990
-8073
-1410
-6186
-9443
6247
2709
3453
-2488
7819
1632
3344
-2865
-3563
-66
-167
-5812
-9078
1827
2245
-6756
-1545
-6980
4964
2694
-68
7760
-788
2209
9417
1015
-5899
1907
-6282
4047
-67
3211
-5691
9193
-3261
7596
2220
7873
9755
8414
5843
8001
4025
512
8215
8597
-5514
-5842
8389
-6158
-536
9391
2088
-7354
3026
-9116
-420
-4071
3746
-2224
1265
3382
-987
-5286
-9454
-5671
3418
-7206
7470
7479
5687
-3615
7493
5364
640
4944
-3965
-5379
-5504
-9857
-6071
8971
4200
7342
-926
2979
-5365
6
7536
-2865
6974
3087
387
1147
-6924
4246
3156
-8001
-781
9076
-2567
9037
7121
964
7869
-7455
3106
-5431
2817
-8402
-3628
1721
-653
-6022
-3669
5342
-989
8395
-416
9967
4845
2188
-990
181
-1410
9234
7953
2358
-5297
7579
-8802
-7162
-2665
2696
5245
-7485
-328
3363
-2254
-6400
-4037
6263
7744
-116
1956
3813
-4411
650
1895
-465
-3141
6975
2550
9255
-1638
-7919
7419
6150
-1884
-1716
-5508
7213
-5858
1423
3665
6358
-2008
9481
8493
-1536
-7853
-1590
-3253
6839
-8586
4622
855
7604
7064
-2005
6905
-400
-8685
-8941
2073
-3080
3773
-3583
1679
6965
-9213
-3082
5865
2039
-533
-7778
-4943
5415
-1008
1644
7070
-7660
4534
8938
-3762
3318
1425
8339
9914
2053
7100
8584
-4533
-5244
7218
8141
9722
-6537
7431
-5016
1027
9863
9568
7966
8252
6555
-4755
-8250
8507
-5798
-3299
2269
-6777
-1630
-4057
8465
-2275
-1556
-6128
-8520
-6171
6251
-2445
6669
-1019
-9395
-5001
2693
8819
-8068
-5838
548
-8810
-1427
1141
-433
-9386
-7859
2043
2489
3780
-842
-1542
-3867
-6395
-6825
-1571
-122
-7248
3178
-2989
1540
4334
98
-2720
5364
-3891
-5400
-700
5246
1515
-7527
-1094
-116
-1564
-6933
-5200
2233
1196
305
865
-5013
-7754
9252
-5766
1888
-4309
3240
694
6625
-3507
-7010
4472
-9987
-2858
455
979
5010
3109
-9829
-4187
-1780
4235
-1701
-2175
2430
3574
-4232
-6447
-2879
6008
-3374
743
-5371
-7247
-2790
-4007
3347
-411
1965
-597
4837
3621
-1631
-3956
7720
-8589
-3085
4230
-5745
-3221
9400
902
3976
4189
5853
-6556
-5233
-7918
1906
8853
5174
8900
7625
-3113
-3307
5601
1040
9998
8100
-4351
4081
6620
8356
2038
1626
-3157
6175
5879
-7144
-7366
8042
-4588
6302
1624
-4091
-5002
-2088
-9935
-8496
7200
7826
7898
2054
-452
-3076
1014
4004
-1093
-9147
1423
-7559
-6031
1410
8498
8889
-3920
3411
-7428
7804
-8192
-9791
-1988
-5368
-3149
-4630
5400
-3169
-5780
4501
3710
-2145
2449
1581
9573
6931
-6621
-6639
-2050
6255
2744
-4687
-9640
-3813
-6873
-3645
-6270
-1161
-7188
-2323
-8070
8424
-7596
-4099
-2450
-3333
-6481
-8895
5075
-9738
3156
-7077
9092
-1511
-2129
-8162
4149
3838
-8721
4312
7521
4157
-9437
6187
-9972
-9440
6402
-2413
2127
-897
9690
4873
3869
-7161
737
-4697
-7935
6577
5721
-925
2150
-9132
24
-6771
7525
-3188
-4591
341
-7071
8509
-3477
-6686
-2174
-7936
3095
-9303
3362
-1534
669
2943
-1913
-1713
-7000
-4006
1765
-7035
-6248
7259
6293
6356
4318
-9126
6003
5884
5097
-3805
-9345
-6453
-7843
-7940
983
-1875
-7739
-8022
-4677
4710
1575
7932
-8768
-7804
9790
4941
4074
-6935
-9932
-7575
5790
3453
881
-3586
421
-2953
-8789
2050
-2632
9077
5183
6829
-6422
4601
-1774
-8735
-916
-2663
5418
4524
706
-9678
-4017
-7849
-5794
2665
7111
5296
6186
3429
-7406
-71
4159
4274
6812
2159
-7402
3401
-3957
-8729
852
-7059
1700
-8840
4052
9493
-9286
-6788
5462
-2267
-6150
7661
-7377
-9704
690
7801
9894
-8354
8792
-7444
-7803
214
-7595
-105
1379
-5886
-8778
2415
-4751
-9498
-4546
-7063
758
-358
7900
-5913
3697
8054
-7058
3124
4530
-1618
-1674
1840
-1296
-3912
6320
4245
2117
7866
-6736
2439
2412
2150
5831
-2259
8181
9797
-3671
5704
-2396
-9957
-9782
-9836
6695
7865
4591
-5849
6175
-3578
-9384
-5410
-7122
1816
2904
-9514
-2397
7382
-50
314
-6045
9983
5090
7500
-366
3168
-9975
-7841
5992
-5226
-8586
8488
6281
7954
7491
2506
1979
4464
5038
9812
-1339
4356
-8294
-9522
-3007
2921
379
-1856
3215
-1100
459
7391
9624
7078
-4387
3313
-3435
8528
3292
-4480
6000
7365
1245
-4117
-7284
2029
-7016
-8122
-9443
8786
-3897
792
3058
7483
-7703
-6993
-9868
2308
1899
327
-1432
7458
2621
-2989
-5483
3620
6937
-6108
-1817
9973
4004
358
-5264
2882
4581
4962
6136
-7258
-116
-4599
-7431
8066
6069
200
3216
6077
7514
-3166
9873
-1024
1257
-8674
-3441
5419
-5444
-4139
518
-4009
9888
-4195
-7929
7125
-1615
4631
6596
8359
-1298
-6154
-7232
7120
37
-4843
-9323
6680
-17
-9814
-2436
3821
464
-806
4686
-2683
403
2776
926
-1413
-4247
-9751
7092
5646
8289
-5575
7227
9297
-8080
1718
8650
-2473
4123
180
6843
-6634
891
3373
3738
-4280
-8567
-7473
-4719
-8809
7498
9942
-3429
8559
-6597
-6927
2215
-5817
4527
1580
-3300
-6059
-588
-9882
-9397
3646
-7020
6294
-2687
9011
-6072
8811
9180
-3726
-6629
9453
3039
7681
-2372
7576
-4398
-6015
2706
2074
5588
3165
-8126
6030
-2328
-1734
-6443
-6528
-2957
-9201
2795
-5459
3565
6112
120
4136
-310
3576
-8587
7476
-629
-2955
9879
3045
-7664
1094
1673
-4474
1813
5382
1839
6537
9665
8627
5484
7689
784
-1826
2835
4849
-9539
9483
-2079
-790
-2875
8103
-1885
4445
4172
-7705
9300
1433
1054
-8481
-3262
-8284
2868
-5872
-5581
-3972
3524
2707
-9847
-1016
-7596
880
6101
2345
7759
-5563
531
9871
-4254
1229
-6395
-8574
908
4698
9823
-7640
626
4134
-1221
-4561
-3635
-6313
-7634
-2072
-3605
6126
8527
-8346
-3038
-4752
-5907
4655
-7100
-3608
1289
2335
1639
-7866
-9061
3226
3151
8473
9393
9143
9891
-7728
-1374
274
-7224
-1824
726
-9448
-9840
243
8027
4322
2231
1495
-1941
-6849
-6368
718
1128
-3410
7738
6256
1186
8113
-4898
-5153
9744
-6393
-3040
2068
-8863
1723
5356
2693
-8312
9672
970
3250
656
1846
3103
-9073
-2204
3491
-8953
7842
-844
3227
5984
-8507
4889
8449
5275
7095
-7578
-9003
-1781
-6756
-1820
-8886
1605
5129
-7320
8713
-6048
4024
6788
1511
1913
8480
202
-1061
6738
6095
3577
3299
8928
1202
-9556
174
6042
-1533
-559
6058
2267
5523
9427
-3335
5331
-1599
-364
3167
2755
-7681
4486
-7561
-3140
-4029
-2334
-3134
-5291
1619
-7461
-3959
6882
5356
-5221
4965
-838
6144
2417
-6275
-8392
2643
-6959
-8534
8470
-7536
-622
6112
5580
577
4588
6397
-9556
3373
-1908
2924
6296
5096
1962
6026
3294
-7298
-6043
-3014
7831
6961
3380
251
-4343
9808
-8316
4622
5873
-6884
-6224
-5242
205
3022
-8314
1587
8499
-7416
-9570
-7798
-5564
1601
-8573
-5525
-2001
-4671
4276
-6173
-4273
8855
-129
-6623
2282
7446
-9631
-1468
8350
6537
7284
262
4887
-9976
2845
4094
-8577
-5296
4999
-2391
5476
7797
3034
8374
5084
-2563
-3569
6526
-1131
1308
-9557
-9321
-10000
4372
7030
9321
5102
2181
8664
9967
5476
6482
-1100
4922
-5322
-5229
-5181
7322
4053
3733
8254
-8041
-7936
-7620
5122
-3895
-5802
-9135
1339
7034
-6862
-2961
8898
-8120
-2565
8709
1183
-1138
7645
9383
8939
-951
-2932
-6123
5577
4163
5843
-88
-5552
4482
1402
2158
-5874
9825
-8650
-6727
-6156
-7424
754
4301
9725
-7475
5657
-8112
-1298
357
-7353
7316
8212
-3751
4847
2437
2140
-2580
-8113
6587
-4215
-5382
3141
-3274
1706
7517
1030
974
2793
1937
-4757
-9972
-4545
3450
5238
-1673
4473
-8394
7066
840
1176
6677
-6680
-9801
1395
8117
3639
3604
4406
8515
-7712
8614
-8437
8421
6572
-5604
9488
6960
8370
2122
3843
7779
9130
-2684
8277
-2558
9045
-2825
-2587
9216
974
-9216
9783
9876
-263
-2199
-3357
6583
-5356
-3005
4304
-3207
-2331
-5286
-5207
4152
-5588
-9724
-6369
-8542
4037
-3782
-9380
-1381
3619
-458
-3818
-5987
6795
-6099
1759
9556
2486
-21
1022
8369
-3970
2654
-4908
-9002
8
-7415
9759
9246
5978
-8512
3037
7004
-6953
-7312
2854
5033
-8880
138
6000
2172
5153
659
8020
-725
-9285
-5666
9101
4526
6077
-979
5899
550
6596
-8391
8472
9934
-8824
-2366
3014
6081
537
-7638
-6493
8501
-2448
-206
4674
3185
-1742
4446
9499
6225
6114
-7826
-4654
-7507
9023
-1792
-2194
-8000
-8473
5811
-5761
-270
-4168
2277
9787
447
8544
-6544
99
-1902
-2280
460
-196
-715
9472
9375
1753
7162
2997
-6208
-7126
4731
-991
-5763
5280
4038
-4770
7034
5119
-3434
9098
3640
-9185
6623
-9876
-5924
-9523
1240
7629
3233
-1854
-9778
-1700
-130
-2948
6813
7451
3596
-8950
-9497
-2791
-9883
533
195
8837
6357
2671
6913
-3657
6681
-3381
-322
458
179
-9958
-5399
-8698
2346
9886
-9024
-6689
5513
5362
-4156
9355
-169
6210
-178
1759
2774
5683
-8225
-3373
9343
5383
-6760
-6821
-4441
-160
-9990
1136
1524
-5427
-4645
2602
-1083
-5244
-9652
5387
-6240
-9948
5857
-8637
-3147
-6571
9272
796
-4529
-4088
5411
-6071
8362
6797
9798
-7518
9789
3597
-5001
-5171
5067
-4581
4055
-923
3434
9559
-9704
5770
-1563
8774
-5044
8436
967
6175
6160
9353
8738
-5088
-1830
-3001
-8214
4542
-7643
3545
-2554
-4461
4540
3915
-3659
-3519
9089
7068
9807
-9660
-890
-5504
6321
-1095
4368
-6660
-2227
-3054
-2879
-9058
2722
1064
5669
-1474
-6456
-4141
514
505
-3478
-2121
-6732
2634
3849
-1904
-7022
-6619
-9536
7886
8528
6964
-8442
-8720
-2504
-958
-1738
3657
-6383
-4294
-1475
3471
-3495
8690
7794
-7384
4578
-1320
-7810
-5680
3131
-9111
-6496
203
-9599
-8479
-7637
7207
-6662
2990
-3865
-186
6922
-9333
-1702
-7761
-5313
-4550
9655
-4068
-9101
-8560
-7252
6176
-6454
-5697
-6850
-9003
-6371
-340
6109
-2350
9572
-1086
-2138
9108
-1513
6608
-9709
9177
9214
9524
5675
-3650
-8458
1768
-9471
-5496
-5676
8814
-7745
1770
-1529
-2831
-9451
995
7982
-9665
1190
319
3874
3723
-7853
4514
-2924
8354
4907
-6199
3534
-8053
-1246
-1116
-5291
816
7126
1982
-3936
8213
6414
5701
8147
3558
272
5872
4492
1816
7382
-4847
-8361
160
-7224
-2106
-6477
9233
-1028
-6120
-45
-9443
-4066
-390
3108
-1899
8942
-5247
7795
-916
6056
-1346
3370
-2845
7234
2838
-5867
-8386
-1480
-4564
9071
-7381
1806
2457
4087
5998
4117
9059
-3119
5690
9970
866
3331
1288
-992
-5957
2873
9072
-7438
7667
-5819
444
-4657
4781
-9880
-8857
-3207
8617
173
-4562
-7429
-1688
9199
-4991
-5267
1666
8154
-4155
-818
8699
9263
-4306
-4769
9507
7869
-5299
-1970
6570
-3644
6634
-9932
-1362
1445
6033
-2087
7280
4838
-3500
-9448
-3512
2580
-9214
7437
8424
7786
1698
8740
-9878
828
-4460
-3769
-7800
6659
-7330
-213
8917
-8279
9215
897
5362
1410
5394
-1120
1906
8488
6193
-9212
5455
-1420
-2113
1582
3935
-8777
-2638
6721
820
6480
2298
5090
-1818
-3986
9781
3041
5334
4084
2518
3290
2636
6132
-9953
-370
1361
-4322
-9681
6172
-4901
-2707
-6224
-4931
5614
1261
872
-420
-8580
5762
-9966
-2773
4129
-6298
-6195
5665
-6885
-7846
-8226
-3446
60
-8950
-2281
2065
-6634
6629
-8536
-673
-9465
8540
-1132
391
-9431
4784
-5458
-2131
-2658
3190
-2658
-2758
-3262
3123
-8165
-637
4350
-4822
8731
694
3531
314
2488
1551
-4980
-8896
-9818
-3754
-8997
-3711
6328
6837
-4619
1020
8725
-8156
-2400
7403
-9811
8090
997
2805
-7280
-6706
2793
-7155
-9357
-7413
8892
2440
-1786
-3821
-8996
-4802
-14
8342
-9862
-5132
1828
-9100
-3766
2415
7940
-5997
-8347
5496
2171
816
-5832
-2049
-511
-807
1900
-4682
6019
-9036
-4430
9346
7962
3748
0
4696
-4508
8380
-1087
4999
4689
-7541
8968
-8536
-5107
-2533
2179
2039
-3218
-5629
2246
-6839
-8332
-748
4241
9809
1555
2482
8010
6801
-4984
8205
4059
94
-9060
-7594
4772
-9679
-4963
2984
2761
-8656
-3793
9907
-3923
5292
-337
-4752
1650
-8182
4363
4339
8734
-6724
1707
4584
673
-6609
-4184
5882
297
-529
4470
-5525
-5932
6199
-5034
1896
371
-4476
-4416
-9898
2827
-7496
-7666
5101
-7988
-3181
-6736
7844
-4745
1164
-3691
-9310
1644
4000
3043
-4186
-6545
7173
-1693
-3495
-8826
-3600
-8807
-6410
61
-1107
3598
-7302
1383
8832
-3236
3455
4447
-6298
-261
-8709
9688
2766
1618
-1737
-2441
1928
-8643
1736
3586
4434
-7332
8142
540
-1601
2016
-4416
-9693
-1575
-7104
3900
7475
8998
-143
5957
2970
3530
7178
3784
-3494
-9600
5163
-8995
-8599
7322
3870
-1645
3998
3143
4697
2964
-7127
-9320
-368
-2842
1913
3789
6318
-7428
6836
-8744
7208
9032
-9277
3738
8695
4490
5108
3707
7384
-6049
440
177
-185
-4118
406
4773
5082
4080
2507
8888
-4014
5010
5782
-7394
7039
-2202
1298
-579
-8575
2670
-4890
-9044
-4232
6126
6800
1409
-6707
-5102
1854
-6174
3326
3945
3088
-5091
7416
-4522
-9008
-5475
-7881
-6023
8033
5916
-7820
5026
7440
-6255
-2589
6438
-1447
-4473
-6835
-4430
6058
4319
-4620
1049
4853
-4387
891
-9130
9849
-8167
876
5782
-4363
8296
7395
-9694
8249
1278
4771
-1861
-769
552
3062
-6633
8754
8966
-4082
107
-3682
-9930
894
-412
648
9568
1340
-278
-4880
-2160
7823
8198
-3563
9200
7325
4035
5970
9307
5872
8488
1285
2633
-4812
-5440
-7266
-2516
-5486
9615
-6684
-3277
-6453
4895
-6244
-6683
4627
-3378
-6198
-4952
-4924
-1817
2104
-8979
-4763
-7267
-3567
6156
9053
3534
9215
5130
6630
-1091
758
-8707
5319
5576
-7860
6554
-2282
8443
9244
2539
-3168
2192
-5150
-6893
2669
-2639
-7587
-4939
-6320
1958
-2219
-5147
3933
9711
3113
4173
8530
-7364
-287
-3284
-2137
-1534
-6092
-3347
3
9116
-2320
-7998
-1120
-3150
4029
6552
2568
-9290
1368
2338
-1823
2035
9543
-5327
-6989
-62
8549
-9115
5678
-7997
7942
8211
-8802
8807
-8342
4806
-8872
2768
-956
8412
3036
-9265
-434
-2587
2928
-700
-1952
-1841
-8059
-8667
1864
-6765
6634
1381
-7133
-2470
-6428
-1927
7203
7817
-2133
-7215
-1033
-5033
2716
-4178
8417
906
-5869
-6627
8366
3426
6521
9038
8066
3845
7864
1604
-418
-7249
-9963
8657
-2614
-9000
4881
6419
8460
-4427
5225
8595
9379
3820
-4852
-8109
3983
-2525
6953
-9839
-5604
-9534
7715
3263
-9211
-7720
-6285
-3036
7031
-594
-3504
6489
-1220
9861
-9580
-608
2087
-7318
-7236
6519
8378
-6541
4139
6328
-3535
-7567
3144
1061
4734
8712
-9369
-9450
-2385
-1674
-5056
9031
3674
6895
-855
-9566
4850
-2709
-9858
-4433
7493
4650
4983
8424
-9835
4783
6196
7006
-1394
1907
8299
-133
5183
2271
-2271
4451
-7197
5496
7848
584
9250
5308
-2017
-8077
730
5991
-1415
-3704
4649
2628
1796
8482
7173
-8716
-9767
829
-2483
5570
-1737
-1929
5193
8944
-3076
1318
-4256
9873
-468
-538
7815
-5081
-2091
66
9930
6955
887
-1308
-9354
7501
-2669
-1521
-5693
-6155
4701
-2495
-9321
-7705
9650
-5778
-3366
-9293
8641
-2686
-1664
-5572
7810
-3149
2990
9055
8340
-8323
5669
3843
-7908
-5554
-3262
-6665
9182
-1091
-5429
4778
2794
-1762
7225
9164
4460
-4664
-445
-4124
-2680
3666
5897
739
1343
1639
9395
500
511
5337
-4461
-5011
-3250
7123
3510
-7881
-7829
3617
2941
-5647
7258
9029
6678
-8108
5369
9884
-7776
-827
2014
-1872
-6972
-7247
2831
5940
-5563
657
-9894
4323
7747
6871
-7735
4760
-428
542
-3811
6312
9821
3034
-3875
4142
9519
2769
1518
-6022
-1680
-7908
-2454
-95
2895
-8791
-2482
5353
-6811
678
-3137
1827
-5408
-4439
3798
-5157
-8701
5692
-3434
-8538
-5447
-8771
-2041
-1449
2900
2494
-5575
-378
-1347
5454
243
-8076
-5113
5327
3600
9465
6975
-5484
-2318
8018
-5683
720
-3336
-4758
-9471
-241
5097
-8483
3750
5063
-3806
7575
-5020
4360
-7948
8146
-9283
-5421
-9792
5298
2036
-8121
5765
2453
-2933
1281
5229
478
9958
-5647
883
5900
-3727
-5967
-4925
-2778
7780
-5262
-5876
8718
-5818
6128
9822
6099
-255
4271
-6105
-2323
-3282
-7163
-2740
1605
-8084
-4656
6301
5538
-5487
-5996
-1425
-551
-1415
4840
-5738
-2592
-6285
-655
8042
-8907
1597
-6654
4991
-5253
600
-3705
-8371
-8009
-5794
-7320
4109
-8237
9709
-1948
-6500
-5158
-9166
5913
6070
-5861
2409
-7871
-7217
1286
2097
5922
-3611
-1649
8770
9691
4404
227
-8099
-3614
4647
2924
-4552
-8634
-7543
-519
-7055
-6737
-6992
-4484
7794
-3005
-8239
6516
7975
-6274
-4228
7408
37
2103
4145
-4041
-6686
4716
-6958
-4279
2368
-861
-1222
-4770
5179
2844
6440
7436
100
-6621
-3504
-5612
9078
9226
-8834
-8121
7438
-5492
-3967
-6747
2407
-8847
-5163
7062
2816
9511
3466
-6677
4849
-1048
-8475
-5035
1046
4134
-5048
374
-8752
4043
-4095
-5809
9017
1937
3184
-4722
-483
1462
-566
3512
6346
-8739
4973
-7609
-3749
-1358
-5202
470
-2698
-180
8692
-1216
1692
-928
-2441
7180
4661
-2595
3586
-67
4566
4844
-2268
-6485
-2211
-5076
-7604
-1971
1038
-711
5869
7311
4451
-4229
6356
-9614
-3654
-9297
7365
-1140
-3224
3374
-7943
-1578
-2808
-4297
7039
6916
5048
7299
-7770
-1056
4187
5273
1313
862
9994
-2883
-8305
-4431
65
5432
108
7627
-2775
-2336
-8543
-5061
-4919
-2101
-4974
-8182
-5112
-8935
-1639
7757
-2546
7622
8577
3701
-8744
-8851
-1351
-2080
1500
1743
-7657
-8633
-5672
-2526
9690
5711
6335
-6965
6943
4457
-9329
3625
-9136
-5414
7066
5511
9488
982
6604
7649
-7543
2107
-3870
341
-7853
1806
1814
1119
-2981
-3418
8078
5518
-2148
819
-5213
5760
4901
1853
5294
920
2027
1557
-6397
-3105
-7613
-7389
2937
-2169
9058
-1804
-602
-5660
-6368
-168
8101
5926
8056
8055
8907
2644
9364
-9284
7252
-1555
8041
-4361
-5781
-3937
-424
8384
-3678
8430
9671
-3568
-7355
-8064
7744
-6226
-2298
-7699
7575
7951
-4654
-2258
3070
-2123
1250
-3039
1223
-5441
-4307
8454
-1374
-9975
9923
-7615
-7477
8885
-446
5202
5424
-5296
1550
-3509
-8837
-9877
-9001
5968
-6888
-3919
5983
-2556
-5535
2531
-2401
-431
1812
7526
-1604
3795
1428
-7522
-4795
-5936
2591
-6448
1519
-7223
-271
8987
-7611
-1480
-3413
6343
9202
-6659
426
4645
3624
8537
9868
4074
-1611
-5898
-4542
-995
-3911
-4424
6645
-5839
2056
-3859
2476
-7087
-4265
3307
4202
-3587
-6913
-4284
-9576
-2749
-9405
-1402
8933
-4143
5857
-124
3511
-2367
-2166
-6621
-3619
-6523
-4208
1509
7471
422
6477
-8864
7229
4730
-1072
1543
-8748
6364
845
-6836
7067
6013
-8126
-6511
6168
-6539
-8134
5570
-967
-5747
-6592
-8671
5606
6404
-1669
-3238
-5420
7864
1199
-7069
-6508
4252
-2567
3765
8030
1633
-6548
6547
-3037
6600
2846
-1914
-6396
1644
-3731
2010
-3316
-1610
-6640
-1090
7053
-4309
-7766
7428
-6121
9551
9967
6359
544
-4259
-4903
-9663
7923
9405
6194
7595
-9852
-3753
-636
4475
-486
5183
-2366
8776
1874
-6182
-5016
6557
4829
-9496
9861
430
-7880
5832
2295
9380
1545
5277
-2753
-6881
571
3795
9594
9557
1961
6670
5850
6254
3702
9592
6277
-2189
3454
9459
6791
1048
7087
126
9825
9155
9711
-4609
7388
6248
543
4320
1748
-7059
-3522
3902
8199
-4255
7086
-9547
-6391
9439
-1664
5396
-8315
7945
3857
7719
-4502
2407
6309
-2578
707
-863
9138
9694
2659
-1241
6245
-5827
-6776
7020
4041
4212
-6686
-5425
-1880
-1792
4184
-8344
1893
-8505
-9473
-702
-257
2043
-462
1132
-6641
9056
8399
-6291
-9513
8839
-4452
-9494
3441
-1714
-3931
1341
-7195
-9251
-3539
1109
9865
-4392
-9924
554
-9752
5269
4456
992
-5782
-9387
5038
-9929
-5994
-212
-7531
-1376
-8687
-8120
-6563
-8487
-914
5350
-4226
-5571
9441
9866
-8106
-1731
9251
-3837
-9838
5400
4607
-7696
8818
482
-2829
287
1485
6022
-9037
-6140
-1880
9112
6100
9223
4370
-715
5488
-2522
3774
5532
-3281
6324
1940
374
5252
9329
-1108
-2856
2270
-1803
-210
-6283
9486
3370
-1124
-5756
-6249
-3070
-4320
9677
4800
-5475
394
-7907
5647
-1279
7790
6503
1403
7018
-6978
2650
6798
5388
-1955
5814
-7985
6269
-99
3560
2786
-875
-7957
733
-2474
-5033
7032
-4703
-7540
8946
-390
1391
-299
6409
-6221
3260
-3252
-2057
-1480
3016
-4002
6364
-1956
-4802
3069
-4549
-4070
-4088
4943
5665
-9743
-8795
7453
-60
-7998
5974
-9746
203
-3046
9795
-9286
-9007
6238
-3436
-9531
-8310
-8867
-8978
7466
7252
9552
-9347
8015
9027
-570
-2322
6788
-4679
7662
-6083
-5729
-3076
-2305
-1852
7968
8645
-3441
8185
