686
326 8654 3306 4695 3203 8633 6250 3294 9521 1131 3918 5587 389 9054 4207 3333 3735 7541 3843 2481 8054 2598 8707 8880 1974 6393 5157 9663 4303 1055 3120 1538 3777 5235 8238 6040 3518 269 5194 2002 5665 2414 1865 8036 972 7693 7828 84 1329 241 6632 1307 2596 2000 5745 750 3128 4118 5056 7821 9910 454 8374 3709 7437 4799 3069 4207 8279 8633 2433 3457 5737 4320 6689 3960 843 8663 5287 1245 8498 6599 9053 5121 6997 8704 7568 8118 4252 4136 9120 2787 8938 8362 8051 7662 3977 3786 7223 712 798 9700 2039 7154 1318 4032 9176 4190 329 282 2183 8086 1880 6935 8822 782 3921 3478 4149 6527 7008 5041 5800 648 5034 9039 193 121 5367 5069 2256 8576 698 7853 2402 6504 9734 2561 6102 9671 3334 9680 2518 1909 9941 3461 6447 7667 4666 3654 8182 3389 8908 2946 2976 2902 4395 695 8864 630 3004 9701 6257 3628 3723 9228 879 4117 3311 310 9683 3615 6292 1450 8430 7075 6843 5441 659 28 6387 2210 3099 9326 2691 3585 4017 7510 6228 3563 7108 6914 665 8320 1365 5992 8877 9544 3703 8736 9601 9850 7227 1097 8765 7314 9860 8121 4174 5521 1790 4519 1475 4383 2598 2844 2002 1388 2488 4588 1425 1903 1527 3127 6280 9432 3878 2180 5630 8434 1752 5147 1408 2220 6739 9951 6779 4967 8297 6687 3699 1652 3594 378 5336 8206 8232 4057 6009 2202 8361 8256 4286 4811 5475 6087 1845 6996 1444 4395 2808 1168 5689 4458 4898 8194 8734 5171 2047 6071 5153 2918 6750 8980 6471 7128 6527 2080 5962 9051 8478 7759 8922 6707 436 3790 7710 1362 12 6490 2592 4874 8578 1300 2949 247 4345 7948 5892 1160 2335 1354 5475 2859 63 3751 974 3184 9383 4484 2031 8174 387 4147 7354 9617 7956 1293 7488 3640 9879 3627 5243 1425 7537 9663 1217 75 3500 5971 9295 6941 915 5718 9260 7792 9745 6202 7003 2171 9784 8195 8165 1882 5247 976 202 9388 9076 2628 570 4977 4406 2604 4058 3935 7706 2242 336 4052 8196 2083 7438 6799 2614 2116 3092 575 7592 491 7715 7619 2208 6499 7863 1771 2946 1788 6147 3996 3042 6228 2262 6805 8635 3077 5826 4126 964 4448 7671 7855 624 2003 7585 3092 2505 5915 7756 109 2758 7843 2352 7125 702 3677 9971 232 1598 8415 1486 512 9562 2311 8334 5461 9351 9251 8025 1781 6757 6329 4409 3600 1798 3569 7047 7114 1117 4876 9357 5917 1144 2802 6145 6699 6873 1963 1384 786 4619 7264 6876 1237 477 1571 1567 196 5628 2402 2317 336 9843 8825 6288 3082 6474 4824 9554 6957 9365 9139 4981 3651 8028 4851 8979 5883 5218 2795 7568 6453 2895 9205 6002 2172 1920 7091 1399 6198 2508 4405 3934 5030 4896 4452 7261 4123 8006 490 2800 8590 9023 7501 341 4956 9023 7073 9559 6024 3128 41 1461 6719 8870 3873 9261 624 8273 2806 7135 9980 9348 9651 2620 6275 3725 6105 8380 7916 4071 9302 4097 8364 6393 3417 3988 9903 8093 564 5108 1942 6422 6229 548 5270 7655 7983 5717 9059 3875 2671 8230 8946 1695 4392 258 7120 3704 9295 4743 8672 3336 6793 5420 4447 7549 8175 1814 7120 6756 9347 907 5256 2612 2685 4329 5808 4159 6288 3341 4032 8988 3776 3165 7349 8165 7820 5553 170 1774 3415 2846 1473 7193 8379 570 3663 1992 1436 8245 7743 4294 5391 2052 57 7809 8587 9296 142 6983 7654 5112 2764 6250 3113 8876 583 5092 1193 3777 8804 6099 8277 5781 4047 4679 874 3922 9121 2486 7859 7047 5015 8504 6922 6550 3930 6639 8960 4432 4640 1512 7720 3696 2956 775 3939 4077 5043 2217 3754 8067 6637 674 1529 6577 2918 719 6595 6078 7780 7332 5967 2917 438 3045 9452 8643 1283 4706 5829 5389 7497 198 3700 2262 2562 101 9904 5334 3084 608 5999 352 4490 7225 5674 3551 3887 2102 3558 4670 8793 4244 832
75
LEVELORDER
POSTORDER
PREORDER
LEVELORDER
POSTORDER
LEVELORDER
INORDER
LEVELORDER
POSTORDER
POSTORDER
INORDER
LEVELORDER
POSTORDER
POSTORDER
POSTORDER
POSTORDER
LEVELORDER
INORDER
POSTORDER
INORDER
POSTORDER
PREORDER
LEVELORDER
INORDER
PREORDER
PREORDER
LEVELORDER
POSTORDER
LEVELORDER
LEVELORDER
POSTORDER
LEVELORDER
INORDER
POSTORDER
PREORDER
PREORDER
LEVELORDER
PREORDER
INORDER
INORDER
POSTORDER
POSTORDER
INORDER
INORDER
LEVELORDER
PREORDER
PREORDER
INORDER
PREORDER
LEVELORDER
INORDER
INORDER
INORDER
PREORDER
PREORDER
PREORDER
PREORDER
INORDER
PREORDER
LEVELORDER
POSTORDER
PREORDER
PREORDER
PREORDER
POSTORDER
LEVELORDER
PREORDER
LEVELORDER
POSTORDER
LEVELORDER
POSTORDER
POSTORDER
PREORDER
PREORDER
PREORDER
