569
7146 9427 5937 491 9214 1434 3931 7416 1882 6360 7711 888 5532 9278 6306 9034 5193 6493 6264 7616 2524 2459 194 2146 1472 8763 3014 6605 9024 6867 1301 5776 3935 9404 8302 729 1290 766 1066 8357 7514 6940 4572 7679 3503 6220 5778 10000 7504 9658 5075 8799 1591 8309 729 5444 6395 5958 4402 5763 5655 5478 5533 7318 4065 5300 4473 3660 8304 7382 1329 4986 2077 8538 6378 6876 2197 4633 9719 9299 7095 4026 9948 8878 6785 5728 3735 7278 4366 4481 2159 7078 8947 5210 9458 3799 1198 5180 6018 7616 5429 8909 2482 1606 7853 1088 56 9649 5743 5915 5959 1524 1802 1921 1286 7996 902 1727 4261 3480 9883 1948 1130 5599 1403 8667 5051 8716 5606 6059 4443 3669 8781 5428 9875 6454 6970 2359 3303 933 723 7309 5324 3063 3267 5505 6144 4010 7008 1852 5436 5288 166 1096 4248 9917 1875 1042 8257 2157 8443 8790 439 7870 7339 2452 1836 4702 3157 8537 9539 628 3118 9284 4594 8711 7075 9694 9222 1949 792 2485 8222 5907 5409 3139 431 5439 2187 2488 2533 2527 3416 3621 7318 6535 1072 148 6976 5060 2797 498 2375 1751 1880 6018 2880 43 6835 9925 8999 8009 7515 4726 8314 8186 7592 2577 3761 3812 3732 2132 9472 3097 1121 6794 147 2997 721 6816 9894 862 4661 8362 6378 2499 4360 5073 6992 5633 5761 6708 9826 5769 3254 8509 4480 6695 7431 3334 8284 1606 4700 4185 7325 9632 1038 5073 6766 8387 258 3853 3390 2436 9944 4880 8412 6465 5918 8378 110 9589 3184 9315 8873 9175 2775 9377 4136 7435 3204 4636 8387 28 423 7626 4371 1909 932 1325 6563 6546 8472 4957 6859 9039 1625 9827 8066 5283 4326 3615 9775 7837 4845 9078 8435 4329 2009 9962 4343 4656 8492 9808 9922 6520 8046 5677 5301 2838 4878 2768 818 8387 682 1130 550 4387 712 2799 6383 7127 3818 2233 9531 4123 8018 1978 4076 1740 4603 8120 2943 2630 7393 9493 622 9479 848 8559 9331 4306 4459 7428 3329 7231 1503 9230 8736 5809 3961 5679 4135 7150 5226 4507 1193 7013 9265 7680 2920 7180 4432 9704 1245 2816 2474 835 6222 7070 7820 4358 548 9338 1944 4618 5594 5416 8587 4184 7177 1395 1557 7091 507 147 2230 4740 6961 9992 4885 1290 2581 3972 4067 5232 3080 2282 3749 8030 2702 6142 3158 546 2359 8968 4771 9984 9651 8794 7967 5107 6442 8776 848 8630 1297 4386 8354 5120 9751 3043 8223 1732 5817 2325 5291 3351 565 9838 450 7702 5420 459 9139 5759 8382 2958 8403 4228 300 6913 7943 3023 8944 1438 2605 6639 5708 7424 3810 8071 1944 1328 932 6234 3617 7243 1367 8118 6111 4396 8563 536 5875 6345 9108 6534 9564 4867 7964 2724 3763 7130 6562 7324 7274 9679 1403 6757 9877 982 3238 133 9405 4927 9041 946 8913 9434 9323 925 9466 7143 4172 2907 2955 5406 721 4037 5773 8625 5085 8728 4622 1787 416 661 8941 3809 6981 2863 5632 7005 9574 99 1514 9053 2244 3467 7657 9461 4087 222 6436 8071 1176 3032 8581 7598 2675 3227 9753 2086 4706 7646 7416 1982 6172 5474 5917 5284 7969 403 1171 2749 5216 3509 6151 8023 1487 1365 5991 1380 3910 2999 2472 1329 9808
83
PREORDER
POSTORDER
PREORDER
PREORDER
INORDER
PREORDER
PREORDER
INORDER
LEVELORDER
INORDER
LEVELORDER
POSTORDER
LEVELORDER
INORDER
LEVELORDER
INORDER
LEVELORDER
INORDER
PREORDER
INORDER
LEVELORDER
PREORDER
POSTORDER
INORDER
INORDER
POSTORDER
POSTORDER
POSTORDER
LEVELORDER
PREORDER
LEVELORDER
PREORDER
INORDER
POSTORDER
PREORDER
INORDER
PREORDER
POSTORDER
INORDER
INORDER
POSTORDER
POSTORDER
LEVELORDER
POSTORDER
LEVELORDER
POSTORDER
POSTORDER
POSTORDER
LEVELORDER
LEVELORDER
POSTORDER
PREORDER
PREORDER
LEVELORDER
POSTORDER
INORDER
LEVELORDER
POSTORDER
LEVELORDER
POSTORDER
INORDER
PREORDER
LEVELORDER
PREORDER
LEVELORDER
PREORDER
INORDER
PREORDER
PREORDER
INORDER
PREORDER
LEVELORDER
POSTORDER
LEVELORDER
LEVELORDER
INORDER
INORDER
INORDER
PREORDER
INORDER
INORDER
INORDER
POSTORDER
