1028
1816 7716 107 2383 2483 6642 6375 2929 6278 3270 6411 2832 8877 374 7725 4953 8921 492 1810 5974 9479 3814 2536 3123 6709 8045 1304 7757 9405 2660 6637 287 7370 1360 7156 7663 7215 3141 2264 2407 3939 3617 2825 592 8473 6703 5688 6288 9757 9339 1159 7874 8767 843 1364 2584 4787 5759 6925 3102 7001 8029 880 3883 9914 3937 8123 7496 3233 6815 6829 4108 9327 7394 9912 991 5438 7964 8007 2900 3357 2181 9086 2086 3218 8614 7600 8925 9831 8209 2301 9536 3788 621 9645 5314 3203 2263 6807 5292 3358 4292 4019 6994 1435 9148 2398 2538 6298 2964 1554 2732 1906 7704 6780 19 8594 7829 3366 1192 9781 5128 7099 1801 1890 3745 8141 9077 5124 4996 299 6918 356 2173 7477 4123 1769 3125 9183 9757 3479 8491 7346 4714 3939 2018 1218 1729 4221 3885 816 5198 1399 7653 6523 2968 2745 6014 6806 8032 896 7979 8873 1528 985 172 5797 1732 303 5709 5028 9251 9728 4922 5304 6299 4255 777 7055 6844 1638 3710 8352 5522 2775 8305 7705 5904 3938 7488 8862 4622 8903 8422 8916 81 6789 777 1592 2022 7859 5315 9591 2952 9780 769 7151 9122 8461 9276 127 9340 1605 9709 1652 7175 1869 3508 750 8764 4008 5918 2670 6256 5953 6059 305 4935 9017 4495 7515 9634 2573 1822 7680 230 8888 8433 6453 799 7876 877 4722 3088 8499 2979 5474 8281 6907 717 4204 3964 3644 1877 8119 8613 4405 119 557 7814 2747 4152 8305 7106 2378 2838 8692 6752 9914 919 8577 738 3684 654 7939 6233 5089 1240 3660 823 4524 722 5858 5381 5627 9904 7843 2955 3351 1864 3697 6259 6862 4080 6140 8520 610 3487 6592 3554 4623 6921 6233 5110 1340 2179 4020 780 6620 2963 9869 3754 7393 3195 3922 5103 7211 8840 1998 1634 4845 8805 6291 4070 9874 6721 4973 8742 5331 8010 3172 1517 6916 7965 417 9865 8230 1552 2876 5442 1128 9978 7390 607 3554 7437 9762 2729 1272 1587 3840 6001 7174 8283 2954 8235 8386 3210 1412 9913 9928 4564 1741 9851 7576 1954 3849 9353 9833 4357 5243 4579 7878 5250 5255 2533 3116 2148 15 8864 2147 8108 3341 7586 8484 3108 8568 5622 412 5028 5968 1960 5516 8861 8155 7170 1368 206 8896 874 6785 4672 8237 1875 1072 5044 1074 9233 2228 8326 6737 1163 9931 2684 9303 5684 3080 5497 3287 1866 687 7086 7703 757 5267 2330 7450 8092 612 9005 3278 3594 6259 8937 2128 7787 9288 2295 380 257 5129 5722 1158 759 6968 3220 8781 3620 7553 349 7779 2999 6199 9960 8195 9448 5719 3227 1903 8481 6293 693 3088 7981 3201 7758 9965 8650 2025 48 8507 6392 3138 9902 7689 5383 3592 9346 6637 7098 3019 315 5309 200 1406 1276 4755 918 6940 7334 6301 7780 2311 6454 5078 2803 4409 4664 3062 2266 9646 4128 9657 4091 4669 3507 8855 362 7238 3413 7721 8679 6376 4522 6429 9942 6394 130 7032 3780 1252 7230 7810 9467 4910 2511 7834 9062 6014 6157 8692 9640 9041 3700 7223 926 6015 7361 1362 1649 6840 2600 5602 6671 2693 8141 9901 2417 8369 6945 9590 4516 2909 8259 8595 2023 1514 9911 2452 3592 9275 4022 3539 4604 7375 1652 5649 2097 5449 178 2373 3083 3138 8556 4172 6802 7671 92 4562 6401 9938 7140 7740 4014 8080 934 4635 3751 5588 9611 8096 7650 6625 4339 9568 244 1250 1575 3076 11 7368 1999 8927 5108 6858 5768 7320 9534 8002 9868 2629 3698 3913 7308 5362 2539 2191 2047 3707 857 5419 6466 5360 6655 5774 6231 4231 6937 9169 1155 994 692 9771 7793 2778 4602 205 5747 5653 9973 3765 4528 2496 5355 9197 1097 3023 9887 8058 9497 612 2393 7255 8609 5044 2002 6813 4225 8032 1689 2890 6000 9852 8629 9595 421 5672 3983 4609 4548 2666 2081 5821 7251 6913 6261 2976 9074 8295 6067 6889 5626 4121 1212 2734 2468 7018 9115 2281 4234 3083 1894 6112 7080 7922 7370 9180 5442 9721 9859 9861 6516 2293 7751 2713 1200 8783 562 4398 9166 7080 9198 9499 2040 7281 5509 4381 6714 8288 9631 3333 4239 2897 3386 5422 175 5917 2587 9656 2910 36 3803 2880 7850 8049 4268 2699 8808 3455 3963 2608 5300 8599 5955 24 9835 9163 853 7394 2204 4466 1804 7353 6840 1673 3418 1718 542 7483 6689 6159 1457 6739 420 7498 3805 605 1466 2392 7123 6602 5462 8547 9889 2013 833 7547 1649 3247 8384 7682 9194 6114 8570 4690 7053 1881 4949 4856 4036 6809 5432 1334 7589 1811 8801 7210 8479 4795 741 4102 6170 5066 8473 4665 2502 435 8656 8453 4367 3319 2527 9546 2904 4404 820 3534 7324 6190 9550 5470 5163 6804 9803 264 617 3339 6449 6074 8420 9026 2317 1610 1648 2059 8356 6198 2325 1896 9598 7299 1186 5384 8420 7579 2560 3211 7444 3631 5776 1854 6169 6221 651 2188 8648 3646 9636 3717 5274 1156 6585 5578 8153 5723 237 8628 9038 9031 6835 6036 6331 1703 899 6002 371 4140 8018 9788 7694 7740 2073 5030 5844 3441 6680 1135 9448 582 8696 8991 4317 2334 1366 6388 3717 249 6524 5611 9970 1443 6337 7461 6339 8911 1602 5940 3761 4783 7001 2242 2593 7461 4220 9343 5344 6506 6340 182 8143 2740 4718 2095 254 7660 9504 7364 1468 3632 7361 1787 9833 8572 8250 9030 1656 4394 9119 5841 963 102 1164 5362 5580 9666 4671 5249 9793 1175 5747 4241 3859 1602 3671 6459 437 4556 3746 5831 7574 3851 2693 7607 9811 1512 9426 4759 7988 2959 2366 795 5247 5963 2116 4493 7240 5980 8057 2915 8942 4668 3860 7603 9014 5280 8743 4093 340 3440 7989 3941 586 3300 5700 8733 2919 8094 7096 7081 5468 610 7599 1017 6706 5792 108 7132 5676 4893 5401 5516 6265 914 4965 4222 5685 1109 8165 4769 9802 5780 7783 9937 7561 993 4561 1824 8574
80
PREORDER
PREORDER
PREORDER
INORDER
POSTORDER
LEVELORDER
LEVELORDER
INORDER
INORDER
INORDER
PREORDER
INORDER
PREORDER
PREORDER
LEVELORDER
POSTORDER
POSTORDER
PREORDER
INORDER
PREORDER
PREORDER
POSTORDER
INORDER
INORDER
INORDER
INORDER
PREORDER
POSTORDER
POSTORDER
LEVELORDER
INORDER
INORDER
PREORDER
INORDER
POSTORDER
PREORDER
INORDER
INORDER
INORDER
LEVELORDER
INORDER
POSTORDER
POSTORDER
POSTORDER
INORDER
PREORDER
POSTORDER
POSTORDER
PREORDER
LEVELORDER
POSTORDER
PREORDER
LEVELORDER
PREORDER
POSTORDER
POSTORDER
POSTORDER
INORDER
PREORDER
PREORDER
INORDER
INORDER
POSTORDER
PREORDER
POSTORDER
LEVELORDER
POSTORDER
LEVELORDER
PREORDER
LEVELORDER
POSTORDER
LEVELORDER
POSTORDER
LEVELORDER
PREORDER
INORDER
POSTORDER
INORDER
PREORDER
POSTORDER
