304
2366 1846 6267 4027 7768 2411 2339 3969 8246 5451 8544 3184 798 9567 5185 5306 4731 4015 6067 6847 5570 979 9243 4163 4273 1602 1076 3358 4770 6427 7520 9497 9013 432 1722 4610 3386 7185 8951 9677 862 7789 620 5100 4143 2293 7673 6227 6372 2299 4445 5958 7453 1060 8547 2790 1883 4624 6207 5686 5059 7011 2573 2612 9970 6741 4421 7807 6570 2648 9356 703 9217 1022 3865 86 2624 5606 9403 3406 3534 1151 2800 6731 7430 1738 7510 4297 1550 7439 3840 3374 4692 1705 767 7779 6107 6605 6618 5720 3486 3720 297 9391 8599 4063 2839 4971 8183 8447 1064 7551 1212 9222 8865 9103 5750 3901 899 7266 6480 5992 9020 895 907 7759 2020 6642 8183 38 9748 7942 8879 9963 8732 2195 3748 8843 5560 492 8183 2169 9068 8835 4880 4234 9130 4166 288 1219 377 6502 847 9439 5169 5377 750 5458 7122 7624 7962 7889 5845 982 3819 1368 2882 8016 2365 4117 5433 2578 638 458 5624 6013 6031 1412 7494 4154 9170 5089 8113 6503 641 4915 9898 4027 2712 7879 2022 7174 5304 6574 3510 7549 3271 2802 4867 737 9794 346 4186 8311 6529 6113 9496 422 7441 5812 5510 3689 4251 5637 7556 1146 3005 2652 9711 6506 8831 6765 5590 6635 9379 3322 1324 2847 7865 9925 1215 2806 6010 6784 707 8931 2110 1758 4787 6712 6246 8321 4753 4568 3675 2437 3981 9761 4832 4278 5725 8369 8873 4094 6541 5476 4889 7350 8637 6872 3234 6619 1867 7753 726 5367 5893 7266 9649 582 1987 5290 218 6235 1562 5834 5194 8290 7348 5534 5954 1453 3168 5478 4192 4057 7565 7529 175 8749 7071 7681 2748 1307 9197 1738 932 9344 9189 7299 9670 7263 7886 3821
73
LEVELORDER
LEVELORDER
POSTORDER
LEVELORDER
INORDER
INORDER
LEVELORDER
LEVELORDER
LEVELORDER
POSTORDER
PREORDER
PREORDER
INORDER
INORDER
POSTORDER
PREORDER
POSTORDER
PREORDER
POSTORDER
LEVELORDER
LEVELORDER
PREORDER
PREORDER
INORDER
POSTORDER
PREORDER
LEVELORDER
POSTORDER
POSTORDER
LEVELORDER
INORDER
POSTORDER
POSTORDER
LEVELORDER
PREORDER
LEVELORDER
INORDER
LEVELORDER
PREORDER
PREORDER
POSTORDER
LEVELORDER
PREORDER
LEVELORDER
INORDER
POSTORDER
POSTORDER
INORDER
LEVELORDER
PREORDER
INORDER
POSTORDER
INORDER
PREORDER
INORDER
PREORDER
LEVELORDER
PREORDER
POSTORDER
PREORDER
POSTORDER
INORDER
PREORDER
INORDER
LEVELORDER
LEVELORDER
INORDER
PREORDER
LEVELORDER
LEVELORDER
POSTORDER
LEVELORDER
INORDER
