626
5216 1817 9351 2750 4694 7916 3984 4200 81 2946 7521 9676 281 9137 763 6283 1734 9380 8149 812 5570 8404 200 6479 708 3509 1320 8228 9385 9493 9211 2464 7499 513 3354 9957 3328 645 7438 8864 4347 1263 679 8458 1976 4962 8726 4154 3536 9973 7841 9106 5539 8733 6723 6300 3125 7959 4772 8231 9102 1495 1386 5477 4690 4490 5277 5918 3857 9983 9578 9661 3058 8755 7802 1293 9597 6753 2081 5908 6833 2544 9541 6537 1176 4920 55 6604 2687 7022 4660 520 5734 4906 8735 3757 2004 6401 9241 951 7294 6900 766 3187 9854 8079 6516 5255 3218 9481 4779 5820 2415 1707 5147 1776 8861 8089 7469 3488 2569 9885 2765 1693 4991 5169 8265 8062 1095 6254 6391 6422 5593 384 1451 3466 6105 4065 138 6561 8526 3763 4829 1638 1500 4939 4927 1387 1998 6225 1198 1998 4456 6446 2792 4976 6118 2128 5927 8663 8685 4278 1047 1972 6469 8941 3941 1196 5587 8263 3253 9476 2780 8696 1081 441 7044 3764 5394 504 4276 1144 3578 3102 528 2970 1649 494 4290 1826 6342 9447 5320 6062 8609 2379 9720 2581 2021 4871 6752 1960 8698 5123 3894 8049 2825 8023 4496 1723 4588 8412 1713 8437 6406 2100 3131 4590 3170 8736 5391 9670 9220 844 7652 1088 3411 4948 2526 9495 7257 7153 2781 3013 9113 2535 5952 1605 5155 2423 5127 1407 4519 5627 1619 9300 1587 248 2710 6736 3946 4673 9216 9838 9666 5420 6966 2705 7965 9531 8704 356 6655 6814 9522 1974 9516 5049 7931 4801 7026 4111 1123 7680 5117 4315 4920 5869 5783 6129 3775 6197 1807 8183 3519 6448 1118 8201 5418 2557 2858 4879 5121 4401 1938 5972 3233 2456 738 8722 5311 1760 5394 7451 4000 290 8425 329 1096 4412 3978 7269 2276 4892 9849 9674 3959 8783 5516 9777 5659 7608 8948 5263 7618 5781 3693 3648 6096 9713 8038 8295 6415 552 7788 3305 1201 1179 2487 7504 8647 5654 6475 6502 9635 1480 2362 4215 8501 9124 4251 4095 5412 7339 3123 1000 4004 5201 2916 4236 7639 652 78 3653 6234 6541 2986 6048 6321 1619 6212 7403 1562 8505 5481 9539 8133 360 2615 5552 8637 2033 1178 5242 4607 2644 772 7755 9561 6493 4474 2843 3120 6318 7087 1873 6246 8759 371 4752 7186 1783 1696 4738 5089 1222 760 999 8732 7002 8137 8767 422 202 8384 2974 1059 1534 2692 4040 9944 428 6159 9305 8578 5638 4681 4528 8966 313 8458 9013 3026 702 5641 2540 4579 5338 6006 74 2325 4993 7049 8485 9272 2823 4933 3732 4856 8322 8601 5354 4451 1267 5253 1020 1127 4437 6342 3969 5107 5521 6486 6678 2717 5865 2470 9836 5338 6558 1206 449 8418 516 7902 5888 7662 3764 2918 4047 6980 3043 7723 7834 1732 6695 1698 9772 6335 9389 8603 5306 8786 167 6506 7154 3232 9821 4216 2062 6329 3204 6812 1662 7177 1710 3308 2386 5834 2027 4782 2066 9850 6296 9459 5594 8442 4129 8434 2189 7908 3110 4684 1297 7825 807 725 7955 618 3785 3781 4287 1593 4798 8290 4734 2946 2061 5112 6417 6454 4626 2419 3322 7813 1550 8650 5116 1829 1458 3968 8613 9823 6305 6232 4251 1938 1432 6544 2188 5859 1498 2984 3773 6871 2139 469 1980 4950 2365 5086 5190 1169 1651 5180 5870 6202 2773 7297 2715 6354 4170 5977 7355 3044 9629 2971 9845 6873 2673 3376 5520 6211 6268 66 2401 349 4802 8323 583 8864 1635 3945 275 3434 8722 6657 5665 7697 8858 3582 61 4035 9658 996 3016 3896 103 7390 5544 1102 5131 2695 9619 2292 8345
94
PREORDER
POSTORDER
INORDER
INORDER
INORDER
POSTORDER
POSTORDER
INORDER
INORDER
INORDER
INORDER
PREORDER
INORDER
LEVELORDER
PREORDER
LEVELORDER
LEVELORDER
INORDER
LEVELORDER
INORDER
PREORDER
POSTORDER
PREORDER
INORDER
INORDER
INORDER
INORDER
PREORDER
PREORDER
PREORDER
PREORDER
PREORDER
PREORDER
PREORDER
LEVELORDER
POSTORDER
INORDER
INORDER
INORDER
INORDER
PREORDER
PREORDER
INORDER
LEVELORDER
POSTORDER
POSTORDER
POSTORDER
INORDER
LEVELORDER
POSTORDER
PREORDER
POSTORDER
POSTORDER
INORDER
PREORDER
LEVELORDER
PREORDER
POSTORDER
PREORDER
POSTORDER
POSTORDER
POSTORDER
LEVELORDER
PREORDER
INORDER
INORDER
LEVELORDER
INORDER
PREORDER
POSTORDER
POSTORDER
INORDER
LEVELORDER
INORDER
POSTORDER
PREORDER
INORDER
POSTORDER
INORDER
POSTORDER
PREORDER
POSTORDER
POSTORDER
POSTORDER
INORDER
POSTORDER
INORDER
INORDER
INORDER
PREORDER
INORDER
INORDER
LEVELORDER
LEVELORDER
