685
1155 4419 977 1960 5450 2640 8522 9413 1878 1658 0 6567 7984 6557 8711 2283 9660 881 7488 2121 1113 659 6346 5324 2619 265 4612 4347 1348 50 142 8269 9243 887 8326 6926 2859 5265 767 4919 8181 7290 9347 9386 376 5001 8656 5814 1690 7503 9366 7144 5499 6986 1012 6050 3016 5433 9385 4662 9514 2094 7640 8356 3048 5619 7102 5902 2434 9394 7655 7104 9939 1116 8365 266 261 1005 1252 8656 3805 2908 3731 2139 551 6842 1376 4161 6766 6566 4481 1599 7467 9968 6074 8386 672 1246 5214 832 3527 5883 6132 12 5684 375 5581 4560 8422 3322 7336 4885 8046 8566 6046 7538 8896 6661 2239 6118 4345 8853 3944 5493 5287 2602 6042 5912 1685 1489 9347 2632 9199 510 699 8264 1805 6455 2489 1871 2860 2460 4565 377 741 5450 3520 4935 9139 9788 9209 8746 204 5623 8650 122 9165 5599 6206 9145 4739 3218 5745 6754 4965 1244 8551 5844 2378 6206 1908 5374 3089 4226 848 9076 1495 9078 3439 7688 931 6382 1127 7554 1672 3273 1014 9390 418 4298 422 1314 4111 4815 34 7968 4366 8374 4822 7424 9540 2758 4687 3204 6752 2334 2318 8231 9663 8171 1527 4786 6826 1222 7568 7945 3178 1095 5083 9868 4298 4579 2291 2187 764 6449 3558 1509 6999 6820 3812 1793 2006 9596 4456 92 4767 7325 8333 5041 5428 7832 1889 4992 2989 2974 88 2635 6754 7543 620 7885 2997 3175 9453 1463 409 7242 3244 5360 5599 7790 1075 3944 823 2821 8086 1852 7611 1365 8511 6620 4817 7263 3117 7246 9470 3680 9904 9636 9784 7227 1588 5899 9744 4900 8784 7272 6834 7861 1062 4300 2396 9611 7767 1619 2224 6741 8547 3674 4593 7906 4725 4731 9684 1915 9090 7423 6746 4062 5488 8923 4843 9780 9684 6404 7046 9595 3293 9582 9243 4934 1682 7816 4003 6234 1080 8056 3962 7193 6142 8181 5513 9072 243 7868 2273 7371 33 6539 8392 4911 1520 6598 8217 1829 8575 9344 3080 9482 4326 5079 2535 6925 552 686 189 8598 2676 8172 602 4969 8820 94 9219 8300 8556 6098 510 4155 6231 7938 4118 7768 8141 2861 3074 357 1969 5831 9941 1616 4887 5576 9073 6924 1150 8705 4650 21 3950 9051 7313 3166 6046 8132 5026 5796 191 233 6852 6026 1467 4201 7693 3527 9545 306 8638 7440 4624 1570 8475 3116 2800 281 7011 548 4277 2921 7614 1603 9117 1027 3364 3050 3436 7938 8661 6566 6050 7845 3709 2119 5778 3514 75 4178 7752 2396 5943 3839 9054 2990 1974 9028 9089 9317 9315 9396 3632 3142 4677 2861 2321 3509 6804 3878 8781 8201 5510 6194 3712 2926 1567 5934 1300 9580 7128 7506 7350 8111 1269 4923 7887 6413 1202 5517 5302 6539 3745 8526 1020 7823 5790 4762 1659 4431 277 5703 1772 8143 9432 5912 4353 7080 9629 1932 1708 2867 7340 9175 5220 5421 3985 7808 1783 7784 510 9626 7969 6128 338 4994 2279 6880 7710 9831 3729 7636 1365 5771 6794 9099 7229 7929 3011 3516 1520 8552 6736 1325 7385 9899 6526 4798 4699 4591 2169 8872 9723 4202 8911 9999 9949 8923 9681 8230 4957 9713 6517 5022 3375 8291 2595 496 2238 3233 9063 586 6831 5616 7098 709 2856 9965 7453 6275 1319 7801 2754 6024 7408 8702 6492 4280 8992 885 9775 3573 3190 6409 3177 1813 6461 9787 3728 264 6915 1045 829 3488 7893 1591 3296 3815 4201 1360 6314 7857 3767 3127 5301 8410 964 2634 6945 7310 5372 3735 9405 7840 3731 582 7325 6891 2338 7911 4832 4037 6179 1816 5150 2716 42 2653 7229 4687 5701 7886 6612 9969 6975 8089 9689 4224 1335 5661 1238 540 5795 8511 3173 3708 9218 9691 9946 5581 7680 4150 7454 431 5531 3889 5456 972 8463 4605 7255 6835 5509 9116 2016 1437 8052 8956 4478 7578 8842 4901 299 7077 6604 8852 6074 5186 1156 1193 38 6840 7615 2412 2123 7407 5498
23
POSTORDER
PREORDER
POSTORDER
PREORDER
INORDER
LEVELORDER
INORDER
PREORDER
LEVELORDER
POSTORDER
POSTORDER
POSTORDER
PREORDER
INORDER
PREORDER
LEVELORDER
INORDER
LEVELORDER
INORDER
POSTORDER
POSTORDER
INORDER
INORDER
