172
3488 1043 4379 5493 7100 4505 3947 6775 4591 4391 2656 3475 598 1933 8289 8262 5525 9225 2710 642 1914 2347 2387 5773 5636 1878 7034 4356 7964 7882 2860 8173 9497 975 5759 1159 1036 1170 4783 535 6235 4237 9811 6802 3948 6161 5153 5689 6268 222 1633 4866 593 145 4747 3574 3173 5588 9253 1641 7127 71 6457 9686 5628 2789 8926 3503 8457 2064 2238 3311 9944 8726 6503 8556 5977 7922 9939 7759 932 6465 8003 2468 9104 2059 587 7665 1783 7995 5379 5568 2542 9674 2566 3145 404 886 6497 2456 5328 5291 3922 5241 4754 7754 9851 4279 6925 8196 2384 9950 248 8489 3820 6094 1069 6900 6155 4631 7690 2755 9388 5568 4171 2677 2336 7691 7372 2075 111 8697 3611 4206 5913 5155 5746 8887 3814 7666 290 1480 7021 1013 636 460 7812 7504 2421 1251 6611 528 2828 6093 5026 6047 2282 5225 5619 9482 9742 3221 960 5073 1536 2776 9572 679 8673 7106 1623 7431
10
INORDER
INORDER
LEVELORDER
LEVELORDER
POSTORDER
PREORDER
INORDER
LEVELORDER
INORDER
PREORDER
