382
5137 4343 3169 7767 7739 4406 3646 5432 1034 1358 5081 7393 7759 3998 3212 7097 7276 7743 5165 3580 4246 9541 229 6692 4303 646 2472 8908 382 976 1177 5324 7770 5168 5140 8866 326 7444 982 5030 4190 372 8307 1284 6151 8146 6941 4322 3043 8787 5245 827 8957 6436 7992 7608 8195 5234 8856 5301 1951 9921 6283 3700 958 4449 9885 8637 4012 1501 2249 7947 8468 3047 1 3709 3904 2050 6172 3286 4042 454 6230 2116 8540 7732 4284 5299 7218 5859 68 4977 3321 2978 9 9606 9463 6558 3423 5274 4897 3517 8619 6098 4662 1269 2572 6996 5096 8925 465 9285 6761 621 782 1996 4636 5858 5061 2935 4726 6866 4555 5368 1866 9701 9025 7437 5709 7790 5214 9488 2547 1230 1856 1060 7461 4799 7288 3667 463 8158 2920 4044 6801 9962 2327 9530 7900 6224 3308 1762 8598 7343 7522 817 3917 6424 8596 9048 6708 7934 8018 4155 9813 9930 3565 4544 9804 1726 4058 4073 6793 8596 5584 9177 6896 9842 2316 9382 9454 6752 6341 2739 7760 3474 2781 5151 4120 3875 5629 6970 7833 6844 6495 207 2592 1002 932 9265 4051 5379 6811 2023 6868 1912 4892 6341 5366 7979 7809 8603 1727 8870 6094 721 7239 8905 1193 8716 4254 2767 5112 2402 5668 4250 6076 2192 243 617 5002 2690 6987 6889 7788 1450 5980 738 7495 9243 5674 5826 7750 3090 5667 4450 5243 1859 226 991 3139 3369 1718 2678 6734 8765 2899 4000 3469 1865 6570 4843 8754 8703 3631 4671 9789 8064 8309 8868 6487 8924 8168 266 7417 7435 6417 6995 5210 9543 5448 8974 2732 2461 2257 7418 637 312 2441 7834 5152 9827 9122 354 4466 2675 1063 1207 4373 9089 9270 8677 5986 1922 5592 8270 2280 1669 8827 3599 319 4185 2760 9045 422 2657 3004 8055 8820 5794 1122 6648 9321 6254 1334 5240 3548 4648 2317 2136 7604 952 2993 4758 931 185 7999 9419 102 8055 3542 370 3386 895 7118 3715 7263 8701 607 9203 1290 2493 676 100 1647 7947 5753 9377 1775 3868 6142 1987 4974 8972 6150 2335 1637 1447 8733 5083 4533 6540 5340 4459 9709 8144 3492 5543 4116 7547 9705 5574
97
LEVELORDER
LEVELORDER
POSTORDER
PREORDER
LEVELORDER
POSTORDER
LEVELORDER
POSTORDER
PREORDER
INORDER
POSTORDER
INORDER
PREORDER
PREORDER
LEVELORDER
POSTORDER
LEVELORDER
LEVELORDER
POSTORDER
POSTORDER
INORDER
LEVELORDER
PREORDER
INORDER
PREORDER
PREORDER
PREORDER
INORDER
PREORDER
POSTORDER
POSTORDER
POSTORDER
INORDER
INORDER
POSTORDER
INORDER
PREORDER
INORDER
PREORDER
PREORDER
PREORDER
PREORDER
LEVELORDER
INORDER
LEVELORDER
INORDER
INORDER
INORDER
PREORDER
LEVELORDER
POSTORDER
LEVELORDER
INORDER
LEVELORDER
LEVELORDER
LEVELORDER
INORDER
LEVELORDER
INORDER
POSTORDER
POSTORDER
POSTORDER
INORDER
PREORDER
LEVELORDER
LEVELORDER
LEVELORDER
POSTORDER
INORDER
LEVELORDER
PREORDER
INORDER
PREORDER
LEVELORDER
LEVELORDER
PREORDER
LEVELORDER
INORDER
POSTORDER
PREORDER
PREORDER
PREORDER
POSTORDER
LEVELORDER
POSTORDER
PREORDER
INORDER
LEVELORDER
POSTORDER
INORDER
INORDER
INORDER
LEVELORDER
POSTORDER
POSTORDER
INORDER
PREORDER
