1030
7708 1998 5914 8101 1535 9186 3130 9015 5638 5918 2925 3983 1098 861 7149 1759 8668 382 7086 280 2108 1593 2494 6695 8998 3104 3328 6038 360 4812 6413 5732 2501 6178 1949 4787 1374 449 7762 370 1745 177 6705 3191 9529 6194 3306 6569 1072 9942 8448 4080 8532 5521 1668 8115 125 6397 8358 2767 6709 8745 5975 2157 5385 1285 1612 6009 8840 3864 536 3233 7217 2834 1688 8702 7944 6650 2015 9925 3979 5064 1475 7853 8310 1349 8347 4235 4937 8082 2934 5132 1498 1152 4841 9989 4125 7740 6546 5299 2315 3015 4880 4603 9111 1237 6282 592 394 572 2587 2177 9284 596 3583 631 7497 7470 4759 1238 1414 1191 8856 7593 7905 9164 8631 6492 518 5599 6533 9036 95 3129 4578 4779 4128 8449 8402 3191 3074 234 8708 2585 6935 615 7207 3043 9613 7234 1841 4046 112 3926 4043 8890 730 4488 9173 4484 2443 7158 3497 1868 9351 2841 3267 2501 4314 5869 8716 7716 5966 368 5265 7055 3155 3043 4847 6376 467 9075 8491 1209 8407 6950 2461 5115 6489 2285 1830 6254 675 2471 5426 8692 8013 2942 5596 6393 6939 4459 63 294 8708 8965 1664 363 5473 2864 5638 5513 1953 8716 3379 1543 9364 2226 2850 4019 5442 3879 9144 8361 1635 9846 547 6740 1262 1296 9868 1867 9254 7510 9059 4960 8004 9127 6432 4597 507 8344 7837 8944 8550 5842 3755 9710 2924 3174 2840 4408 8629 3727 5361 6972 6201 2894 1428 7813 1816 3573 7929 9455 8567 5686 5794 9482 400 2755 989 3055 5630 8373 4321 3170 7693 5539 4584 7465 4967 8050 4161 1348 9813 3137 5268 2025 5316 7122 1043 9018 2053 4598 7569 7776 2767 7678 892 7728 9769 3881 2747 5573 9181 2330 3142 6488 6966 2217 9073 695 55 6823 4504 7450 6091 4248 9797 1831 143 3242 3760 6945 3298 8815 3077 4186 152 3385 1864 3156 6548 782 988 2000 7370 7622 3108 2760 210 3405 8192 2792 6637 9374 4858 9146 6510 9457 3214 168 6524 8652 467 7842 9655 9919 6045 735 6244 7413 1066 7859 6244 5440 705 8769 9360 8753 1809 5702 2550 12 8507 3689 50 8530 9961 4525 8882 1287 9474 9276 2711 6881 4814 1636 3155 6416 4682 7593 3525 4326 1707 9489 2542 5817 5876 8286 6286 4526 1466 9138 6522 1569 5477 9573 1024 7678 1226 5465 8213 4184 7645 3069 6555 6937 2062 9749 7026 1026 9884 5951 1922 623 6145 9166 8764 1741 9495 789 1763 2063 7597 2838 7658 997 4437 6158 4425 9129 6035 2604 8213 8978 5595 9082 7299 3626 4039 3314 2850 7048 702 2481 6422 6746 6436 1868 4369 4258 3932 9998 5053 3014 9850 9129 3960 2613 8844 2804 164 7285 3009 4183 767 1636 9848 3259 3479 3324 7763 8384 8239 4148 1231 6459 6113 7772 8985 1168 8268 8147 287 4776 6225 3374 2660 8869 6890 195 4810 3148 7760 973 5160 8142 6017 3367 6945 6195 9604 5734 3795 3679 8429 4217 3395 4999 3936 4525 2712 5687 7575 3487 5900 7433 5571 2477 2538 3220 6077 5219 1546 6952 3733 5204 4583 5874 1336 5320 5779 5747 7332 9672 4746 8686 1823 8494 8007 1207 4088 3204 242 3539 6529 2880 1789 5124 5876 7470 3552 5611 4368 5203 5656 9843 1237 6361 3871 2455 9892 2564 1158 1747 5655 6553 5800 4780 4744 4638 6536 7304 8276 6665 4619 4784 9991 4584 1963 946 6154 4623 7321 9439 4646 6083 3217 9688 7152 8035 3163 6097 4677 4003 2232 7841 1755 2311 5916 360 1508 2231 3527 1299 4349 3184 1942 9034 4485 4309 8870 8160 4948 6856 6972 8206 5403 3427 8622 252 7532 8883 7044 4685 7156 2890 549 1114 530 2699 8733 1947 2138 1079 6188 6103 1613 4304 6009 3168 7575 4775 4635 2372 2298 6668 5080 5859 7826 4708 7624 5077 1704 3477 4307 6723 8370 4423 4652 2420 6200 228 3951 4507 7776 6155 4643 9277 1940 2085 3673 3708 4492 2832 7148 969 5391 1085 7905 8172 8607 1157 3049 1856 1271 1509 4324 9322 3645 8765 2211 6357 7258 1096 4647 2675 9178 5848 2808 2754 9121 4642 4707 7047 7637 2507 1850 942 3559 2369 3055 1426 8794 9189 966 9223 4408 8874 8523 3549 3005 8642 5518 4253 9861 1071 2025 7203 6543 7469 998 7951 713 717 2177 9360 7187 9201 7936 1272 2505 6779 1394 9354 2590 6147 3603 4671 5221 661 2783 42 9378 6824 8971 3300 6045 142 2286 4028 2677 483 9826 6753 5559 1003 3749 7697 8602 8817 9807 6170 1570 9068 4937 9783 9920 2321 6679 1929 9136 5173 9203 1135 1562 4858 5357 9347 5328 9047 6926 768 5976 4677 548 3478 7673 1644 4559 7910 9648 632 4739 329 4557 8471 2218 3564 9838 2834 2740 7977 583 9650 2502 8006 1861 9310 5413 9292 8629 9140 560 5232 5446 5430 2225 3561 7657 5807 1867 3578 3109 95 4748 3791 4626 6394 7894 6434 4075 3332 996 2430 1699 214 7621 5219 4686 2870 8833 3953 6603 7432 2654 6638 2314 3726 5038 5742 7091 6723 1101 8097 276 7906 3597 8100 2461 5467 2150 2551 5839 1210 2870 7335 725 4827 6542 2496 6953 4714 4533 4793 2817 284 9153 3062 9688 6675 3221 2019 8163 2867 2391 5273 6741 8554 2758 9580 2588 6737 9192 8680 3673 212 6425 2322 8319 8810 7460 5801 7492 8514 8112 5994 6212 6229 2382 2503 6417 8084 8845 3344 3825 9082 946 9526 701 1668 2446 2927 6215 2558 8138 2782 8032 46 500 8510 103 9724 5424 4590 5648 6687 3670 1239 979 7525 8035 6483 6374 9520 2424 7841 1612 7743 2990 5774 7594 7304 6649 8132 5157 4680 2460 7386 2633 4279 8558 13 3363 3429 7747 7189 2102 4547 8598 3334 484 8728 4206 807 2309 1330 3799 1656 6140 6990 8114 4588 794 491 5824 4461 9288 9744 4094 1582 6977 8962 1251 2430 7817 3194 7264 5203 6638 4722 2489 4237 2813 9621 7688 167 5616 7852
40
PREORDER
LEVELORDER
POSTORDER
INORDER
PREORDER
POSTORDER
PREORDER
POSTORDER
LEVELORDER
PREORDER
POSTORDER
LEVELORDER
INORDER
POSTORDER
LEVELORDER
POSTORDER
INORDER
PREORDER
PREORDER
POSTORDER
PREORDER
PREORDER
LEVELORDER
INORDER
PREORDER
PREORDER
INORDER
LEVELORDER
INORDER
POSTORDER
LEVELORDER
PREORDER
PREORDER
LEVELORDER
LEVELORDER
PREORDER
LEVELORDER
PREORDER
LEVELORDER
LEVELORDER
