371
6617 4291 6737 253 6764 5927 5727 7750 2461 1561 1776 8153 5552 1871 2258 5431 8956 7837 4202 781 2783 9581 5807 1771 4929 4602 3501 4508 3496 545 6918 7649 6529 3387 3804 3753 2699 628 2857 1225 2189 9872 8696 4348 5632 8582 3228 4250 7900 513 6397 1986 4936 2322 1082 6258 5699 8571 4360 2092 3378 5546 3207 2593 2489 1130 2075 6498 309 650 9298 338 5943 3154 2525 2527 7040 9558 3576 8947 3559 6934 7946 8975 210 4285 1254 3681 6772 622 9615 5030 6652 6419 3660 7315 9869 6050 470 7069 8539 6541 5275 5474 9891 5296 492 3826 8711 3958 6030 6148 9350 9315 9049 7001 6244 6906 9385 9147 5339 3749 3999 1084 2262 3828 8073 5865 281 540 6577 8071 360 4612 1655 7567 7083 4660 9672 9885 1866 2105 6559 4975 6504 7652 4031 1886 9230 1250 5918 5753 864 8574 1614 8587 2883 7115 5708 574 9681 1765 3478 7233 4850 1709 1628 6579 5227 9812 7083 6308 579 2566 3502 162 3136 1403 5744 5207 602 1863 7814 9305 7052 6768 7209 676 2527 4611 3899 6872 6146 1601 8182 1814 3594 5617 9219 4470 4728 373 7778 9669 8551 686 99 4978 2883 9999 834 3713 247 4910 1795 1271 9537 6547 8560 7516 1234 2382 1083 6417 3446 7755 7947 104 8076 9977 3850 8904 3627 7003 5843 9497 9098 7022 5438 448 512 5999 7907 493 1637 1581 3988 3211 2741 1169 8654 7195 9052 8590 9431 2608 9694 220 8461 5752 9753 6829 9849 7693 2482 8641 8553 518 8293 2694 6984 7052 6525 406 1417 4198 4718 6841 8737 5031 974 5507 7714 5240 1942 403 9280 4545 3648 3951 8458 9065 3877 3435 6007 1247 3446 6316 2903 8113 3117 5676 9977 7484 6394 3146 2253 9720 6257 7589 2654 172 478 3937 9330 3004 3764 7176 6840 6809 9379 6860 3018 3882 2668 6207 5133 661 3500 6878 4372 8240 6362 7878 9384 4246 6774 9093 1456 7202 1807 3261 9015 1979 6920 5279 4296 3562 9766 2752 6045 7247 556 6493 6751 3507 8755 3160 634 4256 5144 6603 5051 1743 7816 7355 2930 3966 1065 5339 6167
76
INORDER
LEVELORDER
LEVELORDER
LEVELORDER
POSTORDER
POSTORDER
LEVELORDER
POSTORDER
INORDER
POSTORDER
POSTORDER
INORDER
LEVELORDER
POSTORDER
LEVELORDER
POSTORDER
LEVELORDER
PREORDER
POSTORDER
POSTORDER
INORDER
POSTORDER
PREORDER
INORDER
POSTORDER
PREORDER
PREORDER
INORDER
LEVELORDER
POSTORDER
INORDER
PREORDER
PREORDER
INORDER
POSTORDER
PREORDER
INORDER
PREORDER
PREORDER
PREORDER
PREORDER
INORDER
INORDER
LEVELORDER
POSTORDER
INORDER
LEVELORDER
PREORDER
LEVELORDER
INORDER
INORDER
POSTORDER
PREORDER
LEVELORDER
POSTORDER
INORDER
PREORDER
INORDER
INORDER
INORDER
LEVELORDER
INORDER
LEVELORDER
PREORDER
PREORDER
INORDER
POSTORDER
INORDER
INORDER
POSTORDER
PREORDER
LEVELORDER
LEVELORDER
LEVELORDER
PREORDER
PREORDER
