370
7606 2616 4816 5544 9660 8439 1948 9335 5321 3487 2792 8713 9880 4615 2375 6915 4030 9464 646 3102 1984 9602 2643 2184 7115 2145 1037 384 9830 1 7601 5368 3872 5017 2008 1874 2570 1215 4458 495 3340 2204 2016 9316 5538 1982 7531 6582 6315 4120 4324 6286 6708 2035 7330 5423 8626 6717 7839 8835 481 6300 946 2585 3219 7880 6280 6736 946 4114 7426 7760 3015 7877 6138 5999 8765 8022 4586 5401 840 1803 1172 5066 3259 6350 5973 5340 1281 4524 2039 3224 2835 571 4032 339 5201 7949 9241 7741 3230 815 3283 220 5395 3946 3701 9887 9490 4772 2241 3606 8499 373 205 6582 4170 6337 639 4969 2049 1190 9431 895 1802 2516 911 2605 1332 6530 1709 6262 4626 8745 3809 663 5266 4379 7732 2372 6420 8741 2568 1021 8074 2706 7333 9964 3508 6962 7118 3351 7942 5231 5117 5498 6134 9575 2838 3728 2944 2832 9944 9762 5203 6707 8225 3041 277 2234 9621 7400 566 4093 5733 8993 7427 5849 7913 2438 4014 6338 5595 5098 8948 9191 3316 6344 9357 7560 1910 9285 7595 6865 4638 1995 3620 4291 1760 1868 4671 5980 631 1346 1139 2122 2761 5008 3553 5976 225 311 2069 9254 9941 2411 2902 6908 9008 2041 1707 7760 6342 7886 1408 9691 7167 9765 2456 8503 7760 5540 1070 5664 1734 4397 6670 6971 6102 5010 7495 9052 6144 1263 6010 8467 7432 2849 8242 3010 8434 1087 3581 7228 3111 7297 4097 7100 4164 1233 8113 250 1543 3341 6806 4467 5900 8170 6384 3859 3089 2205 5931 687 6869 922 7459 2772 3267 6508 6865 6761 3160 4621 382 3539 8068 3107 2133 8634 5413 2142 3767 5964 6362 6634 4787 6247 8766 2925 1460 4275 7363 3763 7799 8873 2192 6525 4389 3406 4133 8131 5099 752 4289 8986 5760 2427 7046 8821 9699 309 9121 8356 5547 1033 7370 9745 7631 8624 2874 7571 1675 9750 4064 2234 1396 5542 7275 8584 7726 8448 251 1043 2301 4651 3852 6565 1876 3904 2669 1066 4079 345 89 7694 1681 9228 5030 5312 3940 160 6712 4529 8097 2822 4660 2068 7592 8808
47
INORDER
POSTORDER
LEVELORDER
INORDER
POSTORDER
PREORDER
INORDER
INORDER
POSTORDER
POSTORDER
POSTORDER
PREORDER
INORDER
LEVELORDER
INORDER
INORDER
POSTORDER
LEVELORDER
PREORDER
LEVELORDER
PREORDER
PREORDER
POSTORDER
LEVELORDER
POSTORDER
LEVELORDER
PREORDER
LEVELORDER
PREORDER
PREORDER
PREORDER
PREORDER
PREORDER
INORDER
LEVELORDER
POSTORDER
POSTORDER
INORDER
POSTORDER
PREORDER
LEVELORDER
POSTORDER
PREORDER
PREORDER
LEVELORDER
LEVELORDER
LEVELORDER
