947
8766 903 6630 1532 8822 8301 2218 880 9338 7040 1795 9596 5782 7978 4828 6860 6830 5785 2863 4004 1050 6739 2665 8837 589 7313 365 6245 8092 482 4017 4710 7559 2587 5399 9088 7089 3036 370 8414 4239 7819 2870 2580 9755 8067 2238 8117 650 6163 4963 8968 5014 5359 2266 9733 8353 2455 4151 5128 3642 413 8991 6115 2768 6540 9281 3384 3299 4193 6200 2873 4666 3079 5395 1001 9080 1125 7832 9938 3171 4214 4147 7503 2152 3052 265 4485 5094 9787 3216 5523 571 9003 1348 5879 9296 5228 1644 5850 8291 373 4251 8981 5624 2547 9173 6399 631 3770 2490 4146 5524 5037 9014 6702 1103 6807 7485 5865 1106 6060 6974 2989 2672 8245 8439 5883 9362 5982 4775 7695 5894 7062 2525 4948 8845 4909 8758 1393 2085 6906 7420 2527 7776 2897 346 3345 7752 1116 4341 3240 9388 9039 9656 7474 6492 862 6682 9719 2340 7689 5847 5571 4095 2269 763 505 4091 296 9426 1343 6434 5680 7025 3894 6587 6430 94 8024 182 1635 5371 7208 3858 7238 3526 1934 900 8462 881 4908 5896 182 4296 8229 7456 1459 9019 7030 2350 9992 5014 3426 8130 3398 151 4465 1345 4759 6740 1641 3608 141 7724 4581 536 9807 3583 2104 5416 9158 1043 7804 8948 795 7631 9955 9747 9579 6033 3929 1714 7711 9645 5472 4019 3806 1361 8974 3932 4451 1671 9544 8594 365 4362 5043 6559 8748 2441 1736 9674 134 9797 2717 7063 4496 4241 5999 2926 7822 7781 1834 3468 6982 3295 2651 4548 6986 6241 6565 4609 3219 6718 1300 6880 3568 7070 8506 7782 1372 5058 6188 9265 5052 590 6768 9623 9163 582 3803 8464 5950 3415 2060 8962 4402 503 513 900 9010 4795 3769 8212 6680 8529 3383 7680 3504 4143 4292 198 1270 2163 4268 7481 2316 3936 151 6086 7389 6512 5038 1176 8375 4284 3179 8749 708 8815 4353 3820 6775 3452 7430 5253 5061 5537 8898 4214 2726 3568 7386 5605 3280 6324 1114 2472 9900 8961 4219 5371 1730 9157 5720 9060 4787 5441 8968 9287 1184 2896 2212 684 8296 4336 3655 5901 1638 6957 1076 3981 5547 465 4878 9475 6242 5990 3340 5510 9137 5049 4322 2661 5040 2787 2660 7526 950 9541 2149 7104 7390 857 3230 5349 2211 1083 448 8393 9552 7451 4442 6751 8032 4838 9764 199 8991 2472 8589 7212 7857 1181 1662 5277 7808 8792 6953 2584 5300 2181 5032 6909 9036 123 8993 1962 9418 2444 8215 553 1898 7039 9120 2503 4101 8208 1775 4668 8642 1811 1130 5445 2592 6949 7316 6276 1601 822 8300 1728 7894 7103 3437 2564 1077 7440 194 2764 4622 9693 1211 1366 6037 1952 4970 8793 8306 7218 2894 9393 1679 5133 2721 2973 8067 7801 6539 4155 6601 324 4704 181 7614 5835 6121 3462 1759 7480 1840 1557 8647 2325 2618 7558 3929 8769 515 4069 4093 6497 1156 2540 1050 3493 2538 5262 5877 1924 5926 4626 306 5844 5245 7338 8394 3189 9143 4947 7720 2319 9974 631 4033 2916 6076 8726 6675 1125 5143 3792 8759 2519 5855 2263 354 4984 8048 7073 9075 2900 3565 4661 3619 5862 3574 9797 7848 8501 969 8568 3910 1829 9386 9711 7267 1261 7168 9374 7140 5062 2170 9821 9779 5138 5470 1899 1904 663 9549 9744 6095 5636 6057 1574 3595 7962 351 5147 3708 7895 7364 5858 8132 196 6599 7371 2636 611 8421 6078 6670 1644 2783 8661 5221 2374 8977 1457 4249 5393 3376 994 9962 6435 3814 9156 3841 1846 8901 8855 5825 4549 173 3063 9623 868 7550 1846 1076 479 5229 613 5092 9878 7873 1894 7096 9273 5747 3931 9624 444 3041 8566 5801 2949 2082 8995 1453 9926 3399 2012 6504 3795 1266 1230 6456 7001 6632 6766 8131 9875 6574 5971 211 3646 2748 8441 5188 3146 5471 3319 6553 1961 8804 3277 148 9141 7768 3465 7717 6476 1187 9386 9910 3881 7697 4312 2084 4651 3700 9386 1711 4980 3342 7797 9341 5706 2873 3664 3060 7477 9513 9580 3240 5776 2646 2105 2871 6614 1682 3802 3433 1326 1647 9666 6390 5799 103 1357 1225 1814 2302 876 3394 8861 8805 3227 4421 1187 9868 1898 7768 3794 2627 4209 2861 9189 2016 4660 2505 2008 4222 1380 7769 4339 1085 3623 3307 2420 2883 8897 425 2558 4535 6828 6348 1599 495 5239 7209 9293 6739 5412 8566 4065 3026 916 3389 1627 7975 3416 8339 6410 9031 8165 4801 2047 1374 6040 3284 4330 756 487 3142 9143 7787 4848 6945 5599 6062 9102 734 6701 9253 1490 7882 65 6325 4877 9306 9684 1413 6 3545 2788 7894 9538 6652 6229 9399 4838 2759 1597 9063 5919 8522 7131 2378 9070 1755 7752 3631 7181 8710 3260 7995 7389 1956 7917 6798 5366 7752 663 7670 6728 5355 777 2875 3813 7039 2926 6291 3037 1735 9355 1687 289 7234 9931 707 2863 5838 3402 3386 2117 7076 7722 7408 221 1096 8534 7057 3021 9603 618 2292 4681 8694 633 5879 5077 489 9835 4377 5391 5569 3252 2162 8154 8448 7647 2187 5128 1039 2622 1515 5130 4826 2052 7273 8377 4502 4695 7377 3573 9645 1495 3322 2887 6161 883 2899 2244 4875 9253 7441 5599 9632 7563 3478 4444 4214 6756 2656 4542 6739 3065 7399 4287 8616 772 9203 5734 1098 4972 8132 3764 6714 1873 6616 7402 1676 9993 1484 632 7030 2434 8183 9051 7245 421 9265 7332 6258 8203 8835 5468 3477 7804 629 1298 5334 5273
94
LEVELORDER
INORDER
INORDER
POSTORDER
INORDER
PREORDER
INORDER
PREORDER
PREORDER
PREORDER
LEVELORDER
PREORDER
POSTORDER
POSTORDER
POSTORDER
POSTORDER
POSTORDER
LEVELORDER
LEVELORDER
LEVELORDER
LEVELORDER
PREORDER
INORDER
INORDER
PREORDER
INORDER
PREORDER
POSTORDER
POSTORDER
LEVELORDER
POSTORDER
LEVELORDER
LEVELORDER
INORDER
INORDER
LEVELORDER
POSTORDER
PREORDER
INORDER
LEVELORDER
POSTORDER
INORDER
INORDER
INORDER
POSTORDER
LEVELORDER
INORDER
PREORDER
PREORDER
PREORDER
POSTORDER
INORDER
PREORDER
INORDER
POSTORDER
INORDER
INORDER
LEVELORDER
POSTORDER
LEVELORDER
PREORDER
LEVELORDER
INORDER
PREORDER
POSTORDER
LEVELORDER
POSTORDER
POSTORDER
POSTORDER
INORDER
LEVELORDER
LEVELORDER
LEVELORDER
INORDER
POSTORDER
PREORDER
INORDER
INORDER
POSTORDER
INORDER
LEVELORDER
PREORDER
LEVELORDER
PREORDER
LEVELORDER
POSTORDER
LEVELORDER
POSTORDER
PREORDER
LEVELORDER
POSTORDER
PREORDER
LEVELORDER
POSTORDER
