6545
1
1929
-7018
4915
8884
3069
6022
-8374
-7867
4960
-6189
-529
-4490
3304
4862
5115
537
3956
2267
2226
-9616
4665
-2843
-2552
2595
1766
3100
-8637
-7137
-6092
-5043
7165
-8019
-6291
-401
-2907
4140
3392
7481
-8585
7166
2616
-3207
5241
-7948
-7419
-4456
1073
-1755
9173
-1301
7682
-291
8566
8731
2433
-8641
-6251
5006
-2923
7978
2398
5529
8585
-674
1556
1419
-6023
-2422
-7034
-4068
4241
478
9752
-9950
-4140
-1966
6877
7793
-6541
5163
4711
3905
-9939
-8870
555
-618
5329
1500
1365
-6183
-2454
-2425
-3661
8282
8173
-3095
-1988
-5259
4068
2769
-1297
574
-4990
-6109
905
-7418
1438
7530
9178
8149
1077
-9996
2334
-8632
-4304
9051
-3183
-3461
2038
8913
4932
9990
-4046
-9329
-2644
-8808
-4631
-9799
6563
9834
4788
75
2504
269
2981
-6783
-5137
-8536
3941
-4529
-912
-2666
-9209
-250
7952
9270
-167
-6665
-7472
6898
-6666
9112
1766
-9143
625
4830
7057
6796
-4893
8398
1186
9214
2124
-324
8848
233
2732
-2510
9517
-7432
3722
-560
-396
756
8874
9965
-7738
-5555
5854
-8065
1296
-6377
1411
4826
-3597
-7751
2619
-8437
2294
-560
-5539
4148
-4125
1412
2304
3462
7755
1851
3232
-7295
1641
-5882
690
-7796
-1635
989
-4460
-4669
7807
-7109
5563
4989
-2310
3104
-42
4126
560
9123
-6693
7982
-1846
3614
5463
7750
-5986
-4263
-5852
-2931
4835
1955
-2265
1157
6061
493
243
6557
-1378
-4068
2183
-6378
5294
-5770
-1136
-2760
-1348
9394
-343
-7165
8489
3647
-9654
-2434
1356
-9308
417
-9300
-1539
2949
-2719
180
-9317
-7438
1412
1830
-7346
1373
-9601
-1197
-9761
-4344
-1895
-7717
1950
7258
1322
9
-8490
-1490
9601
-277
4775
-7646
650
-3298
4248
-2439
-8140
-3799
-5531
8973
-8223
3592
8295
3251
-9781
-5585
-3549
-7956
7546
2496
7348
-5759
-6816
3372
5830
-8479
8117
-8096
8049
9948
5263
-4238
-5990
-8895
2894
-2748
-5762
-7247
-58
1544
7521
-319
-5298
2829
-6468
3309
1991
-3130
4490
4589
-9771
8866
-7352
8003
3546
-3947
-6031
-3932
-5338
-8414
900
4175
1257
7475
-2662
5651
6012
3047
-4477
6543
2874
-3103
8543
632
6113
-3601
9276
3103
-8609
2694
-6415
-6191
5225
-7732
-3630
9946
-9820
7447
3361
4225
-74
-4806
4035
1487
-1118
1247
-3850
-8512
-3714
-2169
-959
925
4007
7672
3989
-8396
3814
1953
-1123
-3271
-5622
5977
-1860
577
4043
-5304
2868
-7259
7607
-3266
4871
-6711
382
-3700
4325
-518
-4228
-5284
-9559
1800
5118
-6011
-5976
3944
3002
1875
-2710
-9684
-7161
8038
5449
1035
-6331
-853
3988
541
-2323
1618
3340
6265
5334
-2994
-2577
672
-496
2551
-6726
-2493
8068
2169
1481
-888
-6266
1339
-843
-3368
-518
-7037
-2713
-3290
-6691
9947
9227
8911
2249
-1470
1614
-7166
-3407
9195
2521
-3125
8783
-8692
-9514
-4575
-4061
-2936
3070
2297
9186
2488
7999
1979
-7656
7257
-1193
-941
3519
8348
-81
-6152
9681
7041
2280
2387
2934
-9984
2757
-173
2599
-1954
9300
1217
8734
5721
-2234
719
-8270
4020
-3399
-5789
-6123
4556
6148
6693
-3704
-972
2882
-5011
1093
1781
-8145
6799
-8145
-4111
-6247
-2150
449
9215
4782
8526
-580
-1105
-3135
-1589
-3222
5399
-2740
35
7870
6921
160
-3948
5811
2417
-200
6967
-5416
-2960
-706
-9988
-8666
-5819
-1709
3228
3126
5790
552
9976
-385
4182
-3397
-5728
7564
-3324
-9530
8245
263
3314
5576
-6261
-7165
-5487
8642
8415
-7509
-3665
-8849
-712
3784
-8725
-2398
5607
-8542
-693
-9609
4061
-996
-1709
-9845
249
-9811
5412
-1157
-6567
-2057
-1812
-3348
2946
-5964
-7967
1407
-1655
8380
8142
3239
-1798
-1216
-4115
5391
5446
4885
9512
-6398
6325
-9372
2890
2035
-5213
-525
4292
-6646
-3548
-6864
6718
-28
3121
9333
7175
-879
-9236
2197
-6937
3236
-241
546
-1925
-1104
2011
3981
4259
-4549
-6494
-5242
-2323
-2456
-473
-3669
-7751
-8396
-4100
-943
1115
-8334
-8933
-9592
-5660
5330
710
5038
7015
-8117
-9016
-2846
309
9269
517
9439
-9827
153
8913
7092
603
-2375
1892
6831
196
-9447
-5877
3281
2314
8626
9204
6804
3656
9050
40
-733
-9061
1401
-8602
-6726
5135
-6746
5383
363
-797
7629
1216
-500
-4571
-6904
-6909
-2257
3690
-3632
3338
-961
2159
4579
-4846
-9271
1985
-7263
-8405
-34
5198
-9898
-1851
652
-1998
-3275
-6074
382
8213
-4093
5732
624
4404
-8027
-8158
-2309
3595
-6154
9841
6139
-9995
-6369
3964
1700
-6501
-3981
-6505
-515
-8764
-3605
-2628
728
9673
-3944
9125
-8466
2284
3771
6884
-5715
51
2594
-5869
4425
-7272
3065
-6594
2429
-1116
9780
-8192
-7032
-4363
8118
6968
-5579
-3886
2406
-7456
6550
6465
-601
-3268
73
4020
5389
5383
5639
3556
9236
7523
-3255
-5823
649
-9177
-3270
-1069
-5278
-1916
3176
2119
2567
8577
-6552
4118
-9595
-7690
8718
6310
9550
-7041
-8805
-233
1084
-6207
294
-2984
269
3862
7670
5660
-9741
-5604
4927
-7773
770
1218
-342
2869
-3673
3459
-4855
4350
-8038
5338
-9423
-2122
-7788
3585
-4920
-610
-8335
-9935
-3174
1322
-4891
-3158
-1565
1565
2400
-2058
3183
-58
5451
974
3517
-714
-987
6595
-7719
6883
8473
-7308
-7781
4051
5266
-6016
2286
2635
6392
-5817
-7168
-7002
6320
5701
6283
-6160
-7403
-7314
8815
4219
5907
-8527
1696
-8851
-8195
-4687
-6455
-5674
-7344
-2737
8687
3486
3730
6427
-6644
7750
8476
-9424
9258
9534
-4389
1510
3134
6290
6422
-4732
-7502
-101
-3828
-3872
-2012
-7087
-5740
2254
-3175
-9617
-7312
-2526
315
8141
705
-6673
-5638
3299
-5681
-2334
-1562
6430
9386
3567
-317
8389
-8429
-4328
1405
-3114
9995
9602
9503
-7135
-9268
-4039
7244
3613
4720
-6168
-4418
-800
4132
695
3421
2891
-1238
8322
-5246
-7798
-9186
2620
8821
-3679
-1201
2131
-9138
-9308
-289
-6787
1408
8338
5084
-8604
8181
8524
2438
-7296
-2824
6126
2278
3414
-2799
-6388
-2729
5814
3157
8183
2629
-6737
8288
-1274
6961
5438
-6145
-443
832
-1037
-6117
-4154
-7228
3897
-7350
1291
-6768
-1997
7609
-67
1042
-7581
4339
-852
8871
7447
-3097
-2497
8549
3011
-7853
3088
3814
2610
-6093
5431
7241
9996
4468
-6220
-9346
7943
3698
90
4111
-2693
8054
-5974
1587
-2336
3045
8694
115
-2300
-9106
-1723
6950
4322
-9500
-3701
7025
-3408
-1918
3789
5467
1646
6768
-2710
3477
5232
4231
-5638
2736
4633
-1515
4911
-1858
1474
-5060
1899
4601
6090
1205
4579
1449
-5602
-9209
-7045
7482
-4813
1393
-4048
-6780
1475
2986
-268
9489
-6922
4660
6736
7840
7503
-5942
8011
4992
8179
5444
-6645
-1169
-68
-2828
-3021
-2025
-7446
-9153
-9810
3508
7599
5397
6869
3945
5483
7177
-6363
-6318
1531
-4969
9586
-1382
6092
9912
3920
8874
4169
2431
3375
9725
-1872
9856
-1396
-3774
-5460
-7587
3919
-9165
112
6032
-9598
9828
9412
46
-5764
9427
8456
7898
1028
-5231
993
9418
-6896
7278
1267
8908
7109
-819
7054
-7035
-7234
-8910
-8144
8311
-7388
-7931
5143
-60
5444
5339
-3574
892
7267
-1784
-5688
6098
-4834
-2736
9287
-5439
3994
-5386
-2102
-9581
-8925
-7937
-236
5949
-6855
-5561
-9473
-3045
-290
2525
-3992
-4590
-1064
-7546
-800
6970
-8571
-832
-3010
2454
-7683
8996
-7417
-6205
5831
-8100
-6292
-8793
-5594
3492
1045
-3672
-3503
-3352
9446
5800
-9755
2302
-5428
587
-6155
-7400
-8569
-1030
1369
-8950
385
3026
5520
3619
-7400
8771
2802
7992
-454
-5668
-9806
6450
7909
-1768
817
2359
9530
-8831
-1882
8535
-5371
5950
2899
7195
8121
-9836
-5093
-2450
7783
9151
5594
1399
3178
4931
-858
-6093
-3022
5779
5685
395
3167
9916
2931
9857
8948
3618
-6460
9156
-351
5399
9955
-1988
5602
7515
5702
9130
8195
7000
-76
6800
-2848
8465
1968
-6020
4522
-585
5011
-6461
7351
-1655
-2047
-1432
-5185
7560
-3035
7573
692
-447
-4637
3357
-5900
-6853
8596
-410
1643
3758
8163
1473
2004
726
-2506
-3271
3056
9860
8789
27
-7290
6836
9367
2033
7621
2221
-8988
-2145
-2956
-4377
912
-8421
6214
3317
7834
-774
5965
-9874
1253
4946
-2860
9176
2876
-4683
-3543
-624
8834
7970
8352
3069
1425
-8278
-8140
-6553
7777
3675
-5088
3967
2533
-6051
1659
-4155
9223
-3763
4487
-1904
6668
-2908
5968
-5065
-8421
4376
-6276
-1736
-3660
7527
9185
8639
-7442
-5360
-5918
4825
-7959
-4958
-8936
-2262
9562
-5356
-8399
-8715
-5512
-9577
-4161
6471
704
-291
2246
8354
5436
-1585
-3832
9846
9374
-9265
-8224
-9314
9405
-3814
-8322
9951
-198
-3126
8836
9954
-504
7848
2834
-3878
-1898
9662
-2333
1874
-113
3923
-6890
-7486
-2482
-1876
7575
1220
-9564
-5457
4760
-9506
3283
2781
6283
9172
-7160
2138
-2648
1395
3543
-7578
-1990
-2623
7479
-6486
760
-2888
-3629
2496
-9985
9352
-1752
-7414
-5934
1098
9636
-5729
-9269
-8380
-1430
5409
5324
8773
2902
-3822
-7857
-3458
5178
8850
-7758
4677
-5467
-5690
-119
363
-6875
-7077
-2658
7311
-9659
-109
-2932
9055
7249
-3884
7729
-8543
9239
-3898
-2271
701
985
7833
7466
-9225
-9936
-2435
5251
-215
-9678
3266
3694
-7723
-4299
7594
-7373
213
515
906
-9575
-6195
7583
-799
7496
6646
5756
7001
8040
-904
7855
4759
9292
3241
8049
-4802
-3754
-8608
6270
-1899
4221
-9271
5755
943
3428
5820
-4735
3386
-6311
8524
-8868
4030
-7663
1089
2559
4589
408
-4289
-2864
3043
5415
2613
2648
-8207
4237
-3769
7761
-5633
-3061
-1729
-2722
1644
4860
4267
-8499
-7936
-1338
2520
1254
-7040
5409
-5763
7382
-377
1230
-1256
3481
9285
7583
485
-1467
7255
-1682
4903
6366
5938
1642
5424
-7677
-352
-3506
5192
-559
-1560
6667
9681
-7270
-5493
4813
-1884
7234
-1788
-396
-5829
113
2459
1487
-7392
2318
3414
5711
8351
-3040
4344
-3368
-2530
4759
-4152
-6068
75
3160
-3927
-4600
7746
2472
-8260
-3150
-1504
6580
1878
-6873
2010
-6567
-4361
3977
6233
3411
-9527
7463
131
-2023
6461
548
-9576
-8323
6824
-2709
8403
-1287
-501
7792
3179
-2884
-4189
5365
-6159
-4314
-4634
1016
-2023
-2210
7300
5691
-9273
1991
4903
676
-9789
-7276
5740
8373
-8938
-6206
-5659
4701
-3384
-6378
-5296
-5347
801
970
7959
8311
-2463
-4502
-328
-3608
8398
-6379
-6548
-3198
-9506
-1165
9425
-4181
-5582
-1376
1866
-6858
-4398
-7012
5756
5723
-927
-1792
4661
-5167
392
-6209
5232
-18
-305
-4188
9751
-6204
-3226
7902
7566
2381
-4675
4854
-2618
9063
-534
-6118
-4007
8770
6782
2868
4781
2600
-7298
7005
9069
431
-8558
6796
-4244
1652
1591
-6045
8237
-9603
-2017
2405
6783
3901
2346
-6640
2386
-7737
-1940
-3741
-896
-2087
-8860
-252
-3745
-8338
-565
7584
-2950
-9001
273
-3289
-3831
9161
-2265
-8493
-9384
-7579
7863
4930
5248
-6514
-2004
-4380
-5151
7926
-8547
-5226
-8894
-7445
-3185
-6474
-5716
-8003
-5695
5151
3778
6060
-5603
4980
8900
-9912
5725
8586
-7869
8743
8950
-5742
-3286
6783
21
8601
-3648
7455
-1545
3332
1722
6487
-1391
6921
-1666
-4727
-5567
96
659
7179
-2800
-6406
-128
-4457
-5410
5622
6462
-8429
5660
7532
-1259
-618
-2549
8856
407
1725
-1116
-6312
-8118
-505
-4568
8448
2973
-3485
29
9416
3614
-7636
1888
-5437
-6990
-7928
6838
-1595
2593
8673
273
4781
-5409
-8624
-7520
9115
6744
-2432
1291
464
-5324
4723
-2266
-4216
-3528
-7427
9860
-5238
-9045
-3169
942
-59
-6909
-9334
7353
-1523
-5584
3466
-8906
-8471
8454
-4756
-6699
-6187
-6039
-9253
-6667
-8190
7636
-4172
-8569
-1034
935
6725
-7638
9682
-9354
-6518
209
3087
-2137
6142
-2837
-1014
2527
-5479
8928
4333
-4826
-3784
7076
108
3202
3134
6611
-5975
-9749
-788
2269
-4293
3387
-8146
-208
-4538
-4165
8899
3202
-24
9964
8165
26
-9601
-4923
-1083
4202
-432
1843
1503
-4039
1347
-8131
-5111
3576
633
-8442
293
6268
3396
1974
2395
6793
-8959
-6778
8202
-9910
-504
-4340
582
-6926
1968
1609
2941
2068
-519
-8426
-4661
-3793
-6312
8000
1097
2899
9145
4029
-6109
5880
7324
4107
3342
-9655
-5457
5249
9508
6365
6806
-1269
6859
71
-486
4334
9119
-7081
-3497
1799
844
-1621
-2282
-6406
9876
-5745
-8389
7556
4180
8615
2830
9222
-9648
2
-3049
-783
2614
3532
-1531
2980
5854
7968
3939
6175
5775
2646
8175
-1273
2346
40
-1454
-8723
6378
3561
-7324
-8607
-7951
-647
4288
-5523
1249
9354
6360
-5195
5756
-1540
8662
8396
3413
7878
-3301
-1133
-4537
-3231
8587
-6250
-1496
90
-5785
-4380
7101
-9509
1506
-266
4647
-3355
4144
5489
-1978
3792
-6315
-2054
7407
4828
5642
1662
-3609
6542
-5260
8795
1508
-6702
1999
-1680
-6855
-1177
-4285
-1776
7338
442
141
-1419
6177
7154
1561
-4454
3078
-176
-6795
-772
3978
-4927
-1321
9015
4885
9311
-7351
-8919
-2624
2516
631
9088
-4077
6758
5908
-5239
4176
-74
-9950
-955
-6164
2765
-4357
6863
-5463
-8352
7070
-2172
7917
6668
6378
4486
5235
2631
-4549
-6865
1744
5226
5035
7461
-9752
589
-6261
-8912
-425
7577
158
-7860
-1669
7307
9107
135
5116
5683
-129
7175
-9749
8463
-3957
-2322
9721
3247
181
-6321
-1537
-9602
843
-7385
9886
-6020
7630
9979
-9363
-8171
3076
-7590
-9355
3517
-7341
-7846
-4466
5246
5977
9799
5755
-6916
1114
-1702
-2420
4897
-1177
5201
-8723
2067
327
-9853
-7539
3642
-7700
7477
63
-1300
-830
-8020
-3941
-7182
7085
7542
2879
-8822
6756
-2827
-2437
-6221
-8808
467
111
-8496
-2910
-1961
-7758
-6374
-1008
-8107
-4670
-6558
6307
6643
-8350
4012
-5314
8954
-452
-3258
-9826
-1244
-1643
-5339
-8122
-9094
-6131
7218
-7822
-4645
-726
762
-9183
-1972
-8101
1902
-5602
6126
2554
-5783
1959
7563
-1684
-5348
6275
-6402
-1938
7249
-2351
4253
-9283
1471
-3156
-1442
3098
-9336
8848
851
1339
6503
2001
2971
9428
-8199
8251
7618
-516
3937
-9334
-1888
4714
7642
8822
4867
-6191
8529
-7857
485
2090
-4825
5033
-7264
6331
-7857
-8541
7656
4596
9013
3040
2838
5212
2629
-5699
1541
3963
9656
5327
9133
1091
-3202
4607
-2535
-9243
-1162
7419
7498
-5640
-4154
6212
6942
-9654
-4819
1511
-2745
9962
-45
-1031
-2171
-6758
866
8703
6450
-2209
-5083
-8466
-8741
-6938
7522
528
-8648
3012
-7634
6155
-3811
7405
5747
-4974
9809
-6846
-3645
-9802
-2822
7308
-2366
-3781
7729
3712
-7117
-2069
3230
-983
7214
2606
9175
-8673
9260
-5614
-3098
-9033
-1491
4107
3546
9429
-7332
-7345
3981
6859
3380
3427
8041
-2262
2840
5622
-8820
6523
1671
1565
5238
4555
-3681
8906
-9781
-3714
-2492
4318
-9026
8917
-5330
6758
-289
-3011
-35
9458
5195
2440
1165
4219
9209
6980
7415
4305
5874
1177
-3580
-8782
7480
-7033
5208
-1609
-7498
2126
-6296
-1173
-5357
-5881
-7921
9771
113
-4850
9694
-8650
9581
8617
964
-6854
1534
231
9332
-9959
8676
-677
4346
-2084
1647
3966
-8696
-6477
-8504
1138
9757
-8637
-9093
246
5686
-1783
5651
-9592
-5041
151
-434
-2102
3603
3612
9737
-5905
7121
-4617
8736
-3730
-8277
-4348
4187
-9945
9342
2408
-568
6934
6854
-1814
-1336
66
-8130
1371
6961
461
1782
7620
-2631
-6390
2207
-106
1850
-2989
8032
5568
5280
-2140
-9640
7686
8080
8155
9496
-4013
-3291
-6425
3415
-1948
-6695
1822
-8259
-1334
5960
-9637
-3513
-68
3113
-4230
1039
-413
-1623
6632
1375
8601
1309
-420
2828
8717
8915
-1676
4629
572
-1753
-9763
8009
-514
-7200
-8380
-1134
7169
2287
-5335
-9385
5567
-9522
-4916
7950
-6003
4975
-298
-9948
2650
8049
-4187
678
4518
6626
-2383
291
-7926
2471
-2895
-1036
-9755
2704
-5470
9281
4599
-3202
992
-6128
-4477
-6289
1633
1867
-8975
-5138
-2492
-7508
-5911
-4513
1308
-2777
2646
-9704
-4310
-8449
-9693
890
-606
3697
-6438
-2962
953
-9051
2659
7051
-3064
-9428
9248
6447
-8147
4749
2036
-6070
-5074
-1938
7854
5672
-2071
-7574
2935
25
678
-6986
-7235
9784
5199
-2540
-6272
-3280
-1792
-9791
-7986
6042
511
6164
9778
-3437
9240
-2249
9166
-2780
-6568
-846
8575
8090
2810
-244
-2637
-3349
-4406
-4148
9003
3
-9363
-7573
7812
-5509
-6078
6430
-5709
-2757
1575
3865
8039
9632
4113
2896
3141
-7338
-4245
5309
8842
2788
4283
-9639
-2071
6782
-7545
4885
-5927
-2297
-9621
-3615
-1291
-7167
1997
-2371
-2412
422
6936
-5637
6599
252
8335
-6732
4102
-7773
7103
-2078
3218
-3347
-394
5753
1340
7574
-6547
7592
3508
-936
-3312
-2062
2901
-3333
1692
-6831
6012
1615
-9183
-5740
-2229
3123
3945
-546
-6933
-1156
589
9056
-4569
323
-3173
-4723
9093
-4373
-614
8634
-5835
3179
2372
-2584
3577
-3984
-8300
9578
4633
-9047
-1192
-1470
-4771
6227
2948
9592
-3131
-2102
2678
-4602
921
-6437
1261
1921
-3203
2992
8106
-8675
5315
2815
6682
-3294
3900
-7497
3628
-6676
-854
-2526
955
-9779
-5488
-4835
-4937
4206
4149
-63
4948
4018
8924
7840
2100
-3428
-8926
9292
9950
3372
-7304
-8553
-7150
-144
-698
9812
6536
1592
-2967
9451
7154
-9119
-7211
-341
5169
-6930
4398
7208
-2425
-9017
-7601
8775
-125
-7228
650
7176
-1282
8056
-2689
-8209
-505
7777
3337
-3217
-9772
-8090
8486
2824
4554
7727
3233
-1642
-935
-1731
4381
9903
8019
6028
5102
7384
-8976
-8526
7816
8192
5492
6719
-1686
5158
-3758
1326
-2309
9943
4972
-5414
7889
-5706
-7912
2599
4096
-4419
3357
4412
4406
-7940
-7119
263
174
6936
2941
-3517
6923
7369
1993
5229
-7901
-1134
292
-5949
8733
-9572
-3106
-2849
-7006
-5838
1582
4412
-8496
9356
-6769
9743
8258
3666
-9226
7386
8874
-6850
-9317
3056
3771
-8086
7530
-2635
-4883
3233
-3506
4676
-2345
-8489
2800
-9028
-3524
5454
6314
8457
-651
7679
-820
9651
-7737
-7909
-5327
4015
-9654
543
9851
9684
3539
4577
9956
-4044
-5933
-3806
-190
1277
3387
-1950
-5695
3808
528
3263
-6353
296
9015
-6226
-7579
-3520
-2695
-4986
-7283
-7676
-2300
6904
-7890
-1028
-651
-3361
-6050
-9995
-4593
4182
430
-7872
3125
9902
-3160
-8496
4489
-7507
-7890
-8620
3529
-4611
1606
1714
3881
-4557
-2441
-924
-1896
-6396
4731
-2756
-5625
-705
189
4417
-4315
3876
-6042
-5516
2813
-8610
-6811
-2180
2017
4906
4793
2785
-1698
-9650
-3121
-505
-4788
4811
-6213
-240
-4136
-5742
-8133
-1286
-8378
4401
-2095
-5523
-139
-3752
-5219
-1137
1694
5271
-7018
-3160
3405
-9574
7414
-7723
-370
3595
6304
-5117
9307
9468
6739
-9113
-4435
-2148
694
2293
1744
-6382
-7357
-1844
9859
-3624
-6595
-6184
-2259
3909
-2749
8608
-8010
-8301
4862
7426
1155
5929
-8968
-2511
-1312
5446
-8489
-7430
-7532
-1423
-4140
-6203
-8421
-4057
6264
1521
3959
3913
-8758
3857
6832
6685
8085
-9153
-9799
5517
9009
5393
8861
-6786
-6535
2197
546
-5289
7342
-1765
7575
-1727
5078
-3052
-2724
8607
-848
-8903
-7272
-1504
-8610
2060
-5020
7750
2369
-7280
3332
2648
9185
4692
6872
-6135
2403
2677
-8641
-3408
-653
-4004
-6620
-3003
-4477
-4867
-4239
-8244
-222
-8188
-6918
-1562
-592
-3426
5534
6596
4064
1493
3298
2429
930
-2724
8632
6699
-7187
-7819
160
8631
1112
2594
4312
-2847
-1102
3365
-8064
1863
9118
-4320
-3171
-8654
5373
1723
-2211
6832
-2118
98
-3977
6831
-2318
-6821
-949
618
671
7384
-97
4227
9764
4648
6345
-705
1157
-6878
2484
1150
-327
-3684
-8550
-5045
1728
-994
-3933
2565
-9956
-1696
-1809
1964
6461
-1529
-3729
-3248
2611
-1553
-268
-3066
-3647
-5325
-8964
639
949
-7606
-3327
1377
6029
9988
5952
5033
-9466
7864
788
8372
-9285
2113
4821
8594
361
-7187
-764
-2451
-8070
2475
9328
-8669
5788
-6222
-5990
7437
3227
2747
-3644
6040
2165
8877
-1554
2511
-8872
-1465
-4791
555
-5142
-8422
-4454
2899
1048
-7318
-6874
-8087
-77
6564
7655
787
-925
5203
6289
-1785
7772
6193
7612
7638
-1415
1616
8261
5082
-8327
5097
7008
-8482
8390
-9764
-8142
1100
-8211
-8678
-1715
2287
-6759
-5580
3834
4789
-4925
7224
-3321
-995
7217
7746
714
555
2886
1916
-4541
-1498
-3621
-1867
1847
-4605
2645
839
-3912
5741
-9565
242
-1338
5488
9671
-3523
569
8782
-2736
-1989
2525
-5779
8355
8516
5221
6727
9606
3197
2001
-452
-4732
1472
477
5100
-6579
-3714
2573
7191
8093
-5900
-5292
-5654
776
-7770
2512
1512
1184
1860
9531
4514
3417
597
8213
9291
4946
508
4623
9370
7899
-6149
-7507
1062
3277
-108
-3011
3116
-1464
-5294
7703
-8686
-1569
22
5383
-3420
-1816
-7946
8633
9520
-9618
-8220
980
-791
-3912
-5318
9835
8196
-4560
6353
-3297
6830
7753
1784
5563
7557
8586
-4483
1077
-3064
4946
3440
126
-9455
9433
-5741
-8037
4311
9099
-5437
7738
7460
3633
-6877
-6176
7740
-1758
-9655
9537
1649
6931
7489
3083
-138
-1485
-29
-6337
-8902
-3866
5539
-3148
1965
9748
-8839
-8975
3277
-4989
5014
-4611
7966
7591
3226
-1236
-9790
7667
-2664
-6895
-6914
-3883
7256
8915
-8354
-2135
8136
-3832
-3327
-5903
7069
3704
-4301
-3567
3448
2779
7570
-326
-7189
7128
-625
7230
-229
-604
5452
1514
1275
-7438
-7873
-1698
-7324
6310
9257
-3255
-4341
-897
-3181
-9737
4671
-2029
-4160
1713
5798
-952
6909
1539
-6597
-9583
1178
-6841
3503
4861
4690
7686
-5177
8894
3794
2975
9435
-4369
-4818
7320
-2771
3619
5299
4335
8406
7613
9711
5284
-5396
8932
5902
-1745
-4678
6062
1035
7929
-3653
-3342
2103
-9486
-5925
-4522
-5507
8441
-2818
-191
5273
-6195
4169
-4480
-9361
1521
6162
3067
4899
9418
8725
-2258
-9951
-7358
-2039
-6439
9708
-9464
-4123
-7448
-95
-5992
-4132
-7673
-2699
5803
-5280
-2620
-5503
1460
-6383
-1398
7678
-5843
-2728
992
5016
-4621
-1470
-3695
1991
9401
4932
8992
9246
-5710
-9460
-4472
3558
9198
-3748
-9400
-5863
-1107
3988
-3342
5504
8415
6639
-9826
-6567
-1423
1382
-3730
-971
-2938
6865
5044
2067
5739
-4319
-2995
1144
-5439
9239
9838
-8675
6688
5143
9655
2322
2845
-9776
-6996
-2671
-5853
3466
2627
-2138
3435
-5874
998
-8865
-4412
8951
-566
-9685
4427
-7764
-219
2599
-5866
-277
7068
452
-5580
-8366
-9875
333
-6330
-311
-697
4833
-1555
1281
-9503
5895
-5881
823
-2632
5172
9660
-2916
-3448
-5669
6983
3365
-1607
7061
-1915
6661
-297
7466
-1414
-6498
6156
-8523
-6415
15
-1260
7920
7591
7004
-9019
6041
-57
8502
-9591
-7763
5000
4627
5595
-6276
3346
4085
6601
2919
-9594
1163
-8940
-7483
-6349
-2423
7080
-8264
9378
-2226
-790
-9108
-2071
-5514
4470
3546
-9104
2947
-1178
5552
-1174
6342
3619
1085
-1503
-8979
6965
6527
-9104
-5861
4476
6849
2997
9949
6121
-9015
-754
9400
-3082
-3469
-203
3910
6257
3867
5481
-8269
8127
-5208
5039
6565
-1796
-6750
9389
-7811
-2540
-9597
4489
5865
-7635
-8508
5518
3763
4293
-4318
-125
5830
7985
6883
-7816
6709
-2950
7114
-6558
-4991
-8651
3818
-9348
-9186
-536
-8865
2546
-7466
-5886
-5851
3219
7520
-3668
-624
9868
2161
-1595
-1398
2445
2649
-1508
-2732
-6366
-6712
-8205
1385
9080
8849
768
4558
-7725
6774
8486
-3915
8137
-2274
-7230
-5377
9779
-5259
8760
-6141
2862
-4367
1079
-4706
-6221
-7022
1553
4559
9385
-7022
-3141
5028
1531
-4336
-4000
82
-6023
7360
9592
-9772
8473
4827
-7164
9597
-6774
3233
2121
9796
-5871
5114
8175
-757
5295
9675
-9752
-8100
2443
-7445
4463
8262
-1480
-5694
-7774
8864
4151
-2292
8858
-2082
-9896
-7688
-3298
-4351
3679
9018
1293
6243
-9847
-7758
-426
2809
-8700
6556
-5940
5099
-3310
2051
1613
-68
-7642
3815
-4726
3912
1531
-3103
8099
-5187
420
8990
-6190
-2845
-8223
-333
-1090
-4887
7654
6115
1247
-7272
-978
-8649
-8468
-3931
2646
-5936
-1233
-9091
-9879
4608
7919
-2357
4712
-8557
8999
-2838
-6398
-9818
-7414
340
-5371
-2296
-1778
-730
4443
6716
1894
-7795
6650
6199
-5817
-8079
-2082
-5741
-403
5330
-3891
5586
-6627
-4990
5482
-5779
1559
645
-7143
-6111
-39
5280
4896
4111
-31
-5532
-8365
1742
-2376
3193
-761
-7735
-6211
1664
-3225
2449
-5430
-6557
-5214
8966
-9267
-1164
8220
7638
2978
1418
-5045
-7865
-4772
3849
-3056
1033
4302
-1369
-6066
2156
9721
-1466
-3588
5479
9662
3010
-12
8074
9796
-840
-1550
-2443
-6804
-733
3122
-8441
6876
679
7002
4558
9798
-4033
471
-9744
7182
9581
-6781
3643
7641
6701
5550
3123
7074
1361
3794
-1545
-8480
-9302
-5776
-9600
-8393
-9221
8335
-6937
4081
-508
-8225
1912
7189
3989
-5041
-7113
3702
-1995
3973
-5403
5047
-639
586
4079
790
-1622
7755
2929
9577
-4898
-4912
-9813
-2253
-7935
2563
-6381
-6481
8706
9090
195
2012
1893
7600
-151
-8726
-9886
-3130
3645
-2992
-100
-6699
7453
-2343
6018
3601
-2390
-2564
8350
-2955
9219
-3037
6623
-1003
5977
2164
-7384
5166
2351
-7164
5890
-1863
-2866
-9993
-8316
-7436
8419
3695
-950
-2186
-4034
-7698
6067
9856
5244
2321
7516
-2675
-7510
-7771
-31
5883
3380
5638
-1662
-5563
1320
-8993
-5860
4738
-7737
-5372
156
-2393
1994
-4313
-9844
-5752
-6843
-8107
5992
4982
-230
4117
-6350
1786
-5255
-3126
331
2678
2006
3148
5958
-8766
6285
-1115
1737
8194
4519
505
-4250
3285
8286
-7148
3187
-4619
3882
-6598
2650
-8041
2114
5808
1693
-6876
-5076
-151
8681
-1781
1786
2430
-5256
-1392
-8065
-277
-2758
4484
4460
-254
-4247
-2781
8792
-588
-1499
-3284
6598
2324
-3113
4791
-5759
4766
-2662
-8216
4154
5884
7821
-9128
-428
6502
7034
4863
9899
8260
-2095
-5625
-4759
-1849
2891
2734
-4936
4784
5281
-8690
8927
852
-3809
-7015
-5759
4637
-3658
-6590
-5817
-3994
-2603
4632
-805
-3146
7730
4261
7333
3685
4945
-874
9256
-9511
-1401
5889
2058
-9491
-8757
5819
-125
-1134
-4772
-9937
4613
8088
7881
9157
3954
4400
-8177
627
-7584
753
-7702
-4108
2681
2019
4494
-5876
-9675
1196
-8110
7826
-8362
-5383
-4150
-5637
-2082
-3385
7864
-7200
-4465
-3864
1668
-5506
9384
-6352
2374
-2697
6277
2358
-1572
-6056
-7851
-38
4379
1730
5148
5702
5054
-3968
-4930
-2778
-6523
3765
1920
-8972
-8523
-2993
-572
-8087
-8281
3818
6263
5428
-5888
4246
-5184
-3314
-5128
-4461
-4
-6228
2211
-578
-4395
-2776
8198
-7408
6607
354
2316
6512
-4601
3543
-9814
265
-9631
5018
576
6375
-1007
-9099
-463
4611
-9292
-3906
4061
8192
-208
-7305
-8317
-9081
-71
-2820
-8128
-1849
9773
3867
-2223
-1816
-3369
-8
8098
-7186
7575
-8033
1447
-8063
4708
-379
1248
-5957
-7587
-4311
-1917
5622
8522
1156
6766
-1589
-2546
7172
-5725
-7516
5629
3461
-9850
5229
-566
-459
8658
-2401
4404
-8970
3917
3540
1896
6322
7866
7048
7132
-5292
58
-5740
9101
-9128
3880
7340
9336
-8682
-4802
-6388
8601
4432
4446
-3773
-5060
6895
-677
-1793
-7219
1405
7480
-2067
7060
562
4790
-4953
2995
5251
8350
475
-548
1204
-7045
2260
4300
2117
7267
5501
7760
-3329
-7339
2503
-5899
3841
9251
-6324
5753
613
-7004
-2053
-7068
-2888
1665
-3864
-3264
3069
-9782
4699
-4857
5922
-1871
9118
1672
5719
5280
-2744
-1400
4383
-8048
2819
9881
-294
-5196
9868
-9632
512
9057
-6560
7871
-1741
3975
-3977
2432
484
1980
2188
8333
8891
-9533
7175
-5252
-1386
-6751
-1892
-4398
-6715
-8722
8446
9477
-4277
1415
-4265
5013
-7205
9654
-4132
-5335
7598
6099
-7469
2939
-2931
4999
1376
-1924
6088
2857
-5549
-4930
9247
-8518
-4463
-8164
-8180
7168
9504
9116
2697
-140
3011
4932
9661
7943
9078
9849
-6643
188
-3323
3619
-1379
5994
3477
8998
-896
171
117
-8661
-8554
-2673
3792
-4417
5481
7229
2410
-5881
-772
-9533
-8246
-6629
-1002
8599
-6492
4754
4674
1077
-1683
8914
8076
-6569
-9058
-8255
1187
1256
5509
-362
-2071
-627
4652
-2144
1294
7260
6518
-3393
-3948
7137
5628
7847
-908
3022
-3727
999
-9772
-4542
1959
-9705
-7732
7860
-1074
-5562
8640
7998
9898
1036
7872
-5833
-5882
-4455
4336
8536
-5773
9288
7648
-4033
-4889
-233
-1838
-1745
6549
6401
7827
-4362
-6418
-5578
-1476
-2779
6794
6358
-3383
4011
-7485
-309
-2715
-7867
-7363
-6852
7821
4436
611
-8329
-7915
894
-9601
-7099
-2460
1858
9209
-3578
1637
-3973
-9925
1362
-4690
-1731
-9370
3685
-4145
8972
6185
-3475
-2456
8418
5660
6972
-9882
8965
8755
-1502
-9464
2045
8596
-5560
-4075
-3510
7969
7183
-7331
-5977
-5125
-3555
-9954
712
-8232
2007
-1922
-4064
-3037
3242
8359
-6599
2056
-8779
4777
-7525
-1908
9780
-8945
4620
-7974
7035
-8999
-3013
-9000
5554
-5255
-8640
6562
4358
5354
-465
-2763
9109
2092
-993
-1369
5288
1068
-9937
1053
-6854
-5654
-9292
567
-8442
5716
-2989
1735
246
6444
-9346
-5156
-4999
250
1862
841
-2731
-1380
4904
2999
-691
9750
4535
-2002
-8109
-8749
-5312
-2803
-6779
-1342
2021
6136
1140
-4102
-3485
-7834
3271
9402
5044
3034
-5062
7761
-2594
2461
-1102
-1395
-4404
-2007
857
-2342
1318
-3634
3875
-9784
-1258
5495
1272
8742
1459
-5662
7339
9044
-8160
-7974
-4662
-3065
6736
-8951
-70
-5301
-5861
-2162
-386
-5904
-9922
5388
3121
3375
-3845
9894
-3283
842
-6903
-6076
4488
4430
8257
-6004
-353
330
-1766
-6511
6459
8430
5073
-8543
791
5846
-3479
4192
-3727
-9744
9507
4005
-6494
5891
9917
-8766
1483
363
1855
3751
-7302
-1737
8497
-6645
5501
8395
-6360
-1055
9927
-3649
6415
-5089
5251
5108
8453
7377
8312
-9272
7151
-4873
218
-2611
-5209
2612
-42
-1802
-9435
3606
5488
-6036
-7325
-9771
-3026
-1937
3558
3570
-4390
-2556
-3326
3762
-791
-5828
-4645
-6378
2703
7032
7687
4139
1448
4452
1605
9693
-4860
-4938
6588
-5244
-1522
-656
-9877
1532
4369
6212
-3
-2145
7043
-2637
-5775
-5491
-8222
1228
7509
-9396
2825
3780
2416
3118
1525
1312
-4415
-6391
-9103
-9258
-2888
7015
165
-5718
1195
-8641
7896
6270
-8547
3786
8162
-4607
7828
-3032
8659
-5467
-3641
-946
1215
-2074
8122
-9757
-3975
-9309
-9241
2547
6227
-4458
357
4009
8550
-1613
-6648
2965
-7868
8499
3223
1298
4816
-4833
5133
8819
-5629
-9750
4311
-6822
-5502
940
-3786
5925
-8564
-7879
564
-4126
9976
-6124
8464
1097
-7698
5074
-514
5770
-6450
-4717
-7939
-8943
-5294
-175
7415
-865
-8427
-9112
460
6688
7074
4331
-512
6477
-4289
2633
8165
323
-4446
2444
-192
5406
-7677
1410
-1503
-6900
354
2614
-9497
130
-5487
1896
8391
2750
-4003
4361
6206
-76
7915
2869
3750
-44
3329
6727
3953
82
-7109
6056
1900
-4949
-275
-1233
1435
7971
-7157
-2379
5801
8572
2030
-3514
-7009
6770
4103
6725
-3316
394
-8744
-7095
4400
-3212
8576
2642
-8820
8095
-6521
-4628
8605
992
-1976
4153
7429
7264
-3672
8026
4441
1742
5186
3386
96
-9521
5240
5056
3745
-6236
-3884
7525
-5313
-7905
2940
430
-1619
-775
-3821
2501
-9565
8696
2783
8274
8607
-4063
-9518
-5830
-3429
5493
-3986
-8976
3562
340
7863
7541
-9284
-6946
-1097
-465
9244
2304
7940
39
3573
-6039
141
6275
7494
-9607
-6259
-1027
-4241
9009
-9817
5164
-7458
-5903
7595
-6329
-2531
4378
7528
-7562
1048
5847
-7209
-7715
2387
9203
-8631
-7742
-489
1665
-820
6240
1738
-1040
555
9171
2648
8379
9344
-1504
-9960
-7606
-1000
-656
1809
2588
-8173
4117
-4769
-5690
-7742
7881
9336
-5514
-1668
-8264
-8829
6155
5038
1850
4939
-7376
5055
-3755
2442
-9728
-4406
8280
5868
-9930
22
-6431
-1744
-2574
9013
3422
-8760
1103
-4034
7639
7989
3680
1443
-3105
-2874
-1180
-3193
796
7607
-8820
1618
6837
-4754
-7076
5228
-646
-4644
3687
6334
2643
1035
7869
-3491
8893
-2725
-6077
-8745
7721
-6241
-3911
6359
-6367
-3067
-8810
-6351
-8714
-5813
-2319
-5385
205
-8647
-9191
-2098
-4297
-8179
8887
5270
4264
4
-9424
-9777
7039
3756
-3179
4127
3963
6614
-2455
-3027
-9409
-2221
-8212
-5512
-6747
2079
-6598
8885
6960
-6361
-5903
-5307
-2168
-7591
-4360
3220
-2900
2373
-7809
-761
4318
-5271
-4123
3046
-6477
-7983
-9947
7014
-5748
-3627
5197
-9474
5642
9896
-8052
-801
9745
-9923
202
-1453
2639
1837
-8280
3283
5018
461
-2067
-1093
-8733
2559
-8305
-182
-6803
-1522
8732
5166
1117
2581
505
538
-6667
-8439
-8531
-800
-364
-7364
-5529
-982
1989
8204
1002
-5309
-9374
-5174
4544
-770
5544
-6477
-2002
874
2546
-3078
-8877
-2436
-5934
2167
269
-4370
8405
-2699
4883
851
-4447
9533
6603
2789
5264
-9947
9339
2498
7593
-5728
-8942
6666
8449
-1138
8232
4148
-7262
-4622
-2265
4322
7919
-6680
-5370
8387
6005
-9445
-3549
-5790
1420
8536
-1069
2478
-4216
3983
1290
1276
-4346
-6301
3114
7494
-3754
3480
-4237
-2288
5319
-2706
5471
-950
5190
5335
-654
-970
-6517
-8805
-446
2388
9868
-8004
-4789
4491
-5660
8670
-2963
-953
-9053
9908
3359
-2027
1703
-4398
8155
8984
-356
9214
-2666
-8709
6053
4591
-3223
1362
-4078
2679
3431
-4352
-1408
9387
5008
-5057
-8191
2111
-7679
2856
-6231
2580
3633
1944
-3722
7967
7224
8458
-4215
-8205
8604
155
-7214
9541
3672
5371
-1708
-7621
1283
-3057
-8098
-7765
-8515
-5235
-7676
-7844
-147
-2996
3478
8986
-7328
-7416
-4025
-6353
8698
9428
7249
-2052
-7329
5673
-8269
6333
9760
1455
-3518
-905
9099
9135
4319
1222
5533
2054
-9170
6519
-2145
-1347
2949
7207
9408
-4754
-6235
-5542
-1914
7678
-5783
-70
9181
-4014
1170
8217
4420
-2492
8581
-7748
-7757
2640
2482
4757
1921
-3777
7184
-1487
-5698
-3335
1578
8993
-52
505
6293
911
4547
4852
-6308
-1680
7427
-1811
44
-6281
258
-41
-8717
-6701
-385
-8581
3937
-7537
2682
5383
-187
437
-4573
-1444
-9645
506
-4380
3656
9109
1398
8700
-3775
1599
8553
6197
-795
-7599
-1117
76
-9898
8955
-331
-4417
1348
3829
-3859
9512
-3937
-5586
1397
-2920
-2897
-7155
-2554
-6948
-3415
-5494
4484
9264
-2116
1967
-8008
3528
8300
-9867
641
2155
3980
3495
1796
-2076
5057
-2110
-1164
6730
9230
-7008
-4922
-104
9199
-2365
723
-8712
-8432
-2844
7494
-2231
-9449
-8382
7254
-5276
-720
2550
-5395
-7118
-1102
3315
-8674
-5067
-7266
-120
2681
-778
-650
8112
-4242
-1612
3246
-8073
2858
7655
1221
-4020
8365
3531
-6788
387
4279
3638
2008
7300
2993
-6586
2849
1009
-4189
2
8306
7563
-9967
9380
-954
8994
9487
-1904
-4768
-5226
-2085
2883
9936
6046
-86
-5223
-2482
-1528
3263
681
-8587
-1757
4706
-3469
-7962
6518
-6334
-1526
-4897
-6604
-7016
457
-3823
-9178
-2202
-9165
2064
2454
4456
-661
7084
1113
-8194
-8269
-3989
-7266
3244
-2689
-5391
6384
-7718
-774
-2498
5959
8974
9041
9184
-1213
8573
-8498
-6258
9548
-4057
3213
8656
2943
-1665
6930
7235
-2586
3784
-6404
2224
-7996
8844
2898
6111
5890
1880
5648
-7513
-4505
-9177
-3180
-6995
-2509
7773
1664
3705
7781
4882
7355
-900
-5038
6307
4930
-7436
-8823
760
-7261
-2513
9507
-3309
3169
-2049
2356
-4405
-7654
10000
8503
-5636
3690
-2160
2558
-9638
-8387
-2321
-2374
-8875
-8410
-539
-1359
-3519
-1376
7704
7332
-9513
-7597
-3787
-2977
-5510
4191
7523
6196
7336
8353
3902
2398
2227
-3046
2434
4884
-9226
-4049
9375
-5721
956
-7570
-4354
-6033
3266
-486
2865
2228
-1869
-2485
754
-7647
1629
948
-2443
4566
-642
-5492
1712
2531
6568
-943
6367
-4949
6648
-9162
-3271
5149
374
1753
-5623
6526
-1127
2591
8501
-2659
-4431
-1105
-4720
-7500
-348
2770
2271
-404
-5976
-5301
-5516
4660
-554
6778
-4031
-4090
6712
-1680
-3460
3211
-1212
8921
3163
-8342
-2
-8966
727
4835
-6198
-9947
-137
5636
-4660
-799
9668
-3774
-7686
-2416
9214
-4495
356
-6805
-1516
6228
7576
9522
610
7650
-833
-8343
9731
8464
5761
-6627
-7685
-8273
5466
-431
7882
9032
3478
-2590
4415
8197
-8120
6233
-470
-2223
-6965
9261
-7066
-9126
2199
8951
-5311
-6947
-2684
-6859
-6825
475
-2417
-4909
9929
-2529
-268
4735
8852
-1481
5862
799
-7995
-6441
9209
-9380
221
-2522
-9580
8777
3453
-2169
-9638
3948
-1416
6914
-799
-7042
-7602
4924
-1060
2024
3410
-5576
5167
-5178
-5284
4860
-7005
-7524
1416
5660
-7856
-5400
9886
-8376
5228
9686
-7153
-8088
1108
9399
8455
-992
1742
-6534
6762
7479
-3568
-2507
5477
119
-3483
765
-2155
7752
7784
-4690
4512
-3463
8171
-1473
-2247
8367
7628
7215
6063
-8593
-5699
5441
-6809
243
-744
5016
-9734
916
2048
1235
608
-3357
6880
2456
2069
-9785
8578
-7557
6401
-5434
9484
-2073
-4684
-696
637
1112
-1082
-1554
-4520
-7290
1905
-5113
7500
4720
-4629
-9250
-7238
-3790
-9095
-4581
6085
5586
4942
-797
2186
-8570
-6529
2667
-6092
-7643
-3530
-7488
7672
9617
-6547
-3597
5203
-4946
-6215
-6026
3020
-4728
4656
673
-9729
874
-1165
5005
-7286
-7669
1568
-6112
2227
6914
-7200
-2412
9130
9239
-1405
959
5630
2508
1236
-8350
6508
-598
-4714
-3250
7616
-8299
-1963
-5453
-9545
1587
9703
-7408
9774
1834
-2883
-2098
-151
7262
-9115
6067
9904
-6292
9265
-3338
2655
3765
1240
-1846
-5695
-3878
-630
1293
-7523
3038
-7271
-1307
-2963
5557
-4582
2057
-4837
-9267
-9450
4980
-2403
6210
-1114
3920
8968
-8845
-4262
6114
9781
829
-4746
6518
8780
9918
-751
8189
9963
-16
8198
-2573
-8727
-6078
4840
-5121
-3655
-9227
7633
6334
2016
-9766
8230
4093
-4531
6433
-515
-2050
5815
-7484
4260
3585
-7618
-7878
-5173
-6694
7172
6033
5924
2778
5557
4300
6069
-4307
-8140
-7747
7625
8001
-2803
-1608
3873
-6487
8529
1236
-9820
-5278
964
2409
5669
-5204
2595
-9826
653
5653
8651
3491
-8318
-2429
4423
4090
8752
-2293
-8150
9387
6452
-4583
536
-8460
4137
-9125
2468
-2273
-7615
6265
-1951
-5467
-1189
-8195
-2512
3796
-1282
-3133
-5312
-580
-1126
7200
-1271
9903
1790
6439
-4490
3605
-4783
562
-4380
-6045
-9316
4008
2666
212
-3597
-5516
8025
-2040
-1607
-7965
5623
-6086
7144
-2099
7351
3818
8148
-8780
5576
342
1829
1528
-9184
-8868
-7848
-7455
-6013
-7063
-3221
-3336
6638
2720
-213
-8681
8653
-7144
-54
531
-2371
-6247
-6501
-9311
7558
-2085
-6401
6722
-5881
6029
9982
-8796
-8701
-5277
1999
-3466
4698
3656
-4300
-830
2004
-2034
-5804
-5231
-30
2496
-191
7898
1086
2959
-4480
-2408
-6238
6463
4615
-2873
-6655
6537
-8182
1406
-960
-6612
-9966
-900
6828
-6267
4838
7985
101
-1239
-1129
-4659
4023
6278
-1909
-9799
-5078
-5531
-761
-3584
-8703
2872
8844
7786
-9413
1351
8977
-2556
-4385
-6612
2539
6522
8506
-4267
-128
2276
-3832
-116
4034
8698
-1998
857
7457
-1166
8242
-843
685
3684
2507
-2414
-180
3076
-8455
2593
-1971
-1943
7259
-9879
-8364
-3514
7271
9399
-2781
-6181
6803
6420
-7091
1946
-5034
8565
3865
-5241
-6557
3008
-4598
-3944
8206
3568
-860
-6398
-2223
5600
-9912
-3384
8181
-2047
7580
8454
-5196
-1494
7100
408
9307
4556
804
-8013
-7346
3526
-924
4234
6381
5941
-2024
9880
2346
-7192
-9178
-7417
-4333
-7316
7445
2789
4842
5018
2284
5735
4014
-1461
2620
-6493
4158
9030
-3399
5380
4564
-5971
-2839
-7665
-5837
8111
149
-6298
-7489
9582
-557
-9910
-9080
-5549
-7054
-7331
-8857
2574
-8324
8591
-1351
-3921
-5898
8649
2341
6137
-6423
8691
1639
4664
-7669
96
-9387
9401
5041
-1110
-4435
9130
-713
6436
9560
6745
-843
2296
-7881
8776
-9656
3361
2375
-6776
-6608
4697
5130
-3750
-1502
-6553
-5978
-7755
-5847
-9079
-744
3787
-8470
-1814
56
4931
-3567
6515
4686
-8646
-3423
-1912
9338
5032
-2944
-3763
8644
-6114
-2679
4434
6615
4978
-2908
-3971
6932
6656
5434
1281
2677
5720
8553
-3861
423
4085
-9860
7958
-5780
-6438
3450
9194
6597
2218
-502
-8566
-4060
-214
-4611
-733
-30
-2240
976
-2941
-3233
6661
9666
664
7777
1629
-5854
-2024
-3647
-7931
4887
-7916
9594
1866
-2491
-449
-491
-5225
-2575
-7821
4602
-8150
8291
6515
1040
4486
-4561
6858
9265
5298
1642
-6112
-5883
-4514
319
1495
8097
-4860
-3723
-9039
-5010
-9248
-8658
-1410
4222
-3434
-8964
-1835
-6272
