3610
0
8847
8063
5792
3497
8239
6631
6619
2254
5768
9628
94
3272
1309
1837
684
4837
5703
8547
9988
8965
8969
8723
2386
2085
6029
1396
8698
6784
2027
9447
427
94
3281
8480
2477
1501
7780
3005
6566
5800
1875
5351
2830
6519
9928
9762
1023
6219
1333
477
3989
3602
8201
3454
2637
9223
9162
9775
3164
5943
7921
4915
9315
5821
782
5443
1850
5148
2186
5109
5719
5716
2425
7531
6364
718
6379
5825
1051
1696
6086
2098
9460
66
9414
120
2304
8400
7544
4594
2760
9428
6862
1438
1190
3134
5644
2926
1663
5902
2746
2053
494
262
2490
7581
5818
3246
8950
5263
6434
0
302
7953
5758
120
7007
6454
5789
2032
6925
9170
9753
8062
2811
2299
367
6826
276
4131
7857
8316
2149
8529
1218
2496
1073
9959
3627
1973
9252
1790
8077
918
2992
1956
6501
8717
3709
1978
176
9319
3994
6879
8159
6856
1922
295
7652
9321
6877
8760
9798
1122
4327
1380
4415
6002
800
6031
3899
2673
2791
2186
5966
6731
8160
7591
4620
4873
7226
60
6367
438
1710
1683
6347
8780
2171
4528
5876
2760
8686
3512
6475
173
3337
24
5414
7514
2663
2667
5849
3927
3681
9778
1356
6657
7516
5337
9135
540
4858
6505
8020
9075
6061
3754
1948
556
8880
627
5057
899
5783
5286
2425
3237
9058
25
8416
7508
4443
3005
7347
3698
5803
3338
2030
6673
2707
6758
5231
7147
8361
3052
5566
1100
9137
5214
1323
7580
5838
9958
4661
8877
6660
7546
4568
9572
4853
262
9713
2967
2675
4565
1522
4614
4704
848
2944
3863
4357
5301
7491
3093
2406
9698
7795
1311
7219
2461
1476
9649
2580
6150
2124
6866
2753
4811
1552
8423
1814
9488
3342
3582
8616
8614
8173
4920
7464
2629
9110
5132
2868
9593
6853
8571
9606
6140
8598
7802
6342
485
2680
5922
3323
9072
7058
4405
8278
5086
4589
7852
5535
7860
9193
8428
1993
9653
3723
9595
8548
8597
6828
4920
7074
1360
5877
4301
1617
3212
5428
9854
6460
9837
9878
7225
672
3368
2426
429
4854
7572
8523
64
6198
7549
3753
8569
1873
6921
9084
2385
7693
8974
3985
5773
2976
693
5828
744
433
2551
7875
1966
7197
2241
884
6529
3766
4989
3767
1764
8557
9458
2840
7723
4354
5713
8760
8366
5051
3145
5561
7632
6608
8749
6682
8915
9696
7901
3112
719
9227
899
5813
2017
3065
229
4445
8999
959
6340
8388
5439
1977
6313
1513
3614
5354
9068
9529
3008
650
8747
8046
1612
8077
1004
3109
1563
1212
7643
1185
5148
5256
2961
3129
9421
9317
6078
9405
9355
3723
4438
7833
9329
2960
2822
2576
5548
6899
5279
3889
5903
2437
523
4797
5945
9600
4359
3148
8860
2095
8636
9566
1488
6339
2270
5658
6288
9575
2858
5007
162
7480
1004
4894
2731
6909
6680
7832
2565
7864
1775
2689
9942
2451
309
118
5608
5559
7283
3562
5375
6318
7390
6421
4866
7965
8335
9973
5527
868
6456
3130
2907
9655
5983
302
8547
1878
3786
284
2603
1461
9420
1775
6596
8438
3778
4231
2517
5505
90
2992
9024
976
1704
8562
105
3703
4164
6081
4939
8984
1567
237
331
4981
6450
9523
7735
1858
9866
2851
4558
4073
3985
1267
919
3843
4085
7547
1069
7509
4641
3098
1528
4687
158
541
7223
5489
7513
475
6555
837
7118
9419
119
1890
7101
3282
6651
9554
8996
7137
5602
146
6215
4865
7740
8435
9072
1319
4029
174
1546
6831
1490
5041
9512
4519
2963
502
7297
7090
8656
3345
728
306
7360
6519
6175
875
4910
158
5246
9381
6856
2954
1191
6918
7452
3749
5699
3845
9680
9498
1072
7913
6731
5541
7132
356
7080
1598
9219
7161
1473
6291
2962
2399
3750
9027
6329
4375
8189
7630
5504
321
3290
5192
5768
1075
1146
5449
6049
4153
1184
9079
3674
775
5162
776
8732
1137
5263
3837
3166
6091
251
8856
5087
5577
6478
2901
6691
3084
9703
8086
1052
9942
930
8203
1337
9097
2113
7117
3969
689
6396
3623
9326
2175
8221
4110
1732
5238
7014
2488
5580
3056
8723
2033
3684
1728
2068
696
2750
8538
6831
6410
9658
9831
9256
6861
8149
6969
626
864
7235
542
7919
4485
901
8469
5473
4663
9652
3278
3457
6053
4298
3199
2677
3634
8404
8557
8067
7958
334
4099
4503
9373
2993
9976
6290
7431
8176
6158
9372
5385
925
5505
977
7464
2065
4134
6420
7736
3811
3890
1944
8937
2523
7322
2641
5691
9218
4558
2202
6006
3090
8565
7771
2109
5833
5848
6516
5619
5359
3966
1447
7563
9486
7118
4189
8219
7139
8230
5249
4456
2539
8872
9400
3290
6584
5810
4973
3485
2384
4193
81
8886
6931
3599
8202
1136
7627
2597
6236
7244
928
700
2817
670
3334
6429
1741
5930
965
1503
8845
3503
3946
677
1019
331
7205
855
2704
8840
7943
9079
8148
6808
9353
3564
3494
6132
5257
9084
1507
5050
3441
4318
6531
3158
8775
2098
6072
5034
8588
7513
3398
4449
7574
8341
9819
893
3795
3860
3290
3301
8538
7398
5017
5020
5756
6639
5389
5765
7850
8394
3832
7641
7352
2834
3697
2672
8832
3395
2973
4051
3755
52
6447
3257
6205
2035
5949
2519
8097
8405
3061
6772
7035
6875
2504
6953
1841
1126
2946
9910
947
5843
3887
2771
7502
5992
1875
6430
9125
3611
6622
6923
1991
128
2502
2190
8107
5788
1285
8007
7939
5185
8646
4926
3898
7434
6785
8602
2399
7122
5726
7483
8215
9378
9840
1927
5754
7685
9977
918
445
3250
9728
1664
6053
5031
2398
1347
6722
1125
1229
5610
1764
4789
3405
9982
8669
81
8895
5119
3057
1119
69
8591
7397
4501
9064
5873
3868
6629
7263
3561
674
7734
6466
5854
2057
9717
2376
4483
3975
6986
9223
2245
1869
3653
1729
5388
7921
3978
1313
3702
2501
2248
9478
5031
2911
973
246
3313
3043
2998
9570
4034
3112
3802
8247
7300
7799
1549
3156
7131
6800
5493
7007
9726
5760
405
8828
2135
626
3847
5831
5146
3089
6068
5043
7872
3735
8325
407
3386
7600
4698
3160
2313
6979
3455
8683
8614
6820
3944
9988
3689
1699
1413
6187
8513
8467
3833
2833
5660
8885
2748
6877
2533
344
6432
2207
695
8627
6221
3925
2671
1432
508
2359
4677
5122
9412
8680
6078
6614
8298
5430
2923
3064
4831
9493
7827
7775
1840
7230
7824
8328
1835
7770
632
8170
2981
9657
4637
569
6214
2502
3680
4005
9234
1682
8125
6821
2479
8239
8542
2570
3793
2088
288
7828
874
68
2066
8582
8233
1647
5376
3123
4400
1595
5122
2459
6083
730
9660
6259
5693
9124
8727
4852
9152
9321
7576
5980
6472
6010
2062
5849
2105
2796
5084
803
7936
8408
5724
8110
2718
4615
8250
9573
5473
2891
4314
4174
4170
590
9054
5035
9014
9515
4116
1340
969
7964
7707
2492
6412
3112
3283
8435
4960
8049
2308
6515
9024
3744
1002
9308
775
2828
7942
5892
7421
8275
9329
4269
2137
8794
8396
4022
3382
4448
4257
5834
6502
7521
7611
550
3310
4118
5796
6355
3947
7425
37
3983
4026
2647
6752
6826
1345
5785
9170
717
7354
8106
525
6401
8405
5422
193
105
7689
6412
2185
8104
2066
457
2645
6112
6760
3150
804
2586
5346
1791
5084
9505
5526
5296
2198
9139
3817
5951
2341
4240
5122
7897
812
4171
6665
1447
9509
8265
6786
3703
3457
6730
8227
2413
5588
7023
3685
1924
9389
9205
3196
8441
9936
979
1526
2692
8713
2003
156
6515
6391
6516
7856
2098
6046
9154
7792
9359
7604
4657
3031
3422
3228
4849
1668
9672
1587
9091
7490
8389
3526
7201
7392
2235
6838
5827
9616
236
6735
7980
6500
9916
1342
5853
2057
590
8970
135
9845
908
1173
492
1811
7039
4870
227
5932
801
4659
2946
8592
5833
2146
2407
8168
2524
1214
737
9810
4985
2284
5283
9521
5880
660
2575
2739
3261
7307
2149
7687
3208
5300
7088
5026
2066
6001
8143
8834
2261
5693
7906
5845
6943
819
8164
5375
3021
6839
9609
8726
4316
3700
1567
2879
8610
4814
4715
4136
4760
5544
5219
3474
7655
6517
5091
6543
652
3537
4356
2415
8792
9464
7624
7728
4803
8445
3179
5212
2304
3325
4005
911
5355
6355
6374
8527
7440
6333
2153
1627
1978
9134
8203
3057
7447
1682
4870
2205
8245
5617
2043
7844
6512
2388
4423
517
5675
6643
8308
18
1130
3479
9974
2032
6659
7273
2210
6085
5976
9979
5410
1104
3059
1570
3564
7911
6529
2023
2472
3038
4006
368
6635
9600
2720
2818
1700
8385
4978
4379
9251
5935
2268
8192
5799
1413
2740
6549
3035
7724
4046
8070
3755
7369
7511
4734
5168
9314
4875
5287
8137
631
4870
2968
3684
7761
7839
8421
8282
5782
6161
2807
491
6427
2183
1951
6240
1930
7053
7581
226
5585
7919
4194
3167
6208
2581
5865
2062
2142
328
2964
2582
6200
1915
4685
9797
3935
7702
6327
1014
5626
9766
9661
3370
7142
223
333
7319
388
9583
4289
1686
6745
5295
1541
9639
2016
7501
3381
8189
3606
7148
9317
3213
730
5948
5843
9695
8064
771
3846
5971
1633
4998
7926
1154
1099
6225
7599
4029
2127
6206
982
6798
5632
1083
3206
6497
920
2628
2257
1349
3421
2411
9515
7791
6513
2874
8603
8425
9896
6747
6174
4643
1452
8770
4291
2225
371
8559
2340
3191
4090
7046
985
5354
7001
5537
5362
1217
1326
873
1400
5488
6041
1453
3465
7436
8539
4962
1673
2411
7135
3199
8242
6873
570
0
5701
4028
1817
7312
9057
8591
1073
9697
3248
6235
7532
3011
8597
680
9568
9609
3251
275
2297
8941
1569
5361
6121
2886
8006
7259
2213
6081
457
3625
7537
7443
950
8110
1890
9685
2362
241
8751
4944
978
3334
711
211
1174
9964
1175
4168
7500
7990
2033
4875
6279
6430
1580
1502
3059
8713
9818
8364
7410
2673
3175
3047
1980
5014
8707
4882
198
509
1680
8788
9088
3918
3859
412
5370
5984
3786
335
5741
4808
6203
5397
591
6050
7650
2996
5074
6233
8443
1814
317
5174
8712
9370
2190
4318
5128
3524
1361
6530
881
9052
4431
9038
7118
306
4476
4011
3284
4516
9348
1274
7397
2838
5513
2203
8540
1842
246
5917
6252
5964
4712
1117
1373
769
5044
583
2052
2863
7074
4793
1110
5719
7819
4439
7698
9986
314
5481
2416
6786
6074
5497
1662
6337
6070
8845
5114
9058
4193
6560
8663
6642
7080
6452
9107
8327
7021
3827
8437
2582
1967
9758
4931
366
5434
6006
9320
9445
1466
663
9034
1939
3709
2080
2903
1069
2299
1849
6263
9207
807
834
3795
8096
5439
2931
8471
183
2158
4914
8073
8173
7319
6257
2663
558
7507
7247
2721
8167
4617
2259
6509
9987
9267
1261
9119
5294
1917
3703
4901
1883
3592
1906
2671
7147
5463
1459
185
7362
5199
3657
3587
6493
6324
8648
4640
5206
399
9565
2784
5655
3816
5568
3201
517
3299
8250
9753
6286
3703
7241
9269
7170
1063
1310
4675
6774
881
6312
5004
5958
886
3919
1029
9004
803
3942
2641
7209
8175
4193
3299
8188
3641
2043
576
1756
3791
52
6978
6127
2662
5662
8707
2590
1036
1373
6929
1381
2540
1320
6480
993
1351
4916
8455
7332
6082
1415
3059
6287
6135
7253
2152
1545
9668
4994
9135
7459
9728
1897
2637
9215
9035
5808
8126
2837
6557
7788
2210
1855
7853
4060
1914
4160
4089
8326
3044
1578
7577
9877
585
4138
1212
2517
9589
5591
5555
9478
1753
8215
3627
4091
47
549
7454
7498
1885
9951
3502
5805
3404
2899
234
6840
8545
4903
3630
7765
4415
8590
2709
8037
3083
4208
4587
4307
3124
546
5195
3313
7586
4831
4266
4803
8947
6399
8842
8048
1125
2979
8729
4105
7512
4620
1664
6040
5323
4523
1673
9384
1412
7835
3363
2546
7039
3883
5188
4991
8428
4319
7005
7843
1377
3737
7133
8316
7074
3289
2392
5018
6740
2741
9704
5522
3583
6834
2363
419
3718
8174
3439
6362
6950
1721
6876
5552
6190
8766
2110
6593
7476
2166
5785
5346
251
982
579
1777
8812
1025
8208
8969
9844
4693
5871
6103
8022
3603
2363
7311
6269
9437
3527
1640
5771
4406
3752
3966
2416
2733
6048
7643
3069
3982
9406
6554
6207
7791
9996
1653
1394
9310
7380
5734
9919
3057
3651
479
3128
429
133
6091
9178
3521
6597
8875
1983
2991
130
6403
3192
7564
3896
840
3732
1181
9782
8708
7752
572
8847
9555
5502
7547
1861
4125
7482
7210
3596
7668
9916
7980
7252
3623
2436
6539
8664
9916
8004
9038
8953
6326
927
3268
2881
2265
2492
9349
4881
3969
712
9562
9511
4858
4138
8580
5853
6582
5961
1805
9547
9265
1576
258
2756
1645
9057
5205
6445
1605
1554
6895
386
4353
2818
1909
992
8101
4527
9597
8330
4038
7117
6612
4278
9661
7899
5152
3535
9656
7628
9899
9411
6577
1325
2403
9826
7494
2948
6117
821
3049
2825
9981
2167
7430
1600
9580
3619
4256
7939
7448
233
1771
8340
3109
2476
6286
3408
3487
7446
2274
7508
53
3757
8952
5632
6397
6240
7058
4904
5029
8893
2501
1879
4723
8403
9880
6173
9942
1151
2892
384
7179
3320
6562
7435
9713
1617
2305
8450
5926
1541
3673
4138
7128
2513
3681
9393
5734
4091
6654
2276
6909
213
46
28
9442
2365
5127
5689
6604
119
377
3596
5650
7045
3556
4891
4662
2892
6349
9557
4733
5306
2957
3160
4160
2898
8493
8744
2590
1250
787
3819
8467
8972
7888
3978
2367
1081
3420
3962
1607
1132
7659
7005
7186
851
6869
9166
87
2479
2218
4752
7645
1065
9404
5635
2840
4395
393
8100
9173
2054
5515
1152
587
4038
4533
4099
5132
5784
6678
4687
1223
8472
3793
4899
2324
7941
9403
6967
2843
5324
7883
3144
6712
4208
3887
8992
2121
8247
2547
9591
4156
422
5209
4875
6324
1819
8697
4657
448
2976
3293
4283
1232
8877
7032
737
1444
4825
4563
4602
2349
7965
1616
9773
3994
334
8605
6654
7601
5032
6760
6606
910
9277
3983
2458
3773
9435
9370
817
1450
9438
5047
3486
8472
4311
7249
7642
83
7213
158
1651
1346
8915
3785
9703
1064
1564
4606
3782
6261
2677
463
8560
383
8156
8296
9822
224
883
1200
3532
8714
9143
2822
8647
3368
4155
2453
5751
8068
1997
1631
8528
5554
8350
2890
6172
768
6964
4454
2325
5933
7244
3437
6846
185
8405
189
7719
3908
8643
1184
6390
3915
9668
2505
6930
3080
883
9433
1781
5322
3392
6625
2504
5887
2800
447
8994
892
3803
2322
7946
7805
9213
3582
6455
2673
7397
6532
4357
6262
1391
471
4760
3094
7756
479
4271
4144
7864
9922
1133
7554
922
1674
9079
8002
9492
5125
7071
6148
5363
7247
8115
8453
1517
7326
3434
5360
5192
2367
451
5156
8114
6468
4150
7719
8220
559
8712
9773
2904
3064
6815
4977
9659
2171
3127
3848
9068
1741
8748
5737
5581
946
2031
7988
8163
7045
8691
2816
6838
6903
8524
1455
4441
6216
3163
116
7819
6174
8511
8117
3082
9121
5369
5040
1436
2567
2594
3354
8059
9734
74
1162
1746
1218
6902
2965
4819
9550
7330
756
1149
4964
7882
2256
9041
6976
2604
9973
8176
150
87
1110
9347
6944
7601
3357
6822
3168
1083
8577
2950
4867
2426
8407
625
9481
285
4767
3640
1802
194
586
4240
4044
7234
2270
2847
9489
3218
8892
5922
383
5068
2605
1685
1616
722
8818
3928
6903
9313
6661
1299
9636
9318
2266
2162
4119
864
9787
6497
8682
1719
9001
5823
934
2277
1093
7424
8957
5136
1331
2477
6561
4858
5936
9502
9370
9923
5818
8979
8178
2268
9833
7729
3685
3711
2901
9053
2645
3429
9309
10
3892
2240
787
8905
7627
5964
5436
8063
1231
3849
3987
1390
5374
9406
5563
8100
801
7200
8516
9800
7658
9647
4649
4260
3012
8532
5199
4890
280
2525
483
5282
3639
8879
8123
8001
6593
3600
152
8611
8357
9641
3083
3750
5106
6080
6220
2094
4425
6788
994
150
4027
8083
2033
9430
1035
453
8216
7504
7907
9137
6030
7246
5971
7428
1291
4895
6522
4083
2248
8366
1071
5672
382
9320
9617
6532
8752
6000
5270
8697
5796
8398
606
3074
4284
2287
3100
6911
1471
7862
608
617
2467
9929
9243
6375
8158
4628
9027
2312
2150
6763
9420
8147
2093
4883
304
2429
7949
4000
9972
8190
3396
4937
3104
1372
6518
2360
7637
5494
2493
9074
9073
6619
1836
3422
15
8952
3580
6581
6685
8428
1794
9374
9772
8659
3955
9063
3383
2731
3161
2362
9447
9170
9705
2934
6406
743
7899
3577
2902
3459
9875
501
1159
1067
5509
957
4137
3326
1712
6460
5726
8849
2370
7037
9785
6014
3190
2396
3749
8060
3474
8093
4890
7261
9467
8333
648
1860
5114
2105
7680
7666
4663
339
6831
8554
5120
4589
822
4194
6526
4030
4036
9299
6147
1701
7727
4808
1318
9660
1357
967
1196
5395
5912
9623
1275
6806
487
7108
3062
6935
2704
7470
5580
7271
4318
8540
6271
1745
7222
1061
7226
3387
1149
9410
7848
9562
1208
4905
5083
103
8058
6013
2554
8758
3076
8874
9278
4277
4035
6338
1234
2413
7736
3680
4393
4218
7938
8636
961
2160
3814
2881
3938
7082
7090
2437
3555
3445
7761
8872
1984
4025
7042
7875
1819
5965
6096
1853
1192
6578
2661
6461
2800
7902
9108
9187
4588
9286
9428
7792
2939
5283
2397
8738
20
3025
5060
8368
2782
3879
1313
3188
4851
5656
1403
3231
1759
8548
3809
6409
6937
7205
2821
624
9552
1026
393
9535
5723
6856
8890
1457
6665
9154
4576
8491
8916
3568
4967
4836
7676
2856
1420
8718
9062
7064
2564
7051
252
840
9249
3314
9641
5138
9009
4583
9172
9067
3192
8087
5876
4215
6192
2010
433
5775
5560
3379
573
8493
4961
4543
7203
9061
2078
6701
2509
1037
2417
3225
6737
1439
4556
9540
4556
2928
2162
5380
1562
3450
116
370
6235
2467
6871
6869
8749
7441
8943
1548
55
2817
4199
7439
5884
35
572
103
4931
8529
9840
6604
7437
5137
7233
7263
7956
3139
7765
4177
9051
2171
7997
2767
3980
2241
1966
3787
8699
3911
9847
3780
7823
4287
6494
896
6310
2695
252
9820
187
3704
4973
7095
9425
2786
4550
9099
4788
4724
9705
5382
6623
4424
2450
7331
5967
6673
1142
1119
1609
8162
1300
8395
3635
8455
4700
5563
7821
7372
1381
9581
6864
661
3763
2463
3874
2166
6871
5163
5653
6156
7536
3916
5789
3135
7179
6651
1493
5341
7278
330
2891
7485
5183
9048
9628
1911
4614
4298
4302
5408
4815
7788
9518
874
8183
2325
1484
5883
9000
9902
6111
8258
414
4821
7816
2891
8518
5788
4437
5797
3885
9474
4818
77
1382
9243
3000
9517
6177
9362
326
3541
732
3260
8095
8373
2587
8219
5279
9366
3074
6906
8808
5002
3841
7354
6856
2592
3839
5123
9152
5184
6479
1799
9459
5504
3615
193
1997
3542
3667
4535
2466
5366
6391
5526
4335
4967
6020
1726
4204
7310
3516
9352
7223
7125
8606
7775
1895
3446
7110
9450
9189
5945
2623
4798
6963
7978
901
2057
2420
8949
5987
1994
3825
8809
6953
3609
5659
5600
517
710
3385
6040
5067
8674
3118
2058
5121
298
2541
9209
1533
6012
4064
8407
156
2873
4639
4316
3036
3846
7457
7461
6954
3404
4018
125
4308
9576
3109
9154
7057
8694
1633
3617
1067
4333
6509
8876
397
7256
7002
313
8219
7964
4812
2028
6552
1456
1372
7769
1938
4639
6152
3866
267
2128
6518
2851
3342
1250
4915
1904
8597
3248
1878
1701
5370
5494
4983
782
9198
5252
8277
1836
1546
7601
5185
5163
7840
5487
5366
7266
8753
3665
5473
608
7902
7450
9977
6804
4506
4136
9841
596
8947
471
8696
5608
4027
8905
5152
8895
3553
7570
4579
6293
314
2710
5194
6723
8820
4962
1248
875
1053
388
17
9686
7294
3061
8139
1172
6738
8472
2831
3771
9460
9694
1823
3093
6438
8147
7911
7873
1920
9116
6543
8004
5288
3247
8880
7131
4027
6826
147
9117
9146
9567
405
9558
2654
9427
3226
379
5412
7664
2001
9530
5096
1948
5675
7499
7721
4373
2947
877
6436
2872
8537
1529
6192
5562
8881
8011
4150
7860
8302
792
3575
6119
6067
5682
4126
2762
4851
1086
5951
7340
2671
8964
7038
9626
6762
9650
9220
1431
9191
6081
7313
4328
1973
1308
3738
9042
7457
417
5101
7694
1482
5940
8493
6576
3957
2864
9553
1822
33
5464
8783
5020
7769
5689
1867
5831
5333
4808
8316
2488
4578
3777
4585
6784
7897
1707
7588
9864
692
3707
1162
2515
6964
2862
406
2054
3184
3365
8898
6933
129
3713
7905
7290
5239
2257
5254
2576
3981
8691
3133
8563
8243
4014
3598
4069
9298
3027
9258
3967
3333
4743
1212
1015
5870
1739
4018
1114
2174
6356
8712
5219
5114
1339
6272
4182
2030
7963
5507
645
7304
1716
2770
1721
8066
3652
7684
4516
1937
7279
2992
5516
3336
3453
5488
393
3190
4457
2952
8638
3873
3148
7757
4687
7423
2995
8011
36
3465
755
8054
8324
2166
3118
3161
7077
2668
4947
1348
6038
1909
5465
3564
6978
1634
7168
7636
5927
8178
8662
5863
3145
689
5973
1377
6021
7839
5939
8117
1042
3334
3164
5841
3642
7547
3479
7605
2137
2753
7369
6328
