1225
0
3939
2102
6383
6146
273
9387
7168
5365
8935
1998
4006
5739
5324
3532
723
9239
7507
1334
4533
1511
4172
8768
3077
1479
7636
3747
906
3819
3267
3747
502
4483
4221
1621
2559
3911
334
4840
8895
3181
6145
4812
3710
7120
6267
4558
4453
6608
1380
3423
7360
6880
4737
4059
3421
1166
8411
262
8268
3
5281
6421
5622
8164
4576
7459
9186
2905
1012
5505
8951
7417
9988
8498
6264
7160
3893
6191
4590
6304
2057
7507
7422
6259
4861
1070
6647
7326
9146
9303
2746
6641
8161
9196
3768
4801
7880
4057
2231
527
7914
3620
5553
9086
2693
1609
5614
1219
2676
5763
2551
9192
9021
4979
6898
3946
2523
8420
1450
8612
3411
4194
1535
8386
4245
3524
8587
8808
4266
4297
7988
1007
896
4614
6097
6919
4308
4532
7126
3256
4475
1175
3993
9783
747
5232
5193
9546
2009
9262
4314
7486
4608
4270
1853
779
5626
6500
1511
6644
7646
261
4085
439
6116
6612
5518
421
2873
6843
8958
8208
8768
2579
8408
465
3400
8766
8608
4295
8182
1404
9235
4374
1018
7560
8695
830
7221
9136
8942
6180
919
2993
6189
4257
5934
4854
5566
3166
2749
4595
8573
8751
8643
888
4178
4205
7588
7978
7243
1363
6506
4930
9643
9093
2402
8094
1900
4290
4430
2256
3345
7803
5251
9441
6598
6764
3743
5200
4342
873
4787
2987
135
9045
4801
2368
3483
8647
1226
7674
8193
3284
6527
1735
7761
3820
5329
2291
5402
8895
9965
5983
9383
6998
1451
8373
1444
9382
8936
5520
2645
3361
3847
8249
9616
6448
509
7939
2082
1725
8573
7407
233
121
5236
9454
2343
9975
9149
4788
2387
6523
3694
9631
7491
4799
8046
5691
664
3363
6116
8446
2544
8544
2744
4246
76
1018
5272
8465
6120
3271
9658
2128
7593
1908
7551
291
2887
8012
8489
4989
1197
9593
2846
1336
6260
1033
2906
4693
3292
1957
1982
9167
7080
8474
2167
5866
1448
7967
3789
5657
6229
2505
2885
1019
8894
3109
7665
4515
1576
69
6666
2388
8109
7100
8565
9533
5255
2786
274
3871
429
5137
1841
7039
4904
8189
2392
6908
9199
6341
1976
2028
3133
8882
4284
3569
5492
7221
486
3208
9616
8381
5819
7315
5111
9223
8128
3388
7242
8383
9064
2553
1148
152
354
9856
7389
5341
816
8196
7290
306
8588
6378
1616
8300
2710
58
5863
7359
9460
287
8714
2535
8671
7089
530
2750
9638
5670
1973
8846
7366
6788
8049
9262
591
7539
1777
6373
9772
3602
1652
389
5426
8866
6270
493
8122
6305
4926
580
9551
4276
4563
2563
4208
7840
4648
2873
1120
7306
8863
5554
6173
3758
1610
5041
3977
823
469
648
5384
685
744
3245
1548
3789
9506
4040
6783
5835
6150
1381
4784
1114
6594
592
12
4260
7214
689
9930
6992
9734
1473
277
4205
3712
1816
7229
3976
7788
301
2153
2046
4637
6660
314
4067
9968
8837
261
1140
900
140
6765
3810
114
4120
774
8134
3530
8582
7267
9288
7032
474
7389
7286
8798
4824
8230
8440
1321
6090
5542
5317
7452
2299
5066
4941
9259
702
7670
6091
9482
8726
4333
8330
3267
8480
4671
1597
7756
404
8256
8034
2210
2489
3764
6968
3978
5599
8429
6825
8997
2869
2599
8694
9498
8282
3259
7870
8999
3854
2016
5813
923
920
8677
9964
3282
746
3870
2042
8454
8209
8943
3156
1676
164
7681
4003
438
7117
7007
130
5118
3740
3571
4314
5476
6580
9161
6728
8165
1029
3480
4332
4815
5801
9869
5525
606
6828
1847
5519
8381
9673
7360
19
4554
8837
4765
1502
6868
446
928
6626
9294
6974
179
4507
3630
1211
5020
2023
9870
6517
4177
8427
293
620
6052
725
6850
6761
9696
598
6597
3958
8851
7365
7297
6068
5213
7836
5
1412
2404
9633
6018
8703
1176
520
3128
7384
9635
4447
4080
2741
5027
7746
9573
7181
885
7517
859
884
121
1134
9227
5540
5106
7988
819
8972
6092
486
2762
2835
1947
9846
5361
7721
7022
6070
8266
3289
1408
5190
1334
4699
4228
9030
8493
987
7456
7912
3652
1693
2593
5291
9343
1343
3519
5232
3037
5335
5091
5060
666
9565
8829
2332
7819
9270
8201
2738
4058
540
9537
5810
6864
1535
8095
3944
4587
6575
6778
207
3230
9659
4234
9486
1766
3362
4563
425
4445
8678
9509
2098
9188
29
1402
9747
1677
314
7275
3855
3931
7931
8790
7850
3013
4474
2281
3650
3361
7364
4313
8810
237
7399
7603
6507
7194
5964
9067
3760
9084
7662
2039
7763
9408
1701
4561
6765
4279
1756
5987
4312
9420
2951
3895
2014
4564
2845
49
1693
7388
8538
2836
2612
8627
7488
8192
1080
6348
9873
4039
9840
9690
4396
2044
5084
2753
2356
4706
8532
4858
2308
7505
4384
1780
7089
7542
8799
6535
2568
469
7976
6831
8533
6826
2969
4271
3480
9015
3362
368
6316
8164
9522
9423
9229
930
9481
3000
3591
424
8699
7103
9580
2954
7403
3185
5676
2480
9992
4467
805
1938
846
6795
4813
6607
1818
9396
9784
3474
4403
6959
8330
6858
9873
7161
2040
3888
222
2927
2236
1217
1385
4296
3480
17
9381
2532
2480
8465
9917
7898
8321
367
6442
6653
9337
5179
2688
3060
8392
7489
3909
6833
430
8609
6842
4225
9623
9341
3768
9381
2754
8681
4991
4008
247
49
1287
1181
6602
9635
4038
787
646
6631
484
9572
7315
2114
6809
9961
4294
3365
532
9925
6787
8883
1925
5085
7877
4235
9077
8338
6775
9752
6469
2739
5481
1497
5517
9484
9093
8553
4806
1662
1451
7369
8732
6279
4068
559
7373
5811
6266
1435
2314
8174
3499
2048
549
3950
7253
3092
4392
9744
8036
6598
1714
63
7277
4130
1443
4456
6478
2140
5951
7143
8643
2989
4178
717
6073
9072
3214
3109
8232
954
6076
2712
7276
5769
3460
688
5111
972
934
5648
5234
3525
1723
4104
8708
1044
5833
4527
6203
6874
8578
6125
3564
1090
762
560
5701
5698
2940
846
7429
9583
22
865
7434
682
7954
2991
7277
4267
2333
5804
8104
2333
3832
5715
7525
3864
4678
6985
6706
6645
7511
4741
3206
4880
2881
9966
3209
7768
4219
658
5459
7203
8410
3380
9077
4296
8289
8993
3607
3437
3938
8140
5641
7231
8334
878
8223
8254
9176
2594
1808
9502
6788
5195
6567
8630
1976
6916
3183
3196
6869
7835
3398
2347
4726
4490
2757
7295
6271
8510
2111
4153
7874
6602
7759
473
1084
5754
8370
5309
4199
7433
9764
2296
4268
382
3142
1415
9234
8669
9011
2336
4322
8371
9666
92
9335
3711
7282
1172
2857
8939
5151
9942
8033
5833
8410
4914
302
1023
926
1071
4826
2701
9341
8267
2646
9225
8902
1854
3659
9203
128
7932
894
5884
169
2124
9126
1639
4174
9783
3861
4815
9145
277
2962
6265
5673
9083
2833
1343
2384
2830
2445
9373
7176
9100
5561
998
1244
3033
4169
1435
4520
4071
8832
7279
4844
7455
9252
9684
4867
1573
995
9185
4857
4484
886
6693
8482
8873
8065
1565
8103
9105
8456
7454
1348
5169
8729
9010
7063
723
107
6851
1266
2185
3026
1330
7999
6458
8130
8824
2369
2801
4435
3046
766
5039
5684
4492
545
4176
957
1664
4439
3789
