5509
1
5284
2537
6095
4500
2828
683
1338
4526
3664
2805
7695
4904
8531
2310
4155
6589
9865
3317
7055
9582
1015
3342
3219
7322
107
5765
29
1523
1908
2605
5653
4173
2559
7707
6462
730
7400
8926
4401
5450
2980
6489
5353
9384
3326
5666
5174
1285
4817
7708
3119
3122
2865
7923
4261
7261
2247
8565
8413
6581
9025
3895
6462
6870
5151
6369
7078
3659
1636
3791
6950
8299
718
8064
8295
2421
6251
8461
5632
9743
1951
9906
6535
8564
138
5987
1303
2856
4299
9970
3196
5934
9143
6927
7228
4535
3458
8732
8372
4823
5861
9071
8977
1216
8802
5890
2198
2641
9288
6826
3393
3826
9872
5969
5467
1836
4807
8958
2008
9976
1657
383
9948
9774
1275
8160
5556
2805
285
7841
4579
9653
1474
9780
866
6777
4928
120
9208
6808
7518
6963
4041
3161
5737
3744
6610
778
836
2465
5046
134
5821
7410
8192
8062
5058
1945
1057
13
4625
1239
1689
648
111
2127
9875
9132
345
8406
7776
856
7111
8491
955
9092
1740
5790
8772
7373
2238
2513
6373
5777
2345
3833
7407
7351
7229
4901
1359
9404
4232
4134
5616
4216
109
2285
8894
9274
3614
6730
2667
3907
9598
6979
1270
1845
7671
3627
2231
7721
4602
8166
3651
4391
1151
4917
7223
5707
4728
1467
6648
4038
5084
2257
4599
850
222
8502
7830
2843
6699
8287
4519
9771
1823
2581
4823
9499
8335
1563
1241
8301
8803
9619
4874
1111
6398
9075
4376
9296
3166
1872
6875
6075
1548
9865
3044
8703
8878
9873
6638
9481
6613
2406
2909
2210
5986
2741
3199
8023
9621
5899
8828
8154
4292
6878
1458
280
9955
7284
3896
3710
3220
227
3333
489
2468
4568
9005
9824
7743
32
9183
7947
2993
7349
7648
4650
4068
7484
6231
2427
6769
8333
2200
2241
379
2749
8049
8745
7383
5179
2131
9408
8732
8209
154
1924
3882
103
1287
4783
7690
2447
1334
6415
2495
2088
5228
7080
214
3659
6408
2698
7639
2883
8619
7122
7508
4183
149
334
9066
3935
4725
9702
9264
9017
7435
1513
6235
4170
6562
745
1585
440
6170
3534
9533
7423
4704
5967
8638
5990
6875
3302
8215
1099
7032
190
7675
6993
9731
8986
3522
5336
2647
2007
3925
918
4090
679
6857
5601
3880
9313
2816
5182
6501
3275
150
7030
6622
1573
1445
421
9385
4019
9047
1850
8997
6587
6316
7808
508
7050
9388
8494
3345
7727
7405
875
3739
1510
451
6455
2286
1195
733
4086
4433
7936
8212
1608
1869
5746
1705
5390
9855
2159
3866
6326
2505
6937
3190
2611
9379
4132
492
6648
4618
8995
1472
4355
3450
3198
6324
7442
4954
1187
1093
656
1715
8317
5163
7686
3231
624
7221
2337
7083
9330
8346
3301
5650
5692
3124
1812
7057
376
2654
6712
657
4787
9921
2289
6500
3805
8189
7307
7636
574
3946
8813
9789
4582
9174
1382
4674
1609
464
8523
5077
3866
8723
6129
3990
7955
6871
4525
6476
734
4240
1904
9115
1471
4447
7966
3131
9526
5727
3439
9548
6370
5614
3782
4396
7666
6538
2364
6762
7004
2813
1781
7429
7899
802
507
699
590
2713
9808
2000
6399
6015
7557
705
4781
306
7977
5502
1835
489
878
1426
9045
5198
3032
1789
9009
159
4532
959
9954
8526
8012
2348
5944
4585
358
5948
9848
839
3183
5753
7731
2696
8053
1293
1621
3990
158
2835
8687
1738
6929
4764
2928
1717
7582
284
2658
9643
2692
9138
7155
1878
347
2206
7537
6668
7442
6348
2336
9912
2401
9352
9985
3317
4553
8086
760
7963
7184
3938
118
5535
9914
63
1911
9666
5463
2809
3985
269
9087
2687
2933
4679
3229
6175
5068
2112
1186
4472
2018
2207
9005
3601
9871
4870
3499
4689
1486
7820
316
6342
2294
3799
1899
8733
3830
8035
4794
5569
2901
7879
9230
3380
4572
3563
6458
5457
4345
5042
4421
966
4084
4235
9787
7660
9695
2153
6372
1395
1113
740
8691
9984
8083
2765
9344
4556
8912
6332
9946
5273
8841
7767
5575
9867
542
7370
8685
4338
9778
6794
6514
2317
1880
6739
1209
3646
9445
6667
309
9432
2087
7000
464
2959
9536
7347
9517
5311
5703
1774
9444
1641
6926
9911
7560
3170
5128
1558
56
1859
2139
9158
7136
7726
2708
2991
6467
257
620
7433
7454
9650
9886
8901
7530
3870
5052
320
8264
6981
7943
9795
7688
2582
627
7238
5707
5549
2068
7313
4792
7830
5098
3282
8995
7667
6589
2566
451
5581
7282
1786
3011
2428
9487
381
1513
9170
9162
2987
1831
2815
4066
5399
7460
3879
1217
8476
5402
6903
7952
5587
9361
5546
3305
5474
6988
5449
1355
5981
4524
4812
4064
1473
1715
1147
977
9577
6740
4402
3816
885
9322
7910
2893
9135
2595
472
5015
5732
1497
2851
6990
2064
4027
4504
5098
729
2192
7483
263
3530
3188
1789
2778
9717
1753
1926
7983
1282
545
120
9958
3337
8369
8185
4882
9983
1767
4096
9792
8452
7349
2190
8738
6011
2981
5597
7574
7303
3745
4520
7487
4252
2080
5873
5547
2268
1795
5758
9003
4855
6017
975
3990
6630
7859
6452
6558
2593
3843
9450
9246
4172
9478
1798
3448
1131
9581
5660
6906
4733
964
5477
4920
4947
8434
6076
400
3427
3056
8314
2464
2745
1749
7646
8107
2060
1669
2248
379
5238
1117
4965
7950
273
2404
2777
3290
4429
5378
8831
928
2601
8428
5999
2203
209
2340
9538
9675
3420
2564
9524
210
6394
5898
8526
5488
2914
1512
6496
6539
1436
5461
7002
9907
8331
5072
4665
5480
3568
3434
2034
9007
2277
6453
2381
8054
5320
3231
397
8106
2696
3611
690
1624
4800
3478
5246
3410
6892
4904
8105
6676
5217
8636
315
2892
9395
8710
3425
5788
5147
426
909
3901
8824
6984
7696
5705
4492
9565
9564
9428
2988
3893
4654
9250
7493
965
9739
5999
4294
4308
6404
4785
3679
8774
9589
4784
9157
6202
8964
1948
1679
8927
2992
3895
8314
8123
5492
7854
3258
3632
4130
5206
4930
7228
9527
6646
9465
46
5421
3511
7773
5991
6414
1114
8943
1759
2216
6840
7571
3334
6541
2969
701
9476
4337
5582
5250
1605
4516
2061
3813
9054
272
5140
5276
1117
1566
9668
192
987
8484
6689
2479
7356
2168
2462
5559
9901
3133
5850
8659
9702
8841
3966
3710
2278
3176
103
3879
6899
2438
1791
7359
6454
7717
9230
85
6097
4246
6026
8361
135
7449
5615
4391
3301
5170
1355
8268
2107
5351
6946
3284
5589
5015
3980
6202
224
5195
1405
9417
9248
8065
939
7134
4841
5869
6396
6146
6125
3608
1357
3787
239
447
4294
6867
2527
5226
6559
2305
3123
5741
291
1518
5488
53
139
8224
5827
9235
4805
3565
7867
1315
9126
9805
255
7374
7876
5419
6310
4828
4456
1049
6351
1792
8518
8889
576
5553
5925
7330
3841
3322
9448
155
2066
9667
6666
1384
4984
9124
3523
5868
2729
5407
3726
8861
6400
3561
7991
1952
8011
7340
9100
227
7008
6708
8259
4731
9821
9903
6187
6010
7569
3775
3304
9777
5071
4484
9492
3494
5251
61
4870
2640
3543
8107
702
6863
9390
3598
6013
7861
7651
4797
9011
4486
9374
475
6022
7898
8916
164
5989
3669
2004
7083
1646
1776
3698
2567
4364
8443
8903
9619
5234
7107
2093
5583
7020
3600
8165
7360
6880
6395
9232
4639
3495
5262
5646
8048
7442
4763
5803
3869
468
9094
8346
2891
4639
6221
87
6986
1724
1988
6124
7028
9381
5297
3879
6897
4669
636
8800
5084
5799
9917
2069
2795
3482
4418
4520
5249
8329
2829
8820
3060
1344
3019
6949
2291
1319
2540
8285
545
7063
4699
1987
9305
4052
1702
6648
5106
342
8797
7566
5923
4957
3514
4986
4526
1650
7630
5497
5591
6224
211
4730
2750
5480
2499
8821
9121
7819
2546
7926
6924
1059
5460
4582
2372
6225
868
7150
5092
4577
2527
3699
7879
2759
4135
1110
1219
3806
6055
3934
7038
5240
2658
505
5755
8375
7312
2760
8934
1550
7200
1711
4375
9042
4199
3137
503
4924
9997
3717
3227
8285
2569
8233
9193
8916
3601
9383
1802
7609
119
2940
4859
393
3375
3344
1321
4755
8940
9894
9645
3342
7114
7920
5634
3726
5368
6378
8914
4919
1843
4977
1707
8601
5280
602
557
6519
6408
7693
4090
1104
7305
9558
7717
4405
8946
4267
2912
4091
4281
3821
7848
1712
471
9811
3631
5848
7263
3848
1030
3801
4208
7547
6990
8722
5972
7474
2247
6928
5118
6445
2380
1987
591
9962
3657
983
1721
8424
6097
8230
6353
6701
5960
2653
5732
4727
8514
72
2886
6997
8141
3649
4140
5522
5763
3827
8128
4645
9965
8780
3917
7691
704
280
9689
3381
8493
4695
9800
3537
6833
7159
6075
8854
1358
7946
4653
5612
2957
8330
5529
8602
313
7146
3667
2010
6227
7876
1166
252
8944
4662
1371
8724
598
8908
8193
3318
2204
1057
7011
2409
2258
9276
2901
1747
723
6824
9750
5660
2033
7816
9719
673
2231
1720
8355
88
3643
1851
4110
7662
9047
2163
3938
4892
5678
9583
1942
3386
907
9186
2005
505
5670
2696
2558
8252
8574
2142
5494
2946
49
7333
1656
2266
8197
3176
6346
7538
9683
5280
4886
7315
4449
9090
3342
3435
627
1471
1476
6639
7621
3762
4263
2103
5783
8147
310
5081
7795
1523
8100
6993
7138
9543
9835
1768
1656
8833
2623
980
7804
7605
4042
1269
3763
8938
633
1473
3169
5076
5835
2729
8179
9380
6346
4261
5837
8124
6076
1778
286
1560
618
116
364
1938
2682
138
9949
2752
9823
2849
1312
4614
7572
9185
7048
8326
1019
2632
5303
3546
4448
8658
3052
7458
1658
7566
4604
1119
3752
3042
3463
8249
8392
693
1742
2638
593
4215
9566
1128
296
3223
2306
392
9029
5309
6872
8683
1965
8784
9131
3033
8187
3600
3639
5878
3727
7647
6483
3512
9543
1631
443
4531
5471
9230
4815
4697
2720
1447
8183
3386
8577
9419
4738
2883
1355
3045
3016
486
4258
1231
7058
8914
8118
5645
9713
1821
2797
335
6987
3956
6883
3121
7835
299
9891
4900
8576
2759
1522
9843
9090
5567
9446
1076
6156
4505
3829
9119
3128
4783
1662
1630
2828
6296
6045
4584
3644
6871
2474
1583
6559
1355
8378
8298
2235
1165
5426
3949
6737
346
4566
2802
2507
8532
7998
9763
3488
1436
9937
9284
3987
1188
4139
1217
6863
8297
9328
8832
3197
8883
3219
1488
9544
2349
4141
7605
6380
2280
6435
5234
4408
7864
5888
688
5478
425
8142
2700
8830
5605
8561
140
7847
325
8538
2980
3231
6048
7971
7433
8255
8509
6715
7003
735
4554
2640
5477
9781
1413
2393
2199
4602
9622
4672
9257
6487
59
177
326
5975
9091
1196
639
3561
5320
7706
7427
8935
4661
974
6431
9734
137
5700
4975
2963
7735
1550
8781
9002
8630
7735
9306
7286
2104
195
4669
3571
8598
122
4321
8823
1890
4904
4040
3790
1591
5192
6230
5953
3570
8749
2302
9016
3754
3493
6570
6978
2485
8763
5080
4645
5642
9841
4138
363
1012
9906
3471
5117
4886
6910
6766
9766
3591
2299
5311
3588
1819
307
8511
8769
1836
1831
3516
4213
1363
6841
8141
984
9783
3729
837
5582
7350
4393
3636
2682
1836
7499
1514
5345
4563
4798
1313
1221
934
3098
3791
8773
3013
5419
9575
3161
7567
530
3877
9952
6391
8566
7633
5522
7299
7221
2692
536
2636
7566
8083
7530
5799
5838
3681
5288
2761
7389
5144
4433
6469
823
46
1839
2055
8385
9263
3321
4395
2513
1331
3478
728
7008
5586
3887
4267
427
266
6003
4408
9204
350
1971
8002
1187
8052
5815
2896
8275
2243
5156
8118
5302
6705
4836
9774
8664
9635
1024
5888
3521
3830
9245
9880
6128
9827
9839
6391
146
8790
4572
1944
1653
6410
4004
8061
3487
6794
577
1549
6235
8149
8217
2915
5153
8730
4614
1251
1248
1094
3337
9164
1227
5603
8322
4569
6129
9286
5785
7429
1905
1714
3805
9408
1999
2452
641
8677
4390
399
4079
9311
577
5835
9187
5661
3220
71
7414
9760
6714
2937
3121
173
6037
6685
4266
7468
5587
9113
6485
4891
2951
6164
6337
8370
903
7650
6010
5118
3336
2010
9132
4530
2430
3978
7726
7326
6937
911
1600
7346
7912
5067
5308
1951
986
2466
5375
9529
3667
7382
9785
4019
4591
2830
1998
9959
909
8982
1254
3373
8987
8447
5715
3537
1371
7327
4951
5042
7998
113
8525
4352
6657
5213
2149
1600
6023
4527
9968
5262
3535
5789
6822
2792
3208
8731
4769
9016
9734
7397
3996
8463
2270
6990
3860
767
5192
5157
204
2089
8625
1278
202
739
6277
419
2537
8114
4009
3763
9606
4780
2537
2028
3031
2215
7476
2779
2041
9852
1831
9001
586
1038
1769
5742
6466
6232
3269
2736
357
1910
7872
4646
4927
1919
3626
6264
6269
9295
6455
578
8125
6262
4963
81
4762
8883
2942
241
7429
3975
2307
4730
5409
1731
9366
4488
4563
4961
9556
3626
8113
8475
5905
3692
7199
5346
4807
6326
3637
5358
7275
7310
4917
9400
130
4858
9590
7015
6353
9341
795
1654
1163
1289
8806
1458
1010
1752
5796
6418
9781
9781
6009
3430
1254
773
8533
5089
4209
274
1188
1129
7755
6781
6409
4707
9181
7934
4639
7668
6265
2956
8914
4263
6897
1882
6708
6296
9445
6420
3336
8296
8358
321
353
3279
3680
9991
2250
9432
7734
4525
6209
9048
9258
7501
8722
1049
7256
9851
4392
2613
9998
7043
1807
3780
9395
3161
7782
4646
3717
7663
8980
1727
1345
749
8425
9170
4725
7661
9688
1434
5243
390
229
5251
2857
5800
2863
7692
4942
9942
5621
8566
4666
6695
7793
6663
9504
2139
4954
8679
979
5516
5669
5992
2341
8836
510
333
2211
3070
8342
1385
1137
7625
3551
2361
7900
3575
9660
9317
5642
1633
3105
1655
5775
8450
329
7438
6880
1984
8923
69
1060
7136
2196
5749
5576
5717
2851
977
4194
6978
2254
3489
9161
2869
619
9224
4599
660
8783
151
1567
9871
8088
7725
7211
7733
5121
372
609
3695
3249
2138
8436
4533
8446
1264
5422
6905
5601
4819
5361
2312
531
5823
6749
4491
8032
2555
6418
3968
9238
6168
1808
6137
4470
892
4623
5181
7335
6561
6894
1058
9915
9524
8864
9597
4718
467
1660
5723
5066
1576
7575
4877
961
8326
7601
3128
6898
471
5095
3066
2610
8318
8450
6899
4613
163
126
1219
1433
334
555
9599
5263
3049
1207
6087
1352
8376
4709
8304
989
1432
3228
3313
862
4747
8462
7458
3051
2480
354
7910
8237
5855
5462
6290
6524
851
8077
9759
9302
2399
4050
9139
6575
7603
9939
3797
4497
8668
7341
4426
915
6361
4975
8249
2372
8751
5646
111
2885
4082
345
1149
5904
8753
9146
373
2061
7155
5007
5155
3494
4123
3463
9069
4664
1431
4518
2254
5342
6705
8261
3985
8084
8614
9273
7754
922
6782
9574
1551
3587
9368
836
1902
1261
604
6107
7906
6074
2992
5410
4412
7425
5783
2783
6480
9187
1673
1486
1625
3031
8585
1925
7892
5982
1045
8574
7418
402
9453
9515
3980
644
2652
9922
3338
9192
1294
7037
3462
8030
3752
2218
4843
6994
8974
4783
4504
8550
7879
4841
7910
5056
9298
1849
2224
5665
9686
7626
7928
7220
8067
6847
2790
7963
2184
3660
7409
3366
1591
3709
1053
2401
9895
3956
6734
3528
2885
8193
6702
5358
8184
2922
7955
792
3019
1887
6564
438
6799
6679
1426
9414
7326
2125
7254
3075
6231
3213
1762
4642
1466
2725
2931
2458
3888
3347
3518
9914
1357
9881
4514
9727
6974
2609
8323
4514
9247
4011
9767
5722
5613
7662
275
1084
3383
4338
3362
8443
9411
5412
3117
4476
9185
1969
7932
9610
2349
3752
8842
81
497
2978
9321
4954
1979
3436
6097
6742
6829
8955
993
1236
8243
1712
7944
6193
8992
3166
986
5980
8604
7608
9468
8027
73
4684
8547
5767
6010
4365
7915
4647
7793
4890
6023
2979
6791
4664
1092
2167
145
3746
9878
6787
2925
390
595
2212
7175
5763
9355
8566
1173
8839
7014
9660
6919
5889
4025
8572
1594
8297
4876
8937
9516
3695
5376
9984
360
6717
7779
7516
8425
973
2393
4480
2246
1292
448
7642
65
6665
2503
4815
5747
7285
4879
2091
3486
3453
7743
1335
9423
5129
5479
5596
7873
9670
1347
5676
8313
4921
5610
8388
9236
7804
4354
1341
2381
7480
2330
6221
2771
7614
1395
9142
7975
3824
1494
1093
6632
8832
703
7190
5294
1293
515
9897
9514
8176
3246
8987
9918
3048
5782
514
526
1107
3586
3815
8679
5600
3048
7537
4117
8186
3903
5905
1168
8117
3771
3127
9048
9168
8346
7094
4466
3894
9541
5711
1838
1407
7489
1875
5404
2388
1796
9574
2780
947
410
7267
7970
6935
4534
8664
7623
5243
547
9346
882
6640
8272
979
2650
3721
2598
3942
7037
5430
5141
6971
6569
3826
9251
3791
8003
9976
1866
7048
4835
4900
2976
6962
5341
2401
501
4837
1713
9538
1601
7252
3162
7620
594
319
9681
3859
4849
8152
637
1709
8429
5881
4965
6457
3799
1152
505
1891
5837
2237
4801
2700
6705
4834
7073
3473
816
9427
1979
3475
1380
1651
8018
8613
2373
3839
7422
4910
8084
7478
7172
9262
3143
7924
7805
4643
318
6761
878
9358
2938
8883
913
7974
4464
3228
4648
3814
5310
3200
8042
9119
831
2951
6178
2537
2716
7629
3555
9282
3591
5592
2495
3289
9170
7333
710
4217
6564
9417
7838
7709
5039
1593
1901
1509
719
5499
6120
3214
3188
5069
4322
4746
7264
7266
3217
7230
828
6025
3555
176
6737
1209
5511
1560
1601
7229
8633
1594
83
3672
8122
7729
5516
1513
1374
161
3267
9913
4909
7011
372
7207
3906
594
9386
6790
8107
134
6936
5305
6908
9766
3129
3361
1917
7123
7896
8210
8845
3850
9677
1969
3800
1445
7897
1698
8749
4089
4097
7495
2061
6071
9263
4826
7754
2825
9683
1104
159
2364
6107
3321
5456
3471
8288
3871
7029
5157
3688
6561
3034
8039
6085
569
9000
2866
8394
2665
7897
8545
1821
2751
673
7581
8501
7119
1707
9594
7134
1031
9074
943
401
7688
3260
9827
7374
4879
6934
1503
6009
9356
426
5897
9681
8493
5104
6479
7419
2069
9258
2609
9279
4794
9050
9274
319
4740
7050
2857
1693
4073
1589
7290
1622
6321
8302
1129
6713
1826
5509
9064
3859
3358
1774
2189
5398
7577
1335
454
2362
7194
2613
960
3041
103
6509
3119
7278
6128
8858
9866
9164
8042
9691
4515
5050
698
1694
1755
2793
7561
5289
6593
3837
5366
3999
2556
2015
3011
6943
1258
13
4801
2800
5915
4191
8505
2118
790
7582
6739
3034
9397
192
4478
1188
4051
2463
676
1
303
7834
6402
7094
6874
5551
64
9687
4187
7337
3078
265
2961
9612
7532
9462
1250
4223
5176
6390
7817
6853
5069
7318
4385
619
3485
5446
2520
280
6830
4975
1493
2338
3035
3209
3314
588
3520
6415
6997
6388
4585
630
1987
8285
3919
7858
5245
4546
7323
9301
3712
7893
7095
9901
7628
3381
6798
6352
5017
3286
5065
3049
9739
4415
7370
841
6124
8459
2721
4876
379
5105
5546
3158
285
1427
5253
2089
5246
3250
9314
7989
9669
3689
1250
9212
9356
8586
904
9896
4692
1687
7866
7726
4271
5221
4783
7250
7061
9634
8950
6092
2978
5680
1161
3733
6612
2060
8000
7297
4206
4790
7704
5513
3149
7045
4730
6233
5375
7086
2241
2803
8462
1803
9993
9928
3974
9653
556
8281
7983
4256
1585
1395
2081
7729
6099
4466
7037
8157
3635
1812
1038
9146
397
2909
7802
4436
882
9737
3160
7253
7563
2689
3428
6891
8941
1671
7942
5414
654
4436
5308
7662
9408
46
9378
9058
3994
3020
4026
7025
8459
6252
3970
6104
1454
9775
223
5463
4945
6928
8229
6356
4236
4804
6436
1897
1642
5587
8157
8895
8086
4597
9172
8003
5749
3251
3708
9193
8723
5891
1529
1155
8757
2618
4316
8395
6400
3182
2107
3560
3335
5298
6299
2214
8063
8962
3099
5185
8361
5974
1026
6290
1805
2402
9571
838
8041
6866
6805
4721
8182
2370
4345
2940
6012
7662
3114
75
6309
3384
4699
5546
6727
1854
5282
5296
9528
1916
4831
4874
1278
8614
2792
1900
9031
7459
2090
7295
2696
6843
7775
6100
8059
4633
4874
2983
8955
8679
985
2744
2517
7371
1588
8029
8037
2405
4569
3609
4054
9871
1160
6326
7386
4006
6976
4097
8955
3860
1383
8524
3103
2589
6100
4296
1607
4444
8213
4537
6460
9478
3523
1619
9785
7093
9702
1530
5354
8301
8904
401
2823
5251
8261
8605
2418
5817
9621
6719
7648
753
2467
1675
3346
7644
8744
3458
3033
6948
9415
752
6477
4316
3930
425
2740
8817
6677
9868
1610
4164
4246
2094
935
1896
1805
1727
5720
3321
3803
188
3025
1788
1256
5110
8225
667
1055
1433
5211
2751
3735
2741
3240
9554
350
2594
3892
9666
9779
1563
3017
8312
5005
1735
570
2328
5417
2006
3799
3897
1233
2758
7399
6926
5101
9287
2397
6220
7813
9162
2705
7712
885
446
9219
1065
3998
3888
4341
9063
8777
4312
4463
124
6330
7733
3412
756
4351
8986
6012
7302
2833
6547
7995
4268
3127
151
7950
1415
1841
9734
4238
151
7520
5419
170
4865
1778
992
2377
4942
953
1966
6659
723
62
9041
6373
4792
5255
7069
7061
5559
8169
5270
2079
1310
632
3208
997
4934
2659
1428
4010
7492
7817
7622
1000
8198
288
9720
7639
7562
9456
8543
3814
1189
3120
5629
4319
7868
1768
9132
5477
4978
958
5673
9365
8710
4980
1467
211
8085
3354
6793
3895
192
8613
328
3626
4901
6517
3011
2113
9937
5521
35
5454
6267
2625
5921
8848
3623
2963
7675
4958
1303
5250
3782
8932
2301
1732
2913
4048
8902
987
2370
390
4350
1669
3694
7743
7013
2397
9116
6448
6674
997
6781
9339
5999
8328
5904
2307
8425
9317
8046
9895
8165
276
5760
8492
5513
280
3414
8661
746
7157
973
689
8532
9309
127
3876
8073
5306
7729
1249
6990
6024
3323
6111
5439
5285
7389
7267
2006
1691
3710
5921
2766
453
2399
9894
7098
9324
2219
3688
4816
4980
4007
6334
5330
5085
3842
8723
5928
8203
465
7618
617
8474
482
8808
2339
9579
7431
1308
2388
3487
6817
8781
8836
2714
4395
6479
338
944
2260
3029
2797
1025
1427
3463
8207
929
1177
1871
2085
3683
1616
8864
8850
6133
2354
4053
7829
7501
5201
6161
6581
2139
2214
6028
5893
9024
381
285
8693
1767
5004
5513
9446
3511
6031
8887
8069
9924
8783
5657
3524
2831
104
6993
3192
7100
6337
3545
4962
295
6194
2660
4061
4543
6902
5814
6463
3321
5215
2383
2578
2677
7588
3453
3728
5554
6522
7579
9042
9238
3224
9101
1803
4394
941
1505
2140
9154
9707
5066
9233
4646
164
9631
5382
7436
6858
5630
1421
6811
1497
7224
4223
9286
2701
4116
7542
6960
5343
337
8311
5917
8899
9765
171
3007
9408
968
5738
139
2366
6796
3263
2015
348
6928
5221
2195
5739
6919
2131
4497
6880
7463
3867
4102
9113
130
811
9772
9636
7134
9071
2045
5448
8259
3315
8562
4988
9850
976
443
4321
5298
8652
5830
5768
2819
7384
8026
9824
290
564
1580
3927
7071
814
6389
7829
4605
6107
6174
6072
8555
9016
3979
9750
1561
9424
4839
9553
1822
4730
8837
8460
710
3414
9711
7120
9352
3552
5155
1643
9776
4827
7547
8425
5962
7574
3372
1089
1930
233
3349
882
732
9907
8834
2971
1279
9368
8889
5446
9559
2956
1150
1933
3604
985
8484
8482
1442
5756
111
9949
390
1410
6212
6649
8198
574
2951
3641
1769
3352
6016
5232
485
3149
3917
9305
2364
6706
8387
5107
2892
1175
134
7652
3381
84
784
7437
4101
6801
6799
4449
4581
7073
5819
4418
9271
9131
7521
8177
9021
7597
4828
1995
5396
5601
3052
1286
314
4319
7890
1994
3345
5972
7516
9435
5842
4063
305
5574
5781
8034
4823
420
2613
4530
1644
5479
3969
7014
7120
6271
2333
4574
6592
812
1682
3090
2853
9972
8860
9782
7751
974
6915
3868
2184
1796
5352
202
7339
8469
979
2370
5933
6657
7195
837
9743
1239
4363
5425
3797
9348
6138
4506
3286
1250
3530
7109
51
9665
2646
502
8984
9567
7896
8529
1999
8144
378
1478
1980
4257
4647
6718
7436
4893
1387
1470
4408
5063
3953
1108
7320
2489
8562
526
451
2014
5529
3489
3549
9107
4154
7411
5515
2266
1552
1601
2044
8276
2092
8576
627
3043
4829
4860
1011
8115
316
1260
6309
7735
1417
6178
4025
5404
2123
6137
1804
6051
6254
3966
1409
3292
695
1233
4163
326
76
48
2669
2100
4571
6753
9098
9212
6699
6341
8061
8643
7177
6055
6325
4033
4587
454
2757
9669
5853
2899
4655
2152
9515
2501
5319
4796
4753
2356
3823
3465
4881
44
3255
161
5510
8443
8451
8227
1831
9056
5535
7533
9304
1418
112
8405
2514
3799
5169
2507
4841
6956
3208
6518
2253
7115
6166
6046
7535
3095
1236
5159
774
7219
4362
7748
4285
4295
7531
9669
736
3599
7917
1678
1243
2820
1079
9068
6335
4740
2096
6279
975
1128
7298
3185
8248
1546
348
5381
5926
6540
9222
111
6392
9849
5559
8985
2483
644
7536
4864
2535
2526
3707
7577
9094
5095
8891
4688
5786
754
6345
22
9289
5529
4067
8931
5844
2146
912
3686
4074
8572
3883
647
9109
7671
4250
7181
8312
2837
5964
7669
7415
111
8685
59
8382
5078
6203
8100
9824
2097
5375
9101
9944
8889
952
7718
842
7632
4586
3080
4528
4679
4703
9501
9989
4584
4835
7978
108
2524
9565
2024
5655
1402
5963
1524
2502
3266
8014
9346
8083
6960
1176
9263
458
6823
6065
4287
4955
1743
7077
2867
7589
9469
4194
6196
7700
7398
5943
7016
111
8329
7231
1776
2041
276
9122
1431
4894
760
8443
6359
4312
3403
4279
2828
8658
5882
1236
3599
2097
9727
2312
2176
6833
6046
645
1061
1164
2253
1068
7944
4220
8710
9596
5989
847
8006
1487
8913
3087
3121
6651
727
2336
9140
235
5033
7847
2609
1495
3238
3344
962
9865
3033
6392
2668
4626
9143
8444
6119
1804
5326
2838
1364
9941
7427
2879
3550
1947
1410
21
7445
4144
3793
5733
2225
5512
3530
119
9448
3937
4539
1411
5225
2499
902
1247
3553
8390
3200
2095
3467
1721
3821
6043
5749
1410
8167
9509
8390
4774
1334
4929
3407
6669
9132
3717
209
5241
4447
6211
7074
2161
1908
4415
3220
3378
2784
105
4479
4503
1975
6647
5382
9842
6197
3609
2110
508
4566
9190
5130
7757
8212
4943
6909
4576
6816
4754
1189
4232
5852
5830
141
2880
1891
6252
6927
6315
401
1922
7181
9245
6212
1147
1570
5000
3828
7859
4509
3643
8031
2833
1736
8478
7516
4894
2521
5379
8301
325
5502
5522
3281
3145
8988
990
5116
411
6605
7791
5768
6372
3610
7559
5724
2391
2627
511
2690
7793
2633
7990
8699
1480
1554
2854
5560
4688
2531
5953
3300
3029
5218
2181
8702
646
1024
6218
4170
1086
344
39
5662
4522
6055
4338
7305
2014
3898
6173
4077
6781
3936
8812
8251
2271
2150
9877
5894
9280
6070
4106
6242
2325
9034
5947
5743
2537
2041
7623
3581
2963
1131
8616
5668
8090
7049
9977
7368
4488
2464
1474
6860
2583
8315
4852
1795
8039
9565
3056
4742
8703
1348
5770
3957
5984
4057
9505
2226
2667
7480
6080
637
4985
4441
7377
9280
5249
7921
8819
9102
5456
1282
9077
5683
3700
6522
22
9367
5473
7597
8366
5051
4181
461
1208
5028
1785
5582
9299
6488
5977
1310
320
2013
2693
9250
4958
239
7969
9434
5144
9867
221
2798
7084
9992
3129
3031
9
8175
9207
4400
1716
2609
2699
7422
3758
3577
679
3009
4168
2214
9176
7105
7545
6815
3786
5053
3435
3872
7255
7132
731
4082
1596
7997
5399
1454
7209
2456
8103
7855
5655
3029
1580
3441
4171
2649
5261
8440
2509
6867
5644
9571
1498
4534
1179
4084
5550
1480
1779
3157
9672
6851
1574
9271
2816
5219
6744
6789
4057
175
9734
2356
202
3668
3849
2334
6868
5648
4105
7506
221
5857
2250
6029
7878
6157
3535
5563
7000
3568
5617
6103
7064
1799
6547
9307
7089
6976
1424
8798
3647
7650
6672
6867
8107
8679
1569
2123
6632
7591
5734
8553
4548
1742
2797
3647
9601
5244
8679
3786
6858
249
1817
8029
1081
8986
1578
4680
5485
9176
3786
2064
3987
4615
8341
9197
1674
5697
4942
6225
3795
1691
3225
3789
3313
7308
2111
8613
7600
627
144
7539
4870
4266
3296
4045
3770
6997
8711
6047
1123
9542
1918
5691
9953
8634
7108
7022
2720
1151
4052
9740
839
8785
2621
2798
9829
1135
2454
7778
8693
2599
8465
3629
801
6373
731
4475
3032
9537
6003
4743
4383
944
865
2449
7797
2511
4972
6492
6552
2054
8523
6891
5549
73
5225
7188
9909
2853
5603
5341
4621
1758
440
8857
8423
5420
3853
7623
3296
405
3177
4229
4192
2998
2236
7292
160
283
4268
4628
8436
6213
3457
2252
2078
6716
9626
9648
2394
4972
5440
9610
7430
7529
8148
1878
901
3367
4706
55
5435
4578
9284
7120
2178
7011
8577
4352
2888
8683
5155
5396
8214
841
1182
249
4287
3358
6750
6378
1989
4256
8052
4456
254
8704
8758
7099
4514
8833
4342
699
2165
5115
3346
4115
6757
6501
7995
7308
4184
5873
5812
4054
2230
9884
8626
3932
7684
4121
8612
6716
7193
3999
8097
7664
1762
7392
9
1258
7957
8970
3284
529
4908
119
1027
5672
8114
2270
8956
3176
5203
1828
3866
5669
154
9073
5760
8474
1757
8214
3799
4050
3323
6138
132
9927
9561
122
2508
127
1396
6296
8088
8487
424
1723
4254
4181
5241
5480
3062
2877
7477
9856
732
7184
6386
2822
1673
3061
1683
4489
8991
7485
1981
5942
9714
7459
5804
1855
5212
1585
2803
5310
8561
8732
6296
8516
2257
4780
174
8054
3750
1237
5470
391
9167
2251
8488
3228
1636
4371
2246
110
3159
1674
9016
3319
2514
6072
9731
8946
6196
221
4355
7784
5561
4553
4019
9224
8949
6713
6909
5911
8755
1648
6894
8661
1487
317
9930
1471
2793
3180
524
4518
4901
4707
5103
1626
6610
4618
3412
6917
8093
7250
1084
9432
1264
7602
7501
5471
5210
9188
4324
3945
2404
7885
5637
1900
6524
9067
4157
1313
5910
5611
8556
7757
1678
8788
4300
7972
2714
7209
6194
9686
1313
3943
3037
371
3824
8880
8835
4053
6311
394
2601
2795
4473
13
8952
8989
6876
2287
7375
1259
3184
2984
6653
6290
9929
5183
1888
7738
8254
9548
514
3498
6968
3729
9482
4559
2122
6518
5215
1851
5150
7147
4265
6809
6610
7870
6341
53
2449
3911
6993
5896
1685
9044
269
3044
6348
2060
3232
6113
6157
2412
5162
7576
4747
7112
4152
8617
5725
7509
2434
5807
7463
3820
5382
6695
4038
8687
8348
6625
9585
5747
479
9007
4991
4291
1043
114
5597
9297
8948
9508
5417
8692
9668
4593
2674
9129
6732
4372
9158
5503
819
7338
5201
5152
6268
5548
2116
9992
9399
2934
7131
1610
8030
3283
8288
3071
3688
6925
2704
2866
1447
2947
1146
8825
7227
1630
7377
2476
6114
36
4386
3836
9852
3869
7592
5490
4463
1044
8714
9584
4879
9582
9714
2049
3498
7509
1862
4
9588
3422
575
6777
8907
9910
5657
8446
7284
4179
7664
5020
8539
447
7067
7184
5614
5825
482
5445
4572
1807
5251
9590
6948
5050
6635
5817
6507
3687
6911
431
9280
2328
3981
5320
321
3385
9316
8413
9221
4041
2685
1726
1864
2024
191
9292
3782
4129
3695
1561
4964
531
9975
5731
589
1590
2569
3276
6912
3950
2417
4004
3066
3728
6027
5728
9892
1047
2088
30
6466
5329
2446
4714
3157
1286
1235
5923
3347
5599
7939
8206
6259
2849
3730
9949
814
1894
6298
5375
2098
6203
6766
5726
4391
4172
2886
987
8705
7156
6142
344
8151
404
8506
6434
4114
9177
5846
806
5196
1749
6815
4051
1654
8770
4285
7245
9507
6477
1556
467
8051
2338
2654
2667
6188
2067
8318
1592
7201
1622
5415
2150
5924
5484
9114
8076
2411
5869
6438
5805
9163
9523
7434
5622
641
6935
8594
967
3910
125
8103
3811
2438
8820
4360
9876
7049
1004
7123
9940
1977
9494
6798
4695
8926
2196
2888
33
5040
1795
2461
8223
6705
7986
1439
7827
4214
1115
9427
501
688
9364
4716
6246
8866
5393
3967
675
6680
471
5640
6023
6274
1666
4689
