6669
1
7251
6233
-6574
3642
-6630
944
-5304
1088
-712
-59
2180
-2150
6420
-3188
-6489
1679
1904
-1992
-8820
-1571
3246
-4747
8558
-4540
4924
3465
-7967
2190
8442
7452
1177
-6293
8281
6884
-8528
-5442
4529
-781
-2787
3247
2368
5136
-6956
159
-8421
-4486
-2378
7009
-5924
-3580
4243
5400
9107
-8455
1144
3424
8733
-1222
2412
-9639
-6007
5546
-9722
6345
-418
3100
2587
5777
-9880
-4349
7629
-5349
8441
-6434
1835
-4689
8741
-1000
-6359
-315
-5626
3017
6005
-504
1426
5997
617
1489
2116
2492
9325
-8234
8125
771
91
-2497
8689
1246
2604
-5597
7516
1206
1298
-2399
-6618
4972
-3269
8774
2479
-5809
1152
6887
-5569
6826
-1723
-7895
9239
4782
-660
-2192
-987
4477
7018
-9053
5913
-8118
-3250
-4293
-3868
7256
8545
-1801
-4369
4514
3232
-3398
3857
-1412
-1103
-7956
-2232
-982
-136
680
-1718
-8064
-438
-8008
4191
6007
-6602
1481
-3300
-9571
3020
9964
-8954
3560
1378
-997
7514
1364
2513
4008
-38
-5052
-7927
-1727
5596
7721
-6017
5568
-2483
-5151
-2456
-4920
7340
4120
5378
5036
-4399
-1114
-4982
-1365
-3779
4282
5348
-8197
7181
3468
2839
7814
5452
4164
-7258
-1991
4021
-1340
-7773
2899
-107
-8078
2500
-3420
-5279
-4839
1027
7637
678
8903
3061
6186
-3158
-5573
9359
-8205
-2933
5556
-244
9526
2709
8470
4818
-9874
-1670
-2943
-5862
-9040
-3002
5964
-5384
-7390
-7584
6781
-12
850
5361
-8681
6394
-2528
4152
3212
-1416
-6620
2383
-5340
9173
4809
-6602
2603
1402
-7192
-783
7659
7824
1867
-3619
-2196
-2164
6946
-1373
5611
6964
3604
3571
-2809
1764
-2973
5871
-8529
-5889
3846
1477
-7780
5642
-4783
5807
7008
-5771
459
3828
-6384
6487
255
-2175
3315
-6714
1630
8170
7332
9595
-8239
-4629
-8046
-5609
-4329
6854
-8434
7393
-3123
8321
-5522
-4196
-8160
-5761
-8439
145
4564
-5905
2573
7500
1072
2489
-4389
6639
-6681
-8488
-9999
5148
-2341
2104
6047
-3249
-6008
-6797
5521
7606
-622
9797
7317
-6648
465
1419
-9777
6869
-6792
-5236
514
3816
-2281
-3959
1618
3144
-5973
-3095
-8554
6045
-5136
1562
-8919
-9397
-2563
-629
-1438
1050
-5785
3096
-8053
9286
2914
-238
8557
-6954
-5479
1874
9298
-7031
4158
-7623
-9904
8325
2378
9431
-374
3386
-71
-5818
3471
2253
7924
-3670
-8275
-2684
-7365
-5002
3283
-221
9266
5828
2662
-3197
-8931
-1319
219
408
-9993
-5534
9439
-9947
257
-534
7517
1109
1625
2193
-2398
8981
-3008
-199
-9476
-8141
4170
8524
5641
328
8058
392
-7930
-2375
-4670
5202
173
-1689
-1917
-862
-7051
-3564
-3908
3280
-8105
-604
-8011
-5089
-1927
-5908
-3301
-5525
4713
-98
-2547
-4482
3154
-7089
7405
-1275
6662
-8666
-8762
-701
8501
-836
-2524
3118
-1957
4472
7498
5152
-8475
8869
575
5791
-6437
-9463
1962
-3294
5572
6473
1959
-6668
-5924
7824
-8465
-1715
-5461
7262
5905
7104
-8419
-1305
2830
4867
-6790
6393
2393
2166
-1564
1713
-5512
-93
-8816
1110
-6023
23
8086
6916
-2770
21
-9373
-2161
4804
6566
3827
-8406
-5867
4733
-4318
-6369
-7839
9729
-4005
3039
-2247
-8978
2792
3598
3740
6161
-2496
6455
-1232
-793
3000
7045
98
8300
-473
9788
3840
-5178
5966
5304
5840
-66
5778
-1459
-7936
-6859
6625
-892
-8923
7702
1790
-6200
6700
-9042
-4078
7742
8124
9542
7565
6773
-6691
1167
4172
-4051
203
-1616
-3694
157
8718
4893
-9739
-4373
6199
-9181
7094
716
2209
6287
-9457
-3786
-5180
-6793
7004
-6759
5447
2697
-9763
4052
769
-7221
4496
-8272
-7038
-9043
-5368
4797
9693
-6453
-843
7272
5137
3455
4797
9488
5431
-4887
7415
4444
9338
8609
-4398
-4593
617
-8682
-4261
641
7006
2455
3331
-2705
-9099
-3441
936
-7844
3102
9415
-7495
-9049
-6776
6368
1483
3304
2124
-8783
-8550
-791
-7710
-3009
-1153
-3115
9454
6127
9086
4788
-8373
-4390
3604
-1037
-3830
6322
2132
9553
5100
7637
3267
-6667
2980
-3163
-9120
5506
5947
-4066
-554
-9967
-7048
-8546
5136
-7772
9643
2636
-7368
7742
-8302
3485
6369
9506
6728
1658
-9490
-3587
-9325
5507
-7889
3669
-9235
4118
-2197
451
6125
1305
-1032
2153
3192
-2309
-6637
-2070
355
7141
-6068
-9784
3971
7483
-3514
-6342
9209
-1246
-49
7391
7098
3993
6262
5797
-1264
-3957
7573
4131
8499
8861
9429
5918
4698
839
6464
430
-4826
-9766
3893
3331
7530
1182
362
-4095
3328
4773
-9618
-9008
-8308
4422
-73
8109
1364
6437
911
-9166
-9598
2331
9610
-6188
-6228
2802
-672
8032
1341
3928
-1210
-2478
-7584
5399
7061
-7029
-7493
1134
8137
-1410
3120
-9424
-7424
2933
-7747
2891
9337
433
-8036
-4513
4680
-44
-4135
2164
4690
2457
-2191
9228
2899
3178
7481
9922
8928
-8517
-3259
8040
9671
-9284
-7700
772
9247
6475
-5983
6888
8802
-1743
5005
8733
1353
-9902
-2377
6572
-6115
1088
-5238
9774
-7452
2572
2019
-9390
-5613
471
-873
9539
5316
9446
-2773
-2200
3974
7410
-1640
-1611
-5807
-4119
-8764
-7439
7424
-8651
5933
122
-3686
-1843
-5274
2518
7830
-6701
-1748
-6021
-8613
-4015
9302
6193
-2587
8386
9497
8639
3858
1903
-789
8252
5401
-9720
6398
-2729
995
8583
418
-4174
-9628
-8680
7516
-9109
-79
9433
6444
8318
5860
-2662
7304
906
-2681
8185
-7398
-6520
4723
3730
8086
391
6421
-7235
519
2368
6944
8888
-2716
3680
-4572
-9533
1252
3204
-9242
6996
650
-9009
-3623
-5373
8155
5791
482
-2438
8628
3344
-3953
-9020
-9284
-4919
3763
-2009
9064
-8496
-8546
-8122
1765
9615
-8699
862
-7908
-3779
-495
8263
4803
-4545
-3727
4885
-7573
5589
-3926
-6527
7099
-7219
-1134
4205
-2175
-7422
-882
8468
2243
7400
-8114
-4336
5487
-8039
-1255
6909
4011
-5942
-4552
3822
949
3370
8927
5718
3954
5149
4826
4734
-194
7679
-7663
7421
6462
-2515
-42
-2521
-6172
4001
-6834
-8139
-5165
6667
-3879
7124
-2128
-1397
-5367
1064
8285
-8188
5154
9209
6008
4780
1802
5955
3750
-657
-6221
6944
4384
-1339
8756
-3219
-9312
486
-8632
9203
3245
-4889
-5816
-2886
7856
-8639
-2681
-1228
9030
-270
1462
-4791
-3903
-8420
-1520
9826
-8327
9874
-4720
2839
-1888
5625
-1856
8663
-1309
8286
9186
-1956
-9674
1444
5807
7697
-5831
1178
1916
6632
8402
-3615
-6829
-3288
-2927
-8806
1918
-1145
8383
9764
-7523
8741
-5563
4414
3388
8695
-8483
7502
4635
2319
-7750
2815
-9964
2552
-7680
-8177
2842
-157
7336
-3143
-4598
6954
-447
-7547
6624
-1762
-9127
-2758
-7894
-7061
-204
-7952
6270
-2280
-3598
-9270
-8091
5521
8818
-3125
3925
-3627
-9184
-3535
3983
-5163
7757
-9985
-6736
457
-4668
-9748
7539
2439
6012
13
141
-4545
-7847
287
8276
-3970
-6469
4504
-9103
7999
-1482
-7327
-2450
5603
-4606
-7752
2287
9675
-3554
4949
2411
614
-408
-5311
-7604
-6084
-6531
1928
-7565
-7874
2702
-476
-377
8399
5391
-2248
-8329
8354
-628
-7475
5594
4451
2166
-6227
382
7885
8006
-9480
8241
9926
-7185
8930
7322
2932
9362
379
2129
-3496
-7256
8794
4485
1393
-9024
-3094
2970
-2264
4948
8235
7305
4879
1861
3653
-7693
-1464
7127
2335
2349
5133
-5275
5278
-3028
4480
-1917
6089
636
-6871
3839
-2008
2604
-6095
9399
3796
-161
-1102
9135
119
1375
-9304
-4798
-4400
587
-884
4061
-4426
271
2083
7379
1686
-7428
6097
-2038
-9924
-2044
8988
6848
-1182
5530
3213
-7133
3174
8682
-1097
5201
-39
-6121
1286
697
5892
1948
-5498
9641
1424
-514
-1644
4910
-5949
7779
-6968
-5380
9095
1804
-7478
24
-671
-4538
7634
-6908
-2631
-8911
-8903
-5394
-251
-2662
8847
7425
-3123
-5261
-4697
-7596
-5713
-9519
9747
9210
6642
-5969
-3855
7741
-2715
6031
5795
-6868
8586
-260
1785
-4701
-2929
-9481
-6933
-4087
7273
-1122
-6994
-5770
2962
-6157
4645
9432
8384
-2527
-7585
-4855
-6504
2407
7661
-2426
5807
2443
-4193
-9793
-7160
3895
7375
7996
5409
4779
-7279
4539
-4778
748
-9049
-502
-6886
-1758
-8626
372
9860
-4347
5120
1391
-1553
2281
2274
2771
3610
-6733
-5584
8550
-6586
-2742
9171
5299
5118
5565
4084
2228
6275
-7153
2398
6231
-8609
9252
-9519
-2476
-4115
1969
5683
-7020
-5381
2328
3264
-8728
-8621
5951
-5904
-1948
7045
3478
-4515
1321
7216
-9180
7472
5993
6570
-7904
2430
-5130
8726
-7328
6687
-7439
-3126
1963
-1706
-2781
-7773
-4580
-2247
9203
4494
-1593
-5255
2448
8525
-62
-2133
-735
2862
3871
-6093
-5911
1749
-1538
7115
-7824
485
-781
9778
-189
-8387
-1259
5564
-751
7863
768
9351
7502
5153
5850
-9744
6175
-7648
-436
-6646
6837
3025
1547
8881
273
7444
4572
-2654
2651
1233
7308
6347
-3872
7931
-1132
-3314
6716
9911
-399
7852
-1870
5960
3870
-796
948
-114
9088
1623
7139
-6455
-9239
-9125
2323
-2421
2472
6067
1341
-7550
7952
-6788
-4823
-1888
-9490
-848
7374
1583
6068
-937
-4734
-4558
-1551
5764
-2893
8862
6784
-9064
-3916
7751
-5664
8055
-2685
-8682
-5806
-78
6723
-5797
6986
-7340
985
-8337
-1666
-8011
1128
9334
-9448
-9891
7950
7680
-1001
2906
5389
3864
-685
1382
-6056
-2814
-1168
1528
-4227
-3886
3532
-1804
1096
2929
-1476
-5194
-2264
-6054
4516
4455
-4379
-1188
-1841
7722
-1642
-3432
5433
-1493
-3350
-2191
-9332
-9200
8893
9951
5651
7134
315
3875
6981
-5200
2109
-3256
237
7711
-5513
8247
2939
-454
-3088
7842
-2856
4419
-4626
-1954
-2090
-6438
-5784
-687
704
9660
-7541
5342
126
6770
8134
6227
1537
8747
9171
-5445
-5356
9447
-6391
4101
-5910
-3180
-1994
-5443
316
5980
8600
8985
-5183
3634
-1494
3124
1864
-7240
6723
3726
-1504
6423
3622
-3268
-7857
820
7454
1816
7093
-1205
1401
-7479
-7746
2450
1672
-1842
-8269
-1576
-7610
7931
7608
-1
289
-1993
1721
5295
881
-1960
2238
4599
-7223
-3540
4309
7275
1023
3285
-3284
2007
9532
-2712
6234
-5507
-4955
6373
1945
8784
-4917
-9397
-1665
7602
-9688
-907
1282
6980
-3386
-9813
2725
-107
6456
-5639
6647
8298
4572
2942
9247
-5092
-3766
-3522
9273
-2389
2579
4261
4419
8412
8149
1512
-6051
1688
3563
-1375
-3258
3700
-6703
7461
7996
-5559
2063
8018
-3096
-243
383
5306
-9987
-3784
7410
588
2706
-7475
6940
-5084
-243
-1995
-2676
-6654
2270
4525
-1015
6631
8982
3311
8983
2680
-2276
6610
6479
5647
6766
-9238
9147
8193
5883
1945
-799
-4455
-3391
9557
6541
-6912
-128
759
-6329
2789
1718
6495
606
2951
-1112
518
1908
9989
7067
-1388
-1023
-7437
-3264
-9636
2806
-2717
-3217
3022
3390
-6555
-6857
-9193
-2222
1855
-7154
-1993
-9710
3172
6902
865
1949
1652
4702
7226
9741
-1904
-7972
-6427
-6085
1624
9812
-652
5875
-5259
-6739
-8150
2593
-9371
-722
-5410
-4763
-3228
-3401
-2878
3135
5274
3668
-2447
3599
9407
-8987
-8680
3512
-8378
3857
-3680
-3439
-2905
-2406
-8812
-5097
-1857
5348
-1118
-6866
-7852
-6528
7783
-4386
478
6482
-9252
-2428
5185
8477
6832
-7750
1842
-2680
4885
7838
-9513
-2846
6185
6433
7415
9249
-4303
9899
-8558
-8575
-7397
4393
839
1392
929
7999
914
-5387
-1004
-9626
-129
-1318
-7590
-6040
-62
1675
-4806
-5952
9403
4416
1859
-3314
6013
4781
-3143
-4343
3676
5393
9204
-3698
2110
-2860
9698
9133
1191
-7982
152
-1674
-665
-209
5604
9470
-6699
4227
-2077
8460
-1777
-6194
592
-7250
-5637
-9565
-6710
8459
-9238
8331
3351
-8679
3287
-1903
2459
-4517
-6445
-7829
-612
-5279
-8988
5382
-859
-9784
-358
9657
-8382
-5908
8231
-8611
6312
4673
1399
-4326
-6134
3041
-1152
6681
-5465
-6825
-2897
-3430
7242
3459
7628
4309
1383
-5086
746
-346
6738
5765
-7619
2409
-8050
-5104
4767
-4036
9001
4581
-1358
8284
7146
5229
6731
5390
-9532
-2661
7081
6525
8703
-4116
8034
5644
906
5564
7743
5312
-8982
645
4394
1571
9532
9202
-7783
-7542
8889
-258
-887
4260
-8444
-5759
9373
-4944
-1166
6718
-1175
-6493
-3014
-8053
-7155
-5238
-1633
3221
9232
-4496
8510
5801
6410
4215
2015
-354
6862
5721
2071
-351
3948
-9593
-9607
6198
-4199
4236
346
-9027
3151
-2979
-4483
-1838
9267
5891
-9054
3501
-6871
-9022
3058
7448
7963
7417
8898
-5625
-7162
-7778
-731
-812
-1525
-590
-398
7788
6899
9816
6174
6961
802
8418
-177
-359
7329
-483
8458
1280
-8026
-6306
-3839
5037
-6136
-1121
1665
-8931
9283
-8208
1537
2507
-6410
-343
6698
4239
5908
-9863
4715
-6389
3380
6492
5481
-8200
-1441
-2291
-6037
8810
-9067
-5241
-5506
3477
3872
1042
5927
9690
9672
1048
-8012
-2208
-6566
4681
251
5224
-3810
5170
4107
-8164
4000
-9324
7566
452
7555
4445
482
8121
2077
484
3513
-4864
-2957
1461
-7137
-3354
-8133
629
-6307
-3076
-6617
5686
6171
3759
-6527
-8007
3586
1096
389
-3224
-2367
-3378
4059
5033
-8819
-5892
-7084
9823
895
1240
-2855
4564
7535
-460
7148
6325
-4091
4647
9725
3152
-5456
-7314
4684
-3081
-8556
7322
-8825
-4050
-5076
-4978
5334
3969
5800
-9793
-3620
8359
-5728
-6305
8332
1510
7100
-2248
-6042
1318
-724
5804
2196
756
-4538
5700
9818
-135
8875
-8909
5529
-5660
-2891
-7051
-8335
3441
-9580
-10000
9612
8276
5867
-7718
-8211
-4115
-5454
-4584
2004
2152
-2432
4084
6896
2404
-6875
8081
1244
-392
2022
3290
5443
1521
-5810
3443
-6787
-9665
-9626
9258
-6241
-8747
-2509
-6
-2971
-6270
5520
8158
-2188
-8949
6477
-495
-4090
737
-6108
7504
8650
-5792
-4685
-9297
-6094
-819
6648
2583
2301
-9675
7597
4233
6366
-8233
6581
-1019
6396
8762
5128
-9180
-9554
8597
-8942
2004
9105
-7464
-1584
702
-4431
-5161
4748
-9169
-1435
-9928
9034
-2745
-2481
4708
3987
2412
9208
2849
3533
-4309
-2435
6725
-8828
-9698
-5452
-8355
772
-8112
-2478
2527
6058
5779
5194
-3734
5279
-9418
9783
-3955
-5912
2330
2122
432
-4971
6531
-4496
-7497
-7072
-2606
3710
1151
-5180
-2665
-5894
4332
1613
625
-7003
-3160
-6669
5392
-3741
-3120
5192
-280
2807
4916
7809
-3872
7410
-9962
-8425
-2308
-7500
-8245
-5931
4787
-8879
-4901
3437
7309
6850
5712
666
-7403
-330
-7341
-4251
8021
-8496
2350
-2755
1199
-5394
4514
1252
-1214
693
-4727
-3358
-3838
-1323
-2118
5779
1886
9979
8955
-8658
7316
-7497
3838
-7858
7856
-9753
8796
6441
553
-9315
9202
1284
-7976
8326
6386
-2766
3639
-5263
-8214
-1400
9964
-7725
7126
8668
7
7816
-3184
-8518
176
6312
-1084
6350
5817
-4204
-8861
-1534
-9949
-1202
6936
-8992
4578
-6344
9018
3590
9874
2955
-9845
-2284
651
6989
4400
-8795
-1676
-1666
5522
-9742
2857
-7387
-4815
4244
-846
-7584
5470
-2527
-3939
-8838
2844
767
-9519
-1336
6897
-2168
698
-6632
2240
6195
-1336
-8494
-7717
6800
-4777
-1556
-9330
2314
-7191
-4250
-3826
-5979
-9080
8107
-4940
6550
7094
-4256
-1349
-9596
-9894
-2484
9712
8357
-515
-4434
-9242
3361
-7763
6397
-5035
-2275
-1531
3610
8571
-8986
-4419
-2096
-8951
-3395
-4803
8825
-3476
8723
7716
-727
-8681
-5317
2037
-9599
-6472
2632
-645
2474
3579
-1469
7931
1755
-6929
3012
-4144
897
2613
7332
-6126
2351
1156
4462
6093
3406
398
-2997
-5163
-476
-4444
-4014
6538
-6350
6294
-4276
601
-5211
4141
8733
-2128
-9931
2579
-2571
-3968
4761
6595
-9694
-5164
4460
-5765
3988
2249
3724
8461
4276
-8471
9659
7162
5094
-1669
2255
4746
-1726
2150
-180
2187
-4632
-1697
4094
-3905
-1884
7835
666
3030
-5286
4427
-194
4774
5424
2044
6788
-4391
6800
-6950
2417
3573
-2747
4738
-3376
-632
-6603
-6559
3743
1496
4450
-3956
-2524
-9483
3681
-323
3256
6811
8245
1981
8498
-5739
7341
-5512
-4988
7266
9454
-1551
-500
-2262
8075
-6614
-6676
-1585
-2379
-3856
8161
-908
4664
-7780
2434
-6943
-9602
4264
8907
6419
1953
5785
7214
4433
-4878
9193
-994
8786
3091
-7745
5834
-8400
-2307
5982
-3020
-7106
-6720
3333
6715
-8747
1090
3354
-5339
5530
-9115
-7481
-6790
7215
1582
-8042
-1088
-8206
4608
-7039
2006
9318
8308
8016
5588
-9786
-7744
9856
1922
6385
-6968
5715
7563
-9217
-7657
-5182
2588
1992
-6955
-5824
5928
-7719
-2457
289
8082
-3661
-8225
9231
-143
3363
-9161
9447
5772
-4658
2352
-64
5957
4613
-4546
-680
6475
6116
-1529
-6621
-1487
-2628
4771
-8206
6345
-7258
7247
5059
-2008
6549
1676
-1583
-7811
3105
-7128
9032
-2792
-1562
-5830
-5438
-2585
6443
2642
8171
8338
3769
-5596
-4369
1137
-7197
1278
5502
3922
-9334
5175
9105
9254
6664
7703
8414
-1397
2803
8049
-8858
-3196
9788
-2467
4271
451
6112
-376
-6220
-9923
-7586
6897
-5551
1586
64
8035
-6088
-1521
6797
-130
7981
9364
1382
9694
4176
3907
6434
1070
2052
-7539
-2975
9140
8138
9350
4
9313
-7135
8285
-315
-184
2780
5256
3817
-4981
-4724
-5119
-4152
282
-4887
-1544
5295
-9494
-5496
-4482
2137
8630
1317
-7700
-4926
1986
5259
-1625
-3486
4879
-9456
-4187
7609
5236
700
-4489
9594
3539
-3510
-3533
-2810
1521
-7236
9040
4112
1859
7493
-1159
3205
-5221
-289
3551
-4992
-708
6347
-7780
-8971
-3599
2905
-3061
-4928
3583
-3299
-9088
-1970
-8157
-7705
-2614
7012
-948
-3697
-5450
-5515
7668
-2132
-7766
516
258
9922
8262
8856
1422
9942
3847
6275
1368
-7619
5910
-3099
6599
-2278
7496
20
8559
9311
-871
2982
1155
-357
2367
1265
-9631
4242
5853
2336
5906
-4471
-3505
-860
-2897
3669
3839
-9973
-8638
7815
3697
-1205
9863
5204
5189
-8961
7867
8432
-9804
-3871
-8870
-6040
1374
9743
3386
-9573
1318
-101
-6732
-2320
-284
-966
-770
1999
7548
-4263
2515
1406
5951
4423
6968
7543
2131
-6764
5463
-6218
-3220
-5026
-7505
-6971
-6554
-3525
-5754
3051
6469
6609
7995
-6388
-4616
-5867
5581
7263
-6102
7622
1259
4690
-3026
2583
5919
-2429
-3530
9950
-7472
-4764
8611
7047
-1405
8511
-6787
4026
9449
6216
-5187
9000
-8780
-9197
-5553
8596
1082
8376
-1678
7156
9110
9326
-1585
-5871
595
-3981
-6454
-8360
6272
5189
4683
4961
-3886
-3715
3028
4605
6951
-9845
6749
4769
5220
6814
-6601
-4952
2376
7146
-8735
2125
5726
9681
9167
626
-6065
-9710
8002
2053
-3047
-5004
-9310
7923
-1342
8805
-8991
2295
2693
9227
-3384
-279
5658
7919
182
-3093
6686
2379
-4586
-9673
-3805
-5866
-111
1765
2550
6144
-9816
7772
1899
-4704
9866
-9043
-8708
4147
7227
-7883
-7997
-6632
-3002
4721
-9105
-932
4924
-5261
8620
-1672
9913
-1720
697
8175
-3493
-9433
-5998
-8148
-8822
-3188
6661
-5211
-7414
551
-755
-1112
-2354
-6413
-117
1377
-114
3089
-8072
2024
308
-533
4346
-6159
-2471
-4156
-2306
-6050
8630
-4528
3512
9514
2002
4394
9765
-2949
-6851
3984
1788
6736
-5223
-3366
-3584
3659
1078
8802
-7809
7112
-3095
5842
5883
-7917
-6231
-4895
8064
-5245
-1894
7603
7025
-4963
2442
-4178
9579
-5291
-1926
6207
-9336
8654
6930
6954
7091
5376
-635
7067
-2524
8087
-1090
1131
-2545
7911
-431
7133
-9542
-3955
-9425
2006
-4802
-1545
9676
5824
7138
4654
3521
-5957
3562
-4299
2659
-1447
6923
-7940
-7824
5318
-4329
-1333
-3084
3774
4864
-53
2359
-4315
-3578
-1769
-2764
8051
4678
6197
-7722
-2154
1515
5152
-751
-1693
-2318
-8726
-2831
4470
-4527
-9681
4703
-6137
-9389
2048
185
-5056
-5132
-7111
6763
6400
9135
414
-4167
-898
8429
5409
9096
-8464
8936
3699
-7701
1498
-1143
-4685
2378
7855
-307
3101
9639
-1962
-7188
-2054
7162
-5443
-2203
8916
2235
-8539
-831
-2525
9256
-8674
6880
-2705
-3989
-9687
1357
-7355
5792
-6114
7372
2932
3236
-2037
-2394
-6359
-1585
-4623
1746
-483
6853
4880
7777
-8780
5176
-592
-101
2585
-295
7544
5098
438
867
-8012
-7012
3712
6323
5300
-2881
4146
-387
3118
-2220
-8771
7730
4476
-6874
-6487
5257
-4083
2639
-4536
-1145
-6553
-1223
1423
1994
115
-4100
4743
-2817
-23
-8391
-9297
-1570
3870
-2361
9464
1059
2105
4625
3373
-1773
-8333
1057
-3155
866
-5373
5435
-1214
-1056
-1148
-6446
5101
-6057
7351
-9150
-2831
6844
-3062
-5685
4105
4152
2468
-894
-7603
-9345
8677
-889
9760
-7082
810
-6100
2747
2172
-7257
9286
-8995
-4351
-9551
8169
-2776
-8592
-6200
-5511
-7570
-1920
2155
-7677
-6815
-4565
88
-6025
920
6069
-1860
-7212
-6021
641
-9180
3271
7706
7829
771
6812
-5422
-3701
6081
1917
-4384
7106
3858
278
333
-856
-9746
7863
815
4660
1888
3389
3505
-3646
1055
2466
-4110
6626
-9281
1596
-2309
-2536
1656
693
-1252
6784
3876
-375
-9577
-843
8586
6832
-5917
-5395
-5669
-7892
-132
-9937
-4876
9651
-7019
-8916
-1091
-93
-2786
-6829
-4322
795
-7277
-8366
6349
-3684
461
-4399
-7680
508
7343
-9699
-2997
4468
-3032
-2436
920
505
4260
7358
-3014
-2549
4553
-3252
-9743
-2189
-3077
7930
-3228
-6478
5446
7195
9671
-576
-5497
9355
3174
-5100
4847
4304
3388
4127
7584
1905
-1421
-9413
5542
7345
-6320
7253
-7775
-8390
2206
-2230
1285
-2924
-4835
7451
5454
-4639
207
2757
8058
-3205
-6109
5626
1414
3906
-6908
6212
7285
-2662
-2619
-295
9787
3465
-2475
6189
218
1068
-6288
-6551
-6001
7297
5147
-7663
311
1412
9682
-1883
2601
1763
3906
-6389
6995
-5631
4728
5960
-9170
-7181
8204
-9184
-5785
4986
8173
-8815
3182
-7794
1498
-8519
-1082
3734
-8898
4227
4276
-2239
-194
4988
-5575
3017
-8904
9508
9427
-8988
4961
-7569
-1615
-7978
8474
-9370
-3243
7984
-8577
1738
2863
-8152
9014
-2285
-705
-7515
9668
-4398
4926
5526
7904
6033
-2510
-2025
-7668
8760
6429
-8282
-6464
4905
6291
5975
5338
2086
-5097
-397
563
-8683
8637
-6357
5257
9665
-5511
6061
-7424
8682
-3793
-8495
-6393
-8605
7345
7571
-490
3931
-9279
-3892
2903
9950
9967
7888
-8565
-8426
2250
-3821
3273
-5238
6308
-169
3727
6640
4416
5987
6152
-4929
3468
4739
9826
2103
6984
-5591
2479
-9842
-9970
-4763
6830
2217
-3528
9062
-479
8353
-8362
7883
6762
5984
1444
1504
-8718
-6949
6186
-7702
3946
4561
4999
1556
-8975
9984
-4007
-2516
-7954
-5589
9622
7574
-4107
-2620
5101
3824
9693
3425
-2616
9950
-6291
428
-6376
-5247
4224
-948
1990
-5693
-2518
9101
447
-1347
-8491
-6503
4974
-6409
6832
2991
-3669
-546
-3432
536
-812
-4286
-8022
-9104
-4531
6385
7981
-3632
758
4686
5103
2835
9897
9000
-7249
5748
-4093
-3745
7166
-8169
1559
-4582
-8822
-2644
-591
6669
364
-4539
-6432
-9834
-1196
6811
-9365
-3804
3050
-8788
-203
-2864
-3471
4117
8519
8671
9839
7792
6494
-4447
3365
-5378
8294
-3842
-7857
-7072
-5896
1872
8969
5061
-5949
5995
-9865
-9158
9502
-8416
5855
2709
-8926
7264
-1342
-7274
2160
-8627
5537
-2562
5829
-3443
-9352
-6142
-7766
-2975
4779
-9247
-1792
3533
-6187
-7253
3313
5280
1934
8899
4248
-8583
7666
9898
2365
-8622
9461
-231
-1939
-8113
6762
7754
5890
3866
1171
7727
3985
-4191
-5992
-3418
-944
-5363
2790
-8341
-7071
3802
2835
5494
-9422
89
-7089
-3021
9101
3901
2944
-5793
-1985
-5329
8247
1632
-9083
-8749
9560
9391
3236
-6360
4071
4838
-8614
2125
-3112
8437
-8221
8334
4331
2335
-9461
-2070
3543
-9906
8095
-7632
-8718
2864
-1952
-1162
5709
-3031
-2218
-2236
-4349
-9048
4006
-7993
1941
-6170
-396
6018
-5207
-9157
3120
-3006
-6307
-5447
-2314
-8862
-7565
-7867
-585
2533
-1401
-9173
7414
-4058
6316
-8042
9440
309
-2349
7934
-8431
-4624
4821
2973
-8251
-3417
8214
-482
8176
6225
-6544
-8886
-5974
-1463
-1483
-3022
8016
5608
5703
-9242
9176
1283
3266
-2525
4060
-8311
2964
8786
-8362
-4291
-2592
8654
-2128
3821
4972
1071
4725
30
336
-7267
-1380
2709
-713
-4570
-5045
4704
-577
4550
-5158
2026
4179
-4705
4391
-9481
9172
5897
1308
3721
-1387
9681
-9374
-5892
5524
-8308
-1716
-9092
8455
-4568
-8084
-9287
8801
-8432
3048
-1748
-7416
544
-6169
8860
-8621
2968
5041
3581
-7700
-5963
5995
-6972
-3507
1098
1271
-6878
6888
-3731
3821
5454
795
9963
8256
-8111
-8981
-4448
-9449
-9265
-3741
5816
-3205
-934
9556
-7013
-5666
-4555
2378
-8956
5432
-7820
2060
-2606
5015
9523
-4590
-6637
-2052
-1156
-2730
4659
1079
-9695
-7007
-3659
3096
-8665
-3446
1
9747
9738
9116
9177
-1283
7826
-6362
3612
4362
8520
3213
2477
-7597
970
-548
-9867
-1425
1070
-3166
1855
-6403
-3438
3195
-4443
-6953
2
-7607
-6539
-1264
-211
6385
7468
3280
1096
8845
-7940
2475
862
9161
4604
-2505
-7138
-593
5078
1539
-7345
-5765
-822
-6254
-7488
-6317
668
643
7284
-928
5515
2751
-4295
-1709
-5685
5208
8809
-3685
-3540
-1461
-4772
-1017
-7317
-5477
1240
8288
8285
-1572
-8258
-1792
-3528
-2305
2922
6851
2252
-4588
3786
4730
6142
-3624
2325
4316
-9259
-2410
9210
-4199
9851
-837
2145
-7677
7497
-8003
-8643
7249
364
6006
-8827
1528
-1369
-6921
-2185
1122
659
9602
-3547
8109
9161
-2681
-8274
8766
-7942
-7409
-3167
-1877
-6236
3502
-8009
-4884
-3607
-3579
-3532
-3817
4560
-9409
-8861
-8231
2915
6793
-3959
-4604
-1744
4892
-2893
5019
9716
9131
8808
-8014
7731
4851
-6639
9641
5970
5236
7614
-2859
6539
-903
625
5985
7683
-8737
-2511
-7681
9441
-8734
6189
3707
-762
-5680
-8396
5127
5698
-1338
-6878
-6222
-9836
-3229
-2155
-6359
8380
1712
-2790
5913
3772
-7445
1407
-8643
-1967
-5880
-7284
-1200
-3340
7465
7536
3114
-8404
-7270
-6369
6062
1345
1464
-9985
7396
-5028
-4798
-6268
2210
2248
479
-2079
-9218
-7066
9673
7845
-6052
-9151
516
8019
-8422
-2235
2981
-8195
1529
-3690
8097
3387
-2788
-4754
-6259
-3579
-8668
-4628
9871
-7898
-1223
8255
-409
-2020
-1847
1846
-2709
1176
-651
-3387
9736
9852
3882
-6109
8009
4944
2118
-9382
916
-6949
-5888
7837
8895
-7827
-738
7708
-2138
6677
-9759
7757
-9143
51
900
1456
4255
40
-8760
-6054
-2254
-7936
-937
-8361
8930
4886
4743
-417
4532
3621
-3287
3958
610
-5272
-5493
9132
3018
7491
3750
-6490
4971
6769
4469
3617
-8713
6074
108
-1896
4790
-8615
2300
-3641
-6263
-1106
4715
-4055
428
-8206
5649
-2275
-8511
-1868
5941
1227
5571
4416
4870
5562
-4539
948
177
-3394
-4152
9978
9844
-1720
4447
3809
-4962
1677
4676
9586
9692
-3232
-5448
7570
-6048
4919
-9961
-6589
2571
-4229
1163
-9486
2055
-7739
-3914
-1824
6370
9447
-7606
-764
-4802
3088
3701
-8113
1077
-2187
749
2677
-2366
-8589
-5426
6774
-3782
-5883
9926
4636
847
-9132
-1856
-248
-4981
1655
2388
-1890
2992
1454
-8569
2762
-5967
-2554
5855
-592
-1403
-4251
5018
1607
-5561
7608
-4678
-1091
1192
1577
-137
-9370
7341
-3236
2838
-2476
6108
-9155
7879
-3264
-9749
3001
-5925
-4704
-2688
7860
8819
6475
3452
-1679
8998
-4966
9032
-8177
1463
-2193
5003
-7789
-2063
-5543
4206
7368
9132
-3724
214
-6664
6013
-9132
-4968
-8356
-6187
-5444
1995
7119
4720
-8369
-3348
690
-8183
-5579
3716
-452
-9790
-7957
1366
-7662
2235
-384
2242
-1265
3672
3738
1130
9163
1152
-5884
2863
5766
7464
-8093
-7015
-952
8027
-936
-9742
7457
-233
348
-4347
-3254
328
1275
5713
3574
3133
-1633
-493
-7198
4564
-9607
-8820
3340
9582
3640
2547
9148
8177
2686
-4408
-7151
-6482
1047
-8968
3441
6628
-5788
7692
-8314
6634
695
-5706
7025
1466
296
1700
6429
-7336
-6617
-2221
5903
-6844
6058
-5675
5324
-7756
-830
-520
2296
-1119
7910
-5027
4365
-9336
-2714
1662
-2475
-5846
-851
8802
-8113
-5904
-715
4300
4184
2129
8681
-228
-6294
-751
3448
-1665
-7284
2873
3843
-5429
5152
8171
-6297
-9346
-2460
-3063
208
-3174
-2959
-7027
2484
2215
1089
3879
-1515
-4086
-1728
-1586
-6885
-9404
-3934
-4587
-2760
-6504
4997
6716
-6072
6579
-6578
-5698
-5584
-2518
5335
8563
7172
7277
-5874
975
-371
1339
7227
-1747
-6945
-1204
-2890
-8540
693
-4665
-9881
6701
6390
-9322
6383
2318
-2660
4526
-1163
5637
2470
-7467
-3719
1730
-9653
6949
-9191
-7997
-160
8058
-3155
-9143
6305
-3590
3927
473
-1521
-9253
7591
8369
6017
-3616
4283
8899
9494
2965
709
3779
3138
2023
-4997
9332
-5421
1092
-314
5708
9617
-1978
7275
-6005
-8983
2158
1298
4393
-6697
-6897
4501
-7156
1459
1861
-7509
-4485
-6466
-6128
8702
-1565
-6160
-8006
-6535
6984
-5960
9762
4510
6889
-7343
-7390
-1298
-4961
859
-9510
1195
307
8898
-4138
-986
-2888
9693
-9968
3027
8256
-290
-2978
7916
-7745
-1818
-3211
6294
1070
3610
4120
4455
3647
5985
9597
373
6813
884
6606
-2337
6434
2916
864
7888
-5101
5244
61
-4805
2668
9043
-9785
-1932
-7748
1943
4040
-9152
2686
-1685
-3829
-9231
2236
-7588
6230
2009
-6476
-8739
986
-1960
-5737
2705
-7402
5898
-9628
1838
6662
-470
7718
9026
4269
1915
-1768
-9804
8905
7493
-7432
4779
-1122
912
2660
5289
6258
-638
4483
-7800
5996
-6206
-2456
8128
9980
8534
4013
40
-7058
8583
-9769
413
8386
9970
4622
-7963
6599
-108
7003
4957
-5661
-1760
-3694
1651
-4111
9488
-4353
4186
6496
-4204
-1621
2055
-8953
2488
4892
134
1819
4969
-5905
6622
8732
9372
5426
-5956
-3139
-4812
6906
8257
2837
2726
-517
-1360
-9929
5465
-410
3867
-3286
1239
701
-8611
9603
-9129
-2234
3399
6622
5723
698
-8598
-8754
-4954
9810
-7608
-466
-5097
9121
-2127
-9988
-382
8993
-5370
-8415
8148
-4473
-1459
-1239
-6911
-996
-3349
4375
4405
-7776
-7265
-7989
-3360
325
-7352
4224
-1286
6439
-2943
4387
-3251
7966
-4072
-547
7885
5358
-2196
-8149
-3293
-8181
2804
-6040
-2636
9819
-8000
3421
-2944
8752
7020
9720
-3555
-14
3658
7589
4531
6150
-3431
-4018
9944
68
-6722
9377
9602
-396
-4823
3886
-2635
-4484
1882
5236
-4263
-7805
6724
215
180
-5185
-5953
6968
9168
6689
1210
-2757
-5593
5046
-4182
2093
6874
8248
-3799
-1981
-4660
-7475
-3005
6268
693
-9989
7180
1543
6521
5082
6175
-2714
7526
-6257
-1651
-3659
-1776
-1420
5245
3607
-3874
7109
-8136
4838
2696
1941
4599
9179
-4577
5711
9625
-9165
-3572
2871
-2717
-3789
1591
-5127
-7426
-4144
-59
8927
-5286
-3074
-1001
-6986
4110
7022
-7446
9461
-959
-1729
1412
8750
233
-6790
1020
-3286
814
-4281
8741
1996
672
4282
-9569
4359
22
2089
-8481
5791
-6569
23
8430
-8200
-3220
9212
2913
1950
5758
3542
5492
9803
-7934
-6750
4003
-8992
241
-3938
7198
-5527
-7077
-3647
3720
89
-5224
-9826
8893
6911
-9708
-7059
5389
4928
-1540
4420
8801
-4732
-8150
-3594
3241
8233
-2098
-783
1873
9067
5207
-2818
-2843
-3182
-5185
-8393
733
-7475
912
-199
4553
8775
4572
4576
-2860
671
5290
2130
-6639
1224
573
2626
230
5147
7215
-201
1699
1089
6090
8179
9717
8688
-6239
-6123
-2362
-7756
-3487
3900
126
3808
1032
-3773
-5600
-6433
32
7882
-3214
6747
-9909
4187
123
6071
8712
-9301
4356
-5045
9903
1112
5069
-7055
-1360
7688
-4797
-8682
-2633
-9758
-4945
7925
4967
3704
-2322
6558
663
8226
9797
-6836
-7285
-539
-2411
8331
9272
3563
3617
-9507
-5653
5757
7735
-3177
7383
418
4700
1744
-4554
-4300
-7409
8800
1346
-2266
-8463
7405
6807
-7319
300
5293
-6272
-2153
5342
-5635
8276
602
960
6732
-7597
-6700
9114
9392
-1973
-1137
4304
3935
-8282
96
7303
3915
8568
-9728
-4654
-5364
-615
-3198
1902
9579
-9181
-8846
-5457
-2578
-401
-6033
2080
3318
-1089
-2949
-5592
-9749
3005
3384
5966
1188
-4572
7983
-8263
-8466
4681
2627
-7497
114
-8825
-4719
7925
-3695
-195
7094
-2125
-8608
-2100
4406
-9343
-3785
-8002
9642
5340
-4644
-4186
-6009
-2608
-1101
1646
2152
7781
-9973
5370
5868
5414
9241
-8659
-4515
-7854
7622
-4279
4857
2366
-3426
-524
9780
3540
-8073
5538
4342
-6711
-3833
-6518
6528
318
3936
-3740
-2186
-8014
991
-4686
-2112
4968
7254
-540
7792
5462
8056
-6140
-9253
264
-2022
-7254
5222
-6120
-5612
-3371
7884
648
-3184
-5462
7020
-6576
-5114
-7745
-2215
-1356
3470
4140
-8982
2628
-1215
-2554
8374
-2779
-2336
-2413
-3844
307
4435
-3174
6586
5148
1576
-5830
-7738
5364
-7337
8169
712
2187
5710
814
1689
-1052
5766
7159
5948
5294
-7668
-2685
-3455
-1109
7504
-7140
-9343
3636
2741
2392
4794
5747
-1608
-4851
-8224
5473
4716
-6857
7000
24
-3011
5421
1699
810
9310
-6469
-2355
1255
5769
4580
6925
-8315
-4674
-1783
-8677
-5216
-4788
-632
-2767
-6652
6191
-389
9402
3536
-1959
-3189
-5043
-235
3594
-4538
-9672
7854
6620
-9152
-2659
-4431
694
-5522
5588
5717
593
-2543
-946
4911
7289
-351
4577
4285
3243
9384
3003
314
9197
-7937
8900
74
-4754
-7997
-5399
5956
-4262
-6259
1172
5086
6618
-3950
-6590
-2894
-3638
8781
-3002
1115
-6714
-6432
7540
-8477
-3490
6218
-7881
-9694
-9149
-5486
4746
9705
-756
7878
-1873
1183
7440
6588
4169
-1389
-7074
83
9728
-3852
8565
-7393
-7641
9701
-381
-3911
3767
-7483
-8453
1891
-1352
-1623
9423
6662
3859
1072
-3225
-1534
387
-9681
6077
-9011
8073
2070
-8479
2643
7802
3074
-5376
9207
4951
6836
2350
6722
7002
40
-6443
2986
-7831
-8904
4930
-7534
-5039
2938
-4489
-4693
5309
2621
-4608
-4240
8148
-7158
-1031
2925
4318
9295
-9497
3414
3940
-7308
6411
-5582
6864
-2896
-2541
9966
-7681
5498
9371
-1944
4382
-127
8583
-4499
4479
7760
1878
5091
-9309
3711
-8237
-8195
8311
-1598
-7109
-4359
-3773
7537
6158
2994
-3556
-2512
-2486
5211
4152
6644
5507
-8517
-8343
-8331
-5745
3373
-635
-1877
-3292
-2735
-5038
-9823
8400
5224
-3257
5709
-9455
-1798
8567
-1978
-628
710
7180
-5011
-9198
6364
-7079
-7285
4180
-9267
8023
6664
-4618
1429
8965
-7763
-2383
-8199
5675
4629
-5610
8321
-7663
-4793
-5677
5134
-5119
9780
5784
4910
265
-2039
-1172
-5315
-9551
-4830
6214
-1894
-1925
-4279
-56
-4773
-9384
7643
373
1148
9711
-3379
-7246
-9170
3646
3229
9713
-1904
-3486
9741
8312
-9331
-7913
-8789
-4241
5897
-3524
5921
962
-6037
236
-3432
-7290
-1485
-9887
-1205
194
-7855
-6793
5550
-5438
-6146
-3632
-4429
2022
-4053
-3294
8779
8341
9254
-7222
-2884
8484
1957
8737
-420
9497
5254
-5646
-5849
-1970
7904
4318
9375
8924
6556
-981
4196
-8215
1128
-5910
5114
-3191
8987
8181
4697
-9370
-9723
-4351
-7506
8953
3750
-6703
-2883
5948
2506
-7147
7439
-9458
5716
9338
-2965
-2805
-5421
8171
5321
-2256
-1671
1532
3259
5415
9506
-9449
-1446
8137
4890
226
5347
-9473
814
5537
-5951
-8509
-3312
7272
3650
270
-6451
-3613
1108
-4178
-8118
8919
6204
-1984
6064
4265
3617
1232
-3451
-3075
7252
-5717
-466
-230
1725
2647
1829
1586
-6355
2970
7495
5456
-5839
-962
9798
5579
5919
4311
965
9711
-4391
6234
-1527
4795
2869
284
9022
4252
4220
3647
7947
-8643
-1275
2631
5056
8791
2297
-9726
-8191
-8415
2546
-9997
-4379
-8195
3827
5505
-1789
-2758
-4285
1082
6189
-7727
-59
6009
3724
-4432
2658
-2296
-3587
-8355
9384
-7040
5045
-617
5350
5648
-3165
-6800
-5579
-5622
1007
5344
-1188
1873
1510
1419
-5435
-3784
-9051
-9472
5335
-282
-1035
-4581
7273
9315
-8172
4346
9945
8877
-8855
-8102
-5814
-476
-2061
198
8595
7514
-3770
-7360
2851
-4704
2704
7599
-5601
3753
-7747
-183
-8453
-4868
-7445
6262
-6238
-9908
-6731
9929
-7984
3825
-9024
2878
-5479
5623
1186
-3960
-1697
-8868
-3429
13
-9798
-4961
-5972
-5820
1621
5889
-7652
8816
-4734
3604
9452
4431
4266
-9656
7322
-9919
-3547
4542
-4552
-5854
-5970
-5034
2599
129
246
-5217
6055
-781
3719
-1584
-8374
5529
-3024
-8741
-1055
4703
-4329
-7891
-1005
-4710
-9461
-7319
3944
7883
9394
-6954
-6130
662
9136
2518
128
5872
-3422
9124
4565
7627
-721
3137
-3873
3221
-4207
1674
-6502
4196
3611
6225
-9467
-2052
-4699
-1478
2459
-7440
3627
9274
5118
3337
-3812
4400
-7027
4843
4164
5360
1581
-2400
-7413
2296
-6401
-212
819
4050
-8506
-4150
-9332
-6074
4751
2798
-7154
-4300
2640
1520
-5507
6878
-2858
5139
3967
-6513
-586
9324
8605
-2050
8316
8730
-8400
-8689
-4719
-3831
7341
1284
769
3459
-6384
6194
-4494
-4620
734
9537
-4738
3123
-1826
-9755
-1390
2628
-8678
-4354
4873
8072
4974
4194
-1363
-4992
4058
1954
-1479
-9073
3083
-3529
3108
7647
9032
1840
4068
-7556
905
-2893
9351
770
-6885
7616
3641
7432
5583
1480
-4228
8495
8981
8937
-8823
8962
5311
1324
6999
367
-287
3205
1133
2504
9081
-1217
-351
-2362
7562
-9312
-9633
9862
-3110
307
-4830
-116
1714
54
9101
-9013
-7714
6884
-792
-6451
-9951
-91
-5635
9881
7705
-1186
-1916
-7676
1007
6368
-4984
32
4746
-9747
-6897
2859
3469
6408
1284
-6481
5400
769
-1530
9169
4190
-7841
2159
7364
8933
1509
6488
-803
-5727
1951
-726
-6895
94
-1342
-3313
4068
-8751
-5431
736
-548
4452
-9370
8411
9905
-6646
6948
3227
9907
1446
2993
229
4774
-1833
-3768
8530
-5235
8305
-386
451
1611
-740
-7514
-8442
2256
-1010
-7239
3890
-9012
-6737
-9316
-6557
-4719
8497
-3997
-7734
5919
-9438
8315
571
-922
-5641
6420
7175
-4185
6497
7807
4623
-5616
-8853
-6030
9253
9477
-1899
4751
-7394
6366
6698
-5976
9774
6704
-2873
8440
7626
2774
-9296
-3197
-5060
-2445
-8051
6593
-9808
8802
8960
-5155
4946
5558
-4550
-3246
3717
8395
-5503
-1840
-4916
9496
-763
-8970
2475
-9523
3952
-7962
7246
2890
4421
-3192
8443
-1659
1474
7984
6352
-4581
7585
7016
5028
2626
-296
-2564
-1404
4817
-7582
6135
-4295
-2763
1233
2888
6056
9034
-5456
8836
3846
4388
-2620
-4329
-1446
5740
-761
-151
3330
4851
202
-8680
-381
3458
772
4857
-6484
3647
-3327
5447
-798
-9928
-2849
5749
-5343
-6096
2166
-2043
-1986
8214
1767
5611
-1860
1787
741
-4805
9606
-4094
-298
-8984
389
-8332
-2463
-5544
6204
9633
-4985
-4454
-3388
-5089
4045
-9103
2294
6619
1249
7025
-9328
-5567
-1156
-3179
5239
-4596
-5509
861
9471
-809
5542
5133
1405
2405
9459
-3030
-2540
1354
8379
-1235
-8721
-8547
6274
-4733
-3500
1418
920
2718
9632
2137
8731
-4720
387
6277
5431
-5740
-3780
-3499
2448
1025
6090
-4536
6030
-9301
1439
9431
-2624
-124
5805
-7637
9817
5472
5972
8555
285
134
6166
-565
3665
-923
2420
-4436
9759
-5118
-9093
-7707
-8941
-8411
3040
4748
4754
-2819
-8962
8684
-957
3720
-5640
1899
-7619
-7182
9976
-1094
4523
-9315
-3812
7902
949
-4281
-8502
2193
7154
4664
-5314
-5708
-6379
1451
-9596
-9250
-6203
-6558
5908
-2109
24
5126
-7949
8162
-2283
-104
7853
-3000
-338
-5920
7732
9548
1935
132
-4290
-3428
1285
-2745
-7731
-5019
5858
2524
4237
6186
-9263
5925
9741
-7579
-4690
-710
401
3471
-392
-7275
3214
-8037
-728
-9902
-1513
-650
-3211
2928
-5819
974
4176
180
-881
-8650
-1191
-3333
7570
7355
-4171
2375
-4217
6046
-2199
2410
5105
-4192
4040
9359
-3079
8657
1512
5082
-3004
-1348
1239
-1476
6974
-5398
5957
-6364
-8259
-1538
-6658
-3190
6996
9121
1546
9078
-9408
-4115
9778
4580
-8832
4587
3962
7727
-4946
-6550
5234
1059
8861
3027
1277
-293
7641
-6716
-5308
208
8183
5263
-1546
4084
1079
-1869
6474
-4310
-8002
8104
3248
-4264
5703
3240
6756
-4017
-8049
9631
3394
6324
-6044
2507
985
9463
-779
3306
-606
-769
7414
-2767
-7798
-2537
7899
4230
-2298
5371
4058
-2134
-981
6875
-8653
-7680
9403
960
4767
722
3584
7494
-1398
-2938
7877
-5028
9872
-886
-2197
9717
4282
1474
3628
-7618
788
-3150
-9688
119
1710
-8762
-7610
2892
1172
1446
-3703
457
-7036
3165
7095
-5685
6406
-4556
-9195
3113
-8527
2169
-202
-2538
2531
2367
9841
-5710
5778
7319
-8342
-4345
3080
9075
-5478
7443
9061
-9711
-6419
8353
1364
-6787
-1467
-5006
-9662
2322
-4478
8920
8667
7455
-1716
5807
-209
-7702
6822
-2654
7382
9390
-9183
-9616
-9006
3788
-7975
2205
-1293
8947
8545
-2847
677
-2738
-5087
-1699
7670
-1496
-4358
9430
7610
6416
1741
-8061
6174
-6079
-3909
2960
219
7033
-2955
-5314
-6409
-3959
-1147
-8541
-2508
8673
4291
6837
-6694
90
-5468
-2560
8117
3913
3446
-4633
538
-9346
-8355
-3482
7727
7134
-5324
-2953
-8746
6325
9599
5363
8930
-3866
-7736
8799
9914
1080
6074
-6990
9473
5751
-8281
6143
-489
-4848
-194
586
-4669
-8833
-7124
-3684
-9095
9806
-6949
8784
-5551
-8933
-7813
-7577
465
-6478
-4323
-7012
-8955
-7652
-4146
4309
-7183
8064
4315
6421
-218
7576
5628
9054
-9493
-4866
9198
-6558
1141
9924
-671
292
-8919
9683
9282
537
7788
-8383
-1823
3450
3651
-2733
-9506
-9377
-1622
-2406
4770
-9820
800
165
471
-9097
-6216
-3752
-7786
1759
-2729
1085
2214
-5139
3963
6256
179
-3530
-55
7829
9718
1681
-7457
