6972
0
884
-1253
-8640
407
4892
-4705
-7865
-7109
-6189
214
9809
42
6073
-9308
5272
-2394
-7385
8469
5572
-3111
462
-9118
9794
2860
-1137
-1947
4159
6920
9227
264
2227
-5010
-1015
-9148
4872
-3605
-3878
2333
5411
3458
7295
-7887
6346
-5507
2177
-3419
-9841
6246
4093
-2079
1992
1490
6478
-5321
-3009
6491
1400
-4135
5302
2749
5499
1850
8094
4076
-199
1343
-155
2280
9240
-2656
-9562
-5218
-5320
-5257
-2318
-3928
854
-7565
6860
-4953
2592
5417
-6782
-9039
-8189
-7830
9039
-6810
-4663
1019
7541
-9912
-1156
-1986
-1055
-1088
9584
1658
-9896
7679
3223
2476
-3708
7015
1287
5701
-6974
-5230
-976
-390
-179
9665
-8277
-8215
-368
6725
1971
5125
3827
2040
6822
8867
-2165
8402
4325
-9828
8676
8876
-3466
1981
5295
-4290
1820
3644
-132
3125
-1428
-8503
-9500
-9494
-4803
9775
-6909
5552
4463
9179
3316
5666
5063
497
-8966
994
9348
-4635
-2213
-6506
5385
7944
2673
4496
2228
-352
-8854
-1977
8151
1339
-7340
-4983
9788
7513
4714
-4103
-1498
9888
9154
7619
-2468
-3372
-9898
-4197
-8516
-1576
-5274
-9123
-3271
9573
-6899
8559
4776
-7398
9490
-8899
-5574
2391
8988
7333
-5558
4087
-1041
2328
-4668
-1313
9077
-2912
-3909
1548
-7542
3569
7936
9344
5635
-7671
8811
-2821
-3433
6536
-7631
-7167
5471
1535
4290
-584
2709
7723
7927
8771
-6203
-3892
-9587
2235
-1222
5052
7791
-6371
-8125
9276
-82
-5931
-8064
2972
-7415
4739
9848
7486
9517
-562
-3588
-6998
4293
-8089
-746
3037
1543
-2892
-4043
-5216
7727
2064
-6491
-2113
7325
-3562
-9740
-1400
-1160
4272
9113
3956
8809
-2236
5352
6757
9764
70
1954
-1249
676
6577
-1400
-1370
1918
8568
-4027
-5222
161
9667
-1332
234
-4344
9206
-2580
1685
-4038
-3699
-9209
-9731
5605
5982
6025
2612
-1679
1218
9314
4246
-8349
-1470
8580
-3123
-6273
-7203
5048
8204
2646
-7302
7670
-8379
2122
-6716
4229
-1945
-5971
-1148
2904
-81
8053
1715
3923
-3005
-7682
-1386
-278
-7630
-1669
6190
8962
9163
-5995
1268
352
9574
-5419
5919
1137
-5743
-7538
4301
1181
7779
-6148
4659
-2942
-8443
-1887
-9776
4638
-1024
7038
6111
3479
-3776
-7529
-5092
2946
3148
5302
-7717
5613
-7800
2646
2104
7331
-7765
2691
-6369
-8444
-5483
5771
5413
529
-5909
-871
4334
-244
-5441
-4816
-7852
-9407
3463
7945
5972
-4515
-4074
7371
762
-6073
-122
7566
-2520
-9807
6468
1728
4996
-2621
1989
9421
-3625
-5628
9372
2919
8511
6831
3552
-8099
-4477
7355
3215
-7053
-2130
4937
-1238
6711
3097
-6549
9568
-7405
5197
5394
2792
4843
8636
3344
7162
2140
9027
-6500
7640
5182
-3978
-4182
-8342
-2800
7422
-3623
-5655
-3645
3502
1018
-6256
2216
9859
-6283
-8406
46
9394
1676
-9693
28
5876
-1586
-8607
4320
6118
-7955
7984
1935
5841
-8631
-7813
-3291
3098
-2711
8609
2107
9006
2517
-30
2805
-8656
-857
7726
-6244
5329
-8899
5337
-4318
-549
-5602
4206
-417
7066
-1946
-2707
9912
3130
3076
-5632
-3777
6508
-273
-8837
884
2512
-2335
9299
-9599
688
-1913
6493
-11
5920
4005
40
1293
8720
9676
6829
-6184
7714
3560
-501
9501
9890
9450
-5784
9422
8462
-5936
-2852
1748
8237
-4474
-6097
-8364
7296
-1432
3989
7319
798
7893
-5954
-155
-9922
-4038
4033
4580
-4819
5372
-1292
-2533
-7342
4899
-6654
1443
-4496
-9143
1050
3455
-7871
3230
8051
49
6751
4191
-6518
8100
6247
6483
4429
466
-7592
-2235
-1635
2158
-18
-5554
3591
-9826
1292
-6750
-3400
-9572
6831
4624
5343
-5376
-4676
-1944
9304
-7720
6135
5371
-4171
6258
2617
-4356
-2087
-7859
-6319
-509
-1267
-2460
8930
7186
3128
-7858
-4520
-1810
-2303
3139
-6492
3822
-6730
2093
-9492
-4814
5447
-8655
-1581
-7700
-3835
-4616
-8988
-182
2223
-19
-2310
2855
3366
858
-1134
-4595
-6757
-8839
-3693
8025
1491
-8481
-396
8043
-5934
1097
4162
-2683
-5101
6981
-2402
-4055
-7902
-5844
-6912
8334
-9021
-3166
4184
-8354
-1303
-6213
6673
-9641
177
-7306
-7980
-1311
-8248
-1891
-8885
4059
-6580
-8845
2115
-8938
9274
-3385
-1709
9316
6745
-9997
5787
5665
-3436
-1903
-4930
-394
-5946
-9960
-3409
-1910
-4674
-2041
-9729
9898
-7745
5279
-2900
-6545
1966
-8141
-7721
-7882
9178
4521
-9038
4691
-2856
-3389
-7756
9498
-1263
-7017
4253
2968
2253
-9579
-9447
-208
-5347
9890
1490
9487
5551
-3306
485
-3402
-8286
4855
-8571
1056
-6514
5616
-8996
3708
-8790
9609
-8516
-7471
-5145
4466
4330
8480
-5579
168
7886
-6230
301
-4196
416
9397
2283
6935
-7739
-9652
-5715
641
8775
-1687
2352
8701
9343
7727
3715
927
-7978
-6988
4141
-3003
1023
-65
9019
4671
4366
-6599
-7835
9927
336
-1017
6860
937
-8447
2829
-2280
2493
-3324
9726
-2713
-3512
-9574
-590
4223
-8586
3424
-9841
-1768
1660
549
4958
362
-4156
-9567
-934
-8057
-7859
5080
4375
-798
-4864
-7882
-3444
-3457
-6006
9988
-9490
-2293
-9562
8039
9423
-5113
-1101
9299
-6898
-3506
8582
-3140
5290
7401
-7228
2098
9490
-5448
4138
7031
6669
-5081
6234
-7746
5817
-2493
-14
5988
-2248
-9445
56
-2047
7890
-6468
-6809
2344
-5478
9459
-229
-1079
-7898
-3000
5582
1911
4790
724
-1405
-4818
8740
4252
-4946
1951
-3566
-2964
-3222
8718
-3327
-5799
-7322
-3272
-6454
1191
-5924
-6967
5730
-5510
-9234
-9139
-6217
2976
5140
9003
-9243
296
-6081
9866
2605
-9743
5077
3061
-2802
-5014
4942
-5554
-1151
-8769
-3615
8343
2244
-667
3113
-7816
-5178
5082
1913
-7971
-2651
9672
-2837
-235
879
8751
5644
6510
4389
-3858
-8214
8305
-6032
-6047
4571
9459
1512
836
-1507
7983
5611
-5882
4725
-7132
8596
5052
-2964
1865
-5369
-6612
8995
-5546
-1961
-7068
4761
-9279
-719
5834
-9832
-3024
-2499
-2593
-4075
8758
-5466
1698
7030
-7007
-1314
3994
6927
9601
-9656
9076
-6202
-9324
-9277
5067
-4031
7080
6055
6658
3138
-261
4390
8120
-5168
-879
-5181
-2364
-5183
-6608
-9188
740
6039
-9904
9155
-7898
-2939
-3393
-5207
-6382
-1501
-4122
2034
4246
-8394
2039
2104
2384
-1510
-2345
3310
2934
5427
-9680
7924
3350
-6598
6928
-2311
-1296
6640
-3002
4669
-9394
9243
6179
-7664
3980
732
-730
-1299
-8823
-1894
-9151
4054
-8005
-1378
-7008
8844
7841
-9616
9049
3210
651
1049
8642
1353
-2989
-6421
9999
1803
-3965
-3509
-7599
-9486
-2747
-3849
-4317
-3034
7838
7292
-6407
5601
-9252
-4983
2047
-9118
-8628
-3874
1492
-8951
-5002
-8888
7161
2174
-8474
9092
4636
-4557
-4220
-8101
-294
-9441
4464
-5285
-9078
-6894
-4031
-5165
7637
-5693
-6340
-9734
-7365
-1696
-8357
-564
-4961
5882
4152
-714
-8083
9197
-175
-8987
1383
-2367
-4986
4954
-9570
6418
5859
-8734
2845
355
-2059
-9168
-4634
-3901
-9040
-9132
3143
-6904
-323
-3772
-5888
9905
3084
4212
-4448
-8445
-8222
6710
-1906
-1354
-6509
8817
559
6569
9665
-179
1382
7973
836
8880
9790
1488
-2860
5559
-6129
-2151
-3412
9948
-4590
-9764
-2782
9193
6430
5460
-4705
-382
-3597
6955
-21
-5949
8876
9723
-2954
-4920
8359
-22
8556
-7079
-3218
-4341
7922
-1996
7573
8249
-6101
6438
3452
-4951
6829
1170
3454
-1173
9447
-2917
-1107
-991
7994
9447
6235
-6753
6514
9183
1980
4990
4825
-5318
-2129
8464
8267
5837
9284
-7478
-8659
-9258
-1423
-8567
914
3637
1493
-5717
-7556
-9740
-251
6100
1366
-4820
-1990
8213
5188
-3226
9207
-8566
1698
7188
5582
-7747
4711
9813
394
-3559
2457
-9938
-2759
5963
-7179
7132
-5505
6587
-2947
8188
-5656
8523
6389
2619
1000
2005
7804
7649
4823
-4608
-5840
-6617
-6210
7890
8711
-8809
8388
-9310
7984
4992
-2033
6383
-4690
1383
-6441
-6458
-36
-512
3947
4296
8207
-9607
-8205
7422
7967
-3864
4304
-8662
-815
-7450
-743
4991
3947
-3088
5088
-688
-3506
486
-2852
6744
3185
2052
-4167
1278
1614
7880
-8717
9881
-6227
9326
9967
-3766
5928
4463
8382
-4137
3371
-3553
-2682
-6859
-1004
-4532
7454
9689
8720
2113
-4049
-7698
3921
-8336
2731
5316
-3894
7600
8927
3894
-8474
-5890
7849
-5933
-7851
1853
2178
7407
-8555
9726
9583
1448
317
6673
-8680
-8105
-5814
4711
-1192
8184
-3040
2949
-6806
6832
9875
4467
-7057
2984
8995
3565
498
2057
-5897
-5342
2517
-2136
-9806
2059
-8774
-6669
-8541
6208
4426
8600
3281
-9755
578
869
4718
7246
-5903
4181
-7460
4275
-2052
-7518
5786
-9317
7133
-8778
6780
-670
1802
-6425
632
2332
-2710
-4922
7300
-3990
-9097
634
-6024
6979
3173
2770
-2821
-2547
-1798
2722
-501
-2101
8477
-5471
9580
-3832
-6072
544
-7392
2596
-4687
-5967
5762
-5245
-9894
-9434
-953
-5185
9852
3442
4956
-7542
1944
-5649
1542
-383
-8800
-8583
-9329
6407
4430
-6016
-2783
-5320
-3475
350
9460
-9582
7744
9492
-6710
-1563
-7614
-6272
-812
-4058
-5436
-2198
9719
390
-4198
2308
-4295
3569
7924
9627
-6014
429
9251
-538
8737
-9790
-815
5081
9748
-6810
-7002
-2817
94
2210
-2768
-2036
1620
2877
6800
3925
9589
-3043
421
-6036
-4459
7302
1821
-1061
3843
-642
6945
3179
6852
-5676
-2881
-5741
5860
-3177
6146
-8669
5378
1818
-5385
8815
-7010
-9680
-2642
-2362
1505
-150
3441
-9230
6234
-1258
-8318
1200
-4537
8810
1008
6122
-6362
-5377
7149
-2356
1356
-2034
3883
-4103
-3586
2720
5304
-9868
-8761
-9985
-941
5866
-6426
4058
3801
-9985
3154
-1654
-423
-632
-6160
1945
9390
-5796
-9152
-2947
5682
-1846
8894
8602
-6941
7817
5108
7157
4878
-3601
6845
7550
-2606
4956
5136
6082
9381
4988
8409
-7750
-9553
2525
6799
-8823
-8917
-2892
-1913
9653
9806
8921
7908
-8448
3311
2876
-4954
6914
-9608
4859
-6348
-7173
-3083
-9698
-6727
-5341
2881
-8838
2677
-3336
-5102
-249
-4370
-9666
-6296
-8533
8728
-2093
-4298
-2206
3668
-6039
2405
-2322
9441
356
-8446
1667
-1519
-2488
-7515
5712
-7636
-4799
-4977
-270
-6915
2263
3714
-5050
5384
-3314
3791
-7780
-1951
218
2472
-999
-8648
-7029
8706
-4186
5808
1746
-1045
-5516
5803
6480
6886
8363
-9136
-7184
9213
6399
8751
5977
-4935
7846
3471
5378
-7661
-2079
2947
-4610
6161
1913
3100
225
9998
-4156
7703
678
-4947
9903
-8217
9212
-8463
-6148
-3832
3412
3807
8499
-5728
8662
7314
-8342
-5970
4229
6747
7941
-5610
-8968
-615
3864
-5328
-8105
-2653
5301
-5480
-5821
-1195
4710
8579
-8596
5680
-636
1950
-8982
-5045
7561
9074
-2215
8525
3187
7636
-6125
5442
-2767
-4164
5457
8377
8654
5456
-7296
2541
1717
-2622
7350
5685
3157
7763
5355
2672
9878
1409
4525
-7414
-622
3273
-4800
8246
-9948
6134
-6449
9185
-8004
-8241
9749
-421
-8348
6387
5108
5749
1307
7621
-3076
2418
-8994
-434
8804
-3288
-4634
-5850
-3603
-4582
-4177
-248
-6260
-3848
-9704
7493
1934
-8925
8025
6618
1171
-6139
-2094
-1690
-7052
-280
1678
2534
6261
8799
-4724
5974
-5044
-4780
5374
-4782
4907
9657
4056
-1146
-2409
191
-4429
-2194
419
4247
-2478
-45
-4450
-6597
9505
-5002
-3253
3287
-2208
-9401
-6369
3278
-1334
-9652
4745
-8408
-9709
5899
2618
260
-3933
7146
-7647
-886
-657
5004
6359
9663
6503
-7458
-6393
594
4086
7684
-6917
6301
-8724
4487
-5258
2662
-1077
9840
-8383
-8999
-9568
-8117
6638
38
8921
3457
-8905
8595
-9313
1548
3209
-2462
1977
-8406
-8205
2077
-9681
-85
-3635
2748
257
-8556
-5497
-1062
-2449
-9017
6589
6788
7169
578
-141
-2670
-2561
7645
-6234
5420
-7905
-5375
497
-2118
-7046
2663
-8726
-1679
-1374
-2784
6662
3723
3559
-147
8090
2133
8724
-4507
-6396
-4470
2927
-4662
3332
-8050
1938
-3082
8841
172
3496
-9374
-8589
9778
3295
9831
7677
-2736
3894
3709
-4013
8993
-6976
-483
-3297
-384
1686
7528
-5024
-4656
-93
-6767
1618
-3982
5005
2631
3943
-2052
-9688
-1159
9763
7657
1834
4562
-7165
-641
-4751
-7549
-9595
-6976
9723
-5000
3914
-7006
-2313
-3312
-5596
-8486
270
-8011
3065
-8029
4238
1348
-126
-7509
671
-9427
-6148
6638
73
-1879
1632
976
-6349
-2324
-1783
-8419
-5054
538
-1116
-3894
-9387
5473
5950
8318
4888
7794
-1565
-239
-5048
2568
1889
7842
-6823
-1243
2661
6845
-4183
-8266
-6551
6785
3215
-6745
-4827
-2674
-4419
-5871
-234
-8740
7199
-6668
1857
1384
-33
1156
-1936
1695
-7689
-9675
7426
3094
7986
749
-1963
-8280
8947
3767
-6755
4370
6182
4128
-6616
-6243
-4573
1652
8432
5350
4340
-9435
7229
5794
3916
575
-9513
2606
-8473
-8018
-6033
-1837
-234
-9097
2789
2272
5219
-6617
-7834
-686
-4741
7070
1942
-172
-6438
824
-7808
-7552
6890
2269
3782
-6278
-3944
-4150
-8925
6730
-8749
6221
-2256
-1043
-9012
9727
873
-766
1037
6388
-4518
-2384
2583
5281
3042
-1756
-8385
5075
-329
7878
-8761
3900
-7834
3117
2830
3745
-9263
-2976
2945
-4431
9515
7751
5891
9070
3793
8365
7251
8064
-4439
5756
188
8189
8296
-6805
-771
5039
4992
-3791
-653
-1719
7168
3010
6356
-9990
1451
8439
-4278
-6771
3653
-4843
6936
-7963
-5877
9024
-1484
5014
-9769
1261
194
1165
-1241
-3832
-2446
7016
1860
4132
7886
-64
7675
-8416
-1342
-8060
-1938
3444
-8758
9581
-3391
55
9320
-3268
5636
4504
-6206
1709
788
-6568
3297
434
7968
-2026
5583
-1507
-8553
-3136
-4971
7785
-7921
238
8709
-1308
-9340
7156
-2320
-9081
-5067
-7859
2264
-1836
43
1156
-2423
1800
5909
-8750
-1312
-3486
-1218
-9247
-8813
7176
9707
6439
4022
2202
-8494
7280
-7216
-8883
1955
2704
3567
-3125
-7687
-3380
6858
7241
4130
-6509
-2668
-5123
-4468
566
-7273
5022
-9478
6937
-234
-4953
3519
-623
5977
7544
3221
6249
5681
6145
3020
5402
-3424
3646
5203
-7451
7508
-7926
-5830
2479
-2855
6633
5314
5155
3443
-3070
8794
-9733
-1421
-8095
-163
9394
6772
4277
-5021
-5761
11
1576
-7559
241
-3173
-5891
8453
-2017
-7703
-7496
4933
2971
-488
-6364
9136
-4079
-9757
9401
-542
370
3113
9259
7060
5994
-932
-9310
837
4585
1846
-9505
4037
-6524
9587
-6615
9235
733
5916
2432
8375
-5425
4603
5313
4491
5124
9448
1426
3028
-7250
4497
2068
4518
4769
4286
-7511
-1525
565
5994
3582
9245
-9511
-9321
1331
-6232
6738
3468
1799
8480
-9130
-1689
5103
-2468
-105
-3907
-7805
-4900
-5531
9730
7033
3046
2938
5278
6727
-9439
8184
1395
-6184
-6422
-5588
8526
8722
-948
-2397
-979
3282
-9177
-8190
1000
-4734
6899
-5418
-401
-9071
-9916
7689
-111
-1266
2077
-7200
-7738
1876
4527
5881
3394
-6215
-6608
2506
-3584
-1431
7958
-2579
-6353
-1386
2834
1935
-1846
-6942
7192
7979
6439
645
9761
-3740
4475
4033
-7345
-9530
2946
9194
-4560
-570
8869
9278
-204
5227
3563
-4629
-7492
612
-4591
5257
8396
-802
3721
-696
-2927
-8866
-8553
-6864
1590
8515
8572
602
-2129
7695
-8062
-6571
-3484
9829
8909
9078
-5902
-4998
3067
4366
3122
-4512
-7083
2589
-7291
-1001
5621
2405
5531
-9368
-7370
2719
-7042
-8932
7455
5657
6903
4427
-7026
-7814
7072
8489
-9313
-3690
-7212
865
9505
-8853
273
5111
-2310
6900
-8240
-7243
-9488
4897
-7215
-6201
-9701
-8258
8362
-7182
-3072
7129
9575
-7949
4308
-5711
957
-2894
-1152
8085
-3218
9384
2559
8944
9819
6303
-1145
-9258
8230
-8706
-5637
2541
6056
-8101
-6195
2734
-5980
4579
7004
8760
6533
-6295
2313
242
-1796
-5583
6400
8177
-9040
8912
3802
-2641
5781
1254
-8110
7981
3238
-2060
7372
296
-4458
2017
-8280
7847
-9093
5647
-3265
2178
-2593
-9839
5679
3484
-8928
-6727
1063
4021
7251
-5251
-5400
-4046
8808
7492
2377
6982
-5377
7250
-2971
5324
-1544
-7964
-1036
-2820
-9373
2137
-6927
-1868
-222
7971
-5292
388
1916
1026
3738
-7929
-769
-9947
4330
6051
-2179
5768
6659
-2996
-7620
226
360
-8084
-9504
1025
9810
5592
-8300
-4770
-79
-2588
-1121
7395
-9242
-5874
1772
107
-5595
840
6168
7042
9843
-3726
-4361
-9934
-8789
-9512
-8731
-7255
-4588
-4986
-6552
8897
-7945
4747
-1294
-8406
7396
9211
5852
-3661
-892
3610
-2990
-7272
524
-5036
8288
-6457
-2185
8079
702
2518
-7321
-752
192
-9297
-4759
-8538
3016
6313
9275
-6280
7375
-9692
-3505
2349
3442
7160
-4259
-4606
2630
-7091
4459
-6434
3251
-2243
-6503
-3424
-1262
-7560
9026
4548
-9754
-8043
2201
-9955
-9924
4327
3464
-5615
-5817
-9959
9546
-9484
-7843
7222
-8161
9718
4387
5302
-3295
6874
417
5150
-6716
-7382
1516
-5694
6713
-3310
-4022
-5863
-7797
-8899
-8065
913
-9382
7742
-3295
5615
-2228
3892
-3457
9682
528
-8538
-5286
1528
-2702
3776
7659
7920
-7663
7474
-6865
-5856
5649
8670
7200
1488
-7711
-5015
7172
-1742
-9489
-6851
5936
-5517
8416
1054
8336
6144
-8758
-2655
-8681
-8816
1542
-7225
-7292
-3106
-3367
-8114
-8110
1956
-1269
8440
-357
-7045
-3186
-560
3012
6465
-7626
8224
5307
-224
3748
5517
-6864
6788
8468
3436
-7551
-1296
8683
-2379
9341
-2839
4108
1906
-301
5728
-8567
7195
-473
-9723
-7314
-2405
5561
-2992
-3255
-6797
676
-2259
-2992
3338
3775
1578
-6218
-7487
462
1696
6593
1672
-359
4866
6577
6768
-3363
-7169
3838
-8597
-1650
-9747
894
8039
-891
4515
-3654
9759
-2208
8529
4662
-7822
2791
-2134
2888
2463
-7756
6493
-8901
-7775
919
-2806
8203
9077
-4714
2611
5181
-2109
7344
1230
-8068
-7450
857
-1323
10
665
-9417
-4259
-7633
-7842
1627
258
9102
-7277
-4127
9417
-8078
9772
9946
5923
-4571
9589
-4889
-4685
629
-3604
-556
8212
6299
7551
-2451
-5246
7631
3560
282
5059
-6012
-6988
3493
-2228
8308
8649
-597
1814
1290
6968
-8869
-7489
-4652
-2941
6292
-2297
-5841
447
4268
-3243
-2232
1703
-9946
-5134
-8781
8924
504
-762
2279
-348
3182
-9134
2155
-6223
-3084
-9607
3320
7987
1178
-9607
-1751
-7869
-9864
8248
6624
4481
8433
-6161
-5563
8393
-2392
-5740
-2363
-2134
-2478
6311
1300
5321
-3103
1849
8199
-5391
-2826
8604
-5164
-6383
827
-4600
-5794
-5512
-1880
3567
-7230
2975
8050
-9342
4553
259
-2269
-266
8565
247
4793
-3883
757
3567
5891
342
7701
2682
-5645
-6993
-1596
6038
1376
-8186
-2656
2718
2319
9063
-3725
1467
-7194
-2304
-8640
2876
-3712
4289
9029
1290
8423
-8947
8132
-1570
-8991
16
3765
-2895
5852
-5129
6232
-1289
-8046
1175
-9661
3656
-5461
-9781
-3766
-6519
-620
-2160
3320
-6126
5901
-2122
179
-3802
-6471
-3927
-9934
5685
-8274
-9918
7920
8775
2494
-5619
-5042
-9574
8388
-9848
-2726
6875
-7536
-2518
-8202
566
-3503
-2185
-5117
3047
8483
9153
5896
295
-9283
-1854
4580
-3281
-9433
-6644
2322
843
7676
6270
-5128
7773
6736
-8398
-2734
1515
-6935
-7870
5711
6884
3096
5367
-6646
3819
6963
-5916
-9999
4061
2211
-3450
-2286
8499
3317
-9211
6459
5412
3967
673
-5761
3495
-28
941
-1218
-3604
3380
4501
-6570
-8431
41
4422
-8575
9262
-742
-9469
-9547
-4083
-9230
-9820
-2917
9772
-5940
-1065
-6267
9057
-4820
5671
-4036
-7897
-6681
-4469
-8904
-9387
2090
-8135
-2311
6731
-6812
-5737
6140
-3490
-9682
7870
2564
-8969
1351
2562
7846
5544
-6324
5318
-9660
2690
-3653
-7865
6232
7302
-5898
-6656
2301
-6681
-7443
2931
4481
-9407
-356
7452
3270
122
3858
9391
-3304
4902
9572
-4543
-626
-5610
-6802
6529
-4528
-4430
9205
4035
3368
2043
-992
-9550
-9273
-214
4543
-9375
143
3208
-5201
6335
1405
-8037
-6766
-2314
-7987
3379
7822
8878
4211
-6210
9914
-1979
660
-8533
-8429
2202
7787
1818
1882
-562
-8281
-9062
9449
9194
4935
-7949
568
-4645
9305
7949
7303
-4300
-4147
8133
3392
-6730
-5972
-5597
-4233
5042
3749
-2759
-5357
-9185
211
4879
-5417
-2099
8415
-1836
2130
2343
-3917
-6609
6047
8184
-4169
7386
5059
4290
-2749
7578
2511
3542
4826
-3990
-4561
-8385
-4926
-4063
3664
-5758
9931
636
6294
2759
5661
-4398
2210
6778
3288
9483
-6438
-9068
-3120
1826
-9898
1872
-2705
4102
204
2288
8644
-2283
7093
5487
-1915
-4023
1654
8002
4896
-994
-3565
-4565
-3483
-3427
3631
5815
6894
2679
6577
450
-8656
9494
-9871
9438
1212
-8155
58
-2909
-1154
-3860
5410
7308
-5552
8809
-5125
2319
3783
1098
-9381
-6248
-5844
-2677
-599
7222
6596
-885
7192
-88
989
8961
1695
886
923
-73
-5344
2158
1402
6902
-480
8038
-7655
-1610
3573
-8438
524
-7343
7944
3939
-9822
-3882
6764
-1288
7101
-619
-2900
5390
6486
4145
1425
2676
5141
-9597
-5888
-662
9823
-4124
2910
9791
-3566
-2856
-6297
-6164
-5824
8636
-1776
-7156
8614
1117
2161
-3760
8975
1929
6750
4202
7945
-5518
9559
-6879
1443
745
-7497
-537
7242
-2543
-1784
459
1904
8858
-8866
-5349
-1949
-3563
-8290
9415
-8501
-7495
1354
-5420
7295
-5739
2131
-5751
7370
5849
6296
7404
4132
1308
-6025
-401
1878
-3232
2327
-4245
-6301
-6730
-8249
8203
-7704
7383
7593
1116
-9234
-3174
-2129
-6662
2805
-3234
-3580
-2246
484
2883
-1417
-1696
3431
-6544
7144
-162
-8166
-5231
-6914
-5818
-2858
8200
-7727
5205
-7437
-3903
-1316
6128
2244
-7589
7013
-5897
3121
9415
9433
6714
7939
2632
-2476
555
-774
-2355
-8979
-7695
1051
-5492
-2823
-9947
7284
1564
-3472
-3196
4426
2707
665
8001
5609
-8380
1563
2643
-4340
-2351
-3197
-1520
-8403
3617
-3328
7794
166
-9440
5824
2377
-4874
-1006
1389
-1223
8948
7095
-7511
-4446
2225
-1679
-4744
4054
-1349
-2296
8501
1540
1287
-3415
-6000
-6016
467
-3166
5216
-4254
-671
-7548
-6276
6471
-5808
1160
-2222
741
5933
-8283
-7862
-8378
-2540
7773
-7965
-7848
-6156
5709
7943
9163
6208
2311
-1328
7340
9646
-5271
9829
-6091
-2941
8978
-2394
-1711
-7267
6276
3586
-4183
1315
-7270
1537
-3959
-5034
2635
2920
4808
4433
4352
5360
3151
5726
-9818
8383
-4961
3546
6099
5489
8336
2932
-2979
8270
4828
-9233
-9192
-2062
-398
8653
3058
-9711
6691
6042
4928
6734
2217
1437
-283
-6949
4716
-920
365
3451
-3737
5033
5446
160
6629
8724
8201
3241
9202
-162
-631
8495
8442
6685
-5414
-3356
-6216
4482
862
-2692
978
4631
6632
9099
-6767
-5214
-8705
-9311
-3133
4214
4271
3874
7150
976
8366
6840
-4828
-8935
-3037
1093
9404
625
-4808
2746
-9117
2384
-2061
4134
-1318
-1752
8678
1064
8613
6717
-5562
-8761
-1466
3358
7226
6923
7412
-3021
-1572
1607
-1480
9781
-8441
-2824
-4596
-1184
5246
-1948
2467
-698
-9649
222
9281
-552
-309
-1633
724
-8695
-7576
-8768
-5701
3511
-832
-2818
2325
2766
-7790
1827
-7882
-5637
6053
4702
9235
416
189
5566
-1614
6446
8136
-7593
-7762
-4227
-863
2095
-6704
6371
3020
8727
5345
-5268
4244
-8854
-1163
-6546
-9583
-5885
-2741
-9608
5346
-2819
8167
-7684
2285
-9062
-9235
-4171
-3119
2150
-5114
7100
-9414
4942
9478
-2975
-3083
-8546
3031
8528
-3675
-3292
-460
-3844
6825
-1333
3469
-7523
-7582
8517
-8197
965
-6704
-2292
-204
-2247
6670
4586
-7925
3173
-4327
3477
9734
4480
-3829
9499
2946
9189
-2442
9416
-4043
2741
-3792
-1115
9819
3004
-5090
3468
-1947
6823
-7097
7800
6576
6782
-2901
810
6164
9792
-8177
-2839
2146
1483
7916
-6433
-1239
3699
-4215
-9095
7306
-6437
-8709
3789
5859
-6922
932
2835
8334
-7002
-6947
1718
-6193
-4467
-330
-3479
-9279
4337
-8237
-6373
-7953
1311
-2818
-8709
4898
-2988
3671
-7151
8390
-4177
3110
1322
4739
-6021
-1435
6281
-6744
1251
-7314
1747
-9828
2945
6917
9590
7278
3482
3257
2491
9979
-3659
8370
4327
-9694
8150
-7144
4078
6257
8560
2156
-1855
1649
-581
-5111
4024
1060
-5712
-4670
-5373
-1695
7679
-7648
-7009
-8110
1983
-8436
290
-1444
907
6428
-3939
7802
3214
-5324
-8767
1098
4121
6549
57
-2990
2263
3934
3158
2681
8528
-5730
5426
-9862
286
1882
-987
5345
8222
-8652
2450
4693
-382
-2432
-1587
-3577
7152
-1957
8258
-8367
-4306
-2583
4764
-4175
2457
6867
-6069
4858
1745
-1872
-1711
-8428
5984
-2567
-3891
827
2936
7249
-3169
8405
-5874
6210
8364
1897
3255
7077
-5448
5717
7076
-1655
5128
7199
-9667
2031
-2310
-674
9009
3142
7837
-1741
-920
-1982
-2394
-249
8560
-7586
1940
-4652
7051
865
-7831
-9653
-2777
-1979
-9024
4981
-6760
5408
-4292
4655
4327
6330
-4861
-8932
5706
-5385
-504
-4633
-9384
8377
-4925
-3700
-9895
6812
5911
-3198
-4223
-7650
6522
-7090
6245
-1420
3192
3493
-2655
-1725
-8323
-768
1358
-5838
5522
6367
-3763
-2906
3029
-8442
1732
-6314
8839
-383
-7297
-8702
7636
2042
-5730
4626
770
-3384
6689
-5547
-2619
-6205
-7336
-2032
967
5877
-9190
-3609
4531
-1953
-9363
6198
4494
4743
10
-2940
-5407
-9359
6668
-1439
9409
-409
9155
8396
-3723
4847
1401
-6860
6067
7368
-8378
-7459
9275
-8653
-2506
1416
-6518
4003
555
-8821
5153
-2492
1374
6117
-5044
-700
4257
-6479
8603
-3966
-5142
6819
3677
-21
9215
1783
6127
5184
-7091
-8720
1131
8124
7833
-5479
-2206
8251
9964
-6550
-7933
-8372
-3118
-3336
-6147
-4318
2675
9911
-2888
-6641
-8461
3750
6672
5698
1660
6664
-9003
7070
-7098
4118
5443
6820
4990
-6326
-8870
-9045
4030
-9048
-1435
4471
-8471
-9170
6262
-1606
-4580
1353
6485
-8650
7683
8257
5637
-4093
-1200
-3315
6453
5790
-1797
6018
-814
-217
-2079
-8442
-3025
-6291
-3727
-6346
2165
-9601
-382
-7971
-6499
5818
-3670
9940
1354
-4691
-2050
-3058
3526
-1076
5469
-247
-5824
2508
2207
1195
-8417
-9457
7364
-6117
2333
619
5727
3434
-8534
-9943
1270
9628
-9595
8275
3930
-7460
8936
-6805
-9312
-3830
5970
-9597
8305
-9317
-9558
9302
3079
5451
-8350
-1794
-4130
-4701
-8430
9993
-7278
-5006
1423
6317
6204
-1897
3632
4391
-153
-6124
-2270
-1630
7717
4070
130
-4395
1722
-9801
-5185
-9891
-1634
100
3173
-5104
7139
5340
-8300
1405
7098
-3853
7955
5380
2454
2397
-6341
549
7154
7995
-7188
1861
-1208
2192
6892
-4585
7452
-7760
-3092
7397
-426
-2238
5826
-3520
6940
-1588
9437
7264
7558
260
5681
-708
5789
-272
-331
-7511
-7669
-9477
1842
-9296
-2352
361
3808
160
-4510
1987
-4908
5960
-7604
5191
8344
-3241
-691
-9384
-2486
9750
-4873
4970
3897
-2060
2468
-1604
8357
-6940
-1730
1849
8678
4325
-3012
8343
573
-1821
4051
-4735
2182
9569
-8480
-8158
-7943
6081
6969
3723
-2863
-296
3522
9239
6197
-3232
3394
8163
-6671
8025
7856
5953
2402
-6248
-2462
856
3547
-5417
6380
-3841
-7817
-4719
8165
8442
-3675
-1577
7518
-5626
3212
-3702
-6287
-4830
5276
1589
-1558
9053
7328
8543
-4899
-3457
-589
-1043
-5667
-6293
625
4026
-9383
7258
-3689
8747
4383
-9395
-8806
-3041
6405
7624
-742
-5528
6724
5562
6745
5657
-3859
-8370
-6619
3404
-6931
-9010
-9027
-1039
6735
2352
6660
-2250
-6289
5238
4949
-1388
-3463
-5089
-7984
8358
4906
-7769
-8091
-3447
-871
-6657
7414
2167
-5113
1682
7539
-7819
-8731
3169
6197
8473
-2884
2327
6390
9109
-7121
5067
2571
2605
5851
5820
6820
7108
-5579
1742
2906
5487
4824
-8048
-444
3131
5709
5877
6598
-5508
5614
9251
3538
-611
8736
-3083
-1719
-9087
9522
-1108
-7140
2819
1009
-9491
8493
6716
-3575
-9639
9278
-5244
7149
6435
-476
5415
7022
-4226
4200
-4719
-2842
6437
7829
8662
-9127
783
-9974
1647
-801
9059
5796
-113
-6728
7816
-4280
-5183
5299
-193
9727
-8707
-1049
-2177
4966
-1759
-2737
-6111
8940
9192
692
-7232
4803
-7356
-9468
-3079
-9018
-4467
-2858
4909
3853
3324
-9882
2363
-816
-4431
308
6950
1848
-2618
-3051
-6560
4342
-4363
-3081
-592
-4862
5030
-8146
6304
-227
4713
4879
-2325
6393
-4753
-2357
-6059
-9642
-1080
-8958
-8985
-8911
-6902
-580
-8451
-3452
-7590
4250
3749
8581
8681
6584
-6849
-9188
7046
-1572
7108
6523
3195
2793
-1073
-3032
-847
-6400
-781
3904
9397
-9661
298
-2437
5686
-710
-883
8218
3331
4948
5664
-3024
7819
2573
2201
-4910
-8000
1301
9542
9771
9398
-2930
7409
2083
6462
7292
-9077
4461
-2778
5900
-9754
9838
-3744
8957
-8925
5135
5618
134
6085
-6024
4632
5040
-7642
-2160
8830
9847
3928
-2044
9997
3156
-9500
-7870
7582
1487
-8107
3650
-7290
7477
-894
-3581
1965
8887
-448
-1323
6147
4370
-5710
-2586
-7238
9276
1062
7229
-8357
-7185
651
9050
-9376
-235
7540
1429
1822
7926
7612
-8198
-2651
-4834
4004
4341
7918
2469
1075
-390
2824
-8265
3954
7934
-5258
4113
-3381
-695
-8597
-2305
5881
-4608
9926
6892
407
-8471
-2460
7685
6913
118
-2461
-8482
-1586
572
-2598
-7865
5591
-6236
-7575
1447
-9740
7423
-6541
185
8217
4067
829
-3847
-2391
3874
-8032
-9708
9830
-722
-3668
3976
-2793
2612
-3079
4418
8424
-6247
4136
4277
1138
-3233
-8966
1467
1823
-8673
-9965
-6241
9715
6713
902
1547
4158
-5937
-5014
-8231
-5749
4097
-1695
6554
8644
-1599
5809
823
2699
-6215
-6306
-7793
167
-2594
-5838
-2073
7471
6816
-379
-2397
9418
4494
9122
-7827
2179
2916
4279
-3543
-5709
-854
4801
2118
1493
-4633
-795
-5069
8520
3625
-2140
4579
-6028
7676
-4524
5773
-3267
-7996
792
7103
1344
5638
8819
-9779
-4333
-2848
-4114
7486
8302
6507
2651
6995
-5508
8584
-8152
8060
-6990
8029
9805
2497
2315
2731
8905
-561
6689
2464
7694
-6175
4261
-5190
-8874
-59
8338
-2497
3096
6752
9755
5992
-9619
-6222
485
168
9406
-4548
-7580
839
-9504
-2199
-5412
-2625
-9847
-4613
-2186
8320
6005
-2268
9
-5145
-4355
2527
-944
-9657
-4787
3155
-8862
-3699
7249
4259
3662
-9170
247
6398
3326
-5763
8170
7895
-2358
-9953
1226
-335
8183
-3097
-7064
-6591
-644
9274
-3075
-9144
-9493
-2988
-8010
-3305
-1011
-7785
2875
817
2489
3122
-8728
308
-4222
5014
7009
-7471
-2158
-1343
-6328
7164
-9707
1257
-4780
5408
-7282
3316
824
7199
-1387
-4903
148
-5036
9427
7534
7423
955
-5436
-4104
7122
2088
9896
-7220
7293
9509
5004
6015
5356
7254
-8816
8114
8052
4144
-6571
2923
-4620
7246
258
3343
4842
4386
1267
9930
4305
4599
7555
4620
-2822
2354
2459
-644
4657
-5998
9909
-8004
5494
-496
-3343
7997
4616
4103
-92
-2760
-9272
7733
452
4221
2797
-1974
8155
-1740
-438
5468
-9114
-7813
-3195
-8798
-1755
-447
-2463
-6162
8161
-4706
2258
-9306
-1208
-1873
-2277
47
3417
-4392
1149
-8395
-4924
-7870
1717
2362
7796
-1669
3990
192
6934
5775
-1447
8407
3012
4208
6465
70
-5557
343
-2546
-4746
-1728
7605
-9212
4526
-809
2258
-5469
-2273
1305
1115
6512
-7128
4725
8022
-606
-106
8482
6980
-9072
2971
-9790
2275
4785
5222
4090
5924
-8790
7982
-7608
-7683
-8804
7874
2127
-4071
550
6103
-2600
-964
-6607
-693
-3721
8388
4189
-880
-5415
265
8715
-4141
9334
-8435
-5144
-198
-6577
-3307
2800
-2941
-326
1150
5484
-7951
753
6982
-4337
-4165
-8083
970
-859
-6723
6352
-1625
-989
-4222
3177
-5557
-3518
2642
-6849
-5311
2135
-6755
-3954
-7370
-821
900
-2272
620
-8135
7897
-1289
-6410
3705
-8643
7403
-4515
9909
4047
317
7576
-107
-3232
-3995
3252
-8197
7748
2136
-9533
-174
-2739
4218
-1967
-7917
-8904
-6251
-4608
7410
-2213
-7558
-967
-112
-8090
-8898
2960
-5840
7878
2049
5224
-7938
5701
8469
4732
9204
197
961
-6927
9479
1885
-1721
1971
126
5820
4337
-5579
-4240
-6207
-8188
3640
667
8575
-6512
8465
-5774
3493
1005
8842
4758
7876
-7238
6413
-5927
8602
-9914
-9740
-9776
-9312
-4903
5074
6697
6808
-5870
5603
4529
1377
-8449
-8863
7475
4341
-1146
4811
7919
4300
9956
-7157
-4917
-4732
-2180
6902
6196
1680
4701
-5975
2782
150
6285
-8964
5215
-2472
7236
-8148
-7799
5245
-2016
3783
6913
-2700
1355
-8564
3412
-3041
6550
1243
-9786
-2259
6031
-9691
1982
1834
1266
2013
-3618
-390
1155
6347
-6018
-1339
-9623
-901
760
-7855
-1760
5765
1406
7710
2301
449
8829
1542
-6262
-1641
-2642
-4675
-5222
-8056
-865
9065
2540
-8096
6169
-8788
6913
-4004
6043
798
3984
-1069
21
4437
1368
-892
-8710
-8800
4265
192
4507
-2923
-8360
-3333
-6469
-1162
396
1755
2937
8901
343
8992
898
-9751
-3423
-9327
-8278
-9297
-5691
-5554
-8694
-8148
4455
1352
9862
-5951
-8094
-7686
6414
6411
1224
-2639
-1399
-5655
2898
3486
1217
-255
5495
2964
476
-1986
3757
-6812
8753
906
-5310
1
608
-2978
-7080
8838
3008
-284
428
-2138
-9396
2505
2584
-5815
4813
7207
4647
4945
753
9540
785
8282
5865
-4345
8779
8077
-9679
6911
-9357
-7369
9803
-7283
1343
7653
-6013
7337
9709
8085
9186
8530
-942
9231
-3183
-8421
1633
4874
-2459
-5910
2224
4534
-4503
7371
-5238
-5969
1749
8193
-734
479
4937
3442
-7143
7456
6082
564
-3914
-5159
-7224
3905
-2468
9612
1966
-7867
-427
2443
-7987
-9526
-8107
2765
9031
-9492
4669
-5078
3967
-1714
4099
5069
-6114
4312
4012
465
5281
6888
-2850
-1272
2070
-518
2513
4726
-968
-2423
-2402
4612
7884
-5992
1327
8186
935
-7255
-2843
9084
-3045
-2592
-3841
1687
-3615
3404
-5943
-4908
4555
5196
4584
-1837
-9613
-9015
6660
4883
9983
1776
-5592
-62
5966
2807
6280
-8119
-508
-9728
2670
-1041
9950
4227
7277
1775
-5428
3212
-4251
9860
4144
396
-6800
-4449
3000
-2474
-3905
-9786
7287
-8628
6775
-2495
-3455
9470
-6701
5883
4856
4733
4909
1693
-4413
-2699
8597
-2504
9082
-6382
8749
-8317
7458
-6883
-4704
-6374
-3666
-9316
-9826
-6698
8327
6301
5295
-3539
-758
3701
2172
-9721
-9371
-7571
-2953
4248
7686
6081
8131
7153
9383
-1101
9140
3638
-7897
2227
-6321
8322
-4769
-1408
-6322
8911
8782
1947
-4579
8129
4733
7272
637
-7709
-1717
-5211
-6345
6925
7729
50
-284
-4367
-4260
2948
8687
9540
-3718
2436
6631
6018
7534
-8632
-1488
4604
2931
-558
-4478
9115
-1702
9824
-5349
8271
-3771
9860
1875
-2493
-9060
8367
-7195
-8788
3371
-6654
-3587
3562
2730
-435
-7826
-2439
2296
-9273
6573
-5750
921
-7157
-3974
-1191
3782
-6182
-9852
-1152
1229
3317
3609
8982
-8663
-2278
992
-7020
-2243
-9269
5539
-2791
-1606
7473
-6526
9512
3716
-1856
-1631
-6901
5644
-1036
-4919
-2787
-2585
6506
-2548
4883
8794
9025
-2189
-2312
-9091
-3069
-4215
-4659
-1441
-2446
-2773
345
4402
588
7323
2136
-1307
3047
-9274
-7580
-4666
-4646
8076
-2077
-5762
-5927
-4405
-6506
1137
7324
1388
-4979
6540
3555
-5509
6288
7949
1876
-291
666
2611
6291
6902
-9505
5927
4744
-1526
3756
-3753
-7845
-3714
180
-8730
-1813
-5353
-3959
5732
2981
-7099
-6979
-3817
-4105
3113
6298
3069
-6509
-422
3880
4619
-6041
5575
-7724
-3774
6630
7048
-3842
274
171
8557
-2607
4188
8743
-1149
-8741
-2487
3593
924
-8408
8719
2661
7541
-5205
-1125
-7612
2995
-9353
4893
4973
6263
7888
-1859
-5473
9519
2365
5277
-5589
1898
-2773
-3509
4130
-56
3023
5487
9487
-87
3
-332
-9687
-8395
8852
-2295
1884
141
9347
-2867
-8240
6134
-4677
-233
-6519
-2220
8719
-6186
-2479
7709
-6082
-3100
4911
-7851
-8627
3857
-3460
-8160
1550
2696
5782
2750
-9787
9202
-2624
-6456
1221
5058
4815
9262
-1826
-3399
7990
-3138
-9098
9890
-2943
4169
2211
6990
7286
-9817
-6670
4433
-3355
-6225
1018
-7262
6931
7635
-2022
6385
-8016
5633
6367
-9782
3402
9200
8422
-7995
2236
3889
2564
7710
2671
-8645
8274
9249
3797
6795
6370
192
8896
7392
-655
-7029
955
5701
1937
-1854
-9461
8797
7649
2854
1239
706
2728
-3801
-7768
9127
-8369
-3478
-5352
-2358
-324
7761
-4797
-8613
2665
4760
2350
-5193
-6504
-7049
8153
1969
-21
7036
5871
-7223
-1531
-9121
5149
-4798
3346
7171
-6855
-6821
-3572
4405
-2359
-9460
7189
-3640
7647
-804
4799
5609
-8640
-1630
6376
-3001
-2036
-9673
3037
-3666
3977
-5581
-633
3258
-1747
2499
-137
-4438
8322
-3801
1061
-558
-1874
-4358
2984
-2951
4179
-7531
-4904
-4218
-4341
-4624
-9833
6317
-8482
-4958
4958
6405
9465
1327
-3093
-7383
-7891
4684
-7299
-6863
-9000
5728
6727
-2365
3430
7656
-1949
-4205
1860
-7917
9399
5482
8101
6217
5477
9016
2232
7515
-2044
-4421
4219
5618
8458
-2690
-2213
-6048
-8641
877
-889
9813
9506
9637
-1719
3864
7835
6600
-6773
6502
-2495
-3708
8793
-6765
1409
-115
6409
2278
6637
-7599
5111
954
6595
-4074
-4756
9013
-1304
-7862
4511
7086
-1638
-4004
9160
2012
2042
-4345
7736
8356
9335
-6958
-6930
-3915
1288
-5294
-888
9674
1534
3411
4790
9590
5561
-1929
8925
9303
6192
-2177
-1104
-3374
6062
-8493
516
3358
1016
-8379
6625
2837
-4895
9417
4239
3368
3215
7596
5673
-1150
-5271
-6433
-8009
-7061
-8695
2344
6592
-3661
9540
9181
7661
4889
-1256
-5776
-9771
6940
-5195
-7194
8499
9128
-9878
8159
682
-2349
-1326
3778
7152
-8105
-4238
6825
1629
5277
5691
-4903
4977
-6028
-1525
-420
-6523
-108
-9066
-8481
-5244
8748
-1332
6946
2549
-6002
3090
8250
1069
-5468
8387
6694
-8911
1910
-8555
-5695
5156
1130
6492
7654
5359
9048
5404
9977
-3334
-5563
-8261
-7325
-9620
5478
-8366
6340
2145
-7150
1657
-3892
9068
4492
8632
-8110
7913
8669
-9413
-5006
9255
9202
5038
3975
-6241
9357
3814
-4180
-4413
-3152
-7039
-3620
3290
9763
-6194
2107
-1476
-9866
-92
-1234
5436
-9140
-7285
-979
-708
-3300
6977
-4011
7803
2079
9679
-5105
-4109
4271
-918
4824
6448
-3044
2694
9545
3364
5272
-4145
960
7135
-8010
8962
6842
5778
9225
5231
4294
-2862
-5837
-219
-8196
-1718
2648
33
-5999
-2052
1220
1654
-937
-7735
1549
-94
-3391
-4650
9331
-2173
-5583
-8891
6918
8074
3352
7086
3622
7613
2907
-7483
-7121
-159
-9038
-6280
5748
-8592
752
1083
-8287
-9148
9125
-80
-5794
2656
2525
7021
1920
5377
-3652
1131
5380
-3575
9507
237
-6162
9926
-674
-9767
3432
-1504
-5885
2836
-3165
5931
-2855
-3081
9074
-5030
-6989
-7095
-5161
-956
-6931
-4000
3935
9176
3762
6602
-7747
826
9968
-2139
7421
-6322
35
-1627
-864
-2931
-522
383
9462
-4393
7254
-5438
9530
908
-1511
5204
3290
6272
-6646
-238
2554
8201
5360
4140
-5151
6772
1650
5640
2178
1235
9740
1593
-3511
-8332
-4790
3872
7492
7442
-4588
6084
7066
8435
-5315
662
-780
746
-6167
9470
-2423
-5958
-3895
8673
-2011
5640
-334
1153
-3675
5447
-7500
-8431
1844
9013
3956
4755
6090
9716
-7653
8079
-9939
3375
-3213
9156
2754
2559
-910
9216
9359
-6463
-1314
492
-5437
7818
-8583
8278
-6756
-9961
-8750
8600
6682
7483
994
-5493
2774
4946
9964
2090
-1260
-408
-5937
5831
3652
-601
293
1153
-2815
-9155
3759
4375
-3677
6336
-9401
6955
5730
-1062
-6465
3327
-1493
3553
5339
-1996
-6110
2795
1359
3877
4580
1920
-7053
-2749
-4201
-7216
9554
-2744
-8784
8300
1700
-851
6418
-5845
-3645
-3353
8839
-1605
-9836
-9747
6496
-8531
6575
6636
2400
-1054
399
3564
-8003
1417
-7898
3478
-2628
-2620
-4188
5765
4057
199
1871
638
3328
2904
-8054
-5110
4363
1677
-8541
-8125
7553
3201
-4658
765
-8841
-6542
-6229
6260
8706
-8977
4023
-759
445
5529
-2754
-7009
-2300
-2590
1726
-6268
5430
-1021
4575
-3710
7688
9612
-6361
-5545
8300
-52
-6552
1037
3884
5988
-7145
-2974
-93
4463
742
-8380
6908
-3753
-6158
599
-8914
7868
1800
4202
3029
4519
7713
-5055
-5576
-9947
985
-5703
5203
-2012
3243
8847
-4256
8569
6928
6454
5745
-1609
6854
-490
-3273
4720
-4344
-2587
-17
4365
-4317
-5316
-3649
-7482
1805
-3906
-6086
-1225
2967
-4326
6468
-2487
-8704
4291
-814
-5819
-4771
506
-4789
-7577
-1475
5866
-844
9820
-361
8309
-8929
9002
5249
9836
8503
3128
5599
6933
-8435
2936
-733
-2450
1609
723
-8002
458
2065
-210
-3609
-6730
6831
-9432
4399
3726
-454
350
5632
-7946
1884
5958
-349
1833
3825
1026
1969
8081
-3759
-1362
6011
-8776
7278
1851
3860
9131
-5206
-3991
-5698
-8064
4432
4685
7752
-7383
-8021
2075
-6247
3124
-3364
-4381
3557
-2280
6861
8245
8462
-5819
-3782
-4067
9829
7154
4317
8529
4835
3910
-1006
-4296
-2408
-1134
5723
-3215
8073
-3140
5322
-8446
8199
3015
1952
-4470
5643
-7478
8998
9239
9513
7649
-650
-2167
2948
-7847
-8443
126
-4894
-1001
-1383
-125
4112
-9557
-6003
5185
-8437
-6686
-9428
587
-6360
-4449
-4137
6840
-9762
-8377
-1941
5599
-1621
1822
9680
-5909
-7990
1913
-7639
998
-5918
-120
-1171
-4687
2010
3777
-9914
978
7156
-5510
-6358
-8811
-1737
6514
6496
2975
6921
5119
5789
-7448
-1136
5274
9820
-1726
8534
-1786
3636
5278
7558
1872
-6661
-8841
9475
4272
-9478
-7418
-9341
-9133
-9574
5058
200
-259
556
1087
-765
3091
-3570
893
4413
-6208
-3310
-7374
7024
6756
389
-4883
2309
-4475
-3440
6936
-1734
-7945
7933
3489
-3029
8956
1752
-9907
6719
-5491
-3328
-2887
8140
-4252
591
-7696
-7059
-9051
6823
-7878
8840
-3470
-3132
-3113
593
7002
833
4359
-6257
-245
-4595
9583
-1692
5008
-978
571
-3340
9611
-5183
-5840
3134
8979
7151
1934
9635
8004
-733
3652
-1460
-7246
-3481
1790
-4366
-4541
-1100
100
-7747
-2130
-5596
6715
-5007
1667
461
-4054
6637
2077
-5468
1954
-7525
-3198
4778
2889
-2384
8773
-8241
-3197
-810
-2927
-1329
-8768
-9355
9361
-8843
6685
-2304
-4596
1055
8744
-2261
-4027
-3851
-4695
-8064
-1494
-5548
-8300
5252
-2269
7578
-7512
4093
4030
3592
-3765
-329
-2555
4400
1505
9936
-5058
4244
4538
-1050
6165
1667
7790
-4196
3551
-1836
1390
-2956
7691
-2480
-9875
5385
-3596
-3214
7363
-2070
-14
9975
4936
6356
3729
-6143
-9230
1408
-137
-3564
8463
-4122
3371
-499
1
2734
7536
1228
7733
9597
5760
-4191
-2948
-8772
8627
-7370
6919
4444
-8914
3486
3905
-9098
-6734
-6237
-4995
9146
2564
-9584
9239
-4540
1232
524
-2930
-3933
7064
-6556
-8591
-1697
2446
-6365
8893
-2251
1094
-4692
-77
-9248
-5221
2404
9004
-1763
4650
-9195
5951
5431
-7949
-2363
9898
6319
9597
9528
8822
-8888
6678
-3377
3498
-8338
9979
-4786
-6060
-8034
3327
-1576
-7079
-2027
-2786
2925
662
-2341
8188
5851
2224
-6436
1989
5232
-4388
-7299
4602
-1335
6402
-7954
-2775
977
404
-7815
-941
-7758
5028
2185
5831
2518
4461
6942
-9706
-9195
9478
-4030
-9496
9922
5609
-1907
-4118
9778
5463
7373
8370
-2409
-1194
4720
-4734
-5173
-2366
1215
6514
611
4661
6361
565
5343
-6455
-6960
-1128
8931
8806
-1055
2879
-5322
2215
-7236
815
-2317
-5337
3693
-469
5228
-9390
7996
2627
-5827
7861
3511
-8928
5483
-3114
-4314
3679
-5893
7821
-5161
2084
-4649
9439
-5938
-6802
-6984
-8869
3557
-2139
2300
6789
5276
159
8884
5163
6125
-9493
1918
