6939
0
-2262
5605
5851
1619
197
-6597
7679
-445
-2451
8408
-5208
1963
-3726
989
1985
-7127
7428
-3940
-3844
7147
-6422
4916
4212
8780
-6797
-1842
-1245
4506
-4244
-3779
-7069
1591
-5762
-2164
-1292
-6294
6667
-1758
-1235
-1448
6534
7238
-2612
-9975
3252
3575
-1577
-9889
5203
-7163
-7649
5794
9591
6696
-2831
-7708
-4303
1643
-2432
-8821
-4095
-9842
6684
3385
-3467
4484
-4424
-3630
7377
9239
-1000
3867
-7466
-4274
2532
9439
9326
-2637
8199
-4833
4546
-9178
-7229
7035
-6865
-3895
3884
6921
-118
-5002
-9024
-5926
-1634
-6
5480
1679
-3057
-4029
-9426
-2552
6238
3421
9968
7670
-3586
3283
423
-4151
6417
3638
-3664
6634
3124
-9407
-1094
-8954
3469
-8813
6175
7614
-5618
-7412
6897
2048
6225
6397
-9172
-8963
8849
-1939
9056
-2717
1378
-5057
-347
-4984
-1958
9041
878
9236
6366
-9997
-7306
4351
-9214
9103
5792
-2857
-6153
-6181
9317
-6752
-1702
-6630
6141
632
-9490
-2826
-6391
8662
-6004
-7616
7836
-6774
-8819
6314
3229
-5097
879
578
-3383
-5917
4578
-7153
8229
123
-8941
-7285
9542
-551
7617
5664
-1623
-2346
7212
-6359
-2344
-7274
8513
3231
6587
-3287
-8394
-9123
-3551
9343
-6385
4331
8684
-6149
2626
-686
8475
7281
-8852
-6771
24
-6087
-3124
-8909
9918
7051
967
-4391
-6320
2428
-9235
3065
-4503
-5117
-1700
-4493
7199
-6133
5046
9001
4360
-3533
3581
-7466
8027
-3357
3316
324
5163
4217
1077
-5034
-6537
8993
-6753
5568
5908
299
2436
-9113
8421
9367
-9914
5987
-2921
-2680
1377
715
6034
4197
-2142
6553
-9488
5060
-8819
4742
-611
-9450
1827
6014
7373
-4014
-9167
2052
-6377
3338
-593
7314
-4806
3987
-7162
1897
5015
8580
4503
-5748
-6560
4150
-1389
8356
6686
6382
460
7838
-1695
-9931
9807
4866
2946
1391
-7321
-1821
-9300
-792
-4563
7844
-1880
7105
-2233
-6646
2410
1804
-7647
7197
7763
-1161
9331
-4753
-1868
2926
3598
-7784
1224
9270
-3238
4209
5098
8334
9625
7776
-7436
453
-8832
2702
-5304
-1388
-8412
8327
1090
5403
1269
-9018
-3777
-6932
9194
4366
-6057
1152
6496
-6390
8860
-6616
-5106
4941
7746
7485
3150
-5332
8198
4398
-9661
-6432
8915
-8702
575
-4941
8533
4203
-3066
851
-26
5123
-1097
1185
-8513
-5473
-9057
6555
-9049
-7221
1071
4445
1657
-4051
-1882
6915
-3739
-6755
9331
-2549
5163
5450
6535
585
-155
-1494
-5486
-7609
-7061
-2976
4512
7634
123
9083
-2680
-1116
6137
-7495
8007
1745
-8366
3092
4396
935
3689
3329
1285
4858
6062
6813
-2864
8917
365
-9630
9577
-6452
6072
-2876
3889
-4780
-1652
-1571
-778
1298
-2776
-9319
9986
5321
-1902
-7444
-2153
-8666
-6626
-514
-6701
8147
-285
2946
-770
-2182
8922
-846
2941
9282
-6361
-5813
3768
-8447
-5276
-9726
-2484
-5081
-9831
3098
4016
4455
3851
-8584
2660
8831
8417
-9999
-7409
8347
-9046
-4160
16
8455
5948
7412
-4915
4596
-278
5019
5069
6843
-6425
-9472
7532
1834
-8820
-4317
5185
3607
2656
-3110
-4381
-5854
4721
9906
-259
8113
2222
-8917
-8284
-6335
9529
-9498
-2167
-4777
-9605
-9390
1549
4342
1719
-3960
-8061
708
-946
8462
6659
2428
-9391
-8194
7941
-2428
-7197
7546
-5046
3499
1868
-1917
-7520
-355
-5608
-1409
-3800
9043
-8059
-6527
7084
-1209
3721
5884
8938
-3792
2293
1462
-1422
-1440
-1992
-9756
-2368
9366
-7174
-3252
4249
-4673
-9508
6329
-9464
-4029
-3705
-9355
-2738
-3186
-5537
-5591
-2773
2970
7835
8891
9657
-5793
4398
-2747
-5579
4257
4089
8753
-1270
2108
-7376
-4286
320
189
1534
3494
9001
9235
6465
6483
-8604
8270
6869
-8324
5142
2041
1579
1518
-5832
9688
-2339
3952
-6924
-315
1244
9849
-378
-8567
-5074
-9054
7794
-1349
1477
3695
9234
9079
4012
4148
-1267
266
6952
-7325
-1896
-587
8924
3071
7962
-1689
-463
598
8805
4796
1523
9567
9223
-9302
-3996
-5462
-4797
-261
843
3418
-5858
-9582
-1316
-8345
-7509
-3769
2143
5263
-620
-5019
-7777
9595
8138
9793
-4849
1560
3687
-9645
-887
179
1544
8811
-8962
-2886
4969
2158
-6462
7965
-5568
-8530
6167
-6819
-5126
-1807
-2145
7152
4949
7792
-3113
-3107
-8056
6043
9654
29
5801
5619
8337
6881
-6005
423
-3113
-9696
2321
-678
2435
-5860
8694
6086
5624
-9063
7309
-9965
-5844
2809
9821
-2385
8836
3434
-9888
4364
-9167
3935
9458
3020
-1015
-5154
1331
-7963
2373
1243
-9228
6910
-4318
8935
-7139
7432
-7449
5879
-577
-2272
2653
-202
8605
8609
4864
-669
-8749
-8279
3742
8372
-2525
-2939
6894
315
6185
3663
-1039
6320
7808
4791
-5847
8609
-6781
7143
8416
-9809
7028
7274
6071
-9062
-4724
-6448
9666
-8995
5348
7351
8959
2261
-1435
745
7013
161
5015
-1419
-128
1744
-6939
6188
4322
3992
-9714
7315
4514
-5396
4958
-5884
-6638
-3191
9745
-7330
-9311
-4473
2246
-9332
-9956
-8010
2447
1558
2063
7045
-1227
4338
-9735
2918
3268
-8725
-2093
3648
-5559
1246
2267
6784
-7802
6281
4717
-2745
2923
-7257
2603
8090
-2501
-3272
-2089
-2195
-2648
5897
620
4730
-7407
2449
1777
4883
3801
7301
-1794
-4
-9118
-1319
-5971
-5880
6180
-9404
6456
7744
-3313
-8956
-2642
-8129
-2616
8029
1767
-215
-4959
147
-7045
2035
-4990
-8203
1319
-1757
3686
-3584
4803
-2499
4704
3332
-8580
-2513
-1022
7986
1416
2670
-2495
-8808
4403
2569
-7647
8773
-4891
9342
1543
1381
-9835
-5458
4170
-4701
7818
-3633
-3229
8023
-4740
8790
3655
-3987
-3428
3034
3073
-6417
8105
1457
-5052
-9095
-6347
-5698
9043
-3214
8907
6298
-7570
-6285
860
-5170
-6899
-4592
8698
-2123
8633
-9557
65
-8713
1861
368
2852
1997
4804
6509
-8485
-122
6472
-9336
-9072
-8416
5702
3844
-4219
-9646
391
-4790
-9831
-9630
3301
-2856
9711
5701
6453
9857
-4885
8217
5699
5143
-6480
9488
2950
2520
3002
4434
452
3783
-6646
5798
-7504
-8704
1768
-5182
-8199
-7246
-6736
-7556
1820
2116
9074
-1166
-6559
8187
-2381
9569
5731
4352
-2758
319
-5400
3473
8147
-6376
3929
-1365
7662
-3358
-4847
1349
2477
4330
2089
-9266
-780
625
-1344
6262
5958
51
-552
990
-1390
2320
-1496
1526
1984
6541
-2375
4458
7809
8915
-5866
-5851
4126
-2436
5801
7669
2616
4322
7697
-1379
3325
8658
5757
5162
-8804
-1986
-9711
-9229
2300
299
6832
6331
2085
3304
6950
4267
333
-5380
8623
7357
-1800
-9463
-149
-2863
-869
-9116
-3505
-9875
-2210
3997
3289
-3534
-2582
1295
8645
-7744
6289
570
7863
-3674
-9675
-8284
1089
-1703
-4659
-1229
668
8982
-5392
-1430
9552
8227
-6642
-2172
3423
939
-6979
-762
1589
7716
5417
-2138
3459
3813
2687
3928
-8973
8571
658
-290
-7062
3472
-3659
-7162
8707
-711
2295
8880
3264
4410
9754
8065
-1232
-4245
-9231
-4050
-8917
-8708
5258
3744
4594
648
4594
1507
-215
6247
-2683
1960
-1792
3742
-1368
-3737
-8292
429
704
9385
328
963
-3678
-259
-484
-4279
2961
2888
-2676
-8543
8626
-9386
8904
2149
-3807
3417
-1476
-8078
6320
-7630
-7336
-9699
1291
7185
6063
7628
-3731
-4190
7034
-5540
-2075
-5214
4735
8386
-4873
-3389
-8340
-4258
252
-502
1456
-4604
-1023
1519
1674
-7960
-6472
-9511
-8175
-9089
1373
-7868
5710
-9772
-1956
880
-1105
9319
-4902
1973
-2215
-1239
-6644
-3960
7879
1535
9981
6308
-3360
-2744
3956
5598
-9970
-8729
-8394
-264
-6527
2011
-2211
-7690
-8350
-3055
6437
-1551
-8827
5074
-3801
-4007
8718
9092
-5158
-1411
1852
-2622
8326
-1134
-5860
6553
-4731
-3155
-5313
4448
-5144
-7840
8372
-5457
-3030
-4182
-1616
609
1215
-7767
-5223
6411
-7161
9434
2398
-1796
-2709
-3463
-3673
453
-7952
-1171
5858
-2994
-7807
4956
2673
-2901
7524
3675
531
-919
8271
-2710
6669
4185
9271
2233
9771
-3690
9445
-2842
3577
-6326
33
-5650
-569
-6644
-7637
1018
-212
-9393
9031
-1236
9997
-7900
-8995
9667
-6204
-3125
6941
9525
4906
-1736
3425
3670
-4482
-8950
-6647
-6083
9676
-3056
-3800
1205
-8207
3425
6987
2498
-1524
-8614
8331
-7446
-2522
8905
-1537
3291
7280
-2953
-9389
-9935
-9765
5862
7200
-4666
-4792
-7796
-1347
9388
5021
3367
-4713
-1017
8896
8441
-7660
3676
-1307
-4799
-5476
-4092
2555
-2503
5980
-9246
2258
4087
-4330
-8809
9398
8467
5492
-4858
-8743
-1399
4455
-7271
-3521
3007
-6005
-2707
6794
-6064
-4360
-83
-5774
-4771
-1316
9198
680
-7058
7773
-9653
905
-3563
5690
-3219
-2512
4803
-7866
3837
7990
693
2492
5329
392
2577
-692
-6854
8453
-5121
-8469
-4736
-5414
9312
7987
-2803
4285
-8020
5087
-3578
-3494
-8262
-7751
6360
8062
8881
5903
1071
9547
-9335
-7409
608
-8782
-8849
6324
8651
1853
-5018
-2209
2406
-2607
7010
-5809
5452
9781
3360
-3545
-7406
-984
-3028
8448
103
4491
-2790
-4364
-5757
3920
1241
6098
-6778
2565
5459
1274
3017
7571
-796
-763
409
-5996
-6598
4864
5151
-89
8173
-5668
9950
9200
-3199
-201
-3124
1406
2775
-57
-6363
-7246
-8041
8656
6441
-5604
4687
-5110
458
-9108
-7877
-9234
3161
9480
4837
5430
1583
3122
2503
-395
7518
7220
-1590
3112
-8176
5075
-2760
7493
6354
7520
5198
309
-934
584
7146
-5925
-7824
-578
-710
1266
-7282
3612
2641
-3678
-3133
-2727
-6067
2413
-3012
4909
-4961
2361
490
5189
4208
3350
5508
4928
-6418
-6027
-5963
5625
-5750
6600
-8900
9652
4571
6220
4805
-9701
8404
8832
1551
4886
-9987
6463
6038
-7286
3451
6887
4222
4597
5981
-9985
5858
-8783
-1366
-8351
6634
1229
6414
-2132
3676
-7793
-2347
-552
-483
-1405
-274
-4438
-485
5046
-3328
-1483
-8746
5315
-7323
-9917
4947
5809
-8459
9157
5309
-8645
-972
7061
-4990
-1267
6477
2626
-2324
-211
8447
8177
-9764
-1203
7289
-7678
-7964
5394
-1277
1171
9685
4690
7729
-3965
3764
7389
8835
4284
-1500
-652
1461
-2428
-7297
-9384
-488
-3191
840
8363
-5840
257
-9556
-5026
3427
-3933
-8510
780
2572
8274
-9704
-640
8453
12
4934
-8876
-63
6703
2780
-3742
-416
6838
4753
-2565
-9218
1296
-7904
-3437
6506
-1523
-2724
-8747
-4988
-2044
-7186
7197
6397
-8242
1461
-6891
-5671
-5408
7642
9064
7339
7870
877
2379
2082
767
660
3760
-6679
-400
-3222
-4480
6701
8684
3649
-8086
-4426
4585
-445
4868
-1347
7375
-7126
-1970
2953
-5673
155
2238
-2329
9923
1046
3149
656
9205
8786
-8364
-5712
-2294
-9595
-7375
8872
-4784
7721
2344
5510
3489
5574
6155
-6680
-6176
6962
-3033
-7080
8603
-6943
1392
-9581
6516
1519
-6405
-826
4459
4922
7819
-5166
-1771
-7387
-6971
5772
-8473
6080
7340
8067
3939
-7049
-9523
-3705
4658
-9298
5408
6445
-551
5522
2632
-6482
-8380
461
2671
-2332
4759
7965
-5222
5818
7033
464
-2779
-4849
-7379
-8235
3627
1502
9753
-4563
-5952
-7705
302
5592
-915
-6453
9238
-9211
-3079
-2347
4439
666
2396
1257
5928
-4621
2698
-8008
1620
3322
-3633
-1567
-6974
-9614
-1077
6998
-6974
7472
3737
-3005
-842
3710
5366
-2587
7664
8244
-6114
8542
4417
5459
2638
2107
876
-8322
279
4941
4455
2133
-9679
5071
-4048
6961
-2862
7008
1774
-6214
-9024
5054
6685
6791
6258
-1441
-9245
4890
762
2264
-5711
-7448
8784
-8467
2483
-282
4117
-2823
-4557
-494
4753
-8779
3102
-6131
-2559
2030
-7353
2212
3341
-5277
7520
4587
-3667
-5093
-2098
-5046
3099
7319
-6439
5620
-6105
-4294
-7977
5647
-8757
1643
2070
5061
-2650
7217
-4031
-5485
3768
-8686
313
-8828
716
6691
518
9801
-8703
-5234
-2844
-1389
2711
6908
6123
6118
271
6301
-7286
-9156
-3135
5436
-2147
-1651
-6220
-9904
7131
1830
3249
-4988
769
-3736
-6622
-8683
-2572
2266
2443
-7781
-3284
-7626
4422
-8831
-3423
4707
-8460
-228
-2754
2316
4704
-5582
-1747
-210
8293
2116
-2749
-2097
6833
-6113
1822
4577
420
-2224
5963
4757
3653
2597
-5983
9926
7922
5136
-9028
-4642
3269
-7324
-4136
-6519
5951
-9699
-9125
-5710
-4475
-7438
-674
-8993
1351
-7709
-9945
9741
-1789
5240
-5822
7670
5267
-1408
-4380
5447
-7143
-1241
1146
-4049
-5586
2744
-7688
6564
1288
6641
3487
2436
7525
-2587
8087
5025
-1222
2582
4851
-6743
-7218
8693
5497
1721
-7009
8972
9382
2322
9373
-134
4019
8749
68
8020
1404
4969
6868
-4676
9886
-4927
-783
-1370
8616
2264
-74
-7338
2378
4212
-3984
-6024
-2583
-4559
5965
5450
-3492
9588
-4249
5205
-9277
-6906
-2783
-828
-2201
-7448
-6791
-2532
2540
2336
7043
2465
6169
1408
-2052
-3192
-5542
3926
-3131
-600
-9719
-2634
4760
-1031
-70
4048
2368
-2185
5987
5543
-7392
4425
-4975
3497
-1675
-6510
460
-9503
2535
3153
-2109
-507
-7330
-8775
5239
9546
3803
-9004
-9913
-3104
-9717
2104
-5762
-2
1535
4154
-9392
-2027
2861
-9335
4300
-2949
-3240
-6042
4531
1532
5127
5491
-9421
1753
352
6285
-5135
-9976
-9862
-4693
8266
7318
6223
-2727
-8629
-9347
7308
-3387
-609
-3593
7266
2501
-3411
9042
-7737
-2163
1175
-9221
8108
-1585
-3333
-2530
5083
-2313
-5037
6108
-4803
7414
7761
-6051
2786
314
9327
-1393
-7890
-3759
-6924
-2445
471
6477
2081
-2964
-9461
388
-5996
1330
-5172
-6270
6072
-8056
5386
5656
-9832
-7341
-9517
3264
-7386
-4807
-6000
1491
-8499
-3744
-1763
112
5643
9820
-9091
6749
-2581
4875
-401
-3862
-1586
6558
7266
-5133
-3086
1474
-1360
3379
-2079
-8314
7327
575
-7510
6996
3198
8107
242
3994
7409
5137
6237
-1495
-1727
8240
-4425
7876
6724
6103
5325
-2046
-2428
4446
-8576
-8404
9400
-5921
4309
-7364
-1935
8353
-1620
-9342
-9435
-5634
6173
-6239
3870
7644
-8435
-2158
-3043
-1701
3054
4017
82
1600
-8704
69
8078
-9614
-9757
735
139
-5488
7153
-8603
5707
-5196
3008
9469
-4878
2205
9343
-3332
9360
-4964
-6182
9883
-3077
2895
5335
-668
-2692
6365
-3222
7816
-4108
-4047
-4196
-1209
-8610
7728
-8740
-3991
9403
2515
-2744
-2554
8456
-8242
-1765
-3378
-9380
9366
-2770
2584
-7099
6860
4150
3686
883
-8682
-9944
2775
-5580
-3801
8652
-4617
-2830
-1965
5021
2457
-2873
4216
3828
-8670
6640
-7270
1984
7754
9088
-2594
7473
9203
9701
4455
-7805
7531
4629
9721
6243
-1651
1043
-6420
-962
-7050
-1233
-4804
-4312
-5996
-7223
-5024
-823
-7150
-6194
-6946
-3746
2561
8865
-2243
-5639
1260
6868
-6495
295
-7184
-5559
3478
9902
3558
-65
6595
3374
-2601
-6695
-2811
-9244
673
6413
6464
-1886
2019
-5595
6722
6513
-1427
-377
951
2175
-6310
3993
-7111
-1209
-4384
-7664
1379
-1084
-204
6388
7469
343
-5905
2143
307
-4163
3501
7960
2942
4257
3055
-5840
1925
8102
6956
5518
7844
3414
-9127
-2420
5420
-7275
-9975
2981
-4816
-251
7157
-7399
-4102
-9506
-1309
5897
1785
-7680
-5330
-7292
950
-4281
-9873
-2498
-8051
-3631
8767
-1032
-5937
6348
-9225
-1705
4709
9235
5912
-7413
4977
-2720
9759
-2746
487
-7149
5074
9326
-7565
-9850
-3000
1943
8590
3882
-8169
1436
8521
5584
9491
2405
4007
-5657
9569
6391
6330
-6235
494
-8048
-9595
8777
8153
-4743
-8859
-45
-1187
-4791
-1883
-2130
5413
-5516
-9328
-1895
6393
-5833
4876
3598
-4772
-5767
-3815
-8850
5185
-9018
5431
5238
-5583
2998
5727
-6457
-4108
-6423
2295
-2007
-3916
2456
-5475
3610
7270
-3845
1653
-1747
-8071
-1104
5342
5711
-8751
-5993
5170
-3816
-4989
1830
5512
-9781
-4484
5686
-5295
4250
-8596
-2645
9942
-9535
-6803
6830
-7027
-8975
9125
-5377
6668
923
8703
8503
6051
-6437
3515
2659
-1182
-2799
-6403
-2862
4095
4229
-7766
-247
8714
1835
-7712
-4395
2290
3398
3747
-6073
-7232
-8427
-761
4529
3753
-7526
-9046
-6857
-6866
-9607
1257
-5196
-5365
-9327
9687
7651
2577
-3836
2949
-352
9108
3915
8730
8279
-37
-2697
6057
-297
7959
1766
436
-4409
5137
2906
-4210
8411
2004
-5655
-6159
4183
-7202
2396
-4984
-1190
-2132
60
-207
-1096
4523
-1754
6013
-9019
-4400
7181
8047
5002
-9317
-88
8047
4147
9119
2049
-3744
-9917
-7077
3439
7740
-2253
8523
-8751
6547
-4387
4271
9961
8697
9302
-4760
2550
-2549
2211
6760
5832
-1857
8605
-1806
6729
2787
-3165
-2024
9807
6186
-8872
217
-6115
2845
2458
-8904
540
5311
5967
1434
8118
-2249
-4657
6461
7892
-6610
-1216
-9483
4240
-2592
8591
-513
7344
-3327
3586
841
-1106
5099
6350
-6372
4241
3512
8695
-8185
513
-4775
-4629
-1342
1616
-1681
2576
-3317
-1935
7976
-2447
-3669
4698
6330
5641
1107
-9659
-6452
-3169
-4308
-7054
4386
6758
-8860
-2674
-6015
-7128
6490
5487
-1412
782
-5895
-9886
5619
7175
8593
-9715
3966
5308
225
-4471
2500
-3774
7752
-8834
184
-7614
-2445
7608
2198
6555
1563
-1905
-641
-8252
-2156
8242
-5027
5719
4095
31
7009
3845
3100
-2139
3279
7921
-1136
-720
-6975
5441
-2607
-4088
-8450
-2122
-1846
87
-5565
-2492
6135
3274
-8652
-6941
3154
-4163
-8562
3191
2157
5560
4665
1935
-4165
-9124
-3910
8905
7286
-7434
-587
1659
778
4995
-9604
-2599
-5475
-4875
-9797
9809
668
-3832
-8783
1998
-9296
-1019
4451
1349
-2898
-2226
-5795
-2884
-660
7587
-1512
-8336
9214
-2393
9761
-4612
-6164
7844
659
5646
1899
-2992
9460
9786
-3840
-1373
-2338
-2226
6128
9159
-2913
2514
1990
6585
-1892
1072
2403
8995
-6782
7810
4595
-8844
-2251
-3109
3970
8900
-1280
582
5387
8637
-8518
5183
-6997
8704
-6479
1558
5516
9145
415
9904
5971
-946
-8116
3986
-5361
-6466
-8302
8073
-9278
1232
-5987
6864
-958
-9353
-105
3428
2502
-3928
-5208
-1928
-1951
6096
-3762
6755
302
5238
-2946
9584
-9688
-5110
-8870
-2244
-2966
-4931
7149
6655
1491
-2096
4248
-9460
-395
-3584
-202
-7889
1836
-1248
-3248
-9492
8030
-7051
4392
-7747
1500
1527
6853
1802
9494
2627
3745
2343
-4051
3673
7566
6624
2173
-7219
-3862
-9613
6148
-3515
-6328
-2561
1996
-1806
2960
-3240
-733
-3664
1862
-7877
1829
-3734
-2802
-2174
-6544
4767
7867
4027
5795
-9244
-5628
8332
-1266
-2
3979
1696
-9666
-1019
-2573
6364
-1915
-3724
-383
-6490
86
4405
2838
1775
-4298
-4852
4776
-9271
7817
2435
9480
7447
7174
6649
-3273
-4639
9493
6096
5492
6961
1581
2522
-2726
-4159
-2715
-1080
-9394
-3364
-7074
3910
9256
8611
-4129
-1307
3444
-4236
4038
-6711
-6626
2098
1789
-1354
4069
-4537
1426
-4882
-5400
5780
-8326
2549
5714
-3984
1005
-6909
8950
4998
5409
8836
5983
-8790
5147
6109
6458
6196
4006
4313
-7598
-1260
8238
-2190
7254
3491
6994
-3646
-8518
-991
6183
-8953
3344
9427
1825
1846
-9385
-4119
-5280
-5700
8641
8224
-7032
3557
-4200
7465
3918
-5240
-382
1819
-7824
7149
-5695
7114
-9115
-5005
-5386
-1162
9673
-820
3632
-5422
5253
-6803
-9864
-5403
-1371
-663
5144
7370
7156
-3891
9291
-122
7612
-4276
9229
2088
5353
-1586
1282
7993
-4881
2452
2043
9978
3272
-5343
-3474
-3537
78
7988
-6770
-2771
7235
-4356
5899
7567
9131
3848
2423
-7039
-7858
-7468
5933
-9091
3350
-7945
8592
-6083
1777
-8535
1466
-7956
8612
1684
-5683
2575
-4124
-5452
-3847
6240
-8908
-7351
-3553
6312
-6806
9058
-9570
-1282
2150
-4975
479
-8059
2357
-106
-9434
-1131
6339
-2751
-9083
6294
-7860
-3339
4323
5860
1769
1545
-8441
9412
7417
-6835
97
7391
2196
-6578
681
-9727
8518
9728
2473
-8398
9296
-8412
-398
5238
-6953
4709
5677
7504
9168
-2723
3405
-8320
-4315
3910
2576
7323
1415
3715
6595
-4292
7777
2056
-9595
-65
8586
-7198
1344
700
-2492
-3363
8765
-1074
3875
-1126
-5465
-8791
7929
-5857
9720
8360
708
5241
8355
2368
-7418
9247
9451
-5804
7497
2635
-4755
9625
-4939
-5941
-1762
3221
3825
-1310
3974
4283
-6644
-2156
-1081
6718
-981
-1254
4618
6811
-5982
-2830
-8240
7525
-957
4737
1648
1877
7790
1299
3226
9887
2423
5677
1454
-518
-2956
658
-1789
6733
-5024
-6557
6998
-3314
5300
-8468
-9848
-8191
-5434
4973
7449
5031
-7955
8886
2833
9810
-8845
1604
-547
2517
-4921
-3907
2947
-8069
7053
-9111
-7079
-6005
8524
3426
-8213
-903
-6980
-6590
-3917
-1566
-8722
1602
3962
4245
-1463
2313
-87
-9753
9857
8450
5455
-6312
-1158
9730
3620
-4052
-888
-6183
-5835
-1551
-4055
-1788
-6519
-2235
-8479
-5946
8254
-9780
-9420
7047
8459
-525
5859
-6920
-3048
-2532
8754
1565
5838
-7621
-9363
2305
-2031
-7691
5878
6858
-7898
-2918
-9185
-6689
-4228
4902
4828
176
-4113
-8670
-988
-9315
5423
-8603
-9466
7442
7949
7592
1777
-3920
-9424
-3222
-7954
5256
-9388
531
-7236
8538
-1720
-2203
604
1682
4091
1158
-7211
-4213
4968
9372
6480
-6072
-6407
-2686
-2834
3838
-8481
-3894
-8905
1884
519
-3160
-9240
1876
-1576
2006
4355
4910
-6733
-2934
-7881
8450
7214
-2539
-2770
7839
1667
3536
-1323
-4917
-4080
5007
-7930
1914
698
9834
-7117
2931
-3809
-9451
7873
4985
-8888
-6883
5700
7387
9251
-3127
3675
4916
7434
1822
8615
7053
8449
9650
9827
-4951
4105
-5398
-7189
2042
7559
7401
156
4682
-7877
-2368
4523
8198
-4871
7676
-8200
1343
-3225
-206
-3779
1061
-8825
-2527
2807
6000
-1800
-2725
3327
9059
-8937
692
-2807
9676
-2353
787
-5886
8542
-956
1251
-6887
-6178
6353
9350
-4404
-7066
-5331
-5007
-8100
-5999
56
1548
-4472
-9849
8926
-6494
4101
8929
6295
1306
-2149
-5291
4883
-4350
-718
5408
-9037
2167
-4548
-4734
-345
-9865
-3407
4845
-5498
9173
7635
7868
8058
-1162
-3837
7783
2137
7487
5999
4768
9839
6806
2915
-704
-7972
986
241
4184
6793
-4692
7885
-7421
-8935
-9763
988
-6236
-3104
-4883
5813
-8174
1238
2237
6945
416
9799
8086
7233
-9948
-9386
6154
7440
-5758
1121
8043
9648
172
5463
6941
5208
2167
1620
1645
3266
-4193
-211
853
5631
2603
574
1076
1305
-5595
-5466
8782
-8179
1401
9685
-520
-8770
-5884
8382
-7044
3019
-7488
5260
3999
2877
4007
-4292
-2303
-4887
9637
4001
-7346
-2995
8337
-4022
-9787
6145
5877
-3331
-352
-2783
3972
5427
-2813
2838
-8601
1331
-3586
4965
-9869
9762
-4932
7638
8244
-9232
8981
-6848
-9431
-6790
9083
3998
2730
1056
-8280
-1494
4684
-2807
-4917
9316
4084
5842
352
-32
-1818
-853
8573
246
3628
3278
3644
6598
2217
3408
6561
1808
6203
-7627
7055
6622
5375
-1426
-8993
-3979
9150
8382
-4687
7005
-6352
-5607
-5211
1953
4763
5578
-7365
-8420
3443
-1968
-4225
674
-929
7455
5750
-974
2231
-9115
-9656
-9138
-6472
6204
7976
5886
1917
-1067
-672
-7396
-4050
-519
-31
579
-6291
-4007
-9846
5539
1965
-9457
9953
-174
3075
6683
1805
1207
2588
-3231
-8989
-6314
-7279
79
3732
4070
5712
-8401
-5210
-4862
6400
-7856
-3347
-404
-510
3251
5893
-9900
-3008
9833
-2799
5911
-6092
-9263
2432
-7896
4174
8849
-6427
774
-3159
-6454
-1723
307
-8691
4803
-3802
-684
-1336
-7711
5523
-4461
-9843
4681
-5781
8323
-9848
-3773
3728
9140
-7827
-4646
-7834
2722
-5912
1258
2431
3256
-7507
6821
7973
-2766
1321
2743
-166
9876
-2838
-8957
-6101
-737
8384
-8533
-4545
-8647
-7347
-4846
3592
-8355
4139
-6956
5616
5258
-1476
-1201
5520
2274
1638
1796
2320
-7677
-9517
6316
-9449
2064
-7280
8121
6732
-9851
-330
-2155
8911
-8536
3826
-657
-5236
-3451
-8659
-9906
-6221
4230
3845
-670
9997
6222
1611
-3654
8008
-6409
-1140
4976
1471
2304
-9486
9454
41
-6810
-4293
6176
-1629
-4949
9956
2148
2849
-3737
369
5141
-9863
-5720
9870
2848
-4235
-635
-6924
-6970
6443
-9773
-6218
-2204
-7596
354
-6704
-8719
-2687
-9532
-8527
2091
504
-2038
-1627
2248
-7430
9607
-8896
1139
5321
-9214
-8562
-7976
-3523
-485
-7964
-1686
9993
-6551
-4982
-5978
6962
-2588
9848
-5268
4565
5100
4193
3970
-3994
6623
692
-8566
-509
-676
8505
-9605
7933
-4611
2651
-3955
-2169
7507
2195
-526
1801
-4562
-2173
-564
2059
7619
8994
-4172
-78
2015
8204
-4748
6870
-1506
-5026
4606
5843
5799
-5458
-7492
2483
-9973
4018
2489
-8500
9994
5795
6071
-2356
-1346
2189
-1859
5052
-9057
-1484
-9978
3919
8871
-1872
9598
1372
5950
3062
5599
1091
-4738
356
6764
7288
-4152
-9191
-9005
-3044
-668
9522
-509
9879
6392
-8201
-1742
-7358
-5754
7223
9911
-675
-3441
5938
3080
-9241
-8068
9135
-2419
2235
-6120
-7623
-3534
-6941
-9148
6274
-3868
-6004
-4356
-5349
-1010
6816
-5395
-8646
6868
4981
3173
-4830
-3388
860
-5337
860
3548
184
-5175
-8755
-3360
4729
-5817
2626
-4294
8303
-8036
-6020
3709
4396
9404
-5530
1249
-4863
7862
6594
-8056
451
-4915
-2243
5036
-5141
-2429
214
-5016
9794
8985
119
1779
1912
-3869
-4232
1687
-4937
-2886
3691
547
-2457
6122
7220
-3974
-7500
-8270
-6047
3160
-8573
3281
-546
-7106
-9375
9725
-9479
-6875
6082
5075
-2380
-3000
-4690
7933
2255
9740
1342
9307
-2665
7392
9162
-6318
-1554
-8625
2904
7507
-1039
-1566
-1355
-1530
-3065
-5920
-3587
-2915
-3273
4643
7890
-49
-8698
-9696
-2547
-9349
-4892
6098
-8666
7459
7077
-2593
-8567
2353
-3545
-4089
-1380
-8710
-1742
6246
9277
-3282
7133
-483
4639
-584
-2441
-6322
-341
557
9142
6361
-742
-3138
9128
9282
-9809
7365
5289
-2830
-2834
1696
-6627
3030
4482
-8891
7463
-8107
4754
6416
8813
861
-3889
-1291
206
2505
-8212
-8636
-1503
-5220
-8074
1539
4288
-5004
3658
-2600
-5287
-5510
-8826
3672
-9013
1647
7310
-5459
-9897
869
-3442
-6379
-5039
-9279
-8404
-5404
1902
8040
-4798
4596
-4451
9395
4882
-9897
1189
1664
8029
789
-355
-171
-3834
-760
522
-7893
247
-9269
-4142
-1392
4969
-9817
-4778
2158
-3162
9948
749
-6264
-4769
7081
-8582
9716
1397
9591
-4823
-3872
1776
1210
-6573
7211
-5403
-5822
-3978
4021
-9914
9194
-530
-3298
-745
-7647
-1708
-968
9612
2533
-3650
7227
-1943
2997
-8648
-35
1258
3199
-5073
2651
-6598
-6734
2206
-6657
9588
8968
7711
2072
-5988
-7242
8163
-5249
5481
-7660
-6522
-2552
2368
4973
7431
-8888
7396
2524
-3501
4076
2066
7196
2739
-1904
-1616
98
-4376
697
7370
-7327
-2062
417
-6793
-6190
-2486
-3457
6091
-2177
1546
-2848
576
-2428
8199
-369
-1195
1590
7584
-5413
565
4301
-6653
5971
-3228
7525
-234
295
-9524
6895
-9140
64
6845
1413
-1795
5684
-4073
-9949
-1975
1217
-5975
3840
4560
-2418
-5784
-6504
-9097
-2885
-1706
-7985
5671
8138
-4932
-3522
-11
8104
1754
-1936
6442
7444
-6237
-8706
6470
6845
3295
-5993
-8364
3608
-4920
2965
3686
-5483
9810
4870
-4641
-9631
-1220
-3814
5936
2252
-7261
8838
4264
7939
-4394
-7888
-2383
4545
8876
7773
3250
-9556
4094
9359
-4898
4657
-7914
544
-1732
-4680
921
1406
4202
5203
8834
-2988
7378
8483
4875
-2218
-25
-8782
1844
-2513
9743
752
5444
-3895
9404
964
1231
-5731
-4144
-285
-4405
-9098
-2268
7978
2209
-6297
-5915
-7231
-687
2482
1234
8815
193
-4615
3765
9595
2787
-8199
6479
1917
-6677
-7826
-1385
-5159
-2836
-7011
-3678
-5228
-7830
3436
2127
-9850
-5677
-3537
8312
915
5072
1414
-7228
-3762
4923
2268
-9043
9362
6903
9842
-3466
9930
374
-4669
7196
864
-8316
2919
6288
-9044
-7082
4670
9951
-5279
-876
-6006
-1224
-7402
-1704
7882
-6235
-314
5086
4122
5868
-2106
-9778
7309
-4813
6914
-2044
3988
-9002
-976
4534
-4338
6607
-8073
4722
-9391
-4959
-6187
143
-3493
-5153
-899
3247
-4810
-4506
7729
7946
9033
-1102
-1388
-4517
3161
-3435
-142
564
-6997
3155
9262
-9175
9988
4032
-5378
-7849
-4039
9430
3025
-4306
-3539
7338
5783
-1776
5009
-492
-3064
4396
-105
8904
-6789
-8244
6576
-1530
7495
3401
8122
4149
3359
-9656
8561
-1386
-510
-1510
-802
7000
2376
9457
-1054
2186
-5664
-3756
-4546
4693
-4768
-8122
2017
-7216
1065
6588
8544
8571
5286
-1658
-7045
3844
5033
513
-8078
1570
-3924
5596
2353
4132
-1622
-5966
-11
-9084
-4727
-7203
-5627
-6738
8118
6140
-3448
-8232
8109
-1085
-1444
-2017
-9853
-5237
2764
5819
-8642
5263
-5172
7640
2991
324
3850
4057
6414
-1176
5077
-63
-960
-5416
-8856
-7401
-8957
-6024
6257
1957
-5948
-1134
-5282
2250
8283
-2002
2401
-4050
3358
6609
1259
2592
-3054
-5108
2428
-2533
2639
6311
5022
-978
5409
2978
3757
3117
-8177
2866
3947
8701
4005
-9321
-5673
-8088
-5602
8925
-5722
-6338
5192
5643
6587
-6803
5615
8571
9374
-5693
548
-1709
7692
9861
2344
2750
-6917
-6238
8738
6414
380
4996
1184
424
1895
2898
3466
-5861
-2955
-6258
1688
-3449
2682
-9444
-7382
-7082
-6294
-9954
-7029
-3704
-1747
8496
-3620
2371
-6303
5541
-4256
3922
833
-4219
6874
5078
-9263
1049
9318
-6617
-4598
1263
-347
-9952
4777
9248
-8711
-1549
1897
2333
-9146
-3974
-2789
4854
2714
-2712
-9378
-4693
5492
3775
-4765
2441
-3703
6382
-3756
-4166
-7769
3476
-4116
-7456
4916
2835
2907
3328
-4271
-4439
8945
1391
-8180
-2877
4149
1326
-9578
3875
-2648
6985
-7862
8413
-4032
-7080
3135
-9137
-4905
5434
6308
-4921
4036
-1408
-2314
1109
-3036
575
-7135
3925
2860
8323
5438
-3895
2209
-6871
-3724
-7283
6815
5617
-3452
1689
-2265
-1675
-5730
-5999
-5669
-314
-4508
-1827
-6523
-899
3045
6455
2167
6138
485
4598
-5242
-4117
-9723
-6015
-3797
-695
3680
1977
3009
-2333
8192
-5688
9622
-1990
-6700
-462
-5779
7570
-8382
337
9455
-9174
5994
508
7559
-309
-8881
-423
318
3154
-2721
-8321
6571
-7843
4913
1818
-4616
7170
2810
2375
-5996
-710
2023
-238
-2093
2290
635
3442
-4118
3451
-1745
1515
809
6278
3416
2052
-4702
-2772
1219
-5933
8669
-1463
3809
-8659
3645
3480
-3722
1063
-2410
4582
-2033
-1528
-803
1902
-8391
9164
983
-5980
-9520
-6158
5335
5800
672
5895
-6161
8478
-6076
-8042
7167
9908
3540
-6401
3026
455
9791
1593
-6335
8707
5144
-4249
6893
-574
4032
5174
-8306
-2986
3802
-9724
-5220
379
-4629
1578
3109
-7478
-1091
9684
-4628
7028
-4946
5387
8006
-1992
-6367
7299
1072
-755
5875
-6811
-6479
-4939
7186
1036
-8514
5199
1957
8056
-1390
-8779
6688
-5162
-7842
9616
4599
7739
-9242
9090
8039
6864
2639
-9555
-2980
3370
9522
-8278
718
3336
1480
-6764
8878
-7506
1164
1926
-1265
-4817
6289
-5474
-3346
5530
-361
4964
9713
-6440
827
-3715
-2644
-2164
-5164
2136
-9546
-8201
2993
-4663
2260
3558
9617
5408
162
-249
-3179
6403
4550
2135
-3215
-3517
4725
6060
6911
-306
5282
5609
-3085
-6864
-9783
7432
-1940
4039
-5337
4418
-3488
3213
686
6987
-7183
-7748
130
3844
779
3190
7119
-9717
-2683
9491
611
6528
8430
-829
3373
-8611
-5701
-81
6498
8079
6919
-1382
-2880
-2821
-7439
-6796
-553
-7470
1701
3385
5823
-2560
-2397
9492
3347
8632
-8308
4105
-6656
3176
-6740
-7996
1976
6748
-1367
8487
8754
5741
7492
4072
-277
6066
2600
-6977
-9890
9889
1865
2114
-238
-9318
-4759
-7278
4863
2656
-964
-4448
-8956
-7366
-9966
-6
7541
-7589
7235
-603
-4635
-3286
4574
5658
5319
4590
-8277
3152
4477
-1701
9954
9012
-7716
1301
3953
8990
-3537
873
5017
6095
3559
5395
9374
4063
-2384
7319
-986
-6383
6810
7962
9590
-3518
551
-9019
-9025
-9681
-5347
-7555
-3088
8853
5308
-7511
-4334
-9081
6889
-6136
7872
6560
5973
-3485
4029
-3809
9473
-9901
4046
8703
5022
2542
1040
-5543
-9431
7027
-4712
5672
-1138
-6275
-3197
-1793
4808
-3915
8478
8767
8336
-5017
8940
-2827
-6594
-3597
5184
4358
2287
-6810
5443
8318
3358
5571
-2177
-1826
-8231
5506
5359
1644
224
-2637
-3312
-9433
-1426
7750
2010
7753
-545
9702
-7185
-7057
-9635
-1980
8808
2323
6634
2126
-3577
5119
5962
1676
-8327
2166
-7147
7460
-519
-7826
-1276
-777
-3104
-4401
-9376
-9756
-7815
915
9127
-6661
-6777
-2944
9113
-371
-9194
6775
-7733
8342
7875
4566
6071
-5284
6019
1694
-1842
-6861
-5870
-6792
5732
-3526
6964
-3486
152
-9036
5081
674
6476
-7253
7156
8896
-330
3592
8272
-5951
3814
-5222
7664
5841
-6556
-5632
6729
8932
6314
4903
-9784
-9574
-5573
8419
-7665
-7438
-8699
-5751
-523
-4413
-1085
-2184
3028
956
-63
6379
5311
3115
-100
9561
-4752
5479
-9995
-3782
-3882
8682
-9491
-8925
-6213
-1739
3083
7338
-6216
6990
3394
-2188
-4419
515
-7123
915
6235
2891
2992
-2569
3047
-8314
-647
-2047
-1494
4307
-4607
-1565
9514
1936
7367
-8070
-9203
8880
4977
-3860
-7383
-2497
5130
-5890
3620
-2600
3101
7644
5900
-5677
-6979
-1586
8880
-9945
1946
8269
-7915
-3522
-5569
-7702
-8660
-7096
-9310
8596
6367
3001
-5382
9807
7415
-2935
-7930
6812
-74
8839
3475
-2495
-3993
-2030
-1329
-9533
-4536
-5308
-5098
-8026
-2499
9712
3366
-1538
8936
-1989
-2597
7502
1190
-664
3273
6960
-8176
-7172
-8007
6825
5244
685
-2355
-5982
-7275
2911
-901
-3961
-4254
-7121
1173
6554
5410
9230
6714
-5921
-2904
-3260
1682
1693
863
6796
7900
6695
-7618
3131
8468
1056
-6177
2589
-3191
-4441
-286
-1156
-497
-8498
1651
7839
-4294
-5301
7521
-7430
4748
-1942
3220
4675
-5687
3048
3594
7953
1367
5734
-7605
4731
-6290
-5538
8071
3135
-2764
-5411
-8609
7488
-9255
5416
-5937
7968
4851
7134
-5509
-2749
769
3116
8016
-8086
-3857
8455
-261
5770
1844
243
8967
9898
1983
7158
-1230
9825
7890
-7534
7680
-5474
-7839
4692
2501
-7934
9456
-3700
143
-5550
1488
-2780
5682
3661
-8579
-1904
-241
1227
5465
-3625
904
-4608
8655
3025
3162
2641
4146
-7114
-1341
1476
-1742
-5733
-1077
-6365
7039
8731
-6672
2408
-4656
6144
-8711
78
-6365
3265
2951
-6976
-6726
7472
3409
4924
-3769
6510
4481
-1507
-7650
-6287
8493
192
5798
-2535
-7382
4011
7219
-7293
4557
-9612
5960
-2212
-5799
2565
7651
5404
9937
4518
3554
2413
-4056
3271
6913
-1696
-4806
2618
1300
2846
8759
7681
-8133
-4540
-5978
293
9124
732
6482
1354
-5293
-3562
7564
3603
-257
-9938
9334
5553
-4394
-5550
-130
3803
9586
4306
-5655
-9990
-5833
-3192
6753
9509
-9218
-7422
-8479
-5176
1133
-6057
8699
-2917
8526
-7868
8886
4967
6363
-6048
-4776
6878
-3774
866
2182
-6829
-6770
3663
-3626
5066
3114
-330
-5890
-7331
-1813
-8104
3561
6349
-9092
846
-6584
6158
9695
2174
5958
4189
7511
1792
4861
5400
3955
-5107
4996
-3383
-6035
-421
-7146
-1184
7373
-4874
9679
6821
-9949
-8584
-6675
7165
796
8408
-2828
-9548
-9036
9638
4714
6933
6458
4603
3841
5835
389
8660
6955
-28
1229
9703
-3302
2800
-598
-9937
977
-2041
-1456
-1152
-6466
7704
2552
-3316
8425
8586
-8859
531
-1823
4331
9652
-969
-1964
-8569
-9748
8724
6770
4480
1846
1444
-4067
2324
-8235
7702
4457
5089
7428
7864
-5406
7562
2593
6882
6274
-7412
3505
6619
-1549
-7139
-1376
9693
-5126
5234
-1917
6924
-7462
-7635
2956
-7630
3720
-8706
-416
8361
-1458
-1998
-9548
-8020
-7904
5239
5560
-9207
10
-9535
3215
-1987
8349
2732
598
7873
136
2956
5826
-3234
446
-1073
-7405
-9657
8456
2693
278
-9099
-5718
3493
-6758
-7306
-3617
-3448
-4636
-1662
8240
3562
-1719
-2750
4886
-2220
-3322
-7645
-8238
-5311
-4905
-5880
-3610
-5644
6985
-3477
-2898
6604
-563
-2860
-4590
8164
7893
-7083
-8996
656
4403
-6862
-2118
1250
-9164
-3025
-209
1462
-1678
9666
-4938
8458
13
3809
-248
-2771
-3559
3031
-4404
8659
7092
426
-3949
7330
-5037
-6018
-1581
-4262
-8603
1635
-1578
-4197
2579
5421
-6057
-8369
9318
2716
2159
-1305
-4287
-5605
-8925
-3520
-8581
-2769
-9603
-9207
-3475
-6897
729
-7851
7264
1235
1218
7026
-2880
5482
-4358
-1099
-9109
-7583
-8123
-9616
9657
964
-4523
8256
2317
-1356
-1755
-270
-5147
6244
-9109
1641
-7074
-462
6492
9711
-5264
5929
278
8594
9899
-31
-9043
-1615
-9904
-6296
3620
1613
-4187
2512
6727
9555
-2042
-1292
1640
-1321
2082
-3438
-807
-5011
6531
8579
-8262
-1708
1158
8580
-1204
4329
-2954
3246
9724
4180
-475
6406
3144
-4753
6241
9152
1149
-1770
557
-8896
-1615
8633
36
-2425
3080
-6028
8917
9734
2952
9310
1428
-6516
-9973
979
-7736
-3297
8308
8653
1790
3179
-6556
-9117
-7965
1241
-1069
-2628
4933
6428
-3714
-9877
9576
-6145
5888
2031
-8818
-8014
-1136
-6328
-3923
-7115
-7271
2540
6523
-5209
9463
-8942
-4649
1312
-4270
-558
2067
9190
2143
7423
-2292
1635
-5774
5514
5083
3490
-8986
641
-2693
8125
5348
4808
1338
-6266
-6985
1641
452
-3615
-6795
3371
9619
7620
-8231
9413
18
-6353
1235
1939
-6590
2263
2033
1230
-3053
250
-4438
-9005
-8043
5728
3411
8658
5211
-1456
-4834
6193
8690
1584
-5515
3591
1234
5389
2107
8529
4541
-395
8526
7132
-7427
-6649
-5875
-7910
-1521
-4630
-9579
-8380
8162
-5932
-5003
-1705
-8631
-8859
1665
-2835
-9395
-7388
8099
-2006
3579
-3250
2361
7497
-1169
7049
9485
-2517
-783
-6701
-9721
8407
-7733
151
1550
5007
5423
-1458
7622
-3329
-6461
2
8823
9289
-7212
5708
6950
-4343
5322
102
5517
302
-3545
9342
-9395
7920
-6426
-6643
-176
-633
-139
6887
6970
-4154
6579
-9819
-7630
-9369
759
-5253
-6766
7421
9662
6139
3598
-745
-367
-5655
-2047
-3331
8654
1860
-303
-8196
-2715
585
5283
-4605
-8734
7339
-740
4823
-3631
-5417
-2882
-6532
4939
-9463
-322
9277
-9729
-2168
3531
7662
-8464
-3716
6922
-9047
8454
-6831
1815
-2642
7857
-6227
-3333
6818
-788
7107
-7470
-4272
4023
-7908
-3785
304
-4169
5843
8989
1092
5534
5785
583
-1645
-7773
-4314
-1687
-3029
7354
4114
-424
-2953
-8892
227
5083
9274
-9901
6360
2951
4855
9938
-4553
-903
9348
-9388
1355
455
1482
749
-1005
-5554
-2687
681
-7245
-1040
-3691
-3453
5380
2696
-6034
-6646
139
-4986
-7823
4236
3955
8926
-9693
-8536
8550
-8850
5965
-6890
8071
-2761
-3688
-4675
5961
3044
2710
-8398
5380
-7062
-8509
-2872
7381
2023
-9375
-5406
9721
8800
1279
829
-5436
-9465
5447
-7376
-652
2495
1527
4764
-8888
155
3930
-7288
1512
-7334
7825
4136
-9327
-9848
2157
-5855
-5912
-1793
2815
557
3077
-9526
-72
-629
-523
4439
8156
6136
-4435
9419
-4656
1423
-8033
1693
6304
-9511
9951
-4293
2743
881
-9992
8186
-1543
8422
-4682
324
-5361
3884
-2584
3442
-726
-2794
-3687
766
-8669
-7759
9867
-9538
5330
-8188
6443
3251
7173
-1349
7201
-5750
866
-8383
-9472
-8869
8744
3879
-9408
5039
6947
2747
6963
8988
-6260
59
7139
7164
-9586
6080
8053
-4093
9419
152
-5640
-8437
8476
-1363
-9809
-8758
-7395
-186
5134
4134
-4683
-9208
-6764
4965
-5252
9975
-798
1040
-4338
3961
8427
8077
312
-5666
-3344
4128
9238
-1606
-8453
-3207
965
6617
-301
8726
-1679
-5802
-6290
-6329
-5411
-3826
-7060
-3126
-1567
6790
4081
7916
3092
4200
-3237
-7328
2577
-9353
-6399
3532
-5883
1987
3012
-3568
5194
4767
6675
-1168
-5653
-8287
4919
-8123
-2584
-2918
-3430
-5139
-945
355
-4064
-9590
6048
1458
1716
2360
-2376
-6520
-1937
7579
-4530
-525
6470
3337
9360
7734
-688
5152
-7777
-8405
-7985
6207
9872
-375
388
8944
9259
3618
-3699
-4277
8712
-3786
-258
2884
5757
-8508
8730
7313
-4424
-7007
-6701
2092
-5723
858
3934
-3277
8901
4949
-7848
-6126
-1487
9648
-8976
-9678
-8099
-8345
7157
-5806
-1627
6948
-7425
6509
-3084
3123
1886
-8875
-2574
4054
6650
-7452
-6499
8187
789
4968
-605
4546
-4236
-2409
6667
3912
2406
-7609
-2481
-8887
7924
1231
3302
7373
174
7050
-2813
9225
3891
2068
-8378
4944
9548
4269
5512
4938
-9563
4270
8758
5346
-3690
1777
9782
8708
-9205
9917
6466
-3105
-5006
5377
5483
7044
-6687
8598
6299
-2081
-29
1244
-9287
8259
2548
2293
936
-8582
-3559
-1833
-6453
-2954
-4183
6854
6081
-8668
3103
-1476
-264
-5278
8499
6096
6564
9143
5591
-735
6267
-3855
7665
6312
1537
-4511
9250
6020
5985
-8903
1053
8037
5668
-2681
1458
-8141
8172
1197
9136
-9217
4665
8219
928
8900
3759
-5871
3493
1568
-4420
3754
-9784
-1321
6882
-3660
1703
-3919
-300
6748
161
3225
3906
-8562
-8987
3187
-9779
4849
3670
2126
5290
-8117
-5067
6716
6966
9169
-655
-9042
5473
-7976
-9983
8802
9657
-7721
5432
2946
8802
-1321
7669
-9946
7479
-4573
2827
-3542
-5868
-2967
-3703
1277
5476
-7155
8339
7702
5211
-3157
5286
-9550
-445
9555
-6736
-7420
-8222
5271
-7401
-4143
5691
912
-8607
-236
-8638
6826
-4773
10000
6266
4318
5443
-8007
-4665
-6990
-2160
-8966
2125
3858
372
-7852
9724
6575
-5823
-624
8416
2349
-3244
8106
-3089
1861
-3048
1378
-9449
-6961
1649
6280
-7923
-6172
7835
9954
9856
5912
4467
-8199
1652
-6104
-8838
2134
1758
9831
3605
-2812
-1591
-1035
3866
-431
5106
-9120
-2556
-2459
6333
-84
-9315
-1789
-615
6064
1253
-2426
5759
-8846
7962
-6033
7753
4348
9521
3275
6270
1276
5482
4904
-260
-1363
-6338
6668
8467
-9532
-6154
589
-4664
-4143
3169
-4330
1576
-3885
4696
-7935
-3699
3796
-9605
4290
-4968
536
4539
7854
5386
8553
-6365
-3900
-6504
5641
-3664
8077
-7856
-6595
-4406
4415
-2780
-6749
1846
869
8148
-1136
-2556
-3020
-8294
-9045
-4653
-8027
-4446
4561
-5910
-4636
1903
2939
1533
7516
7111
-1594
-2042
-9019
5472
-3065
-3345
7549
2747
-4448
-9345
-6195
7141
-7390
8830
-8529
-4578
9533
-9727
8766
-2147
-6220
8046
-7401
-9505
7519
6319
-4362
6744
-8751
3469
-7928
4851
-570
1529
-5680
-4850
-1150
-2765
-3256
5799
6658
6412
-9764
-1635
8197
-8016
-965
-4180
-2127
8704
-7229
-5681
7783
-8908
7584
6853
187
-3683
5803
2708
777
-2887
-9864
-9041
-9765
901
-7075
9763
-7735
-5987
-8147
4253
-3532
1839
885
-8361
1911
-9965
-2622
-4621
9290
-6354
-5060
-9824
6987
401
-9949
8768
6957
-8396
3801
6130
771
-5989
9014
-8442
-1068
-8877
-6864
-9207
-2983
2067
-3239
-9407
5218
-2092
9726
-6348
-1292
-476
3274
3749
-6286
2573
-1890
1252
-4112
4785
-7763
6285
308
-453
8511
-41
-3595
6257
3573
1756
-4426
1264
2494
-2379
-9457
253
6751
-8783
8098
6514
8904
680
-5843
-4893
8677
8578
-2848
-8006
2183
9391
979
7536
4668
-236
4889
-4761
-8478
6480
9738
-7620
-9781
3390
-715
-1401
4161
-7325
9212
-2731
5824
-5319
-3044
4893
-7539
4462
-5499
-9903
7756
2675
-1031
8576
-5678
1068
-5967
6674
901
7448
-4487
-4577
-9019
-1137
-9393
597
-2187
3252
2012
8604
-183
-4603
4603
-4768
8159
-6743
-5662
-9770
-5925
-8114
-5021
6086
4003
4580
-5971
-8018
-5868
9384
-8585
4295
9940
2186
-6318
-4229
-1440
4308
