3902
1
462
7187
8007
2499
402
7269
1794
2799
5852
9450
4033
19
436
305
9483
540
3791
4238
3838
6467
7196
3955
6108
2529
4407
1966
1237
7337
320
2122
169
7153
7122
1796
8320
6310
7179
7580
9259
5871
7731
9258
6895
6309
7193
8832
8730
5875
8440
1147
3934
1695
9347
5475
5144
2600
1480
8430
3348
2760
9275
4740
3596
595
4822
1677
2600
8239
5889
4170
2276
7495
4746
1452
2428
6226
94
5041
6320
7230
7581
7746
1637
3615
8678
5889
7173
5571
3005
6086
227
9914
9959
7275
2380
5943
1457
6996
3805
6502
1449
4407
2925
1129
7738
2693
6302
3407
7234
9415
9818
3344
936
1969
5567
881
3419
8495
3278
2070
8827
6877
2649
9532
1936
3730
8748
8656
6017
5708
1198
7168
1564
4145
9980
3153
3503
9590
8762
9606
3289
7967
3011
8017
5256
1731
2880
1241
117
5126
3836
8193
3206
1827
4363
2680
6732
6236
2215
963
2370
265
8903
3556
5967
6570
3589
3606
1169
2491
2461
4939
5494
6162
3572
4421
3060
1165
2581
3334
3545
7930
643
7724
1744
612
3842
7470
65
6846
9107
1594
5699
2323
4927
9198
1378
1717
8758
1571
986
5021
6185
3254
631
8986
9350
9098
8354
7018
634
9308
8431
4738
993
3398
415
4422
5995
8475
3468
6232
4543
4218
9258
1019
4833
1873
6018
8754
6574
3964
4121
2167
6744
4161
9301
8641
1209
4812
9188
8690
2732
9007
924
4830
341
8832
5939
1343
2705
4949
2363
7176
664
1483
7929
2404
6660
5993
380
3142
9642
5092
6993
8561
2687
6119
3591
3893
4268
3958
7947
4276
7759
2098
5060
8568
3370
9637
9678
6112
6616
5619
9227
6487
3529
6874
5382
9258
9541
7633
7718
9789
6146
50
6898
2959
272
968
2552
8381
5686
3736
3266
9203
8899
8935
9055
4164
324
6749
9538
928
3290
92
5114
1492
1951
238
364
8026
7422
2316
7202
9222
8285
3744
8659
8945
4615
964
9108
8483
7321
10000
7776
1164
8222
5449
5951
1589
7475
3420
1980
6964
5781
1673
5996
5003
5596
2706
4285
3724
4636
7347
487
2570
6204
4553
6214
711
7211
6002
6767
5858
8335
2669
7038
4940
2816
431
459
7614
9223
6864
6456
70
6397
73
742
2620
3899
2638
4295
1286
4137
2079
9089
6713
1447
3808
5296
336
8520
9703
1922
5350
9989
5898
6676
1632
8974
3159
3528
3836
5430
8312
5670
369
5171
8551
8861
9129
5273
827
3595
3499
2115
2241
326
9468
3093
8543
8170
550
9937
9129
7334
553
3021
3691
7454
5919
6606
5151
115
1103
1504
7730
4476
4884
4783
9419
856
142
9036
8537
1180
2378
9836
4673
3569
8368
2069
1588
3902
3296
8779
2153
7193
1503
5885
8056
5615
2850
6325
7318
3900
6142
6093
828
4827
219
3319
4813
8472
8778
4274
5750
9084
4491
7958
1055
8125
7673
1056
1239
7274
343
8925
4587
1843
6098
1144
2541
6549
5316
5657
5016
3276
9492
7796
4117
2857
8192
7639
109
7891
3425
6566
3799
9721
3165
2
3276
4485
7277
5273
7186
6456
9228
4778
928
6609
4359
5440
2428
6982
8772
3902
4982
3024
3056
3722
1633
7400
1579
8876
105
6146
158
3223
5068
1603
6916
7212
4373
3298
1277
31
3267
5872
9840
2295
2690
1101
2318
4225
3437
2733
1046
2863
4857
8769
5224
9592
4476
4936
3984
4728
7
8935
3910
4624
4838
2053
7620
9843
7944
4642
5715
7003
3079
8808
6321
6072
5904
6813
3175
5074
9949
4522
9675
5533
3848
7712
539
3369
1073
3575
2006
6786
3196
4600
20
309
7499
780
8432
8768
4979
3805
486
1190
5927
6711
2396
4568
2739
7708
7905
8721
1849
7800
908
3138
6092
5200
7531
9694
8763
6027
7551
2009
2390
3422
8355
4121
3230
5584
9285
5013
337
4942
5797
4509
2060
2398
7307
7930
4646
8391
2989
3329
6728
8381
1607
1623
5800
589
8776
9554
4757
9943
3652
8913
6234
3682
9370
4605
3920
8582
6034
664
4397
2323
2145
5102
1349
980
3122
9856
8035
1165
1489
9589
3594
2624
159
4202
3403
7424
3502
7168
8232
4018
6168
812
3738
3476
8122
7029
7041
1281
4449
2310
4468
4935
8807
9927
6988
6025
9678
5947
146
9468
39
1755
1844
780
1096
315
2905
1551
9673
4454
112
591
3391
9754
9740
5176
5938
6050
3561
4964
9312
5595
3750
5963
3517
5703
6766
5228
3480
4763
9904
7959
3484
2342
1343
6764
8839
3068
988
2129
6701
49
8
8060
6042
148
9880
8949
8687
745
6862
7518
9651
9348
4909
6339
794
9582
9112
3079
2197
2445
9935
8752
5754
6111
7258
1209
4917
5008
9769
8249
1496
7221
7293
1120
2142
419
2647
6508
3581
4110
2865
1740
2685
219
7939
4186
5609
7985
5649
9070
3640
3814
4898
8401
8544
5606
5847
8394
6268
2355
9381
679
6630
1026
8614
8738
5524
4996
6185
8408
9920
689
3764
1407
5569
3992
8899
1907
7063
7927
7398
8910
1360
4832
5381
6117
8034
4982
3290
7603
568
4059
7534
196
1303
2930
1448
4795
3892
6596
1385
4837
4852
173
428
5339
6359
7181
5487
7587
6886
7438
6957
5397
7775
7767
7084
9597
1031
2871
1836
4954
6516
6683
3685
8812
3700
6666
3048
5321
2012
2321
1130
1903
1108
9994
1905
7149
9593
999
2444
4258
9194
8741
602
9121
549
9307
6133
2121
6617
9294
7500
9442
254
1134
3299
480
9200
6737
1460
5055
8908
1478
142
1705
7017
3099
8520
2914
8854
2132
5097
6890
7566
9187
6155
2180
6097
9276
9019
1553
2365
1998
6972
5514
2460
4752
3785
4996
8497
4777
3281
2085
6653
2778
5173
1267
8295
4612
5974
2918
7442
2
7459
7180
2411
5076
5897
2373
9869
7910
473
3068
1513
5311
3553
4778
9981
6089
5227
6360
9158
4739
1923
9868
2324
8301
2189
5139
2827
3775
3890
8151
5609
3409
5224
546
9948
1527
9242
2930
3932
4865
1541
8085
907
2170
473
5972
4843
4016
4261
2790
2685
3595
5087
1208
2746
2667
2594
937
649
1389
846
7556
9478
7464
6585
7927
9992
3296
7945
7913
9019
5377
5062
4078
503
3655
8441
3829
230
6878
4789
429
9464
1185
9267
9567
8736
286
8153
8168
6159
2935
61
3635
8287
7643
4302
8986
3178
6183
3813
5132
5939
7225
2849
8305
3454
1309
1269
7764
1917
1897
5033
3109
565
3409
5696
823
557
5998
7254
0
8522
1696
5755
6094
5396
6894
1146
8677
3646
8333
3850
6223
2800
8091
2164
2843
3507
4583
7371
8255
1875
8991
1903
2388
7420
8803
5485
3506
1005
8276
1889
8800
4544
9698
8099
2213
4518
7096
2290
3430
9901
877
9990
725
2324
7752
8968
8872
7177
783
9543
9797
132
2373
2019
9840
4727
5489
7167
3145
9517
4236
9280
160
2611
7587
6533
5098
9220
6323
3857
5637
4308
4415
1742
5357
3753
7430
7497
7654
5529
6154
6540
4297
4066
9880
149
3436
430
5353
8791
9811
1547
618
9326
6205
2182
309
203
7810
3657
5517
7246
4019
1517
6394
2867
884
3055
69
4947
2118
5222
2495
2132
4467
7525
2814
9751
9241
7561
5986
1320
2359
2714
63
5659
5628
1210
8287
6017
6945
2716
4442
7913
3729
3897
4661
7724
2469
812
7744
8986
9694
6698
7725
9375
2955
1051
3147
3635
3149
1070
9549
7834
4848
4558
6280
6987
8958
909
8880
7652
7061
1425
3509
5779
8278
971
2505
7748
7237
4687
3077
2868
8310
7431
464
4642
7144
2224
8845
131
8148
9148
7902
3347
9091
3938
1915
3786
8457
1471
8281
4108
2203
8893
9485
4852
6734
7394
158
3228
37
4073
7851
5816
5047
343
923
72
8610
8777
6845
9324
7994
735
4897
6815
1491
2654
7878
8702
3075
2164
6925
8124
5487
6892
8834
9569
6906
1444
7543
3782
3906
2163
2845
4629
5029
5802
6268
4223
8084
197
241
4270
6485
1683
3161
9008
4844
4825
8463
2052
2367
8477
2988
777
5785
588
2658
2318
1480
8240
5236
2351
9809
6071
4582
7835
1215
2674
9197
9397
3087
9433
3625
6750
1178
6442
732
5714
2922
1383
5064
8523
3771
9444
9326
6696
3647
1434
8949
595
2005
1427
5720
411
2478
6362
5969
7331
3878
2228
2972
3055
4525
8899
3088
8143
5538
1505
9201
5269
5257
7243
7260
8148
1369
5199
9902
9336
5352
9935
82
2136
6877
2101
9025
7794
3208
6489
9552
9271
2900
8110
587
9082
2579
7895
951
7682
7243
7604
2163
7520
8960
2194
8857
3139
720
4713
9591
3446
9533
5086
5303
194
1123
5778
7537
887
744
9146
5709
2263
7717
4207
2022
877
1742
1161
9464
2136
5309
4232
4073
9015
2807
2137
2107
5754
210
2568
3441
6732
6279
2055
3098
9592
2909
9345
2582
1406
4170
381
4847
8786
7965
1763
7166
2605
5077
4034
5956
2515
2636
7052
8670
2151
1606
8211
383
1364
293
1030
5586
721
9051
4210
5657
5738
4237
1766
1102
6640
1257
6220
9923
8596
8964
5758
747
7369
3976
7872
1558
7517
2859
4511
6864
399
114
8673
7356
1841
3150
1688
5957
9591
8846
9984
6970
3990
2803
9328
6558
7775
4701
9399
9297
298
1869
9340
1364
183
4242
9200
2623
7264
9821
8016
2456
8692
419
6567
9552
4583
9534
3672
7876
3678
1466
6364
2971
1556
7222
5903
7147
5602
3403
5906
8684
6929
8090
4552
9609
5252
8078
6430
8716
7074
4544
5496
3902
7614
6807
1678
6543
9298
9808
8560
1912
1308
7576
5702
1064
3527
747
3481
7944
2864
9019
3039
5523
5795
2945
473
9344
9160
9284
9934
2057
3074
6122
548
9154
6904
7251
620
4665
537
9638
7041
3357
5098
421
3115
2304
9958
3034
7566
9078
4145
2490
312
2840
7492
912
2508
2179
7090
3531
3061
5693
5809
6098
7288
2095
2613
6657
5206
182
9160
1409
9126
4150
9180
6956
8338
6819
1951
9764
259
9734
284
6103
2895
6430
9718
9159
7659
337
6418
8347
9393
5520
3644
2461
5927
9496
1505
4607
1984
9886
2195
5083
2190
3901
383
7519
1716
9395
8691
9577
4295
4822
8764
5702
2919
6227
3502
1350
2112
8266
374
7572
4036
1804
323
5153
7771
6803
1922
1709
3121
2920
7254
7440
6812
2600
4988
4292
3413
7210
8501
4480
3551
7599
1456
7774
8191
5351
8119
5817
2383
8987
4665
647
8826
5875
3671
7199
8574
345
2462
7826
3197
5057
931
8592
3101
3677
9769
9668
330
7866
3332
9695
4826
7506
9778
8718
5842
9260
3476
6244
5996
9937
4838
118
2112
2003
1066
9164
2704
6435
1776
637
4001
1056
898
9623
1131
3532
5316
5713
5363
8800
819
32
223
9526
999
9485
6017
6795
8909
5412
4464
2865
2563
5578
7444
2178
2252
7952
2668
9660
1721
4497
4999
4324
6430
7019
9349
7453
4818
520
1526
4882
6304
995
8765
8256
578
6881
545
4698
0
7809
8544
3530
189
8420
9978
847
167
9484
7890
9895
2700
4219
5176
1040
6091
373
2625
328
6849
2397
8385
3756
6440
6888
3557
4894
9304
7415
7271
8375
9998
9251
2588
2231
8318
1075
2035
8655
8998
8304
5768
8269
6548
8647
4322
1725
4383
9327
3173
560
3383
3103
2420
8555
6925
7555
8681
2650
8658
7194
8514
3163
564
2498
1358
3788
24
8349
138
9883
5520
775
9782
6337
9005
8919
3311
7728
4319
235
5234
7782
8854
7710
994
2974
5559
689
4569
1412
1340
1172
3233
3554
1894
1890
5700
2795
8861
7561
4164
9337
457
4583
5968
3972
1921
2878
6915
6528
4276
1342
9030
7922
391
8702
7813
9598
7978
6683
5070
7579
363
79
1788
4928
4149
4895
5878
7614
3130
3146
5298
618
9782
2341
1411
7896
3982
9485
6342
1933
4510
7196
9975
894
2327
5572
6906
9329
5963
9461
6765
3043
7006
6862
4659
5141
5429
973
1487
3185
4283
7743
1621
9432
475
9249
8963
3300
1708
2011
9884
1891
2222
4431
5185
2479
7250
9991
118
2814
5725
5923
1010
7729
1925
3265
6239
9927
3235
8686
4612
6012
4513
880
2035
4759
1845
1985
9804
7073
9450
7967
1841
3078
9394
3601
5651
3319
1738
4544
6766
7090
4427
4605
7239
4892
1999
233
2864
1605
4430
8267
5232
7029
3963
2564
7254
8732
5816
4172
5058
8543
4920
1329
8986
1507
6919
7581
5053
9642
265
1703
1560
6816
141
6015
8183
6216
5083
9323
3266
7809
5049
2855
5115
6706
3018
4454
8851
3261
1282
2658
904
1308
7866
4210
3072
8664
7553
2198
675
3483
4829
9513
9170
3983
214
2542
9314
2157
6135
368
396
2360
5937
155
7028
8816
3055
3415
1929
161
3733
437
3093
5718
4636
5542
6546
5087
8277
431
9137
6348
3149
2504
1807
8638
8378
2015
9698
4831
3460
6070
3741
7553
2638
1539
7344
8216
7480
5106
1687
8394
3857
8799
8558
5380
5985
9016
601
2568
7498
7635
8892
6107
7985
7413
8607
6442
5579
9617
9728
7599
3593
2526
1936
3367
8727
5282
3557
1732
9570
6904
7979
4330
7684
5253
1912
4683
6380
8828
7530
2388
1438
1473
5053
3568
5112
9206
1555
1599
5099
6959
3943
8802
226
5896
9547
8394
7702
5877
8658
8035
1571
3704
1742
3286
5932
974
2967
4215
4586
700
6174
7504
2598
7071
7376
90
4923
882
7347
8395
8596
4776
7590
5809
6574
3629
2198
8637
4930
6518
8830
1025
3385
2681
7211
4228
7000
9604
6731
9507
8346
5080
2144
368
3173
6116
8084
8327
6613
6775
6793
7692
5960
8146
7814
3958
4716
3387
6346
4589
4737
1610
3625
3007
9935
2861
7268
8630
2672
6978
1490
508
8649
3685
9690
3364
6872
8274
4157
7772
7881
1106
5327
2823
3102
7313
1819
1472
3062
5969
3278
9412
1491
1555
3297
3393
6891
7579
9850
3365
2848
472
4200
2247
872
5535
9882
2418
8650
4021
5161
432
623
5883
3713
2519
8391
8900
3885
5537
6255
5135
1198
1339
5319
83
5195
3535
470
8197
8809
7503
7054
1955
4382
3027
7367
9576
3566
891
8728
9093
4149
9514
7316
1521
461
7050
5260
9378
5729
2392
7249
7037
1154
1557
9163
806
916
3134
480
8695
8875
9579
497
8877
63
9523
3816
3756
9723
9199
2345
8338
9794
1445
8577
9207
3587
6139
4722
3692
6113
3227
5550
4671
6397
4474
9367
1153
4579
7289
7688
6087
3168
1745
7837
7476
7773
5782
5285
1792
2142
9530
7948
4305
7216
4808
1518
294
9124
5114
4807
2507
2292
2876
2528
193
3964
7358
9742
8874
6674
2010
4403
3217
844
5102
576
5457
9699
5703
9300
2206
9117
400
4249
7845
8244
9131
4402
1106
825
3755
6665
5157
7438
1315
2237
7001
9697
1411
779
519
3476
7664
6026
4130
6293
9811
259
232
9539
5840
1127
1396
9945
2022
6472
3202
4378
6058
2567
5703
92
2351
2837
4788
1792
6832
2905
1568
5240
9082
4341
6756
7997
9911
4800
1014
2592
9787
8394
4308
6358
8922
7871
6727
1986
7653
873
2454
4631
1065
3135
7519
3172
2774
272
6585
7987
1875
8813
4054
3899
8544
4777
985
8804
5313
695
1869
6491
7637
7812
820
2832
8221
2085
6886
926
2287
614
5218
7430
1110
9097
6035
6135
717
1453
907
6792
5741
3243
9100
7659
5238
4898
6199
5246
5382
2018
7431
6813
2670
4963
9276
9382
461
4763
1992
6349
867
9849
4712
2595
9267
442
2557
4348
4529
5535
5214
1349
8057
1109
3961
3586
5033
3466
605
2405
571
9049
5977
6642
5013
8261
4561
3153
6761
4627
6265
6713
8979
5354
7394
3563
5224
1780
7971
9750
3399
8951
1702
5880
2927
2821
5024
3628
1472
2398
2805
40
1777
1042
6615
2655
6054
8778
5186
5037
8442
6247
7540
6059
7288
8028
1909
5081
6641
6491
9577
3632
681
6120
5896
367
2884
2433
6781
6740
7445
1730
618
4822
1739
1845
5482
3772
9080
4263
9922
1664
1537
1540
1115
9073
5557
8278
8679
9746
336
9296
6090
7662
7616
7389
8731
9760
1128
8852
1167
5277
2727
3661
1574
3955
1759
347
9740
9106
639
869
8469
7228
6325
6258
2245
1893
9836
3426
2306
2397
9701
6619
5510
3376
7793
3063
9685
1286
1064
8827
6101
6941
6073
3254
5379
2737
6657
9026
2823
358
3128
6281
8025
26
1077
2541
4218
7712
6946
7124
709
2595
4969
2568
8142
1881
1548
8642
565
3027
3209
9081
8168
4083
2161
5741
1775
1083
3749
3711
700
1868
980
2554
1819
3351
891
5603
4999
7267
5600
9289
2403
2416
40
2600
8558
8496
1990
8674
2867
9088
2833
9969
2280
8568
7295
1243
2191
4667
7042
4586
7953
1591
8129
355
5340
8020
9030
5707
8951
9449
8635
5223
8741
6087
4266
9255
2354
533
887
7584
8521
1708
7735
6792
4004
3919
8
1381
1297
6612
6504
5205
1987
1875
8224
5087
5917
1377
9946
3433
4850
4149
4341
9806
6115
9898
8516
4941
4782
9175
6661
8897
8990
5934
1599
9031
2399
9852
7595
6345
6878
8125
4690
8316
9777
9455
1833
8256
8130
9265
5426
8322
2752
5588
6070
5416
2812
6130
535
5711
9491
5528
9832
8487
2293
5760
2936
3521
2509
3488
4888
6436
8282
3919
5639
4048
8143
6311
8423
9270
9526
4562
9726
7852
4149
384
4893
9699
4988
2046
4353
9309
6756
6291
8031
6964
6627
913
5557
3508
737
9847
7095
536
8560
2472
8556
4236
9726
5284
3500
8347
1544
9569
9509
714
7596
7546
7357
2297
1641
880
7344
8556
1789
1458
8854
7175
32
5338
4140
8934
2422
8019
625
1273
1276
7509
4627
6163
9311
6727
3469
8414
450
9855
9649
8926
8849
3063
1920
3077
7937
5677
7360
3636
248
7346
335
7845
6942
4120
4190
5816
6518
5758
6524
3765
1362
6761
5166
2343
3384
7051
8597
7205
7423
4521
6261
2730
8822
7109
6982
8452
1271
9722
4117
756
1653
2812
9666
8469
3915
5659
1193
1949
3180
1232
2681
5474
2994
7256
4591
4491
6733
7551
7109
1146
5513
6576
2136
5873
3588
8081
7595
6886
5270
9948
1730
8223
2926
3007
7539
7330
5759
8351
4918
600
4204
4208
9292
283
6665
3407
1093
4723
6428
2351
9196
5304
7441
7858
641
6202
3238
4535
2402
9072
4751
1317
5009
5742
8786
4963
4614
2943
547
8501
6284
2773
9597
1145
7682
2976
6982
8757
4607
6846
2308
9499
8895
7908
9660
8906
9546
269
8257
7726
1015
7343
7132
922
5171
1117
4062
541
6478
5084
435
3219
1464
7802
6677
2232
7107
6349
3032
3474
7105
4160
441
7132
9551
3725
3194
264
5941
2857
386
8403
738
2040
4766
8479
5752
6305
5509
762
1535
1217
3249
8874
4965
8310
3008
9868
755
7607
3010
3275
5821
8635
3890
8380
5670
3744
367
2404
7897
1115
5496
3652
4505
6638
4590
6897
7919
7870
2630
7817
5662
4118
9281
9260
744
5803
3191
3402
3605
4063
3263
6688
2364
8048
8857
2616
3426
9198
1844
9718
1263
2271
2348
7511
5396
2365
5433
4798
3702
5540
5241
3864
2378
6424
807
7712
5691
192
9463
5237
6838
2831
1828
3018
5762
1493
1152
4761
7287
6123
910
7811
2803
9440
719
6920
3511
700
5861
7794
6136
9216
9842
2017
9213
4597
2668
1480
9188
1156
5543
7846
6626
7364
4734
2779
191
7883
4455
75
2183
6142
8877
8897
690
7572
5144
525
4390
3662
8475
6075
6387
859
825
5470
9585
3596
1017
9686
2974
8909
866
5579
2086
320
4511
767
8812
987
440
7752
8581
7555
3396
7708
6212
2798
9242
9766
765
9256
426
1835
2554
2656
3236
3143
5772
9515
6361
9949
3909
2926
3316
3297
2842
9971
2402
3619
2119
9396
6824
66
2180
3557
5512
7538
1001
9386
2026
212
5936
2903
2926
834
5306
4988
8832
3683
2161
4953
5470
1274
298
1967
355
2153
6668
3650
6272
1582
736
1306
5307
8509
5700
8913
4318
4958
5420
5963
8485
5946
8581
727
6678
8456
5959
1232
216
6451
3432
360
9372
1360
7356
5200
4976
2264
2255
7896
6804
1310
388
9883
2576
648
4609
288
2865
5842
1053
1538
2031
2527
3300
7502
1334
9836
1536
1459
9513
3454
1453
9922
353
4458
5987
4243
7562
7623
8522
3450
4583
6903
1848
8758
1024
9662
1060
9179
5991
481
7361
172
4690
6921
5626
2269
3344
6329
7517
9683
9117
1619
6741
8086
5911
8435
2022
3975
3551
2220
4774
7920
789
8025
9435
9183
2505
820
3594
3557
9121
3975
3299
3835
1584
5909
7600
1466
898
1342
3595
8342
9726
462
5995
1969
6581
9337
2084
3918
4818
8755
6950
9444
1270
7242
5334
5655
5256
7742
2282
1255
25
2859
7374
9479
2395
4191
2627
8773
7368
5822
9485
1346
1201
2720
1664
8051
2923
9082
8572
4701
9533
114
2977
6379
7060
3076
2374
2612
8008
8941
7679
9100
1563
4214
7756
3957
5053
3425
4559
4072
7594
3883
7978
157
3489
2435
7640
7191
7924
1110
1860
9908
455
1647
6288
2208
4307
5605
4830
6901
8139
5263
5428
6967
7105
865
327
1376
9406
5753
4121
6566
8630
5194
5876
1679
49
1578
9535
5097
6741
8290
7761
2827
1292
1519
1848
5948
7672
1006
6180
7279
6463
4247
1856
799
9500
8624
701
5053
2904
3085
8465
9861
9603
9548
9200
10000
5322
1828
8006
6145
7737
1518
6666
9884
2451
5941
8036
5135
7009
7590
6230
7689
6930
3026
5617
4023
4741
2745
4634
5510
1493
4650
9460
773
8186
5954
7158
6099
34
8323
605
6339
2308
6608
3301
5576
1608
6156
8696
5565
9328
3262
3536
3442
1248
111
1778
5530
2781
3385
9415
5784
9473
3519
5522
9388
6048
9187
927
9102
5526
8822
6333
3363
2199
9741
5565
648
1712
1853
7373
6109
969
1728
498
6262
7851
9662
5194
1865
4810
9951
1494
8221
6184
749
7475
9573
6038
1626
1672
1857
6084
4751
7994
8802
8025
3026
2760
8298
8088
3032
1965
8760
1587
5608
4816
2573
5765
3026
2440
6812
6964
9450
7165
2857
5250
6013
3292
8724
6852
5737
4838
3844
1622
6191
1588
8225
7266
6506
8693
493
4236
531
5621
3795
3356
3937
8601
4107
4617
4637
2461
6965
2195
742
3341
4261
5559
7076
7544
4501
2869
2091
505
2090
4154
5304
5815
3310
5314
9579
7813
5160
7512
7157
7805
2647
3765
5621
4702
503
0
3197
8799
773
7073
2185
6717
7680
9347
8847
6681
7057
7467
7805
4777
933
4559
5832
2413
8334
1937
6001
1759
7503
8886
2804
4347
1633
2686
5810
9487
406
8167
3158
9684
2903
7377
7847
9467
5799
1710
2894
9901
1667
7449
3557
744
8790
871
4724
6831
9844
5673
5686
6229
9911
1323
1498
6061
4127
8549
9531
2811
8804
9873
3075
9394
2836
5955
5927
3474
4853
5411
7578
109
518
4203
5705
8950
6076
8744
3922
7060
1951
2387
4421
6315
1791
5902
4976
4704
3945
8165
6609
2666
3771
5803
2318
1436
613
6537
7570
7623
8382
5421
6693
1337
7872
1081
8146
7241
2712
3565
7412
1625
9339
5238
8891
5821
518
2494
2589
654
9868
7315
1757
3231
6153
5223
8237
8074
4767
1652
9029
4566
3166
9299
8183
302
2134
2019
3912
