4057
1
8440
1610
9009
2470
662
5834
9248
8416
655
9399
471
2061
7963
6444
3727
8896
5543
4575
3862
2557
3602
9985
4157
1600
7477
1328
6286
7176
1671
7699
7221
134
4021
1357
4262
815
6492
5776
1444
4429
1355
7366
3883
209
2064
6368
4421
9137
8597
3500
2037
8513
5516
861
6324
6782
9697
8795
3622
314
5447
9875
6512
819
7734
9008
1717
4411
6399
9219
5159
5118
5389
1625
8737
6023
982
1738
4683
6219
392
7622
2694
6630
2668
1234
4940
2725
4178
7147
1076
3378
3912
9457
4007
7149
6937
4090
1902
9189
1772
1291
8115
9788
6514
4053
4888
9812
2896
1892
8740
1695
2540
4245
31
2038
3884
6184
8520
6328
3043
4202
5326
8397
3089
6588
7387
1936
6630
680
3767
467
6236
3068
1111
9924
149
1558
4611
9290
1693
9897
6405
5088
6672
2628
1969
7791
6258
6389
7348
4824
3985
1077
896
803
6612
6460
4474
459
1170
5842
4629
9837
6262
1238
8508
7475
4640
9705
8166
7004
462
1368
8510
4542
8520
3631
7113
3855
3949
3830
1188
7807
1987
5045
1101
8883
9143
7172
4815
9360
7654
5771
4655
9873
7320
9157
9785
9580
4647
5546
2747
2197
4587
9724
1130
4068
3555
5378
1747
8410
2675
97
5074
6847
5740
9344
5797
9703
363
3207
930
377
1503
8365
3063
3162
8887
8200
3035
9937
458
3244
7972
3822
7081
3633
9138
8003
7636
8647
5671
7689
3712
3839
4757
1920
3268
2307
7979
3000
3396
1901
2335
2474
7305
9363
9804
3008
8539
5998
3433
5749
116
5472
5147
5401
5096
6528
5655
8597
62
1061
2536
2249
6548
6394
5022
4043
4208
1857
1149
1317
918
9158
4770
2134
6717
5222
4353
1421
9167
5985
898
2500
5014
2494
4400
5993
3033
3871
3540
2823
2080
6507
8795
3749
553
5829
5615
8842
5144
5423
7067
7692
3594
5172
1697
3841
2218
7574
5443
8304
6943
7980
8383
6802
2660
4395
8381
4629
1639
8124
1862
204
1333
4586
5031
5414
5419
7650
2801
2819
2050
7692
2182
2890
6218
4854
3218
5887
3604
9144
9004
5598
7439
449
6441
5059
9494
8148
5173
2443
3306
1435
1783
900
6865
8475
9507
9572
8442
2132
7283
53
4349
1441
2235
1291
7256
3021
5934
1989
4270
4580
6528
4358
771
3511
5503
1271
7385
8813
5886
3071
8497
7013
1036
6484
7230
8019
1965
1339
9011
322
1775
4894
883
4179
3558
8430
3024
2258
5912
7559
5463
1557
9130
9981
3527
6991
3054
9101
3702
7910
6819
3664
9737
4782
7122
8099
2148
5668
8129
1709
8855
5776
4226
7373
1536
7492
1355
464
5133
9960
1719
3272
5321
5870
8374
4563
6315
9843
7882
3567
9748
5161
8132
6772
1505
8760
2928
2971
4815
6051
5803
8834
1917
3218
958
4033
7161
8431
4855
8796
9809
1457
640
648
4304
292
7093
6530
3675
6072
7770
9433
4748
8400
5818
7100
2381
2013
9695
8685
4996
4069
1538
891
4068
5246
2106
2187
833
4368
4166
1972
3133
2364
2343
9125
7777
9628
1274
7932
891
47
6496
6429
7257
4500
4524
3349
1466
4601
9678
5951
2733
9744
470
3854
4211
1721
3633
1342
800
4200
5013
5963
6994
7234
1159
2086
4467
9485
5833
7111
4816
1858
368
4937
5088
16
7680
5257
7801
3803
6935
7915
5644
3880
9483
4043
2742
4861
4052
2064
3368
4162
6102
5796
4939
153
9962
5442
6472
8069
895
9201
4984
7639
9890
896
5741
9034
891
7246
8169
4488
4104
9064
8203
6403
1200
6577
2800
8104
6106
545
1251
9395
3277
8454
2808
4211
6771
6326
3943
4636
7558
6923
8330
7662
2754
798
1330
706
4986
1669
1425
8378
1245
9151
8662
1593
2516
5461
687
9391
8337
1790
4124
4109
6111
2154
1025
3039
7636
9108
5208
7762
2679
6727
940
3085
8359
3014
9758
4736
1
4943
4892
1308
188
1929
7282
9589
1080
5969
5250
8338
1581
7051
3708
7487
8059
7155
1340
4137
9972
6956
8088
9408
6444
6221
5603
3352
6421
7785
8322
970
2448
7420
9139
2468
8588
6031
6764
267
9105
722
6734
7004
3838
4702
6889
612
7638
6596
2615
592
4725
9921
9576
7862
6578
9327
7277
4378
9080
5231
894
5106
4856
5043
2398
2622
8023
7212
7150
8320
2191
6875
3828
8772
5978
6407
2158
159
8848
2077
8645
1448
5377
5582
313
2378
8489
8079
7088
145
5665
6411
6046
6855
2424
9758
2693
3089
4368
7778
3988
9470
9785
8767
7299
3448
7221
718
1575
2520
1975
9271
4481
2519
1009
9918
5641
2426
803
5822
7455
8785
880
9843
7160
8322
7622
5041
3646
7723
6579
7050
811
9767
5827
5720
5611
1126
6144
9680
4436
5923
7100
4051
7829
2899
6750
3924
1584
1950
6361
1668
8322
6310
9060
4018
1384
587
5825
9668
1521
292
1022
5417
7225
8920
9368
3943
6513
7419
6492
5374
5769
1283
912
9268
1043
9492
2545
8185
7936
5563
6675
447
4771
1613
7269
4064
2423
8043
5828
4261
2001
868
3154
5099
9527
2114
2371
9645
1335
9804
3162
6330
6818
1712
8966
8233
6931
3407
2742
5789
5379
9529
7700
2091
4225
3100
307
3425
3024
4993
9701
8100
9944
9512
6323
5057
5193
4751
5715
7757
5087
12
9560
1325
4713
4381
7772
4162
5350
6833
339
3579
60
8172
2586
869
8934
8341
2262
4344
3408
3768
5755
9672
2417
4421
3909
1107
6995
1993
9364
7462
2818
5686
7976
2543
2278
6011
3310
907
7447
2682
6015
3681
3725
636
9355
5253
9813
2542
7301
841
4731
9580
4326
4126
5169
9571
9377
7658
1345
2588
4639
5336
7980
1353
8910
1549
9237
1236
1091
1343
6789
1386
4045
3917
9816
3016
190
4377
1912
8339
346
1189
7499
9401
9206
3612
9938
3226
903
6318
1260
1914
399
2032
3691
3771
2128
8993
1559
5662
1647
4864
3405
5787
7067
9987
5989
4783
6261
4077
5094
1145
605
8020
6261
8454
791
7607
7103
8294
9993
1588
7150
7364
8197
1002
9234
2621
3741
7855
3789
8742
6710
7473
7143
4325
5307
1177
6234
3566
8918
7376
138
1332
9597
8166
9625
3209
387
5812
8402
545
8763
5236
3601
241
8039
4836
4321
1813
868
6896
1753
6048
2994
3247
736
4642
7559
504
2284
1088
4869
5886
789
9579
5278
4819
6687
2567
6566
1017
1397
3151
5429
5841
9226
258
4643
8154
2401
2388
9487
2741
7127
5284
2016
9809
9670
6996
9502
6655
429
687
1714
4128
4093
5939
1644
8713
1531
2685
5172
2011
4407
9472
8468
4490
8646
1831
4813
6136
2727
316
4839
6366
1862
3474
9561
850
3680
8739
6258
9774
5517
8134
4723
4439
7395
7935
6309
5147
8882
1331
7864
463
107
8590
5687
954
4519
1283
5167
5159
4447
6839
623
4622
5293
6319
1687
5242
7209
9661
9099
2529
6611
6887
3274
9921
4128
7984
2859
8831
9498
1824
8641
7619
888
7211
6762
7986
4232
2270
3597
5021
1141
2848
6260
9305
3176
2124
7727
7407
7905
5235
2295
3783
2342
81
6364
6559
1073
2935
7775
1504
9597
1140
8765
2031
2067
1025
5612
203
7852
3773
2442
4962
432
4516
240
3266
6787
5676
8950
9691
861
6747
1159
9215
7989
8100
7592
3563
1064
4300
7779
3724
4234
8674
5390
2605
6835
388
8086
2818
3729
2651
7816
3949
828
1342
2557
5500
7911
4128
9215
3647
6588
6264
9724
4674
1346
3099
3200
7117
4347
2144
1343
6902
8029
6147
687
1943
1685
2214
8048
1330
972
7182
2678
4264
6457
7934
3086
292
3653
1487
1967
9672
7375
6574
1342
4655
6001
3439
9147
3454
6828
3877
321
95
7134
3085
5487
1049
7273
8607
2473
4405
8541
4968
11
1443
325
3881
3871
6317
9374
8033
2292
5636
3632
4917
5514
6931
4643
7599
980
1382
6949
5117
2128
8698
1980
9324
472
6692
8181
6393
1093
2869
1127
1751
7840
6857
3296
2330
7136
9609
948
8063
2963
4132
3253
2314
7878
1491
7160
7495
9069
4973
2738
2341
4886
3467
3085
8172
2558
1635
6475
6017
3308
7356
9679
9825
4883
4894
7908
2878
7073
1081
525
2120
2460
7326
548
1623
6406
4539
7409
2138
1253
2199
5608
5486
9533
9282
6510
1469
3248
6839
5800
446
3748
6920
832
236
7534
4537
4228
8025
8010
6067
1936
6826
3928
4464
9172
2419
1072
3582
433
7876
1499
2000
7689
1010
1829
941
1996
1767
7610
5095
4191
8918
6977
7479
922
581
8485
3087
3419
6144
3443
7855
758
3716
4839
9451
7343
2930
6590
54
9597
8558
707
304
9353
351
5354
7686
5190
735
5867
8759
6006
6256
1114
8233
4780
5793
4830
1926
2517
3676
6039
1330
5728
5018
1899
6556
624
6564
8777
1623
5433
4193
3769
2207
8444
9608
80
8614
4356
8793
568
1151
1062
7630
8422
1582
7657
1358
7139
7870
2961
4641
2667
9563
6242
7956
7422
2033
1445
8230
3615
9261
2599
4869
3154
4107
1461
9036
7218
1776
3434
2281
4751
3933
2157
8700
2842
3150
7290
3499
6460
2645
8205
6956
6709
3697
7545
7219
7232
6893
4866
1017
1163
9245
3161
2410
4924
5340
9217
6543
3844
4522
1417
3764
9738
6670
3530
4604
728
9116
4728
4727
6352
7570
1276
3841
9676
2248
4324
2703
7818
8734
5699
6146
5298
8969
8778
9647
9776
4668
9473
3497
4816
4906
1077
4262
8919
9915
1305
9914
1144
9515
8190
6390
9324
9564
610
4455
6152
3993
2450
224
9132
462
2321
2126
3160
3717
8704
487
5507
6681
9730
1158
2864
4957
6257
2649
2443
5881
9816
963
2624
232
3146
8401
3246
5719
9188
3081
4344
8106
4965
5044
7987
3446
292
334
8266
6249
7421
7632
5638
363
207
1514
1816
5549
6946
2581
3387
743
1249
1126
6562
2165
6888
5187
8173
1673
1473
4948
8088
1057
7836
9710
6546
2310
4554
7923
7848
8074
835
7606
5799
9412
5133
6998
2457
5942
8662
6410
9825
8275
423
8505
871
4500
2490
1738
212
4610
9822
4700
3842
5083
428
165
6132
8605
4395
1295
6817
9576
204
5407
9346
610
3794
3503
5434
9064
1273
5205
9180
549
8128
5959
8622
9987
1546
3813
5762
8503
457
4824
3327
5576
5942
8813
8854
8362
4783
8172
7390
750
9892
7122
82
4325
763
4728
6876
4724
7482
1453
3152
4105
3467
3598
4151
3338
7242
5095
374
2690
9766
1988
2797
7550
1300
765
5977
9646
8053
2920
2400
4056
7004
6023
795
8069
2690
5434
2262
9432
3740
1294
5624
3909
5283
8083
2757
896
7768
4542
5049
6560
1586
8871
120
7518
9217
2509
1503
7044
2966
3412
7709
2859
4717
6797
8697
6929
9250
9045
9861
3895
7494
2475
3358
2487
7666
1036
7676
1997
7712
2333
924
2592
5890
4034
8424
8110
7416
4877
7004
2281
6900
2130
5310
8767
4740
6822
5696
1380
6181
6724
4349
3698
9206
8406
5198
9449
1104
3166
1455
4083
3952
6229
506
2760
2893
7452
389
5665
7350
806
2492
8539
3908
2152
4198
5572
8744
9187
5238
3353
408
5135
9682
3474
9531
867
26
4171
9901
5641
2974
2748
1582
4344
4912
5772
7455
2413
7428
1904
8369
3202
1964
2678
9126
9889
626
5202
1091
4072
7979
2507
5399
6559
3487
9487
9255
6410
3263
6092
1508
4202
1788
2254
6863
9871
5877
3008
2742
7453
8403
2535
6110
3983
3998
6817
8504
9897
6305
5329
4177
7772
4120
4351
74
2139
5750
9111
2982
8615
3180
8646
2728
8754
7022
3583
741
7412
7715
6236
396
2666
4696
6012
7979
3845
9373
3743
1530
2961
4552
8282
2606
4674
9562
7037
2666
1957
4524
2509
8115
8374
6660
7700
955
5053
8103
8019
8486
1453
1544
1558
6154
8179
1660
2635
5911
5934
4729
7431
2298
4892
3054
4722
9627
60
2263
3166
4085
9188
9232
395
770
7464
1120
8855
56
3253
9583
1496
3068
1231
8173
7227
4469
5371
5271
7479
408
180
6181
3620
2418
1068
8616
9073
3434
9317
3200
9953
128
3968
3256
6806
6140
7497
122
71
8903
6469
4273
9900
8555
7746
2117
4157
2831
5888
1549
9058
4852
2600
2924
3478
3994
4550
2714
7003
4854
4097
6690
5482
2294
4347
7727
4917
6930
1031
7369
8567
3890
568
2973
558
1712
7081
68
2940
8340
6182
2251
2818
9895
8774
3049
9217
3035
9058
3240
1836
4314
3380
1114
1446
2576
6895
5968
1844
834
5026
4386
7868
5668
4381
8482
4602
2078
9700
4551
2614
2958
6878
9950
4657
3060
3240
4441
6717
7975
494
807
6721
5265
1829
1603
3610
6358
1720
28
9514
4190
9580
6689
7494
5429
1868
9125
3565
2391
9757
1428
8397
8548
8302
3707
637
914
7191
2381
4028
4228
2267
3727
7091
6467
1626
9133
6480
8232
3685
5665
3920
6582
4327
389
6159
8831
3430
1464
8453
3510
6861
2087
9360
4866
4841
7421
9488
2320
8476
3232
9988
4985
3497
9676
7203
9843
2252
3322
5884
5432
8119
2169
4446
6440
8842
9801
9458
6737
8044
2114
6512
8305
2592
3076
7448
9226
6660
9856
2876
797
1301
7857
2385
7167
3310
6562
6205
4077
4083
8943
1329
8530
547
247
3642
677
5075
6874
7107
5029
57
7005
7379
488
3162
5950
4788
6840
3411
9548
1862
9160
7334
5163
2350
9387
8761
7481
3577
3520
8155
3298
6069
7533
9196
6919
5301
6564
8660
8674
1479
2263
752
4970
2634
9285
2417
723
2606
5148
4959
4467
4843
1912
2162
4898
432
3482
1276
4736
6584
6022
5627
7608
9564
283
7194
4831
3739
6417
3975
3053
4559
6500
1370
9968
1942
1269
206
7963
1447
1227
8767
2088
3048
8526
2383
8088
3565
9553
3641
8122
6020
877
7354
9151
913
4321
4017
5382
1282
3599
3815
5571
939
2167
4613
8755
4182
5301
3836
4498
1174
5591
4646
6728
8593
2555
7929
2770
8293
3952
8898
3481
8332
5877
1137
6463
7291
7419
7062
6724
4910
5852
3179
7595
9905
1499
6145
5035
1515
8272
2472
9497
2333
6645
2444
3748
8072
6838
6253
1535
8397
8992
1020
8105
8357
6412
3878
3670
1245
7056
6922
1423
4942
9399
6609
8957
2370
4257
1606
8256
5412
9714
7185
7704
5008
3463
2414
7432
1087
9917
9786
7952
215
5556
6406
9956
7490
8403
5739
3679
4069
7276
6916
312
1859
5789
5449
1200
2863
6049
2409
4548
1096
5059
7826
5144
5341
9622
9440
4114
210
6238
4906
6376
1628
72
1334
2571
8444
532
8606
275
5793
9533
6056
9688
936
9652
830
6162
3795
6425
2991
1821
1069
6922
7363
2411
5128
9375
7510
6763
9233
8937
5973
3364
5880
1711
2949
1714
3762
9238
9323
7020
184
642
1333
7613
7095
4542
7008
2054
1024
627
2296
9903
2147
3715
3558
3983
9229
5240
1345
4969
4386
2244
5413
3211
1219
2408
5704
7933
3528
9265
7997
8403
2990
3330
9218
7961
9039
2728
2295
5561
9258
3469
2177
8114
680
7173
6560
3208
7752
683
47
2842
3073
6385
1116
3116
744
3448
6478
1236
6789
7495
4214
5805
347
5834
3703
3656
1917
330
3470
4027
1166
307
2066
4475
8256
1806
6716
849
3513
9472
5301
6253
4070
4500
764
5424
5054
481
5404
3853
3896
3794
4529
7959
7650
5044
8249
8204
6747
8723
7743
9594
2898
7644
2696
9588
8173
8878
4306
6230
974
389
2575
3419
4876
3935
3347
4083
8176
8660
4548
2493
2765
9035
1571
888
4658
3709
9199
9720
1589
9724
4930
9762
9067
3633
8324
9863
2999
8898
8350
7127
7445
9358
2405
6925
5273
7523
5384
6773
2551
9690
1821
3766
1544
8510
9250
5459
6124
1462
8354
3148
8377
2658
8128
1245
2254
1766
5512
9229
8261
2194
3827
6563
2153
8476
1886
2245
5139
4979
2082
4151
8469
1540
9681
9856
2338
2136
6194
4349
5220
6672
1789
3061
5761
1621
972
3168
8129
5340
7548
4027
1655
7357
8271
3559
9745
3592
1858
7128
8349
1283
434
9042
811
2115
1335
3755
3381
8560
2488
439
9755
4113
1954
6785
6017
7881
6860
7421
1326
96
3642
2803
7552
7334
2855
6432
4134
6787
600
8035
2763
3717
6851
6913
4141
2533
3894
6496
4416
3077
1094
3995
1245
5865
6235
470
6362
2491
2594
6879
7492
9482
4324
4372
8386
6501
6749
1931
9092
3476
3645
6440
3627
4554
1733
5301
1163
1003
6166
9888
3984
3189
959
9999
3752
8268
3584
2655
4842
8880
1706
8754
9269
2073
5325
1689
8137
3378
1527
159
4544
5995
6477
7903
6556
9379
3056
9995
8386
650
1885
7846
1466
6577
3233
9325
8227
1435
5973
5117
7643
4189
8241
2268
2440
8633
9094
7753
6076
999
8262
5921
7422
8915
2283
4013
7181
4145
5797
8408
4080
7675
3727
6200
8976
1450
3464
2809
7290
1370
9932
7031
2579
3079
9239
5077
3682
4383
8762
4623
2605
6710
7673
9075
5915
3644
2153
7777
1219
7569
4521
934
4748
7617
4538
2190
9239
7677
2493
51
3428
8749
6686
5634
7480
1718
8341
8695
4728
4935
4690
32
8137
2317
9233
402
3689
6831
6616
3825
1282
8483
2584
9782
9856
2711
9152
1708
7566
2528
914
5655
144
8597
6601
5241
6211
3730
3623
9367
6939
1127
2511
2586
3306
1734
3734
180
7717
2338
3348
7464
1095
801
9701
2686
712
2431
4186
6712
7911
622
4165
7509
8814
397
9782
9083
5093
6119
2898
3371
9109
515
5058
4434
944
7514
2537
2155
621
1794
9380
9695
9635
1296
5339
5760
2071
6526
9692
815
4484
1864
9746
9817
2170
7891
7011
1848
1149
4584
7514
7257
8022
5826
2049
5506
6572
6492
7997
829
3608
7529
6489
736
2130
2227
9705
8360
2605
9735
2064
1370
3416
2451
2118
7230
6131
6162
9878
7624
8057
8864
4298
1844
3703
4362
5783
3487
5748
3984
419
1275
6024
929
283
5560
7126
8557
4818
1555
185
7309
6843
9961
6046
1444
7482
3552
5554
2137
7055
2462
3477
6620
1491
2486
7427
4982
743
6123
458
5630
283
1912
9955
5476
293
6401
6073
5136
3031
335
4284
1546
1468
1704
2886
7036
8840
3859
3127
9176
3878
1978
5354
1119
8336
296
3315
6003
3570
3548
1663
9772
5805
1437
9217
1616
230
7681
9769
9742
8414
6280
437
9531
3079
9427
29
2377
8511
3394
4089
3127
9093
6815
190
9253
2485
5253
3911
4944
9305
7378
7893
8215
7481
8042
3085
9350
1194
6725
853
2808
2354
2022
7442
5314
5711
7032
2364
4161
7811
5777
240
3593
1953
3252
4612
5128
6237
1269
287
6182
5915
1847
1192
8633
8459
648
1575
8105
5463
4717
1709
1415
4580
760
3213
7806
8694
9495
6809
723
5313
2273
9244
9081
679
4859
643
9941
5681
5924
6190
7499
8140
9129
3737
6624
7203
3008
8660
3373
2587
8044
4508
3551
9547
1557
969
9243
6631
9215
7539
2716
2643
2115
3380
9636
8040
4454
4896
4240
3343
2075
7651
4745
3904
1634
5872
8895
9164
9596
5093
4761
2794
6413
1873
117
8548
9445
103
5390
2579
2867
9987
7642
6183
8504
9663
8978
1384
1012
9193
7722
2115
4914
9444
981
8250
4797
9754
6704
7182
7138
7172
4330
5480
1275
5021
6221
8855
7028
3806
8561
3339
7232
3682
9433
2123
8353
9574
912
3942
2601
7393
5412
3731
5603
435
2838
2766
7075
8178
9897
4832
8469
9905
1981
8985
2301
8596
4630
984
8447
2032
5224
5121
5041
4493
1042
1050
5763
7230
6285
6036
419
2217
6294
1000
22
6872
6032
2871
8348
8503
3830
2394
8660
1106
4635
273
4446
6387
7739
4570
2420
5820
795
4346
9104
4696
4232
6986
2306
9108
7658
1126
4785
5864
4386
9204
9227
1399
7158
579
4522
6219
4825
4500
3409
6464
9706
9352
8874
8331
4163
749
2841
865
5660
2882
5408
9683
5497
8504
4076
9349
2184
72
2063
9622
7482
9043
6518
4005
8278
5656
1698
4605
6459
2474
5325
6886
7200
9407
5997
1717
1291
6741
4992
9353
2261
4708
496
7694
2068
1180
769
5709
4778
4604
6761
7017
8641
5873
7840
5181
9809
1107
2710
8577
3634
5471
2264
8586
2627
6131
4748
8927
4439
3295
8242
5201
743
3115
6271
6711
7910
8867
3443
232
3341
4925
9594
4828
7198
1047
6975
127
8601
9784
6036
9197
8825
5325
847
404
6730
8932
3574
779
8645
4017
7081
3140
4434
8344
4803
7525
2997
9742
6055
6167
4826
2863
7720
8241
6929
846
2798
2527
1682
8219
4000
3896
9987
6533
349
9249
6015
869
1153
6652
4954
4807
1353
4899
5792
6772
5686
7108
4027
1739
985
3242
8651
8797
5671
619
8629
3115
7963
6719
6264
1509
7571
411
5664
9005
5237
282
3443
9500
713
1198
5992
7435
2504
7925
7164
8757
5834
1318
4201
7398
7663
3757
5962
8232
3699
2532
1433
2300
5819
6612
9086
6611
965
9571
2555
710
7973
4940
2152
2429
137
5995
8580
8065
1254
7772
3058
3608
7844
813
698
3171
1634
3025
6920
936
2208
4478
5084
1682
6116
5209
7623
7198
1871
9211
5181
731
6417
1335
6435
9551
4448
2000
4948
9872
4903
5580
9673
9047
8589
4491
3912
9231
4555
519
8040
5353
2908
1475
3439
2474
4996
3353
7614
4417
26
7101
2451
4394
9617
2233
4148
3299
7783
1035
5960
491
8462
6664
2823
5346
9950
9742
3849
8812
5935
1791
9129
4910
4540
9985
6150
9824
775
2943
1359
4618
3085
9127
3286
9964
4888
6891
3514
9104
9628
6590
6920
2566
5503
7048
7803
6091
3425
2033
9413
9570
6690
2225
3445
2629
2503
6483
1452
8171
1189
5883
3587
8145
3020
6773
4460
8687
590
2438
7655
2272
8983
462
2038
7887
7518
9457
5142
9282
8434
9417
9197
2277
7534
1948
9767
1675
6871
8857
4774
1445
95
8751
3055
1019
6311
3423
6956
6782
5426
2000
2705
6103
9164
530
1886
8572
1408
6534
1735
9753
4011
8428
886
1176
8881
8859
6935
2500
42
3432
2401
8556
8347
9634
5068
5851
9251
2170
2625
4443
8284
4569
6904
6919
8791
5108
9843
6861
7109
7626
4936
5922
5903
7835
7324
9575
4837
223
671
449
6547
8352
8530
2360
1634
8706
7107
5417
1990
4399
4245
9578
3736
977
4601
3418
7952
5970
3263
4800
1954
1328
5981
595
1521
9594
3868
3346
5310
8409
2676
9093
2338
5875
8414
180
212
1891
9100
5379
1766
8705
5264
1018
4849
5282
4867
6857
7342
9744
9696
5984
5875
3781
8690
4722
4027
6078
9039
8390
6286
8544
7114
2399
2048
5275
6036
3811
2104
4504
2113
8121
8473
9135
1623
6349
2353
796
9388
299
402
5102
4572
8544
2575
2897
6673
1998
4875
4563
2887
9264
6733
5602
5490
3957
1476
6373
8411
8366
2854
3452
6631
5298
6491
4306
2406
9651
6667
5922
5040
7235
8441
597
2842
1880
2804
3717
5699
2973
7151
4719
4834
4144
5635
4244
3477
7092
7692
2976
7434
5707
2114
4539
8849
9948
1988
8136
3530
3359
6576
8290
1419
2032
5712
205
2958
7416
9087
7528
7367
3799
5459
8244
6494
7022
4996
1710
5690
866
2092
3037
8546
1534
7172
3951
95
4313
6992
989
3728
7661
5395
5433
8022
501
3797
8517
5062
618
4347
6096
4548
4340
3744
3701
6489
8244
219
6868
2574
737
8089
3376
5762
9202
968
6302
1484
6535
351
1574
5951
5013
5209
5652
2562
2629
9210
2041
7816
9395
3403
1998
5343
9067
1729
1689
9867
9276
6669
6309
2653
9776
4157
3370
3258
6903
4389
6772
8861
931
1339
9049
2997
853
4318
3156
6672
3333
3328
5669
7628
6767
747
8338
6365
6458
5243
4552
9987
8059
960
3466
9291
2787
899
3362
5958
1881
1926
6713
7119
5313
5598
8163
3898
2775
3068
1945
5305
1837
5396
2759
339
8321
1296
3374
3035
2807
8524
7370
1297
9572
3747
7670
3762
5176
9170
5294
1592
1875
5211
541
2688
7742
3426
5887
1098
2359
2866
5568
3765
9221
4228
8635
2090
1521
2076
5059
154
9820
346
2080
7282
7176
8721
2983
8678
3865
5039
7656
5698
4575
5641
6404
9620
7376
4955
9114
3819
1891
4992
8885
6029
6436
5016
9433
3672
