4937
0
9131
3176
7439
9312
4171
1860
3377
5335
2967
5981
5340
7808
1435
2144
3298
6673
1500
1296
1120
2184
6194
4783
4835
1172
5566
253
4122
156
4766
4694
8231
5475
951
151
5745
191
4315
5998
6849
6589
3397
9071
3392
1634
3618
5988
9733
6829
5054
7498
7011
6875
974
4649
7206
8153
5398
6736
6159
3005
5649
1727
9933
8781
8783
290
6191
1134
1412
128
760
9747
9973
9986
9107
1598
3570
6070
4229
6723
4477
5115
7937
9796
6564
7213
1132
8444
80
7364
4208
1872
4567
1515
6178
3845
5871
1584
4301
7128
6138
120
2824
5993
1111
7080
3360
7942
4302
9252
5604
3421
1170
4931
2459
7025
8871
3860
4524
9961
1752
5781
3645
7737
2941
7971
4414
4305
3144
338
7503
7285
1411
5368
5014
47
7192
6486
6666
3351
1281
1785
4545
9389
3445
3782
4898
7028
1993
9812
3430
2702
9937
7586
1589
5308
6089
3046
615
8228
4333
4230
2945
1563
4905
74
9008
6154
344
2844
5536
1177
1902
3717
466
8834
5865
8350
7349
5924
1381
2929
1589
1691
2174
8913
3083
6937
975
6704
5783
2454
7651
211
3445
8768
5250
5538
6703
7912
232
3241
6761
4584
6609
3370
389
3563
4824
8915
6776
1136
9673
7021
8861
9502
5
1761
1240
585
8435
5493
766
4900
4851
6654
9268
3359
8275
8707
5261
903
9963
9475
4087
574
5268
2365
6802
4030
6222
1481
972
5615
2349
6482
5464
5317
6231
6503
131
2816
4366
4091
6745
5938
8443
3851
5068
105
1244
4401
4765
2642
2420
2620
6253
3551
2995
8064
4685
6016
8484
8148
4364
2204
3157
1019
3859
8373
4438
2535
9267
6798
8472
8839
1955
2169
6120
692
2426
7501
2998
6925
8100
7941
6253
4792
4458
7820
9985
331
1155
6218
1071
8866
3129
7885
6563
9754
3296
2938
4954
6454
7799
981
6890
3265
5142
3306
3278
9219
9013
3862
2234
4811
4956
4180
5453
3100
5454
2553
4561
5874
8325
4790
9100
8275
4070
4287
7653
4242
5068
4246
4819
5857
9662
6306
9925
5207
7596
1057
8095
2468
6364
1317
2715
8958
6348
2694
5420
1772
8068
6628
9716
3785
1404
1825
6862
4794
7146
1518
7799
2340
2432
228
4755
4744
6869
2054
5672
2898
4056
537
7934
6542
8210
2645
6921
9588
8381
3498
1625
8312
7744
7762
541
6038
3369
7369
4976
4101
579
7733
3916
9740
8554
9580
3598
7150
3073
4933
8183
2533
6340
9129
7795
2256
2369
80
7714
4921
4676
2192
8611
5619
2480
459
3066
4242
7603
2879
8646
9482
3374
8085
444
43
4709
1912
7775
7901
444
109
4453
2231
9249
1226
5648
3182
9530
66
2713
6859
752
6024
9781
6301
8751
977
3545
4363
7632
9179
4849
7540
2868
5226
1573
4566
6960
4104
5590
4775
2520
7562
7288
9252
1909
319
7101
525
8371
5259
8527
1298
4370
5834
5031
5048
5003
4914
920
5105
4377
2217
2219
5740
9533
1175
4955
7937
8404
6568
5806
5964
658
7915
1145
1221
4422
3547
4985
6279
5035
7791
7605
6938
3039
3040
7831
4396
4511
5669
1353
4697
8087
928
6867
9626
9849
1463
7804
2290
5994
9249
6371
7959
4911
2130
6501
2557
9846
4471
9923
7098
3947
4479
2877
6906
9971
2482
8125
3787
8665
612
2153
2382
1018
4776
2782
2855
1770
7103
1135
9617
1212
3222
6455
2976
8346
6122
841
5226
4120
8420
2955
5237
7433
8084
7114
4632
6204
2503
6645
8215
459
8135
4865
9167
956
734
3992
7115
4839
182
2380
694
261
3378
2195
1256
2366
8953
3815
5307
5821
6688
1463
9710
8464
8957
4692
7549
6172
9782
5414
9928
9795
6622
2588
7701
2471
2165
9142
9443
3932
6305
1817
2132
2959
2691
7189
4739
2534
5708
3970
8343
7740
9083
4277
2871
1512
4096
6622
8185
3561
9358
5402
8526
6839
4683
765
2932
3188
5569
5639
5516
3403
8120
2396
3233
5281
3125
4178
2846
8395
244
6956
8175
1854
5830
9860
2064
2497
3537
9495
9884
9355
4427
6764
5227
2888
5255
9795
8857
9284
4327
8151
7943
514
8654
5127
4812
2745
1770
526
7989
6926
2830
5817
1181
2090
3589
3161
6335
3726
5153
1298
2083
8249
2964
411
1983
1499
4242
9481
8447
4359
5934
1614
8744
4476
5710
7976
8826
2591
2907
1268
4197
7762
725
6682
2544
5408
2511
1849
8222
4999
1468
6992
7161
7270
7276
4161
9125
7001
8610
9012
5501
3159
8976
4789
7706
8578
6786
3976
7575
9940
7306
8099
3033
7985
6141
9372
9589
902
8203
8779
3169
332
4824
9910
2067
4844
8203
6808
8052
8947
389
5145
9175
2244
6278
4211
5501
2263
6560
7929
2576
4510
3214
8962
9501
2337
3857
7739
8486
456
6451
9833
7231
842
9487
9922
8144
9550
3687
9686
7631
6278
6770
4355
8716
2919
2151
7145
5670
4185
7735
9282
3790
5911
4553
5869
8486
2310
7160
3394
4009
8772
6719
3763
8450
6857
991
5725
4261
1334
8086
2285
9723
8318
6021
828
8271
2430
771
6958
163
3103
6849
2200
4859
8231
3153
3868
837
7245
2035
9552
3661
5737
7478
7178
6258
776
214
4374
6339
4088
6099
4728
2117
3479
174
8315
4315
9445
3978
4198
4319
7036
5358
7225
2959
9211
5438
6934
8703
7661
5912
1607
1331
7211
7457
9102
3727
1656
9480
3849
2171
6490
3641
7294
7983
7923
4827
8658
4236
3938
4589
2650
8136
4679
8415
4156
140
3166
7507
4651
1849
9764
7556
7813
5043
4740
9769
2423
3083
5991
1243
4879
4745
8264
6146
7373
9370
7555
1921
6514
2042
9264
4507
9229
659
3970
8780
4691
1572
6314
4944
3587
396
8804
7080
5902
4771
8223
6775
6302
192
5054
4719
237
31
254
6269
4223
3983
7788
8264
2367
1881
7817
8930
1042
2217
805
2661
1489
8969
187
3719
2275
3155
8686
4728
497
2372
1393
7178
2173
1704
2764
4915
6970
7523
466
1284
7057
7127
2706
4428
8415
9921
4745
9618
3410
4331
8619
9318
5998
1037
8411
6352
8529
2597
7762
2689
9171
2353
8653
8569
3571
2766
9830
4291
1824
7794
1979
6661
9066
3087
8897
8827
4311
7137
1558
960
7438
2288
5714
2848
6597
2397
1953
4850
5870
7240
4125
7037
1726
5528
1845
4133
5092
4742
828
3488
2705
7530
8914
2666
501
6765
5089
1471
9644
8405
3113
9911
2958
2114
1809
970
8218
3108
9505
751
1561
9562
9533
6890
3295
9764
337
2198
754
8089
3403
6693
746
7462
985
8655
6805
7264
1736
4743
2496
949
2666
924
9106
2011
1265
4998
3483
1841
5446
1329
9323
8074
5999
9663
6483
3653
7524
5945
1359
4526
6501
2577
4536
9392
3235
2892
4605
8231
8215
3384
4797
4523
3646
7433
2397
2416
3864
2051
8483
5155
5483
1290
4011
6193
245
4977
3994
3699
5743
9168
7295
5798
9867
5805
1245
6532
9486
7937
990
4917
4157
9830
2525
3564
479
5281
9149
915
2726
294
1262
7230
9194
7463
2678
8417
8552
9428
5411
7386
2579
8237
520
5085
1541
718
9609
7699
1519
5507
4028
8873
221
6282
5773
418
4412
541
5004
2089
4391
1408
3514
2781
5958
1519
660
4286
7321
9392
8865
6708
2197
4803
9373
2843
3650
8217
4254
7340
6381
6976
1799
7446
6421
1178
4934
4700
6090
7874
6864
8848
3510
7038
4783
132
428
702
5331
621
1634
5241
4125
4036
6060
3752
4631
9207
3786
2722
7111
9356
6358
8483
2857
4748
4891
5254
7414
1961
3772
7209
3179
8586
6335
2970
4901
3970
9063
2456
3359
8329
8057
951
6403
6086
1889
2885
5264
2296
2284
5525
1891
2385
9442
6529
1302
4775
8111
5509
6989
8138
5028
4042
2947
4095
1590
7430
4509
5995
4248
4038
5564
3659
4361
8480
9715
110
6572
5852
6191
4046
8372
2711
7932
6377
5196
1986
531
8402
7535
2385
5638
8154
5640
3332
2160
7835
2360
3306
1771
1677
796
4751
7820
2191
5924
8451
8750
6421
7560
5039
8518
2981
23
3554
6041
1230
9234
5807
6787
7801
9814
8965
8907
2417
1453
664
6830
8442
472
4593
8121
8294
7889
4039
4059
6476
1579
3592
6683
1778
3892
7333
9676
3814
2443
9689
6506
9378
1327
8047
7893
1386
9104
4416
4767
1980
185
1161
301
5097
4358
2180
3228
3607
4283
4817
9927
9061
6846
3450
377
4443
3961
3980
184
8513
5891
282
8536
9683
9194
2640
6732
6676
9841
6299
8801
1441
4502
2689
2489
7966
1701
6492
8280
7368
7914
5506
6077
5739
5287
3302
1791
1072
3278
7812
9329
7598
8959
9433
8113
7895
662
9674
7131
2423
2847
8765
6972
3685
6423
6645
8033
4524
2017
1825
2462
473
7975
3899
308
6635
6182
4975
6410
3598
3221
1445
248
7926
2315
6390
1329
5140
58
6350
4742
5875
6078
7206
4433
8977
9115
1593
362
6175
3633
8316
4363
1808
2551
4588
4054
4161
1929
5271
3990
4166
6754
9846
5339
6342
5181
8304
8857
5213
6097
5123
7602
8984
2928
5430
8702
6005
9836
8103
1521
5761
5421
8701
9565
5487
8927
7511
6830
4221
2208
3453
417
398
3457
4998
841
6822
8921
5914
5679
1786
344
2502
203
340
4740
1740
3897
2342
607
8119
3656
9840
5657
4734
3995
2361
914
3038
13
5024
7869
4958
6977
5549
5150
7263
8273
9089
9305
6819
9562
3087
7808
3671
6775
9679
3706
8857
1732
595
8290
263
2899
4453
6638
3452
3895
9462
2250
5180
7852
2794
1802
9334
9748
6582
8310
7653
3610
148
3973
5646
1493
3012
9211
1896
4283
1632
8204
8349
1004
8583
1356
1395
9211
1171
6313
3500
9345
221
7667
9337
5746
5010
6948
6867
944
7029
8237
6585
84
1142
4144
2497
8398
5574
2344
8689
5937
4590
7430
1231
2703
996
7093
3397
4970
3506
607
4847
4008
9116
6438
2306
1263
2099
9838
8140
8970
2722
1979
2865
4673
8816
3494
4955
1676
5482
1122
1661
3891
4487
2397
5509
6771
5218
3748
1150
7674
4678
4809
6733
2640
9558
2663
4635
5197
7471
7728
8945
4069
9992
9034
1303
1084
2578
6410
7248
3672
4421
6585
6685
4653
3072
5691
4938
9447
8061
6060
362
4993
9937
7478
8806
2936
2771
6568
9480
5005
6161
1179
4799
4507
613
1785
9354
5997
8890
8930
848
8622
5613
5194
3920
5143
5699
8352
6783
8719
2082
9566
9004
4252
1813
3820
6734
8462
3542
7630
9022
4634
9462
8105
1656
694
3250
3160
1862
104
8689
4999
5882
4841
5591
3262
3929
127
426
5969
104
9937
5756
5593
2728
4826
4737
6517
7601
5484
6148
2156
2500
7478
4421
1232
2415
2408
3302
7077
3152
3185
979
2821
3386
6432
691
6611
3020
6437
5303
5772
6825
5184
702
1939
7898
7109
5768
6238
6010
6810
1774
7500
1748
8388
3463
743
4655
774
5980
7755
7604
4625
4306
6521
896
2280
1910
2723
5835
3449
808
1526
2967
9442
1248
507
4419
2693
2009
4230
3710
5355
9276
8581
6936
1429
7480
8076
6677
4780
1608
2628
2088
9842
1968
176
198
7533
2355
5845
4815
4038
30
2868
3260
7613
4923
9649
8682
748
9780
8146
4124
2099
2095
9756
2803
6411
8671
9472
3590
6980
2092
6762
2757
6976
65
8816
4883
9242
4831
32
4593
1652
7290
7585
2655
2191
1174
126
8922
6097
124
873
1451
6575
7831
4343
4929
8732
9076
7079
9775
9798
6117
9309
4450
6678
5629
2489
9933
913
7642
2813
8851
7481
7379
9596
8375
6536
4689
7289
4439
70
6665
5784
223
6318
795
3634
4757
6937
2328
3390
9895
3753
316
8869
9112
9083
5839
9587
6547
3163
3897
653
4443
6295
5728
3036
6574
4800
2858
7972
6431
375
205
8052
8004
5273
5265
7533
1226
9985
346
8993
3892
1985
218
8316
7819
6921
7326
4279
1845
9995
6119
7892
8876
7160
9945
9072
8809
4617
9657
6748
8821
450
8404
8544
6870
9137
5895
2016
810
4108
7387
2130
3578
4105
3621
9148
3529
2812
917
6568
4806
5292
3864
7448
6370
6997
4214
6094
2345
4900
3111
6432
6558
1678
2959
5942
127
1467
8598
5009
593
5388
8443
4184
1298
7493
1909
3927
8982
5264
7485
2949
7385
795
5998
1190
8034
9971
5565
1075
8358
2283
9467
5299
6838
8
3215
6292
7069
3644
6186
107
2165
2761
1099
955
4311
3210
3237
1280
3311
7685
5843
1443
9281
3663
4947
4811
4281
7806
2699
4624
3118
7181
1298
1315
1903
3097
1750
5873
8876
8775
5877
420
636
9915
2633
5996
4863
2489
1575
5937
1469
7823
636
1268
5555
5526
6790
9616
5057
94
8786
7104
5288
824
3468
4109
6476
5357
5057
8698
9517
7671
4430
408
2037
9822
2032
701
8276
2383
5041
3267
2222
5832
4671
3275
889
7196
5700
5683
3231
7290
5624
3774
9633
6600
6489
8465
7290
9173
1184
6072
1228
3832
4466
2577
7906
699
5808
5085
4632
7711
9141
6556
3331
8052
8716
1413
7504
6857
8453
7527
9725
9773
853
7390
4485
3698
5544
2964
7143
7463
3443
8671
7462
1758
1466
9496
8965
4005
927
2540
3554
759
7905
6628
9432
9057
6109
602
82
5014
410
6818
9042
9153
9355
3142
3622
3453
4011
6711
1649
2352
3686
5789
8908
3716
7912
4549
1178
2874
6447
4370
7513
4514
5079
5264
378
2919
7648
8220
5397
9145
3900
8630
3304
690
7095
8889
1941
1404
8472
7016
6592
7885
2810
5933
5549
3197
3120
2054
8494
2953
3144
9319
4042
507
2387
9119
1230
3966
3691
1564
5692
7402
2054
5379
5082
8457
9199
4762
4636
8426
3931
3582
9019
9071
5137
6459
3503
9572
8442
2268
7554
672
8096
6910
9276
5777
489
7774
9556
3128
2499
5644
9805
2424
6438
5749
5885
1211
3460
9266
9975
2464
2479
5321
2319
4720
1853
875
9050
8535
8182
9748
6752
9731
8757
2742
9606
5104
7972
8987
756
1834
5702
5792
3343
8752
6407
9416
6071
7997
2214
7094
6579
8929
9092
2677
5031
403
9682
4907
7112
572
5059
4847
2420
6992
6364
3686
5846
1992
2262
9913
2364
3833
8967
2212
759
8280
2098
520
1116
819
3768
1376
8760
6667
1756
8873
4579
9683
9412
2904
80
2197
3287
5067
8367
2805
2531
5853
3253
6015
4603
283
4
2122
9097
5383
2615
4299
7071
5490
2425
845
5635
4998
1552
7766
9134
1088
7603
2509
7446
3076
2997
9821
2416
5862
4078
2936
5422
4948
6160
8234
1954
8669
6081
286
6865
92
8754
997
9379
4296
387
2139
4076
9433
5453
1267
1309
5879
7978
7155
8280
7668
2728
5056
5300
5859
2444
9106
6575
7364
1781
7734
6587
2497
7025
919
1270
3500
9156
7142
4648
1353
5923
203
510
6413
8755
5328
7001
2521
5474
2613
6934
5586
5516
4374
8779
7978
7630
6456
2908
6612
1987
8990
2397
5366
4527
3342
8188
4764
6162
8195
4444
6605
9569
666
5213
4017
326
5690
4085
3971
1813
2003
9051
3889
2858
4356
6451
3500
6690
4388
7521
8337
2784
3650
3980
8450
8740
1553
2275
8803
3953
9096
1652
308
4251
6370
1741
4616
749
9640
3579
1743
4440
1953
8612
970
3949
9455
900
2387
4955
7423
2731
1529
3289
8786
1659
4587
516
9707
3402
459
6829
4939
8181
3026
8703
2095
7289
9267
7215
5453
1619
3691
9402
4707
5398
3700
5873
507
789
3496
884
7861
8163
2540
6947
1566
1382
2055
7693
7478
9307
3773
3020
8160
9328
2073
8649
3964
5512
8760
4876
452
3693
4696
7482
5194
7936
3191
7042
583
9974
6217
6288
7354
2459
3483
5242
2294
8
2636
7966
6284
4977
6308
6576
9207
1920
3902
1085
6464
5268
3501
3959
8467
4906
5605
7481
7967
3680
6624
2387
9853
4576
2097
8841
3246
7562
3105
9928
9791
669
5540
4622
8841
8004
8116
1643
7165
3988
2767
7812
7656
5562
4511
9984
7032
2108
8996
4094
6604
7256
2790
2423
2737
2855
7649
9229
9127
4790
125
9935
5848
3261
6756
9500
6913
3620
5933
8767
6879
418
584
6244
2939
8113
8595
4426
6125
8317
3932
1936
2004
3717
3430
8975
7392
4644
5788
5303
6633
6790
2825
1255
9049
7792
3595
2896
2315
8942
3317
7473
4495
2881
9757
1184
3103
3244
1073
5160
8129
48
5601
4186
9785
6360
4882
6291
3119
6155
9668
8002
3737
8687
4832
7091
7683
4712
5667
7652
6986
2940
7490
2693
6301
9687
3125
9254
8685
5215
942
6629
9899
1010
3485
9125
6053
6637
3681
2728
6321
9926
4417
2796
8905
4273
6438
3485
7713
8707
1892
4109
4431
1030
1181
2223
9141
2817
7724
7029
8505
8847
8141
8758
4640
6193
2445
3694
1964
5425
923
63
1895
295
7046
1476
5046
1855
8977
5789
2114
3692
660
3278
7767
6661
2747
1066
1345
2199
7064
2399
5971
2838
3556
338
2031
7155
5238
9614
7117
2636
7081
9183
1299
1483
3982
2456
4271
4233
2521
3432
3707
7294
3196
3
9155
6344
8514
9003
2441
4946
3856
660
5304
13
5346
4707
3630
5756
1026
4753
3570
222
2412
4505
7948
5602
7905
5427
7726
8332
3000
8673
7484
583
1494
8262
1065
3697
7126
249
958
1031
1102
6737
3240
3791
3899
2173
6814
9009
4781
5394
3104
3730
8518
2766
9409
6526
9735
8593
9846
8283
8389
6354
9377
2945
2413
1214
6691
3262
5164
7245
2090
7759
2908
4785
431
6797
1064
3176
1328
2937
243
2594
6323
7403
4668
1826
9684
5635
9617
3436
9685
7190
9649
872
1218
7219
7073
1388
7295
5743
7511
1932
3112
3389
7466
5534
2761
629
9776
9873
4192
5656
370
7826
8636
5463
5328
1156
4438
4183
9786
9581
5707
9677
7742
2540
8231
9847
1982
7291
8843
7798
5123
1406
7953
8387
9714
6883
4498
2969
3092
2710
1374
2863
786
1831
6504
6599
3558
8380
2156
5660
5746
8034
9133
965
4268
8997
4979
6804
8879
109
1562
5410
5976
7053
9791
4889
5097
8973
8361
4801
2530
6063
45
456
4228
1318
8005
5950
9449
6269
2851
2889
1168
1542
5328
2971
8292
2922
6594
8453
2690
5388
7036
550
9661
1273
4522
3186
5782
4384
8904
6840
1629
1935
5169
8877
8368
7203
970
87
4707
9693
9248
539
4988
5075
8198
2324
2982
4339
7298
3748
3986
2223
5909
9213
4865
271
2961
3632
6852
2383
4746
7289
4244
3620
1361
63
4537
6489
806
3313
5394
4856
26
8032
9735
2858
5507
4571
7935
4890
1697
9863
2983
3741
1353
6839
6885
1126
6971
5422
1264
9740
9519
4069
8097
735
8246
1742
5501
4140
2810
5606
4679
6401
3702
2551
4242
6211
4862
1008
9190
7612
1489
1128
7860
8781
5159
5405
5747
1283
3226
1297
9032
9166
6418
1061
5832
1994
4834
1431
5609
9058
5536
1179
2000
92
5332
1079
6848
7090
5045
9753
5700
4019
8451
8203
2984
5990
7263
4390
8816
5529
794
9360
819
9294
8902
7368
8506
1539
6499
6897
9876
5543
4035
8925
5704
4224
1043
3300
5020
5644
1989
4068
4112
978
2462
8169
4277
1967
8138
1850
5904
9243
3150
761
5802
8267
8076
7075
2405
7197
8375
5316
5832
8709
1203
5499
4175
4672
2871
9389
3202
8167
8971
4400
2691
6454
7669
7198
2409
9373
7644
8578
1305
5078
3424
4695
7492
111
3633
1389
1143
3523
9546
6922
1122
8930
9359
9962
4302
4097
2573
6566
2157
2836
6980
835
9981
1041
8489
6262
9689
5629
1821
5979
6409
2551
7454
7598
7078
1340
3649
1013
3568
5499
324
4970
3763
2323
1006
2218
5569
4772
2414
8688
9535
2653
7047
9075
1993
5852
7640
831
6505
1121
3312
8656
3820
8907
9046
4112
7511
4072
3976
1529
1968
8761
5781
9931
3226
6743
9598
2294
2266
9816
7097
9813
6886
6870
1098
4400
4862
2782
3036
5381
9673
8675
5286
5693
3887
5258
1940
4580
6655
3796
8682
1005
3860
4950
7808
2196
6497
1737
7594
1264
3869
9205
6324
101
1902
424
2523
2454
4091
270
1513
6560
1700
9424
6480
4744
6335
2597
535
3651
1429
699
239
1817
2666
2103
5188
6890
3682
465
7903
8813
771
7902
5190
230
8212
1212
8924
903
3583
920
1302
2630
5045
9428
976
6726
4362
189
7867
8775
8525
262
1637
8887
6650
7000
4251
5221
1742
3390
3214
4304
1383
2171
4014
7721
6884
9395
4268
6652
5298
1649
9728
5837
8550
3435
7916
908
9755
697
2720
4418
4623
3693
5205
6938
5023
5122
5731
1608
3419
4591
4617
9333
2142
5591
1753
4776
1845
2980
9353
2840
4422
4679
7711
513
637
1629
9234
7813
4062
4038
4749
518
8102
6443
1479
5845
3374
1195
414
7669
542
4880
7301
6115
4532
4419
6013
6393
2777
5318
7845
1813
7884
1186
2336
1004
2028
7766
4737
7138
6504
2225
6837
7296
6400
8855
4739
5737
1886
6164
6145
8328
6621
9428
4743
9669
5614
2698
8555
5568
7140
3595
8450
397
1119
422
4450
6687
2034
1655
4788
4946
7752
2829
225
6832
4243
2114
9856
8109
4960
4599
2301
3290
1294
2092
7907
8229
425
5912
154
4083
1787
6568
5777
5466
8242
12
8384
2951
7329
7003
9033
5335
4836
5352
5615
79
3304
6336
206
2429
154
8891
1184
6616
5690
9525
8076
4098
1409
8493
9475
3624
4964
2871
7278
3868
9007
5129
731
4152
5190
8172
7204
6143
5026
9148
4941
7072
1463
8112
7300
6889
1886
3182
9635
9338
2825
7082
1259
6555
2948
7216
50
6894
9967
8771
4833
4342
3253
2362
4629
9964
7573
7356
4556
7611
6777
3065
1535
1695
535
1324
4491
714
310
1031
3011
3617
1036
4768
2519
8496
9372
4057
7371
8061
1470
521
4305
8151
1403
1174
7178
7235
3966
4412
4179
8542
2984
2763
4215
1705
9967
1101
4863
9143
7617
5108
1086
8685
9036
4716
8286
3795
8351
1237
6544
8877
2336
5360
8143
9711
977
1183
1389
7593
6310
319
7175
6178
5763
739
727
7089
6189
4026
4707
8262
6423
7843
5665
4094
2408
4485
1281
1192
6710
16
3753
3983
449
7664
2326
3754
9574
456
25
2119
9910
4484
7530
3240
6161
5769
6930
8866
3736
335
8034
8291
473
7347
3816
469
2048
2925
239
896
190
8606
4775
9289
2531
6536
9567
6378
6397
1398
2797
5143
8148
178
1852
8031
2512
9557
5295
5280
3087
6354
4484
1377
3867
7258
675
9855
9590
8456
1416
8367
2733
4680
6202
410
12
7481
3573
9834
4845
8972
6374
9955
6855
589
5425
4143
2840
7230
7447
9960
2914
2065
5230
5409
9163
4779
5061
2638
3800
1243
3481
7035
6460
1257
2595
7230
3675
4133
2686
4745
1067
6751
8274
1897
6578
579
6547
6525
8704
6626
7148
1637
8974
5513
8024
3790
9375
2897
8651
3224
7634
1487
4562
2095
6367
4916
9155
3019
8124
7513
7227
9525
1134
7386
8280
4170
7248
5314
5458
6296
4846
1812
7770
1030
7667
3802
8876
3195
5593
3541
3274
9615
787
3771
6239
8691
2691
3970
6421
630
2307
2171
470
5535
9843
3778
2386
4435
5702
9781
886
2942
4145
3296
9769
2060
8530
6095
742
8361
534
1131
500
5577
37
9411
4183
9531
1952
9938
669
5228
5570
5751
4217
2682
6463
9469
7040
7538
8551
8313
8877
6719
1055
2559
5697
8154
5287
3438
4894
5673
9823
4505
1119
521
7486
9800
3718
9542
3490
1252
4267
8749
5233
4186
4741
5076
300
6723
7779
4942
1077
2575
9749
4240
9549
5452
343
4499
4128
1954
8623
8441
3390
6430
3751
6896
2318
5740
1130
9990
4528
1453
6067
843
5164
265
6908
3360
9950
1243
2355
6129
7957
1066
2009
4485
3883
5147
2608
4848
9575
7464
3906
2578
965
4649
2602
4975
2665
1278
641
5823
3741
2224
2634
1181
3752
9079
9097
8836
1800
2797
6959
2678
1598
2289
1923
5842
2029
7545
7165
731
8530
6996
1811
4819
4669
5281
526
840
1001
1265
2929
3922
9675
9695
4394
8221
9025
2803
4130
7780
1815
5446
1130
2378
3627
3789
5046
9468
4788
5623
6514
606
4036
4774
7806
2492
2181
8463
4666
3254
4210
8896
631
5093
8179
5296
2637
2996
9747
4692
4710
9771
6234
6597
4030
2181
418
5091
4199
1220
3731
6135
9126
4999
1660
1322
8644
8678
296
6528
2914
2755
8166
832
9677
500
6487
7684
4359
361
5349
7805
4587
4537
1514
7095
6802
7482
9715
4805
23
8933
6984
6324
6429
1122
8033
329
2952
2446
4088
2187
1186
1626
2029
9870
3099
2629
9967
3104
8185
8118
1071
3471
8732
1623
2170
5399
2547
9747
2953
3135
2484
9071
8248
3233
3407
9581
893
437
5437
5975
2563
2471
9292
8645
8695
4530
196
5302
9969
9556
6673
4745
489
6694
6067
289
888
6123
8172
3696
4742
4210
9255
8833
4775
9018
4785
3005
8204
2144
211
6542
5244
4519
613
7943
3719
8226
7816
3503
6792
6507
2824
2629
1665
5049
3521
6059
1656
2326
2886
4893
6074
8653
8575
9241
1967
726
6556
4444
3877
1950
7827
9617
3933
8524
702
5111
7488
1362
2043
6075
389
1823
8727
6829
1749
2334
7906
7807
538
3469
5324
2752
736
9430
6658
1698
739
3752
7308
8619
3990
3769
8425
6122
8239
7390
1167
3345
255
3827
9866
4
8775
1921
7395
347
2909
3380
8708
1877
2297
3863
289
733
1841
4741
3503
6129
2245
7452
477
6252
1736
202
4630
2106
3151
8048
7429
792
2671
6712
7335
5395
329
2125
417
183
8078
182
3265
6013
4025
5906
143
2303
8874
9158
5234
7137
3628
3656
3461
9031
5759
6571
4373
4433
4070
8389
6383
1737
5046
7928
6597
1546
9000
931
3710
3863
6521
2955
1874
7051
6049
2616
208
1967
5000
8872
4838
9440
6866
1467
3760
1642
2089
41
5643
3611
4236
2344
4244
2735
8593
4987
4643
5569
997
383
3965
4577
9516
3665
996
7960
3222
2838
827
7308
4110
6419
4575
4776
4211
9502
5612
2691
4040
614
4727
1345
6057
5891
8572
1154
7511
3716
5069
7114
8004
7108
6038
7446
4022
6243
4111
6703
4009
743
6202
7804
5725
7480
8464
3118
6319
7805
6049
5962
3630
6619
7153
9978
9777
9228
6249
4019
4663
4230
7476
3880
5137
5690
349
809
8526
9601
6002
9665
7903
2436
512
2684
4788
4863
2047
9184
5431
3255
6929
2930
1633
3908
7886
5244
7205
948
7310
3670
1164
1580
8249
9768
9681
3283
8443
4453
7246
6691
9327
9137
9078
3552
6061
5022
7235
651
1056
7742
3344
2394
5774
954
9284
9500
369
5813
3000
1075
407
8748
1354
5416
4409
7390
5652
3742
5925
8466
2300
5289
8397
9999
4377
3432
5761
730
6797
3286
8910
1755
5151
7950
8569
4168
9108
2209
4052
3916
7766
2068
600
9084
2288
7543
8629
8184
4513
5794
8335
2706
1886
2505
4048
9149
9746
7349
3282
7822
486
8454
1077
545
4425
2410
2524
232
1001
9689
5839
3057
6334
9912
9507
4907
3647
6403
4119
5806
8371
448
3472
4345
2290
829
2277
2780
725
2706
5735
9594
3671
188
8858
9973
7621
6790
4741
1609
5090
6236
5000
483
9543
6952
5475
2517
51
2464
3126
2216
5699
8347
77
7533
2140
1046
5901
1201
1516
2295
4303
6355
3241
736
3063
698
7975
1773
1880
3763
4470
9042
3620
1474
9950
938
7045
8708
8700
1098
247
5328
1361
2970
7123
4416
6436
6910
6226
9443
5287
327
2994
8732
6660
3504
8508
8582
2929
4501
894
3802
4138
7741
4341
3668
2130
1433
49
751
1893
1659
5458
1436
42
3936
1404
9338
3398
8872
915
815
901
14
9197
6961
694
8905
8236
488
5539
1606
5344
7454
9802
1554
7618
8971
2043
2879
2625
6001
2826
1491
8342
4965
6354
8606
6655
6310
7415
6959
7960
1659
9807
5206
6643
8070
371
3938
1609
9097
5886
1444
8182
6541
1265
2348
2478
8698
9708
223
7060
5516
5479
9887
426
4415
7934
5495
4189
4921
4148
1543
3223
5118
2051
5200
5829
1649
5711
3410
4064
4674
8394
3067
1281
6229
5096
719
2974
660
9170
8615
2282
3399
5785
7569
1623
9491
3543
1263
5456
9402
4152
6859
7008
1182
4177
2823
9462
9962
1246
36
3117
5292
9978
4673
8675
2802
8331
2111
2060
2959
1072
6957
8764
224
9747
958
6509
1218
3610
6370
6005
232
5623
5266
7812
6502
8980
4431
9069
234
2331
5352
5550
6584
1108
5664
3098
6618
4713
1961
3248
8694
4605
4153
9397
4187
9415
8007
1745
9805
1502
4336
3542
2154
4087
7578
3109
3738
3719
9555
2668
4818
4630
4100
790
2123
8113
245
3922
5297
866
6391
5196
4086
4755
5277
8627
2559
2934
6540
9109
8317
9642
6648
3759
2256
8147
8079
3392
8805
3033
7552
8899
4395
5906
5135
4560
2624
1817
8063
5609
7819
3673
9599
6976
2246
5839
4205
3508
8179
6395
7896
6026
113
6491
1272
6016
4978
3276
4026
4787
1640
5019
1281
6892
7838
9198
2211
814
2345
9308
1087
7645
3858
7940
6040
802
6655
3561
55
6595
3365
7123
294
765
5796
2356
8273
9276
2122
1063
2144
1393
7514
470
7729
1620
8480
8826
4929
8839
227
8932
8796
1558
997
1315
4782
4686
5886
8667
7749
9498
5159
1688
5750
6850
512
9332
9984
4061
2562
4016
5097
7714
5456
2653
1575
7924
1855
9545
7168
5304
1440
7942
8671
5979
4321
5128
4982
2438
