897
1
4340
1406
9077
9928
9378
5030
775
4192
7823
7076
3861
9335
1941
266
5458
270
9266
7423
4155
397
9813
451
4685
9243
7329
848
9167
2611
7400
1651
7285
7442
975
8192
6847
3079
2614
6096
7896
4106
320
4920
5894
8417
510
8304
8717
559
1260
2099
5370
1836
1210
2390
6869
6691
9900
6728
5988
5501
7883
4513
5206
6916
2955
6894
4289
9322
758
9581
1523
4300
6822
965
4531
7109
3072
7927
3029
5566
1214
7703
4985
7469
2008
2768
573
5122
8965
6244
2158
8457
4176
2370
7105
9518
1041
1698
2518
4460
86
8351
777
1144
5363
1952
1998
4042
6744
7974
3635
8700
5626
9662
3510
5078
9155
5424
2486
4224
4476
2595
5998
3394
484
3033
4892
8719
2100
5790
7971
6084
2000
9772
7138
1992
7947
5660
3724
2800
9188
6012
6258
2659
9109
2584
3618
3661
1975
9527
8101
3456
269
8465
3409
4945
6283
4026
5485
2579
3686
9368
4286
4751
116
9551
132
7828
2410
8584
7974
5179
9140
2110
3214
2060
2616
4364
6241
790
3623
5770
1298
7974
1286
7031
5059
2202
4936
215
7314
3852
2243
2374
1733
6181
1416
5146
1338
8325
8023
9640
2119
812
1196
4054
562
7252
9778
6607
4204
5335
538
4195
1430
4079
329
8300
6330
9321
7879
7985
1570
776
3996
1678
4332
4736
8337
4685
3278
8533
688
7782
145
8628
3970
7172
4871
9068
1770
9629
5280
1917
267
3576
5379
4922
9638
7304
6301
5463
2118
159
2347
8662
9797
6
9428
5776
5652
6736
8839
4907
4138
3119
9780
598
8936
7202
7942
1448
796
2786
876
9059
5023
8203
3690
9631
5619
5682
8633
1613
6202
5713
763
3367
7028
3390
3822
3111
2266
2097
5534
1123
5574
7352
4207
3829
8946
5812
9581
5855
8463
592
3352
7018
6991
9861
5007
2310
7802
2978
2536
3556
8563
8838
9723
9570
9797
8308
9008
8459
8273
2025
4554
8541
139
7508
2751
8754
5759
4744
9101
689
3005
3778
8918
7951
6997
7355
531
6069
4666
9925
384
6552
7339
296
9961
9250
7066
6776
7833
7325
1650
560
7684
6016
6575
452
7828
4664
1420
2906
6433
918
5414
7018
8848
3471
8067
9471
8737
6740
4377
6359
8894
5707
5518
5187
1809
2832
8459
2731
7613
6420
2358
7963
1134
2505
7915
1427
6147
4952
3905
6185
3149
336
3860
8790
2121
3939
9815
7426
9587
2212
9799
4690
976
2893
6273
8238
4833
8962
8727
348
9486
4192
6990
2391
5974
3842
4875
8186
304
9349
5715
4434
6467
2426
4249
8289
8367
9612
2748
6879
8551
2540
3226
9720
5531
3394
6718
4203
5158
2398
7301
53
4117
1351
5034
98
441
2502
7970
738
3548
5267
3660
1310
7626
5667
596
4418
8653
220
8386
9278
174
5442
4053
3488
736
4668
2057
2688
8771
6597
6402
3660
8579
8102
4150
6674
1981
9335
5997
4535
771
8518
7502
8040
4138
8477
7548
5694
4031
8215
4611
6809
7338
4841
416
1959
4931
8827
7937
4977
1066
1810
5617
79
2366
5389
1932
2537
211
6543
5591
3661
2070
7744
6997
8080
9644
1071
6202
73
5407
3316
6516
9310
4935
4474
9984
199
8572
1428
4518
9657
7390
5735
6327
9631
1603
7503
8885
458
6361
958
6076
139
1764
9277
409
6424
8481
4815
4706
3779
1706
7606
9662
3706
6295
7683
1692
4600
344
2383
9635
2181
3259
7224
2361
5325
9444
5073
5716
7744
530
543
4534
4552
231
5872
8669
2469
65
4789
6462
6955
9199
7660
2773
4933
7683
7076
2848
6965
2714
9802
4184
3862
8555
3017
3821
9741
2868
3065
1374
152
5240
9392
7909
8426
4955
2879
9174
9434
4019
6246
2299
9285
9720
2578
2623
26
4220
4920
3481
3349
4946
6039
4817
3460
369
1193
8075
923
1228
2652
9905
1293
496
3863
7683
3053
2263
7070
1480
2038
4656
2713
7058
6849
3559
747
408
2804
2163
9960
6000
6928
5859
8298
7966
6777
8068
7800
8060
3326
6951
4221
6745
6589
4657
1174
4841
5321
6945
1610
2535
4954
5271
2333
5833
2359
7353
8290
9118
2993
4951
2232
5177
1046
8268
7420
7917
5551
9159
1118
6268
2426
1971
7416
3007
5980
4262
2284
481
3368
9302
3922
2
4506
7861
3013
2554
8102
2725
3824
9045
213
9548
8518
6985
3696
9150
7147
315
7340
1048
1380
9515
4625
4521
3140
4203
67
5974
2172
1622
4886
4654
5231
6148
6084
2318
3746
9607
9526
9762
1041
7519
6226
3945
8671
1774
6317
2547
3682
2354
1728
4776
6694
9892
436
4515
3107
3091
9648
3605
3014
9795
5114
5018
7771
6027
3606
9608
8228
5714
297
4092
61
5217
8721
3847
8468
9496
1317
4190
8152
3405
3539
4958
2334
7855
8032
1753
4800
9169
555
8387
1987
2427
3995
652
9628
104
2175
508
2695
2502
9653
8177
1092
7615
9525
1324
4132
5315
462
9035
4174
3726
3644
3241
8570
9727
9098
7746
4147
7514
664
3448
9508
7347
2454
5852
5554
7994
9982
3148
4448
76
2650
9958
2215
2520
3665
1408
7836
4815
9169
4507
7427
3424
1974
5093
7003
1234
8911
6225
1203
8179
3227
6383
2136
9582
250
1769
7027
4672
7786
2829
9679
8198
6534
1330
7501
6464
4039
5920
9844
892
3397
86
4928
143
9329
1382
3014
2465
