4068
0
59
914
627
-929
-269
1116
2484
-4724
6562
1088
1783
5203
-237
9598
7003
-7018
375
-3289
6706
3018
-3247
-3054
7357
-6794
-1292
-1307
6106
-1302
-5417
-6785
3017
1217
3504
-578
-2286
-9125
1964
-8917
2976
5318
-1370
-6469
5456
8694
9243
6467
450
9770
3272
-79
-3732
9541
2149
3375
9327
-8705
8280
5424
3995
4144
-2912
6595
4176
9179
-1108
9567
-1737
-2053
7883
603
1335
-5277
-9221
-6768
8490
-7321
-9970
5854
-805
8016
4463
-7560
-4536
-5463
-2368
2746
1010
6061
139
-6313
-207
-834
9381
-2161
-9450
3019
-5825
7881
6638
6948
7036
-562
1929
-4490
5646
-6627
-4177
-6610
-5677
9506
8058
-9226
2430
-9436
-955
-4532
-6198
5120
8588
3965
4451
-5006
-146
-5370
3732
7567
5516
-2086
6750
-5712
9706
4732
6522
-736
7871
-4945
9975
-7918
1533
2348
1853
-2187
7942
-5801
-6802
-8349
-5185
-3139
367
3574
-6193
-7419
-6218
-2008
-6097
-5523
1970
8284
713
3470
-8093
8080
4455
4185
6119
3963
-4850
5801
-480
4877
-8023
976
3689
7639
7668
6079
-3023
9944
-75
3467
-1470
-918
-715
9716
9433
856
1201
376
-4290
7754
2343
1519
1651
-3381
-2414
-3868
8082
-1866
3405
-9616
-9324
-1645
-865
3434
-6445
3198
-9541
2046
-4862
9820
7959
7029
1923
-8508
7153
5854
-652
9071
-9165
6389
8207
9999
-7677
5526
2866
9601
2885
4382
-5540
7482
-1554
-6585
4303
7946
7862
-9159
-1668
9763
1202
-9911
-1586
6132
4518
-6826
-8944
-2037
5253
6650
-8491
-8007
4272
-3291
1186
-1511
3434
-868
5811
4941
-4244
2357
-8810
-1258
-807
8118
8728
8375
-7548
-5927
-7256
4283
7934
-4415
9205
5865
6400
8432
8014
-4447
7617
3893
7159
5337
-4253
-9017
7115
-117
3440
-6868
-7901
6190
-6800
-4193
3558
267
1664
4511
-6819
2152
1732
-4008
-7265
-2946
-5700
6732
6500
2403
-5331
-1710
5140
-6912
-9334
8576
1856
-5224
2234
2246
7813
-6883
-4664
-7128
1956
9719
-5263
-4140
3456
9601
-2121
-3858
-6389
156
-2116
3867
5491
-8541
8125
5367
-7624
732
8740
-4232
6423
7079
-2226
2688
816
5234
1498
-4396
-5376
-208
-4653
-6696
-6861
5790
5042
-5144
5424
-9466
-7563
9820
-960
-2115
5685
-1820
8631
-3213
5716
2874
-8298
2654
2809
5815
2487
-4027
-3531
-149
6511
-8570
6439
3228
-7677
-7094
-1407
5550
3206
6222
-5828
7733
-6430
-5067
-8879
-1000
5006
8632
5826
7937
-3483
8800
9731
-8253
-3210
785
-2198
7911
9845
-5055
-9231
-4886
-6303
-8517
-8525
-307
-9615
-366
-4635
-5034
-8709
-6994
-3370
2943
2433
-5751
-4030
3933
5233
748
-3279
8639
8618
-1843
5083
-8982
7466
-7671
2179
5529
3848
-6840
-1174
-9447
7880
1922
6361
-6155
4435
-1915
724
5309
-2314
1134
6246
5861
9406
813
-7381
1652
9683
3030
3058
528
-3519
-4606
-5507
-9528
-5788
3391
8327
8818
-3643
-9665
-2543
-4096
-2173
-9480
305
4027
-7266
6749
-9274
6566
-8646
5217
-6001
-7994
-8635
2566
4528
2101
-6240
6008
3339
9172
9435
1124
1107
6105
-4551
-7365
9594
-4278
8117
-7994
1072
-3131
9581
5327
-843
5175
-1110
-2184
8292
-2590
-2162
-1188
-465
-9564
2659
7279
-189
-4326
2064
-2468
-290
-1527
-2590
2243
9934
8903
8488
7466
-7572
-7364
3969
5362
-8498
-328
-6419
-168
6733
931
-5579
-3102
-482
-7825
3198
9563
4795
-7972
9047
-8197
719
-1663
2411
-2568
8537
-7769
244
-552
-9995
-2891
-127
-3392
9376
3365
-5905
-1871
-9468
-3929
4852
6542
2594
-5687
8434
5147
7152
-6747
1350
8717
1575
9480
-6426
3446
-2297
9472
5483
1461
7166
6005
-9820
7914
-1126
5813
-7753
-79
-7454
8040
5915
-5753
1581
-2056
-8193
-649
-9937
-6843
3589
-6222
517
6653
-176
-6209
-9412
-8479
3680
8541
-7975
731
6545
2909
2552
2350
5221
-3414
-4207
4033
-454
4058
9842
-9848
-3187
5130
4786
8781
-1901
-2063
-4615
6456
1864
-6963
-2271
1880
2655
2091
-3653
-1546
-9181
6697
-9416
-7149
648
6857
6155
-7721
-6356
4493
4719
-5667
-4016
1674
504
-638
309
8334
-3730
8492
-2468
7368
-7435
8514
-3528
7663
8759
-9261
-2628
-1667
6751
-7971
-3600
4548
-3369
4830
2077
7714
-8226
-8521
1642
-2997
-3543
6868
9999
-4158
5636
2491
6919
-19
-732
2384
2701
-57
1760
-3364
1360
5840
2224
-781
6653
2883
6313
6927
2094
-664
-476
5457
5226
5705
-2677
-3111
-9900
4305
7672
-3711
-7362
-1375
-3183
-443
-7280
4683
-4175
9456
-3617
-1926
7148
-9321
-5257
-6502
-7645
8659
2885
1397
-9034
171
-9173
1790
-1607
-7829
3582
-5347
6698
-1076
-2455
-1654
-1981
3350
-5803
4471
5427
-7961
5253
9290
2401
876
-797
-2414
6418
881
-122
-9467
-4827
-5237
-3186
-6261
2500
-2020
-4658
5057
-7769
-6067
-1669
4858
4013
-1818
7366
-5602
3322
1825
-2109
-4569
-5521
-1152
6128
324
6586
8391
-7294
2352
2563
-3434
-3836
-3667
-9638
-4932
-7585
4959
-8061
1026
5219
92
3181
-1930
1410
-3439
6510
8836
-7000
8112
5012
-3447
1433
-9974
-5677
3022
-509
3797
-5503
-7769
-4471
149
9232
7513
-8079
-6866
-9522
-3225
-7463
5508
9689
-6587
-7896
9543
-9941
4011
-671
-3913
-5633
4069
156
8369
-5300
-293
-4417
4658
4612
-5404
-6524
9325
801
9113
-9841
3604
8827
-8059
-4922
-4746
6974
5799
-5659
3424
-7349
-3607
-409
8607
-4547
3125
7901
3974
-3500
-6548
5829
3304
-3564
589
-8517
3715
1530
-2565
-275
-1788
-9923
-7173
7318
3784
1272
-6464
1000
-2790
8724
-9355
-9472
6239
-7774
3970
-2017
9255
4959
5921
-7100
-1333
-6946
3800
-4684
-8858
-8357
-9162
-9538
319
6991
6671
9445
-4851
6361
8550
-1658
9107
-7720
-8763
-8846
1309
5589
5355
-5430
-1155
569
6165
6188
360
3973
-141
9984
-2904
-8455
-6873
-5879
-6100
-2046
9397
2481
-4634
-7104
7681
7581
-2156
-5791
-2120
-8920
-6687
3258
-4340
-4869
5401
-3005
-2016
-4311
1776
-2172
-1013
1275
-8496
9898
-8763
-5592
1581
-4488
4725
-8969
-8178
-6760
9522
-8752
656
-5713
-5124
3822
-3607
3489
-2458
-1507
-902
1048
6966
6272
-7968
-6830
-7807
-4999
5345
-2619
4813
-1785
2351
-7374
-8852
-9824
-212
-5956
-4725
2267
4468
-8497
-4984
7695
-2837
3941
6258
-170
5885
361
-7800
-8943
-8136
-6566
647
-9500
-8225
7337
225
223
-6473
1128
3381
4398
5360
7115
8766
-3146
3846
1235
5689
6977
6805
-1019
1732
5541
3898
-978
-2108
-2062
72
-74
-7632
-5289
-6106
2434
8055
6534
-7628
-6081
3529
-2599
-2198
3118
7230
2514
-8938
8276
-7660
-1260
-8116
-8188
-884
1030
-3808
-3116
-7169
-6725
5378
-9373
1300
-5776
-1664
7659
7947
-9150
7637
1707
-9051
-3260
1188
2559
-2766
-2531
-2726
-2100
9720
1453
9076
-9425
-9596
5956
-2432
2382
9573
-8033
-812
4473
3463
-406
-4492
-5779
-2770
-9680
-3504
-7824
-5108
-2217
-6559
9972
-9121
-7121
-5884
6233
-2359
-2212
-2048
-4746
-9386
5249
9735
-4919
3299
163
7491
8832
6482
-2223
2387
-8790
-4383
4964
-5694
-4493
-1424
-8221
9132
-7820
-4382
-6392
7499
-2709
-5735
-3069
3545
7913
1207
-4240
-3406
9365
374
-881
3678
-9210
722
1574
1725
-5743
7478
5019
-3597
2999
-7096
1297
8992
9696
5754
-9847
-2253
-7918
-5708
-8306
-5668
-165
7973
-3086
9065
-6841
-6257
6696
-4621
7351
-5691
2214
9256
2746
5519
-3577
-6479
1732
-1288
-1440
3079
2188
-6932
-9031
1636
-9441
1501
-3899
9138
-5660
-9612
4510
1395
-5230
7285
-527
-1831
-3273
-5423
2600
-6748
7555
4012
-6721
9049
7522
3394
2377
5918
-7456
1538
9480
-755
4683
-5913
-7227
-2735
-891
-6865
-2382
5086
4233
-3074
-1231
-1670
2980
-1059
2861
-9526
6865
-7683
7260
3978
1798
7367
-9903
9321
1405
-2064
-4770
7350
-7327
-3284
2399
1044
9466
8966
9808
-4553
-5634
-6459
-8860
3456
-7220
3511
8473
-8476
7177
-3212
3819
-5922
-5572
-7000
-3532
-3884
9763
9060
7384
5500
3617
2743
8954
7266
-8312
-4213
-9746
-536
-3413
1017
-1252
-2516
-5126
9507
-1214
8660
7910
-5385
-4034
-3683
240
-4071
9965
329
408
7851
-2019
-4188
-2483
7989
-4989
-9137
-7261
-821
3644
9466
-412
5286
-2385
2693
6189
-9523
-3520
5350
493
278
-1058
-8608
9193
-428
-7485
-4154
4989
-607
-7423
-1642
6697
272
6886
-7489
2327
3650
-3644
320
-2868
-5390
-361
-5769
-9122
4907
-9410
3890
-3998
-875
-5025
-2300
8907
-1960
-2912
8199
4858
-8116
-6672
8555
-4684
5682
8630
-8647
-8859
4725
-6361
1257
-8056
7915
1081
9414
444
-8691
-2253
-2097
1379
-81
-7484
-5468
-8212
2248
534
1554
-7226
438
-1433
-64
9359
6688
-4331
-6045
4296
6907
103
-9071
-8474
-7570
-9154
-9929
269
6381
9897
1887
4111
8648
-5240
1643
-6411
3207
6607
9133
3836
-7477
-4646
4483
-1340
1211
-4186
5439
-4149
-3331
-2999
-5493
3016
6222
9443
-3297
-5861
4071
8598
8435
-5365
3267
1469
-6077
-7077
3100
9084
-858
-2180
991
-4315
298
2747
-9758
-9439
6306
2192
-1423
4595
8986
2511
1550
-7176
5596
9184
-9530
-5478
3873
-6621
5714
4937
6413
-3782
-1222
-2823
973
4813
3973
-3065
-5563
8853
3637
-7095
-393
5436
-6232
4906
1936
6421
8013
6798
-218
6011
-5300
-6138
6926
-6015
-7784
-3188
7292
253
9580
6317
3003
-2121
3474
3143
8696
2645
7692
-1181
-3766
-6678
-9149
-6154
6480
-6285
-3462
6847
-3219
2447
-3233
3100
-9116
4246
-6656
-1296
7219
-4534
990
-8598
9450
9411
1880
-1086
-6395
6912
-9951
4166
2028
-1270
6026
-6432
6044
-472
7008
-53
-9740
-2402
6997
-883
-5718
-5840
7803
-781
-4381
-3442
-1751
-905
-4368
-4721
1076
7538
5217
8358
1804
1332
-6408
7268
2711
182
-7086
3735
-1770
4303
1684
-2765
-4391
-9474
-3836
785
-3320
6205
6901
8687
3204
2889
-2528
-4258
8191
2229
-889
522
-3159
-534
5662
-7044
-6737
5675
-2381
2457
3753
-8118
-5932
4156
5526
-8804
5327
-8063
1721
-8119
3984
-410
-5848
5955
3817
-4190
-951
-1782
2287
-4974
-8812
-5600
771
-8565
3376
5148
-3651
-5465
8964
-6079
7078
6475
9744
-9066
-544
-1293
6845
-4840
8401
3007
-9933
-4426
-4643
-7590
3010
-5173
851
9512
1867
8934
2069
599
-5641
8905
-3508
-9807
-5847
560
-5547
-8525
-2025
-4948
-6075
-2530
7928
924
2046
9072
673
9720
3407
7263
-6275
6184
-8592
-4337
1493
4656
6537
-9361
9083
9182
-5153
610
-180
-8468
-7779
8079
4037
4156
-964
-57
-1412
-3943
8033
9530
6319
185
-1385
-1078
-7657
-19
-4422
5853
-3852
-1801
9473
-8542
6443
-3239
-7684
3145
-4616
7003
-3096
827
9977
2133
7122
-6819
-7716
3361
362
7672
-6290
2994
-1691
-4770
2501
5540
-4490
-8049
-7798
3223
-203
2217
7906
8373
-3580
2224
1173
-4000
-6966
-7329
-7916
7021
6886
-1965
2286
7431
2822
3987
7837
1066
5921
2700
-6179
-7378
9089
4405
-7978
-3194
-3033
4218
-6672
-5578
8928
-1012
9835
2330
5290
-7456
-7043
-3327
-4898
7241
9358
-5847
-2882
-2975
-846
-6324
-9531
-6310
2098
-2085
-5094
-4525
1098
2859
8371
-445
-2429
6370
-7298
355
4823
3572
7613
-5718
-2129
4936
7063
-8120
9178
4769
-9988
-3592
5344
4525
7630
1428
-6927
-6019
6624
5252
2455
-3714
-7208
-8402
-1617
-5832
-7035
-1959
9703
3920
909
4390
5135
8402
-7381
-9846
4980
2895
-7006
-5632
-9490
1148
-3781
2196
5500
-8543
-4664
9135
7426
-4910
7823
7685
6967
2369
-1611
-8578
3707
-1713
-9737
207
-3437
2268
-3132
1252
6520
-7858
3092
-4107
-1549
-2787
-4634
4886
4566
-2935
-2999
-3951
-4365
-1492
-2686
2742
9496
2049
-9218
-6930
3814
8562
9304
-5976
3099
-4381
178
8386
2739
-8476
6778
1659
3677
576
4766
-9866
4164
5635
2605
-443
2746
-5420
7229
7043
-6621
-1629
2549
1919
-9020
-5541
5258
7367
-392
-6248
-8417
8880
-495
3356
4337
-5834
5262
-9473
8579
5819
-3998
3874
5130
-365
-7316
-4361
7196
7699
5233
-3681
2672
2616
-9109
5673
9990
-4005
4472
4639
4854
-2077
-4716
8027
2516
3808
6761
-5143
-1887
-5094
3974
4651
4780
-926
3601
7367
9329
-1536
-4401
8379
-3194
-1921
-9823
7013
-138
-7315
-5598
-5630
-3182
8841
4925
4378
-4578
4799
9377
6686
-1672
988
-4900
648
5936
4559
5551
-5657
837
997
-4660
6509
6040
-2132
9053
-3395
-1250
1267
4288
1590
791
9302
-6109
1443
-6371
-7249
-2007
5507
-8667
8257
-5642
5948
-5615
-1659
-9802
8173
-7206
-1172
-7464
-9377
5247
8711
2370
8417
-9079
3729
8493
6167
6436
-8494
-5984
-6121
3097
8635
-9980
8971
-8879
-1873
-8540
4493
5132
-9639
7451
-5615
-6390
5203
-1619
-7136
-1660
-4128
6910
-5392
-3372
621
-1813
-377
4320
-8083
-3075
1695
6890
7206
8604
8960
1144
4579
-9243
1311
8888
2725
-7371
-8409
8627
-8362
674
1907
5863
9798
2106
1994
9737
4020
-7630
-4606
-6942
3429
-6676
8733
-702
1355
-8059
5192
6892
6310
-2806
-7105
4148
9755
-2139
8068
-8618
-8072
-7230
263
8472
-7576
-7425
1994
6005
-6494
-3005
-194
-8257
5657
-4805
-7766
-997
7042
-4280
984
-6455
-7410
9208
4363
1439
3983
-7409
-8741
7823
2411
9652
-3072
8848
-2194
-2386
-8113
1431
1896
-6892
6666
-1844
6911
4185
7776
9519
9614
9013
7395
-8518
7655
6635
-9869
3317
8360
-8112
-6900
2906
8164
-7549
-5301
8299
5981
-4059
-8765
2412
9164
7715
-4382
9054
-614
641
8556
887
-9579
5241
-9608
-3862
-4947
9592
4322
-1619
9262
9773
-1780
8209
-7413
-3778
-1827
3654
-1633
4717
5547
-8637
8491
9929
6074
9017
4715
7860
-3734
-9399
-6449
-7184
-2747
-5388
5237
7291
3976
-8137
-4246
6793
885
-2802
9120
1342
-3416
8095
-5706
2651
-3051
7865
-2786
-4124
-141
552
-7440
-9760
3750
-9366
-7853
9817
-3376
-4895
4362
-1511
-863
1848
8162
-4769
5408
-3433
387
-2008
-4011
1185
-298
6862
2034
-2663
-2480
1366
-3485
-1066
-1819
-1770
9544
-5573
9526
-9667
-310
410
7225
6101
-7202
-3585
318
-4074
-8663
-4337
-9146
7986
-8813
6289
9411
6021
4330
9868
2686
-4051
-2177
-2173
1790
-7520
2314
8307
6796
855
-1331
-5848
-7714
-9963
-7095
7171
-6548
2000
4757
6295
-8857
-2326
-6000
-1969
-2614
-3290
-10000
5256
9541
8286
8101
-4151
4756
-8989
-4523
6766
-2802
1744
8460
-9968
-6897
-5830
4019
-9891
-8024
-7574
5189
-1003
-9834
9687
568
3872
9368
4114
3056
6955
-6930
-1632
9544
-2147
6957
6874
-2750
6649
6949
5495
-808
-8410
-2020
2044
-9091
-1022
2904
1989
-6573
5821
-4766
-9479
1150
-314
7412
1971
5576
4611
-919
4354
7180
-4790
2000
2602
9076
755
-7309
-8729
-350
-8277
-9363
2403
-3900
-4020
5798
8285
3401
5046
7106
-1988
5124
-9365
5208
-9585
-4709
368
-8927
-8079
5359
9819
844
-4246
-6467
-1922
-6871
-6584
4321
4956
1142
-159
-1805
2565
2150
-5335
-9364
-5609
9722
-4023
-1918
-3940
-6408
-2792
-6287
4768
5736
-3142
9943
872
6555
1161
817
-2796
8962
1393
-5541
-4997
8255
-1745
6268
2906
6070
81
6585
-4177
-3297
-3123
-9091
6600
-1612
6703
8122
248
2346
6542
8515
-1253
-2601
-7078
-4408
198
-1911
-802
-23
1490
-3713
-5945
-2100
-3053
-3346
4567
6694
335
6587
4397
5691
-9244
144
3684
683
-3153
4293
8420
-8428
9438
-9474
-1574
7038
-7324
-4693
1714
2995
9030
5117
-4143
-4469
7101
2456
9442
-4216
-7574
-6745
-2394
1945
-7621
-6718
-3293
-7871
3234
6010
-1564
4368
2705
8819
9087
7021
1716
8012
5538
738
7347
3166
-2473
1214
4575
-5483
-7585
7248
-6652
7750
1581
5763
943
787
3009
-4595
-7283
-6989
2898
-1346
-3543
-328
6403
-4682
-5825
2589
3826
-4645
-6114
4023
8996
-9900
346
9236
-3188
1909
9940
-5946
6063
9091
-2329
6682
1639
3662
-8355
-6287
-2946
-9375
3543
-3373
3144
-2506
-9722
-6841
202
-6505
6515
4590
-4921
-1217
7471
2264
-6439
8850
12
4848
513
-9800
-6681
-8192
6918
2918
2976
-1303
8811
-8297
-1449
-9611
7786
8378
6797
-3960
5079
-8688
-5965
-5537
2561
-1148
-3917
-1297
9997
9305
8741
443
-5294
-216
8386
-814
3099
-7261
8474
-6585
-6572
1551
7540
8554
-9758
5326
-214
5572
7127
1266
-9180
2992
-423
-3534
6816
-1646
-9826
-138
5673
2829
8275
-6169
1423
-8363
6988
-4816
-5835
-4062
9476
7463
-234
-6123
6318
-8535
-4115
4536
-8720
5648
-3562
-3191
4999
4299
4513
473
-3233
24
6094
4575
9255
-6663
7074
7473
9264
3658
8513
8505
6224
-6456
-7054
-4928
8322
6967
-5996
-2235
5625
411
3695
5083
-183
5217
-2860
-7341
4654
-6806
8031
-2040
6692
5780
6260
-419
-979
6899
9533
-2437
-7220
711
4084
-3631
5765
8835
-7253
-6746
9636
8534
-3102
-5366
-4234
8790
7351
-9187
1817
-818
2429
-1546
8873
2530
-2024
-5062
9460
7064
-7684
9394
880
3390
2481
5708
-9915
-823
9674
1487
3394
-4509
-1963
-5072
-2457
-7386
1317
9533
2481
-6073
-8148
7278
5106
-8714
2632
-8117
-1781
235
-2338
-6289
-7669
2403
5555
-5245
-5920
5730
3714
8007
682
-1382
-426
-5155
8907
-9667
2984
3075
3435
7360
-1708
9803
2959
8384
-7573
-8278
-4360
-3089
9837
3304
-2737
-7657
-1165
-4714
-5906
7504
2690
-4903
-9872
-2957
-4123
-7363
9918
-9662
8338
623
-6517
6187
-8206
-5018
8415
7700
-5086
-3915
-7084
-4925
3382
1172
8624
4278
1349
2661
-9233
2951
3365
6566
-8979
5888
6950
4008
4513
5958
-3289
-929
5271
-7759
8623
6741
4884
-2269
1917
-6281
-8252
8187
4487
8832
-7163
2504
5517
-9538
7300
-3937
-1599
655
6551
5441
-4572
9899
6264
5588
-6768
2101
-9534
5865
-2993
-6556
3616
3714
-3283
3662
-8550
-8865
6206
2702
-2849
1962
-8703
-8724
-9169
1604
2439
6824
8401
-8570
-6451
195
-2319
-9608
3987
8595
-9250
1479
-1653
-2484
-1665
5496
-2473
-4833
5910
-622
7147
-3123
7231
2258
369
2153
8035
-689
-8204
3133
1513
8310
-4421
1299
945
8676
-6659
1617
-8206
-2601
-369
-4150
-5374
-1947
-4054
-7682
-3982
4257
-540
-7278
-913
-1152
2500
-4109
7101
6415
-1011
5399
8273
-4345
-9636
-7156
2955
1228
-9891
-9285
-4005
9319
2324
-8029
-9956
936
-4337
4834
-4175
-8591
9352
-2466
-5734
-1361
-6899
1455
3455
5790
-1770
3886
9213
-5980
379
-3816
-7800
7281
-9338
-3787
-464
9436
-788
-6441
-221
-2802
-7047
-5643
1904
-6022
1252
9438
-8228
412
-7568
-2167
-4168
791
9106
-7728
1091
-1161
4822
-3224
-3044
-2642
-3205
-6013
-4786
-7717
-2740
-8781
8223
8139
4109
8147
-3311
-1020
-6399
5668
-4075
-7920
5181
3850
7208
4424
4050
797
-7865
-6293
6267
3096
-9722
3800
-2526
1108
9646
3563
-6905
-7487
-4905
9226
-6391
-5422
-64
3241
-5728
9715
6489
-560
-9198
3304
3517
5046
7514
9710
8105
-9397
-5631
-2034
9830
-1557
-2069
7582
5292
6126
9336
711
5578
-8286
8768
-6566
-3182
-22
7999
6396
7427
795
1288
-6222
5059
-5053
-1764
1576
-3768
1834
-6172
2133
6032
3486
9624
9442
-7827
-6117
-5999
5565
-6177
8235
1927
5122
4545
6376
2876
-6464
8585
-4811
3670
-5244
3738
1577
5368
1790
-4674
5491
3273
-1079
7113
-1453
-3418
-8078
6903
3823
4152
5265
-987
5483
8948
-4574
1727
-7828
4034
1696
139
-9913
-4047
1252
4119
-2810
727
3398
8984
4633
-5285
-6077
3219
-6273
-4207
1102
1899
-1082
-9122
2195
1898
7504
6703
-8292
-7552
-9716
6278
-1135
-6026
7828
-850
7785
-5354
857
-5636
-920
-2593
9819
1680
3048
8472
5921
-6797
8062
-5383
-6028
-6113
-1420
-5767
-6889
1484
-1977
6294
9159
-3194
1542
277
2488
1082
4204
4857
1030
4621
-6736
-3954
-5594
-6979
5385
2788
-1325
4420
-8892
498
6970
-4347
-7021
6614
-1176
-9308
4953
-7213
-8638
4302
-2983
-6756
-3914
-5835
5208
-5586
-9298
2030
3141
2684
7899
-1305
-9876
-5058
711
9633
1643
5056
-6796
-2294
1896
6263
-2959
-33
-1480
-8021
3668
-7495
-192
7303
-3138
-7504
7447
-1947
7936
7928
-7327
-273
5615
-3180
7925
-9808
6722
-1747
-6093
7836
-130
8821
-7247
6383
-6508
-5284
3012
-4764
-9714
-6257
-2776
-6456
152
9311
-6336
9967
-6878
-1109
535
2091
-7723
42
4665
9154
5166
8347
452
4332
1219
-8666
-7221
1633
953
5421
-5660
-1509
8718
-5207
-7850
8750
-5628
5575
7138
2981
2189
-552
-5073
1979
907
-5725
6604
-5875
-1122
5778
3256
-8626
-8214
626
5731
-1606
8815
-6963
4050
-8423
-2035
697
-1970
-7365
3634
-8065
3005
-8578
-8908
7725
4297
9195
-3760
-9791
-8853
-9908
1897
-5053
4826
2666
-1371
1555
1718
-8518
-7617
5421
4253
-7629
9442
6839
7710
-6989
-2894
-7692
5738
8980
193
9738
-1168
2009
6959
-5571
6884
1806
-9607
-5289
-6058
9363
1444
-1886
2161
-6123
-2011
7344
2918
8755
-3737
-4749
-708
-1917
7092
-3338
645
-4260
-9687
3079
8351
-5367
1498
-1697
975
9942
1064
9524
-1287
-3285
1476
-8559
-9645
-4725
5999
-735
5974
-1977
-344
-4073
5731
6981
3141
8565
4825
-9560
958
5044
6864
-532
9253
2103
1296
-2093
-4317
-3169
981
2213
-540
5828
-3016
5082
9161
4921
3665
-434
6282
4684
2781
-4016
8206
4313
952
-2217
-9488
2141
7512
-6701
-4852
-5567
4969
6698
-5082
6378
-5877
-3496
-1889
-9718
2266
-5578
-8734
8783
-9170
332
4233
456
5464
-6733
-6122
-4626
-2902
-404
-2865
-9572
-8526
3863
8576
-1674
-3520
-6580
8258
-8714
1100
7977
-976
8630
-7586
2620
-4990
-6153
-8840
5187
-6894
-1793
-4099
-4912
2456
9897
9302
-3038
958
-5802
-344
4379
1526
-4376
-3659
-7341
-1863
2268
-8499
-9470
5219
-5595
-1845
3439
3281
1666
520
-3859
-1039
7396
1243
-2051
-909
-5304
2036
-3119
7329
-8720
8779
2490
3182
-9253
-1690
-8333
4174
-2276
-772
6784
1178
-2384
1099
7993
351
-8078
-4803
-542
-1237
4866
-7413
-5779
-288
4157
2679
-451
1417
-5508
7121
3249
-7815
-2682
-5959
-2675
-5286
-927
9140
-5456
7812
9704
2035
3608
70
-1828
6379
715
6610
7688
7910
-8008
-7802
-8618
3004
-2395
1932
-3208
1537
-1640
-7272
-4548
-4285
2424
-5125
-2097
1668
-4810
-4830
-1788
-4920
2790
967
-3499
1357
-211
5494
1181
-1127
2693
3838
-7382
2100
-7392
-3854
8145
8953
-6037
-7388
-4343
4455
-1824
2261
-3466
7759
-3037
720
9238
-7496
3114
7122
2774
4512
-6568
-6957
4564
-5614
4515
-4389
-3
6518
3525
-7461
-3440
5917
-2445
-8442
9052
9131
-7745
-3525
8847
7997
-6688
1394
2203
-3372
6027
4982
-6285
-1595
-7701
9302
2898
-9927
2643
5498
-3025
1625
-9413
3485
-2632
4238
-7243
-4368
-8687
4915
-2472
-1370
2463
3316
4526
-4306
-225
-3838
8989
-680
4580
6021
-8852
-7644
766
-3654
8914
3654
5324
6931
4948
6524
8979
-8310
-9049
155
-7973
-1350
-7901
2351
-8068
-1544
-9087
-3534
-4690
-9569
-6067
1965
4758
-6533
-8794
1339
4065
5997
-21
-2610
-4142
-5789
7222
9828
-2273
-8180
6275
8466
8475
-4486
-9325
-7598
2345
-2517
6465
4297
6948
-8088
5846
8916
-5088
3230
-9870
2860
2654
7072
-4956
-8443
-5909
-9561
8664
-6776
-432
-3655
-2641
-3542
6407
-204
4865
-7853
586
5381
9915
-5525
6029
3753
7410
8795
-1237
-8586
-3953
-2142
-4877
-2505
5005
-4884
6633
4243
4469
5476
3610
-9116
-7755
2619
3019
-7735
-2351
9506
-491
8156
-1021
-7431
6693
6166
-1768
3787
7536
-4957
6710
3079
-1527
-5813
3423
-7265
4607
1390
-3364
-6351
-1940
9582
-9063
-2562
-1515
5816
8749
6763
-639
-2328
5757
-9283
-2103
-3332
-2361
-5721
2290
7791
-5231
-1962
-8234
8865
8905
6472
3591
-7427
-1836
1196
-7117
-4438
9122
-435
8130
-7105
7190
7199
9985
6801
4880
-3086
8874
4886
-9144
-2438
5445
3728
-9438
-3286
-3914
2178
9484
-7739
8758
-7724
-6832
7520
799
-6210
-315
-2026
-1842
5391
-8229
-1462
3596
1661
7113
-7181
3334
-925
9785
-8571
-1681
3656
-495
-1408
7975
4518
-5549
-1513
-7787
5425
-2404
-352
6155
-7835
6924
6157
-716
-824
-4483
-4084
-4835
3031
-9364
-220
-636
1348
488
-1090
-7541
9328
-2779
9136
-8357
3534
6803
1504
-1507
6964
-7104
-7936
7948
8900
-9382
5961
-7832
5603
-4155
-9042
-9823
-4632
-3892
9368
3597
9782
2274
5918
6189
7131
7137
-5271
-5993
4684
-7176
7543
-7506
-384
2436
8803
-1934
3656
-6982
9124
3700
-10
-999
-4331
-4832
5440
-7144
7508
5370
2749
8038
4130
1556
6661
3582
-6372
3074
-6710
4809
-7835
-9096
-4139
2802
-2451
-8125
-9861
-9616
-3146
-3388
815
1137
-3761
-6263
-528
-539
-4101
1528
9771
-1322
8226
1288
-3552
7901
2053
8935
1079
-7984
-1473
4699
59
-7508
3878
5420
6295
-2566
-1417
-5482
-3213
-800
-4562
429
1941
3913
4277
4976
-5938
3033
-5386
6662
5425
8827
2580
-5795
-845
-4053
6267
3412
8596
4206
-7811
-41
-7587
-5853
-1418
2476
4691
-4759
-30
-7170
-514
2545
430
-3999
3045
4467
8507
8258
-277
-1579
-7069
2325
-9795
9466
5066
-1321
5095
-2464
-9114
8624
-4582
6340
878
-5169
-7182
-643
4930
-2206
-376
-5907
-4465
-3844
6819
8486
9081
7084
8523
8533
