2627
0
9119
2869
8846
6083
2570
2388
4457
8757
7340
2555
2872
6218
7559
400
2752
1759
5169
1781
8604
7856
4856
9425
9104
2231
1940
9776
8469
6154
4231
4272
1438
6156
7570
135
2040
4625
974
9091
6804
4232
35
5782
8690
4642
3899
9537
9050
4769
3080
8096
2503
1550
6650
1974
5595
7775
2747
8374
7395
9644
6662
9510
709
2330
8773
6733
972
7824
4429
3479
6212
8672
8846
5111
9588
2139
8881
1226
9925
6257
7613
4744
8844
6828
7720
5565
740
6232
2212
9290
5019
3709
7497
6092
4255
1434
3954
521
7691
375
2936
9221
6046
2000
3582
8042
5000
5852
935
1797
4317
9717
3987
2124
1556
4092
9253
7928
8299
1994
2895
8761
8242
1978
3768
8442
1364
4430
9802
5725
1292
9552
7741
2194
2478
2698
6408
5960
7122
5107
1110
1114
375
8349
8918
4459
2484
2677
507
740
2722
3824
695
953
7606
3577
5077
4578
4694
5151
5516
8255
9635
3733
5207
2460
1714
3342
706
1734
917
9784
1700
4896
393
4282
122
3544
8649
5223
3572
2181
7775
735
2190
8074
9150
6235
9939
9606
7927
5412
1388
6077
4897
6441
7309
9478
2252
4054
1368
3024
1590
340
1436
7834
8912
1662
9770
9417
3882
7356
4036
1610
9030
9914
9416
1944
8430
5926
2755
8113
1927
4076
628
3415
8211
4696
9695
3255
6325
9038
5889
3938
466
3129
1209
4935
5043
8041
7662
979
3971
477
955
8182
8548
2883
7408
4216
6227
9037
6952
807
6675
3293
3900
7737
1782
5450
7801
5656
9522
7245
3767
5231
7231
4438
9520
3950
7416
6808
563
7778
9371
7681
1452
3871
4295
9369
505
4871
153
3233
3905
7350
5614
3207
552
7187
8651
936
153
9843
2679
938
3828
235
1291
7214
4694
9473
5750
65
8005
371
1551
7040
1359
4145
786
9057
34
5229
6614
3
1516
7618
6679
9792
7534
7957
967
3395
9272
6124
7892
8435
3781
3495
8319
3207
7559
754
8855
7007
945
7855
5183
5985
1638
5693
9624
3966
6668
9339
1745
7986
5625
2130
4439
8574
6289
9683
9575
235
9195
3987
6127
1566
6242
8004
9393
8608
1156
4492
6058
3820
7399
6638
8825
1680
4680
4269
4487
1845
8667
1134
4772
4350
8709
5167
3025
170
4671
4792
2668
7052
8371
1816
6482
9497
777
1585
9612
2288
936
1636
4575
3653
1613
490
3581
5875
7076
341
4066
4660
700
5574
9170
7148
3657
870
8136
5491
3307
9256
8343
7658
2347
5192
1239
5473
3724
4099
7789
8519
4274
8583
3712
2475
6490
7849
208
9895
7794
3491
3368
151
1384
7250
5948
9353
6177
4927
2165
750
6926
5449
9149
8927
2211
8839
9222
3881
1681
9976
3644
7850
3142
3169
6386
9293
6408
4224
2398
7618
5903
8818
7927
5820
8406
2819
8157
3141
6796
742
168
8980
3239
4888
6063
1980
8406
718
9617
1770
8892
3806
3729
944
1083
98
2710
5279
9605
380
2704
783
833
4669
5618
3003
2247
3294
9658
5645
9137
8900
8532
1901
6931
6335
4849
3087
3528
8675
3455
3576
8074
9259
165
7573
208
7427
6975
8278
9074
458
6725
6517
9462
1860
2745
7135
3899
2897
1818
2362
8086
2156
5595
7901
1388
5549
7570
8926
2853
2231
8414
4996
2839
7625
7441
2320
334
706
1025
9313
4106
6553
3826
5012
7067
2864
4120
6087
6440
7780
9331
6867
4841
499
3841
1316
8672
7558
3392
778
9447
4651
8001
5732
7444
6659
2721
3055
975
2517
5441
9948
299
4911
2296
3194
7214
8313
5954
2755
7369
1407
5957
1561
5035
6362
4774
2172
7811
8306
2296
317
3224
7800
5733
7970
1540
3730
2806
6385
4301
7967
7903
1421
9248
9812
407
9046
9093
3723
4712
4156
9069
2765
1820
2106
7241
898
8778
1833
4394
9527
1908
8005
6416
8906
9789
6590
1912
1051
4405
1773
6905
9376
1724
9647
4912
8627
5719
8286
1453
3684
7487
3862
8934
9522
9181
855
9035
3778
9514
9622
3132
5996
4449
4648
1069
1413
8400
9232
759
2502
5976
1551
3058
3609
4338
8811
9457
457
2999
3554
3979
9502
1241
736
7205
7011
3917
3664
8853
7095
9336
1996
7506
9220
9432
8464
4209
2905
6884
8658
6519
5050
3007
3726
5385
3045
8896
1842
8865
6115
8150
9941
7825
7566
8968
8587
8311
5220
5793
5799
7719
8642
2954
3195
9588
9039
5132
6239
3509
3148
6273
1087
1314
2097
2824
5026
4281
5692
3599
2078
8535
6687
3390
285
1674
8383
9336
3633
6871
9528
3306
6173
4665
3271
7288
9857
4271
1780
2647
1593
5798
4773
67
9509
8582
5273
5880
3074
7550
485
2253
2240
7515
5107
820
8267
2256
9264
3930
582
4904
7220
293
3714
7502
378
3448
9158
5319
609
3857
9199
1520
455
7540
6248
3576
3783
2072
7187
3387
4697
9943
5621
3263
9438
9622
9112
6375
1526
9906
2670
336
9578
3480
7117
6896
9513
4346
5797
9153
9980
2879
7087
4003
9930
1532
6797
5223
5941
2989
514
4373
8110
240
4082
2591
6624
4827
6773
2621
7783
5725
366
667
6743
1784
392
6089
8330
8755
7472
2285
1529
1536
9514
1205
8066
3279
2773
6735
8498
6094
8646
3149
2579
267
1761
7024
9127
7532
2382
7441
4003
5955
4243
7147
5377
5963
7241
3526
1616
7789
8367
2518
9204
5990
7505
4394
2171
4825
6998
8970
5798
214
5197
8716
4880
7220
1893
5373
3769
2430
3241
5225
492
1178
9772
4958
6540
9024
9166
21
5960
7428
2302
1589
2997
637
6242
6433
1893
2237
9741
7434
2645
3049
9416
1609
4324
1204
9922
4852
1017
3118
2079
4376
7858
4791
2498
1013
4856
8758
4150
4014
525
8217
6931
5854
9444
9336
5177
4057
1472
8724
590
9965
1252
3256
5674
2280
974
124
9607
1635
486
8175
7809
2250
5353
4550
7145
7384
8891
2246
1362
8968
3027
7620
4846
9546
2004
3346
8615
1781
6300
9700
3084
1267
9137
5501
7764
7547
1654
3542
5417
3999
6211
1169
3698
6188
7307
3737
1735
9769
1609
5541
2896
172
8722
5166
8186
2164
6435
3306
5438
394
3887
9862
2850
7899
1529
6353
7756
2839
9031
5014
6447
9708
1383
5220
8075
3992
1936
4961
138
4083
5991
7004
3023
8367
9713
9384
7724
3708
7898
95
1581
4514
7165
9723
9704
7601
5255
8946
4561
6830
1344
5851
7572
8139
6723
1877
6584
4972
9964
5515
1846
81
160
9323
7721
5977
3662
8487
9881
80
8874
547
5094
262
1808
4076
5533
8351
7617
1642
836
4535
2405
2013
7862
380
4159
5876
2284
616
9605
7303
9357
4843
9298
6331
5935
3424
8058
3460
7948
8316
4312
5375
5111
1328
8180
4603
198
3641
1582
1900
4696
604
6939
5933
2612
2519
2855
9863
6346
7369
52
9803
3754
7229
6108
6840
5359
8858
2701
980
2717
4616
5062
7987
7433
6400
1898
5438
4426
9240
364
3321
7548
2042
1640
5161
7939
1842
3206
6746
5806
767
6469
3846
326
5898
7095
2908
7064
4430
8419
4360
2641
7105
4543
5100
6265
8921
1134
5144
7200
8214
1132
8744
8080
2528
5169
9494
8478
7049
3409
3497
1289
7040
8863
8469
1645
5316
7131
8729
5638
4880
8599
9039
8635
7745
9202
2031
2331
6831
7982
1955
9709
9569
7685
6671
8516
5353
8139
6212
6035
8207
819
5908
8298
2421
2586
6940
4729
502
738
5190
5955
9851
469
4566
1969
8541
3995
6679
9352
6427
6481
9100
4383
9533
1096
5631
9784
1699
7785
665
3277
1639
6000
4726
1859
8599
1302
3353
9648
9861
4946
2325
9831
5006
2007
9227
8333
9728
7548
8340
9814
5849
7683
1199
3133
5668
55
6056
4804
6815
160
2357
6316
3132
9851
5058
570
4096
3060
372
4592
2397
4402
3430
3922
8892
3781
4608
1680
2874
1002
641
6626
1914
7931
9630
5169
995
1294
7939
6844
7369
4795
8539
9141
880
4278
2080
8261
428
6429
4135
6830
2260
1003
6952
2895
429
8739
4448
9226
8559
1297
7030
2187
7560
138
4246
9536
4936
5590
743
7527
8800
8742
669
5466
2921
199
1355
2590
9183
4520
581
9294
724
4719
1190
9286
1328
5975
1214
7338
9705
8424
1165
7449
4711
8449
3068
9895
7458
9740
3979
8359
6878
9237
9492
1947
4752
7161
2220
40
6821
543
4621
1217
2277
5729
8447
513
5110
9182
4805
2230
5505
5376
2146
6709
8870
9527
5768
6363
1354
5132
9904
7069
566
7818
3208
9848
4437
6024
3447
4711
7823
4000
55
7396
334
1766
2561
3062
8166
7678
7901
2705
1935
9498
888
3466
2308
5381
3665
4970
4890
781
1698
7461
4685
7626
3715
7724
9130
1560
2731
383
1436
2126
4845
5460
9039
8191
9784
6538
9366
2717
8994
3823
8119
8777
2085
2268
4971
8822
9621
4531
2629
6227
2772
7125
9331
5375
7445
8820
8757
7922
4156
4551
1585
3108
7785
8817
1944
1617
3517
4251
8236
2496
7177
4070
934
317
9534
800
6001
9205
3781
4237
404
4992
5350
1217
1669
7511
7718
4788
1813
3450
913
6063
3414
9084
1896
1632
8512
1374
5126
9814
414
4048
3890
4743
8762
7058
5569
9829
2127
7849
8018
1941
8411
4971
3222
2709
1711
3063
3109
8365
7631
2912
2686
3627
4306
5024
897
9142
2721
2957
9909
3408
6557
3939
9871
8982
1273
4494
6698
6352
7716
1413
4958
4135
9800
2799
6143
5956
6105
5626
9753
7734
1540
4665
2780
3111
2456
4756
8160
5955
2640
4576
5813
2394
1544
5558
2297
3753
9793
4985
520
6530
4123
3275
9163
4951
6023
1715
2823
9934
6242
3286
4434
5381
9515
1261
2752
7919
1071
7468
7778
3533
4027
8423
7282
128
5103
4511
5218
7015
8971
1753
968
5859
7297
6439
2978
4581
9436
4186
8224
269
5280
79
6162
5715
3491
5699
7370
7574
2772
2679
5001
7141
5001
9936
3500
7031
5759
9429
409
1683
8587
4523
727
4595
8668
8762
6008
8472
1991
5079
3042
5256
7388
6198
3871
9767
9275
3363
2870
7781
28
7541
6835
717
1087
7943
9678
914
4512
4368
1167
5461
8278
5482
715
2318
4784
1871
6360
4664
9064
1969
1964
6066
6258
9556
8323
3422
829
2347
302
1983
707
8912
8402
3962
4940
346
7287
4827
624
5798
8342
5986
5080
108
9726
6856
6996
168
4932
5924
5536
7348
4850
7736
4567
4648
2857
2438
9783
7177
5910
9271
8310
4445
6272
366
8604
2975
2095
9119
5293
107
3136
7924
7461
1644
5391
2213
8805
5700
8687
4104
5441
5927
1760
6862
5155
8150
4908
8081
4144
4135
3299
668
456
8831
6632
6778
3858
2467
4179
6392
3835
9558
4319
3581
7737
1533
8067
9937
3920
1261
5867
5290
232
8675
9132
9836
2622
8284
6871
3176
457
9449
6982
955
5681
7058
996
945
7566
9269
3043
8680
6093
4365
6248
1826
264
952
6708
7167
4463
5825
8670
254
8443
1226
4410
7440
2033
3342
6560
8562
4995
170
32
9468
5730
8798
90
8531
7521
968
2994
833
6739
2430
1707
6668
4211
9605
7589
2964
7462
824
6806
6473
1804
1909
7937
3368
120
5194
5788
2541
8701
5466
7672
7833
9278
547
8496
5730
9690
9760
4380
8288
7562
1090
129
1015
9005
7150
6678
3952
9365
524
8181
8653
958
496
9711
4829
5224
4718
9715
809
8460
8400
6996
3874
299
4002
1213
6611
7205
7648
1481
5991
6458
5538
4103
5477
3316
8065
4059
8439
1467
9102
4377
4131
6765
9055
9404
2737
124
8600
6631
4139
8731
4121
7153
5780
2215
4637
7416
9166
899
824
1516
341
8865
5906
3183
8825
8719
1877
4698
9507
512
331
4377
7112
7570
220
999
5022
9217
4387
5127
4157
3465
8205
1575
1027
372
3542
1960
3384
6539
3941
4190
7080
3642
3898
9741
4187
6886
7864
4493
8407
2170
1943
696
6046
4713
8551
7339
8221
995
9776
8469
5544
9360
2786
8353
2809
7145
9040
6138
4145
244
7436
1681
2083
908
3234
870
3998
3688
6051
6255
8934
1826
9776
8941
1609
8972
7909
9955
1344
1794
9940
3949
461
5720
5948
537
3656
637
108
2814
7855
522
4939
7559
7261
9290
3427
8739
2376
9817
2162
1958
3823
9119
256
2614
3410
5542
1140
7508
5343
8571
1622
7684
1367
5000
2719
1902
9640
7293
1679
4193
5384
5115
6173
9740
4230
610
5510
2497
3858
5802
1889
1906
454
5905
141
1000
4616
2898
1027
2500
584
7292
6210
2311
1581
5472
6368
5704
8365
2490
2486
122
7495
8640
8887
6752
8615
4757
2176
8051
5086
2722
4184
1104
317
4039
5585
9680
6422
7294
2587
1285
2304
8545
6841
7728
7433
1181
4486
9271
2774
7112
3219
8508
4378
6771
2703
6666
9609
8581
6893
2445
3444
9228
1793
5248
7427
1920
584
9988
3223
9702
1290
449
5345
401
3185
8400
3980
4462
6408
596
7069
4858
5275
2164
4513
5932
9585
5760
3687
984
7420
9700
6918
2532
9707
6185
9507
8097
5653
2041
8730
7512
7832
1225
3233
9582
2808
3793
8527
7561
4202
5573
97
1407
1606
3466
2101
7364
1327
1799
2811
369
3699
2521
2547
3875
4252
2917
9133
8567
8584
8196
6185
3834
9989
4031
6860
3676
2711
6487
3916
8490
925
3624
2069
1654
1109
5754
2690
4750
5029
2785
2874
7982
8930
3136
747
7978
6997
9588
4621
1474
7985
2443
6463
9773
8473
6506
7735
6257
6451
2819
6475
5562
895
4447
4339
7017
5581
1085
2133
3604
4987
7300
4086
4862
9640
9479
9412
1352
8274
4907
868
6827
424
3560
3915
5454
807
4499
7477
5827
2113
6614
3577
3512
4
1315
6075
5039
1870
5581
6092
6802
4662
2401
2287
2817
8317
2602
3528
7390
3570
8028
3668
9064
6417
3661
2517
8309
7461
213
6588
5282
7203
9424
4628
7491
5399
3790
2770
4947
8284
9502
4723
9730
8298
9065
8706
4758
9004
6024
2413
7326
927
9752
9870
4252
5050
7390
8180
5481
9479
3576
8150
9497
6069
4215
1881
8360
263
5481
9595
1300
847
2262
3986
8154
1638
1672
4443
4254
9438
1304
6747
672
5938
7048
6546
5667
9776
3653
5749
1259
9245
4206
3305
6334
9338
1925
339
8414
8683
2424
4506
4754
8789
9985
5200
5116
8444
7079
7560
3206
8679
8112
9325
8108
3380
2898
4531
1582
7454
495
2159
526
1141
3642
9362
495
5080
4304
6262
2207
65
8617
6246
6746
2908
6919
4230
4628
317
2535
6726
590
5983
3289
4977
1023
709
4222
3801
5454
8936
3307
2615
8254
1312
6848
6199
5649
6331
2176
3581
7069
2849
1957
5520
7366
7854
8304
9152
1748
9542
1996
3548
1847
5258
2843
6
8174
5525
6841
475
4695
656
5000
2183
6670
1891
247
9731
5780
8002
4231
7168
7140
8041
6459
8370
4263
9869
1213
5983
9898
5890
880
568
1865
2400
7211
9877
110
3131
6722
1274
7883
2467
4074
3627
1716
2608
5703
892
3420
2654
6114
5883
729
3577
5173
4767
1909
8273
3956
9432
5313
2008
115
5831
6127
9245
2412
7291
683
835
4715
9612
7707
7392
532
666
3381
8473
6437
9428
5730
1780
3365
4687
9402
5566
1536
751
971
5573
1225
8854
6482
2503
7223
2050
850
3650
6222
3408
2738
1650
1830
6156
9403
7670
9952
1517
4047
773
9698
5031
5983
1418
8315
2717
1655
644
9446
672
8447
6434
5773
2527
9184
2138
9281
3950
2145
6218
5954
6013
5673
2095
3462
4569
8805
5364
1356
8182
4349
1431
4740
3704
5625
5296
2676
1222
2244
3464
7961
6864
6211
5107
8211
7531
3669
6471
3649
6961
8218
9737
7518
8221
2160
3687
5831
