7879
1
2757
868
2306
8820
9668
9787
7549
6792
9853
6913
9106
7016
741
1486
9588
5615
6266
2330
2433
8897
1029
6916
5036
7441
618
2102
9011
2828
8917
93
579
5469
5673
6243
5142
5610
94
5194
2979
8323
5382
6881
7780
4091
5697
813
9347
70
5773
57
727
1643
1732
3200
3763
5913
3547
9622
29
7028
3368
9691
3690
8765
4264
2365
5362
671
378
7982
7315
9979
9212
9204
2748
7885
7659
9017
5102
1710
9834
2580
5302
6125
1046
8102
7554
7498
3837
2158
6997
3150
5822
6742
4931
2430
4952
9451
9153
7485
5328
1299
7578
7195
7828
3184
1876
3544
7112
575
9844
6189
5736
1357
4882
861
4509
3414
2262
6932
807
3272
4039
5657
3243
5935
3058
935
6782
6137
8841
1982
1713
6480
1580
7215
2195
4377
6792
8158
5019
7715
2545
2512
706
4333
6137
1251
6687
6562
5326
4354
7966
8968
670
8283
4210
6425
7789
6534
5312
8503
7392
7116
1050
8735
8552
1638
6989
6013
561
5886
4372
2577
5277
9359
606
8151
4960
7649
2544
4549
2693
6637
5125
1803
3496
8981
1678
1070
6294
8489
9451
3028
8311
6
2846
6775
7457
9978
3896
6754
8540
2118
7898
780
3663
7081
2628
4263
3972
1647
6804
5051
4589
5376
9667
6137
579
9983
8401
7074
4848
2801
9017
1317
6193
826
8708
1269
7143
9278
9793
3608
7696
7011
4621
5718
1920
1527
9900
5456
5049
7093
2622
4537
6952
9761
2617
3856
6532
6652
8960
8577
4108
3698
9146
1400
8981
5175
6092
5022
9224
8927
8400
2029
509
8705
7425
1172
2694
1772
7190
7473
7730
9312
1685
3939
2697
9262
6359
4589
6676
103
1515
6726
6442
8830
3971
7225
8959
2301
8451
3772
7633
1344
7401
530
1814
8502
561
7317
1135
2271
2212
9625
447
724
6151
9809
338
1279
7205
8356
4699
5585
6832
6491
6757
6959
3867
825
313
4912
2748
869
7355
4518
684
4642
8286
6927
4289
7515
8487
8508
2171
2559
1930
1828
8136
5984
4685
8246
3300
6234
3266
7859
7907
7634
7912
5718
7269
6507
6851
1535
6996
325
6656
8328
3897
5330
5422
1464
8294
3880
6939
2203
6296
8169
5410
4086
5596
6321
5459
9225
4549
8778
741
6430
6498
964
5153
5110
4578
5109
8259
9517
9598
883
4483
8447
3269
7381
225
7624
4309
1288
1742
3247
6972
6237
4783
5109
3468
231
6597
4
8785
5221
2107
4038
9898
1536
6669
4163
4982
5426
7884
2859
5598
1736
8255
2190
8681
8339
3778
8140
6492
9548
8327
2321
3744
8441
8390
2205
2604
2858
8502
5670
9801
1172
3340
411
2734
6390
5497
5360
6443
3984
5943
8650
6978
6056
7201
4962
5930
8605
9370
5563
4727
9983
5743
9950
9111
4304
3756
7968
3494
5381
9610
3906
8705
5302
1770
6707
5150
6968
8282
3683
3916
3254
4148
9679
3474
3452
1303
7401
3903
1274
709
7528
1934
5861
9561
6982
3023
5308
2804
1067
7432
9143
7708
4797
7350
6235
3692
7711
6993
9518
70
9111
3876
8478
4907
6767
3400
4619
6162
3345
201
8899
6595
3210
6456
3861
149
3986
1629
714
2917
8898
4203
9526
3167
8542
6385
6175
1100
6598
9017
537
7277
7095
1360
7225
1990
9540
1894
6197
7056
1666
6295
673
9237
5409
5442
320
6282
8661
5168
2619
3886
3944
9445
5763
5041
5129
4613
129
9244
1590
5945
8661
2590
5587
3388
2592
638
9046
1908
3602
4019
5136
1476
5108
6910
1994
9201
9675
3803
9454
5206
3431
3426
4781
8240
2556
7773
9286
4504
1478
8624
9888
347
7256
8139
6934
5636
5308
2890
5578
3631
9344
684
617
7341
1013
2565
4131
3596
5671
2772
5976
4216
8177
4092
2716
1639
5530
358
1649
1345
3447
2268
3050
1780
4797
7945
2056
5059
5672
4958
3793
8754
2174
4049
8984
6580
6532
7954
4286
9558
3828
1686
2737
8447
2819
1308
7873
2292
1683
3686
6670
81
3351
5219
6020
2717
6657
4962
8448
4813
9072
3262
4091
5922
1942
1158
5596
9894
8180
6530
5583
1721
8589
8623
3481
9691
7191
1040
3289
8490
7051
7631
7457
3256
8197
176
300
4152
889
1987
428
1333
3921
1591
4607
8422
8084
658
1555
288
8187
6764
2582
41
3886
691
6980
6065
9594
9632
9612
7735
4538
4302
1965
2407
5320
2781
5584
5972
7705
8510
6812
5344
8899
4307
7376
1782
811
8135
6118
5155
178
7169
648
791
8210
4107
5954
2083
6205
762
7188
7248
6886
5948
6921
2925
9603
8784
2500
4402
8290
1052
7825
158
1649
2228
7267
4603
5354
2901
6703
8341
7536
4499
2808
2784
1363
7260
7745
9944
2437
5600
2379
9099
5758
6769
5256
1677
552
7118
4866
9543
6583
3120
587
5687
3107
2458
6065
7525
555
5174
2387
5000
9926
4194
1854
6376
2955
7859
6002
8387
5922
1381
203
6927
2386
2478
1726
6082
3447
1803
300
3806
9962
8900
7943
8156
8012
876
3435
4948
3774
480
3758
1029
8291
2732
453
3744
1911
516
8821
3271
4070
3274
740
7675
7259
3432
4922
5078
7085
7861
5396
9641
3997
3625
3195
3786
1215
8996
2903
3252
2244
7634
1803
8094
2952
837
9756
9930
7761
9256
6868
8501
5776
8999
3647
7437
5242
2134
9669
7754
4357
983
3947
343
5200
905
5581
8671
6163
5948
8463
5073
2446
9841
5451
6767
7476
4099
5566
3860
9040
6814
4080
5975
377
8570
6143
7137
649
3277
3341
2727
418
2029
2112
4397
7109
8564
8788
4167
1729
3407
2334
497
6052
5898
9281
147
2572
3972
7773
3638
9465
1607
5275
2929
7846
7052
9561
5878
227
6782
6076
3827
1175
785
4434
1399
6300
8833
4474
2569
9499
4703
2264
5130
7216
7183
8762
5235
1893
6709
4199
4830
31
8720
1547
2085
9640
4308
7547
1206
6666
8204
2002
9281
645
9940
1140
4398
845
1186
98
5768
2396
5339
5246
2962
8079
149
9444
324
7777
4336
6125
2234
3607
851
1898
4310
772
511
8074
5373
5534
5185
4941
6665
2308
8885
4354
5833
9070
1343
8797
3571
4882
4694
2961
8404
1317
7940
4996
4833
5190
7587
6227
4977
5322
8450
7837
1597
983
7200
5626
4611
1153
3265
5145
460
1580
3700
2039
5926
6904
4569
1537
1549
432
2738
8776
2431
9175
8063
1485
66
3173
9798
1121
4594
9484
2674
5201
7765
3276
9163
4392
6248
2325
7421
5443
649
4259
4437
3871
6006
4582
1899
9419
135
4670
9809
2209
5625
1510
6917
5596
2192
3389
981
6307
5178
1102
3166
1693
9336
2734
5300
9475
5507
531
3825
9527
8880
8361
5590
5906
3071
9077
7160
9183
7747
1883
7294
7590
6684
1724
693
7358
1894
4018
4134
5193
5812
8999
1376
1851
9404
3022
3401
6214
1419
2084
5969
8243
9286
9839
1146
3813
9157
9423
7637
6368
7479
5839
7246
9194
2950
4902
3738
8578
1206
467
5839
4972
3133
6436
4555
8345
7408
677
5981
6825
1532
6021
657
5598
8344
6287
663
1311
2121
9153
4991
669
2064
3950
6450
1217
5946
9898
7568
3964
3195
8425
7406
9676
7871
1476
2267
3888
4200
1573
9818
3450
4419
5562
3690
1893
4712
6185
4955
9724
3830
3577
9406
5415
7827
4963
2842
1561
3314
2038
2823
8330
2213
5224
4630
5083
3021
3051
8049
542
9412
2962
5785
8389
9233
8655
4330
8589
1343
3665
471
4940
7215
3857
4940
486
2826
2429
3127
1449
7091
8642
7872
3996
1111
4405
4982
3018
4206
2191
6453
4601
9771
2359
35
3248
3955
4736
2925
6413
1490
9706
7155
171
3488
5892
9091
9068
3087
1060
515
897
4267
593
5712
8355
423
9250
6967
9782
4982
9627
7577
7136
9962
9755
842
2890
7427
3631
3032
6403
5763
4869
8850
1874
9245
5896
5364
4478
1148
2159
7850
1582
7329
9606
8919
7962
3263
8796
1913
4791
3263
2809
5994
360
8742
2464
3589
6365
6414
9485
9461
5351
1763
5774
425
9389
9588
7795
6264
6267
1206
9680
886
1320
5333
2298
4197
448
7961
253
3093
1835
6620
4866
4448
7660
9871
2565
2288
4805
6887
126
6192
7066
3712
6970
4370
6732
8073
6978
9831
9132
3346
7397
3746
3964
9846
5454
1174
7698
9632
3911
8229
1432
3969
6482
3335
1476
2136
9617
498
1993
4772
1762
9130
2836
4751
8626
1879
9606
2074
9544
664
5317
5390
4860
7588
649
4811
3734
2269
207
1838
977
8244
6189
69
3959
1079
4501
5151
1030
6123
4674
9757
278
4534
7284
2002
2217
6957
7992
5364
6166
1865
9240
1212
6456
344
803
2472
7894
3016
3798
9239
8356
6894
8523
1150
9984
7090
9964
8020
3915
486
3509
2328
9065
7290
8660
9668
9963
9991
7003
5196
1712
4424
6566
4089
6763
9229
3130
2791
4947
6350
4505
4020
1976
2062
2135
2850
3898
5160
2941
5412
2490
4065
7901
3233
959
276
6804
6184
4204
92
2686
3512
7686
673
5606
2508
691
4089
1540
7415
1150
97
5175
4438
2389
1373
2146
6251
7026
7803
8553
841
5975
8867
6039
1932
6145
122
6531
2626
8233
3226
7978
4484
5433
4021
2673
2176
2519
7969
671
421
4527
1603
8338
6992
6038
4889
4514
3144
7509
1183
4430
3143
1329
8693
5556
9861
8001
9182
5119
7086
6605
9286
7309
9568
1675
5721
9439
645
7765
6322
5789
4515
5186
8966
268
9025
4012
5771
4565
9973
8534
7690
1939
497
3653
8504
6078
3140
9524
42
7226
6209
6679
3261
786
438
4795
2758
8892
5006
550
5073
3342
9659
6021
2570
4134
1858
5576
9849
2276
8533
8681
9697
2426
8961
8983
3227
9868
5110
5201
9096
4141
9844
4829
5680
883
3983
7929
6277
4639
9717
1694
2185
2858
1179
7788
5598
5908
551
133
9014
3923
8559
8516
3097
4765
405
7742
3947
3819
1645
2399
6138
310
4298
4200
2207
5961
8333
3480
3165
3496
7294
3007
1947
6178
4244
7003
98
183
7075
3645
9169
7482
3023
759
1275
748
9987
5241
2362
5917
4069
8385
6615
968
1742
1343
3933
6816
4167
8150
1091
7108
9716
7815
4936
537
2426
3295
8158
7509
9842
4964
402
3727
416
4960
5561
3855
7236
2218
2629
5419
2803
3551
5126
4551
6412
6195
1465
6205
8552
9333
9987
3737
9743
9274
3109
2713
8584
2415
7479
1500
2180
2856
9000
9112
3309
5156
5274
3026
3404
2757
3981
2008
4820
1470
6870
9989
3457
251
4412
4661
9005
531
8851
8717
8178
9408
1302
8950
5697
1144
5907
1922
6895
808
9675
8746
2989
2137
8436
3414
3740
765
4768
9483
8171
8942
9125
2917
7932
6466
5706
5638
3677
3917
238
1399
5375
8355
6551
3941
2817
6134
272
3388
6636
3612
6669
4460
601
9033
2407
418
7287
6366
634
6927
9400
8952
6004
2371
6523
9503
4545
2966
626
1302
1921
4929
6004
753
1320
6381
3549
2851
4835
2610
8489
617
8705
4025
8101
3189
3476
7107
2615
3945
1669
6273
5139
4157
4930
3407
6202
3408
5980
3626
3176
2692
6761
7628
9869
5194
1267
6225
7561
8985
6665
3361
7230
9425
6874
9757
3064
1362
1691
5993
3612
4705
2226
1918
4064
501
7939
974
9306
2242
7742
3369
3910
1715
2101
9338
4767
6347
4345
488
1935
2742
9314
1096
9047
1154
3667
5263
5579
6135
2249
3739
8474
4564
8476
6582
7858
1497
9662
8396
1549
3743
601
8581
5367
7576
9009
5116
752
7962
2576
357
3576
5495
491
170
6685
3850
7124
3059
1670
2355
587
9993
4775
1275
2612
4198
6527
5137
6715
3966
7742
4475
4085
5792
1276
3221
690
1800
1537
3960
2153
2309
5435
6091
1561
941
7728
691
5328
7203
3606
2696
5314
8467
2443
6284
9155
3830
694
5844
1329
6240
5024
5879
7168
8205
7218
4984
9860
7402
2475
8318
7965
6499
3167
9499
7159
1664
444
7877
4578
2264
1626
7310
2764
6912
3951
8436
9243
582
9505
4555
2002
6676
9174
870
5110
8582
5287
3151
430
8660
4210
7887
2053
7492
3339
9797
5308
1173
9410
8604
4890
6035
2671
915
3401
541
6361
8660
3430
9557
6961
3751
3327
8309
8515
6771
5889
9695
572
646
969
57
8344
7961
3459
596
3085
8379
1979
2454
2627
4594
1659
4993
2161
235
9948
6167
2153
7734
8025
363
2020
5243
3790
1917
7320
5208
2311
8992
3040
9415
1550
6057
1779
7100
1324
8910
7733
9976
5215
6748
9012
5047
7778
5432
2633
4977
7202
2170
4545
5452
4274
5536
6029
6274
9938
867
53
3590
1085
9308
4937
6851
1529
5331
196
3838
6209
1587
4794
7072
7440
2250
7898
7105
6373
701
8044
1898
1916
1712
7989
5955
9553
4970
937
8100
184
2776
2575
8375
7804
4529
7608
9680
5586
8331
4867
8565
6680
6799
1679
993
7442
6546
6266
7630
2992
2930
649
3209
6819
5389
8262
3560
2122
418
7038
3975
7339
2421
4816
7029
322
7380
991
6278
6026
4476
6376
6959
6603
986
9884
8936
7970
8456
4304
5731
9727
8003
3444
2557
1601
587
8
4119
5107
1275
9905
6410
9696
9710
1987
3398
5939
967
2048
502
3279
1015
9563
8833
1268
6193
6908
7098
8311
4132
6373
7617
9779
4806
5596
3640
3912
4488
8892
4425
4108
4706
3839
6687
5348
340
8340
425
1446
5190
4578
623
3091
1702
8765
9709
7290
6084
3390
2396
5823
6985
5830
7699
3195
3638
4998
2084
9992
3590
34
7709
3240
5934
5147
6663
3354
4013
8913
10000
7084
6744
9363
7351
5595
3006
4567
6041
9543
4092
9372
1489
5142
8980
7100
6967
3244
8213
6608
6961
3869
5817
102
7905
5536
7469
585
1802
3792
1578
1443
5912
9245
8252
7496
9722
878
5725
8356
7839
6684
9628
5300
3560
6266
2721
4586
2860
1231
2551
5251
8429
2810
6359
6538
3505
9423
484
2608
5423
7063
9182
4178
9223
148
6918
3021
1047
2133
7212
9719
4019
8889
3564
3074
8938
7165
8097
3340
5930
3965
3865
9612
9467
2415
1251
5428
3542
5797
6649
804
2262
6391
9667
1186
9165
2829
2562
3256
4218
4747
6163
6780
4818
5456
2016
4382
4228
1324
4519
9293
7649
67
3412
5609
7339
3553
3209
3171
335
5960
6480
8609
2267
7840
2721
4257
7621
8772
4436
1522
9184
2582
9229
9488
1771
5900
7944
5810
684
985
2222
8261
9949
6395
7246
475
1415
5951
9917
2570
3389
137
1121
7721
1321
5085
3401
7280
9500
4674
8083
4672
1308
9825
9395
9184
7447
1453
8063
7522
4037
1562
4061
9614
4256
8665
7353
857
9643
6437
5630
7331
9944
6809
2878
4264
8101
6436
1164
1835
8437
374
9925
7297
8498
3982
7219
7003
9683
1624
4536
7360
7571
4959
1330
6057
5380
4859
8273
7324
3079
1752
3969
4347
9631
7954
2566
7319
6011
6376
2253
5029
5067
2934
6141
2392
8642
4333
9408
8972
8211
4664
9564
8045
7089
1924
5046
6575
2105
8055
8146
7410
9791
8313
1232
2205
7517
3692
4071
2322
5693
2770
9720
2625
2802
5956
2169
17
4962
7354
8451
5702
4828
1661
1606
4379
3274
9641
489
5066
9194
8810
6455
6618
1415
3412
7545
9484
789
6275
9259
5340
9825
5983
1906
9280
7419
5346
5038
9532
3608
3611
9774
1602
7737
4710
1373
3012
3199
7803
3591
524
63
3926
8670
6064
9382
7633
5726
1712
6208
9229
6534
1806
5991
3060
7506
8502
311
452
103
2594
5725
3843
7668
7704
8280
8672
3912
4933
5148
4482
6912
5245
5823
7718
4350
6439
5541
300
7490
8733
9965
8111
5688
768
7602
3193
7444
510
4249
4218
8731
5760
1005
5829
3410
8854
6115
7425
8518
6701
5211
8027
3985
91
8801
7993
5074
6695
6162
8398
6572
2049
6478
575
3845
885
4954
4390
1143
9116
9357
6308
3479
1928
1363
2798
9366
4575
7287
5403
2692
3646
4097
6402
9274
8391
8825
4385
559
7420
1692
722
2081
4823
8000
9929
4824
9971
8748
1266
6575
5579
8046
5387
996
3205
5212
5567
6132
4607
7618
584
5140
7834
4273
1382
7577
4971
758
539
9991
8952
4457
3087
9754
5075
6306
4685
3489
4794
5045
5554
8105
7214
7539
5413
8529
84
1283
7332
2788
8880
1838
7780
6210
9783
2528
6752
4062
3363
2202
710
7684
8054
2819
6431
9749
8559
8164
9217
4850
8257
4678
344
7015
8660
3931
4722
9968
8132
827
8407
298
1862
1497
6273
9525
3027
1225
8560
1988
728
5314
5075
2827
6033
155
5415
2044
3417
5465
6009
8619
2358
7543
5242
8032
6620
3353
9188
8846
6345
8152
3240
7435
4106
9365
8973
1994
7268
3662
3604
6243
6279
7205
4748
5103
9569
3066
7250
5579
6214
1337
979
2048
4417
3932
345
6613
4853
2664
8939
9775
9206
1787
155
1619
9788
1168
3701
1251
7606
5074
5972
635
3168
7785
4935
3882
6216
5759
208
7832
9996
9834
7174
5990
8906
4488
4648
1316
7404
4951
6424
3401
3257
3536
4101
7487
8388
1467
8385
1254
5655
2961
1993
8101
1372
4795
4219
1168
9859
4065
8467
4680
601
4960
2274
8545
9298
2613
8263
858
6530
5438
9177
847
665
2678
7843
4836
9892
3260
2789
9598
6786
1433
6992
1801
6463
3004
7401
3437
7728
2361
7972
2304
2292
3900
8079
2770
8769
9294
6876
1059
2434
7890
8053
666
923
5854
2237
9636
5492
8857
9763
7262
9902
9272
5580
9692
5853
7650
96
499
9154
8457
4256
1764
6658
2242
4837
7854
5996
5614
8907
7679
7421
8714
5580
2401
632
5032
9913
6023
168
86
2201
7148
3725
7045
2426
4685
9336
4966
7959
6024
6418
5515
5168
406
7132
8970
479
7910
4891
710
8203
6991
7166
610
4880
1543
8529
5162
6661
2169
1822
2003
8368
9257
9776
510
9184
3437
9059
3039
5307
9289
2876
9355
370
728
5437
5231
7762
543
8470
5485
16
5790
1240
8936
6667
8797
3507
9278
2174
4613
1601
9131
7354
9172
1047
3635
5972
4052
5765
8625
383
4345
436
7899
1202
6218
5797
9381
6735
6475
9321
4784
5557
2834
6653
5185
632
3665
2542
145
7691
9309
8558
8155
3397
5535
4737
4495
2747
7200
5368
989
743
5370
8652
8064
8823
8506
9150
3230
3009
2670
8209
9789
3821
3055
9837
1760
4939
294
5379
6967
2203
8693
9923
9412
366
5349
2118
7625
4281
4938
4791
4507
5573
5436
2256
8172
876
1002
5899
2546
7480
9394
8177
5772
3182
2975
9698
6061
2009
2577
6646
9690
1139
3455
1045
2736
2665
5146
5853
3277
3621
8930
324
659
8782
143
8827
3392
5127
2660
9275
8556
8113
427
3788
2517
7876
7261
3466
6404
922
7292
6271
9984
8438
1463
61
5204
2349
6228
5039
7098
6086
8538
6464
5984
3909
4994
1265
2234
4504
3856
7731
3971
8799
9692
873
975
4153
7804
5576
9127
8186
8741
9837
2191
9887
4120
2603
509
267
5559
6701
5028
2724
5793
8667
3374
5535
8129
787
277
8236
9809
4844
2802
1011
8036
1928
1727
9005
6856
8022
1940
5852
7722
4746
7193
6937
9556
9983
902
8028
341
978
2508
1655
8143
9388
9998
6801
4463
1711
2185
2359
6147
429
3198
1969
7723
34
2754
711
968
8742
6529
8634
2197
3499
1654
3089
329
4336
4644
9667
8459
5564
7047
9550
2369
21
3186
8158
1049
9928
1580
1305
2035
6512
883
6690
1908
2870
1493
8670
5479
4563
8990
9144
2971
6905
833
6941
9649
7913
8373
5332
5879
5028
6542
3855
8622
2316
4780
1209
8152
2178
4812
4323
1248
9648
6759
1028
2474
804
1429
7691
1782
1988
5496
4134
263
565
1772
4699
7267
6071
4588
5239
5570
7772
5714
7604
688
2839
7100
7386
6421
2155
1481
2035
6989
7643
9954
9197
4563
5570
7181
8921
6510
4250
1649
1641
3554
8439
7557
8383
1557
4710
5869
346
5027
8520
4728
3473
9474
5757
2878
9512
6528
4895
5371
2846
7154
552
4348
4671
5130
4227
6546
3707
9658
5120
1764
9772
7676
8244
1035
9522
7061
7594
1114
1920
883
85
8863
4080
7654
1130
5489
9134
5892
2417
222
4418
6746
3393
3391
378
1239
2205
4079
5293
5047
128
2032
2291
3738
9241
9322
9707
9677
139
6887
358
6779
725
7098
2285
9545
5605
1442
4859
2100
7818
1898
1906
6112
1397
5324
5330
5107
1184
1704
2694
6445
3373
1102
1990
4760
8184
6373
129
3669
6889
5314
5870
612
4362
5533
5541
8879
6032
4200
7797
2566
7332
2549
9
181
5828
3402
8771
7727
8105
2095
2416
7180
5973
8713
4363
7521
2905
7349
6914
5126
6706
438
8871
2492
3084
7109
4528
1751
926
1514
4209
5824
5576
4781
6719
6763
7081
4367
6971
1565
8241
6764
4504
6345
5452
8129
1834
5224
2342
2710
2200
5158
3314
7492
4780
1602
6873
7261
5468
6469
5696
9899
1304
2624
7300
6685
8666
6585
4274
9656
2540
8732
5082
2144
1387
3198
6159
4010
1022
2165
1189
1233
7100
3292
1936
6143
4248
5061
5401
7486
870
1466
2328
8881
6547
3139
8353
4498
6929
7609
8327
4895
1805
9126
2818
6143
7452
8125
1914
7648
8678
6503
1545
3920
9097
2718
2924
6377
212
74
7180
2780
6019
1693
7041
5934
3261
5619
865
6301
862
8400
3760
6750
9663
3379
5645
362
1740
8370
2267
9707
1473
3747
9468
4911
1103
2237
7990
5217
9028
2385
1548
7124
651
1188
9749
3002
7754
8968
2913
9228
6427
2973
7135
5174
6165
6951
8030
7831
7779
7823
9570
6712
414
8176
295
4025
1390
7278
6007
9897
1022
9524
3270
195
6835
8935
4591
9224
1460
2453
5331
5826
7619
1828
5790
5132
9244
6363
474
8361
3257
3602
1970
5562
6298
3616
7856
5294
3424
5112
4091
4734
475
6426
3616
5202
3320
4979
6726
6396
3448
4257
5080
7624
9056
2242
8664
946
7735
2060
1774
8924
585
8293
6335
9609
8355
510
1355
5246
2308
6746
8732
1793
5203
6184
1850
6411
8457
6538
1102
790
96
3116
3057
7183
4316
1268
4070
7435
2709
2615
8748
9111
7546
929
1298
7460
8295
2766
6179
2652
3951
9372
8651
2164
3802
3907
633
1689
6010
2865
9193
7303
7857
8064
8632
4843
6519
6220
8357
4612
7703
7218
9454
5619
1518
2061
6802
6112
3614
5910
887
688
8620
5909
1155
7808
5419
4977
1565
9214
7656
5012
2884
3903
7234
9424
5357
6790
416
14
6830
4592
3107
3651
1694
8782
1142
6981
7911
3731
526
3198
8257
6643
7545
2562
3067
6006
8653
1323
1974
3197
6118
4780
1635
1743
2812
1311
9147
8881
3932
7568
9259
9609
1697
3007
9436
4199
8162
2846
9207
6602
29
7144
6659
6508
6541
1987
1284
122
128
3985
1053
6608
5273
8769
4548
7356
4853
4607
7329
412
547
4398
4807
8833
4259
9049
8547
6787
7040
7193
9042
8090
3503
3918
8994
8252
3406
7791
634
3004
9333
6444
8089
6716
9029
2551
3175
5280
8343
5611
9272
107
5326
6893
5608
874
662
1500
7654
1140
2347
7525
4376
7772
5989
5919
7480
1995
2155
7909
6957
4950
1489
3426
9134
7752
9732
5437
7817
1141
9663
7303
9306
6634
9981
1941
3866
2580
4859
8237
2502
8026
1011
394
3901
3664
2378
7893
2230
4075
7805
1500
7945
2500
5640
6553
8784
2418
7374
7518
9990
7992
1539
3265
4962
6058
8528
7809
3444
5455
4847
5434
8163
2997
1778
6005
7681
13
5022
2762
4355
9850
2039
786
7213
1220
86
3607
9632
9537
159
8827
4658
7848
5626
5055
2439
7276
7627
9081
7260
6481
6648
3566
3886
891
8817
8188
6664
1676
3290
7278
7607
387
1635
1171
8531
8898
746
2568
4794
1846
6992
5540
3368
2284
2219
6528
4295
2872
2821
1050
9645
7501
6483
7205
2616
6981
605
7466
3337
2378
7736
5261
8205
5527
7646
3343
3431
6840
2193
2066
214
1919
6606
8285
8221
5751
1912
1717
5871
1470
5911
885
9805
248
2726
4476
6483
5653
6621
1138
1279
7395
6184
1720
3165
9713
3196
2133
8662
3552
5179
3792
9088
3781
2605
2793
29
5509
1208
6673
8006
4041
2687
5915
9321
7598
9441
9366
3339
9038
8568
4870
9393
8159
6024
6933
6915
7544
7498
4408
1438
8172
3122
8230
6940
3563
7473
3279
1735
3783
6826
6599
9693
8059
9361
9093
2745
3180
6286
9414
2409
7880
4791
9685
8735
5272
1022
8857
2835
4615
4714
4265
6993
5607
1823
9652
6294
4269
1715
7431
1145
379
2236
7276
4632
6957
6611
6824
92
9327
2862
8014
9511
1033
5391
1922
23
8045
6204
5932
5623
3644
5344
5676
7380
8018
5878
7816
6385
6851
8180
1992
3696
3294
920
3725
5570
5696
330
219
3639
492
8522
7292
8114
1661
5861
3294
9292
6233
8520
9053
4341
3206
6029
2070
3371
2046
1376
5133
5973
938
9621
3813
3986
359
2748
1926
9767
5106
6531
2643
9494
6235
3198
1545
1065
4525
302
8102
4356
5997
723
9172
9875
3135
7478
234
284
5679
9427
7952
5192
2503
8462
3111
2342
383
672
764
3439
2422
4405
2780
2078
4654
12
6045
1894
7568
63
1502
1695
7063
5538
737
812
7628
3223
8615
7167
8781
2425
2870
1059
353
987
676
3164
9917
3091
1053
318
8505
681
3621
247
1414
389
1191
1018
1289
1145
4143
2926
4676
5687
5288
9269
1090
7392
136
1013
9588
7240
7073
2049
6852
3339
2499
9689
4901
640
3452
6777
4253
9964
9625
3529
2834
7008
1815
6272
9729
372
2423
701
4910
2906
9208
4335
5849
4810
2592
5162
7647
9908
8335
5962
4805
9493
8103
2657
5274
4142
1548
5398
1317
7527
4100
7687
5206
7558
4479
8351
111
6719
2255
5614
9373
9775
4423
9997
8284
817
836
8449
5148
9935
9723
6535
7421
3525
6969
9191
5586
473
7811
6457
4003
2552
8465
9032
8017
1238
5978
5085
7249
9916
7361
1058
2958
3975
4677
1185
3630
5286
9102
8281
4545
4668
3745
6912
1466
2965
5485
6105
3251
9974
6085
89
2256
7278
6430
8815
1831
2084
7533
1601
8925
6593
7957
5292
3111
6922
6174
4074
7273
7197
5866
8528
7111
9221
1423
272
9469
2461
1627
5236
30
5148
3910
8409
7198
977
739
416
9982
9955
8482
9256
9443
2267
9056
3374
9706
6311
9280
5684
4473
6472
2718
7846
2677
1752
1709
1916
5436
3186
2276
3197
923
4561
404
6637
6615
460
2783
1536
6270
8105
5707
1707
5948
7421
8914
2051
5963
9189
8528
9061
2609
5457
8435
1135
5370
8465
1668
660
120
7297
9480
1096
621
5958
1306
5500
6647
5605
4983
1675
8143
2333
6886
6816
8352
5693
4240
175
6366
9398
5028
579
649
8030
9529
4394
4263
4022
7042
4931
4490
348
1759
4743
1229
3265
8642
3833
6868
7740
9146
7187
1655
966
2607
7761
7553
2801
9377
4
7486
4080
5115
2694
1333
9472
9087
1028
2767
235
8739
1271
7397
2085
4876
2980
8064
4732
3310
7540
62
47
6392
9163
980
7826
8798
8948
971
7525
9476
4092
8077
4156
9939
2724
1774
1263
4559
9637
3049
2986
925
3417
8533
5179
612
2978
6846
6542
8929
3165
6980
876
5076
9013
9836
5446
4560
1613
2295
3573
346
5326
4937
6366
735
5021
866
6858
1779
2888
1642
8311
1477
3164
8346
2097
8570
6834
4764
7748
9222
1694
6888
4802
5221
2637
9968
7307
9634
4808
3296
4070
5177
6053
762
1249
1226
6068
8725
7041
9682
434
7911
6118
4515
8120
3497
1572
1423
6545
8604
2652
9967
3596
2159
9156
8455
7004
5433
2732
1244
8581
3844
660
1468
4951
241
7741
2625
4307
160
4879
3386
2855
9229
8207
3871
7238
2239
8082
8085
4419
3090
5555
2443
4016
6660
943
15
3058
6577
1309
5569
7642
9830
7398
2350
751
2036
4410
8310
1318
8003
7272
2265
140
371
4451
4362
6371
9653
3249
835
3053
9989
5735
7084
8658
2532
8375
4886
8422
3512
2767
8128
6901
9550
5597
6157
8615
1187
1729
1854
7157
1207
804
8785
1036
9789
5451
1082
5718
8872
7722
5341
1236
8355
1512
6431
4506
1639
5074
9948
62
7421
5593
8783
5057
3944
4473
8832
1888
7472
5072
1607
2736
4768
5010
5107
420
2724
1753
9943
9215
8097
5718
8800
2025
957
9630
2076
2625
8209
947
1483
752
6378
898
914
5300
8135
4054
743
1763
1231
6746
1868
1095
5845
2055
9651
1810
9486
2600
6878
5745
9540
927
2370
1190
4871
3020
9802
5796
9396
4775
7795
8614
5076
2602
7617
9416
650
417
3932
3801
5700
3401
8190
2752
5282
4072
813
5217
1623
7461
6710
3548
5344
8893
2874
1978
4849
2039
6883
107
2705
3219
831
3714
1779
704
3329
5932
32
9883
8586
7608
1928
2981
7006
474
3947
6161
706
2979
5424
1324
3805
4126
6861
6849
4310
1520
3286
6959
4245
4015
5760
3457
379
1210
2745
7054
8025
4447
2488
9716
2679
2845
2253
3871
8929
7294
2586
1319
2200
8292
6258
573
6168
3090
7164
2117
5299
9305
7838
2834
8076
4511
9769
4302
488
1752
4730
929
7261
2687
925
5489
4883
288
9128
252
7382
5893
1455
3171
1822
5869
4867
8176
6847
507
6093
8386
6193
5309
5177
6603
6994
4060
9827
5544
9928
1917
8303
1614
3614
6197
1353
5985
1005
2449
1955
5687
5907
1000
3306
6213
9372
7595
3491
7598
9153
5397
89
6026
8101
4155
4955
1906
7994
2601
4524
6121
9659
6759
1087
2376
8413
7957
9689
2202
7780
6113
7521
5253
6251
7099
5901
9807
4877
3625
4892
4582
90
7409
801
7649
5786
6659
957
2547
9288
4244
9801
2175
757
8631
201
1829
1949
2970
6623
7457
2819
3224
4759
1771
5396
4325
6681
7199
8572
7587
4022
6921
9230
9525
2127
7552
3837
1995
3074
4478
3016
2504
4995
1745
8280
3470
8680
4448
3971
1676
3517
5405
6988
9474
2335
7086
8682
2050
6589
1357
6869
4465
6729
9340
9291
1726
5685
290
8354
6775
351
6637
8794
2343
2231
4258
9907
5503
8912
2768
7287
4871
9727
240
7592
4390
1666
1955
9556
5799
3036
6196
8856
4939
3183
7903
1879
2013
4560
2866
6861
3373
3232
7595
1901
8460
5712
8902
5255
6491
4559
3333
3072
7154
8579
5016
4661
9819
9019
2684
7803
5714
769
3819
1353
471
7783
7266
5126
3277
436
2554
9349
7671
667
8826
9316
6747
1769
3318
4463
899
5478
6744
4702
2238
1956
938
208
7332
7440
9179
2285
5505
8668
7017
4681
3269
758
5856
8687
5832
1972
8985
7211
9085
1364
3826
4242
255
1109
8308
7540
9453
7459
1853
9499
441
5929
1496
8051
8197
6975
6788
6178
3785
1036
9056
9870
7239
2465
824
927
8302
8685
9331
8858
7248
5226
7252
8079
5726
5861
6075
4245
6387
9245
8593
5899
1186
6172
5674
1889
9173
6683
3907
8143
3169
8179
6428
6546
3039
5606
111
5796
7544
1063
1116
7599
84
6861
8434
9834
854
9002
1765
6372
9185
5944
8855
5205
1678
8799
8502
4336
963
5903
7527
6172
9582
6415
1547
156
1360
8354
2062
4206
9210
4710
5372
8246
3915
5218
6306
8793
9820
7955
8137
5062
4
3332
2302
5487
9720
1128
5359
3120
3861
2471
5870
7586
787
4791
7270
7200
791
9419
9188
9319
3234
6759
4571
3618
7616
574
4228
7703
7778
3120
3627
6102
284
7114
4302
4483
7179
6598
1735
6406
5836
4406
4352
2759
630
1866
6362
5695
9289
8287
4336
309
4070
8885
3898
3613
332
4747
7216
5871
9946
8570
5536
6213
9899
2678
5412
6100
3799
9837
3904
4953
7072
2642
3714
4549
323
5316
5259
655
8119
6507
6195
3566
2806
5180
5013
7425
8858
5569
8695
5260
2329
1032
6550
4674
4334
5051
4331
6555
1970
3062
688
8517
3152
2283
8346
608
1241
446
9302
925
3266
9806
2918
1444
2438
381
1581
6152
269
7917
4951
9402
5626
6562
1115
1616
8108
8563
7078
7005
7094
5964
6575
5014
2108
3695
8521
7839
6487
7635
7811
33
8818
5341
2639
9404
5682
1950
6809
3621
7186
2785
8802
3829
3007
7823
6783
321
5943
5974
630
5485
3628
437
4436
2799
9018
847
3715
9632
1129
5047
8171
6997
5174
2068
2349
2669
9575
1419
5261
9604
4525
1248
6042
6499
4775
2366
3864
7190
9276
4897
5682
7593
9585
9578
9223
4897
4505
5779
972
1612
5167
8594
9979
5405
9951
3803
7898
0
7281
8113
8927
778
8176
8947
5742
1485
6616
636
710
397
9468
8597
4358
8031
4442
1905
8249
2959
4349
7133
2471
6153
1907
405
3328
2551
8126
39
3985
8667
7595
2600
2849
7183
5950
9224
5662
7107
661
2008
8727
8961
9765
9518
549
7277
7628
2260
4916
6520
9251
2457
8766
5880
3375
8015
5302
3689
6549
4817
1821
8261
3664
2121
4006
6720
9135
2719
6651
4764
9101
1456
5557
5822
5453
5657
776
4802
2196
3803
1928
3721
7691
6784
3307
125
4954
6418
6447
5934
3903
6510
4116
1984
9535
6457
5645
3983
1144
9904
6926
8563
8838
4525
7434
9146
8178
5817
572
1225
8348
4392
1528
8464
2885
98
1503
5628
5034
9954
4009
3278
6030
7656
3537
1691
5285
5269
2662
7451
6515
2209
1866
690
7821
6075
4565
9381
6797
8814
7168
3753
9161
6765
1024
9308
9871
1482
3625
5547
5151
8062
8679
3269
6055
3569
8897
4252
4838
7133
470
6035
7257
6007
2591
8347
3193
1582
3137
9427
6091
358
4095
9398
7326
2801
7499
1206
1291
9702
50
133
2059
9210
3933
9202
6931
1108
2678
8033
8460
5562
6209
9710
6197
3974
5785
4939
7335
373
9694
4743
2657
1918
9675
5504
3615
5472
45
7735
5496
8359
8319
839
1020
8710
9469
2238
4496
6303
9205
3927
4760
8226
8839
3481
7187
6372
7964
4100
8058
4355
7323
2587
3888
8948
9124
3466
4197
4856
6595
7660
4557
7555
6072
4716
9139
3098
4067
1047
1452
169
364
4874
124
7190
1170
2905
8547
9758
593
4945
9870
2485
5390
9149
3557
3121
7493
8014
1006
8635
6274
6990
3335
79
4838
7257
3162
6425
2644
9043
650
7704
6382
7803
1783
3879
1612
1515
8537
5599
2892
1842
7753
4172
2450
4603
1833
8410
6388
2222
2321
9660
125
4978
7910
1885
6529
2185
2019
2329
3024
1792
379
5670
4532
1170
8272
1708
4946
9711
7031
5664
4517
4920
1909
9716
46
4837
7849
7879
230
6532
6953
77
9702
3192
9737
8681
2743
3651
2523
8847
8960
1007
351
401
8467
3406
9644
9971
8282
8533
2295
5069
130
3288
4318
9501
6553
5014
4166
7773
8336
5295
4549
7183
1661
3247
2476
1105
1850
4541
174
7182
8685
3849
1407
8972
865
1435
7372
2407
7058
388
7386
9071
5415
947
9074
1479
5179
3811
2439
1595
9823
6461
3462
7347
6212
6265
8502
1211
8460
1356
5728
952
9919
4568
6784
5660
8508
745
3274
113
8282
9845
7117
6678
3124
6900
8530
768
2395
7243
8015
2421
4756
1944
4142
7167
8335
8342
2363
2371
4846
3149
363
7661
9805
3157
2688
4134
87
7625
8166
1664
4795
3441
690
6376
8368
7112
1463
4906
6871
5763
2590
5076
7701
2908
2200
635
4865
8559
5073
7906
602
2302
9237
3489
8847
1362
5857
9060
6194
8838
7772
203
2855
9731
2715
1404
5105
5771
2563
1088
2495
3833
5200
2787
3441
9898
8265
3231
9357
4034
1688
3461
9833
2149
3253
8335
4199
806
4033
2345
7613
23
9444
9930
1079
7553
3779
4508
5461
6380
1149
4378
548
5531
9360
4523
7386
7888
5547
524
8935
8876
2505
650
7015
4407
2274
8898
7724
944
3931
2825
6651
6589
1518
3744
8313
1482
2598
6611
5445
5842
2814
391
7857
1714
3097
6442
4626
3633
8768
469
5143
2400
5888
6979
4602
1035
5470
444
8367
2247
1132
7096
4086
6983
3957
9746
9067
9024
6840
8509
1951
9220
5384
8009
9201
8726
3000
4099
7329
5174
661
9139
5165
2111
3957
6134
2918
5976
9447
4426
5807
6119
7248
9260
4712
8607
6955
247
9164
2233
820
5530
9000
6222
3368
5979
9613
2330
8886
9282
6248
634
8202
6779
6984
992
6237
8990
9135
6559
5565
9513
6392
181
2275
8586
2969
1230
960
2181
9994
7948
9311
4635
1811
9436
4949
458
1348
1418
8793
2041
2102
8668
7116
8802
2413
5579
8331
2973
5122
905
8677
7154
1259
6514
586
264
1506
7982
910
3501
5504
5352
4930
6146
407
5738
5773
9229
5134
946
6151
3808
6065
6096
8111
8720
6800
7523
8265
3508
894
8244
258
254
759
5850
6561
1447
1265
9786
1071
5373
3931
7725
9784
2654
5467
4728
3959
92
4531
2238
3168
1115
3813
8082
4002
5234
3376
7636
7171
5389
4916
8945
7080
6356
45
401
7678
4615
7851
2228
8462
1625
6171
7791
3413
4914
4902
2251
6477
4605
4812
5998
9018
3743
4221
1866
9810
6001
5315
15
3985
6120
5831
5021
9204
3400
5509
1454
619
9084
657
6672
4301
3801
1615
5689
2935
8096
4936
258
8040
6408
3889
8723
1647
9319
5970
6938
3133
2215
8488
7066
4312
9046
785
8505
4012
5486
4484
6338
4653
1523
2810
722
2138
8603
6913
2957
754
5231
4245
8626
53
4547
617
4098
479
9565
9451
3214
990
1397
1714
2719
7387
1016
3604
4329
1117
3183
7269
8283
798
7498
8852
1786
5724
637
7377
1043
5830
379
1417
9095
1411
928
4754
4583
2771
2093
7942
7238
150
6156
7503
749
2809
593
647
4803
4763
2365
4009
3833
5005
2665
2338
5784
7530
1330
5538
7105
511
1402
1867
1842
8788
1124
8882
8302
3472
1167
6536
1051
9673
6818
4062
6379
1440
3095
858
2487
2379
238
1229
2245
1535
6837
7731
4470
6618
3677
2254
2125
2205
2512
3844
6459
3376
1056
5758
912
4151
2557
8988
685
3098
2356
8550
8227
6417
4322
1016
3197
2161
6507
8661
393
6058
2105
1060
5852
216
5710
607
8578
7538
2300
4385
5648
1048
5001
2520
7755
7741
6071
7568
4299
8557
6314
7948
757
9450
1671
9027
6352
642
2565
1527
1635
4724
5378
6801
1346
9759
8181
8417
3484
9198
9549
578
6561
647
1216
5778
5315
1315
5496
9692
2205
2522
6047
5773
8230
7575
1374
7278
585
6283
2174
833
1961
4964
664
7911
5179
104
7722
2707
9069
9612
6665
4752
867
2818
9601
5305
5110
8096
2278
1168
9899
6954
358
591
7307
205
8987
3089
323
649
8017
1088
5112
5016
397
8556
6950
5850
4299
8092
3242
6014
6462
7746
5023
2442
9182
6664
3888
3407
205
3186
8519
8145
5264
2681
2784
5805
4193
3432
5222
8838
5948
7000
4695
7306
8659
409
8397
7920
8639
1511
3127
1349
3627
3800
9825
3679
162
4384
9714
4562
9840
4059
575
5133
8057
580
7665
4772
1670
4149
7249
8585
617
6394
5310
7443
2546
5105
9205
3098
4350
7103
2511
3780
2025
5243
6777
6889
2030
6528
527
229
2750
2036
728
4358
6298
1866
124
6984
2721
1598
5694
132
5259
5514
1381
4605
7039
27
4779
8079
5202
9178
5670
8866
1352
2898
2235
7200
4963
6157
7056
6340
7172
1134
9416
4103
6186
6165
2650
8947
3589
5852
5003
578
4872
6749
1116
2780
9136
8378
5885
21
1431
8610
983
2640
6713
1258
8341
4418
187
9159
8110
1277
7727
9065
4339
7366
4380
2490
8158
9860
6001
1768
317
1868
6229
6318
6274
8942
1696
534
1142
8102
7491
59
8544
9992
2977
3281
9393
2163
4166
2294
2142
5074
1425
7859
4590
2141
9553
1026
479
8610
5937
3974
9308
4558
28
7765
464
9820
7608
6741
4416
2194
2911
9835
8668
7727
6069
9566
8202
4015
7160
870
4388
5168
6813
7513
6699
4145
4244
8499
2115
2750
7660
7762
202
7920
9816
3430
927
7217
6058
2364
3173
1684
7976
6268
4334
9308
1101
6040
7632
5695
1327
1405
4752
8463
7318
4091
8709
1342
8345
9231
3979
5841
5721
6864
4772
3410
6003
2546
1192
1054
1856
8603
5543
389
4094
259
4787
4541
6589
2975
8384
4809
4243
731
759
3801
5042
2504
9216
2966
2765
616
1221
6184
7096
8449
1041
7551
2603
740
1029
2135
3487
5049
4966
8789
3303
9041
8927
1292
8298
6850
1733
8206
8732
9437
7
4862
5504
3528
5184
4007
7744
55
5319
6533
4738
6696
183
5497
8632
4423
4954
4432
3818
539
4758
2270
5389
6053
5298
2136
5254
2201
4829
1864
745
1021
6428
6366
6221
6376
9635
6730
1267
4271
9487
4615
1590
458
3538
8636
1909
8698
661
4398
4910
8871
9771
6107
3105
4850
3100
8290
5709
3087
8028
9263
6386
873
6912
4668
1551
7633
2876
6005
4255
9487
2993
4918
7536
8129
7696
3209
3282
5145
2792
9020
5247
1720
8259
1389
3156
9717
1823
6980
5863
7553
780
6387
7960
6367
8892
6642
8249
6526
2723
8471
2942
4834
6607
9332
4702
4032
6162
7990
4501
5804
9509
7651
6939
5823
6582
9691
3687
7745
6485
4756
397
9790
8677
24
3831
1188
5351
9284
6845
1543
6688
8812
6456
1700
3521
1124
8418
938
4062
7814
1410
6024
5427
5343
3614
8870
8994
7881
9946
8175
4001
8577
9136
1485
446
763
9006
6153
7748
7847
7174
9983
1653
235
302
7764
859
194
2533
9179
6519
9254
9426
6182
101
3533
9911
7985
5311
5923
7228
9181
1673
730
6367
4623
3439
2846
5235
5591
9356
1211
5923
6160
3511
6389
4182
7445
1972
3166
7739
4481
9082
4440
577
9502
4748
6814
6576
2648
456
10
1860
8566
4896
4360
4337
9075
7873
3665
9400
2169
4185
263
6063
2089
1229
5591
5030
2421
8070
9693
6821
5548
3367
4704
4476
6661
1501
892
358
3417
306
1917
3329
2339
4651
4221
2329
2055
1445
3666
4491
9623
7345
7992
8136
7966
1878
3563
9907
1399
2729
370
3816
9504
6843
8074
126
1538
52
9533
9519
9496
9634
339
7151
7424
9840
209
4388
6244
7965
8258
6293
7259
6498
9930
754
5009
1690
6849
5547
4449
4499
1963
4782
4073
914
9647
1725
9284
2841
2946
3312
682
4306
9384
5511
6885
1592
2928
5317
4308
469
5848
507
7286
5606
1740
2745
8108
1405
2315
1912
4400
9913
4877
2972
1126
640
112
9668
8935
9298
7450
9148
3697
7457
7238
128
6604
1512
2851
1112
6665
8739
3345
1834
2434
5149
2764
2750
9236
4105
4659
3720
739
6915
8464
9406
3075
6572
4250
6530
1194
67
9628
3693
1957
9084
7295
3563
1889
8603
3904
7843
3125
9177
309
9033
3222
8660
4077
587
4268
4826
6848
142
4537
784
1786
7615
880
7871
9104
947
31
6602
3136
7659
9015
3031
8386
8084
1760
3423
7624
1141
3243
3755
4792
8208
5624
5424
6434
4177
3239
3299
3857
8736
7137
5191
850
1947
1336
7510
4268
9707
9941
7488
1009
5246
9923
8085
8008
4423
5781
8051
4894
655
4695
9778
968
2063
1315
3433
2025
2352
4394
7629
7031
1909
8885
1920
1364
5358
8718
4717
6669
2544
4952
1640
9376
3612
1209
7968
8039
2424
8614
718
1053
1794
5028
387
2258
9452
17
340
8720
635
1842
3798
1317
610
3700
8161
6565
5428
4240
7196
4612
5231
4922
7202
7974
9505
5865
3985
8362
4319
4004
7360
2677
7115
3860
199
5748
7673
6788
5933
1813
5654
6803
8030
5170
2889
6454
786
4321
4981
9725
8436
6166
6863
9419
28
4152
7115
1414
7730
493
4035
1965
2619
104
4687
1064
5759
3472
1342
4048
505
877
4193
4696
4502
8037
6267
3507
8841
3368
4698
1914
8124
2123
3573
3025
1639
9966
9815
9409
4152
7643
8542
6196
6149
108
1192
6000
8106
5868
9855
3602
5521
6505
3838
2306
841
92
4155
6443
6711
1883
3309
6707
2326
952
9066
3106
6416
6235
2619
4681
9633
7183
96
1460
8466
9579
8218
6845
8892
8406
3993
2195
9281
3728
6891
8664
6697
5465
3535
9953
7318
9905
2882
9948
5439
5660
3144
2861
172
7682
281
7371
9997
9973
7899
7512
2610
3188
4554
5116
8019
838
2321
8379
6450
9419
9435
4127
7949
5266
4113
3444
7984
1762
1337
2940
5210
6243
5490
5999
4414
7721
9400
8346
8761
3592
7325
8247
6063
9434
7562
932
9634
2944
5921
2122
6400
803
3046
4236
992
4998
6301
1830
8036
7324
5218
8002
2429
9332
1534
6854
2708
6661
2216
3864
7925
8415
9327
1577
3032
1431
1636
8624
1110
3110
789
1599
8961
9049
5545
2695
9434
9513
721
9102
6834
9497
9570
7409
2741
8141
4444
176
4705
7265
4987
6494
7885
2717
2660
3190
2239
2586
8703
530
1394
9625
1277
7959
1840
7381
2521
2591
9863
5040
1594
6352
5385
7417
7967
557
501
6898
1307
5249
6194
9675
8411
5070
2031
2450
2466
7257
3474
8946
5706
9979
3721
2037
808
9610
4582
5593
9800
3926
6330
8797
9364
1080
4075
9885
1108
8200
288
315
8386
58
4301
9095
6304
3022
322
2771
8735
6883
3781
6060
77
5013
8873
8627
3326
9250
474
2576
197
2541
7698
5515
6649
6791
1253
2776
8591
5455
2797
8445
1004
3074
7128
8112
5070
7917
4887
3815
844
2046
4794
8070
8059
8605
2705
5558
3705
9627
4540
6596
1570
3559
7309
6963
7810
7159
5402
6494
2623
8595
8379
4180
3544
4415
5295
4615
276
4463
2826
5872
7409
6463
405
9601
632
194
7116
4849
4376
1919
9702
4444
3948
4274
4893
2897
297
4601
4924
7356
2249
1113
4351
5883
8505
669
3876
3248
7057
1261
8843
4022
6822
2221
9944
5220
1811
5400
3331
226
9012
1417
1786
7573
9883
7990
851
6864
7943
3762
7601
7188
5661
4414
7502
3201
6916
4489
3150
8285
6744
541
8801
2675
2748
2398
5277
4802
488
5809
3873
8956
9390
5545
3550
2963
8344
75
3916
103
4163
7281
2688
6864
5935
5262
9796
429
5684
4530
434
3456
9100
5442
9436
8260
9670
4718
4152
6472
4194
4994
5489
2069
4977
2516
4714
4679
4942
6468
1704
4901
7028
4571
7972
31
8630
6944
8007
4699
1004
9073
6027
861
4911
2608
9860
3942
2016
4053
1370
6842
7689
5155
8849
7123
4632
3004
4443
4673
9034
9625
3958
9230
5335
7812
976
8927
9952
6066
6241
1813
8338
2099
224
5497
5175
7100
8891
5644
5202
5697
4174
4397
8890
2270
6885
3562
8072
1579
9366
7330
4837
2661
8591
1906
8532
1144
6597
398
2486
151
8865
2738
7392
6552
9256
4519
6874
7623
9480
9494
4066
847
198
2005
9675
785
1522
205
6796
8439
2190
4802
7428
3452
8801
2965
3577
6883
3622
4299
4698
1856
8140
5316
1179
248
2206
462
1288
5101
9
2428
6748
6711
2328
6794
2359
9493
8013
164
7493
6896
6857
5350
446
5364
6150
4582
1241
9833
8904
3293
7217
8594
5179
5985
4828
2280
5089
7324
649
5204
9160
981
2001
488
