6963
1
7888
9271
4658
1559
5020
9692
5654
8616
1867
3051
6363
7623
2405
9906
8009
5480
3203
4410
5695
9032
3997
3289
7026
3189
6379
3997
7140
5574
2941
3831
9340
8130
1380
7644
1285
9360
1505
8791
668
4142
3983
715
344
1127
9764
7069
100
78
72
462
851
3128
1543
7886
3412
5734
517
3088
9717
2192
7901
1742
6596
2494
7881
4075
7047
8898
1489
769
2788
5587
7580
6834
1565
4773
8199
895
7931
4832
6292
4667
5209
717
7302
8127
9690
8354
735
2270
1979
5792
7390
5854
5968
231
3666
5548
8361
870
9653
2839
2735
346
4486
4405
8213
2637
8318
9777
7374
3756
5524
7232
9985
1892
8059
9332
6624
39
5940
3526
388
6980
9197
1518
1420
9354
2614
2543
1841
7814
2033
9133
3956
2033
7481
6979
8195
9626
5782
1452
4317
8026
2981
2674
1891
1799
7953
8289
4214
1407
3998
8593
9801
3561
4685
8556
5687
6908
8307
2956
4994
4084
2178
4342
8939
2976
6856
4459
7144
2126
9505
7010
7496
7335
3076
1581
6140
8177
1462
1768
3350
4374
7710
3160
2239
6610
9930
9636
3553
7279
2159
9255
646
8332
6297
1825
3492
722
6683
6503
4027
3839
4067
5806
3138
2353
3010
5568
9615
9824
837
3805
5917
8221
9962
3854
8987
1696
1410
1908
8496
6211
3236
8199
6116
8048
9376
2233
9419
4780
3172
1098
7288
4198
4171
3372
9483
1018
9867
9405
2862
4374
7269
9677
4103
9082
3427
9205
2833
3506
9625
6726
1451
6298
4181
3998
1030
9850
7552
4118
8252
3651
7177
1087
6728
4643
934
8497
2649
5618
4379
5150
9093
1976
7463
9963
5105
7584
9560
5308
2302
7203
1186
8962
9530
1098
4984
6457
9682
3433
6766
645
5990
35
7674
8278
5178
2330
1946
1396
9525
7845
7014
344
3167
2839
6137
8349
2419
3499
52
437
9173
3412
5539
54
7082
6439
3685
7721
4006
1830
681
590
6112
1814
6799
7286
6408
9479
6588
3438
1906
249
2295
9516
4587
7118
2460
9213
4961
5010
6375
8891
4312
918
9667
2203
6590
3970
9890
8054
5887
342
5254
7365
5555
3668
9394
4403
7558
3800
6400
5244
9801
3707
4755
2244
8547
451
2371
4281
7983
2849
2779
4447
1343
3881
9153
6409
8123
3696
4838
209
1722
703
4457
1758
658
4415
780
2933
3686
8965
29
7511
5553
4739
8430
9276
8651
9120
4209
213
2796
1385
3850
5838
1603
440
4556
5470
81
146
8797
7684
8665
1300
5187
1404
8430
6719
1674
5136
1935
7476
2592
1372
658
8356
3369
1355
2031
475
3285
6529
7716
2339
7257
6941
9107
1028
8182
2487
5205
7956
4607
4340
1964
5281
2167
9633
8809
5792
9760
687
1153
7284
1993
4198
6734
8903
7430
866
5770
5193
5493
1043
9676
7043
711
9247
8207
7663
8356
338
4347
7163
2214
3556
4266
8560
2062
2834
6929
9707
7857
4630
6799
640
8068
2370
3560
1211
5957
5323
2806
3265
379
9661
9445
4236
7408
8730
3741
7980
3063
2981
9329
7760
9596
5610
1796
6597
2047
4123
2124
7712
3772
1784
2122
5439
1380
6370
3017
9022
9348
39
6973
6336
4851
2165
4
9520
256
9070
1060
7445
7351
8928
3472
2273
2614
500
7582
1702
9796
8783
2613
8974
1130
6235
2520
5824
180
4158
849
5477
404
2138
3644
5021
3363
4394
450
2136
5865
5655
1318
5194
9917
4696
319
8750
2231
3159
2438
2330
6154
4284
7371
696
1753
96
9793
3207
7928
3637
1510
8472
3500
1628
1762
481
195
8017
1685
8193
6201
5923
8570
7356
6699
3972
9339
9766
1710
8238
8308
8832
4328
3090
2651
4171
7669
8586
5554
8263
8547
6807
1565
5452
9248
5333
3779
5238
1116
6778
4510
254
2922
1027
718
812
9925
132
381
1421
5740
1009
9443
5577
6908
7163
7863
5539
2433
8696
997
7910
3396
5907
9443
7075
1462
4554
1153
2256
4874
3876
3672
301
5760
4685
3776
569
7086
8596
6039
7336
4808
4639
9523
4774
6070
6667
6236
5210
8206
8922
9911
6370
2341
6727
1436
3593
6537
1801
6631
2597
8843
8215
8896
3189
5254
659
637
6483
986
2066
7672
3218
5440
1355
4047
4424
4387
1585
9939
4540
3500
7452
8961
5021
3602
1302
3741
1984
884
254
5603
2784
1841
1398
2985
9352
9653
2408
999
2132
7959
4626
754
6142
2616
3779
27
5219
4769
1654
3134
9078
3478
8406
9703
7742
3803
2650
1940
5879
4638
2752
4641
4607
7644
4018
4106
525
4399
3958
5124
1053
939
5301
6360
8678
8666
5609
3149
3989
8009
8773
9178
9678
8162
4395
4292
4815
9614
2244
2086
7059
1754
6797
693
795
396
7527
9763
1542
4183
8781
5884
8403
4619
5079
1017
7846
1530
5505
7035
9394
6808
8698
6040
9806
9790
7147
9468
176
4324
8156
3012
2156
8075
1092
6557
9647
2767
1047
5264
9473
5216
9278
838
6414
1264
9063
4790
3539
8780
2705
1249
9816
9361
1192
1373
6667
2753
7900
4708
2809
829
3077
7253
6120
4262
6464
8671
1737
6915
9290
8242
7565
9476
3425
2104
5833
5794
5945
6985
1195
154
5640
1468
5168
1273
4899
8386
1904
9011
5114
2918
860
873
1204
9746
2062
1458
8318
1127
195
3305
3759
7163
4694
2802
4594
7288
6679
4381
3671
1586
7979
4270
4496
9594
5386
5873
3683
4828
8226
1996
7966
4893
2119
7037
9521
209
1262
5345
7899
549
185
8794
1616
428
8132
8599
1956
1690
8062
2638
5563
63
8005
5795
2079
3794
2397
6765
6029
7280
7400
4662
7294
6668
5070
9876
7083
7464
5571
947
5144
7464
7440
4833
4963
4030
4074
1343
779
42
6988
9385
2215
5510
7042
2798
3093
4104
3153
2847
6465
9203
520
7198
5853
517
1225
1305
6053
2120
6000
9008
9100
9300
3322
6117
6532
8119
8990
5931
4443
8392
2885
1913
3554
6221
1064
7957
5372
3405
111
6582
2744
6085
5308
2208
3577
2580
579
3694
8611
4788
4668
5017
7985
1599
9043
9875
1828
6568
4035
5154
5481
9750
6946
4067
8001
4154
2228
8464
5606
5915
2149
5553
4354
2010
8017
550
1142
8479
3305
6579
8123
7602
5692
333
7832
394
2529
5126
8473
5439
1508
8403
9355
2158
2398
7234
3762
8089
1640
3375
449
2755
9902
3478
3102
7299
762
9473
4790
8411
9144
832
2445
7183
4422
429
7678
955
17
747
8265
4075
4027
8000
1810
2252
2201
2550
4118
2343
6079
4695
6896
6086
7079
5309
9361
6956
9742
4866
3453
7791
7259
7406
7886
7305
7910
8284
3101
7603
3904
4330
125
8548
4637
8205
7889
1714
6750
796
4801
9553
8415
1132
6840
4779
5966
5245
3237
2933
2201
4511
8762
5354
4324
7402
6917
7409
7595
5156
4682
4025
290
1587
3225
2645
5175
3586
7730
3572
9128
1393
2886
9762
39
36
2077
148
554
1885
3343
7149
1520
4637
2179
8810
4572
1711
2517
4816
9672
5343
4629
9944
1480
6472
192
7901
4657
6536
9580
3357
2313
3700
79
9015
9721
6764
5313
928
5979
3017
3708
9367
1065
720
2593
775
7786
9183
5045
7194
2221
195
6373
6448
6186
1229
2425
9293
4131
4659
2415
7050
9260
3942
8184
348
8379
713
3002
8967
4251
6044
549
3495
9528
2572
6671
2267
6585
3976
314
1594
3100
4372
2367
5401
4819
4001
4562
1847
6024
1927
2782
8898
5655
773
8421
2261
6396
1164
8934
9240
2371
2570
2290
2296
8183
3882
3884
1056
5738
4015
7794
1552
1288
4197
6608
331
7395
1615
36
7510
2613
5479
335
4610
9646
5954
962
8570
156
7971
4217
3991
2278
9959
1146
9812
7815
8256
9037
4375
8696
1671
6684
4001
1338
2908
3580
1140
2123
5952
4556
9085
57
716
3158
3954
4988
4059
1907
8513
4778
2181
8455
425
7511
3157
5505
57
2740
949
9967
6526
3700
5737
7595
2768
4346
6549
9576
4959
4453
2793
2499
919
8521
579
4193
7779
4084
12
5576
4777
3454
3217
5790
1408
8625
4459
7559
4141
4715
2113
6254
7826
7468
6584
5189
4004
5737
1143
672
203
9340
1224
5675
7020
5048
6289
3409
544
8109
3411
2144
8335
8797
8180
3769
4344
3548
2991
4278
4376
3967
4201
198
8398
3331
5076
8681
4756
9962
3882
4616
5397
1772
5201
8903
930
9512
6942
6176
1758
7844
6770
4085
1533
7583
7244
8771
8606
5041
1652
8164
5207
4614
2767
6218
6515
4036
1278
6675
1961
9157
4973
2982
6931
3711
2320
9366
5277
96
9799
1072
7603
9200
9443
237
6190
4090
7213
277
1667
9601
8410
5372
3864
5242
7997
1266
2090
9654
6677
6274
9745
6317
563
4534
6891
3726
8231
4338
1007
1556
8216
4504
3037
2223
7491
3045
1986
5089
3524
1828
4031
3296
1483
9124
2433
7476
8596
3549
1369
7262
3472
802
6548
3272
2876
1039
5486
6680
749
6894
9034
5862
2877
5088
7506
3014
776
1079
7566
6692
1517
9306
4688
7497
7758
5966
3982
327
3443
7945
3254
9366
6739
7241
9014
2080
9549
8423
39
7573
5894
7857
499
4127
5241
4328
3991
3391
7372
3738
3533
7275
3118
8209
9286
1504
8065
3591
8684
6722
1214
4093
394
9463
6415
7949
1297
247
6386
1193
3995
4677
833
3409
215
3873
9660
3660
5105
8106
6027
6918
7248
7300
4133
1587
3824
13
7504
4242
8292
7212
7209
2850
6642
6441
797
5552
9146
4576
7334
4903
898
8742
466
2473
1222
1707
2923
9402
3636
5888
1978
5358
8727
2609
1671
8343
5757
7725
8255
8798
7224
7550
9744
9282
5739
314
5524
6524
7632
5563
8972
6890
7448
1476
8350
3068
8840
5402
8766
3728
8307
420
9660
2815
8198
7224
4504
258
5563
5874
3558
1384
1018
666
974
6726
2868
9842
8204
8285
6715
8294
9664
3988
183
8329
4828
7558
2434
2513
754
7483
3172
2549
2614
5811
3261
1879
8044
3067
3359
6596
2771
3773
345
8398
3973
4275
3115
5831
5029
583
2876
7555
2823
2865
4033
9419
5274
8795
225
2276
8164
4332
8550
4539
2803
860
6287
8020
1726
5675
2301
5927
8708
663
4294
8063
9160
3705
3518
9568
7176
6485
6248
6882
1042
9915
5771
9277
3112
7704
7516
5934
1861
1128
14
2693
9584
6602
5905
8671
4441
8060
6712
6402
3117
9660
7994
6446
5798
6110
2904
4079
1697
7276
7466
3484
7634
5812
5907
6874
8572
248
7520
6476
4940
9566
2287
280
8603
3089
6789
5776
4584
2689
7224
637
9674
5894
232
1119
7959
5982
8573
6932
6362
8346
4621
3111
2725
8226
6581
3791
8403
8498
2664
3819
6291
5955
2054
3209
840
8385
5758
186
7633
530
7449
3707
703
5525
6499
1812
9660
9140
3982
6651
6891
8091
8610
8224
339
3498
2333
954
947
5391
8950
4052
7185
336
3469
234
5810
3474
9212
1276
9574
3771
9002
5777
2489
9405
5452
7194
2585
9177
2420
7763
8808
6396
4093
319
5307
8152
6870
1759
2564
8709
7977
241
5082
4268
8435
5259
4967
9990
7271
997
2924
4049
4679
2188
5872
7470
2913
7066
2880
4376
1760
5896
5043
6354
3959
2142
9729
6030
7570
522
9910
7276
1553
15
7501
1800
4247
3242
6350
4232
5988
1556
2132
3375
2886
1537
4065
5361
1653
7881
1785
1109
7987
2520
7877
7389
6422
7259
3900
8478
8703
6157
1041
7712
937
8435
705
3993
3856
2183
9028
2339
1181
4567
4517
3360
9067
2683
1613
72
2939
6642
5990
2085
8189
8877
964
4812
1904
7545
4204
5975
6539
7072
2892
3273
3056
4619
5924
6892
378
2302
6646
9667
224
730
3281
8536
1876
6804
7324
8136
8850
6084
6443
1794
7272
8791
8771
7606
1991
7535
3264
3803
7007
251
5819
450
3128
3708
9961
5503
56
2527
230
6648
7827
972
4927
760
829
2399
6726
7301
1011
303
5893
6747
2002
178
8731
9222
926
6225
5924
884
3336
8699
4791
8293
7291
9610
703
3670
2461
9576
3507
3810
3142
9444
2299
1586
3615
7219
8708
8222
7997
8944
5740
1676
7993
7204
1757
3672
8120
6650
606
4437
3700
4137
316
9769
9089
5396
2839
4776
8806
4400
2285
6229
5242
3817
7847
4017
9429
4479
4319
2483
7498
191
4167
6754
9340
9511
2140
8059
5166
8416
300
6483
3351
3328
6717
1078
9805
1974
8767
4601
8392
7574
5683
5045
420
6934
8046
3085
9209
7384
8960
3510
4323
2061
1914
6178
2755
6773
56
6043
4312
343
6687
5582
5800
8327
4824
9275
8308
7280
4203
8062
5790
2399
7814
47
7085
5857
7058
7476
2101
6681
3471
5550
9171
125
7445
8693
9318
5454
9773
992
3512
3925
6226
3451
8160
854
91
3046
2225
6842
6683
1726
4394
3150
1001
5113
8687
704
7096
7786
6557
8917
9718
2751
2824
717
313
2697
8612
1657
1817
873
3663
5134
6925
2276
4487
1245
4820
9690
3207
7669
7545
5433
8670
3235
6955
3462
2260
6746
8530
3796
7816
9978
3644
8565
5060
8116
2885
6334
4272
1971
3274
2615
4804
5283
3984
3180
7451
7594
3444
8387
3417
9935
6102
8713
4211
5974
327
7439
4542
6456
3275
8648
39
835
6027
3392
8968
8558
9667
4171
2362
2187
2205
956
9099
6253
4898
1280
2443
505
2373
7890
1600
2420
4601
7971
8066
4601
5522
6193
3504
424
1219
791
7535
7121
4482
4722
8423
730
3295
9461
9726
7730
664
8596
2697
9366
5926
4437
3661
9479
4017
910
3939
7045
9199
8971
5395
5719
3773
2883
1099
1125
2387
6810
3601
4557
176
678
6359
906
8312
2717
292
4687
7430
3495
2420
7542
4651
9021
2017
2937
7239
4196
9734
1054
8593
91
6071
6359
97
1676
4746
7946
5973
4234
6016
915
884
4979
9906
8581
6396
7608
7553
3770
7309
7187
8203
4094
1991
7184
2052
7440
8524
1175
1500
2254
4632
74
7546
9706
3509
3036
3377
3949
1678
5539
4593
8300
6273
1929
8805
3395
2713
5348
7771
9020
3819
4061
8540
4674
3779
8740
287
4652
4483
9730
4930
8899
842
4422
6536
9394
3589
705
6827
6743
6708
122
9548
4963
7949
8276
3152
6958
4126
2849
3186
3091
8207
5987
4684
7659
9499
1029
5520
6366
3517
3071
4948
520
6595
5037
4632
4867
9495
7761
946
9706
5140
2814
1286
8457
5124
2660
9681
9090
2323
775
2659
4496
1801
6680
1380
31
7018
3251
5705
1513
9846
9584
43
4449
5375
91
625
9079
5130
5260
162
4248
6199
8978
3076
3910
2367
5382
1083
1197
5558
7855
2707
4478
7412
8413
6104
3639
6602
5989
9482
1856
4555
3409
317
9433
6360
9037
361
8455
3657
172
2067
317
265
7783
13
6466
9440
2905
9056
1972
2216
6053
4831
1807
9571
6270
3606
1160
6491
4755
197
3267
6005
2667
2321
7996
2603
5331
3479
2593
1259
6016
3934
1254
3739
9786
9257
2418
3844
9195
9853
9986
1090
9774
1421
4607
6679
4721
8005
423
5048
4596
7517
1844
484
3832
1023
9924
7464
1737
7110
9679
4835
9044
3935
9554
6044
6218
2724
1505
4238
6801
5213
3807
9678
4518
7307
4987
3093
2557
6874
4616
5183
5098
4214
9511
1348
6422
7973
8663
3637
5046
5976
4526
3549
3
4228
3642
3119
5294
976
2220
299
5318
1213
6381
8168
9334
2654
4379
5572
5888
5275
2599
7321
5992
3833
9560
8441
6930
4629
3387
6926
6779
6309
5041
3804
4250
8937
9901
6176
3011
4318
2594
4221
127
7211
483
2895
4052
7248
1508
9790
1007
6937
8699
8245
7136
8517
8009
5415
3675
6320
323
6204
3254
5823
3948
4689
4685
5236
6662
19
4543
3810
8891
1092
7131
6015
9245
164
3146
5744
4924
7013
3225
4879
871
5683
8820
4013
9305
4414
9985
4071
1319
769
7675
8957
1875
5135
8038
5311
693
2611
2026
3648
3256
1933
599
32
1428
8549
1894
9659
5386
8811
5606
3861
1617
9798
1478
9574
8596
6155
2437
2647
9636
8111
62
1258
6437
8449
3636
3643
6357
3412
6551
5977
4888
7298
3789
8557
5472
8375
8461
1387
6598
4627
8000
2181
586
6587
5413
9374
6928
828
971
9386
1126
4148
8606
7586
7745
8585
1880
132
7447
4222
3890
8462
3792
7635
3469
10
7441
8409
9996
2637
3208
4632
6746
1093
6493
9983
7271
3812
5538
2816
9347
8952
5409
2083
4543
7311
1627
2127
7024
7198
7343
6099
5677
6586
6057
9738
7883
6628
4811
6387
6217
3924
3739
7925
9410
2742
1241
3157
2867
7990
7473
1054
9853
1927
5681
8451
7042
8077
7023
519
7213
8326
2796
2746
3506
7874
1466
6662
705
2225
4758
6045
7017
2885
3676
7929
6243
8462
1357
4290
1497
4254
195
7020
3802
6378
4696
2774
1148
1379
3104
9439
4067
7640
2341
2228
6793
1232
357
6801
7794
3458
3861
3070
1511
1811
1645
1984
2995
3125
7382
6990
3168
9619
5453
8230
4210
3045
5837
376
9781
3644
2990
124
2426
3207
1214
4249
2983
9685
8547
3277
2966
2085
9199
3952
6480
2844
8334
8900
2254
7303
3018
3145
767
6466
9257
3256
7075
7963
7976
5976
5082
9252
2363
7488
609
1155
789
4063
6089
9765
2395
1352
5521
2223
5379
5957
5982
3766
192
3746
5934
5409
7333
3224
3238
3469
414
1668
6117
1780
6394
7406
7084
4122
7270
8599
9276
8251
8587
9144
3799
6809
6363
4652
6688
4190
3934
1770
9783
1944
2348
2504
9297
2953
9336
2579
1300
5688
3449
8523
5663
9223
8992
6368
207
4150
5701
4936
1779
1879
2677
5158
5312
7290
500
5861
439
5815
1740
9937
3144
927
8581
5547
9675
6918
6153
4770
3548
4233
5428
676
8412
7488
5527
7193
6593
3309
5500
4519
5247
4555
2481
5157
7073
2103
9314
8143
2983
4849
3764
8559
2781
2425
3538
2825
2485
3814
528
2307
4958
1517
5074
6055
9747
1505
8144
494
9628
2497
2792
1154
8089
6396
4363
2991
5841
9835
514
7202
1418
1339
8180
2837
6210
6816
2775
8510
5004
8773
3227
4796
5666
6840
3420
2329
4082
6342
6766
241
446
3442
2003
4911
1316
7872
488
9071
9752
1474
6512
9318
6090
9747
2768
5436
4827
4308
7953
4004
8054
39
4453
3373
9682
3779
570
4077
85
7806
7543
616
3295
4738
4495
2527
7738
7196
3169
4543
7513
1472
9082
818
6319
1431
6552
428
2783
7508
4224
900
8963
3614
7641
1661
2343
635
7702
3280
8245
121
2879
8694
4197
4315
947
1499
2504
8699
556
1946
5043
7025
1158
18
5356
3723
1699
2593
4908
7867
4097
2403
7303
594
4241
4031
6411
6529
4074
5057
639
2709
6840
6614
759
1885
4646
5165
962
9063
8456
9396
9055
2071
3817
635
380
3477
8789
4927
3348
63
3116
8733
7019
7003
5270
6620
3041
6673
8776
515
3788
6946
3698
497
9479
8776
3758
6659
5372
5317
3203
5548
9627
8775
4363
1614
5568
3170
2736
8426
7085
8202
3032
2813
6604
9074
7836
634
5789
7334
9723
395
457
3552
8133
8227
4410
9910
1678
9030
1842
6305
6048
9429
8929
3808
961
5219
3724
2824
5195
6049
4925
7440
5828
2073
5659
9480
1658
5668
5935
7839
5293
1392
1263
1175
8639
4008
1723
173
8526
9584
192
492
1329
6159
4113
5515
3286
5800
197
7560
8937
7771
5373
1548
1181
9006
9255
304
6514
7499
3360
2617
3042
4482
7877
795
2637
9148
3032
7259
649
4286
132
1485
6338
1045
8777
5638
6899
6934
5178
1478
1896
272
301
4399
76
1205
5450
9533
9866
3544
7332
825
2310
6383
2496
7553
5525
3479
6583
1371
2016
9047
9821
9002
2900
3393
949
7193
9149
4303
652
7967
8448
8695
1133
4809
41
9486
8388
7503
4930
2533
4581
8980
6979
6601
5983
1077
5182
4233
2645
5848
460
3698
4292
1895
6634
2810
834
7425
7838
7675
9836
7134
6985
3339
553
4747
5398
7467
297
641
9545
9873
7176
8035
7198
2703
664
2700
2917
5697
8877
8365
7527
1515
3123
860
7225
9849
6671
5019
3229
7731
1455
3265
3799
6874
29
3351
5609
1147
2318
1196
7000
3529
9355
7027
2593
1960
4657
6910
9518
2036
9725
2796
1367
7765
2820
7993
2079
2066
6745
5370
4929
2955
7099
931
6529
9960
8153
4375
5370
1190
692
4371
3359
7998
7726
5224
937
9219
6795
8474
8495
9212
5234
9769
7849
5100
9717
4829
7832
1229
4197
1209
9352
9052
8507
1025
3978
7532
5325
5685
7871
2805
2664
10
2225
2965
6476
7917
7541
1506
1475
3979
7042
4687
7754
4604
3999
7869
5574
6635
3531
910
2464
4346
6669
9884
5860
3727
1808
6250
8262
5683
7412
6630
8508
2794
869
858
6341
7754
5161
5715
8217
9635
7021
4738
6877
5308
2700
3196
5615
9685
1130
4825
4820
2199
6471
3001
6078
8868
2929
2962
5678
4688
5365
870
9892
585
2177
7909
6124
4726
7004
6173
649
1073
9035
7959
7590
8391
1950
3334
7899
1710
9463
7330
2179
4476
1834
2918
3053
6416
2334
1080
6185
3326
7670
1091
3959
1240
9930
5190
9379
3996
7937
4656
9394
2377
5512
5502
8868
4356
3184
7949
8675
5442
4403
3886
7776
8311
9293
3916
5796
6775
5546
4646
6620
3361
7482
1678
2949
5715
476
5789
463
9538
6591
3916
3072
316
4256
6289
2234
6991
6993
6897
3039
9786
2237
7894
7028
3904
5069
6707
5395
6165
6731
5231
1513
9395
8515
1458
9337
4186
8873
8734
2287
285
3744
3800
800
3702
1788
9915
8128
9483
1478
7470
1264
5989
8065
2458
3764
9304
7719
8812
9080
8892
7506
5908
38
5536
5667
8424
5303
9991
843
6229
738
7242
1409
1598
828
6219
5259
708
602
3100
2188
6500
8007
320
6492
2609
5576
3744
5898
6602
1655
1609
2049
7671
1848
3963
7224
8022
9158
9393
8783
6711
467
5626
2560
3270
8923
3528
4455
519
7552
2246
8192
7662
9481
7690
3839
4616
9874
3255
8800
3043
9752
1397
988
1274
9902
7260
9076
1672
9352
9699
1822
5474
820
7648
3667
9737
9602
275
8683
6999
1490
6967
3529
2672
14
4631
6853
5639
8003
2370
5684
2122
3519
8132
34
1304
1176
9860
9988
5716
5891
5681
9072
5958
7686
8891
8358
2666
283
1462
4022
4984
873
8615
6302
690
2838
4335
9359
2908
3584
137
9696
8525
3630
1953
8435
9858
9771
1142
7376
9015
710
4415
3074
8696
49
2544
7239
1226
7955
2130
58
5854
7013
6246
728
1542
664
4666
1377
232
590
1381
5233
6298
748
4768
4618
6843
5780
5647
5534
7279
941
7571
526
8935
3071
3292
2337
1912
6061
9325
3591
8412
3517
8732
5
4158
3354
7382
4498
7934
2463
4587
589
3494
9445
214
6940
8569
5294
9642
3229
1110
1606
4970
736
4118
7828
7305
3660
4005
6680
8947
7518
2468
7873
457
5419
4888
9796
4999
7345
64
6952
1520
457
2833
7370
3252
5494
4872
6310
7562
7703
3166
5612
8231
6473
2979
459
3241
2985
215
3398
9576
9461
4855
3035
4717
6143
7534
2945
6718
8960
6465
5977
1105
9418
5195
5722
1376
7419
3155
8147
9733
8263
7943
107
2462
2719
841
9320
6762
2323
6184
7915
4527
4181
3260
565
6524
3254
7107
5198
2480
130
6010
2217
572
4303
2818
3030
6201
6960
8921
1737
4479
6030
8748
4743
8910
8379
17
9270
5490
8350
1032
9034
5274
8770
5786
4729
8096
5963
4579
3508
2022
4092
6646
7765
3909
7511
3816
2177
8389
7820
6843
4372
42
3672
6465
9170
5127
776
8598
9822
7947
9980
3147
1693
7663
9229
3567
5811
6361
9558
1968
1018
1339
2998
2041
5761
166
8961
9726
718
6315
5167
6749
2883
7510
6699
2659
7441
2939
2876
9764
7698
2258
9839
8553
2423
4278
7292
3003
2305
2666
8672
8074
697
2806
8834
8223
9059
1440
3996
7248
1368
8258
1412
6487
3795
5161
6937
3351
5019
3679
1556
2477
4389
9682
212
9209
2859
7163
5379
8542
5835
1818
2954
3596
6715
3772
9235
3922
5634
393
7876
6287
1446
6851
6796
7597
3896
3749
612
6532
4434
9819
3406
3834
4378
3072
8243
7026
5650
2392
968
5265
2165
9729
8943
4416
152
6530
6185
104
9877
5217
1099
9643
2984
7949
5302
2109
9870
4359
7782
4514
6795
9902
9192
7462
1904
5386
1240
4634
6902
5572
1797
5710
4754
7652
503
2866
9261
8754
6688
4354
985
488
9980
4305
4974
1197
8059
5984
7574
8734
9182
5873
367
8476
8226
3972
9197
437
3489
8713
5047
6640
7501
998
1049
6961
2940
1482
3282
3016
8163
6195
2837
4458
8678
8082
2089
4139
3612
8163
340
1069
3734
7078
2915
157
5432
5950
5754
9735
6665
6823
8461
2857
5357
4307
3010
407
5121
2271
1248
7988
6104
8553
3523
1444
5782
9837
6004
4918
1387
2379
3054
5281
9609
9879
174
2266
5122
9843
4851
1970
8698
3447
1174
5577
7549
9819
8836
8673
4675
7533
4871
7418
8165
402
3600
78
8469
786
3625
932
8124
5164
2458
8871
6457
7606
1952
1434
471
9127
4759
2788
5341
2388
9129
7492
4881
7319
2397
9352
5737
5720
4981
2864
424
5139
1665
793
7971
790
7308
5376
9496
7544
163
2348
3366
3156
9805
1177
9120
6898
6226
7457
8650
5136
3040
980
465
9146
7622
1974
8416
9694
1752
9545
359
5036
982
7501
5180
2550
7853
1561
1022
5792
1306
682
3975
5299
7002
2329
486
7392
4682
1517
4444
1824
3154
6571
9966
753
6432
3302
5628
7730
1946
2951
8637
9344
8887
782
1550
2133
3581
4823
3701
3010
556
8355
2543
1761
5443
549
7041
9459
2522
5145
8336
6157
5637
3793
9199
4054
52
9558
5465
8812
2457
4257
9345
7656
6908
6922
3502
5480
3380
7657
9083
6934
5857
2023
5662
4245
4336
3893
4650
4313
3916
354
7607
7678
8047
460
3778
2285
815
3077
2586
7308
7659
4428
9933
1283
4658
4082
8922
2985
8863
1094
7822
9110
5250
5521
2810
1079
6745
9876
3426
9506
869
9603
5486
5277
7442
6885
8314
5044
6512
468
5334
9833
9584
7507
2254
9679
6769
6656
6040
3809
5359
2391
2141
383
6229
6500
6861
8253
3203
6828
7972
7773
2741
6059
4261
9299
9524
2550
5641
6025
3192
4742
6031
8702
5011
2847
5594
354
6238
8859
7140
9474
14
9265
3851
1182
3169
28
7968
3457
7960
216
3972
4800
585
9216
5034
4957
4465
3435
8472
2472
5724
4608
7451
2983
5340
1732
8670
5994
2086
4627
826
9004
9513
1650
6344
4196
8937
7526
3233
6526
5402
6959
6408
9869
9329
4337
8723
7049
7236
7572
8837
6168
5240
2491
1014
9185
5334
7803
711
9080
3043
5206
8001
9278
3163
6867
8866
1614
5711
7455
4458
2412
9831
9973
2438
1814
1561
6498
9771
9140
3109
6834
1929
8396
8620
9299
895
6764
4354
2482
7141
4246
7175
7495
8380
5145
2782
4518
9797
2913
663
9950
5738
8889
9423
9198
7834
2580
668
9603
714
439
5763
7865
7492
9502
7827
5824
7503
24
5128
5401
8899
4757
903
603
2525
3236
4567
3205
7510
9129
5705
6031
9814
6970
9487
9547
5147
4407
4307
6328
4405
6426
2323
8754
8142
7163
9303
7446
410
1518
5522
5992
2728
9338
1388
849
767
4749
1523
4646
7777
2167
4619
5736
7996
9352
6625
3797
3572
5443
3987
7278
6818
5512
8585
3519
9884
3393
1835
7728
2601
7918
4647
7514
1873
8188
2431
7680
4409
8101
7540
4747
5952
3471
8018
1613
836
8212
5341
3602
2093
9438
8484
2780
9339
809
1805
6870
1611
5720
6724
2907
7141
7505
8885
570
9916
1360
9304
8502
2727
538
359
3499
7625
3861
6065
6160
597
6727
484
7390
3058
1050
3638
8999
1394
1756
301
7369
7432
68
5186
8608
5881
2202
380
1157
2519
2672
6098
5938
4297
1012
7077
6245
9061
8399
5509
2753
708
5438
4048
1692
5264
2538
3842
5559
8038
238
6093
3455
2309
8724
4920
1191
7376
2281
3319
2140
2427
8042
7819
4268
4723
4185
3065
6055
3699
7777
4567
4285
6995
1967
6165
2083
7913
1971
7992
3382
5089
2228
2065
4224
937
963
1826
9831
4403
7682
3726
6334
8000
4683
6904
9100
8287
7228
9828
6021
305
6420
1320
6748
2541
8239
5060
6908
9487
8965
6900
8798
3710
867
2537
2883
9997
9209
1158
8503
3772
2048
8825
5214
3700
7457
1312
5178
2941
9390
9159
4834
2932
4734
6310
9872
1192
4921
5405
6394
8998
2359
7265
3685
3273
4140
8412
2453
3539
4626
5587
582
5382
880
2879
9393
9957
4308
3241
5380
5148
7143
6356
3752
5049
8897
2870
1439
415
7240
1005
5713
7760
8989
3078
1970
8699
8406
2362
9553
6841
7596
4228
1782
8396
8275
5774
4335
8613
6674
3548
33
179
2589
4981
2614
1380
9897
5994
1301
7193
7729
2876
5661
7120
7462
3332
1233
8312
3268
1343
9976
3166
2251
3685
450
1386
6213
8992
3285
1148
4763
3872
3859
5971
6250
7902
9340
5899
6
5298
8682
3659
1795
61
3306
851
6506
9240
1459
490
2925
9928
8112
9510
5149
9144
4742
7157
9558
8361
9996
8891
6067
9874
9584
3481
4473
1467
9929
4162
6074
3334
8326
5957
1191
2966
3005
3584
4703
3778
7721
9947
2441
4241
8185
9186
5994
6429
8000
125
5329
7098
424
3536
6348
3923
8027
5716
4873
3240
3040
4968
8535
3409
7244
9882
836
6190
1453
6088
6786
5257
6643
1496
1600
4307
7672
1008
3763
7036
2944
6567
7789
5935
8068
7727
2889
604
8566
6283
2912
8463
6905
592
334
2652
8814
8082
5789
9906
8195
1663
6411
5889
4731
9826
6890
8783
9130
712
9760
9499
6076
2731
2737
8179
9369
8333
8168
8164
6428
7057
2637
6015
2336
4360
9007
5916
6268
7800
9886
1299
9749
3380
1942
6072
1689
8222
2047
4715
3211
4424
5444
9987
712
2831
5271
6468
975
7181
5342
5976
9520
9130
6815
9401
2455
3810
9020
8680
300
5315
8214
4807
3955
5558
9537
6455
7834
1844
1909
3586
4202
2996
1911
7357
5960
8671
9031
5968
105
1790
6343
262
8338
8071
3674
7031
4706
5508
872
844
6678
3993
1292
6377
3415
5133
9844
7957
6036
8056
6377
7607
4218
6933
7317
8406
4028
4891
9297
3874
9460
2485
7387
8894
6635
4124
1553
9262
4970
8843
5136
7807
5534
2622
3959
6875
2185
8393
5210
1014
6277
4481
1321
22
6295
1865
1769
2240
1749
770
3046
795
5629
546
4478
2697
2459
1455
2513
5744
2777
5379
987
2060
2052
9118
5158
2900
411
7868
6485
7358
6914
4770
5716
1996
7319
1738
1436
3310
6038
9244
4621
5148
3604
7806
3557
3742
807
3951
5568
8952
3392
1515
9427
7344
2163
3631
355
18
5564
8928
689
1057
4005
4550
173
4590
759
4785
1422
626
2477
651
8011
8283
181
5733
8250
5798
1968
3967
3823
3813
3930
395
1563
4774
830
1256
5521
4770
6223
9082
8311
6771
4587
3395
1133
5085
862
600
4791
9016
1058
8794
9660
8516
1151
308
4964
2017
9123
3999
1072
5760
1980
6277
6517
7137
6455
5202
5430
1601
4233
6476
9835
671
5738
667
4997
1102
2783
368
2552
5874
3898
8347
1936
5773
6489
3687
4259
9616
8353
1967
1467
5036
1144
6306
1128
5463
335
4436
2195
6182
3596
7545
4933
1771
2451
687
4164
2400
5674
2463
8805
3086
4970
1924
4608
4899
7113
1890
8292
4951
7291
9749
3555
2458
1168
3286
8989
3002
1162
7725
3772
6496
8386
3270
6979
370
8502
3229
8091
8136
2553
780
2917
9571
5717
4092
6598
6379
4677
713
1852
5491
6126
505
3140
7386
4668
3301
5860
818
3728
4469
3933
1428
8299
7148
1024
3701
8597
6963
1275
1448
1354
2224
6289
5972
5619
4425
2043
6418
4400
8933
1246
991
1036
6919
7427
5856
2345
8114
1594
247
8679
4656
7832
6190
1184
2452
8764
730
810
4073
5646
2186
5610
2618
2209
2866
7763
925
7773
24
1135
1955
1536
397
5122
7518
7304
6389
85
5791
9871
9072
1326
9046
9147
9933
9686
2274
3371
5855
3940
4045
3761
7727
5060
1121
9805
6969
8580
168
1332
3462
814
2258
977
6151
9339
3715
442
1206
7076
542
1712
5251
500
8319
4199
2297
1022
8011
1244
7537
9983
1259
4675
5256
896
3506
1519
3946
3452
7410
4492
6768
3326
8543
2243
4499
9414
1245
3164
3967
5337
3426
2964
317
9115
7069
2925
6197
4435
1473
3386
1160
6730
6632
8363
2766
5134
3755
8278
2720
7518
3878
3710
9717
4002
8830
3940
9104
574
1202
2966
551
159
4682
113
7741
546
6845
8102
781
3050
4780
9773
5098
6818
2988
9748
2411
8489
5840
646
8038
8542
3653
1036
8509
6530
6910
3682
2481
4303
3070
6948
9170
7195
1970
3447
8944
5127
2
8288
6893
8670
2288
7211
5334
1385
2278
8750
3245
217
8695
2455
8488
417
2053
7625
8086
3666
465
5336
577
1450
1910
9418
5216
3558
3010
1953
118
2944
5983
9923
255
6554
3974
383
2108
5730
3819
1684
1076
4737
8602
5502
7059
6124
7701
7606
8050
7121
816
7742
5099
2604
445
6712
9374
4374
5031
7583
5323
1892
571
5112
5643
6350
7000
3055
3470
7645
855
8096
6325
994
2835
9009
9369
7500
3214
1582
603
5203
6318
987
922
8815
7300
4860
1747
1295
2971
8457
7214
1336
1615
9340
9807
3679
160
276
9917
1410
7642
3840
3167
6982
8510
6070
5959
1370
997
7164
1844
7915
6113
5901
4677
3703
7826
1386
1122
869
8703
8211
2385
1662
2913
5075
3962
9795
8631
9452
8266
1652
9330
268
4163
7603
7783
8751
9978
6036
7386
3887
991
3506
4378
8442
141
1141
5740
3650
1969
4931
5551
4490
2243
5353
1147
7467
259
6714
9197
8707
1915
7805
9837
8938
9969
3088
8402
5288
4916
4730
5700
9496
3601
9069
8464
8768
4677
2986
3961
4851
1736
6529
2037
8593
442
2121
4711
2183
5179
5288
5920
9213
2527
6517
8225
1523
2268
2556
7596
1925
1103
782
6829
6898
1793
7686
6841
5097
8675
5006
2837
2972
3363
7260
8346
9806
9478
204
7144
589
9533
6016
8327
7421
9785
9384
6269
7562
3323
9918
9538
8628
4447
2766
6693
7466
4206
2211
8943
4528
9060
7791
1509
1931
2356
9105
6296
6632
9303
3794
6998
577
5083
1978
2302
7604
253
6719
3494
700
2399
4696
4013
9672
6080
8649
8309
4978
4274
1680
716
957
3654
7421
5711
2495
5866
9811
2178
2326
2280
9451
8823
7845
4189
8841
9418
7642
480
3713
6947
1538
1992
475
3888
4534
6519
5193
7797
3659
3258
6503
3
2335
4968
9190
425
4328
4934
8901
5689
6795
8837
9179
7728
3103
8798
6634
7617
7763
5153
8305
1908
2513
2175
2829
6925
9826
8383
2629
9896
4562
5595
6226
8742
376
7258
9279
5777
2137
4266
8858
3790
5832
3015
832
3740
9032
9338
9730
4429
3241
7950
6644
2900
3934
687
7906
1483
472
3055
2639
5125
1285
2326
3238
7111
5936
3138
5070
5960
2116
8572
5795
1589
5511
4751
9020
4184
7624
8177
6746
6160
8574
102
1463
8546
4525
8387
2022
8456
5461
2426
304
193
5954
4460
5050
9910
8804
5983
1940
6546
8778
6385
3312
5072
2316
2977
9446
9254
9251
5510
5188
1425
8788
1380
4707
5854
5383
2029
2045
4950
2383
1279
8923
1866
3945
8892
2879
5888
8545
2138
4371
72
8294
9869
6071
2112
7347
2270
1922
5191
8593
4387
3327
6305
3068
5361
8560
3356
2465
1777
7594
3500
7695
6087
6746
177
745
4597
3593
641
397
7147
9007
3296
9763
4062
7117
5974
7527
6346
2962
7645
571
7954
3716
1886
9054
2427
3512
6082
6802
5954
9658
5324
9299
8976
8579
9033
4469
7579
6007
2364
5800
8625
8603
6454
9647
2641
3596
4497
7407
4678
75
4920
8047
6081
2379
7578
2916
6890
224
1273
805
2638
5924
311
597
5589
8269
8995
2675
9664
3647
9013
8482
4303
3116
4264
6326
6990
2695
6024
7064
2873
209
1244
3375
4152
3203
4552
599
6987
8233
1212
7753
7240
3121
4011
1462
2079
9431
4434
1791
8165
2275
6442
325
4129
3710
9452
1750
2249
1107
7939
5565
9963
762
4783
9715
194
118
6676
8361
4937
523
980
1498
6930
1571
1842
3602
5191
6627
7764
2179
7632
7344
5815
2628
8087
4125
4365
5445
7724
4367
6566
407
9235
9904
4616
1747
847
7109
5676
8842
2783
7545
5610
5807
1408
2335
6779
3278
2171
1676
8695
9831
5220
7129
3452
2664
9640
3823
4911
8572
9207
3811
6361
7336
9997
9692
1512
3332
2910
6006
1231
8167
595
935
1195
8183
1938
5330
3204
5256
6573
4877
24
5808
3491
4554
6588
9354
564
9030
762
8079
741
4169
9601
2427
8082
4558
4933
3662
2767
3531
7180
931
2788
8686
6346
8315
4012
964
7164
7464
7165
4712
2436
9504
9177
8417
5062
276
1256
177
2557
8273
6196
1225
3543
6490
3734
9852
2230
9167
5419
8211
4445
1694
7738
729
6219
84
4944
2691
514
5899
1561
9460
9989
9014
2899
6508
7157
3654
2290
6821
6055
8451
606
3942
2446
6120
2117
4761
8922
3978
7529
8739
6158
1597
1239
6228
3285
3445
2407
2845
5856
7623
5781
9193
5131
8899
1505
7228
2036
3828
9496
1652
1352
5287
7534
5325
9080
6220
6978
2038
8615
277
2584
246
9095
2644
8613
6393
9141
6626
9550
1601
628
8596
8067
5567
6944
1494
4862
7208
6220
869
733
485
8532
3616
3929
7336
4265
734
447
9827
4634
9685
8170
46
9870
973
9219
4437
4134
9020
9082
8797
752
2663
5699
3853
1863
5850
1134
1312
1344
9814
7712
7692
6097
247
5741
9589
6835
7373
2591
2097
5805
9186
5477
7878
6432
579
395
1699
6169
7442
6155
746
9101
5738
9121
2371
2192
2182
5385
6428
5826
9194
7645
6232
7062
6076
7255
3744
8024
8507
7711
6118
2826
1685
4687
4381
453
1749
4940
3221
6456
387
3718
4540
7368
1182
8332
5243
3223
3094
8132
3102
6600
6677
2469
6036
4475
1904
8082
976
6708
9367
4584
2056
5360
2071
6138
7302
8602
793
7509
9295
1004
3674
1978
2447
9588
707
8977
3704
8121
4096
5054
1392
480
2862
3477
3334
8681
8804
1247
4461
2919
9272
4323
2666
8641
3623
4485
1307
8582
8292
5105
1324
4173
2080
8702
3845
9886
6329
8813
5743
3876
9303
9694
4502
9288
4166
2482
3820
7066
6067
7922
3492
9090
8416
9703
8360
4619
6121
4468
4813
2101
1979
9020
6389
8496
3636
526
3677
6393
9798
1249
2861
2270
8927
5989
8075
2607
9790
1160
5577
8938
8521
9616
1563
6832
8295
6498
6742
4739
2090
5861
4992
4121
3034
8631
9438
1902
8477
5108
2027
6544
7091
3458
3060
1743
839
2743
4826
4804
1187
9113
500
5478
8709
9422
4061
2422
6022
5315
9240
9878
7055
761
1035
4974
9541
7535
5127
84
9758
7818
5969
8293
9045
7893
5350
2331
7415
3188
2846
3010
3249
3593
1657
8767
8317
7147
9745
2982
1932
9972
4775
3331
2714
1143
4204
2195
1580
2248
7385
9189
5371
9836
4245
1046
8483
5295
2748
9109
7709
8266
1705
7445
4344
7852
2387
4001
7036
3955
9925
1662
452
4960
1108
9560
8359
2968
799
3855
1296
5318
9390
8423
1645
5881
2042
3277
2780
9849
8700
1411
944
7374
2757
9472
195
4550
3034
8931
1399
1248
4238
1610
5325
6457
7231
9421
7677
2235
4900
728
2031
5501
2110
4847
1022
4754
2376
2727
3681
6735
3190
7064
2347
9970
6690
5733
5990
5466
9340
1411
8601
7807
5958
6717
6678
2772
5873
3260
3833
4320
4498
6453
4628
4629
5125
1724
8461
9207
6809
2164
2900
1444
7686
2869
1558
4780
8161
5244
4835
8869
9456
8946
2643
1327
5436
6421
8028
6218
5273
4633
4176
8310
1152
1857
7363
9772
6011
2182
1626
6132
6040
2715
8151
8510
1874
7286
6577
9740
9622
7860
8266
416
6577
3753
1391
6043
9416
5414
951
5492
5786
3202
1049
1068
5445
9191
1666
6480
1716
1392
4505
7602
9919
5830
7176
836
269
8940
7554
6955
1729
2226
2560
3257
8195
1064
5330
400
31
7290
9195
5103
7224
8559
9920
783
2524
7619
2869
5
952
4821
5892
8392
472
8515
116
6495
8683
8043
7527
8502
8095
7377
5749
8261
3319
237
985
6651
891
6195
674
9677
6444
1467
5270
6087
2511
8469
461
9197
1503
6875
5735
8181
9070
9388
8515
9344
9126
9313
2727
6622
1011
7997
9066
4905
6622
8432
2263
233
6290
224
4471
7116
9124
652
5683
5662
243
9497
7407
3011
6176
6669
1217
713
8595
5794
8664
7626
4995
8051
6138
9282
6360
2533
835
4904
63
5909
4547
1880
9041
4725
9664
8612
7242
453
9394
9893
1692
5328
6824
7957
3110
7209
552
6244
8195
8141
7063
1640
3786
2153
6637
3039
8045
7682
2869
7572
7221
1947
1374
3049
401
322
4913
3348
5069
2853
4703
2455
4208
3683
9717
4721
467
1836
4544
8096
4117
3528
9023
4538
3642
8231
3490
6476
899
2061
3006
2093
8033
8799
2594
4014
3575
6369
5837
756
5439
2532
4050
8729
2643
4081
4029
3161
5703
3438
7967
9596
3739
4992
5021
126
690
9700
2028
4459
2139
9762
8452
658
7642
8336
3402
7424
2028
6565
3836
5762
5941
8945
8452
3035
5629
4659
2895
7934
2535
