9563
1
-7362
6275
-734
2229
-3858
-3930
9132
2089
8548
3779
-4002
-6302
1469
3801
-6724
661
-3759
-2189
2589
6664
-3894
-3354
4917
9001
-1407
5285
-1176
-8763
3423
1428
-4306
6336
711
8753
4360
5937
-383
-349
-3796
8608
-2810
-2972
4248
4581
1631
-4380
-8625
-3081
8213
4357
8534
4367
-744
-3
8431
-8006
21
5910
1615
-6605
-1962
-8021
-792
650
9806
1116
-9548
7303
99
-6973
-530
-3137
-7143
2950
-4517
9640
-3239
2877
-9392
9696
8107
7368
-6850
-7874
5035
2388
-3913
1139
5177
2566
-8201
5285
7713
-2057
-3556
-4784
2609
2879
-7953
-4933
821
6086
-1904
-4806
-4776
-3498
-9385
-4281
-1054
6552
-4861
4026
5411
7765
-5963
9713
-5777
1378
5823
5344
2249
6652
-9524
2766
-2135
6564
-3192
8280
-3063
2523
80
6991
2382
-7989
2524
6409
4081
2007
1747
-4009
8969
-5720
-497
-9387
6296
-468
3523
-2018
-1932
2838
-5078
2404
3421
-3073
8188
34
-353
-7870
-4436
-5671
5532
4120
5025
-9012
9429
-6971
-676
8677
-3795
9879
-282
-5664
-3156
-1001
-1441
2056
8403
303
9452
1114
3126
-7763
351
404
1798
4092
-8323
-208
7137
-7586
5671
5593
-438
3560
258
2605
-1351
7644
-2569
-7197
-2594
139
6828
-4762
-5285
-1686
-1083
-7700
1425
-8851
2806
-1380
9333
-8042
-1013
6537
2043
-5579
-9749
8705
-5083
6075
-2871
-9327
-1446
2002
728
8241
6255
-2286
-9319
-2710
4221
-4369
8207
-314
8012
-4569
3880
-2121
-8560
1015
-34
-6310
-5206
-3581
5065
2417
6405
-9475
-8886
-7462
7508
-3393
-2791
-1396
8487
-5730
-4000
-175
1673
-4315
-8013
8021
-1958
3118
-8867
317
-3678
-5305
4921
6754
-5699
6179
-2995
1750
6769
9648
-3316
-2749
5553
-1356
9939
-2914
5145
3665
-3245
634
-1101
-8355
8816
-7117
-9741
-1971
-9309
-2813
5849
-1316
1786
-8057
9296
-3701
6753
557
-2946
-341
5323
-2366
-2236
-6811
2887
4977
9597
3734
-3603
4263
-4366
2790
4512
9991
1400
6940
-7843
-1184
-9918
-4910
-7907
-8535
-1364
-6831
-9801
-9114
6418
8032
-6987
2072
9357
-4874
-2749
-4353
-6655
8880
-9396
-8860
7193
-4790
6543
-2148
4152
7100
1678
-6124
-8095
1141
8849
3716
8177
-9532
4693
-6483
-1225
8312
2792
-7733
-8789
-4129
-2329
-2984
-2325
-9246
2638
9096
-3484
1517
-2992
7671
-9558
-5323
-2726
2055
3344
-259
3170
3048
-758
-9060
-9204
9480
-9833
2346
975
3718
699
-1908
985
2376
-3243
-9858
1163
6305
-6343
-1455
-5788
4793
3972
-4581
9798
4901
-6893
-9831
-7495
-8803
-8085
9259
-4587
-6425
6292
-1251
2593
-3458
-7071
-4281
-9971
2730
-983
2921
4547
2201
4223
-4432
9835
8190
7641
8347
-9997
2307
6799
-7513
5758
-9760
-871
6645
2387
-1491
3862
-9448
6490
-7365
8846
-3181
-2533
8047
1890
2327
-9297
4378
3691
6424
8458
9099
-4858
-8188
2903
-7054
7500
-2493
-6650
-3539
4657
-5299
-4324
76
-1872
7665
-6525
1965
-9582
6910
8945
-8091
-896
5583
6590
-7017
6140
-979
8237
-7791
6872
-9951
7693
-2901
4772
4243
-5661
9650
-7030
2007
8685
2044
3361
-9115
4713
1000
-1042
-8749
301
4840
459
-9526
1318
6307
-7278
8629
-9874
-1739
-3711
-7164
-4124
3064
6357
8605
-1081
8320
-7309
-8347
4619
-3574
1159
-2671
-3728
9801
2403
4374
2902
9338
9850
2770
6734
-4373
-6874
8300
-8946
192
-4263
5476
6447
3356
3158
-5108
-4069
6228
-5284
-7319
7370
6438
4601
296
9555
3925
-3017
-5931
-5622
-65
5054
-3078
4229
-4381
7244
5132
-8310
6610
8020
-4840
-853
3305
-9482
1102
7939
8664
8068
-2374
1867
9
6078
-1665
-1694
3008
431
2899
2637
-7742
-7559
479
-4072
6726
6519
-4217
-6772
-2285
3032
1362
-7026
380
-3430
9293
705
-5612
-4557
3166
1552
2499
2031
-6275
-553
-9735
-3440
-3066
5935
-5539
-8810
-3858
-974
103
-2508
-3930
5718
616
108
8669
8859
-7725
9274
3796
9579
8747
-5038
5557
-75
-808
2647
-6720
3257
-8115
8130
9679
8367
-7013
837
-1176
6304
5674
-1176
6564
2344
-7999
9416
237
2789
-1616
-4418
3894
-1771
-3078
-8620
2723
-4276
472
2145
-6497
3775
7953
-1111
740
4542
2096
5332
3912
8730
-5602
4412
-3252
-8944
-4218
4909
2487
-3416
6086
2700
-8029
-5659
-1867
7194
-3090
3440
9763
1971
-2555
-1501
4529
-2949
-8039
-768
5984
8836
7899
-7380
-2442
-92
-2720
3601
571
3550
6223
-8407
8866
159
-1182
4800
6295
6873
-6950
4110
1497
7010
4848
-6498
5482
3818
6985
1609
-1801
-3342
2984
-1932
-3383
5065
2284
333
-866
-4390
9919
-7423
756
9056
8669
-9413
-8269
2509
3528
-8172
8739
2869
-3843
-1370
-6803
-676
3715
-8241
7279
6517
1909
-7803
1203
8139
-5982
-7809
2136
1142
2351
-6531
-2771
8537
7910
9357
-2171
3395
-3039
-2581
-9982
-3260
-5124
-1179
-3248
6686
5729
7940
266
1326
-3031
6560
9496
4192
1148
-2842
-3217
-9123
708
2769
-9658
-3321
-7997
1625
-3098
2451
-7602
5178
8220
3354
-1839
-5597
-2648
9504
-1638
9407
2505
-1036
2433
1396
2289
-9119
-6908
-2055
2417
5617
4287
8701
-9953
8100
-5738
644
2480
2957
-6291
1953
-8064
-2763
-1870
-7490
-9382
7943
8824
1030
-3647
2303
-1659
-2247
-2807
-9030
5230
6227
-2812
-7596
4878
1143
-5369
8157
-8264
4403
200
-2696
-3080
7791
-7627
4229
3471
4693
8810
7377
4898
-110
4553
2431
-6285
-3419
8595
-5308
1750
-330
-1158
4675
-9131
718
-5074
258
-9381
-4627
6345
-892
-8257
-3598
4684
3242
-7875
-8408
-653
-5744
-2593
-1642
-578
-5193
9084
5658
-6206
1389
-4515
2333
9373
4005
7717
4464
6795
-6081
2562
-2244
-9749
163
9715
-899
-7724
6738
-9443
-2585
310
-4871
-1479
-5514
-2677
-5850
-2717
-9918
-8411
-4976
-7421
3233
-2858
-9985
-5344
-4423
-6560
-3887
-1622
-2944
-2792
3943
-8518
-2730
-787
9522
-9112
-4283
3577
-5976
5311
-5961
-6236
-4580
-9636
-2166
-3232
-575
-7846
6615
-2940
-8028
-8064
-4548
-1412
-623
620
1606
-8987
-7499
4163
-1442
-9519
-9021
7005
4649
-1717
5524
-1453
-9566
-7390
4150
2451
-2012
-9386
-5916
-4890
-1433
-9123
-836
4362
-6910
6443
5824
3039
6522
7531
-6062
-1835
566
6017
-6964
7559
-1097
1633
418
-5844
7476
-8281
4143
-9699
3960
-9622
7488
-6153
-3151
7857
-5668
-6223
9230
4636
6382
8597
3527
3808
-8243
-5611
-8365
-7297
2234
-553
-5340
-5750
1574
1953
-1645
7247
-9303
-351
-8613
7608
1090
-9902
4978
-6270
5120
6909
-2828
-5475
-9773
-8786
9140
-2016
3729
-2097
-8420
-6205
4092
3583
-5246
5144
-812
-4179
4518
8051
6666
-7440
6716
-5364
-9234
2468
-8630
4337
9922
3518
4429
3462
-7510
-7514
4146
2025
-3904
-1248
-4241
492
1494
7016
7231
5701
1112
-4217
-947
-5413
1265
-4369
3394
124
902
-188
-914
4507
-3884
-2002
6892
-4469
-8098
7606
-8697
8502
1304
-1538
5122
1776
5980
1285
1267
9997
9343
3513
796
-3831
9514
6442
-9238
-9109
-3202
8542
594
4133
5904
1879
5565
-769
6357
5261
3974
-1318
1938
7936
-7564
6670
4194
-2244
6754
-7989
915
699
-7576
-4030
1691
647
8690
6090
-1380
3377
-8132
1069
-2724
8346
-9476
-1624
-7143
-6289
-779
-847
-8004
-698
-1000
1673
-8283
-6577
6794
-4853
8045
-670
7095
-9024
-870
7492
9339
2950
-7441
6690
-6471
-1528
1324
2463
3463
391
-4944
8404
-3551
-9126
9201
-9122
-5297
-725
165
-7713
-9149
1074
5888
-7455
1274
2180
1254
1286
6045
9398
-1083
8009
7813
3264
-2904
-4486
2792
-6333
1637
7852
-8952
-9859
3935
-2749
-5353
1892
2484
-9942
4773
-2131
4424
-4029
-5955
2514
1827
2836
8951
1015
-2302
-3916
6426
3949
551
3212
739
1609
-2118
-3767
-1579
-923
-4262
7509
4597
8554
9542
-3845
2784
-6969
-1651
9388
-2324
7961
-2809
-6666
1206
-6138
4169
-2795
-9134
7282
-2948
869
5788
6546
-660
-5857
-287
-1682
-6806
-4564
8659
2254
8941
6906
2205
-31
-3756
5898
9326
3719
9113
1494
6662
1177
-4531
-2005
-1819
-9075
-9934
9391
1547
-2127
-4006
5640
-4836
1364
6633
1668
-6168
-2632
-5565
4432
-1366
3752
-3637
-5663
8360
-4250
9928
-4679
7315
5509
-5183
6593
-5678
-2094
-6516
7091
5315
6221
-7774
5886
-5196
-1990
-9214
6003
3501
1247
6418
-4228
6416
9320
391
3209
-8239
-6742
-1075
-6764
3290
-9918
-6138
5231
-402
-5586
6810
5939
-734
-6864
5208
8142
7471
-1847
9035
-3418
-8217
-9133
-6197
-8720
-9477
2049
8228
-666
-9527
7503
9274
7720
3922
175
936
8916
-9038
2364
-2969
-6525
2419
3567
-5392
6942
-9074
6792
6256
5675
9049
-177
-616
-819
4448
-8757
-4326
1273
-7013
7656
-30
-8181
485
-9696
-623
9433
3515
-4406
965
-8164
7323
-2801
-5575
-3529
6578
-9158
2478
-2407
-7781
-5370
-3528
-1772
2320
8996
3098
9502
6481
9183
4265
-8341
2881
1949
-2737
1078
-224
-5082
4219
9483
-8587
4500
9141
-3278
8601
-9655
-8776
-7304
3816
-4524
-7030
9687
-6550
-4980
7968
-8733
-7952
9567
6643
9989
6435
283
-7662
-3856
-1928
-8412
-4511
-6620
4101
9398
-7671
-2354
5855
7114
2268
-5089
-9437
2765
-9188
-8832
6976
-445
-5709
7746
-3786
-4207
-9016
9236
8700
2356
5348
-8403
1019
-2732
-1189
243
826
7728
-5669
-1500
-1146
-6316
3059
-9043
-5557
-5507
-5013
4359
-6077
-5947
-2237
5530
8486
-2183
3290
-548
-4289
6459
8796
2304
-9002
-259
6401
-3616
4392
-3083
711
-2258
239
1006
6787
-7213
-3257
-7505
-2109
-4637
-2915
7747
-4404
3287
5471
-7787
-5644
1965
-6293
-9489
9216
9379
9578
-8772
-6516
-8306
7128
-9640
-6897
3019
6814
-5141
-9212
-4713
-4300
-2589
2320
-3249
-3215
9517
-5457
7508
7747
1215
-7304
-3406
9482
-4207
-5808
8987
-1961
895
-6856
2506
5011
821
-5786
-2955
-7300
-2319
-1461
9837
-53
-3461
559
-5672
9964
-7004
8706
5728
-3147
-4737
4482
2217
424
-270
9183
-103
-9140
5373
-9598
-4594
7518
1526
-1554
-4486
-9314
1731
-2922
2231
1923
-443
-7731
7953
-6390
-3862
-349
-3256
-7307
4605
1059
-6193
-2418
8051
-6773
-9816
8156
-3275
9052
662
-6018
-3376
8199
3872
-459
-8744
3172
7779
5846
-1165
-5873
945
-1448
-5589
8020
-1271
6890
4384
-9186
5255
-8992
7314
-9963
1541
-4850
9087
4239
-1572
-4437
7913
375
-4808
-2565
-3802
9246
225
4552
9695
2641
6498
2293
-2044
-1685
814
1393
226
-5462
7677
2497
-38
5852
3936
3757
4653
-5285
-4726
342
-7231
-1780
-1658
5080
3628
6586
-1501
-2666
-8951
-9216
-887
-3262
2963
4139
7356
8638
-4914
6133
-2345
-9687
-1203
4393
8521
2714
7191
109
-8534
-1678
9818
486
-5688
-4941
-8136
-1927
9744
-5689
-4171
-232
1329
7155
-7041
-7294
4791
-6606
-6485
1157
9269
2840
-1504
1217
2459
1967
-6454
-6566
6397
8520
-9741
4019
-5299
3584
9124
-3575
7102
-4954
-2796
-6481
-3394
-8772
3554
-1282
-7072
-5389
-1800
283
7355
2199
8591
6185
6702
4568
-5366
5392
7232
2857
-2796
5250
4113
-3481
-8408
6237
-3442
-2063
-4660
3182
8477
4469
-112
2705
3044
958
-9627
9938
-8531
-9488
-4668
-4871
2869
9986
-9306
-3152
6354
-3922
3401
-720
7887
-8580
-6367
9724
8194
2640
4979
2309
-7020
-3260
-3930
3959
-9499
-8280
-1571
5997
5609
-4768
636
7207
-709
986
-4934
9699
8519
8695
-6328
-5500
-5462
6838
4661
-5448
-7892
-8462
-3773
-6574
9034
-3636
4974
777
5998
-5567
-2000
-3268
-3655
2906
1046
3378
5250
3975
7414
-915
8
6764
245
-5371
412
3971
-7211
-4701
2656
-1423
6840
5471
-6412
-7377
3213
7036
8014
-5451
-6522
-9147
5661
3058
-2992
2417
6985
5931
4470
2809
924
4237
-3117
-6243
393
2394
4261
2815
4022
4423
-4784
-6180
163
-5815
-7186
4240
2620
-4481
1975
8128
2950
-4683
-6672
-4613
1321
-9664
-5666
-5042
7312
-2736
1128
8461
-448
-9124
9589
9203
2341
-4190
2361
-5013
1067
-9574
-2221
-9894
1
2352
3184
-4075
-7411
-611
-1092
-5214
-8430
-4182
-4812
1336
-6720
1322
-7335
-9908
9933
-3050
7751
6441
-6159
7656
-4212
-6083
8741
2856
-6775
7628
-9378
7448
8558
-1156
-8595
-9691
2353
-2972
7488
9369
-7877
6180
5181
9279
5333
-5579
-8231
109
3572
7135
3121
3312
-3513
5827
-3934
1791
-4779
-506
-5024
5662
-1440
1252
9026
-5738
-7155
-6108
-9502
6927
3822
-5877
7132
1272
4270
-5848
-9517
2856
-218
5646
5249
7516
-3593
8211
0
9848
9032
7306
-4635
7067
-2833
4554
7188
8504
7670
5750
4566
-3462
-4998
1485
5877
-8542
-402
-302
-6362
-7771
-1331
-8840
4804
1485
-2696
2998
1654
-1523
6550
-6765
-4207
-7036
-4939
1915
-795
-7707
5467
-2321
-745
-4568
-3446
3387
-5611
4205
-588
-5656
6846
-8397
7553
-4535
-7202
2141
3816
-7565
-7866
9228
8592
-3435
7134
4106
-2728
1104
-3162
7402
-4202
3527
-9289
9760
-9981
4449
3772
7369
-423
1123
-4135
4445
4123
-1679
9244
2746
-5703
2436
-2826
6994
-9253
-8303
5792
-6260
4297
9923
-4562
5518
9676
8057
-9727
-8473
6866
7537
3665
7466
-6450
2477
-5929
-9180
5795
-7702
5746
3912
2653
-1634
-1813
-2703
-4596
-9295
2260
-133
5196
-7595
4246
-8312
4461
500
-4003
2346
-5781
3847
-3798
7975
7581
-5703
4195
-4562
-6299
-6561
423
-316
-7525
495
4718
-2172
5023
3239
8484
5874
7178
-161
-2490
6454
8126
-6951
4250
9285
-9032
-2435
-9697
-391
-5013
6093
-6285
-1678
3480
7146
4620
7312
6154
-5935
3767
9728
5390
6627
-7923
-3394
9020
-8054
-8084
-9272
5010
-6954
2713
-4416
-1761
-3740
7588
4456
-7984
-6130
9923
-1578
4335
168
-1509
6085
-8763
-4395
-9300
-3617
6300
-6527
4484
9113
-5908
9884
-4996
-6060
3034
8096
-1247
7159
-8838
9364
4654
5158
-4515
-5195
9073
-3283
9553
-6545
2651
-5665
8490
541
9445
4291
-9954
466
8096
-329
-823
1962
-1229
3446
-8640
-4474
6919
1331
-4609
6675
-3241
4730
1135
5535
-6805
1239
6349
151
7376
-6350
2724
-4573
-8759
-6487
246
331
-1674
-6755
9291
8100
6707
8897
-6804
3217
9984
-7253
-14
3753
3808
4123
-4955
-7553
1022
-6881
-3708
-4041
-6725
-1750
-8459
-6756
4544
-64
8133
-6461
9190
7896
-3480
-3243
1659
-6532
-1648
-4806
9006
3818
1220
-8928
-4757
-9019
-1733
-309
5952
7824
-1709
-6972
5982
2827
8150
-3510
6509
-1376
-3918
5353
-9440
-2140
9780
-9117
-4197
2149
-4330
-3703
4238
3486
-3444
-385
2639
-2547
5969
-4889
-7628
5820
6544
-8521
9292
3520
-722
-8889
-1686
-5627
8344
6147
-8432
-1344
-1259
7253
-3492
6248
6468
-1457
2851
-5211
-5479
-3419
2413
3712
-9434
9080
1463
6903
-8598
-8025
-9174
-9678
-746
-5414
-9554
5443
6471
1497
-5742
651
3147
2625
-3284
-6200
4665
-5953
-5061
5611
-8409
-4546
1584
-3306
3712
-451
-4761
-1286
-1411
8016
-3379
-5482
-7146
-3374
4604
1802
3066
-1633
3605
-4525
1200
9642
-4816
-4603
-9613
8082
-7776
-5686
-2655
5297
3392
5303
6160
-161
-6009
-7580
2350
2340
-7155
-5823
-6667
-8705
-5219
-5467
-1663
277
5861
-4072
2054
4423
-8717
7820
-9686
-7106
7713
-7638
-6324
4554
2335
-7647
9327
-7523
-2415
-6180
-7933
5979
6947
3817
8079
9228
4081
-928
-8211
5297
2839
3816
-9336
-623
-7795
-8587
4332
6907
-1172
-3530
-8564
1805
6155
-3442
1971
-973
2486
-9666
-6397
5834
-3420
3719
-2537
-5348
-2597
52
9469
7365
-3990
-7223
5111
-1174
-7896
7132
-8199
-6493
-7242
-9129
-6804
-384
5649
4948
4462
-8671
5413
-50
6712
3786
-4104
3427
-608
5323
-9390
2899
-9994
528
2122
-4760
-7134
5661
5519
-2201
3489
-1863
-5002
-768
5224
-8418
8545
-3478
-5468
1996
2018
2127
-4291
-8887
-659
5871
3428
8507
4907
-1383
-851
8943
9813
7526
-2928
-8818
2549
-5117
9686
3757
8186
7549
-2435
-5884
-959
-1366
3951
-6764
315
4809
-4853
6331
-1771
2273
2806
567
5864
836
7504
-3293
-553
1295
3181
-3185
8189
2877
6062
-6625
1274
7560
-1730
-1139
5126
2056
-4423
-749
-792
8547
9342
-6933
8730
-3758
9427
6824
4899
9962
2261
5538
-909
4822
1457
5970
-1446
9877
3329
5951
6898
1263
1767
3778
-4303
6409
-2284
3968
3675
9018
5067
-5134
9606
5882
-5249
1842
-157
-2213
3745
7892
8436
5562
9856
-9332
-7166
2856
-4998
-4346
4737
-2
-1411
8874
-9882
-4171
-3967
-1526
-7425
2457
2018
5383
4322
-4785
384
-4241
-5584
-3512
-2522
3006
1536
-160
-906
-4985
9499
-34
-5775
-1990
-3389
-1431
-4011
1851
-2381
-9233
4621
-2300
5980
4809
-3002
-2409
-8135
-3639
4121
619
6965
6945
-2182
-2699
-3473
-7758
258
7054
-7156
-9685
-9656
9868
-2454
4435
-9311
-5450
8080
-2829
-5048
455
7719
8951
-6626
-2715
404
4840
-2809
-2469
-7626
1510
7598
-8170
-1650
-8388
-5746
-4539
7110
-5303
-6292
6200
7499
-9544
6927
-5407
6912
7444
-2166
4165
-8755
-8677
-8358
-8690
7726
2441
-5545
-9016
-7977
1676
4965
-1295
6753
-4339
-6026
-163
-2802
-9052
4986
-6071
4369
5739
-2748
7313
-1988
-6586
-1564
2862
-888
-8197
2824
-605
-7736
1004
-3520
-6993
553
-8672
4914
6676
5196
6625
-7002
8316
6388
-8586
7665
-6439
7706
5583
6457
-1089
6920
4548
3985
-6389
7578
-3202
3697
3021
-354
-585
-9061
7528
-4946
-5270
-9447
-7533
-7294
-1077
7588
6436
-1117
6655
3322
446
-9290
-3955
-5711
-3954
3639
9404
1238
8467
-5397
-6839
4273
-4963
-6478
-9974
-8195
2689
-4621
-4513
-2330
2967
-8297
-7534
2435
2318
-4750
-2586
9462
8482
4997
-186
-7474
2880
8327
424
-2039
8682
-8426
-9876
9560
6281
-5885
-6567
2873
672
-5112
4883
8672
6085
2169
5570
3957
8334
-6742
-2197
4481
4676
4306
442
863
595
9517
-5291
9223
5257
-9747
-9179
6354
-7864
1740
5963
-8697
8397
22
519
4089
-8539
-1763
5805
-8148
-1122
1922
-9295
-326
-2626
-739
8005
-144
-17
4788
7499
5553
5044
-9768
2447
-4605
5913
-3050
4605
7305
5761
-9402
367
9070
-664
2670
2048
2684
7101
-9044
-7010
-9623
3037
-4594
7867
4982
-1058
-4106
4088
-4221
5342
-8477
-6286
1534
-7106
-5187
-9626
7937
-4861
6373
6892
-3351
-7202
-9558
-2947
-8357
5032
-9697
9282
9546
1906
-6539
-6948
-1206
-193
467
-763
5258
-7853
-9590
9912
7778
-8010
-2931
-1415
5727
1888
-9718
-7806
-6477
-5337
2964
6506
-299
-3996
9276
1790
2669
4526
-9245
6341
-2012
8181
4865
4
9714
4207
-7030
-6645
7674
3793
1594
2841
-6574
606
3740
3742
-2201
2291
-9973
-9175
-5584
-2022
442
-8154
9305
5663
541
-218
-3942
7911
-8584
-7089
2459
3886
-5925
7257
9975
-4493
6010
-6810
-5683
5085
-8804
6318
-5176
-9910
2758
-1842
5724
-9802
-3287
8955
-2149
-3562
1529
-9088
-4779
496
1404
1820
6087
-9495
8776
-3923
639
-8713
3558
-8045
-3130
5450
7732
-2180
3985
9385
-3154
9239
-2689
-7087
-2542
-9055
-5701
8796
1115
5234
-2455
4960
-3984
-9151
9655
-573
9027
9010
-1681
-9798
9422
3981
-9147
-6012
-663
7248
5526
-5457
-9164
9829
6080
3758
4769
7849
-3863
-8299
6491
151
5113
1523
3932
522
3066
-1255
-6245
7823
-3041
5944
2245
8512
-8056
7970
6845
1148
5012
5350
-2966
-7371
-3300
6936
-4028
7345
4411
-1641
-8738
986
-108
7935
-835
2037
3546
-7280
1542
5558
-5865
-5471
5712
9168
7057
4819
6655
2340
-650
-8324
7830
-3086
-3964
9548
904
1807
-3940
-5319
7406
1713
-2619
-343
4362
-32
301
-6354
-676
3534
2036
3238
5054
-4048
7845
-2602
-2361
-9671
9168
-3842
5284
-9906
618
5489
3078
-3869
-8013
7371
-7547
1777
4441
-4098
3040
-7137
793
3728
-5127
-3473
-3505
-5516
2529
-2111
-3840
3010
-8317
5491
7262
-4
2927
-6334
-254
1184
-1661
1172
-5480
7539
-5571
5428
4427
1073
8749
-6092
-670
-1644
4302
1016
7974
-2265
-6222
-4346
-1246
1790
7086
3376
-4367
-100
3235
-8002
-7648
479
7826
-7353
-9219
-194
-7879
-564
913
-1572
-1926
6864
7492
4176
7885
9066
5843
5931
-9020
3916
1692
-3466
7210
9025
-5105
-5056
-9559
2141
809
-803
1932
-5839
4292
-1888
-4590
-689
-6801
5748
-9826
-4672
6970
7015
3634
-6837
-7568
4707
6128
-6986
-3321
941
-1176
-2177
-1629
-2245
-4472
-8010
4078
4986
-4978
3720
1854
4275
522
2638
2262
3243
8486
-318
-5533
3795
3862
8469
1844
-1253
6305
723
-4388
-2651
4508
-1600
-1206
7062
-184
-8134
-2420
-5588
-9674
4686
-7091
4063
-2946
-8795
8933
8969
1839
-2587
-4512
-996
-5156
-1469
2174
-5963
6783
-7127
6049
3847
-5417
3806
-5648
-4255
9399
1868
-8767
-4298
1538
6741
-4929
-3564
-952
8240
7601
1618
4893
8406
7978
-5403
2448
-8389
-8438
3603
5189
8675
4775
-1668
-7720
-7035
-4230
-8345
6093
6261
-9758
-4712
7869
-33
8260
1441
-4487
7866
6283
5626
584
-2418
4731
4220
4450
-1122
2437
3549
-7677
-5098
7497
-1563
6338
-9362
9309
-2522
-4424
6240
-5249
7944
-2124
-5815
3380
3448
7947
8159
4514
-3134
8102
-1270
-4907
-4381
-1885
-8433
-9775
-6224
4899
4242
-8120
849
-6473
-517
-6216
8589
-129
3152
1265
-6349
436
6722
6790
-7447
-3694
3591
8286
7936
9156
2487
-3752
-9825
9022
-7023
-8288
-5132
-4513
-9955
5012
-8921
-8840
681
-4610
-1443
-739
7870
7373
-7606
-4136
5421
5201
2110
-696
4548
-3549
-9586
7353
-1173
-9591
4386
3319
-5202
6244
-1405
-5024
1070
8082
7591
7010
3244
2126
3418
-8192
4670
7306
-2240
-331
-1088
8696
-8828
-7502
-1009
-350
7514
-6667
-7194
3333
361
-891
-6276
-2599
7328
6789
-8068
3954
4963
4109
-6623
-340
7860
2236
2012
3449
-7071
-2041
-1928
2780
-5130
-8657
842
-9006
1863
1321
5685
-2259
-4448
-1585
6226
3440
-5606
1128
1676
-7211
2166
8094
3208
-8604
-5762
6265
-332
7914
3143
-8024
3715
4805
-6248
-4170
4391
1989
-943
7619
8313
2688
6821
8866
1120
2996
3262
851
-7908
3219
5951
1235
-4593
-591
5150
9145
-3678
4159
-6588
741
8559
-4837
-9263
-9108
-7233
-3164
5789
-5947
-2147
-9455
-3245
-353
-5342
-3855
-8459
-5121
5815
-20
-3179
-2061
-9559
-4200
-4321
6459
-1398
8158
2078
-5668
-6525
4525
1382
-4928
9539
-3233
-5073
-592
5206
3610
7950
8
-8829
-8065
6987
6189
1138
1557
-8477
-750
-913
7674
9089
5754
-612
-6451
9308
5702
5598
-1386
2418
9088
7888
-9341
-4552
6402
-7550
-1401
-1731
7355
4019
-9739
3828
-3792
-8616
2537
-9871
-74
-9226
-6412
3150
9093
6509
5509
7748
5565
5918
8424
7070
3436
-7321
7077
-7179
5293
3157
2163
4226
4158
-7653
-423
5143
-5937
-3824
3843
3113
-2037
7795
-9817
7369
6999
1626
-3954
-5476
-3574
-3683
8910
2635
6176
1680
5775
2042
-2031
5423
-568
1560
-5827
-1144
-8833
3996
-5930
4076
162
8471
8645
-3070
-737
-7101
8391
4707
-210
-4099
-4967
9593
-6471
6987
-6797
3701
3731
-6551
-8104
5374
-5376
-5481
4639
-6542
-6142
3294
9636
-550
5408
8177
9239
1017
37
8095
7560
7739
-8216
7604
-9509
6296
-851
-1005
6494
-262
-4119
5609
965
-5737
8588
5834
3001
5811
9456
2100
1405
630
-1132
-8429
-8029
-7835
3706
9967
-8057
-2263
-9417
-5578
2297
4111
-6792
5672
-7953
5182
-7316
4319
8867
-7861
7099
-10000
-2669
5199
2436
3647
-4824
-8552
-1997
9495
5326
7815
-4241
6638
1937
2834
2698
2188
-5381
-3039
-9368
-7186
-4154
8174
-7602
-6921
2137
-5443
-7874
634
7076
-9065
-2390
8787
-4934
-4917
-6848
8614
2465
6259
-4321
1395
-9214
-4126
-5722
-4213
868
-8047
5105
-1100
8693
-4120
7467
4867
-8133
-9893
3863
-8598
-3270
-392
-79
9716
1728
2962
4305
-4914
1268
-2615
2127
-1075
-5997
-7559
7456
-3836
154
4363
5853
-742
9573
1635
4719
7391
-3892
-8455
-3081
-8901
-7900
-8271
6651
6235
-8081
3589
5756
2179
6023
-5553
7015
5106
-289
6923
-9745
5634
8522
-6044
3310
-9211
3526
8161
8189
-2283
-5733
-7333
1235
5152
6925
2093
187
5916
7448
5518
3804
-732
-3258
8773
-6054
-8536
374
5434
-4643
-7154
3213
-7495
-9901
2033
5681
9438
-901
9571
-5028
-892
7908
8595
7424
9933
-4572
-6523
-9313
3838
7229
228
6364
-1651
5617
2035
3956
-9985
5599
-9089
-8743
-1660
3366
-3
-6439
4327
-3895
5395
-718
1569
-6808
-5788
-1903
-8079
-9053
-3353
-1546
-7516
1735
-7712
2004
3719
-5487
2239
-1724
6081
-6462
-9652
-6929
-7499
750
9241
6087
4296
-6827
-3928
1540
1239
-1013
-5086
7334
-7429
-7027
7230
-7323
4265
8996
1691
-2927
3644
6677
-1141
4560
6996
3720
-4373
3738
2442
4483
8160
7702
6793
6738
-8208
-1476
7908
-5433
4918
1182
9332
2732
-9346
-1181
-1257
8505
4065
-8091
-6577
9332
-2259
-6952
-7337
1980
-7435
7513
1247
1620
5847
-3832
-4651
-5515
1852
1264
-3512
-1509
-1264
-7821
-7291
-6995
-1796
-9711
-2775
8513
5777
-3172
-2387
878
-3691
1617
2831
-6768
7082
-5027
7470
7598
-2890
-8365
-1511
-8124
2752
-6663
-5820
-2195
-616
2749
-9102
-2962
-9008
-755
-5019
2437
-1013
-8443
7149
-7447
-9243
-7407
-8393
-3825
130
-5909
-8396
5454
7830
-546
-8063
7737
-3345
9556
4945
3563
6688
4085
-1651
7036
996
-6776
3267
6160
227
-6450
-2218
4550
-8877
-2656
6250
8443
-6070
9164
829
-3359
9792
3205
-6852
-2662
-2415
-3750
5653
-5469
-9495
6284
9425
-6478
-4573
-3842
7755
-8778
4231
-757
-2469
5553
2978
-3823
7374
-2860
-4431
936
9004
461
-7972
-4595
-2788
-6618
8710
7256
-2446
-8684
5593
-1912
5132
-8085
9412
-2468
5175
503
5197
-6845
-7477
5604
-3777
7981
-64
-1760
-1712
4183
4412
-9722
5790
-1342
-2348
-1884
6293
-9667
5253
6576
-8432
-5626
-884
3237
-1198
6244
1872
6506
9726
-8920
-9240
-9139
4875
-4193
-4917
8485
-4358
-1623
616
-2615
-5716
8243
2932
426
140
-3979
8887
-132
9887
-3984
-5249
2511
7332
2916
-2395
-415
1752
-2974
-8629
-1926
8811
6776
-4926
-4338
-4081
5345
-1624
4379
6469
9174
-3358
-7398
-8436
1996
5484
8056
3562
5166
5378
5662
5606
-9989
-8754
-4719
-9298
-2243
-1229
5891
3478
9526
-6365
-3959
8029
-7009
4732
6326
3602
5401
110
7504
-4875
-9750
-7121
-9164
576
6803
677
-4102
-7866
8779
486
2676
2227
2378
-7009
1206
-6130
392
6378
-270
7154
9887
-1058
6330
3578
-3014
4171
-979
-4193
7062
4544
-5487
-6623
2940
2840
539
-4866
-5803
-888
-1450
-7548
-7423
965
3595
-7662
-2685
8146
-5823
2990
-4857
3087
-2172
-1709
588
483
-7064
3414
-2205
-6674
380
8430
-8419
-5567
-284
5547
4797
7827
-8475
-6228
1436
-622
814
884
-6616
5563
-1308
-5483
-4833
3965
-9042
-2701
7702
6174
-8759
-9432
-2563
-9786
-9702
6249
-1650
-6150
8421
-3108
-2059
-1259
-4122
-3757
-3752
-4803
2580
-6063
-2109
4385
7472
1810
-8616
-7928
-3573
2516
3538
7024
-9402
-7413
2739
1741
2363
-6889
8958
1619
-9785
-8506
-5993
-6197
3398
-3999
9871
-4962
-675
-4502
9916
4424
9934
-4109
-1752
-5704
-1783
-3601
9007
6740
-5729
-1497
8225
5904
9824
-9173
-9586
-4297
-5411
703
8234
-9466
8803
-4646
-5464
3643
1848
6010
-5124
2185
-4050
972
-5656
9551
-1522
-2076
3305
-9613
3627
6321
3519
3313
6229
3240
-9991
6403
-9053
1894
-4531
-2736
535
3180
-6356
-9105
-5955
-6507
3424
-6810
-9895
-6404
-5039
-7300
1217
9368
-9780
866
-6374
938
-9502
-4749
-184
-8696
5946
5054
3915
6751
-5556
-2836
2397
-3662
3745
3526
2657
-7356
2801
-711
-5666
1609
-8818
-8875
6455
4304
-1595
7424
8073
-1009
649
2128
7974
-2881
987
-2346
-4102
4844
-481
3863
-3110
-3549
-7724
-3270
2019
7644
117
-9500
-1441
7909
4788
2396
2914
3341
-4036
559
-213
-9448
-6267
-4081
-728
131
6324
975
3525
-3342
5924
2070
-3597
-2119
-3836
4715
-1454
9082
-9269
8869
2143
-6996
-8932
920
-3443
7773
2305
-5470
-4778
-3881
-9427
-1933
2490
2767
-8050
-2351
1393
-9858
7202
5951
398
1041
-2442
2223
-8306
-566
-8437
7695
4330
-8821
-8991
-8473
-2844
-67
8033
-6457
-6318
-4463
-8513
-896
5221
-100
4351
-2434
6400
7129
7814
8830
7558
7926
-65
3644
-9716
9914
1684
-6053
1245
6509
4092
8628
-2054
-9624
-3872
-527
-4009
4706
-2509
-2741
-3856
7140
4107
-1539
9012
5882
-2720
-6289
609
-2404
-3488
-3898
-7262
1934
-8360
-1704
-2917
4706
-9996
-3788
-3739
1038
7322
8455
-3207
82
-8993
-4015
-7356
42
7424
-6434
-2664
-4606
2153
9810
-1437
9390
8910
-6655
-4588
38
-7255
805
-7401
-6913
8861
8313
7673
5282
-7222
7934
-9554
6749
8413
2661
-3433
4117
-7320
-5106
8503
-4608
-5456
4882
3619
8775
5350
-717
5588
-5238
7253
-1222
5207
-4959
5025
3382
5707
2487
8713
8176
-8242
-3443
-4434
-781
-5802
-4276
-5295
-5255
5620
8862
1874
-2921
9702
-6928
9662
7247
-6611
4480
1513
-4029
2402
965
2208
-5854
449
8530
5659
4008
-8370
2898
6204
6497
7621
-5270
-8802
-833
7927
7018
3801
-8930
3325
-9328
-8371
-2860
3827
-8736
-9193
-9217
7131
-1210
-8437
3211
-9216
-2397
-5714
921
2586
-9971
9697
2106
5332
9567
3111
2676
7423
4813
1375
-2123
-5999
4395
-2146
-4355
7304
-1363
-5577
-1433
-6209
5911
57
-7384
-3541
3477
6434
-4487
-8326
4659
3508
3621
-3812
9272
-5346
-3026
-843
-9139
-9017
-6874
8378
-7558
-454
922
47
-7397
5364
-6915
-9806
9888
6477
7896
7545
-3639
3373
4624
-5089
-8835
1242
4521
8892
1176
8233
4053
9119
-2165
-9195
2023
-2185
-5039
-3384
-6146
8130
6504
809
7840
3658
185
-3782
-2551
-8134
8168
-1828
-4460
-5407
-3708
8697
1478
5264
7956
-6019
-316
-5581
6668
-3416
7549
2122
-3708
-8157
699
8605
4985
-1453
-4676
9913
2203
1243
-9252
55
-2686
-9948
970
-5152
3475
6785
-8610
-348
-1731
6549
3118
-5155
9576
7170
-9849
-3344
1432
7821
9791
-4598
5879
-2278
8091
-2215
-5118
4197
6505
7384
-9780
1229
6718
7297
8762
-9807
3789
549
-1974
-5018
3089
2219
8634
1078
3077
6779
1669
3069
-1682
-761
-4652
1755
-8828
-407
-8670
-5911
169
-3440
3478
2648
-9855
-5090
-8237
5242
-2311
6460
7357
3715
-6356
-5351
2860
8681
1670
-7193
7558
3020
9813
-7999
-1685
-5984
-3233
-8868
3865
-562
9198
-3398
1480
7395
8112
7646
3178
-8188
5758
-4942
-8979
-8535
-8078
-4042
-6472
-8928
4613
-5611
5988
7556
8819
5193
81
2652
8599
6235
782
489
4182
-6326
5364
1665
3881
4432
8462
6374
9520
-1559
8539
4268
3851
1606
7169
8682
-1333
-1788
-5257
3091
-4810
566
-6058
2816
-8827
8377
-2783
-4
2554
876
8944
-190
2285
1899
-5097
-4908
1715
-2364
-5071
7391
2124
1499
-7476
9827
7045
-5563
8275
3695
-2619
-3492
2311
4864
7065
-3845
6877
7323
-6804
8770
-7951
1626
-9809
-7832
-7888
1030
2237
-5948
-6928
6866
5877
9119
6976
-5980
5467
4924
-4514
-1700
4365
-565
4721
-5849
2531
1563
-1417
-594
7040
-9740
-4489
2172
8074
5815
9375
-3089
-1234
5684
-7522
-149
2849
-8274
-6987
-8410
-1609
3962
-967
-7363
-483
-4996
-6861
-7561
-6852
-6047
9955
3167
3367
8470
-2066
-6453
-9462
-1531
-3669
378
2292
-9692
-3232
-9773
-5609
3687
5037
-5270
-7854
350
3405
-9791
2882
-8043
-198
-1483
1144
6603
2019
-6998
2417
-4293
7700
2454
2947
4892
-3561
-2657
-5883
7361
9047
631
7346
4328
4108
6273
9270
8648
-1842
-3508
6028
1569
-153
2410
2520
172
2851
-8468
7857
-5273
-8956
-9064
2891
5680
-4844
1062
-9903
-223
934
-4405
-3939
-7220
-9140
4511
-8570
-7909
3536
-6235
-8360
2085
-5973
-2337
-7330
9593
6184
-5659
-5821
2797
5759
-7991
-7830
-5394
-5603
1188
-8283
6756
-9331
7583
6343
3792
6750
6719
8922
4147
2967
-5978
-2521
-9786
542
4559
-3310
-2863
3312
169
6410
1520
887
2226
8812
7370
5499
-315
-5714
-6969
-647
7321
-2821
-6522
-9902
-1576
-1699
-6346
371
4080
-6519
-6843
-5251
8628
-1099
-2821
3115
8974
783
7308
5557
4507
-1063
5290
5069
-2618
4086
-5215
-2294
-1541
1677
-7293
7427
-9185
7158
-942
-6438
1753
-1954
-2025
9881
-8109
4640
2836
-6050
-6575
1077
5445
-911
-3674
8442
4484
8877
-8700
-8519
-277
-4697
5073
3470
-7213
1165
-6614
6439
-6824
-3065
193
4968
-6970
-5466
-6479
5261
4807
3673
8572
-4357
8950
-3017
8302
1020
-4717
1870
1751
-8711
272
-9140
-7479
1312
-7872
-787
-8731
7963
-5250
9818
-6410
1500
-332
718
9018
733
3796
-4656
3630
8765
5840
-7296
1526
-5264
5962
7262
-5225
-2341
-8119
4436
-8190
-2338
-1947
445
-3124
8261
3570
-6793
-7244
818
956
-5905
-3010
-7806
-3335
-7103
-7657
-5289
5
-5510
2679
9925
-3717
8161
-8604
-9674
1512
-5970
4919
2100
5053
8533
-2739
-4517
8609
-4807
8169
-2849
-1071
-1871
-3999
6886
5704
-9386
-9471
-1067
-5620
9415
4316
8489
5134
6874
8822
9955
-3637
-7384
9520
7532
6234
6833
9147
4939
5177
-8131
-5041
6466
-6292
8674
3676
9669
2722
-8242
-8537
2742
8644
9079
8498
6943
2840
6440
-684
-971
-267
4166
-5531
5313
8685
3428
-8005
-6290
-4048
-9376
-88
6879
-1377
-9660
-8664
2003
-4731
8611
1570
-4905
5489
-9316
6150
-395
5854
-743
-822
-4877
7313
6776
-7080
-332
-7039
-138
2113
2546
4131
-9088
-6236
3964
4895
-8769
-7782
3824
-9903
-1996
4178
-1944
9241
4722
-2900
836
-4025
1042
-5174
7994
2459
-6155
9862
4648
7836
2299
906
-2387
7386
8644
-8427
9745
4345
3310
-8055
8576
4368
-3178
8294
1313
-6871
7918
6873
-7776
4084
400
909
395
8342
-1507
6367
8660
-2427
6396
-1878
-7453
8730
1445
-7464
8146
9218
-8402
7874
-3163
3205
3242
7045
6473
-8519
2897
-3974
-6149
-6891
3000
1082
3473
-7040
1833
5164
-3602
9823
-6162
-8926
3695
2855
-9800
5572
-1953
832
-527
627
9081
202
5911
3009
-222
-2899
2529
-5372
-1777
-2356
9969
-54
-7505
1290
-1713
-1342
-7178
-2156
974
2624
3724
6629
-6771
1781
-7876
-1985
5028
9973
6757
-4528
-1396
-4270
-4562
4239
-602
6472
-3589
-3057
-738
2795
-268
2399
-3193
-566
-2448
-4788
2334
-373
9472
-7686
-1545
3360
8337
9261
-4098
-2493
-2513
8034
4753
-3678
9940
8776
8385
8408
-5545
-8344
9059
1772
9205
-9519
9876
6370
549
8814
-3395
-4202
855
7387
5318
-6753
4074
4186
9405
4110
486
-9710
8075
9802
6354
-8376
9620
-636
9870
7954
7502
5298
-6461
4101
3491
-4859
-220
-8204
7646
-2365
1570
1965
-8366
901
2047
-6899
6978
-8922
8704
-1387
891
4892
-8855
-1975
9173
4906
-303
-8517
-1985
6749
-756
6926
6972
8469
6266
4242
4738
-8714
-9073
-4329
1532
339
7311
5363
1200
7562
-4934
5401
3541
-4217
7891
-5551
5825
8970
-9190
-2156
-9246
1509
-5979
-4722
9494
-1215
-1505
-9267
8773
-5877
9676
-5201
-6961
-6657
113
3001
-3471
-2594
-3209
5363
-1764
3648
-2494
3544
5226
5226
-3025
8164
-6609
171
-1316
5130
1670
1328
3635
-6764
68
4385
-7359
-6047
4819
6402
1126
9572
2478
468
-2653
-2453
8168
-3462
5886
-3200
-1131
1228
-7512
6033
5318
8686
-7785
6685
9295
-1498
-338
5521
-8112
5571
7619
-9923
-8440
5270
3489
7074
-252
973
-2357
-1170
-8409
9759
4705
6438
-8272
-1568
9862
-3143
-7049
-7273
3607
1821
-8629
-4488
-6090
-4552
2909
-3610
-9712
2829
7563
5542
4186
-9640
-7848
-5933
8827
-2692
6757
8723
9358
8319
-1460
-6249
-2645
5591
9393
-2864
7848
8955
-545
-486
-8226
4179
-907
1713
-8123
4813
3589
-5387
1555
-3805
3001
5730
9962
-347
-8890
-2543
-6635
8971
-2627
2397
7961
-1667
-1650
5792
16
-7987
8586
9654
278
-5745
9058
2019
4585
-207
8082
9459
7755
6735
2157
-2004
-9797
-3551
-970
9263
-7541
-2057
2364
-8103
-3966
5861
-7343
9048
2450
4373
-9590
-8931
9710
3130
7634
5620
-5401
-2593
-5627
-4119
-1826
-9568
-5147
1104
5943
2338
219
-4913
9345
-637
-385
9636
-5527
-7795
-1359
-1326
1757
-7844
-8361
-1633
-5883
3987
-1735
-3898
-8397
7398
854
9947
-2411
3056
-9722
5778
-6787
-1815
8767
5081
301
-2245
-8570
-1045
1203
-304
9974
5699
230
1341
-8789
3016
-4462
-3320
7126
2235
5341
7566
-4185
-2755
7362
679
8810
-6552
1903
-9545
4595
-3697
-3874
107
-6554
-9775
7958
7887
-9622
8026
3403
894
2487
-3428
-8931
9830
-5573
-9269
2334
-8381
-714
2420
3311
5008
4036
8017
-7514
5419
-137
2853
-5916
9801
-8733
-9268
-4572
3175
9315
958
4209
6801
3423
-2836
8269
-7119
8521
-95
-1700
-8294
-6985
1677
9288
-4342
5457
7415
1553
-5947
9357
4716
-5941
5049
-66
-6399
7030
-1854
4719
3413
-1127
-8527
6226
8583
241
-1650
449
-4606
-1595
-9367
-5932
1576
2940
7836
-6547
8302
-8295
-4842
697
-3552
-6875
2836
914
-9615
-4545
-2456
5101
-7203
-2781
-9020
1312
578
7878
3883
-1887
3851
901
7737
-7743
-7183
-3051
7488
-7753
-1252
-4289
-3221
-820
7538
-370
3595
-3394
3945
-71
8810
-4494
7978
8406
5450
-1506
-7457
8435
529
3516
3271
3421
-4222
6566
2435
6569
-2299
5766
-3090
5102
8895
-9338
3314
1890
-3796
4258
-5542
3825
-7599
6739
-1945
8635
-2668
4712
7439
-9710
-8025
8605
-1185
-6767
-4876
9831
-3551
-444
-4324
-966
-1358
-3577
8575
-8724
5912
-3818
-1322
-3231
1240
1167
6631
8504
2741
-303
4943
-4777
-3401
9632
-7849
-8042
3267
-3632
-9037
-180
4036
2019
-8622
-9671
-7890
4148
7075
-2974
-1745
3947
-4080
7460
-9878
4331
-2653
2567
-6741
-848
6274
101
-9035
-6644
-6731
-5222
-6579
2081
-3344
6036
1639
875
7495
-1530
-914
9138
8558
8408
4767
-7208
-9812
2302
2134
5235
9013
2729
8849
9245
5048
1664
-1345
-8322
8457
-7656
-3942
3595
-663
-2270
-7216
5397
1221
-1701
3006
4358
-8908
-7230
4084
-7959
-7209
8495
2596
-5262
-8596
4264
1881
444
-1510
7478
2347
-2700
-5836
-7013
-3044
8043
-9682
5443
-8949
-5573
4439
8242
3974
-4521
4761
8416
5267
9409
1800
-6629
3776
-4661
744
-2883
2700
5440
2532
2535
-5344
-6568
9871
-3789
-5664
-414
-8326
-6295
3168
-9643
-1771
-7511
-7426
757
4599
3119
4580
-538
-5066
9759
-1565
8448
-8747
-8892
-8223
2046
8209
-4347
5300
2044
-6607
-3031
-7810
6706
47
9950
573
4696
-6907
-8650
8469
-2095
-7611
-4364
-3388
-5902
2179
1367
-2942
-4306
-1290
3044
-3519
-7078
-7898
-7044
9122
-8235
-9750
-7860
-3580
9352
-5543
-8146
5095
1330
-7371
9756
9151
-9382
-1048
-1017
954
-2165
4671
4334
7848
-691
-3311
7988
-4189
-2251
5329
-5240
-2019
3274
7542
-7254
5356
-5226
9893
-8472
-8494
-6765
2247
-4128
-7982
-6292
3995
-521
-1122
1299
2248
-7715
7780
-1480
-5396
-9667
-601
3335
7000
937
-8958
4201
1107
-9295
-8232
-5417
-2187
-9938
-408
1072
611
5411
-788
7684
-6906
-9797
-5336
-4783
6308
3651
-3264
-2789
-3664
-2632
-6918
-6460
5879
-5434
6625
280
7578
-8732
-7323
5681
-6403
6378
3706
4694
9363
-9546
2854
8115
-3368
7546
5208
6591
8687
-9637
-9227
-8277
-7631
-225
-6235
-2531
-337
2618
-7086
4758
6450
-2237
-2099
-8762
7310
-2682
1311
-1482
1436
1194
2111
-4797
-2247
-4215
-5994
3825
7239
9090
3236
-6890
-9144
5595
5868
-3148
-9219
-2486
-9745
-5612
4709
-1632
-1184
-1961
8001
6101
-5418
-7109
9493
1452
-1799
2441
535
-3819
-3903
-7994
5063
6750
477
-708
-1276
-8251
-8477
1208
-508
-5752
-3823
-7064
3385
8669
5871
3246
-1763
6645
9211
-3596
-4092
2436
4597
-5835
-5071
-4814
-3504
-3445
9680
9472
-575
149
9516
-8076
2584
-4499
5073
-7924
6137
-321
7005
160
-4356
3568
-5133
-1946
2010
-4555
-4459
373
-5686
4372
2982
8800
2706
-1588
-9355
-7762
9224
-592
-6444
-2960
7396
4513
4373
-8434
-2884
4551
-5955
1584
-9821
-7250
7453
5783
1091
-9195
-1543
1739
-7471
-5723
3964
9896
-3444
-5849
-9455
-582
8088
6977
9376
-719
5947
-7735
7147
6928
-232
9416
-1203
-9550
1476
-2735
3640
-918
-7556
-8507
4352
141
2380
138
4050
-9767
-6127
8335
6107
-2014
-5087
3300
-5253
-4912
6880
7169
-2097
9822
2930
6814
6020
9689
-9426
7459
-5640
5489
2158
-4407
7868
8084
-6262
-3544
7319
-8782
-761
-6462
2434
9701
-8519
-1127
8048
-4716
7179
6001
-728
7195
-4631
855
5767
-1823
8501
-9989
-3485
697
9278
7785
-8343
4602
-5954
-8459
-690
4708
8388
1268
-4525
-2329
5743
6809
-4015
6842
-6593
-3125
4850
1476
398
-1264
-3339
-9607
-7743
-9633
-2328
-1863
2517
2726
-2568
-1359
8945
-7842
4496
-5104
1262
9157
5216
-5111
-930
-7140
-7993
-8560
-1317
-2848
7896
6638
4343
7339
-8168
-6015
-9303
-6845
-2546
7830
-6578
-5926
-1222
-7132
1980
-8481
-3702
9627
-3498
-7808
1751
6230
-7615
3560
-9651
400
3792
7994
-2973
7912
1353
2250
-5436
8452
-8728
4651
-4600
5584
8153
7458
8005
-8299
-8051
-4178
-2249
9609
2606
-3670
6768
-2916
-6015
4746
-7293
5509
-1119
2522
-202
-254
-8696
5056
-6171
-5772
-4601
8234
9645
1741
-3220
-5851
5533
603
-5281
-5905
7767
-883
-1242
7415
3748
6797
-5010
-698
8541
-4495
5298
-9573
-267
6083
-704
1752
-9936
1984
-1961
7360
3322
-4189
7465
9390
2508
-8516
-528
-5155
-78
-8886
-2247
8999
-5325
1028
-5394
-1372
-7646
-7751
5805
-7470
-2564
1120
2426
7476
-6547
-3362
4870
2487
-438
1703
7686
-6724
-3636
4513
-8657
-3444
7067
-9603
8566
-1120
-7717
-965
7463
-5273
-9194
8386
3849
6384
4092
-9317
-4762
-8921
-8662
-5033
1110
-7245
5838
-1535
-3579
3856
5221
-6114
319
8543
7121
-1743
646
-65
-2495
-1560
2830
5582
-7703
6099
4157
-3565
7108
-2498
6780
-640
6031
3646
5882
-9254
-478
-3374
2431
-6753
-9008
-6884
7277
2726
3300
8777
1608
1308
-6199
-8484
8538
2932
-3173
66
-9147
-4181
9598
5324
7159
-7184
301
-997
-4875
-8007
-2288
-8671
-4500
9831
425
-6490
-9904
-264
7937
-2653
-5797
-2850
4355
-3328
7350
3418
7797
-5884
5792
7401
-9434
-9837
3306
-7156
-6422
-3343
-4547
-6595
521
-4601
-2793
9382
1014
1555
-4816
5996
3639
8759
7703
7299
-9336
6111
-8394
-9034
-4792
-9559
-6429
-4180
8942
4709
2311
-8984
2372
3787
1132
-4799
8846
3088
1368
-4931
-3345
1324
-6484
4257
7053
6126
-1170
289
464
5552
-8261
4106
4803
7228
3206
407
-369
4116
-915
4693
6378
7088
-3772
9748
-8557
4965
-6412
-6601
497
-7219
4275
-3836
-89
-4263
308
471
-729
4738
9466
6180
6110
-3657
7007
6654
-7960
-9563
1475
3917
4223
-6284
5002
-7350
4152
-5027
-715
-5113
-6484
8808
-1237
814
-2778
-2217
-4607
-3355
-3748
-2581
-2632
4847
8162
3747
2923
-5516
1030
-4199
7216
9328
-8776
-1755
-2852
-1339
-4771
9326
338
-246
2686
2425
-3195
9194
4165
5236
1614
-4716
8726
273
-5802
8241
-5186
-1872
208
7243
-2978
-2572
-8822
-1752
-7822
-7238
507
-2212
5753
-3810
-4318
-4183
6514
-5930
-1376
-3303
-3378
-8096
3471
4164
-1014
-9917
7991
9458
9721
-7954
5216
-959
-9203
7142
8858
-8416
-303
-1412
2625
4681
-6758
4987
-4332
-1005
-6035
2589
513
-8971
-3392
-2259
-296
-3668
2107
8318
-4152
-2263
-8581
476
744
7783
-1317
141
901
3014
-5250
7247
6658
8006
-1571
-9560
-7066
-3490
-4257
-7451
7051
-2859
-8183
-8277
3764
3864
6796
-4690
-8303
4861
4494
-8246
-2281
4057
4174
5645
530
-2592
8119
3143
-6393
-7989
6420
-162
-3030
4705
4641
-2641
3620
-2218
-5154
-8404
-1512
2557
444
-4266
-5622
7483
6482
-3102
-8500
5450
5854
6563
1604
-8167
-2024
-412
-5255
9175
3286
-6529
-7831
1153
-6791
315
5238
9644
6437
8273
8703
-3039
-2386
-3843
3885
5044
1148
-3087
705
-4809
-7742
-5604
-6525
-4259
4942
7670
9308
8618
7374
-7024
-8594
-9688
7869
-1838
2399
8066
4445
-1811
3751
1226
3427
8804
-9191
-6039
6367
-5376
1446
-7800
6204
-1971
-304
456
4871
-5397
-1992
-7101
6200
6390
-6083
-7643
-567
4823
5944
8677
7661
6771
-7690
-2665
-2099
-9456
-2581
-9430
-5785
8420
4188
4252
-6126
4832
5454
-4490
1292
-605
5550
5919
1190
-5458
-8268
-9343
8933
-8692
6021
-892
7235
-553
-373
5987
-3139
1598
-5879
6761
3332
7505
-221
-6581
5587
5476
-7919
5569
-1238
-5005
8481
-7807
-5798
-7348
8719
6385
-5464
-8155
-1401
-3463
-7790
1984
-9481
-1189
-2953
-820
8921
-9867
7233
7131
-4166
-3754
9914
3734
3239
6794
9348
-1810
-9849
430
6765
9396
-3128
8257
430
-9111
-6615
-5125
-7479
9491
9322
-6929
7801
6205
6254
-8683
-2957
-1386
-8098
-2879
8085
-2347
1892
8304
-7867
8308
8708
-9639
-3960
4107
-4270
-1883
-762
410
5373
2986
1799
5217
-6320
9394
-1068
-3605
-1503
1645
-2718
8246
5539
-941
537
-7582
230
-372
-847
6800
7921
9618
7866
-6259
9851
-5786
-3485
-5719
-9785
7588
-9648
-6406
2057
1868
-6510
3438
-8871
-4723
-5484
-7630
3258
-3460
7731
-8369
6172
-6577
1319
-626
5690
403
1712
-1697
9743
-758
-4217
349
8036
-5485
7568
-3842
7273
6354
-6145
-2105
7742
7884
-8703
3401
2706
9509
-6976
6488
4721
-8732
4306
-412
7616
4549
5277
1126
5199
5153
3497
-191
-9801
-824
4664
-2425
2700
-5112
-69
-5557
-8063
3538
3916
-3820
-7335
167
-9762
-4924
101
-1797
-7399
-3821
-3365
-2040
-4737
-8437
-5761
1770
-6751
8991
-9081
6671
4571
-1946
9803
-553
-3001
-1309
7274
2897
5010
4853
-73
2782
-9889
-3709
-3447
-7038
7830
-3703
6381
-629
8333
3134
2549
5631
3277
1621
7692
-4504
-3993
-9435
-6513
7757
1769
3528
6599
-6056
-5146
8410
1307
7679
5261
-1863
143
1579
6789
-8510
2503
8142
-1803
-7812
6837
-8543
-3511
1887
9076
-1400
3519
9709
-13
-8547
316
9942
8766
6747
-3316
3165
4091
-9634
4367
668
3714
3428
1596
6736
-4829
-7759
221
-2704
5968
7583
9033
1767
8579
5397
8170
-1816
4064
3865
5973
7859
-1517
1819
987
-7700
4924
-8967
-8272
6208
5957
6066
3108
-1866
-2398
-3824
-8359
1552
7988
-3502
-655
-3836
-4923
70
-5304
7192
-3966
-2914
6743
5562
-2281
3882
-8643
-4899
-9562
-7320
9803
-9030
-538
-6812
-2218
-7968
3356
960
3767
-5588
-238
-1283
-4676
6743
-187
8352
-7221
-6408
-6398
1750
-832
-5462
9885
-2045
-1428
6489
-492
7367
-2683
3198
2282
-4794
-9839
-8917
-2035
5039
-4106
-230
2937
-3907
3544
9170
-6715
5247
6927
-262
-7921
9860
-2851
4839
-5973
-377
244
-698
-7930
-8913
-9983
9383
-586
-6455
4973
3832
2987
2015
-3184
-462
1210
3966
-1131
4853
-528
-8588
4872
-964
-972
-6301
3501
3971
-6126
7159
7715
2793
-6338
-6288
9644
8385
328
-4993
4467
-5133
1862
-1611
4318
672
-8627
-744
5845
4466
-7481
1044
7335
5918
2485
-3407
-7618
-8502
1537
-4649
2806
-9860
-6917
4347
-7201
-5526
6413
-685
-3025
-8672
9991
-2107
-5044
-9680
-4869
3550
4869
-5590
-8024
3151
7426
3318
-2830
3732
7297
-4891
8027
4703
1326
-8238
3776
-4287
6589
-8806
-3703
4548
7906
5446
-3080
-2377
-9326
3610
9715
-9761
-3332
3432
5417
-8524
4290
-4672
1571
-9099
8491
3321
500
-9390
-4521
-511
7422
-454
8520
7694
-9332
-3981
-5005
-9460
-2188
3492
-49
1000
8204
-7719
9130
5326
-8193
-7213
-9292
152
-7122
-9988
-9028
8812
7032
-3610
-5126
-7657
-5369
48
2289
-8482
8792
2241
6114
8317
6798
8788
-6051
5761
-9390
2139
-517
-6783
7841
-4030
-8262
-2622
5085
-5873
-4938
-8551
-2678
1626
-4447
-5407
-2395
-7407
2289
8668
9136
7744
3803
-2766
1417
-413
5241
2582
5944
-9639
6941
-236
-3887
3495
-3369
-8741
4558
2178
-2346
6817
1869
7349
9558
-2456
6470
1592
-4502
-9490
8473
-3648
6066
3801
3786
-9848
509
6168
-7015
6908
-8777
-8789
7835
1459
8010
-3872
8558
2005
-4310
8771
8870
7028
3513
-1065
-6056
-3509
-1065
-2378
-510
6363
-6505
1770
-4134
6453
-8093
6627
-5527
2416
-7640
2056
7918
-3117
4731
9313
-1548
-6018
7043
6941
6894
5882
9026
-7771
-3531
-5060
-7053
3903
186
-2864
-5619
8082
-324
-7383
-2320
-127
-3052
-808
4560
4926
3218
-7035
593
1491
8131
2508
-652
-2989
3398
-3339
-8167
-8787
-1880
-1928
4043
6920
-2676
-2635
2440
3740
7295
4347
9404
3091
-4245
-6289
-868
1378
-7548
9266
5014
500
-2735
-6741
-1207
-1847
2214
8317
-6158
1366
-9330
4566
707
-4362
1908
3476
-8284
-396
1709
2088
532
3365
3342
1589
1073
2355
3344
749
5217
1157
-3418
-5349
1282
-2425
-9460
-4641
1759
-803
-8894
4009
7214
-6966
7410
9551
-3802
4221
-4364
576
9883
7573
3733
2628
7619
5203
-136
-7282
509
-7653
-7236
7458
7786
4905
-2950
-5187
-927
-8358
9660
-6577
9854
-5938
6453
-1583
-7669
7497
-4461
-8841
1631
-7639
-6370
-9474
5660
-1226
5123
118
-673
-1799
8956
-5654
457
-1579
1121
-1208
5661
-4019
1487
-9964
-6954
-4074
-1418
-8529
-5472
8304
9779
8214
-8269
1770
813
808
-1641
9444
-2645
-3556
1249
-3502
-1162
-8991
6804
1086
-6532
7216
102
2832
-9099
-6661
-4012
-6994
-249
-7270
-4876
7248
-9250
-8476
-8752
643
-4213
661
-2487
7733
-6255
8091
-8555
-7133
6863
-3523
-4317
-4283
-7872
-1866
-1339
5241
6164
7600
8955
769
-9656
6561
5915
-1835
-7508
-1284
-5945
-136
-6017
5836
-6918
-7278
170
2735
9269
7865
-2816
-1887
5778
315
8360
9122
6966
-2182
-2507
-6764
2972
-7958
-3302
-5321
-4182
9904
-4273
-9434
6693
9502
9938
3161
7607
4059
-2307
-5633
5383
1050
8331
2233
463
-7036
7661
522
4502
2819
-3689
-725
4490
-1457
-318
6682
3105
-2402
9688
-9182
-8808
-4331
-6609
-994
1224
-9691
3135
5237
1336
-6867
-5160
5275
-328
9815
4617
-7619
-9746
-7211
-1054
-965
2664
6391
3219
-4638
4870
8390
-8000
-3039
1210
3760
2193
6264
6585
-9838
3844
7164
-976
-3930
-7335
3735
-3915
-6177
124
5588
8890
-8625
-5333
3793
-3325
1959
-551
5163
-6419
-1739
8759
-8471
-3904
7308
-4960
8630
1954
-3479
-3665
7352
-6851
9121
-779
4155
-3685
5361
5839
-9501
-4406
1319
-1856
-271
6116
9755
8254
-2236
6844
-6896
8132
4487
-2843
-8226
-618
-1482
4048
-1077
761
8899
132
-2663
-7814
2526
4029
3915
-6077
-7421
-1463
447
-4909
-6088
-6011
3757
571
-1787
2050
6330
-220
-5554
-2463
-1832
-472
8984
6570
569
-6016
1003
-6532
-9002
-8594
8443
-194
1588
-7437
486
-4269
4574
-8340
-3501
-7865
-2576
9820
-4929
2000
-8115
6038
6199
-5894
6132
2086
-4691
-9294
-7597
-1682
2272
-5661
570
2186
2486
-5673
1880
-6055
-4071
8246
-5129
-7356
-6375
-5460
6021
-705
1730
-5245
4031
7501
-8350
-4592
1716
-9361
-8614
8041
3342
5455
472
7652
-1959
-2836
3492
-1659
-8223
-4062
5801
2259
-7238
-4607
-1660
9502
78
1892
-3825
-9666
8810
-2824
4419
-3074
8219
790
974
3491
4106
3847
4168
1539
8716
-7790
6438
-7795
-3763
2939
8951
8224
-8683
2034
-6084
5837
5347
6371
-8617
-2361
-8293
7278
555
9335
6690
4302
7985
8161
-9574
1503
6443
-9041
-987
-1320
-7607
-3603
-7111
-3811
792
8487
-4110
-7374
-5892
-90
-7417
-9892
7814
-830
-520
-7413
4442
4153
-1560
4483
-365
-6382
1891
-8226
8274
-7053
-4383
-8642
-5418
-1857
6760
-9997
-2756
-5365
4785
-7655
-6211
-2678
-3546
2860
-5676
6765
5138
2243
-242
8140
2816
-9610
-4359
74
3682
-2402
-4841
-8086
9517
4389
-1711
-9656
-2767
6012
7387
-4581
2690
6202
-2069
5613
-9647
4807
3630
-6317
1574
-4548
8673
-430
-1515
-3123
-4502
-3134
-7067
-9686
7941
-6234
4882
-9982
-7437
-8576
-1987
9774
-4403
-8462
-5148
6588
-1495
-8990
-9606
-5537
-9721
-9929
-2253
5517
-1985
-917
-2383
-4803
-2779
-1881
6586
495
-9647
-9207
5950
-2879
4206
-7942
-8842
-2512
-8471
8094
5884
-1704
-5777
-5111
-708
-1789
9407
6562
9086
5785
-6176
7823
-9117
-2335
-3644
-7783
-5992
8946
3600
-5869
-4471
-3264
-4005
7907
-4958
-7409
1466
1545
8008
-4799
-9289
7593
-3971
6941
-8700
3165
-1412
-239
5703
4400
5087
-9541
4511
-8524
-7416
-6541
9059
50
-6566
-4433
-582
8547
-2239
2971
-1228
5504
-799
6757
-4782
3117
9550
-5921
-7771
-1638
2521
9288
3389
-4748
-5979
5275
-1767
-5827
-3448
1713
1137
9992
8287
154
-8124
-830
3585
-8482
-7623
3582
3569
5719
-4514
1380
8534
-4524
9217
8907
8619
-3481
-3542
3898
-630
-3914
3220
294
-5411
9397
2884
7716
-6907
-5637
8238
-5850
3087
-8439
-4718
-8935
-1677
6045
-7666
-750
-7346
2628
-3318
-261
3398
7016
-316
2468
7680
-7706
2690
-6228
-1747
-241
1543
-2229
-2938
-6698
-3519
-2236
-3719
7294
311
4845
1523
-7428
-9415
-1750
-7174
8818
-4593
-7486
4124
6047
-4535
3037
9208
9397
-5159
1066
5161
5127
989
-9936
3533
7982
7436
-3249
6273
2461
8761
1774
8820
-1794
4925
-2948
1224
2601
4577
8755
8897
-2031
-9971
-9281
-2390
4417
95
-5014
4775
-4515
1918
-6984
-2528
-4514
6752
-7992
-8582
-1097
-1864
3636
4964
8990
-204
-2836
-8930
2741
-215
-8795
-4375
3665
-7705
-2731
3440
6405
9701
-8377
145
-778
4982
-6732
-842
4457
6192
-5684
-3942
-2747
3718
-8189
3102
8976
-8007
-3424
-751
6594
2162
3850
-9308
-9277
6321
-2492
6000
-7294
7699
-8706
-4019
4520
3940
-8070
934
675
-2459
-6036
1057
-2708
-4454
6524
8427
-2037
6164
2164
4713
973
3910
-618
-8417
-8237
-7451
-8035
-5331
-4240
1601
-8248
6132
-4670
5073
3723
414
3700
2517
-6237
-6462
-1109
8434
2479
-8242
-2231
-3168
1566
-539
1402
-7208
5870
-4073
-6873
-8050
-1086
4553
-2392
-3024
8234
-1196
9636
-9109
4587
7133
-2534
4879
-5568
3720
6086
-4870
7040
-7106
-8982
-4663
-7440
-1268
637
-3037
-1172
-1851
-8895
1825
4192
-4675
-8395
-4227
7699
5521
-1849
-8486
-6483
-4475
4971
-3116
9237
-8313
-8553
4610
4673
7585
8162
1759
-5121
-1514
2953
8788
-293
7973
-5946
-6313
-1629
-7876
-5250
-68
-6833
1899
2542
5795
382
3948
-4602
-2505
-1607
9864
6812
-3979
9410
6449
1472
3298
5884
-6828
-8933
-1077
-6826
5936
2845
-5749
-1970
-7181
-8523
3957
9930
-5672
-7239
4542
4433
-4333
6406
-4183
-5927
7918
-6758
-2949
5816
2291
9946
-3272
-9501
-5645
8023
-453
-5247
1971
-6881
9912
-5562
-9567
5023
524
-4543
-1019
4073
1335
7442
5629
-3382
-6342
139
4770
-2340
-3175
5151
277
3679
5097
-1962
940
5339
-694
-1015
9495
7621
164
6904
-287
8790
-8579
6771
5183
-8506
-1884
7852
9700
6268
3929
3695
-3666
1460
4533
-1838
4255
-7618
3447
-4650
-8488
1529
411
6705
-3536
1512
5530
9248
2692
-3587
-5809
-3811
6329
-6991
771
7664
7856
-4336
-9042
8824
-2584
-8915
154
-9702
1359
-228
-1224
4953
63
1141
8044
6687
5249
3239
-9869
-7069
3758
5940
3218
-6946
-9895
-1328
-3886
5824
3254
4481
-8460
-2609
-2301
9065
9173
-3147
3490
6812
-3017
-1878
7446
5741
3532
3556
-58
1151
9469
-5818
429
-4415
9727
5273
4504
6861
3302
-475
-1840
7429
8834
8007
5010
7388
7284
-8136
199
4047
425
8140
-4950
8272
7028
-3534
1637
6402
-8730
4931
-6152
9149
-6422
3718
-7861
-2100
-7048
9769
-8534
8175
3454
-2856
-2230
8589
-6013
-5769
5653
-5248
-8598
-3223
-1995
285
8908
-4893
9553
1692
6719
-1965
-2566
-8602
1743
-8069
9742
4997
-7194
-7144
-230
5764
766
-1285
2089
-4693
-8767
4758
5645
-3718
-9265
4435
9789
268
-4429
-6205
-6178
-5154
1786
-307
7602
9916
979
-6955
2065
5239
-1409
-1060
9603
3080
8114
260
-4753
776
-878
-8311
-1796
-4523
-401
6941
9590
1581
-3162
-2616
-9584
-8706
6748
5274
1657
3828
-8133
-2755
-9895
-5668
-2263
8008
-9195
-3237
2731
-7314
3242
5638
-564
-7043
-3810
-2852
7686
1531
-2009
9524
1579
7030
-4775
-6510
-1044
-9475
-7283
823
-7319
1653
5206
1099
2526
-4912
1085
-3805
1667
1216
4301
856
-820
-5269
-5939
-505
-4134
1348
-3012
-5698
-2873
-8670
5136
-4019
5085
9451
-8464
1628
6663
-7865
-7741
1772
4926
7444
3634
-4202
-8340
-3218
-4202
4748
-9572
-3048
-5987
4482
6834
2924
3111
481
-3837
7419
-1338
836
4474
6261
-7702
-1837
-2620
-7569
3387
-385
-253
63
2377
-608
-1187
-8227
-2979
7210
-5778
6035
7847
2869
8020
-4938
-8003
7457
9294
-5876
-7095
-6593
7512
-6619
1788
4662
789
5427
-8398
6137
613
-4959
7209
3450
1434
-6374
2711
-6106
3728
2716
9191
-6072
-1568
-6768
659
1701
6636
3037
4538
-1590
-5009
-232
8295
1962
5266
-6530
-9386
6135
6041
-9463
5468
-4296
1573
-6696
-4993
-5376
-664
2258
-6232
-7738
1415
-6146
1339
-2416
-9978
-5993
5248
-1102
-8768
1957
7322
-9140
-2759
-568
1375
-1053
1928
1073
5360
369
2496
133
2759
-5277
-8656
-7060
8174
1241
2561
5236
449
-2259
-8240
5086
641
-798
3942
-8058
3055
2241
-7239
-1573
-8287
1400
-5815
9371
1912
8292
7402
-1991
-836
8211
831
5302
5803
4125
-6312
6716
-6766
7993
8110
-7540
196
-4100
7236
-9562
68
-5707
5815
4154
-8139
-1660
-2929
-9992
-6402
276
1303
8436
3150
-8675
364
70
6705
358
-8047
6635
-614
-6129
5838
2526
2432
5151
9870
1320
-3886
-1889
601
3981
7186
-6917
-1365
-3845
392
-316
-8072
6354
-1302
-2661
-6124
-8687
4944
-5849
5136
542
-9902
4924
-2978
-6355
-5344
1089
-1413
1798
4855
-5465
100
-2089
-8948
-3098
-5260
6845
5100
7581
-1651
-7244
-4599
-819
1469
4193
-2834
-5393
-9324
4420
9358
-8877
8232
7105
-5524
-5509
8444
7072
-9300
7996
7419
-4715
-5984
-5935
-2560
2383
-4091
6591
-892
-6816
-1882
-6667
5617
6269
1363
2284
-8145
422
6896
-3869
4998
8376
-8546
8659
1595
8808
-9915
5186
-7036
-93
-6839
-335
1441
-5112
5861
-9360
-7247
7628
-8
2517
-7676
-676
-7694
-1049
-6901
-6629
-8612
-3102
8589
3756
6747
-3235
266
-92
460
3332
1041
-6164
-500
-6219
-1056
-3919
-6328
4760
7703
-6672
5051
7482
-1851
-3725
-1630
-3577
444
-6792
-6791
-5432
-9146
-3257
1053
-683
9055
2515
2476
-3545
-5880
2646
-6654
-3214
5608
2442
-2754
9041
7297
-3306
1042
6537
-9981
145
2633
6140
-5542
-2843
7465
221
-2322
-2821
9340
-6759
6183
1196
-1082
5789
-5917
-9332
8602
1049
5709
-867
5073
2526
-6827
5139
1184
743
804
-4266
-7355
-6827
-3276
-8413
-7572
-239
3009
5149
-8202
7026
-9636
-1915
7576
7838
-9752
2388
1384
9098
8547
5472
7169
-4220
6283
9640
1290
4768
7009
5422
-8073
8367
-7935
4152
-2641
-7366
-8084
9599
-166
-9336
5205
5384
1107
833
-66
3771
9084
4337
-5528
-4795
7803
-5184
1089
1784
-3385
5782
-7196
2399
2298
-8578
8354
1406
4069
8603
-7720
850
5920
-8598
-3827
5111
78
-833
-5122
6888
8733
-6577
-4943
9162
-9267
-5803
1463
-3272
-5072
-7234
-5165
-3506
3991
8154
-2335
