4305
0
4544
9230
7183
9265
460
6346
3329
3998
7038
4074
6228
324
4677
4930
5467
7173
5042
6372
3952
463
1181
4974
6590
9474
2571
6848
4603
1928
2626
1649
2250
7515
8532
8875
1030
9948
2662
1627
6976
9181
8190
4892
8458
8874
6015
5257
5607
8854
9491
3098
2246
5519
2352
9032
9784
5947
837
7164
3733
8893
7606
7443
1098
3949
3689
4739
9893
6429
3097
9743
335
4402
8207
764
5154
9030
663
7169
4668
4238
2359
2985
694
5858
540
321
8271
6148
3361
4469
2226
7505
2247
8713
312
5869
9126
1175
4149
809
3881
8512
370
217
7768
4152
1492
2036
2344
9652
7821
4348
9757
9948
2801
716
8414
613
8916
9978
1539
3077
5116
848
7733
7233
9028
1524
3231
7268
6684
118
2771
3711
4575
9123
9444
72
3000
8756
4807
504
4315
1841
8371
8722
8463
3818
321
3554
8182
3128
9413
7979
8819
29
4311
8136
731
4358
8959
6493
9582
369
5623
6088
4609
9433
2341
6999
7155
863
2244
6458
7940
9351
4975
235
4081
9513
1793
3871
2481
3503
4659
431
9283
4455
258
7160
5278
2965
8447
1151
1289
1376
86
795
7664
5436
4614
8225
1761
1881
916
6261
1405
2638
8494
8868
4671
1576
2606
9699
5939
2605
3368
5291
6245
3969
9863
9404
3084
1208
3393
571
420
1195
4985
2505
4819
487
934
1563
9196
8363
5679
8304
955
5566
1474
2130
6330
6311
5361
245
391
3095
763
2671
288
5221
1780
517
6358
7817
203
8028
1423
6087
5786
1249
2768
444
4005
6407
8190
2522
9843
4768
5044
4142
7915
8471
205
8564
406
8935
8247
2359
6734
5850
7024
5529
1172
9628
9771
7883
3919
6211
2805
3626
7943
7291
3964
9819
2257
9713
7960
4568
4174
7995
4632
444
2848
1500
1585
6719
2064
1984
7573
1186
2563
5039
8750
7596
7582
3982
8499
4412
4297
6130
8866
7994
6785
7179
7024
129
3103
1585
1312
4702
1832
1975
3709
5847
4848
3966
4769
7513
8788
3582
270
7056
565
5113
2512
2870
363
1326
1337
4782
300
1177
1591
2634
4145
6819
749
9327
6315
3440
1410
8115
6710
7261
4137
1202
4441
3232
330
1393
876
3425
421
7186
8351
6604
6348
5315
7002
4644
5008
9696
3095
7815
1302
1474
7408
7134
4654
2892
2411
8937
3693
123
8003
3296
905
5418
5591
7903
7617
4686
4684
1959
5902
4641
3562
9425
8246
1999
4028
9139
8365
8716
8959
7107
2201
4064
5670
7044
3105
7766
7364
2660
6910
6577
8172
1720
9741
3040
633
5515
6384
4518
4655
772
9479
1732
9621
5053
5820
4939
598
7296
7341
6841
9602
6326
5376
2593
8244
2442
15
213
4436
1439
430
6416
1381
2110
6392
7334
5622
4081
6717
2947
451
1617
9501
4810
4055
1377
8404
1010
6670
3878
5434
6861
1852
3312
6913
4602
3097
1866
7555
3688
1875
4931
5991
1180
436
2736
8281
9022
1515
2203
2555
3411
5349
733
289
1
9737
6738
694
7989
3535
2806
4703
1735
4760
6938
8826
6289
3594
1318
1254
5829
1205
6620
1617
4215
4607
617
6549
7746
6990
5902
3196
1664
5004
315
5615
6086
2904
9553
276
3806
4578
7583
5054
527
6575
8899
4814
7700
2242
2994
5529
17
6684
7359
4213
5469
41
8023
3444
9447
5575
1473
5147
6236
1237
5971
5039
1919
6604
8228
1403
9645
6795
8307
3821
8608
7562
3855
4254
4915
8786
7815
2187
8228
5541
449
8464
2177
6421
533
3304
314
6105
7878
6613
4341
7623
3176
7387
1831
2704
1045
8939
430
5939
2420
9224
6609
3150
7030
7924
5485
4123
4876
6143
4584
6526
8135
2021
2465
1646
8785
4431
1803
5216
4690
973
6860
4834
8710
1512
9620
1180
4614
4377
2694
3511
4418
7193
8941
6610
5396
8500
1500
8531
1578
1465
2177
7647
7384
128
1346
645
2177
9254
6098
3882
8117
3799
5055
3715
346
3557
4054
4156
348
7645
6521
2031
7233
9079
3905
5628
2319
4789
1437
180
7516
9873
3880
916
5494
3191
2506
2120
2921
8118
7455
3305
4391
7378
1838
5107
5813
9956
6415
237
5306
4235
3812
9100
5615
1832
1158
8975
4102
6404
450
3221
8550
6997
584
4692
8656
3177
6703
1248
2570
9681
5744
6226
6875
9124
1805
4310
5274
9462
2555
7581
5917
4730
1558
6513
4990
4443
157
395
5622
6868
7006
5715
8362
9421
8935
3607
1041
129
3089
3085
565
9965
4407
9229
7054
8292
3024
7065
478
9074
53
3511
6844
4107
2102
6558
9129
3580
8243
965
6788
7939
5634
2897
6989
3704
6530
5792
7207
1940
6706
8792
6049
1339
2683
6281
8995
876
4049
8959
711
8085
7020
5962
754
7006
9586
3673
2059
5
5784
1904
3245
1654
934
9749
4035
9277
2923
867
7383
9515
4713
1364
2955
3515
1875
8534
2337
3919
1087
1337
707
295
3653
6670
4023
9363
6510
7419
1707
5222
9317
3362
893
4694
2232
17
6137
21
3997
4889
6094
8202
2410
8654
8512
1786
9564
7623
1581
1681
163
7949
2119
5832
8679
4366
8938
4757
3438
5297
7904
9412
8686
8907
3027
4599
984
5099
4423
9075
7644
4655
1661
5270
9165
5823
5641
7410
4005
3931
4424
2928
7553
8840
4542
358
6897
5619
8065
2128
4511
8944
7664
1362
8115
728
7054
9476
3001
7413
5202
4729
8685
547
4731
4565
2264
9412
289
9910
5253
2416
9113
7999
7462
7713
2281
4028
4128
6855
4919
2532
3107
6422
1031
5979
5100
1182
3390
958
7693
2000
4280
2939
2899
2231
6064
6864
4791
926
7875
727
576
6888
6125
6405
2321
1847
3696
7423
8357
5797
4823
2860
9101
2712
3473
6088
3028
4785
5294
9206
3978
6878
6808
8353
490
8540
8750
3650
3905
4629
7509
2013
1466
2978
5092
2256
6900
6133
5355
1405
9197
9869
7981
2743
2207
3720
7407
7676
279
4949
3437
2831
4554
9666
4987
825
1850
5281
8171
7984
1284
6506
5249
3913
6192
7497
6908
3298
8688
1377
5291
7105
1930
2040
6951
1046
7772
7101
4576
548
406
1494
8931
1772
1742
35
2973
2133
4499
982
8325
4218
8990
3092
5575
4530
6947
4476
63
5991
2194
2144
2071
7418
174
8035
1403
2801
8487
9669
4778
2622
9580
1330
8415
1026
5836
9007
7537
1406
1507
237
7078
1683
4769
4124
1791
5726
1905
2321
536
9987
9423
2707
5878
691
1056
5253
2456
3952
5036
870
2357
8563
6427
1677
8003
6641
5218
9353
2884
3934
4980
694
4682
2075
6907
5303
8873
2149
8157
2233
4518
1100
4973
347
4520
2455
8090
9046
7592
6186
264
6998
7342
4276
2370
1756
3134
8971
2468
1089
2689
9772
32
2862
282
2721
5080
3785
9724
7745
3842
4903
8310
1867
814
2391
939
1296
8309
9582
3335
5993
2076
2566
596
2698
5532
6185
6438
6579
6647
3857
6663
558
8842
5591
3252
6487
4332
2036
4092
4740
7131
8009
3820
1684
106
6871
4973
807
3324
3157
5414
593
9821
6003
7826
6885
7126
7700
773
2024
5575
5757
3051
6461
7428
5567
9213
2726
1559
1816
7726
9639
8639
7877
7652
8100
5793
4320
330
8234
9513
214
6143
9027
1870
5090
141
3927
9369
8906
2556
5655
8114
2220
4220
125
887
2212
7560
7284
8064
1204
4998
1725
814
2668
2749
5402
4251
7027
7042
7795
6281
7531
418
5158
7638
646
1011
2761
2889
3377
850
5021
2531
9179
2947
8417
1793
2927
2718
3242
6119
4700
1933
8058
8469
7155
1800
5991
7170
8053
6264
4857
2423
705
2424
1340
5924
9382
6457
6452
2269
9890
5755
114
2269
1601
1006
4496
2014
7452
7278
8523
2848
662
9418
5807
8325
5430
419
7990
7346
8508
2499
8473
7834
1946
4943
6571
8754
9817
4284
6026
3035
11
1674
5421
5516
8996
4067
4568
9384
379
7878
3197
8258
1834
6078
4439
5857
9033
5068
6746
694
6485
9906
1299
8432
6422
1707
5873
2458
9165
3113
7532
9039
6649
835
4648
4046
400
2663
313
3290
2093
9469
7858
5171
6645
2289
177
5258
6814
9917
7153
761
6452
4215
4789
7314
3667
7763
4968
4155
4637
3176
1436
3497
376
748
3652
4218
5712
9084
7006
7649
3731
9047
3482
790
551
212
2339
1429
3574
2439
4555
7331
3507
8687
5248
394
8804
6610
8392
9605
5412
7582
2813
6899
9418
6871
1846
21
6671
5562
7886
6543
2987
894
6199
6313
6999
42
9790
7412
8619
3711
5702
2010
73
5088
4897
6187
2218
5585
8004
367
9602
4303
7180
4407
1764
7547
4748
1301
5292
3487
6832
7080
5537
5290
2090
8508
9926
403
4376
5314
1203
8066
7050
9556
4457
7623
425
2546
2936
2022
683
8891
3990
779
4585
8797
1115
3959
4340
9785
148
2760
3987
4012
2074
8753
3501
6917
3652
4888
7504
9501
128
3561
9271
7769
7567
8538
8995
657
5956
5189
8638
8704
5454
738
3120
1355
5820
4135
7516
9228
7843
3707
1874
8820
5904
2273
2923
4367
7529
7187
6829
8666
2648
3883
4083
6938
3973
4119
8028
2072
4599
3951
9630
5363
8128
3486
7504
9104
1031
4006
1825
4007
1618
4693
9401
3665
2236
211
2251
8036
5185
4844
7682
3450
1449
2936
4062
6644
7189
7987
4164
3345
9431
417
7830
1190
6533
9846
8117
3669
9366
4580
8077
7458
2332
224
663
5335
6155
6795
2826
7579
6092
5361
5281
4438
3961
1635
7791
1690
5242
6125
9437
2968
110
1447
8717
9680
188
6301
4662
3296
9573
7283
1736
6921
5239
121
5658
9853
4298
3976
6644
1603
7333
7940
5143
8130
1813
3872
9319
1139
1135
31
886
3110
7370
2174
7790
8697
1660
7467
8939
7667
4881
8754
807
3833
6554
8185
6097
3619
5216
85
2297
1603
6378
500
5855
2709
7907
4713
1669
2174
6262
8854
5055
9155
8945
5982
6357
4996
7459
2945
423
6548
8147
8555
4144
8689
5854
3390
2043
1617
2872
5020
7885
4071
6506
3018
1359
9588
5244
6442
2238
9696
2111
2674
843
2291
4105
7358
6972
7607
7645
3113
3017
7460
5088
734
3002
1230
5025
1491
6844
1920
3458
7678
7119
2443
2726
1256
1362
6338
2760
2491
2773
1468
9123
4580
1424
8123
7418
5597
9164
6743
9342
5636
2301
3143
6567
6053
8806
1902
3572
2282
4204
8157
2936
294
6951
3815
4864
5991
1701
646
3622
2712
4127
5596
8883
6823
2488
7405
4304
5553
5494
3945
8848
9332
6358
1183
9690
8837
5917
2172
2462
1947
8200
2079
7190
1307
8904
4263
8525
5587
5635
6988
7885
460
1276
8727
9668
5904
7102
7728
2553
9822
6504
3980
3695
893
8304
3450
2270
8507
3139
6027
910
8304
7259
4094
7549
8508
4257
5757
1371
7409
5277
202
9423
4395
1314
9323
2001
1869
6064
6848
3607
3492
9209
2185
2020
2410
6376
1696
5688
5970
281
1034
4383
4910
9951
9898
7300
3767
8503
4902
3688
4718
8095
9385
7684
2771
4429
7955
2446
7142
795
2289
9518
9225
8935
7848
1093
4361
3591
9369
3517
1037
7042
384
9337
9565
2742
7095
8035
9200
8315
9301
2693
8616
7083
2022
5656
8504
4903
8588
4434
6661
8492
3939
9133
2659
9986
1329
7032
7553
8467
5378
7974
7868
3111
9367
7667
4744
136
6565
3497
9553
6866
3708
4352
5644
1065
9402
602
667
8404
805
4815
3760
7454
375
1250
4434
670
9797
669
8677
6214
3168
4558
8211
4745
3442
7108
3871
768
1151
238
917
7240
4020
5363
2484
2562
7520
7461
329
1774
6101
1569
6627
4618
5521
7295
3269
8819
4943
1641
6814
8439
2752
3193
9835
6827
4870
2256
8290
9844
4169
3417
6587
6154
7895
7531
1810
9066
4008
6847
6476
8554
5963
2926
3707
621
3971
7605
5182
5291
9307
9272
4385
2824
3827
8848
8712
417
2391
3689
6939
8470
8634
1995
9908
5862
8562
8422
2052
6926
3228
5979
7365
6655
6187
906
8096
9905
7663
4185
1234
7657
912
585
3294
5199
2307
5900
4975
2074
9519
3705
9404
7491
8681
9356
4234
7517
2698
8393
6201
8730
2488
8286
5930
5658
1486
2226
9936
1583
6184
3354
6234
7906
6094
9320
1034
5529
2051
1486
2094
2893
8590
1197
4585
9317
1346
310
6195
9439
1208
8420
672
192
8483
5618
5049
7463
7879
1026
8859
6752
2434
9047
5119
3723
5754
1981
6998
9411
731
3602
8791
3249
8045
3195
5752
2904
8718
522
1235
6889
8282
4067
3230
6442
2455
6842
7565
9163
2248
3673
215
6035
5078
7761
2888
5868
5619
3785
7128
2941
7772
8709
7866
5472
1733
5263
3184
1709
9135
4936
2807
2047
4784
1208
6389
5490
357
8872
10
4665
8525
3450
8398
8905
7337
4972
3562
40
4788
9915
2709
9954
5177
9405
316
6631
4426
1202
5280
1483
6885
471
9064
1938
6641
8524
9895
1149
8004
7443
9367
2252
7101
5576
5487
2275
8214
938
4745
2894
6693
956
8915
3878
5169
5329
1553
5982
8514
393
1004
4774
5738
1142
5938
6914
681
2441
3881
3736
251
5316
774
8538
2527
2977
674
6400
7742
3780
4683
52
4964
9348
1899
9285
348
9900
4473
2239
4156
2471
6588
5312
7454
8409
3168
1659
6594
2765
2737
2937
6625
9575
911
1185
4098
9662
5111
3389
260
8201
3622
5856
1619
5215
2712
2019
8623
130
2338
5004
2687
9068
8111
8951
9351
4014
4373
8639
7291
8155
6903
8144
8907
8871
4442
994
165
2830
1549
7555
5648
8645
8536
9464
3425
7265
792
4160
7524
9929
2726
2249
5393
7482
8848
6975
4056
9955
3136
4246
5368
1634
7360
8953
9061
474
7454
6796
501
6433
4072
1700
1669
1687
6541
4482
3130
3455
8829
2103
4276
3501
5104
7892
7179
1126
710
7608
2395
8525
3901
8623
192
8327
6945
8080
1696
7158
8964
9526
8924
4402
6083
4932
511
1215
3146
8103
4231
2196
1008
3595
7937
5968
2846
9038
2168
2839
9349
1050
1959
9267
8019
1607
1884
5229
2204
5235
5458
203
1443
6468
6514
7509
786
4317
4898
6072
5465
2388
3275
4881
9296
6353
9531
5010
909
7287
933
4540
2679
1933
5304
8427
7100
2394
8082
1567
1244
7415
3532
8578
102
5614
2838
341
4456
4549
7666
4748
6950
7910
2661
8474
3639
1867
7829
560
5341
5710
2523
4301
9208
4866
2867
9676
816
9638
16
97
3781
3592
806
1142
8169
3311
5718
3095
7426
2476
8958
9231
987
7649
2562
655
3202
3906
5430
8616
9354
1680
8365
2043
2605
289
2623
5507
6657
5835
116
596
8399
7668
7338
4351
4374
1568
5157
932
7188
9041
9996
8363
8694
6086
326
3149
1393
5129
1067
7438
8576
2767
5328
7521
3929
98
6784
4546
952
6956
1983
8624
7186
6348
1005
115
3598
8859
1527
3801
5819
2420
6928
9514
3337
898
6256
3661
7604
5687
7034
5686
2306
6740
1404
4268
8734
329
6659
5899
8229
6485
5789
3517
6970
8413
5641
5152
9700
3123
8102
2587
1156
5580
6033
1345
8407
5258
2350
8136
1908
1867
5290
3697
1374
5018
2442
1081
9992
2881
2843
2291
8347
4660
6093
224
9762
660
2742
9892
8179
9476
5302
4920
5617
9173
6516
1077
1138
9098
5057
6865
658
4347
805
3143
8477
1623
4541
1730
9567
6820
5964
3842
3357
2512
9699
554
5745
7315
3082
2276
4151
543
1119
460
6639
8509
1929
3825
6857
4325
7849
988
744
7569
1753
3859
551
4122
8662
3692
9597
8417
6049
6811
7814
5765
1623
4532
6696
6162
3905
5779
5717
7407
7490
6108
8622
7060
6985
6542
3685
7427
9130
8786
5859
4677
3830
1490
4845
5198
6728
2102
809
1079
2596
8656
5089
2517
667
3698
6366
6434
845
1296
9427
3397
7726
6783
3089
1378
4301
1151
3946
4014
4197
5026
6707
2580
1083
7665
2470
7739
5416
1958
1263
3030
2308
5673
9632
4221
546
7650
2432
5450
374
6518
6619
1120
9875
1705
5231
5815
8090
5843
1230
1078
8234
1281
599
4876
4656
5055
1651
3804
1529
9128
5446
7779
4292
6051
6644
8358
2330
2196
8566
5484
7146
9677
116
1443
185
8240
7834
7214
7159
5462
4536
694
3132
4372
2093
3650
4645
4337
4092
6271
2366
3876
6365
7976
2221
2856
2869
9838
5338
7821
2790
234
5024
1735
4604
1521
9218
7701
4594
7211
7947
1133
783
9351
9208
9017
5566
8006
7788
5374
1202
7734
609
1892
6012
7758
5391
4668
2635
7215
7929
2636
536
5159
1149
4331
1698
3254
2926
5311
8852
5494
1951
9303
9138
6238
8158
6083
6276
4784
5644
6909
1414
5489
5708
3425
9330
4777
6190
2824
8222
3774
608
6186
1330
2881
444
1457
8431
5661
7457
7631
4356
874
7279
2412
2698
2387
5086
1534
3509
3533
3361
7465
5066
6215
3240
7594
4178
2191
2090
9490
2685
2219
1300
1889
4422
3925
1901
1221
2782
5348
944
1064
2512
7767
8571
9689
9352
2621
3710
2519
2252
6220
8513
7368
2736
5893
2026
7421
3738
7936
6336
2393
9831
8653
5098
3590
7416
2339
703
2421
4054
5527
6725
8670
4783
7384
5050
3926
6415
8104
2137
3445
5273
3406
685
948
9664
4801
3326
5128
1927
5501
5751
4568
8204
9780
4263
1649
4299
8111
3584
3957
9126
9504
9285
2848
7204
1094
3792
1509
847
4905
9221
3042
4296
4063
6920
27
2428
2097
1802
8311
6691
8389
9659
1160
7642
2387
618
200
4173
6738
4895
1110
9249
3322
6426
5726
877
2986
7768
369
5349
8282
2860
4049
262
4671
6973
1902
1511
2647
2896
3090
5124
5502
4569
4510
9355
9012
922
8019
7584
8495
8686
1597
9024
7873
7871
7595
2762
821
7165
8277
5116
2904
1273
959
7429
651
7964
4750
8059
2638
8494
3417
9300
6003
9877
4993
3507
2351
3086
5956
3463
7977
4742
8077
9306
9677
6747
9151
5161
848
2728
4398
7845
6898
7060
6888
6661
6544
3109
9406
2323
4873
882
4471
2426
6383
3946
3656
7893
4659
8531
7537
2850
7985
7034
4080
4806
3716
9567
2571
1963
6199
6307
9631
5685
2307
6607
2383
9839
9647
8023
7307
8200
9839
8705
9203
917
9851
1236
2422
2845
6760
1092
4509
6723
1850
7341
5163
1767
9882
8739
1776
8027
1477
9319
257
3643
9035
8196
581
112
9030
2300
6491
2229
2310
6883
9100
5744
9875
8319
4854
4108
9157
5536
6876
3592
2870
2084
5563
9420
8398
4082
3784
3692
536
9167
7405
505
162
9480
3683
123
7386
3765
1136
3580
4531
9323
4785
4858
5139
5023
7343
255
5543
7234
6224
9407
7176
9168
8713
6112
9664
6418
3591
308
2374
143
6655
2419
6485
7985
725
967
8001
811
5794
64
7513
6057
7667
6755
7398
2720
1243
6797
6859
5566
6402
7914
8315
7698
9532
605
1999
5428
7602
7512
3130
9177
691
3129
7452
7172
2666
6930
7845
5131
2132
7417
9437
2616
4688
5201
2136
6135
1545
269
6819
6104
4387
4073
281
1006
5264
9608
1670
7336
1721
6638
7392
1800
9787
7851
4732
3629
1670
4350
9733
2854
957
3086
3428
7744
3491
3426
6856
9400
8924
8820
1097
8589
8180
2284
2381
3386
1898
9245
3808
7731
1041
5107
7947
3449
2853
4560
9175
6731
3363
4386
4129
7818
722
9697
6109
1405
933
3141
1207
7079
1368
5994
3617
6060
3403
1170
2897
3364
1861
4846
6874
4477
8705
5616
3339
6
3796
4614
2220
7849
6146
8761
8147
2981
4210
2919
4698
3766
2993
9591
9557
1706
9643
3631
9665
6693
5828
2029
1189
7065
2743
6036
168
7064
8781
5409
1992
1897
8204
5974
159
4098
3651
6530
3643
6687
989
6143
4861
9932
4818
6621
6781
5407
6847
1443
2469
8359
3009
5072
5464
5664
9118
4948
1564
6588
153
2393
4573
4436
8281
6596
9852
424
3833
1208
4104
7242
6053
6182
5510
7033
6318
7534
1601
8488
3916
1434
7673
3831
588
3299
7460
5439
5382
137
7184
8499
3652
99
1132
5347
4591
4864
5500
8841
5078
7488
5043
5577
6319
2677
5967
6874
8372
7222
4291
327
2227
6087
7776
3395
1168
2971
844
2043
7787
4222
5373
9946
4928
4613
5934
1315
7787
9955
1060
4825
9778
2873
8045
5760
9071
4251
1285
5146
657
8766
3926
6034
8455
5183
3932
8412
2209
4282
6901
1634
8640
5818
921
2973
126
2390
1764
5201
2013
9812
1409
2548
9578
3254
1173
1211
2414
1646
7466
6797
8651
7740
5052
7048
9764
1003
1626
3103
2727
4450
7245
2388
1133
3455
94
2473
429
3234
2612
2122
14
3272
955
4207
9490
7202
9472
7241
3592
503
7960
5718
57
9268
3731
8795
3006
3324
5856
1252
3895
254
2862
4042
4301
108
4961
9320
7350
2688
2552
2031
8733
1882
6162
139
1852
4969
5320
8708
5262
6700
9534
5309
3548
1538
7540
9335
9996
4284
4634
3347
4005
281
7450
1772
5533
177
3831
6755
1480
1097
6860
2122
9023
239
7875
7453
4132
1894
3642
4110
5318
9673
8439
295
5174
185
3200
4259
1503
9000
4124
6524
2377
7571
935
1470
5738
7230
6837
4573
2165
2719
7646
887
5847
4605
6486
4821
4237
9848
3112
3900
5534
9527
4035
1556
378
788
7566
4353
8137
2782
2415
3854
9443
2184
2365
9475
5158
7205
2237
9262
5716
1513
7327
680
947
8017
9442
6102
1238
4213
8036
5231
9137
267
3134
8466
1144
9969
6977
472
2041
1010
2462
8093
4032
6316
3723
7900
8907
1103
1506
5818
8223
9542
7316
4885
8393
1703
9485
3745
1031
1720
8225
5160
5928
2492
8512
962
3116
4351
8513
503
431
2120
7509
2377
365
2987
7076
733
6132
9850
5408
6035
7288
7068
8032
9727
3495
3703
436
16
8268
1475
7394
4815
1971
5682
8572
575
4928
4429
2003
397
2679
1247
4957
8643
9354
7066
7248
8614
8890
2566
152
8500
9246
491
3856
5458
7909
9054
4787
4230
1183
116
6896
815
2319
7001
5107
344
5614
7215
8270
1030
5750
8008
8094
1457
6907
8692
2508
1114
8908
772
2484
3482
5157
5245
5282
2345
6364
8667
5229
3668
294
5150
7487
8043
1107
3912
8779
383
1
2158
756
8990
1297
7616
8254
2230
2596
9410
5123
5730
3195
5596
9627
3720
8294
2149
3504
2329
6010
7027
1372
490
9648
5908
6840
4410
9352
1854
3593
5813
1386
9413
9992
6723
8843
7602
7353
205
4070
1897
8816
4145
7241
9747
6022
7885
8098
5321
4834
6866
3352
5940
1841
5827
2056
87
4490
6968
6417
7547
9520
1368
2461
6759
8279
8475
7000
5038
9353
8212
904
5100
7836
8573
4301
7436
110
824
2552
5632
4477
2486
5629
8310
118
9074
806
884
9321
6917
8071
1652
4239
5362
4030
1346
926
3242
1901
2499
648
5617
9726
5334
7755
641
5414
4506
9190
7755
5706
2794
5545
6447
1652
7897
7646
1556
8556
9208
4446
8051
2590
6302
7811
40
1547
4471
9259
3230
2163
166
7013
3748
8635
6266
2305
6766
996
6524
3272
3804
8820
2114
6689
719
4886
5236
5
5212
8024
7489
9182
9696
6975
6786
8717
5404
1307
6308
1089
8278
5193
6457
4653
9072
8346
6447
5777
7547
7413
8783
9493
3697
3767
4377
7258
6541
1069
2221
8352
7911
4312
2101
6243
5726
9626
5274
3137
2389
5306
8464
6951
1826
1892
5330
1903
3942
4052
498
2612
1911
4273
3895
1583
7941
535
1063
5773
1315
2398
1700
1835
7166
8558
8631
8488
7788
112
8958
988
4713
3217
7797
5924
2877
845
2098
7832
8855
535
5983
7874
3042
6597
5588
8762
5282
5951
9999
7911
4300
542
9207
2382
1259
3568
9744
9120
5792
1606
7921
5152
839
5668
379
7312
8625
1479
5023
6108
528
9498
9065
5483
3706
4823
4338
7126
7369
4747
4541
5634
5730
356
759
6165
5875
5042
4813
4401
5474
6135
505
6491
7977
1880
544
4793
8815
2623
5408
807
2141
8034
9779
1644
297
8770
6784
7676
8612
1133
8983
5759
5260
665
9913
3479
3334
488
8676
5030
7276
9955
6047
4821
6339
91
7675
9083
2337
5541
7632
36
2356
2114
9107
5164
1059
7363
9511
7058
6881
2336
7849
6331
6057
660
1841
734
9430
3180
5811
7446
8721
7075
2367
5431
8207
3217
9419
4094
8294
8342
5477
6277
5735
918
6299
7697
1068
7128
1542
6588
3322
519
5723
3276
4594
1344
7370
7166
9454
1342
7004
8213
274
4311
1644
6957
5790
6630
8720
8340
3354
2410
8333
828
9208
2691
5896
2078
1086
5809
9820
8383
3146
7516
1974
4080
3600
2050
5269
6857
3701
4561
9891
7719
2359
2727
3175
7321
9263
191
1214
6009
1804
5389
38
9094
4624
1794
4234
629
5150
9223
3274
8061
1092
5230
2754
9218
1524
7077
6157
5528
3205
8445
6032
2346
9112
3398
4906
1137
1625
6236
2701
2041
2718
5488
6097
7202
4101
3852
7331
9586
5866
5424
4359
195
1329
2940
6862
2153
9045
5077
6977
1465
764
3816
43
1424
6180
2652
1024
8134
3277
4729
6462
2313
5412
3917
1809
7134
523
4180
1865
4256
4490
4592
5598
7510
8986
3234
3022
3001
3269
7024
854
3538
8633
3323
1832
2073
5815
8918
2646
7109
6200
1988
9798
50
2914
3511
9716
3480
2193
18
2100
5517
5926
621
1048
1631
7895
8158
516
3115
3624
3387
960
6216
3455
5373
8147
3255
4007
3804
8756
3991
6711
7579
7036
5743
4971
8181
884
1868
2377
7276
4623
4482
7478
5304
4159
1845
4434
9217
4502
1244
7015
5220
2620
9343
2266
8853
9889
6084
6462
6103
7903
1764
7972
198
5557
9029
6653
6255
9872
2282
1265
421
4881
5880
3007
3005
