2182
0
3977
8158
9077
-1098
-5112
6686
-4063
1183
8483
-1447
878
6060
-6082
-1892
-2461
-9519
-5276
-8157
2042
-5971
5876
-6821
5153
9280
-6026
-9981
-9696
-3754
284
7760
-8111
-2237
6004
9796
9229
-9405
-5744
-3117
-3589
-4590
7765
-3145
-1426
-4313
653
-2500
5793
6466
-6485
-8349
-9330
8770
-9183
-113
9496
-4174
-2365
-1413
8819
7365
-2239
-5699
-1215
2102
-7157
4264
9833
-9310
-1871
-9495
-9345
-3333
956
7509
-9944
-360
8135
-2765
-108
-2846
8453
-6991
-7830
-516
3457
7546
-2137
-1035
7145
-9234
-4297
7304
-333
-6666
-9790
4959
-4632
-9731
-8139
9278
9674
-3113
-4064
1887
-8493
-9437
-5742
-3012
-7286
2330
2635
-5575
-8185
7047
383
-2806
9201
-7472
-43
-7668
-3319
-3309
5453
7379
-5629
-5795
-731
-5299
1041
8787
3443
9630
-4750
3205
8556
8719
1096
-279
-4764
9221
7779
-1598
-8042
5044
-5252
-1280
5097
-2373
-9347
-1054
-2764
-8223
489
684
121
2243
-7709
2781
-1562
-1867
-7118
3320
9772
759
4611
-628
-8593
-2834
-3598
-5666
-6941
9795
-254
-9990
-2987
4716
9490
2612
7970
3294
-8773
-3718
-8599
4543
7888
-4089
2911
1383
-2352
2861
6819
9509
-6970
-4069
-7935
1005
8288
7513
8018
7556
2673
3702
1421
7022
9004
-5658
-8333
7115
-103
397
3465
4624
1742
-8263
60
-4435
-4182
-9009
2893
-7556
3523
-7634
2082
-6829
2205
8034
-8051
3356
2421
1799
-5624
-8457
-4602
-9501
-5699
-1345
-2336
4545
9609
-8568
-1981
5651
2677
-3918
-6193
7265
980
1524
-4995
-3021
8225
8830
-2529
9159
320
-5299
5465
-5903
9291
282
-5653
-6580
-8523
-1553
-4408
-3996
-221
-2999
-9850
-3775
235
-7811
9871
4607
-9616
-4654
8208
2243
5004
-7439
3895
6400
2450
8359
-3436
4473
2037
2724
-4034
8337
-9739
9124
9302
-4753
3185
1667
232
-6184
-7141
4004
7945
-9480
-1493
-5348
-1833
-9742
1723
5633
7770
-813
9106
1398
1148
2439
-8861
5969
6609
-8241
-4559
8334
3780
1013
4206
-2834
-835
-1524
-1614
-4548
9903
-5794
3671
961
-5524
8706
6170
3270
144
7823
3412
2085
-6966
600
-3841
1038
-2072
-5465
2138
-563
-957
-180
-1165
-5098
-4070
260
9936
-2693
-9002
3373
-5422
-5491
-5115
-3472
3657
-9239
-5031
-8871
-1893
-6978
-9926
-4897
-6232
5854
-9147
6641
5903
-7944
8485
2966
6544
-7373
1659
-5966
6203
-5959
-1465
1804
8920
2106
-656
3285
-6981
3218
-6324
6943
-4432
1281
-2460
-2737
4441
-9921
-6459
7614
8203
7455
6926
-1128
-2073
-3247
-1889
2815
-5608
-5186
-1159
7056
8895
2899
-1896
2089
2409
-4017
-9520
-9754
-9628
-5563
-2654
3895
-4146
-7025
192
527
7184
2031
5461
-2732
-5983
-1400
8231
3319
-6277
-6490
1533
-6093
-4487
8051
7119
-3538
3983
657
-1567
5056
6354
5614
-1931
5730
7988
7503
266
6093
-6338
3589
-3554
-170
4918
-7606
-7170
-1495
-8488
9361
-3724
3811
4135
1
9775
3092
3845
-9210
8243
5780
953
-6228
8276
7275
-8131
2512
-6040
-9058
-2218
8168
-5394
-7645
9337
7941
8750
2201
-6172
-9088
-281
-1452
3995
6748
-3004
9168
859
-2115
6542
-1042
9840
-3451
2823
727
-3852
4878
-7713
2144
-7077
-8484
-7983
-7592
-5249
-1406
-356
-8132
-9684
1212
-5728
-7054
-8988
3214
7445
3471
-9933
62
-4392
3691
6760
-8239
-2388
-1355
-3008
-8349
9128
-3400
-3770
-2668
5952
-5351
6754
-5787
418
1989
313
-1988
-4116
5516
-1376
-5596
2821
4333
714
-6881
-4938
-9374
-3275
-4289
-8600
-3694
4113
9307
-6720
7263
-4047
7241
9296
-584
2952
-6177
-8642
6173
8701
-2796
9687
921
-702
-6216
9693
805
6377
-8988
-1650
-3939
-8679
-9615
1160
5105
4289
8816
3012
5429
-3634
8742
-9989
1737
7879
650
6252
4622
-4211
2932
9100
8730
8722
624
-7186
4791
9440
9564
3246
7024
7955
-3751
4278
593
281
9794
-9639
-4290
-8044
-3754
-3943
6778
7876
4158
-7778
-5790
-5861
-6610
-869
-1625
-8185
5737
5824
-9380
5019
7050
-2369
38
4353
8813
7587
-1898
4844
-4293
-1237
5592
1006
5267
-8035
-3235
2030
-6459
2948
-1861
1036
7453
-7375
7749
-606
5677
-9597
717
-4511
-1588
6300
-8300
7251
-1186
9164
4593
-1143
9090
2993
-7063
8447
8224
-73
9897
9832
6969
9124
-3200
-4328
5803
398
6254
3416
-2482
9404
8954
1289
-8587
811
-5149
3338
-6182
8941
-4527
-3533
7692
2164
-3659
6943
4266
6302
1842
-5598
-7858
4153
3449
-7694
9469
9906
7091
9908
2897
-3946
9026
9650
8930
9145
-5210
-4708
-4572
-9053
2730
5591
-9539
-1173
7738
-2819
-5125
8142
-3865
1847
-1695
5584
-8425
-7045
148
-8275
9174
7850
9309
-433
-2571
-5067
-4959
6674
-6541
-8235
-4066
-6129
9905
-6944
285
-3897
854
-764
8399
1654
1267
-2866
-1324
-2257
8836
-2797
-7972
-6857
-7950
-499
-7083
-6562
-7564
-9241
-807
2657
-1607
4554
3286
9737
9250
5817
4691
-738
51
6664
-2300
7034
4055
-3783
9516
53
-1988
-9947
8779
-3248
-4204
-4539
-595
-7271
-7435
2672
909
7530
1714
8867
-3668
-37
2424
2518
5184
8119
-7044
5675
-8596
5074
3925
4836
-2220
8659
6985
-9006
-7025
7096
-2246
-3276
-6624
5463
7378
-5822
-6510
-5101
1024
-8133
-4294
-8213
1467
-5526
788
-2921
7450
8878
3788
-642
-755
-6281
-2311
4746
8757
-1389
-253
-5476
-5024
3098
8171
5799
9369
-2845
1838
1050
-1884
826
-8132
-7589
-7756
3221
7208
6117
2119
-5822
5434
8522
62
-1592
3660
-5828
4471
-3622
-6329
5081
-7854
-6000
3889
-7328
-9858
-6127
2590
5006
-9597
8619
7470
-1867
3203
-4560
6541
-9568
-7702
646
-6054
601
-2938
-3899
3809
-6439
9684
6253
5763
4653
609
-8593
7123
9256
-9357
-6128
6066
5589
-9134
-3963
9283
-6818
-5869
-8912
8392
-483
-3775
5759
-9878
-3477
-6567
7647
1173
3952
-7127
-772
-4166
-3714
-6544
1762
8010
-2972
-6858
231
-8413
4136
-6454
-8101
-9619
-1355
-8928
5569
9676
6434
-4696
7124
389
-16
4612
8629
-1693
-2811
-2018
2917
-2912
-5850
8529
732
-4036
-1357
-2441
-644
-1588
2936
-2753
7534
-4009
1013
-1129
-458
1581
8984
7657
-9694
4202
3130
2888
2262
-7041
-9233
-1082
6930
-7684
2013
-7777
3987
3977
-677
8756
-4531
-7364
-5968
7308
-1836
12
235
1001
-9786
-8916
1056
2443
-5214
1877
-771
-7463
-7310
-5466
3208
8257
-864
7434
-9431
4176
631
8818
-8534
-1021
-4084
-514
3080
5885
2424
-4905
-8898
-2729
-2825
-8267
1424
5716
-6090
-3734
4943
-5356
-2911
6157
-6724
-9843
5368
-4652
8788
3845
-8414
-1593
-2999
-3472
7503
4451
-7341
-5297
-2261
-6096
-9063
-2101
-855
-9153
171
-6618
1130
-6423
8035
-5147
2833
8385
9492
-5750
8616
9982
-7294
500
-8663
4786
-5263
1412
-7275
-4716
-7238
8454
9155
1649
-2199
1000
1943
-4270
-6265
-849
-2088
7411
-629
3111
-2582
8327
-5055
-1783
-3422
-582
-4862
4044
-725
2276
1798
3120
7639
2256
-5438
-545
5353
3831
-8290
-7244
9495
-7833
-9627
7712
-1905
-4189
-4216
-9937
3668
5999
-36
-7826
-8540
6931
5793
1842
-8783
6968
5180
-3285
7940
-6704
2304
1101
1476
2561
3321
2469
9109
8089
811
1244
1087
-8339
-2413
-7315
-8009
4353
2398
-6056
-3083
-2793
-5879
-8897
-4280
1704
4304
8910
-3328
-61
-6621
751
-5328
-9526
1808
710
-3365
-7913
5970
-135
-5084
-95
4896
8095
7045
-7447
-7347
-7007
-3022
-3931
4259
-5406
3274
-4100
-8380
-4596
-2670
5475
-4409
3584
8942
1643
-7257
6036
2826
1549
-8824
2107
-295
9014
8183
-6750
-2173
-2681
2715
-7511
6826
995
-1754
5016
6588
8841
-4163
-2008
7544
4416
7150
-6110
2913
3420
7238
-5553
429
9732
5419
9462
-2540
-2194
5747
-4851
-7857
-5342
3001
7576
5594
3914
-4927
3551
7738
2108
-6284
-4194
-6890
-2786
-4053
-5427
-1440
323
-2783
2818
282
1224
9436
7
493
-7040
-5513
1243
-2812
-9191
-9770
2768
9981
6530
-7131
-762
-4274
4465
5870
-4868
-1306
3420
2458
6881
-8105
4333
5890
4542
153
1008
-3737
-4601
9165
9042
-7105
6029
-4218
2931
8147
1123
-5176
-8740
906
1374
7727
-5486
7161
5812
-9896
-9375
8920
-7822
1547
4872
-1079
-7932
8015
7791
-9147
-4333
3815
3215
-691
9515
-2784
1645
4637
5706
-541
7870
-4628
-7430
1928
9230
-4525
-3290
6465
-2462
7634
-4437
7839
-2857
-5182
3357
8019
4510
1115
-6069
-4356
6760
-6244
-7668
7413
8946
-9291
4326
8293
-1862
-1391
1066
-7360
-7535
-3314
2369
6606
-7911
1832
-5845
6795
-7682
8901
-253
1869
1940
610
-9151
-8429
-1019
545
7816
8378
-7743
-6568
5674
-3949
-5493
5219
-1509
650
2392
7886
-5130
6108
9637
54
-9095
3134
8359
5701
1444
-5902
4652
491
1371
-1238
1529
966
4546
-7673
6678
6705
-7447
9756
-8327
208
8599
757
8066
-3308
3222
-9156
-3363
-6455
6144
6429
-3248
-8034
-333
6321
-7124
-404
-6842
7638
-651
-6951
-5609
-5059
-3335
-1417
-4224
6338
8084
5288
5580
-4422
7797
1532
-2805
4835
9561
7906
8563
-8059
1484
-4887
2774
4502
-1545
3391
5179
-2054
9565
-3701
5239
5910
6572
6105
760
5773
1753
6313
1286
-7878
-6766
-8994
-6002
-6082
7948
9609
8308
-7861
-2658
4986
4037
9514
-1897
7512
-868
-7642
-3214
1775
-6189
3493
7069
8502
5061
-7191
-2773
3621
-197
-3258
4710
3056
-1910
5906
-6679
-9409
2295
-2742
-4295
-4200
2155
-5166
2375
-277
-9176
204
-7530
1243
3383
-6819
7667
-439
3108
1796
-6350
-4183
2032
-1592
3155
8669
2652
-2105
5855
-5590
1263
8113
7845
-2358
-7587
9673
8996
1600
8076
-4888
8525
1175
-7920
-1076
8240
-9352
-3766
-2500
-9230
-6595
-2500
979
3792
-7017
-3400
-5349
3250
-3907
-1988
-3729
9013
-2646
-711
6031
2802
-9929
3330
2462
5688
-274
-4815
145
-309
-4628
-1444
7912
-6494
1775
801
-5766
-4958
-7168
-5544
8578
243
-8228
-2854
8898
-2554
7106
-5426
-7736
5789
-9134
1697
-4076
-8072
-4766
4193
9184
669
-9757
7422
-8782
8843
-2423
-2965
3670
-1503
3746
6769
4375
7082
6939
437
-9704
2837
5433
7184
-6383
5411
-1758
9082
-5573
2852
5766
9698
1287
-8561
-2110
-8778
1049
1036
7117
3227
-9874
5908
-6348
2082
-7915
8827
-6249
4531
3902
1314
-148
8539
-6911
-1391
-6438
8540
-6089
2625
8092
9546
4400
733
6969
7167
-6836
-231
408
6753
5932
-9728
-6640
7901
2926
-6890
-4468
-745
5342
-7069
7481
6569
-9577
-7530
-9876
1609
4898
-9076
-4164
8147
-7862
-8032
6584
-6098
-1200
-9349
8258
-8668
8999
3065
-6653
-5347
5773
7017
-7886
6784
2887
5707
-6286
6802
-6895
-9064
2001
-7
3547
-2710
4733
-1744
-7113
1663
3876
515
4771
-9475
5666
2317
2891
-6820
-6346
8022
-8666
-4420
3787
1024
-4649
868
-8543
-7301
8798
2972
-3695
1807
-4459
-7678
3653
-8899
8654
-4790
3941
1986
7261
-8504
4559
2173
-6863
-732
2193
-8645
367
2714
-1318
-3550
-953
1192
5924
-9375
-2348
-9248
-1251
-5123
4013
-553
7404
7831
-993
789
9759
9074
555
4876
-2991
-631
-1326
-8704
6351
-6121
-5103
-5092
-431
116
5550
-8499
9333
8439
2018
9404
4219
3338
2954
5308
-164
-1092
-7893
9197
-8458
-4079
5088
7862
1435
-8325
1558
-5528
-5205
4970
2835
3753
-5741
-4617
-7443
5265
-4218
-5507
-351
8801
8913
-9863
9852
8951
-4234
8588
3650
7295
-7028
-2817
9903
8139
3102
3149
582
8326
-3359
8934
-380
5452
-7339
2707
549
-849
4286
4812
-1888
3910
-1843
2814
-76
5176
6345
3231
4321
-2803
-6649
8308
-2082
-2036
8328
7851
-2096
-5627
-1712
-1081
-5243
-318
8001
433
1208
-1265
3050
8299
7377
8573
6375
5838
2098
2035
4842
8591
-5737
5503
-5889
4716
-9241
309
-4007
8215
7707
-5135
-1845
-4625
8715
-3810
5318
-1581
-2832
-3695
1962
4527
-2075
5976
621
4060
-3855
4603
1882
3541
-8040
2854
6049
-8174
2706
-7950
3085
-4305
9088
8690
2757
9500
-1514
6277
-7989
-6725
6869
7883
-5224
3914
-7778
6473
-1648
2338
6252
25
2574
-1849
8390
4243
-9422
-9314
-436
8339
-4552
-892
2205
1775
1332
-2183
-7537
6906
669
-5407
9955
1545
-2053
9722
4279
-3611
8731
-9267
7623
556
-859
3992
5245
5451
-9004
-6328
4328
89
-3025
-2361
-9772
-8968
-6169
-7633
-54
-7687
-8395
1812
4774
3511
6669
3332
5016
-9795
-2894
-1647
2900
4695
3553
1832
5282
-4105
-7799
4700
-9614
8609
254
-6698
-9644
-6142
-3199
-163
-1491
3568
-5608
6515
2722
-5246
9146
-7832
-2543
-1007
-7028
-4188
1814
941
-4891
-1125
3441
4953
-5018
-8630
-353
-3458
-9619
-6673
-2384
-8093
3932
-1777
9966
-5101
-3318
1967
28
2444
4716
3484
-400
-7876
2875
9212
5890
-904
-5669
-5044
1857
9945
-4874
-9449
9373
221
-7865
-5228
1237
5085
3271
711
5650
-2095
4079
-5859
7727
-4709
-6286
-1909
9920
3533
1393
3862
-3473
-7381
9089
-6899
5263
-3447
-4174
-8576
3595
-692
-7494
2795
-3011
9554
372
-5604
9176
-4046
-1365
395
8589
2218
-1001
6741
-2858
8490
-2518
4170
-2049
-6250
195
-3610
5334
1360
3333
-2577
7158
9595
3279
-5001
4595
7023
-9382
5665
-2874
-1855
2992
953
-2398
-9421
126
-6430
-1686
1938
-1898
9304
-7339
-1068
-745
4538
6632
-1190
-385
6326
6606
-4881
-792
-3630
-5131
4329
3748
5872
-8949
5670
1702
749
1483
1180
-1195
2634
-7254
-1219
2193
3352
263
4782
-8136
6768
-7233
-7198
-9713
9050
6478
6243
3776
6357
1859
7695
283
2192
