4743
0
-4912
2795
5110
-1008
4010
6373
6851
3215
-8460
-6694
3356
-397
-6883
-9089
946
-6262
-7861
7848
697
3166
-2450
-7223
9017
475
8919
-2144
6274
5989
6286
8569
3262
-6889
-2168
-3056
-164
-4106
1511
-795
3741
9825
-2772
8078
8905
-5735
603
-6128
1734
1353
6734
-6443
3113
-9278
4329
4017
8617
-6476
6633
-1350
-1718
-4971
-729
9875
3019
2312
-798
4946
-6735
-6353
-886
6285
505
-7278
-1951
224
4369
7577
7510
5505
2763
7734
9011
9480
-1044
84
-1927
-2959
1960
929
3132
7585
-2740
-8194
-6467
-1199
-5857
7832
-5952
8568
3339
2034
-6170
6865
-799
-4875
-7551
-2041
-5216
1584
1718
-4105
-7119
1602
-9586
-1417
-6094
2896
3043
9324
-9221
-107
198
-6560
-8128
713
-2578
9722
182
-1545
5914
4088
-3974
4154
8112
3341
-3453
-4506
-5411
-3826
-1248
-6000
-2757
5281
2682
-7673
-1359
6704
311
5439
-4036
8036
-2465
-2890
-5545
1108
-7148
5134
8373
4559
-9972
-53
5226
2866
-4951
-6101
-7539
5601
3659
6210
-1802
-8674
-3361
5607
-80
1254
-240
1046
8683
-192
-6740
4562
-6631
-2042
6881
5040
9423
2306
1224
-2922
-9899
3252
-784
-2342
9888
1844
-9843
1780
240
6106
4337
2276
-4783
3235
639
7693
1450
-2126
-507
-5889
9580
-7965
4454
3799
5617
6337
-9769
-8974
4803
-428
-5230
-3483
-7707
-7398
-296
3280
7237
4940
-9063
3927
-4462
-9990
-1757
3672
9949
7576
3115
-6243
-7886
9477
9895
-2668
9328
5040
6962
-8747
1843
-5546
-416
6634
-9188
-1566
5205
-6008
-4422
-2807
-8799
5801
4331
3162
-596
714
3279
-8693
4166
-3777
8204
8096
-8453
-9703
-1796
8453
-7264
8850
2935
1348
5717
6568
2156
5762
-7212
5354
2284
-9509
4329
-5288
4586
-962
-3354
6424
5529
2428
1969
9938
-5195
-2323
-948
-197
131
-8134
-4180
4641
-6518
7464
-1399
-6147
1383
-4602
1600
-8869
-6794
8258
859
8278
-9527
-1774
-7305
-3246
6494
-7628
1757
8216
5017
-1500
-1300
2833
2384
8033
-529
7465
-2092
-5383
-3745
955
7826
5022
3466
-8208
-1431
4571
-7483
-3980
-1040
-2599
-8354
3572
-3717
5053
3690
-8440
-3690
6964
2540
-4888
-6189
-4301
-4037
8740
4786
5186
4175
3065
-7570
7036
-1215
7244
-1518
4840
-3096
6168
-2281
1708
-7239
-9344
-1623
7862
-7694
8828
6749
715
3056
5665
4551
-7074
-5775
-6060
-5788
3345
9251
-8320
8880
5613
-4970
8011
-1902
8300
1823
-7218
8725
-370
-7432
-683
-4386
-8953
-856
-2156
-8917
-8736
-5894
-1929
-238
7211
-2659
-9466
2887
-3372
-6120
8536
8626
-9809
6564
1377
-5013
-135
-7647
1388
4472
-1321
-6324
5548
5892
863
-950
-6843
1909
3034
-1189
-7962
-7490
-2583
-9102
-8796
8221
9307
9284
5269
-8861
-3853
-3402
7038
17
9354
-647
-9444
-6677
-3834
-9130
6958
-7637
2558
-8770
-8831
8585
8397
-1918
-9522
8791
-4977
-5239
-4585
7580
-681
6467
5650
6397
-5210
-8249
8013
-3374
-8769
-9874
-1701
-5376
-5030
5480
-9882
-9989
-6393
-9306
7149
-3635
-8365
9765
-4803
1237
-4797
6384
-9610
3484
1978
-9708
7062
-2742
57
9057
-4138
680
1543
6362
6286
-1868
-955
7642
532
4137
8972
234
-720
-9064
-6201
-8394
8241
-7966
-7967
4577
295
8396
7578
8506
-4635
398
6718
9623
1267
-8337
-5574
3944
-2878
8008
-1104
5771
2881
2624
8973
-7312
2998
-7130
-2670
-239
3135
-7477
104
-9174
3576
6193
-7999
5755
-8693
4650
-2359
-1815
5614
5806
6463
-1655
2657
1784
8030
5362
-1331
4652
9179
130
727
-1917
5180
-35
-3236
-3313
-7363
9494
1328
986
-5611
-3153
70
5910
3965
5884
7272
7185
-9697
-7796
-2901
-1706
-4519
-7477
-4268
6985
-2385
8103
-4099
7052
-5284
2096
-3152
-1448
7081
6142
1318
8254
-2920
6643
1546
3398
9345
-921
-7076
-4758
-9668
6724
6139
1711
-6980
-8301
2938
7003
-7093
-3936
378
-7168
8738
-3521
-2895
-4323
4191
6879
7811
-5061
8363
-894
9873
-8686
9431
2141
-7223
-5969
9178
2622
-4190
4516
-3238
-6452
666
2471
88
-5097
-6358
-8624
-3651
-4023
6514
-5824
-4050
-7858
-269
-1064
8038
-3568
5066
-2069
4919
9820
523
-8074
-1010
-9550
1442
1407
9620
-7469
-6917
-961
1969
1704
3883
2587
3440
-6119
-7825
-9604
8184
-7444
9287
-3796
-8759
-5733
9168
708
-2332
-3278
-3465
-4367
4837
-8725
9245
-7123
9021
-7208
193
5375
3940
-2511
-1404
-9594
-529
1171
8473
7871
-918
-353
-1248
-9896
-9226
-8634
9330
1737
-11
-9262
838
-1372
-7121
4694
-7915
8783
2644
-3718
1844
3979
1596
-9708
6556
843
5622
8363
9470
5093
4881
-7910
-114
-362
5148
-4072
7011
-7285
3519
-6203
-347
-8267
-6113
-5492
2895
651
-5518
-4264
7994
-3248
-165
-9700
-8575
3808
3494
-7799
-7458
-3502
6358
27
4356
-3308
-3928
-9138
6680
7377
6483
7390
-6315
-841
2407
-3416
-4688
-4224
3471
-604
4798
5062
-4778
-722
-2144
9355
-4778
195
-6653
652
-762
-3918
2510
1819
1239
-4516
4762
-8802
-379
3509
8784
-9953
-2735
-181
5714
134
-2787
-8997
-1411
-8068
2557
-4562
8751
8433
-9684
8852
-587
-6737
3752
-7911
-8922
-7540
-8260
-8604
9514
6371
1296
-7748
3013
-5447
629
-2857
3853
6115
-8947
-5606
-4598
-8279
5910
-9730
3452
-5753
-7987
-1537
6957
3587
6655
2058
6474
2759
8167
1339
-2386
1282
6341
-7035
-6163
-5347
-9132
5018
671
3633
5444
-1235
158
41
-4619
-9429
-1424
-8925
-8671
5830
4452
-7167
-5153
-9809
106
4834
9313
-3049
-2870
-2107
8433
8735
6227
3893
-9144
-2994
677
-1052
9335
6286
2974
1216
-2382
-2383
-9262
112
-8624
-6389
-2084
2296
-5564
-4189
7537
6937
6072
3797
-1575
2891
2987
7437
-7922
-6414
4341
9239
6935
-4263
2790
5536
-4943
-2045
-3136
5575
1104
-110
-5549
-1520
-9422
-3253
-2577
-2416
-3425
1358
5074
3732
2577
6735
-227
8619
714
-1424
8574
9924
-5576
-651
-970
7338
-109
4399
-4669
9372
-3315
-8126
2466
-4022
7525
3489
6564
-6309
-1132
3430
5230
626
-8323
-907
4358
-6343
3904
6142
-431
-4006
-3504
2325
-3759
-8221
-6416
-428
1026
5398
4089
19
4846
-5348
9484
-5423
-9022
4043
-9588
1502
-1045
5273
4227
2267
-8701
-382
-1061
-9289
-1734
-8037
8360
-860
-4113
-1064
813
-5217
-5635
-3316
-3833
-8174
-2689
-1000
-2495
1336
7892
-6578
8399
-8668
5898
8646
8325
-8128
-7178
-3630
-2945
-3201
9780
351
-4205
416
7146
9064
-6538
-2533
-5534
6073
8549
-2736
-5533
-8063
5604
-4815
7709
4023
-4398
-934
-6465
-5096
-3063
254
-9863
-2404
1616
-7654
9142
-5310
8313
-780
4222
-168
-2455
439
-5032
-2688
1274
7456
5273
3625
3442
-4587
-4541
4659
2452
5212
-3881
1468
-4249
-6409
4678
6663
-2637
7976
-5731
-7764
-5080
7827
-4500
-9516
4019
-5916
-9721
9927
-4526
9930
1068
-751
5302
-2928
-7363
2123
-3797
-5174
6532
8292
-365
-2310
-7153
8095
-373
-2281
-5028
-2969
9976
-5928
3413
957
1061
-6411
-3724
-6841
1941
-9505
-4646
5413
-4288
4070
9846
31
-6115
6345
6473
-1933
2286
7566
-5512
536
-9124
-3346
-1857
8011
-5582
9563
-5951
9719
9774
-9632
9770
4318
-7547
-354
930
-3132
-1413
8235
8618
-5187
-7755
-5119
-2435
5807
-4021
2729
7043
-2650
1665
1902
3723
4886
4485
3603
-252
-3788
8291
6390
2714
-6915
2012
-3878
-6797
4737
-4560
5429
-2634
-3848
-3091
6374
8119
-4191
-7943
7525
-4727
5946
-9789
5544
-3095
-9093
1177
-5992
-5018
3560
4633
-6011
-5969
8170
2029
8060
9497
-4378
-7711
-8705
-3319
9898
1493
-4010
8378
-6124
-4850
-9437
-9142
-644
8701
-18
-7557
1988
-8978
-5584
4877
7216
-9799
-9963
-7459
-1765
-6061
-3739
7954
7282
3234
2976
-7310
888
-1138
466
3132
7257
-1148
7076
-5400
1582
6466
1465
4609
-7164
-6573
254
7423
-990
-5889
949
-3957
9532
-2000
-9319
-4944
-4118
3418
1459
-9213
-4897
469
4190
3220
-3369
4012
952
2954
-8592
-778
-3147
-9457
-4257
9767
-1461
1701
-6340
454
420
2573
-9143
-4127
3070
-4256
7008
2483
-4373
9519
-4299
-793
-5624
-4035
1950
8664
-7064
5731
2102
-9909
1755
2188
3400
-3634
4925
8839
-4337
3258
5398
2668
4460
-2918
4925
-8696
-763
-4722
-787
2806
-2521
8197
6884
-2744
-5668
2815
-2413
-2429
5286
5495
-8382
-4818
2248
1938
7696
8295
5927
9220
5784
2371
-3076
-9669
-212
-5437
-8598
-9537
-2659
-873
-8529
-22
-6626
-7477
8303
-9809
-634
-2118
-2820
1539
-7556
6473
4626
-3528
-2707
9925
-7375
-3421
-7901
-5267
882
5125
4965
6111
-2558
-1863
-4242
-7244
-2816
-4890
-8198
8254
9493
-7025
8200
340
-4280
1282
-4342
6511
-9146
7714
7890
7304
-7865
6496
-5735
9703
5970
7978
1768
4233
-4430
3999
-9472
4857
-7333
-4401
2750
-5228
-6604
-3734
1252
-8837
-3169
-4798
1031
-8587
3177
-5670
9622
7403
7005
1909
-4264
4327
-4222
3645
-5787
1894
-3560
-8946
-6882
-5216
-4701
-4522
5599
2957
4800
-7100
-4987
-1624
7836
-5845
4736
3527
2371
7959
-1422
1873
4854
9182
-6081
3863
-1380
-188
8009
-4873
-7795
-1002
-537
8374
-4797
8025
-1469
-3010
-8874
-6927
-4313
8695
1175
-5333
-7639
3521
4090
624
-4201
-8618
4417
-3217
7728
5585
7751
3368
1118
5924
-714
2215
9646
-4988
-9785
7769
2454
-7568
-6203
8020
-3282
4306
3777
9019
6579
6025
-4869
-1036
1723
-7319
6853
-8592
-2840
-7758
7088
5805
-4029
4136
790
1132
7327
-5800
5878
-685
-2443
-4988
-2496
-1564
-5989
-8417
875
9210
7205
-8223
3545
4513
5055
-9741
9759
7873
-2954
-4799
2359
-962
-2089
-8052
7184
-1914
-9480
8835
5132
9374
9985
1659
1214
-6940
7221
-5269
-3426
-865
9037
-279
6258
-4433
-4061
3382
4382
3066
-6696
6512
6509
-3262
-8805
-9843
-4428
-7694
1875
-251
-4182
-1752
-2135
257
-3704
8561
-7949
-9601
-9430
1151
-9522
7689
9093
-9317
9589
8782
2803
-3164
2703
3676
8690
8262
8500
-5382
-5025
3497
-5923
815
4033
9896
-6634
5779
-587
-1485
-9161
-6240
-3762
4175
-7619
2735
1422
-7963
-330
6754
1593
-2275
-3091
-2204
-4770
8303
-4471
-9775
6023
947
-4395
-4329
-4399
4046
9433
-4042
-9899
-1441
799
-2187
6062
6952
4272
-7816
4516
1336
-2830
4085
103
6394
-6253
-3561
-782
3412
-736
3706
-8109
1919
-6025
5578
1825
1241
-5406
3928
-9338
-7661
3096
6977
-1991
4359
-2335
-1782
-1076
8350
4780
-315
4419
2488
4330
3987
4602
-8781
-864
-9720
3103
4922
-4202
-3029
9697
-6411
-224
5188
-6549
8100
9198
-5821
3443
-9208
5893
4773
8931
-7608
5768
5808
2993
-5145
6955
9691
1070
-3135
5721
2024
-5052
5751
-8917
6755
-751
9077
-9598
4448
8352
-5247
-8327
-3860
1068
-3107
5130
-4479
7441
9248
5676
-9915
-6131
1798
-6694
3411
-1808
-3284
5933
-8302
726
-2128
2741
-2172
6342
4107
-9136
6886
-256
-2566
5956
7282
-4796
4680
-4352
-9813
7756
3349
6248
1521
6021
-8450
-3870
-260
319
-5753
-7511
1138
-9611
-808
-1631
4721
5786
-6221
3101
-5393
-8067
-3843
8320
7698
1644
3151
-6410
4121
3215
-5298
-1926
-1418
3350
1809
-6873
-8249
-2242
-4362
-5816
-2585
-787
4088
-1885
-8261
7080
9398
4905
3150
261
3612
5412
-4106
-5207
8291
-9464
-9537
-9202
-7957
5014
-8013
-9994
781
7346
-5835
6185
185
-3715
5118
-220
-9858
574
-5163
7817
8878
3250
-4280
2427
-9966
4575
-2227
3091
3800
1950
-8378
-6401
5372
6282
-3118
1520
2677
528
-4690
-5089
-8309
-3063
-3043
-8675
1757
-8028
1412
-3438
609
-2754
-7732
690
2701
-425
-4012
-4847
-5684
5197
-3048
5815
-7714
6293
4755
-1923
-3659
-1192
-8350
-4113
3184
4173
-1395
-5195
-539
-3038
2946
-7143
-7265
3838
-5825
-6705
-4782
-1026
9956
10
-8631
4168
9975
4434
8131
-798
4601
964
-6402
-8525
91
5602
9032
3655
9520
1113
6858
1990
-1985
-2336
529
2395
2549
6822
3194
402
-8448
-8809
-7426
949
9935
8436
104
7404
-87
7823
-2961
-6934
-265
7821
-1834
-7809
8455
-5101
5569
-505
-9734
-4466
-8348
-2013
6208
6315
-4696
3747
4846
1547
-1665
9780
4163
-1032
3714
-1889
-5550
8725
-5441
8667
-569
6894
1198
6362
-9280
194
-1007
3830
-4532
-6356
-3191
8064
6963
-4303
-8123
-7535
-4510
5056
4658
-1423
3762
-1383
-5537
7059
9510
2781
3907
2301
-5089
5978
2481
-479
-823
-5838
-8937
-3286
-6855
3776
4061
-3954
4813
-9669
4723
1641
8553
3053
-4386
5139
-9091
-6046
5534
-8596
-8544
-6184
-9824
-555
-7890
2435
2318
724
-8700
6870
995
162
-7279
-7352
-212
-4651
8144
-3912
-4192
-5336
-3765
-8181
5437
138
-5187
7328
-2781
4952
4590
3813
-3200
-5982
-9031
4972
1966
5331
-572
-6343
1761
-8039
-4974
1067
-1350
-6099
-5578
8310
6884
8722
3989
-2610
8321
2740
-3059
-4439
807
-6414
531
-8074
3828
-7830
-9927
8534
5938
8189
-1170
7360
6389
5430
-1189
1884
5282
923
4487
8716
-4530
-1340
-7912
-4784
-3414
-1670
-3883
-5380
7976
7334
-7460
-5646
-2443
107
-2072
-9426
6332
-9838
-7423
-8944
5062
7923
-6110
1968
1644
-1132
1907
6883
7329
-7829
7768
-5206
9186
-3219
-4609
471
1499
8313
201
1455
-3953
9042
-5008
-7940
2450
4098
1161
9417
5275
-2217
-23
-4740
-5749
-3914
6439
-5576
8665
-5584
-8747
8115
5829
-3954
-2794
1120
1671
-4417
-2529
-9747
-5996
3842
-8712
3593
-8173
736
-4843
-8504
-5068
-4375
-1694
1412
948
-8495
-3741
-6149
-96
-1844
-9588
-7637
-1614
7662
-6406
-8198
-1991
-6671
-8448
-6482
7109
-5739
-3205
-2420
8143
8811
-3032
8618
-5502
6017
142
-8801
-7693
5338
5959
-7515
-4884
3258
2391
-4768
-1992
-3760
-4543
-4229
-7478
7191
291
3897
9895
8384
161
1697
7054
1002
-4592
-813
-4208
7567
-1017
7601
-2009
756
7479
-6059
-1221
9697
1429
-6203
-2562
-6095
-3246
2680
-4981
-7431
888
-3977
-5243
-1327
-3838
678
9435
5189
-2094
7660
2964
-2386
7858
8118
-5955
-248
-8723
3567
-1765
4254
9636
-2130
-4379
-890
-999
9823
8862
3267
-6231
-8851
7192
-9670
2084
-6503
-4493
-2709
1915
-1160
-1798
-8859
-9573
2158
5586
-3
9836
4213
-4927
6608
-1799
-464
-309
7637
9594
3738
1506
5553
-1272
7762
-1620
8955
1609
925
1671
7566
2051
9155
6864
-8893
4610
-536
1242
5462
9823
9049
9582
-8948
-3573
632
3917
2920
-3294
7629
9301
-825
7728
3069
-6358
-875
-2764
4525
-2410
6643
4426
7560
727
2964
-2113
-205
965
-7643
4696
-8875
-1121
-441
-9675
8201
5975
-9426
-9996
7516
2392
8632
-7414
8787
1666
-697
1455
1990
-700
3603
569
6013
3097
2846
4188
7535
4037
-4968
5626
4141
6451
-5069
-7069
1314
-5911
8261
9282
-7749
7418
3069
-2307
8431
5465
7314
-4878
-3134
-9495
-3798
-1623
-9682
7740
-5789
-9008
-9864
4803
662
21
3735
-3968
733
-8644
8369
8210
9054
-4885
-6413
7151
8471
1394
6256
-2074
-5711
-752
9948
-7826
6596
805
-8725
-8818
4961
-9479
-4019
6376
6385
-4435
257
-6362
8466
1627
-923
6200
-5800
-7747
5127
-9673
-3401
3496
-1368
-2883
-4256
-420
-5384
-2959
3441
-7793
8093
-3688
6042
-3366
-2814
5759
3913
-9346
-4992
-3297
-6042
-6814
-7280
-6347
7054
-2261
4334
9398
4173
-3751
4709
4071
1418
-9518
-442
-6248
-9198
2929
4001
-5291
-4361
2699
-4969
779
-9696
2504
-5053
8575
9794
6094
1668
6069
-4857
8293
7605
-8056
1688
-3369
7922
-5365
-6155
7573
228
-1598
6609
-1448
5001
3912
-6362
-9665
1451
-3570
8245
-6901
426
-514
133
3864
3102
4071
6153
9306
-806
3237
651
7710
-2172
1327
-8773
5186
-5879
9150
-5977
-9749
9533
3772
-6348
4044
-1590
317
268
4604
-9933
-4772
-5035
-386
-3197
-1012
-3328
-9387
-5591
7343
8957
9575
8540
-100
7028
-359
-5415
-4510
5968
-7002
7752
-5242
-8548
-9716
1741
5688
-4183
-4530
6860
595
5936
-1624
-1437
9497
1039
741
-219
-2969
8976
-8453
7490
9685
-7083
-9549
-2262
-9689
8807
9466
-103
8127
-3727
1192
-168
-3587
-1664
6293
3536
-9151
7360
7439
295
-7435
1249
-631
7550
2849
-3386
8538
-1182
3393
-8724
-739
2626
7693
7692
-4478
4397
6511
5141
6646
-7202
224
2740
2015
-8154
4741
4174
-2470
-4998
4128
-9225
-7742
-581
-7337
-6815
-7051
8683
-4364
1552
-2967
-1805
-3222
-6990
3072
-3783
9302
2611
-828
1204
-4568
-5822
-9060
8341
9827
-8825
-9860
711
-8872
-5531
896
-2265
2895
594
-4778
8539
6033
4050
315
-9188
4641
5218
-2946
-9365
-6490
-1614
-9296
-2334
-1519
-834
-825
2739
8302
-4014
-8503
637
-4376
2356
-5511
-3696
-7511
-1179
-4836
871
6603
-4638
5947
8903
5885
4851
-5195
9025
-4083
9198
2367
2533
-1001
-4713
2676
-8951
-2385
-8974
3020
9753
8584
2568
-373
-5979
-1691
4316
-4644
1499
3732
6774
6323
7109
-462
-3138
3
-5859
-8973
1447
-6469
8211
-9978
7589
8648
501
-9650
-2991
-382
2359
5075
-8245
3391
445
-7051
-5488
3505
-4456
6763
-2330
-6444
4631
-6964
-5633
-2105
3958
7787
-3970
2321
1546
3484
8635
5383
-6162
-8817
4123
9081
-2496
-7590
4515
-2458
-8121
6021
2332
8090
4747
859
-3871
5699
-4062
-3378
2776
-6639
615
4628
-616
-5423
-2943
9989
-3676
-3663
1084
1722
-5258
5616
-8255
3470
6430
-6642
5741
-2897
9604
386
1440
7056
-7372
-5746
-2188
6580
-7895
3142
-7402
-6862
8891
-8023
-8125
3182
-5472
-2110
-8231
-5159
-163
5919
-2876
-9657
-3524
3688
-9789
1053
779
3078
4251
1525
-4724
1751
5198
-6658
-5379
6402
9443
3480
6904
5615
3524
1149
643
-3224
-1111
2550
-3847
-8193
-2375
-5417
-4008
-8330
7180
-5637
-8300
5568
-8416
9082
-4762
-9696
7763
-1071
7879
-5906
-8969
-5200
8821
1210
-8325
-4881
-3891
4000
7361
5110
-6867
463
-8412
8505
925
-8067
8866
3272
-4812
-8034
5506
4930
6246
4932
6766
-4204
-5463
7456
2822
-7300
6547
6302
1449
3764
-3513
3081
-4589
8743
-7477
7903
-3802
5021
-2834
-4188
-3862
-3186
3653
-2888
902
-5003
-3088
-5461
3892
-1967
-883
-1067
7756
-3998
-128
-1378
421
7225
-8971
-6298
-8991
-7878
4893
3837
3727
265
1329
6816
6208
1159
-8269
-4716
9233
2818
1466
-2515
-6221
6397
1006
7598
8585
-1189
2866
-3212
-3349
3658
7167
8269
5157
-2244
-6633
8973
6133
-3633
-3179
9008
-8160
4214
1882
-3963
-1862
7247
-6363
-83
-1075
-6099
-808
9932
6940
7479
2033
5826
-9322
-7824
326
-5852
4923
5225
6825
326
5427
-1127
-779
1271
8094
8918
7815
2878
-8650
9514
799
6406
-9280
-5330
8159
-3303
-1309
4530
-3843
-9452
-8087
-7707
130
261
2246
2708
474
-6917
-9253
9314
8781
-9868
9029
5411
-2761
6910
7001
-9489
-9245
9788
-8549
9430
-2057
2266
-8135
-2550
-9415
6704
2771
635
-9600
4557
-1742
-6485
7012
5004
-8823
-5934
7379
2243
-4758
3619
-8622
6440
-1517
-1231
6533
-3419
-3944
2112
1177
4804
-4740
-4822
-8499
1534
-9889
-5027
-6064
6909
7766
2787
-8713
6135
-502
1707
-9810
-1796
6325
-883
8585
-837
-9173
-619
1214
-5100
-6301
-8215
-7481
4705
-8223
2742
-4028
5900
6184
-1805
4326
-4897
-1495
7675
2292
8044
-5616
-2231
1948
-3658
744
5492
4562
3841
-718
1201
-7004
-8920
943
6415
9802
-8997
-3382
-1289
-6999
-2642
-716
-9786
-7015
8803
-2327
-2341
3656
-5028
-9012
3364
1288
1015
-9556
-5175
2168
4449
-1628
5843
-6788
814
-1750
7272
7384
7623
2256
4433
-7107
-70
1213
7715
-5868
5315
6086
-8909
6880
-8017
-3000
-3642
1687
7789
-8167
6883
4942
-2900
6573
-869
6276
-3232
9454
-9900
-5615
5684
7141
-7020
-6106
-8701
-711
311
-7283
-7384
5801
-7520
-2346
7196
-8249
37
9571
3700
-1345
-469
8117
2628
8838
3431
-6129
1675
-1275
6059
7300
2143
-4058
6417
-9473
-2240
3820
6903
308
2913
8823
5520
-5001
1766
5538
-761
-1993
-4538
-4706
7636
-4276
-2868
4238
4424
2473
8628
-5677
-9074
7077
-2748
-6939
-5450
1846
-760
6123
-9922
1635
8475
-346
-1818
6353
-727
-8607
-9648
3703
-3746
-1365
1783
-9142
-9894
283
-8197
9973
-4789
5453
-1670
-7250
-3995
-6473
7489
8035
195
-9575
-2850
-4457
7835
1679
-6706
-6689
2543
-6611
3195
5808
2463
-970
1552
-7063
-9514
7159
-8302
-8778
-8274
-2427
-1724
2283
-2211
-3649
-6879
-8576
8614
-998
-6007
-108
-9802
-2882
-9809
-8084
-4085
-7446
7456
-7811
-8703
6822
9074
-5555
9465
1840
-32
-6827
-2041
-6570
8418
720
-5450
8875
-9794
-7930
-7484
-9820
-14
-2618
-4260
-136
-7079
-725
4155
-7145
-5235
-5129
-9991
-3300
4640
-5265
4661
-5781
-2267
8254
9167
2281
4794
8936
-7601
8724
-2347
5863
-3096
-3717
9958
-3878
-6214
3266
5630
7792
976
7214
-8538
6900
-9035
-2271
7499
-95
7674
3286
-2732
3742
7456
5276
-9192
-1737
5346
-6859
-4697
3250
-2063
-4882
-9953
-8641
-5669
591
6128
5457
-8083
-599
-3789
2828
-1501
-3821
251
3302
901
677
-270
-8390
6197
-8955
-4252
2745
4373
-757
1652
-1530
2154
8833
4405
8246
-8278
7088
2111
-2212
5524
-4431
1382
-5843
-3131
320
-2347
-5552
4185
3928
-2671
214
-2680
-6959
-968
-1172
-1746
-7088
257
-8559
-1015
-5924
354
6807
-4323
9024
-489
276
5851
-8809
9906
-7339
-9901
4632
-2300
-2493
9684
9083
2487
8625
2609
7909
6450
6911
-170
3772
4276
-4880
3209
-7914
-803
6027
4253
1955
-204
4841
7560
-1566
7151
2710
-3834
4837
3202
2345
3744
2987
7090
921
3520
-5934
-9385
5964
-3370
3995
2403
8690
9051
9885
-6415
6622
3458
7024
-8665
-6364
9752
6375
6892
-172
-7716
4894
146
2888
7501
-7648
5780
-1278
6995
-2669
-9699
-8650
-6045
4166
295
8052
8743
3932
8779
-790
4052
1165
4457
180
-7591
9003
-6033
495
-442
6040
-7744
5429
6098
-8844
-2572
8223
9782
-9198
3098
-3564
1091
1379
-6971
6815
-8484
-7502
5209
5113
-9870
-5677
-3131
-8644
-2156
9891
-1636
-2641
8424
5424
-5745
7150
3499
-1127
-740
-4433
-6176
-1669
-9612
-5907
8921
-6172
2397
-7725
-7410
2764
-7089
9052
-1302
9660
8476
6041
8146
2547
-8114
-6035
-4797
-2992
-6357
3694
5170
7502
9895
-6134
-8484
-1108
7388
515
3829
-887
5208
5471
-6809
-381
-1540
-5517
-3380
8935
-1991
-3237
1023
8771
-7697
17
-8525
4417
3380
2905
-1710
-1114
-1754
1469
-2471
1108
-411
-9811
-7144
-8661
-3021
1076
-8753
-8736
7023
-7924
-327
3260
-6938
8684
-3211
2627
6362
-2234
-3729
-8069
-8609
-9712
-6965
-7437
6180
-489
8632
6715
7167
6347
3495
-420
5830
-867
-9838
-1104
-7030
-2394
-7227
3486
-6095
6234
8911
-1536
6610
-9431
201
3943
4213
3226
2828
7619
5134
-2049
5639
7460
-7621
7191
-1934
-2641
9737
956
7931
-1202
790
-3784
3196
-5357
-7311
-8987
8305
9988
-2474
-1061
-7845
6206
6680
-8827
-6344
5504
-7929
3207
9377
8007
9640
-4543
4174
8989
-6258
-3407
29
8844
-4925
-3693
6100
-9106
7484
2436
-9605
-7706
-1627
-8295
-6668
-7480
-9944
9481
9627
-5621
-7873
6577
2871
7601
-8247
2567
1796
6278
7161
4006
-8079
7904
-2209
7201
-1766
61
9629
-3379
5472
-3973
-3881
9143
2152
-7199
-4813
-4337
-1550
-6078
4300
-5663
4133
4935
-6382
-7965
-3798
-8440
2250
535
4216
-3971
-8017
2711
-7781
-6991
1736
6215
-5117
-7014
8964
-7047
-2282
-3732
5607
-1827
7881
-5554
2296
-5000
-4841
-115
-4823
3045
1704
-8490
8702
-2902
-7315
4452
7705
-3384
-2118
4248
-8812
-427
2143
-6577
9705
8974
3798
7673
-455
-2441
850
3836
-9729
1893
2790
1860
2554
3732
8318
-3662
-4502
2876
874
4495
-4263
-4446
-9011
-5303
-3365
1980
-1772
-5495
7437
5166
875
3126
3135
-1201
2839
-7868
-2598
6675
-5221
565
4594
6155
-1056
-1094
3085
92
2531
3009
1749
-9758
9427
3433
7692
-1800
-6022
3622
3954
2763
-2630
5545
-2137
926
-3747
9614
-1535
-2448
6704
-1859
-1120
-8818
-7555
1681
1304
5253
-1637
1412
-1504
2517
9635
831
-4908
-6580
1971
2973
1539
3786
-3107
9544
-831
-3234
9029
-755
1386
2081
1772
-9292
-3151
-8189
949
3227
-6187
3487
-8975
-1291
9220
1432
7025
5455
-4768
-1913
6767
7302
-537
-752
-6813
3185
-424
-9494
1370
-5100
6033
7426
8382
-9051
-6458
-6636
-6996
5769
4498
-102
4290
838
5838
8546
6204
-7484
-193
6324
7271
3182
-7217
6163
2169
-7064
3052
-5539
8241
-730
-6673
-8923
-4736
-6638
3336
9155
2956
-5522
-1144
370
-9837
-4386
-3340
2540
390
-1123
-990
-2305
8477
-5059
2650
-6718
8016
-3930
-1479
-4066
3064
273
5374
7030
-8319
7658
4861
3885
8672
5182
-1319
689
1745
4992
9286
-7177
-1592
3130
9064
-1767
-8804
7891
-1831
8972
-4019
-3204
2135
-707
8472
7820
-8872
161
5309
-6032
933
-5044
-7921
-7033
8333
6162
711
1812
8046
4075
4901
3247
6000
4626
4987
2318
-2807
-969
1922
-3601
-272
9278
-1330
4958
8078
7411
-5798
8442
9017
9243
6899
-9092
-4595
-4909
3817
7671
-6231
-9776
8950
-4470
937
7327
-9045
-2605
8186
3548
7821
-8869
8932
-9604
-4450
-8543
2950
-3787
-5459
2264
-8932
-2171
2492
9637
-4693
7430
-2139
766
1427
-2085
-6943
-7977
3459
-8887
-2832
1175
250
6257
-5632
9579
-573
1752
-2820
-274
9048
2210
2327
2965
6202
6072
-1658
9095
9931
1424
-9257
-7298
-5883
-4748
-533
3203
5735
4730
3153
8000
-3687
6681
-1430
6970
-3571
-9624
3663
-8922
4469
-1465
1223
-5570
-5646
5742
-9103
1509
7613
-6676
9953
8897
-7352
-2980
-9793
-1298
5315
-8187
-2325
-8770
-2601
3887
-5397
9967
741
-1266
7500
1515
4912
-2213
-2703
8863
-9768
3501
-6886
8316
-3651
1118
1520
-65
3189
9575
109
3011
-3942
6518
-8990
195
5035
3399
-3035
288
3724
-7026
809
-3752
8488
7760
3991
-6787
-5630
-116
1323
-7026
1596
8791
6359
6630
-3330
4177
-1568
-3140
2116
-4136
-2307
815
-2925
9691
7475
2804
-1810
5745
9654
1853
9748
5322
9881
4636
3632
-9321
4643
-2857
782
-3738
-7882
6356
-9321
-3377
9481
-6098
-9090
-3750
-951
7647
9923
3196
2511
8571
-1879
3979
6572
1447
-7442
4662
-6210
8871
2548
-797
5854
5549
847
296
-1982
5409
-4321
-3164
8789
4543
-1266
-7395
3013
-4663
-8450
-6700
-5800
-3442
-5540
692
194
-5064
5919
-6071
9316
9347
-1044
-2667
-2261
7045
8113
6201
-3681
2731
5812
6938
1209
9103
674
6111
5222
8999
5090
-5419
4001
-6846
6074
9667
8321
8321
3313
6760
-9362
-6047
5796
4263
-2121
-2098
9016
1753
2046
-2786
-5232
1064
-5925
-8966
-4857
-4249
6522
-1998
-7006
-1006
1461
-8849
1385
5354
-3872
-7428
-5492
4695
-1356
9460
-3348
3836
-5116
9312
-7925
-5456
-6460
-8931
-1705
8045
-9952
-2327
-6424
9117
-7338
9923
8507
-5037
-7668
-7959
-6662
-3703
-4340
8900
8996
-8701
-6173
-553
5248
-6644
9868
-1311
-2571
-6563
1833
-8218
-5768
-1620
7162
-9269
9659
-8804
-1814
6569
-7423
1102
7200
5665
5887
-7468
-5498
2293
-6647
-2445
-4305
6887
1458
1032
-3376
6445
3114
6029
-6686
-382
3585
-3505
2859
-692
241
7563
-8177
2057
4423
5756
8472
-3440
-9499
8440
-8881
-9152
-7371
-7475
5263
-1203
5173
3062
-3586
-6777
4445
5064
-7472
-5723
9048
-2969
-3179
862
3699
2164
8753
3204
-531
-4398
-4370
7585
2909
-3608
-7507
673
-6729
1779
2033
6226
44
-2083
2734
1451
9835
4654
-9301
3495
-8196
-7621
-4219
4373
-2953
3092
-9154
5201
379
477
-5804
-5951
-33
2055
7751
4225
1854
-1394
34
4189
4307
6979
5549
4236
-8044
9662
-874
-4013
3452
-2139
3686
-5845
2735
2987
-5666
1751
9423
4703
-7578
5226
-7397
7399
-6607
-7344
6220
5422
5484
-8095
7027
1686
-5607
2187
1035
3639
6301
5107
-489
-8272
-6903
4840
8597
7249
-498
1040
3261
1369
-144
6765
-9567
-3920
-9834
-3065
8283
477
9095
9858
-4907
-1001
-8709
2633
3294
-4638
-8954
9888
6262
6534
7994
-5197
-2849
-3447
-5067
3545
4274
9439
7176
4023
-8901
1352
4302
-6875
7476
6536
-2254
-9718
-5465
8851
3210
-2495
8270
9095
-3715
7016
1459
1466
3016
4802
-9202
1823
1603
-4592
-7175
308
-9144
-1866
5396
6942
4193
-203
2969
6559
1329
4849
7073
-7109
-3400
-9548
4253
-6288
-328
-7206
4835
1693
9964
6477
4073
8489
-1392
-2637
-9781
759
-7225
5882
-352
5839
702
-4961
8895
8011
-4503
3470
8520
5019
1340
-3510
866
-9215
4974
-8538
355
9972
5950
-8579
-2112
3612
-4915
-7350
-4405
555
3727
-2095
6078
3965
-5913
5450
1937
7405
-3846
-4732
9226
-166
7840
-8491
-8112
-7546
5376
-6660
9791
-7363
2760
-5321
-979
-2436
-178
-671
-5162
8413
9117
-6598
-4326
-157
-6807
-7207
6884
-6298
6285
-1133
4362
1899
3543
4208
7138
3197
-4376
8311
4725
-7332
-1343
-523
-8994
9545
-6769
-5697
3071
9392
4869
1787
8804
-4693
-1984
2085
6467
-129
6531
-9780
-3555
5793
-5770
9994
7723
-6569
-7648
3138
7511
-9062
9360
-3479
4790
9046
-1281
3052
-5417
-7618
-7066
5792
5698
-8525
-1904
-8000
-9254
-6844
2147
2277
9370
479
-4938
-4508
6568
3241
-9566
-9978
5179
-938
4213
5412
-8830
-2791
-6512
6070
9310
4003
-93
-8610
-8935
1472
-5816
-320
-4242
1915
7956
1105
