715
1
1265
1624
8
6934
6644
2615
8642
4887
2460
3770
3865
4497
6402
4790
7179
9139
4914
3162
8007
7830
5336
4775
6734
7397
106
9743
5498
4451
9159
3142
8452
7849
7187
932
9325
2264
8137
5886
6450
6724
389
3815
2900
9945
7604
857
165
8411
4883
5657
7743
6421
9344
1227
3275
1158
3834
1662
9784
2500
8988
3738
7833
437
7187
5679
5967
4653
5167
8690
4558
6058
3119
9589
8765
3789
3026
1093
3612
4422
6792
8617
1638
1058
2205
6515
7048
43
9820
4345
9148
4725
5235
5433
7928
423
2622
7210
9175
5796
5772
907
9948
6022
1327
6251
3928
8851
7139
1916
2889
40
9053
9640
2199
6502
5021
9990
8966
7041
9773
5574
4435
6379
1479
1220
7506
1888
6915
4593
5049
1007
8754
9528
8103
8696
7339
4820
3997
1048
8757
2908
1995
7286
4138
8412
9993
7317
2654
1536
664
6781
2699
4883
48
3358
5893
6719
5275
2370
9982
3494
5071
5577
6347
9995
1449
3845
5905
7342
8793
2093
1600
8046
2437
6255
4707
683
2994
8716
8522
3853
8370
8990
7074
1357
2442
555
7471
1738
7728
6278
6657
6643
3664
6732
8921
8651
4736
3869
8888
5450
9740
468
4838
9331
8083
6050
3145
9117
7777
3189
1515
980
9072
7234
3551
9262
1462
6132
1680
4482
8510
3020
3317
7955
9352
4682
6037
1432
6137
2580
194
5370
6651
2293
8960
384
2180
4171
2092
8422
9564
7449
6376
9259
4165
6396
5673
6113
2938
7876
2951
3655
4720
8033
1188
3520
9925
9887
773
3920
4593
9710
9913
8452
7469
8827
9153
5356
6612
2777
3310
8997
7721
2505
8045
62
6206
9292
6154
3028
9751
9863
9268
4327
8031
2851
9143
5750
4548
4388
8225
8445
8189
9625
5597
5378
9653
9679
4255
5180
8124
7264
7322
1254
8030
3570
2672
8013
773
945
901
604
5187
6695
1022
3404
2763
2155
7737
7111
7318
4205
8672
2904
843
2531
6940
1677
8008
5432
3280
2243
5528
4718
3065
5802
9175
85
1574
8233
295
6817
5393
6130
3066
1894
9812
8226
626
397
6658
3899
6157
4530
6227
3221
7218
527
9418
6748
522
1534
6852
6923
5971
475
87
4366
4350
2357
7972
1453
4568
1363
6923
7120
4021
9506
2825
7976
2472
1260
4812
7620
5742
8255
2360
3895
2709
6184
5842
8461
3370
3332
9362
5165
4484
8291
5833
7341
2100
291
1863
6413
9807
4423
8867
6936
446
9216
8201
549
483
6417
1383
3455
151
296
2340
4975
4545
9928
1562
9403
6972
4002
3774
4419
8207
6048
2252
6
4512
1996
7295
8472
3585
4786
7159
7732
352
924
6216
5335
6895
9645
5207
2745
9351
8489
7575
3685
3222
1507
4439
8426
3619
2090
9258
6450
4437
5403
9922
6352
2
1015
3151
5753
8120
8912
9593
7549
5267
976
6991
7531
4471
888
9743
4421
7634
4755
7690
4129
3917
9805
7269
9776
6707
9951
9109
1639
9772
2604
7924
9076
9024
9048
4957
5546
9119
6533
9923
8346
6749
6729
4312
3403
3372
968
321
7895
4786
3990
7424
5065
3872
674
1142
8050
4315
1365
3353
9532
965
1844
8940
485
2507
455
8442
6724
1110
39
3798
3367
5971
1138
3471
8602
1851
8698
5465
7613
2408
3377
1948
3203
8585
416
1967
2813
6827
161
4832
1963
1037
4716
1495
4159
3047
422
6973
6144
6976
1936
6551
9787
5510
2377
1843
3453
2855
3187
4715
6393
4579
1960
252
2905
5694
7651
6860
8161
8703
1005
1393
1012
6460
7940
1268
306
8202
5726
9851
4916
1247
6128
314
4699
7660
2716
7640
3899
7039
10
7475
1253
5143
8772
1193
1739
5771
227
2004
4018
684
6134
5623
4889
1749
2839
6316
3203
1649
4703
1086
2631
1044
8410
2083
2195
1733
7353
9763
6063
6520
2795
601
2384
8990
5443
5254
137
6907
2197
3947
1468
2445
4907
8565
9120
256
376
3824
841
2304
3564
408
9116
4280
5639
7392
7780
1806
8480
822
8810
2933
3917
5728
3484
3291
6521
1624
4777
9739
4605
8439
8386
4619
7524
5266
145
9388
2294
7184
324
2659
2065
8747
9769
9547
4215
3958
3434
2181
1570
8736
3752
8560
1971
5320
890
2881
2452
1570
155
7472
6834
9402
9117
5940
