1484
0
7478
5592
8740
4800
5004
7531
5688
3222
6521
5264
1614
7607
5838
9874
5224
4123
2684
5502
3976
6524
9020
7023
696
3654
335
3584
101
4467
5796
3938
9849
3733
4474
350
8121
2021
4210
7806
4096
2309
8271
5550
5223
8489
3133
1713
6229
7445
490
6361
3640
1750
9990
6206
1394
1619
9562
8199
1272
1893
8163
1145
1272
6740
690
4636
7994
3387
1814
2183
299
4996
4008
3317
7539
8055
5090
683
8150
8789
4666
360
1283
2964
9332
3852
6289
2677
8475
2500
7599
3141
2820
8419
2775
3692
1832
1420
200
5983
8293
3785
8788
5388
767
2877
948
7485
1400
2652
2880
7021
2255
8394
4684
50
5357
1624
4201
288
6950
7084
913
4230
2056
1771
8669
9177
5604
2079
7161
9262
3100
4927
6025
4238
7815
5750
4238
5630
8584
4766
8194
8183
5581
3144
8902
3418
168
352
2031
7988
5912
688
3339
4816
9843
5073
8589
5844
1799
1447
4472
7010
6117
8446
7589
5299
4561
3612
3918
2392
8684
4681
8143
9738
7695
4063
1283
2962
201
4164
5376
20
4724
7250
6275
9524
8782
8758
6597
436
5130
7004
2172
3609
2547
1382
8232
5587
1810
6168
1178
976
523
3875
4691
4170
7354
7289
4029
2898
3573
8510
2156
6217
6411
9644
7500
9399
6406
5427
2221
8819
4485
4629
2307
8335
6232
6766
7716
7144
1377
9749
5171
8662
1399
7951
2874
7691
8870
3523
3661
4415
6876
1940
5173
3866
6973
8430
4391
9270
8492
4581
3205
9796
195
8446
6765
5867
4289
1830
6826
8088
2335
9161
3330
9020
3143
2559
5214
3405
1492
8924
3309
2687
4720
3582
4340
9232
5645
3699
2976
9494
6914
5178
7557
1141
4975
9329
8367
5899
8597
3370
4620
6995
7246
4804
3595
2361
7828
8815
3645
1742
6011
7375
8533
945
6239
4645
5776
9655
9212
6092
8395
8353
8621
9109
2715
5024
3789
8413
3960
6690
1141
3539
1983
5356
3226
9725
9790
336
4371
9457
4047
5425
8995
2101
9628
3246
5518
8352
4370
1105
6532
5884
4617
2870
3229
238
2742
7421
9942
3772
1437
4165
6109
409
2784
7119
9404
3303
5691
9943
1223
7707
3435
8501
5660
1950
1297
5048
7929
8209
9263
546
4673
7029
1269
813
5430
2891
8190
6693
4720
3789
1797
6686
7298
3069
3245
4816
916
4042
896
9918
3124
1051
2650
6202
8179
3264
8421
650
266
1206
5809
4353
7079
7346
8823
1790
2305
9722
235
4327
963
8679
1688
8656
4812
3550
8058
392
1809
5110
8325
5602
2298
8110
1755
6581
492
2704
8829
4294
5361
593
517
7177
1588
7291
7109
1847
2516
6699
7184
4095
5598
5652
9594
9533
773
8720
789
8809
692
190
7218
5268
9710
7877
6143
4001
9263
5825
4049
6320
8237
8118
1772
380
9939
7962
535
7618
6307
1636
3754
8464
2249
2987
9489
1552
6644
2943
8113
4748
8653
7944
1887
4420
4948
9052
2277
8635
4512
5068
5057
571
953
6166
4456
6911
6112
1173
983
8899
8929
7292
4437
794
9310
9855
1248
7145
8217
732
4995
2625
6698
2997
3911
5514
8919
7835
1630
6747
221
6647
6079
8011
6327
122
4227
4582
5214
2508
3844
813
9951
862
415
3911
3752
363
2795
1105
3934
6195
968
1931
5951
5829
4714
352
6587
7146
2389
5969
2581
720
5840
6309
2912
8932
2971
123
8088
5265
2752
7154
7546
647
4049
8416
1773
7316
6962
8101
7331
5194
5211
652
7081
855
6169
5092
8126
8034
2811
7265
3349
1847
6912
868
7787
9984
7537
4779
1709
5653
5620
336
9984
7696
8509
9147
4002
8953
284
3905
6939
8963
9520
7035
8071
5024
7804
262
6213
6040
4764
5400
4601
7738
495
3838
5399
783
7531
4066
3839
4755
5503
5008
6904
6934
9252
7437
2354
797
9691
4173
9994
2616
9693
6707
152
6078
3008
3749
1835
8516
941
5964
1374
3561
4953
2757
152
2730
7413
5786
295
6784
9797
4700
9091
3078
7793
933
8442
9138
5393
4325
7100
1854
2887
5831
9296
2260
1416
4588
8620
340
8599
509
7241
7877
8608
1228
1688
286
4221
7367
6860
1445
6889
2488
8650
7072
2806
94
2903
2486
6358
3556
197
7807
7223
1398
9501
4320
292
9991
6381
5473
5209
5457
2669
7633
3152
7720
1387
2022
376
5336
6263
1982
7669
1356
3399
8090
1208
3195
1689
8555
3207
6811
6594
1595
8750
9858
9921
6142
4835
3376
9255
558
3618
5633
2657
5359
8800
1771
3310
6279
7232
4439
3349
2588
1288
3210
7894
757
4339
3599
690
9564
3299
3760
9960
500
4245
61
6819
7824
5063
1726
3458
1209
7202
9100
4140
8788
3899
2602
6401
2986
6013
3723
5715
2225
2148
8783
8680
9465
2695
9853
9841
6144
3975
3810
6744
5532
6472
484
7789
4791
1246
6033
3058
2111
3442
8748
7124
6055
2519
1140
2196
171
8366
1551
8402
2806
479
3674
56
8885
889
1736
6539
2226
7006
3598
7264
321
9606
806
6007
6399
9699
8903
5190
3573
5736
4388
6863
2908
3319
7526
7102
1987
418
4464
8208
2906
2437
1732
5787
1704
6793
9682
3983
1320
8546
3314
5067
25
1240
1287
6875
6690
5085
9626
5050
8872
8827
1506
4848
3571
3996
2966
5603
4276
1368
2137
5371
7227
3145
5880
1075
2166
8075
260
9834
8126
7666
8315
387
4999
4274
5832
1138
9201
3168
4115
9955
9890
9249
2788
6279
6927
7810
1617
213
8518
4081
7312
4143
5836
3401
1004
7977
995
8339
3420
5709
5589
7364
9889
1536
6941
7244
2713
7002
6931
5456
3467
8226
4500
1063
1387
8954
3450
2240
387
1037
2762
8388
1833
7255
495
7942
9257
1588
268
74
5965
3439
4423
7536
6529
1856
2066
1376
3904
3516
8344
704
2302
4097
9692
7949
9857
4368
5047
9204
8143
2577
3364
3429
8775
1312
1863
4392
619
1061
1930
5123
7900
1309
2964
8763
4914
7343
8149
6453
3466
6548
7597
236
3676
209
6214
1303
8372
772
4479
4987
3589
2246
2309
4120
3832
4750
9315
4796
9429
4470
6422
8228
245
4617
9791
3934
9135
7890
9552
7120
1515
254
6710
779
6225
2740
6021
5169
7479
8378
3170
2881
5775
2918
1191
8543
2413
9104
1892
6060
9792
3276
7929
413
2925
2433
8129
1332
8394
6349
2076
8770
1683
9881
9420
3111
843
3985
1611
7991
147
5403
1169
2718
9255
502
5283
6135
5648
629
744
3299
3332
1556
256
4641
1779
9351
4024
1515
9201
3796
2257
9166
5561
294
971
7949
2107
9611
683
9447
5797
2990
8500
6915
4397
7644
1755
4536
8511
4881
9033
8315
6933
7836
1080
8271
876
3202
9951
5568
7504
2968
3490
651
6418
7395
655
1719
284
2308
8840
1464
9001
9364
358
8644
8897
5881
4002
687
8231
9158
812
699
6195
4408
5714
1794
6931
9191
5528
8625
5921
9858
2345
3543
5010
9225
9237
7854
9459
8605
3971
228
1910
777
9495
3641
9552
4868
446
3334
668
2649
4312
7231
8959
5499
3022
2235
8977
5238
6271
6870
1847
2439
6947
2223
4863
600
5919
6417
7646
9899
559
5583
1199
4606
5754
6268
164
3467
4132
1036
381
8081
5151
8407
6833
6563
1301
5494
1633
6146
9806
1246
8048
1935
9120
8871
1724
6719
143
2299
4907
71
6996
4192
737
2894
6358
7957
3361
7265
5103
9850
997
8668
292
8749
9679
1097
3801
8485
9824
5310
3259
4685
7255
1435
4189
24
5110
361
8146
3477
6929
8106
346
8214
7385
640
917
4445
773
7366
799
5049
1607
3869
1049
7297
3317
5621
1079
7708
2111
1968
551
7746
6155
5800
6077
2500
6015
7126
9604
5770
4690
4196
826
9186
388
7621
3192
6563
4225
1809
7959
5903
5052
6572
9241
4367
9809
9603
9498
1842
2624
4243
6336
2366
5275
6307
7236
244
5721
9288
4830
8635
3622
2800
5356
7507
7870
620
274
3330
812
7197
1442
237
661
6350
5366
4364
8607
1800
9236
5652
9006
1488
4562
1002
7136
4449
7825
4033
3287
5394
6903
6972
3922
2713
1557
1846
3825
4534
9221
1858
1061
5100
3277
62
8541
753
7614
4395
565
1524
2594
9153
7787
8827
3007
7535
7436
3049
529
4589
2821
3525
6775
7291
8731
9941
4234
7638
8504
7919
9945
3084
6943
3622
7333
5608
2625
2503
7356
9862
9337
5848
9229
9780
5047
5216
8641
703
7565
2066
4175
5737
8554
7694
6590
431
729
7538
2928
1923
9392
9727
1759
1828
4809
7363
6298
2726
6720
1381
2406
3064
1767
3262
596
5859
4192
4066
4683
2768
1729
3800
7820
6163
1834
2731
9836
8750
1286
3260
1059
5814
2562
6148
4521
762
8899
7055
9810
4377
7142
7717
6965
6411
9146
1483
7224
6094
8633
6946
4233
3621
5482
6281
2643
3002
2414
5769
4102
2673
1408
