1939
1
9556
9087
907
4368
5472
634
6797
2485
8957
317
2721
3907
6678
8643
7297
5853
8113
2799
8210
9825
5162
7466
7600
8101
8361
7531
3207
4173
2514
9832
7510
5008
6850
4840
9440
8275
7185
1420
4093
7716
6085
5675
9961
3090
6494
1068
290
6387
8597
25
3176
7974
7688
8780
9798
9402
5403
1879
4073
6360
8189
6034
5044
4538
3214
2856
7701
4416
145
5853
3082
2282
2179
4059
7185
8996
7223
6147
2946
7557
7457
3944
2137
3509
8067
7806
2174
1895
4077
3018
4342
5972
350
4786
5883
5137
7458
2599
2419
9683
7126
3512
7093
3958
9593
6134
5379
5088
9426
9926
3980
6775
6795
6651
6927
6878
6540
1493
6426
5119
3895
3113
1736
6328
2514
7266
4918
3031
6955
5152
9317
9686
2490
7952
2501
9412
3826
6712
6661
4135
4402
952
4998
2826
5613
1101
5558
5928
9758
2187
7752
2829
5109
9465
8015
5876
5915
615
5284
631
5160
5244
7108
7827
6470
165
7086
1498
3260
4813
7184
7705
4735
6057
190
9692
5772
3135
2442
6442
3429
219
596
7220
9382
9421
9043
9264
9346
9193
7008
7436
1021
2717
582
7155
5759
760
6682
1988
9447
6798
4479
1425
6573
8825
3123
9931
7951
882
5760
2567
7161
3188
2368
1052
6238
6764
4404
7756
3915
7786
357
2434
7823
8678
4821
3615
5915
16
2992
1910
6962
7932
3427
9088
3759
5553
9398
3329
5394
8979
8947
8697
3234
7231
7926
9847
9447
8815
8690
7209
5743
7422
6215
5706
3170
4755
5379
9178
9495
96
7647
4528
4893
7074
6945
3895
7104
314
993
8491
3947
2741
1447
534
1010
8268
5645
2822
709
1709
7452
2630
4393
5706
5523
3659
6116
1217
1750
6850
6459
8428
2295
2705
4392
8655
5298
4424
5592
3138
3680
7998
8651
854
2487
4717
1993
6726
5990
4726
8396
2553
4652
8530
5140
7425
8081
8283
5367
8256
1334
8726
2910
17
9926
2984
3237
8545
7888
723
7944
8780
8334
7348
7370
9774
2591
3118
4929
5177
7060
6413
9355
7505
3904
2910
6859
9769
3459
5740
3833
1630
7474
2939
1267
927
162
4145
1759
4549
7648
2211
7959
8227
5596
9245
2484
4740
4556
9603
9171
4475
62
7116
6908
6508
8420
2545
4840
895
7198
962
3504
6243
1375
7304
6414
8261
5244
3829
2390
9390
7042
976
5252
2583
3145
7665
2586
8318
4637
3971
6299
6255
2968
6485
4587
4834
7960
9016
4753
1167
5761
9128
2001
9829
3126
1306
3629
1606
3584
4247
6434
8478
2292
2171
91
7227
529
6113
9454
119
7755
5253
6147
9155
6706
9537
7676
8810
3451
9481
5245
1297
8786
9323
9706
2600
8504
4489
4601
3971
6666
4377
9667
9491
6178
2862
1290
9493
3101
3188
5662
587
2286
737
4024
3472
1075
4732
9184
9089
809
9873
2400
9688
3347
9181
2287
8409
6693
5486
384
3168
7809
297
4370
9423
2938
7275
1564
3530
5291
439
6610
4547
3318
9892
3337
3077
9482
2895
4151
2359
7336
9861
6152
556
2254
7291
890
8891
4465
9016
5717
9046
1478
8399
5447
3743
6020
2589
9307
4681
1362
8301
9412
220
5409
977
3798
2146
9402
9283
6326
7171
7707
7350
4741
2511
4705
7282
2386
7774
4616
9351
3660
9400
8699
6826
411
6422
9397
2547
9356
4090
2054
1031
8820
6374
6057
2776
3525
8338
7709
3280
3878
3240
3812
4329
1840
1424
3866
3523
928
1731
7912
4210
1636
7663
9778
8886
4581
5
6210
9041
7866
954
7674
3115
2774
6583
4217
4990
3769
3521
6232
3923
2088
8071
8526
8426
3572
1683
7450
3210
3181
3918
3440
7585
6511
2922
9809
350
5962
1402
4705
1218
2949
9904
553
2558
5829
923
4901
5428
6080
7763
9870
5209
7914
7988
3633
8577
6151
1799
4829
7309
7203
7015
2063
4027
5083
7998
1202
7992
6920
8534
4567
271
4098
8510
6862
9313
8753
9905
4702
3181
6986
9420
4709
8784
762
2791
5989
7630
7434
163
438
3002
891
3655
8376
500
3908
9288
9292
4242
1709
433
3077
3054
1147
4848
9383
2172
8202
3730
857
2262
9100
5904
7242
7744
1128
6314
8894
8021
77
5351
6989
9048
3776
7658
4588
3382
2791
7765
4800
2871
3694
5293
9439
5511
3451
8716
3650
5289
8242
2441
7222
5948
1267
7567
2870
9815
7989
4764
74
3878
2845
5611
6978
5929
8034
6977
6485
8904
8198
80
7142
784
2236
6497
9907
9239
3527
3132
5200
470
7068
9133
9507
5799
6418
1241
5619
4989
6394
4563
4916
9741
4047
986
8092
2614
5238
4513
1128
756
4389
8570
3062
1610
9498
3809
1114
6737
8537
6874
5354
9627
3935
8403
6577
1409
4743
4195
4284
5965
9486
9561
6233
696
6176
7364
528
2079
4408
4901
5313
2462
8171
8541
7242
8764
5049
6216
61
651
899
4335
2275
2969
2608
7009
1610
5862
8038
6811
3156
4323
3741
2783
27
1929
8340
3850
6827
88
3018
89
6797
1123
9681
8881
7652
7657
3080
6451
8436
2145
1588
7045
420
9044
8900
4093
6896
4543
8481
2989
2436
5414
2096
6185
3637
7221
2554
8165
9642
9447
1334
5092
9719
9407
6450
6839
4318
1559
7286
2501
9015
8255
2558
3549
8813
9912
2
8858
6038
5887
3951
8803
2499
9476
541
4328
6481
3830
836
6343
5528
2629
5293
2482
6094
6830
8667
6497
4144
2372
7902
4248
9289
8789
3
2246
8772
8810
3987
3136
5224
2056
5658
7558
6601
1513
1713
3650
3572
5393
7466
6872
7168
2646
6020
5721
6038
9467
6431
3567
3250
3862
5648
1770
2870
5505
7227
9585
6502
3893
5106
5759
4779
5747
566
5003
8621
9505
3890
3887
1344
4916
9252
2521
1188
2395
4032
7522
5745
346
7775
3354
4947
1170
6715
5189
2756
4344
6383
2375
5560
1446
1107
1328
8920
4856
7524
5346
6377
2252
5426
3514
2117
2208
3789
4727
5598
2837
3896
3490
4075
4996
441
8956
616
175
4296
3873
2694
1329
2180
4050
8968
352
55
3948
346
7997
7502
8001
7242
4331
5377
6959
6681
1995
5012
8561
6195
1511
2534
9819
7188
8032
5331
6952
8916
2968
7088
6022
5520
2817
7805
8243
7196
1477
4944
2232
495
4518
5509
1023
455
9943
6084
4023
1062
7101
5999
6748
4134
4522
879
1148
9799
6250
4829
2929
1596
4314
2967
5938
8060
4461
6199
3709
3590
6256
5237
8746
2280
2041
5533
8715
8121
4511
8302
578
8093
6322
1524
5969
5352
3042
7385
4355
6445
1710
4972
5199
3899
6708
84
9495
5598
5083
371
3442
8581
5935
6706
4333
4300
6410
867
4756
5355
8280
4980
9398
8148
7616
8926
5025
6847
4203
5069
8323
5977
3554
7153
9168
4324
2859
7022
7743
1516
383
4169
3313
4487
3708
7247
3303
6034
4758
851
6529
1634
9034
9101
9098
7958
9188
5656
249
1753
2726
1856
2893
1940
2875
57
4484
5143
1126
8199
7628
707
4287
8356
1025
2199
2753
1556
2193
8030
1544
6157
732
1654
4971
9077
3907
3863
3304
9576
8185
4891
4743
6093
9980
3209
3054
3770
5780
3399
6742
9751
3216
2035
6473
1721
3567
3360
5772
9595
3618
3330
4224
6691
4274
3333
2565
2145
6047
7429
3986
361
8097
5435
1448
5922
4031
1254
6020
4427
7789
7986
7429
5332
7192
9931
7805
4489
7414
4750
332
7678
6052
3733
6854
203
5382
4511
5636
5976
3934
3538
7736
6391
3792
2787
756
2032
5879
4672
4092
6501
5400
8390
1096
3558
5075
3185
5029
3208
58
957
3379
1618
58
2521
4425
9553
6877
5804
703
8528
8782
121
9875
9994
8485
4068
6763
6715
2007
7351
5973
4465
855
1216
2258
4338
2848
2693
5215
446
2433
1465
8246
9498
9467
6711
1218
1415
3138
4348
9757
6603
8460
6217
8953
733
4940
2623
8772
3289
4292
7220
2843
3873
3459
6570
8923
8899
6372
3592
8838
3428
8772
4836
2130
5674
5842
9333
6109
5390
5097
113
7237
5166
3541
7547
2210
6623
823
8189
6710
9424
3016
6184
6629
6452
4514
1102
1939
4481
9250
491
6919
3678
9100
951
1834
8416
4440
6723
9698
8876
2144
1911
7907
2750
826
2061
362
9505
5297
6105
8395
8801
6638
3608
3497
8972
414
8863
6599
8572
303
617
1734
258
3072
7618
2467
3568
9179
1799
3400
1046
7751
6745
7812
5333
3427
5193
9463
8698
6520
3639
5852
576
8234
7564
6210
3265
6173
9179
8207
4650
9451
4493
2324
7727
2602
9702
5007
3273
3981
8123
6144
2713
7193
1617
654
3346
1659
8023
3517
6984
8265
8757
3282
804
9039
4046
7797
3727
7178
775
3752
1659
6844
5286
7041
7792
94
2467
7984
3285
5281
9611
1061
5831
4017
5586
3703
1662
4431
1346
75
3888
8713
9338
1248
7614
2174
162
1239
1961
9863
6843
3399
3066
5427
2484
7020
3703
9718
2475
6974
1089
1479
3461
986
466
2811
3552
6091
6826
9667
9158
8724
4239
6954
7706
3267
9495
2420
3702
5923
2763
7823
8818
5212
7969
4282
7587
3582
2974
4427
7429
3818
2005
6344
5098
8036
4601
1601
6941
5049
341
9788
5834
5501
6850
3517
9763
8167
596
435
8813
8082
9508
6431
9433
8989
1047
5532
709
9616
9930
7370
7508
3145
4539
6720
1201
7765
1162
8411
7409
6979
7974
4984
7386
1489
8223
1753
3092
7423
4333
7199
6817
7727
4152
126
4984
5819
4608
9976
2925
5462
1211
8758
3316
1729
4894
6208
9810
4323
3215
6381
4332
8200
7982
6851
3675
9231
5749
5413
9568
7152
1973
7001
8866
4884
3038
5796
7109
7387
567
1128
9293
9423
3676
5236
9573
5114
1277
474
5137
9655
8059
4844
4812
650
3034
4280
4943
9465
8880
5007
3869
5017
807
1077
1813
7461
7504
4220
4980
1199
8378
1735
1388
1318
2845
8044
3617
7994
8183
1703
5300
8078
7110
8826
1997
7698
8340
2224
5005
3066
3765
6412
9085
8592
2305
3252
2000
828
1114
9448
4296
5996
7848
6628
5443
4172
4238
6857
243
4932
9294
8879
5802
4390
7374
5557
4608
941
4321
2763
903
8116
3649
3398
3748
702
4749
2620
8114
4570
5528
2568
5490
2358
4819
1051
3052
67
7342
9694
5717
8577
61
5123
80
8858
4987
6193
6417
180
2759
2429
3101
2361
7678
6588
9
1877
5127
5834
6782
680
1414
477
4570
6275
159
6822
4748
3252
5341
7165
5574
7399
8272
8619
477
4170
6679
2170
1549
6258
7089
213
9577
5913
1238
7873
6795
1035
6588
4603
1386
3810
8614
1478
3021
5830
1790
1800
8149
818
2044
301
2524
2933
2544
8201
7538
4380
4471
2955
2925
648
3266
1470
729
3235
5533
7497
5190
337
5975
7833
8480
1108
5158
5834
828
2897
5234
414
7717
3961
6819
9063
8204
7218
3133
8261
5794
8222
9854
4005
8284
7126
9392
8266
2924
8992
8795
7078
8372
4437
4888
30
5711
3523
7416
5730
8506
3917
4389
7817
9057
4441
9869
9894
6234
5043
3192
7965
6210
2318
841
4164
7531
6999
9032
4559
7772
4673
370
9855
8720
9725
4349
2998
4864
7664
2737
8922
7959
7690
8601
4542
6839
9878
6631
1575
2230
3546
1521
7278
8189
3326
4221
8939
4052
8837
1288
1350
4924
1394
4687
2446
8356
9804
4037
6583
280
7989
4289
6935
4510
6882
1920
615
1983
3339
6920
4162
2364
1020
6092
1793
5039
7171
5094
9288
3215
2644
8515
3205
6944
4334
120
9518
8283
9127
8083
3225
6319
8509
936
1545
7335
2242
9736
8003
9087
3745
4899
4410
4702
6714
4291
2672
9044
