7659
0
-6080
-7863
-1982
-8857
-8430
6819
-5170
-3129
1282
6813
199
8948
-6674
9817
-6108
2363
-7503
9688
-9463
6802
4680
5394
-5384
5096
-2900
6409
-2522
5274
3579
-8701
2283
-2987
-1737
-1506
4092
5548
-2634
-7514
8503
8486
-6650
7798
9030
5415
3276
-804
6246
-878
6261
-311
-3044
6666
6766
-4586
-431
-7430
-8995
-7044
-5176
407
-7676
-3576
-528
7296
8773
5637
1733
4729
8289
2366
6536
9822
6330
969
-7411
-494
7895
2165
4907
9125
-2975
6802
-3788
1463
9054
-388
8235
-4651
3290
-4707
-4787
8235
-4333
-8743
-122
4809
5918
-6235
-4957
-3161
6883
-9902
1815
2050
-2641
-3467
-4098
6338
5665
2488
4159
-889
-8782
7441
4356
-9785
3950
-8575
-5068
7938
-8478
3323
-6404
286
2567
4436
-233
1914
-8167
-9167
-1019
2291
-994
2529
-9987
8901
-5555
-9342
2715
-4893
-5406
8130
8101
-1205
8627
7125
-6238
-4406
-5635
-344
-5671
3829
4985
-8327
3756
-2273
5662
-1027
1951
9446
3474
2989
5115
-2715
9672
8477
241
-5363
-8310
3339
3845
-3791
-727
43
-8728
-9363
691
-3845
-8930
5902
6438
7249
-6639
8141
8807
-3686
6595
-7416
3809
3895
-6018
5441
799
-3636
2001
-9810
2869
1571
-8589
113
-2805
-8192
-3432
7357
4612
8865
-1741
4910
-2545
6814
5262
4276
-7087
-6907
-5693
9932
-3644
-9023
2666
3538
-9228
-8338
6110
-2238
-6582
-8783
3714
-4906
6198
7455
1572
-8725
9756
-4845
3618
-5599
-7873
-7648
6083
-3811
7526
8842
-6153
4490
-7375
-23
9952
-2797
-1163
-9863
-7274
6203
1829
3370
9878
-3653
5391
-5014
-1664
8959
6860
-3772
-1220
-3342
4741
-7256
-8279
-8558
829
1523
-858
7868
4355
2627
-4419
7595
3743
231
3668
-8285
9838
-4680
-293
-3035
5999
7733
4789
-4807
971
-3447
5391
3320
-1178
4861
6918
-7192
-6143
-8155
-648
9933
1172
-2591
5442
3510
-6674
-9701
8898
-3140
7614
7761
-2411
1993
-7010
-7450
7583
6686
-8750
-6484
-6459
-8227
-8764
-4917
416
7091
9114
284
9239
1034
-1864
4019
-5046
7628
-6041
-21
-3651
6941
1022
-2949
-576
5135
-2423
3459
8612
3569
356
-7141
5420
-3164
-4248
-3811
-7170
600
-4875
-4037
2604
4722
9169
-8135
-5543
7978
-5330
5115
-8790
1288
-4305
7104
-122
2474
2511
6913
-4398
762
-903
763
4209
4229
-5131
1154
7789
-7662
-2705
-3003
1397
6773
-8883
-5622
-5231
6028
-8764
5918
1422
-3590
-6621
-8774
-1801
-3840
-8305
3305
7127
7980
1523
2753
1413
-3142
1390
-9967
-3222
-4909
5536
4713
-2686
-7764
643
4375
-3625
6593
-2575
-4193
6720
-959
5916
-9388
1740
2510
7161
7590
4761
6716
6919
4248
-3269
9362
1406
-5397
8849
-3516
-3660
-1703
5095
-9828
-8439
-278
-2314
2082
9994
-5824
7845
-5527
-1577
-1675
4027
-7937
8959
-3030
4636
7093
-3348
9970
7460
5421
112
-9830
3814
5888
5121
1273
8791
4801
-5899
-814
4301
-1749
-8128
2388
8335
1683
-8443
-9119
-7905
-6872
2050
-8206
6179
5839
5992
-1195
6037
-7322
-3277
9256
6433
459
-2253
3207
8532
5177
-7275
8053
-4003
-7956
-5633
-4510
57
-4585
675
1060
-1548
9824
111
911
-9123
1676
-3363
-1509
-7648
9164
401
8012
-3957
8559
4222
-5930
6400
-721
5991
-983
-6963
-962
3402
8040
6763
7668
-1171
3585
944
3058
4245
-9958
5298
-7586
-2833
-2612
-8384
-5122
9771
3591
2762
8744
5865
359
3247
-5112
1858
-5273
9343
9103
-5118
2386
9492
-2716
9445
4525
6170
932
5567
-1896
-9633
-401
-2797
381
-3832
880
1310
-6104
4246
2391
4687
4113
8477
-2725
3594
3435
731
7230
-3959
8591
3036
610
8073
-7968
-8832
-3218
-3027
5201
1473
4174
9665
5702
2592
-3697
573
-3103
4626
-7397
-2713
587
8384
-1497
7493
4778
-7971
-797
-433
-9253
6158
-5388
1347
9953
3479
-1044
8494
6818
-1522
4074
-8742
915
5943
-8478
-3071
4903
-5742
-9857
4092
9436
-9975
4841
-3071
5912
4318
9319
3450
-2242
-1080
-3833
-5969
-2424
2592
5700
-7143
-1477
4559
-2366
-8056
6292
-3409
-6125
567
3290
2887
-8375
8813
-3428
-8489
-3872
7337
-8125
-7064
4605
850
-6109
6156
1953
-3804
-8132
657
1989
-9492
-8690
8688
7385
9975
3854
1272
-2787
-7379
2716
-7476
-8923
-7439
7110
1943
-7928
-4066
168
-6901
6090
5079
419
8352
-915
-2196
-3244
-7345
7075
-7670
2418
-2879
7036
-5528
4777
22
8643
2853
743
1712
7251
-125
5315
9994
-7488
-5280
6495
-6902
-8299
708
-9003
-8734
-2816
5778
82
-1052
-8694
9094
-9582
3484
8910
6303
8182
5762
1787
6402
1177
-6888
-978
2785
6555
-2272
6402
-9051
4138
-1619
-7450
-8610
-6450
5691
-9312
-6122
-4122
1893
-7875
1574
-3138
-6920
9024
-1608
-5757
-1704
9783
9171
352
-3786
6961
-9768
-2736
412
-2491
-8255
-2513
-8053
9941
4543
-1172
-6721
9042
-8722
4280
5735
-1189
5589
2461
-3813
4940
-1744
9727
-6724
-9659
6333
-4613
-4734
5289
-8241
-8601
8267
4588
6969
1199
-6589
6819
8815
-6958
1276
1235
2056
2205
27
7527
6632
-8915
-6232
5550
-1635
-4321
-5372
-3550
-2242
3044
-2345
6610
-7904
-2998
3380
-3367
1750
5756
-4453
-6369
1183
8504
-1047
7357
-4351
4761
-3868
-4417
-1567
7915
-5772
701
7557
437
4141
5840
-2393
7687
6759
-5037
1860
4190
2277
9743
-8126
2092
-3463
6478
6517
-4149
2509
-6864
-5075
348
5704
7387
-4524
2101
2333
6504
4352
-3522
-2148
4373
1678
5664
6832
-3128
7803
-6020
9663
-6541
-1909
-4065
-1861
-171
5414
-3381
-9534
7159
1850
-6616
-9400
3810
3078
-5806
4614
-8016
-8337
-9138
-1979
-2864
2846
-7737
-6647
2954
-4733
-5424
-2370
-7886
1421
-2554
-6786
6728
-6223
9580
-6777
-9567
-4769
-6253
-6393
9645
9080
-8169
-9793
-7645
9412
6839
-2859
-9885
-4002
-2072
-1814
6864
-9770
-6416
-7231
-7046
-1153
845
-4390
-8594
614
2673
-628
-203
-726
8107
3417
3393
-8574
-3932
-2284
1426
7218
-2320
-1188
8896
720
1648
4178
3222
9307
-4369
-5467
-7291
7755
9658
5263
5014
-9585
-9565
-163
-6889
-5036
-2688
5369
2158
-3685
-7775
4234
-277
4548
-5110
-9579
-4573
6989
8537
-8143
2100
2218
6957
-2723
7882
-5071
-9211
2385
-9125
-3319
3854
8104
4273
530
1714
3153
-6216
7754
2120
2584
-6519
-1458
9883
-3963
-7790
-3581
-482
7163
-3161
-9337
-4614
-2207
1353
3278
6021
6092
-9004
-2974
3663
-96
8051
-9417
-7424
-210
-5717
904
1102
-762
3344
-4949
-7891
6801
-8712
8972
2478
-9685
-4646
-8204
-3103
-4783
-3020
-540
-3423
8351
-2287
2127
5634
-7695
-1648
2574
-2601
-6449
-5136
5092
6948
822
7827
7892
-7355
2343
-4661
9694
6811
-8302
3642
-5328
-785
-8805
6449
-227
3930
-7473
7156
-6240
-8515
-7579
-1411
6915
-966
-9865
-9020
-8024
1792
-6136
-3374
4049
7396
1907
9849
70
-1159
2060
1627
-4805
-53
-4541
-8781
-6941
-4593
-9293
9585
-6245
131
1943
-1100
-5920
-471
4340
6379
5616
-3799
-7685
1786
3174
-722
8384
7260
3932
-8577
8041
8437
5214
6681
-5038
-2820
4708
-1388
5457
7731
5857
2740
-9357
-1396
-7833
52
4648
2772
1650
1425
2378
9363
2315
2912
-7063
-7243
-7330
-6452
-4634
-9602
-6197
-9934
-2445
-9763
-8284
-6213
6174
-2454
-1571
4399
5769
-540
3367
-8448
-409
1072
2069
-7766
2243
7507
-538
2733
-443
-9222
-2279
-1581
9488
6690
8176
-9223
-6674
-4939
-8632
4306
6195
4171
4903
7672
9541
3351
-1595
-9534
7884
-6294
-8949
-5531
8231
1843
4000
5202
-9476
-1065
-1559
-2579
-5853
5000
-5134
-5971
3675
-5122
-4460
-6009
-7263
-8189
-3348
1815
9467
7946
-2924
-6822
-5944
7998
727
1840
-4494
-2367
-4475
2277
2436
955
1250
3289
-7889
-5405
6881
-9592
-1079
-9412
-8342
-2316
7483
1220
754
-8331
6403
3560
933
2530
-1689
8815
-9652
286
4162
9834
3627
8710
-4509
-5187
-2712
-3371
-1372
-5276
9430
-7254
958
-1559
-9501
-2511
5538
8387
-6683
-6199
8183
-20
-4778
4924
-7163
537
-4056
-8836
-9387
4126
184
-9870
9222
-4008
-3874
-6690
-1303
-162
112
-9414
8224
2323
-9343
-3340
-2278
9497
-1140
7297
6056
5397
-4427
6245
-4545
-6930
-2853
7841
-7418
-8484
6389
2515
7516
-4771
3480
7280
3693
4337
5124
-7883
6702
4270
-2687
9378
-8709
1458
-9604
-7354
8608
6463
-6159
-7641
2799
1847
-3778
838
2003
9610
676
-2415
1270
-3147
-4164
357
7107
-2318
-296
3657
-6659
8642
1078
6896
4393
-3393
9561
-9979
7446
9613
-4374
-2812
6082
-5512
-5134
3988
-713
4478
82
-9678
638
1607
-8625
3137
9650
-2739
-2785
-3043
6474
-7794
-6341
3796
-2629
-5547
4453
-8487
8563
-3611
5313
2488
1125
-5742
4898
-2031
-5717
4582
9442
-9802
-6949
-8948
6241
5565
2562
5389
-9222
-9005
-1517
-243
-2533
-6301
7305
6971
-5164
250
-6064
-5322
-6538
4884
62
5503
-9450
6559
3283
-6778
-7402
-3486
3138
-7638
-1765
-5601
4354
4498
-8391
4103
-6508
5283
-4638
-9352
-8377
9530
8191
4145
6588
2314
-7722
3140
9188
-5247
-7949
-7163
-9436
4605
7618
4959
-8545
5207
8929
5987
-6683
2152
-9535
5863
-1122
4867
4658
-9492
442
8997
-1749
-8388
-3130
-2734
5089
5736
-2256
5186
-4939
-7548
1611
6458
8300
-2266
3319
-7201
-2176
1100
-3195
8707
-6218
3212
-9470
-834
-1878
559
7903
-7147
-8284
-6746
7200
9270
7518
9568
-9615
-3881
7694
6464
-2929
-5859
-983
5655
-1448
6643
-9783
8862
9355
-7041
-2551
-4698
967
-4054
3497
-9701
7631
6375
-9848
9592
-3421
6128
-6419
-7239
-148
8091
2530
7813
-8250
-6245
5469
-3096
-3890
486
-1375
1239
2639
-7112
-828
9947
4530
6749
2957
7890
8949
3209
6103
-5204
-8511
4498
-8062
-3032
-5669
-8739
-1432
-4107
3712
-7968
-4127
7675
9323
-9229
5355
1331
-8360
6025
535
-4482
7445
-3443
5699
-3665
6261
-4658
-8306
-3059
-7042
-153
3630
-9903
-2947
5157
7302
-9206
2141
-7887
6553
-2044
3613
3237
6992
-6751
1027
-492
50
-8189
6488
3353
-2063
-1986
5111
-1283
-3124
-7309
-8432
-7259
-3746
-1035
950
9140
406
-9735
2665
-1979
9063
-5577
9363
-9293
-2645
-3784
6735
-411
8059
7770
-7032
-211
9754
-6710
-560
2173
-9522
-296
1217
8194
-3598
-1501
-3792
-8321
-7526
3182
-1418
54
-2008
4829
-5577
431
4951
-5332
-8589
-7005
-8887
6548
-8799
-3764
-3121
8415
4071
6777
-2331
7982
-6277
-3961
1655
6667
-4261
9004
4067
5502
6870
-9979
-9328
2779
-9189
3584
-5553
-8977
15
6949
712
-2705
766
-4081
5119
2691
7765
1377
9266
-5411
2344
5685
3106
-5846
-9238
-4909
-955
7561
516
2658
-9668
-7703
3389
1011
-901
9968
3698
-2061
1154
8230
-2296
5697
1952
7536
-5865
2994
-4660
1303
8470
3206
917
-4442
-640
-3949
7167
1377
-8721
-6713
6371
-4868
-202
-3202
-934
8941
-3057
2210
-5506
345
3733
6844
7594
-1937
2494
-2693
9043
-3538
-1999
-572
-5412
9159
506
335
-2027
-9432
-2105
2744
-3899
3108
-4307
-8735
5048
5445
-9919
-4989
1152
-3006
-8628
1653
-443
-5441
2580
1130
-6706
7409
1785
-5145
2587
-4946
340
330
-1579
8715
-6369
6323
8728
-167
-8674
-5694
-3022
-7227
-85
-7814
4237
-7723
-8768
-6870
2912
8710
-2968
6396
-5425
7184
1849
-6123
7428
-714
6792
-6854
7534
-6382
6383
-1296
-5958
7110
-9268
9927
-5548
981
7336
-7986
-800
6509
6328
-2153
4502
9112
8322
-8447
-5993
5012
-8524
9601
8147
3816
-2219
-6038
-6629
9848
3436
7681
-1892
6082
-3194
-9546
2550
5698
-6112
6960
4209
5379
3974
9247
8972
-8866
-9146
-1276
-8781
-1666
8131
4404
1977
5858
8790
6665
7284
2293
-601
8994
7629
4607
-591
-2619
6185
8415
5346
-4290
-9216
-4961
568
3962
-8037
-6023
6588
8766
-7467
-3951
6342
7506
-7168
-1127
332
6229
527
-9360
1532
6176
7665
3640
-7580
-2477
1233
2592
9111
2841
4908
166
5308
8416
-7754
553
7606
-5107
-7646
-8931
3521
2699
2848
3212
-9029
-8597
5493
-5688
-6218
3900
-9195
599
-1497
-5806
-8370
-9899
-9248
-37
-7576
-207
-5899
-2758
-5399
6690
3614
8436
1496
708
4345
9554
-9431
-23
5942
2394
3367
-7326
5089
4986
-6860
-4738
1091
-2351
3880
-1335
9502
484
1564
-2103
-7673
4057
6297
-9379
-3516
-4073
-8989
7846
5502
804
-5314
1929
-7592
-824
-1209
-74
-6131
-3327
498
2841
7472
971
2581
3110
2193
3723
6116
-1394
-8727
9336
7485
-3142
-494
987
5824
497
8964
-1884
-6570
6130
7240
305
-2593
6848
8221
-9582
-412
768
-3664
-7489
7493
-7914
-1887
-4739
-6366
-769
-4863
-9776
7060
-2148
2124
-5882
2066
-7810
-8010
-7676
-2135
6002
830
-5988
-1666
-495
-507
8584
-4823
-9043
-9152
-2409
-7850
-3506
2641
-2594
4865
1977
1220
7099
-2364
235
5811
-4200
92
-202
-7894
-443
7375
5869
-371
2654
-4145
-6172
-7140
7158
-9943
-6343
-2606
4295
8599
-1958
-3250
9303
-5992
-1265
-4936
5125
942
-9303
7217
7055
4128
-1896
8779
-1369
-3393
6400
-5114
-9415
-9143
776
-479
-8052
5190
-6251
5955
-2332
8117
1641
-779
-8233
4368
-8387
2167
-3521
-2796
-8083
3533
6261
-4888
4851
-6509
329
1442
-4886
9446
9837
-750
-5444
5618
7757
2628
8635
6967
2131
-120
-4897
-9585
4242
-7486
-2964
1649
9491
9519
1680
5085
9637
-8781
-2508
-7754
-9770
6595
7406
7609
360
5597
9476
2907
-4865
-8249
-6542
8525
9351
4877
-3301
-6313
-3372
-5925
7951
-1365
185
-3040
-8574
-3026
2269
-4977
5669
5475
1603
-9685
8289
9910
-1572
2613
1574
2357
-9416
6155
4210
3549
1657
-1895
-1352
-8176
1503
8939
2300
2630
-4703
-6789
4147
-6774
6261
-3945
5076
8038
2654
7408
-5072
-8954
-6384
-1972
-8498
9811
-1718
-3717
6480
274
-6299
-4422
-2159
-4012
1504
-608
5317
3584
7321
-6878
-418
7967
-8363
3804
-8964
-9995
391
6954
-8761
-3880
-3434
-187
-2354
1860
-7073
6913
2398
9549
858
8623
7225
-3139
5189
5798
-792
9233
-7255
4079
1207
-4024
-629
-7978
2512
-8604
-2682
6571
856
-7768
5033
-5702
-1157
1405
6868
9406
-6724
-2185
4308
-8889
6236
-9019
2591
-6305
5974
-6880
8064
-9342
-8796
-8202
-3527
3235
-6253
8523
7262
-2160
9394
-5096
-6316
-6286
9001
5383
5709
-290
-8457
6720
2095
-5503
-2522
-3359
1836
5184
7221
-6007
2155
9702
7788
1623
4047
-2989
-5834
-5602
-9060
-9516
-6469
-374
-2646
-5955
-3223
5528
4317
182
-8440
1893
-5203
-9028
-1068
6162
-6166
-479
1609
4721
5626
-5053
6437
-5297
-1738
7758
-5773
9772
-1152
-323
4786
-5982
391
8608
3739
-2767
8268
5618
-9633
4838
4466
-6875
-7202
8672
-1530
-35
-1861
4283
-2534
-6625
-7479
-2969
4208
-1810
-5563
-3991
-8180
7102
3808
-5844
-9049
1092
-6575
6366
-1428
9485
-3143
1305
4782
-7303
-2135
5506
2972
5449
8324
-3909
2376
-2379
6781
-4492
-2970
-5341
-1821
6238
1645
-3510
6664
-5768
3698
-9015
7662
3638
7940
-6893
9517
-9814
-6583
3539
626
-2072
-6555
2202
6095
9175
-3730
-1438
4621
2665
-3936
-2941
2315
7005
389
-6988
-1945
-1897
-5724
1881
-658
-5729
-8427
6061
-4552
357
8441
-1753
-3354
-62
7435
-1155
-8224
574
6932
9071
-6603
8779
6098
3114
-6320
5357
-3909
7938
-9214
5411
3602
729
1396
8123
4242
2419
-7886
-3732
5095
-6987
7313
-9835
-3392
3340
-8368
-8951
4340
1792
-1239
9448
-9048
-1272
-7676
-1274
1424
7104
-2209
3358
-1608
-1782
-2915
3288
6573
-8802
-6966
2554
-7059
-6883
8819
-6052
-2104
-9285
9507
-9342
56
3458
5184
4416
-1621
2339
-9748
-3087
-1105
9336
-9531
-996
-3398
5576
-5986
4460
-1629
-5751
-2866
-9869
5695
5445
1957
6523
7646
-7723
7054
-1990
8080
-9485
-8068
4924
-3308
631
-8594
-8916
-3888
-8049
5196
4157
-286
-4573
1772
-3992
-2468
2815
8688
-9585
4369
2573
-2490
5041
-515
265
1200
-7514
7865
-1327
-517
9848
-110
-7749
975
-1872
8527
-5750
-456
3006
6510
-2926
2686
-3187
8637
-3401
8002
-8965
1095
-4670
-5147
-3655
-9848
-3234
4899
-3202
-678
3765
2799
-3790
5284
6835
568
-5191
8208
-8001
4156
3806
-4169
-8134
7721
3116
5027
-1644
-5048
-5711
672
-5245
7649
5071
-8357
-3050
-1778
2821
1158
9436
-9406
8689
7202
-7328
8446
-8029
2241
-4275
-8874
-1280
-1415
-4455
-3912
-5474
8332
2184
6082
-6154
8520
-2756
-6783
6711
-8188
-3353
-4945
746
-6474
5198
6697
-3226
8196
-5322
-3102
5076
-2137
-7542
-3696
3253
3987
6336
2157
-765
-5705
4443
-186
-9411
631
-5574
-5457
-7282
-1505
-397
2925
774
6811
5809
-5757
7105
-1743
7116
6312
-4445
7201
8862
2192
3598
-7790
2982
-7591
-7567
5693
-4602
-9098
-2612
7615
-5427
2068
-3018
61
3932
1808
-9800
6676
-1015
1542
-4023
-1258
1469
-7090
-6086
-8313
-5284
2478
-1016
1219
3485
4470
-2495
9265
5342
-446
-1710
-1497
-8547
5826
-5443
8074
-5848
-1094
-1695
1959
2000
5531
1443
-8325
-7776
8476
-2429
8983
-7668
1128
-7162
4608
3058
-1758
-9210
4970
4859
-3586
-211
4132
7700
9795
-2503
-6548
-7966
9099
4922
-8459
-6730
-5823
-4169
7117
1808
-5100
2729
-838
3193
-1044
-6488
2240
5126
3279
9630
1868
-9264
-4520
4104
3413
-9728
-597
6908
-7565
13
-3291
78
19
-6913
3080
6463
-3354
1370
3011
-4214
-8122
-9855
4134
-9148
-9156
1395
1307
-2097
5744
9277
-4076
9077
-7446
-9959
-959
-3532
2493
7455
-7797
-7636
4280
-6733
5951
-472
-5819
-5007
1893
-5828
-7210
4131
8499
9897
-6594
-3933
-4039
6454
4310
4573
-9101
21
-2492
-8946
2178
-678
6220
-471
5182
-9995
-7884
-7955
6063
-8501
5500
8574
-1106
8418
-6417
-725
-3543
8225
-9258
8101
5201
-6462
6858
2628
-82
1135
4585
-1146
-8496
-77
2846
-9436
-5157
-3557
-4711
-8090
-1551
-6913
-3187
3944
9336
-6043
-3917
-6387
-678
4176
1835
-7447
-6468
2715
-3209
-7745
8987
-5973
-5361
-2361
-9228
-4495
-9144
3966
4046
8550
-961
5981
-4579
3430
-7550
-5787
8494
-609
5302
-7898
3349
-3545
-6017
3431
1878
-3615
4455
-2698
4281
-8778
2367
2360
6620
-9391
4898
-8057
6250
3613
-4354
310
3355
-3008
9464
6495
-6889
-7751
-9886
-8082
306
-3874
2739
3778
1568
2048
-6692
-6253
696
8718
4353
-1736
529
8977
989
4536
-8968
-2138
-4867
6176
654
-8819
4911
3228
8526
-5298
-2591
-3140
5876
7897
6746
-8522
7134
-6585
-2662
7324
3738
89
-4932
7822
-2756
4523
-2926
8753
-2598
-4577
-2719
-9140
3213
-8715
533
5643
4658
-3600
-219
9031
-7938
-8640
6858
3422
-892
-7898
5601
-4606
-7500
6587
-8600
3934
-5043
-8376
7908
9027
3724
-3406
-3652
6258
2584
6415
6335
-7984
-1026
8150
3258
9965
-192
8870
-2296
8272
7604
9598
-757
7566
-4222
6233
-1661
5977
9724
2159
4945
1198
145
6400
-1793
4077
2825
-9110
3071
-2050
6043
-8575
5179
967
-6629
6483
-1069
-425
-9861
8421
9320
-7731
280
2439
-7917
-1896
-7437
2701
9557
-4065
-5539
-6450
-812
5291
-2258
7574
-2533
8550
-4304
-6416
-9747
-7263
-5849
-1739
-2486
6591
-971
7634
-8211
9142
4778
-7660
-9215
-292
2260
9928
177
-4931
-555
-6974
6295
-6592
2014
5556
9918
-1906
3352
-1831
-3395
6316
3370
-1216
-6247
-9097
-4454
-4762
-2542
-3441
1010
4470
-3697
-6276
2874
-9032
9947
-8515
4803
5874
3348
6514
3253
2500
3158
7638
-3609
854
5211
-9150
-9029
-2257
3915
7289
-7910
2242
8251
873
653
-7477
-8313
2483
-501
-4279
-7350
7992
4853
-5595
-9333
-9959
766
-7278
7432
-4954
-6315
-1954
5580
4008
5862
-4866
-169
2365
6935
5327
5269
2028
9119
-9433
-3077
4073
-4685
4369
-5817
-4867
9878
1849
-704
-7626
9676
-3830
-7988
5451
-1601
7610
-2236
8155
3601
-316
3731
2022
-3424
1860
7135
2180
-109
-7771
-7104
231
6364
5339
8112
5528
8167
-9957
-7720
706
-7076
-5149
-3008
-3833
9458
8497
1070
3665
3440
3225
5466
2193
9887
-8395
7435
-3949
2253
-2267
-1969
5827
-5273
7440
-6225
-6294
-7300
1908
6396
3851
3106
-4389
1764
-546
7526
1723
-5830
642
1711
-3666
1427
9103
5965
-9179
8912
2848
7949
2557
240
1958
-9302
5696
-2443
-5678
6571
2738
-9511
2663
2400
1523
-8554
-3531
-7965
6341
3435
-4758
3979
1918
-7990
5599
-2565
-4483
-6356
6313
-7506
-7312
-7427
-7808
296
7973
7539
280
103
-288
-5250
-8282
7250
8958
8844
6630
4457
-1406
1456
-9323
-1688
2018
-8353
-4590
-7545
-8732
9838
544
-8425
-4519
7705
-5798
-7215
-4079
8400
-6278
4003
-4464
7416
-6211
-9507
4931
872
6803
-3173
3626
-1743
-93
-6137
-1322
-4303
7302
-345
2085
273
-624
1902
9536
-9826
-7509
7727
8675
-9298
-907
9308
-963
3300
-9420
7694
8499
8451
-3581
-1262
9867
-419
5678
7331
5126
-508
-8811
2482
-2529
-154
7923
-6210
-2924
-7663
6789
-298
8739
-9182
5594
-6776
-7643
218
5971
3550
-3094
-3713
-9648
-5676
312
-4384
-1580
4638
2436
252
8526
1813
8611
6941
-8312
-6533
-1146
-2810
-1226
-5243
5343
-7490
-2500
2687
8126
-5066
6644
-1375
-1401
-9098
4809
-59
-8140
6888
-6152
1728
7796
-3611
-5940
3704
1558
3325
2464
-1363
975
-7938
6276
-6969
-528
-6248
1435
-2844
-3861
-9232
5824
180
-688
9080
8778
5709
6160
3790
-1540
-1875
-1174
-1978
1390
163
-3117
534
-2991
-9708
3391
-7065
9688
8301
8660
8965
-5170
-111
5044
8390
-4483
3789
7735
-6705
2698
5185
9837
-8678
-2006
8713
-8508
-7277
-7900
5688
-810
1580
-3011
-39
-6876
-2510
2849
3747
1267
8548
7489
-3214
-4380
1366
402
-8266
-4007
4057
2595
-9436
-3724
8315
6687
-1227
-4778
7138
-9264
4299
-6961
9146
4975
-5086
-9275
3538
-1204
-766
6878
8221
-2027
8057
-6080
6163
-2546
-4111
-7054
4186
2403
4039
8203
9789
-2686
-9128
9164
5694
1096
-8944
9689
-6797
-5607
-8621
-2072
-368
6779
-9235
-8332
-2831
3227
-7479
-4549
4949
7507
2073
8732
1917
-6834
-8655
6957
7913
-8431
-9523
-3813
-6406
-6585
2413
-9221
-6164
-3781
9915
-4293
-8288
-2039
-8653
-398
-2450
7182
7207
8706
-6239
-9356
-577
8513
9972
389
4705
7121
-7633
-4449
-9886
-3044
-5247
-516
-4739
-4737
8673
-2147
-4095
2598
646
-2211
3135
-6710
7095
-2582
9556
4744
5598
-2474
-208
5325
6221
-6033
-6794
7958
123
-9483
-2098
-3905
-5621
2232
-3459
-3806
4295
-6820
-8945
-3677
1029
-6143
-3601
5884
-6439
-6241
-8873
4690
3430
-5792
8088
3644
-4655
7117
-6198
7934
5352
3029
-2315
-8526
-3530
5853
-6337
-3136
-8822
6121
5303
5968
-5640
6724
-6132
212
-9245
2980
-7876
-5677
-4222
9711
-5178
-4987
-5904
610
-9926
9708
8245
-9762
4257
-75
-630
-7749
-6457
-2893
1860
-9827
2222
8978
-8101
4427
3656
1708
-1548
-2039
-7564
-2024
-6265
54
-5086
6172
-9509
-4437
9566
-7366
-89
-4724
9641
-1694
-264
6324
-2251
-8231
4124
-9892
1939
-2276
-8059
3173
-79
-9706
2938
2478
8017
-390
-5814
3909
-6660
-3285
5734
-2786
5530
4534
4703
-9761
-9565
-5231
6684
1075
1411
-3828
-7810
-4356
5999
4187
-4416
3621
1130
515
-3581
870
-3470
-2204
-9653
5857
-2536
-8035
8384
-9209
3037
-8718
4998
-2791
-4366
-4770
-8968
2890
8229
-398
-733
-4190
-6123
-3172
2609
-8978
-7026
-4675
8196
-2857
814
5784
8062
8112
2256
6045
3979
-5480
9242
-6004
8407
-5604
-8886
2797
5405
7205
6742
-4484
-4854
5521
-4905
-5362
8852
1109
9900
3725
-2192
9390
8995
-1688
-1051
-8585
-2583
-8400
-5682
4575
2474
7676
8374
8503
1362
-7659
74
8390
-9757
1013
5109
3200
9112
6245
9658
8680
417
-976
-118
5742
6732
7562
3678
-176
-7710
-5153
6822
3046
-6807
5862
-1703
-6306
8988
-5538
8147
-1997
9493
-880
3497
2032
3340
1024
9692
-2025
-4697
-2462
7569
2568
2815
-1415
-2758
6353
5887
-1917
5921
-3724
-5288
-68
2884
-1445
4659
-1224
-3512
9834
535
8521
-8423
-8315
1473
9408
-6429
-5063
9468
8832
9925
-8623
-7515
7220
4961
-3458
-2296
1869
6810
-2192
6051
-3641
-2245
-5650
-1932
-9284
4554
-5874
5833
-7843
-6958
-2159
3966
6284
1725
1914
6714
-4807
-256
-9101
-1404
-4491
-7199
3815
8759
8169
8978
8826
-2984
-4269
2072
-941
9080
-734
5050
-9357
-1051
-8285
7544
-2092
-1386
8534
-9112
7298
1563
3161
9470
-7467
-8009
-6748
477
-5526
-1687
-6340
6018
6445
2743
-5116
-5406
-3484
-9543
-2629
-4952
2142
8125
-1936
-2016
5988
-1139
8331
-6688
8989
-2901
-4947
-6435
-9342
8470
-3551
3667
3621
8861
430
2069
6024
7034
-7461
194
-9334
8993
-6783
1971
-1979
5621
4211
-4833
4685
-9697
-8452
-3284
991
7339
-9428
-2962
467
-3956
7531
9081
2623
-7479
141
5498
-8945
-9899
2681
4024
-8731
2334
-5409
5940
9672
370
-7982
-9079
-5636
7237
7696
2488
-8145
1234
-3322
9747
-4809
-7362
-538
1324
9258
-9823
3771
-4801
-2920
9633
-5449
-2874
-6392
1274
-2942
-470
-9283
2084
9162
-2688
6307
5685
-9140
1865
-4380
584
4630
-8297
6816
6375
6712
-5229
-1317
4533
-4651
6078
876
-3274
-9634
-4348
-6794
206
5076
-1185
7102
7645
4301
1071
2029
-7041
-8612
-7328
4339
5138
-5400
-503
6691
2782
9839
5744
4592
-8095
-4350
271
-2468
-6655
-9867
-2898
5120
-4878
-7359
-8677
-40
-9163
183
3412
8928
9163
-563
1568
4905
-7760
9972
8618
8838
4403
8336
-6965
6727
9584
-9939
-7223
9323
581
-9668
2030
7234
7063
596
-3330
-8563
-2283
-1640
423
-8731
-2614
1990
7956
-9305
971
-791
1372
9639
-9829
-8019
-7156
-3224
4401
9328
7503
4793
-1671
2377
2298
689
6430
-4577
-7209
8389
3283
-8896
6014
-2431
8347
8184
-7409
-4378
-1201
-3424
9848
716
6743
-853
-7001
-8612
8343
9127
-9020
-8001
-255
6725
-2670
5335
1806
-6945
6746
49
-4707
-9852
-4375
4233
5495
4323
769
-2518
-1994
-4690
-8173
2807
5526
7854
9205
8634
-7721
20
7959
-5317
4541
-258
-992
-1152
344
-9287
7160
-3931
-4013
5703
5094
377
8266
5571
1375
-7824
217
6821
-4735
7526
-7137
4711
230
497
-8900
-849
9804
-6256
-4463
-7459
-8619
8103
-6422
5451
9879
8660
2250
-3215
-4875
-1614
5589
8847
-1171
-9691
-7912
-5143
-850
-2215
1687
740
284
5424
9974
8487
-3046
237
-7272
-7875
9739
-2895
-5365
563
-493
5437
9159
-6548
-6791
1595
4135
1428
6303
-1904
-8150
8681
2158
-7804
-3116
236
4875
1997
8163
-9093
-6173
-8326
9702
-4765
-4339
8387
5663
-2592
-2085
-3795
5507
-5257
3293
2168
-7255
-3392
9563
-3373
-7087
-8181
-7431
-2453
3812
8668
1167
1389
6210
-7735
1650
-698
767
-9019
-768
3564
-9314
-5510
7780
5640
-1681
7409
9391
-608
-5132
7743
-3040
4256
3968
-9809
3130
4449
5549
2071
-2797
-4720
8366
7677
8558
705
9368
-6333
-1990
1837
4133
-1177
1350
-5210
-213
1761
-6250
3141
-6661
-3720
-5225
6976
-6007
-7216
-3653
-8954
5144
-1571
3688
-2560
9117
-6106
-5954
6667
-6209
-9365
-4627
-3136
6350
9377
-478
8723
6730
-3664
-7972
7126
-1078
9866
5630
6853
884
2578
9288
4385
-2203
4405
7747
-8670
-8827
-8929
-721
5043
3993
-5578
7780
485
6939
-8437
7888
6861
-8316
-5006
-7855
-9297
6292
-2412
-608
-6617
7918
643
-1785
-5160
3808
8476
-249
-4405
-6295
-7588
-4428
2531
9839
7997
-1282
2348
-9988
-9753
-4475
3131
7459
468
6503
-9416
-2949
539
-22
-7832
-9363
-7328
6723
4532
-2892
-3862
1142
7694
2437
3883
7525
-4889
7459
-2865
-1559
6586
8764
7830
-8350
4512
7973
-1849
-9523
-8112
2720
2514
9235
8608
-8766
7463
925
1074
-1496
3349
3194
-1925
-346
-8774
-2436
4652
-3728
-9884
-7268
1544
359
-4724
5896
4304
-5048
6555
-6489
-5950
7140
-8771
6822
-7989
6087
3052
-168
1706
1109
5434
-4395
-633
3652
4869
-7816
9642
7932
7135
1119
-8265
-2215
-9345
7170
8464
830
-2338
1837
8149
-4714
-6934
472
-1978
4564
-6729
3383
-8006
-8762
-86
2232
9906
8099
7912
3812
2533
4213
-8211
-3199
-7301
-6609
7152
6752
-4422
8439
-5091
5413
7205
9364
9130
-6286
3789
-1106
-8859
8539
2070
-871
-934
4212
3204
-3836
-6579
7450
-844
6294
-469
10000
2593
5032
2392
-9820
-2575
5730
8969
-6060
-3818
-938
2216
9161
-7809
6597
-2803
-4279
5401
5351
-9694
-5672
6624
-2848
-290
-5456
-7319
-2600
606
-2679
-8787
-2970
-849
6240
2119
-6808
-4891
-1449
3575
-7545
-9368
-6322
-7565
-467
6184
2643
442
-7633
8396
3404
-5172
-4856
-5895
-720
-3391
-6119
-1351
-4270
-3556
7549
-6665
-6611
166
9804
-4431
-7989
7562
-2882
389
8605
8408
-2824
4800
-7377
505
-8327
-5481
3501
8940
5344
-3405
2358
-1149
-7489
9351
-6978
8740
-2135
8097
5480
-1510
-2133
-7789
-7648
-196
7180
4857
972
-9700
12
-3901
-4718
-2528
3869
3176
-1387
7186
-4908
5088
-4139
1390
-8208
-2483
155
7074
-8707
-3331
8747
-6969
2290
8859
-4439
1216
-4392
-7711
-4308
-7102
2638
6962
7929
-4109
4910
4712
-2509
-2416
-8694
-4229
-3167
-3238
-6336
-5068
5323
-2299
9995
7092
-2252
680
-2812
-4645
3520
-3740
2209
-5526
7429
7623
5081
7230
-2571
9612
6700
5728
-6529
955
6553
8223
9392
112
787
-9381
1939
-420
-9902
-1784
6519
8980
-9003
-2243
8429
-6875
-4043
-8816
7595
-773
6884
2273
1402
-8742
1215
1922
3498
3555
4237
6217
8894
616
1222
1762
6972
6036
-7093
-8775
863
-5448
-9369
7676
6164
9515
9956
-3132
-9976
-4218
-1461
2089
-6406
-3939
-1144
906
-1401
-6720
9780
1083
9427
-6750
-4488
-8512
9968
-8216
7711
9238
-3348
844
4934
-2485
8547
8898
9739
83
-506
2905
-5264
2652
7495
-8946
-7456
-2428
8081
974
-3671
1508
-6126
904
5734
5020
4811
-7801
6044
-8761
-2241
8695
308
-8503
747
9653
5658
-3719
1403
2838
-4091
2528
-4312
1863
3710
9377
-6842
70
-2688
7480
4005
4409
-1341
5305
848
8775
-3332
2112
-1774
-5503
9422
8800
-8543
-3374
7205
9618
-9884
-2871
-5426
8345
-4406
9884
-7379
-4386
-5943
2916
-9095
2675
-1765
5013
8147
-2541
-7935
-8095
7044
-2859
7522
-7240
-3761
3384
-2301
8548
-4689
5538
7362
4370
6370
-3086
1028
9732
119
29
-8015
-8758
7521
-6931
-5875
-2161
-5523
5909
4045
4258
342
-7717
6362
3679
906
618
3854
385
-2835
9936
-5953
9949
1188
6138
-4743
3435
7631
9950
9223
-1423
-8938
3902
664
-9274
1725
-7163
7320
6355
4479
542
-3798
368
931
3578
2700
-6828
-2012
1891
2083
3347
-8644
-8077
-7724
1528
-4133
8981
-5245
-2701
9391
-3862
7936
-4033
7340
8682
4850
4317
-1947
-2285
-9322
7220
5925
-296
131
-4317
-4910
-4703
-8635
-6962
7403
6406
8624
-9935
-3673
3473
2307
-7549
-9155
3022
3826
1230
-9979
-3984
-5223
-655
-4302
9773
-6650
-9993
-8640
6818
2425
7809
216
7708
2235
3644
332
1606
343
4808
-8372
5463
1465
-6321
4334
-9337
-1808
-5373
-3947
-9922
-6628
9586
-2139
-2071
8117
-6146
-9726
5957
1626
4295
9868
-3435
6681
6461
-3327
6635
2768
4251
7594
-9484
3973
-1076
2315
5318
-9926
4287
8795
8547
-8891
5815
1883
261
7285
-6644
-6842
-7081
-508
-5770
-9137
1793
-570
-1489
-571
8089
8387
568
201
-799
-3344
-9831
-6427
8738
3822
5488
-3386
1820
3588
-578
-84
5272
-3920
6780
-8539
8467
3521
-6958
1793
-5191
-4501
-8303
-3277
3776
3560
7059
151
-4602
-3686
31
-6345
6049
-9015
-9133
-3744
-9893
6318
238
9452
8750
5531
-2947
7905
5016
-654
9565
-3566
-2349
8401
2820
-5946
-3719
5451
-565
-24
2216
-8164
3247
-9290
7390
1479
-7278
121
8063
5868
8749
-8836
6325
7140
-7701
-1177
-7054
-5154
7653
-360
8108
6737
9198
-889
-867
9059
2418
-6387
3544
3443
1291
-653
2716
8759
-7671
7109
7787
-4577
3593
-2640
6073
-2484
1022
-1198
4008
2946
-5329
-682
843
7530
2769
7979
157
-9580
-1480
6394
-5432
-8428
-3640
74
9618
6676
-1010
3314
7866
5146
9742
3401
-2272
2005
5056
93
-2651
-3007
-9380
-8243
5708
-3256
8681
2159
5929
1444
1496
7556
1117
-5676
-3006
-1926
-2415
-8253
1705
9967
-3731
-5173
-6267
2808
8481
-5175
-227
-2570
-1548
-2219
4347
-9898
-4249
-7399
-3937
-7355
-948
233
4013
-7157
6824
-4636
1182
733
3873
-9298
8318
-8346
-5294
-7982
7078
-8508
-9310
-7336
4556
-8043
536
-9329
-4951
8835
-1311
1052
-2007
-6749
1125
-448
-3160
-3790
-5293
-6291
544
-7212
9499
-2030
9309
6477
-2114
5459
3772
6112
-1139
3897
-580
-8380
-960
3215
-1522
-1734
5858
3612
-2732
-8977
-8953
-3297
291
-5655
8608
-6153
9078
-814
-8965
407
-4273
7357
-9423
240
-992
8145
3264
-5589
7610
-7352
6561
-1407
-5794
-29
4776
-3944
843
8803
4920
-9167
3937
6166
3504
-3743
4396
-8943
-3868
2764
-3217
-4341
-2372
-5174
-6963
-3988
-8108
1611
7489
6638
2308
-8950
-1938
495
8485
-9348
-621
799
1808
-9319
7171
6589
670
2932
1735
5636
-5031
9925
375
-921
-8771
-7886
-2419
9316
2138
4446
3533
-6753
-6264
4713
-126
940
8126
-5994
5278
-2640
-5378
-1830
4235
-3848
8634
3704
3889
-6596
-2831
7057
3049
4301
7060
-9675
4247
-6745
1451
-8462
4438
-1665
5429
4296
-4489
2815
-3360
3582
3159
5737
1409
6377
-2864
-4008
-5956
-951
3320
1921
-1516
-365
-9497
-5899
9511
-7527
-8766
-8865
4700
-5539
-6367
5250
-1511
-5352
194
5953
1150
-7361
8504
3433
8
-16
4999
-5583
-2731
6781
3003
8794
7022
-81
-9827
-8149
9966
7749
-9201
8995
-8660
-910
7127
-6636
-5776
-9420
-9039
6653
2736
-848
3039
7260
109
-36
5834
-2289
-6247
7076
1387
4304
-4243
-2566
-424
-2127
4865
-8534
-5070
2977
831
-5285
-7443
93
1920
6081
6633
-7
4197
7489
-1142
-9369
4862
-9680
-2384
5818
-2997
1889
7853
2981
-1155
-2526
2483
8972
-1534
1772
8337
-6375
1136
-5047
5478
-7343
4381
3322
-9472
-3453
7799
-1395
-4555
-8465
299
5882
5020
-4527
-2031
-7374
1930
-4878
-9010
-9711
-7883
-9625
1578
-1017
-6728
-4351
7056
1057
9015
1467
-784
-618
1829
5246
-8157
6233
7282
-6865
6722
-454
792
9964
-3022
5826
8181
-3982
-9297
-2413
-141
-9490
-8196
-6848
1172
8726
348
-2117
7635
-844
8182
4657
7990
7505
-7635
-2684
-4106
2632
-5327
-4534
-8468
-445
-8599
-9432
-3042
-791
-5353
-5806
207
-7268
-7052
-4616
-6118
-9641
2133
-3990
4554
-9997
-7747
-1314
-2594
-5736
1328
677
9507
-9869
6862
3921
8179
4824
-7150
-237
-9246
-5124
2775
-1167
-5617
-2313
-3779
-9449
3889
-5384
8422
-8013
372
8763
-726
5150
5143
5396
-1175
-8633
-2636
6817
6429
-1648
-4606
-952
7142
-5938
-3470
-6571
6985
178
-4104
-8609
5889
1656
-802
-1747
9300
-261
8673
-9790
6064
-3224
5936
9443
4262
9451
-4358
-5673
7722
-3628
-9640
-5489
-6706
-5880
-8678
3737
-9878
-7954
-2838
-4882
-427
-6917
-3621
6804
929
-3632
6480
5004
2629
420
-4987
-1102
2386
1001
5433
-5113
1296
-4342
-7352
-8152
4084
4841
506
-3458
-3549
-2665
9084
-8968
-6519
-6981
-1577
7808
8368
5743
-3956
1298
457
-2035
-107
3947
-1062
-8613
-7773
-2933
7735
6944
105
-9419
8860
5640
-3234
5355
3268
8519
-7808
-9648
-608
2160
-915
3752
5218
7235
6334
6183
-7195
1096
8113
-7877
-5435
-9209
-1403
3695
-8418
-6100
-2885
-5779
-2182
5724
-791
4961
-88
-3230
-3779
-5673
2646
-3010
1380
-787
209
-3107
-8396
-301
-9832
5171
6363
5459
5609
8724
-87
-2444
-3420
9234
-7745
5424
9235
-6201
5960
8017
-9747
-3269
-9434
4192
830
1991
9827
-4436
5862
7560
-9492
-6733
-9316
-861
-1174
3346
9604
3061
-8706
-3159
-7877
-8822
-9620
-5673
-1676
4883
-5049
-9463
-9951
-4421
9601
-7244
-1845
9605
-2107
-9618
451
-2032
-5512
-8792
963
-6995
7306
857
-8907
-8783
-7635
-4873
9158
9766
-1052
-3887
4190
-4019
-7567
-40
2442
-4350
-3387
-897
-7143
-1983
1792
-1983
7138
-2217
-9066
7371
6015
-5446
3917
1373
6322
-6274
7280
-5339
-9766
-1208
-3927
2102
-7579
-9649
-12
-3478
1257
4915
-6620
4117
-9543
7978
-2014
-5224
3829
164
3587
8053
-3677
-126
8902
-5855
-4357
912
6266
9436
-7070
1461
4712
5583
6026
-8412
-3245
1472
-7003
3373
-9193
7
-2521
9028
-4071
1766
6076
-573
8111
-5294
4654
6786
521
-9228
-9316
9112
7416
-5529
-9826
7467
-5838
-75
-8237
-7664
7189
9555
7338
-1206
7164
-7042
-5458
934
-5061
-55
-5768
2562
6549
-6483
-1042
5545
6093
6386
1029
8465
5141
-4284
410
6546
8995
-6774
-4850
-6145
-1444
687
428
-9006
4289
-4600
1074
383
4292
-8191
-7719
2496
4501
2202
4278
-2756
-7797
-5143
6037
3999
4729
5342
-76
1586
3998
6813
2828
-620
-1904
-4787
9271
8351
9881
-8595
1752
3870
6662
-3666
-5981
-6169
-8437
2368
-5800
-4866
3052
928
6621
9393
395
-6275
851
397
-2265
-4285
3396
-1175
9465
-6716
2107
8746
8241
5988
-5191
415
3070
942
3021
3068
-6171
5350
-8577
-6664
8403
3052
-9246
2133
-8365
9751
-7444
-6813
-1739
-7538
5007
6378
8535
6793
4993
-5698
-6149
-7043
-6484
-1594
-6416
9364
9147
5674
8292
-3646
6911
4597
-4649
-886
8687
8342
2339
-2516
1183
8777
4447
-7894
419
-248
-4453
-266
7325
-1676
7853
4651
-3415
-2278
-4871
7051
-2342
-3049
524
-8592
111
-8963
-7196
-723
7483
-2600
4412
-3039
-4882
5278
342
3549
-4915
5059
7238
5883
4481
-4759
-3613
608
-9213
8134
1803
1065
2284
-4073
-3482
-8642
9209
-4600
-3397
-715
9315
-6663
9267
4770
-3154
-8456
2414
-9810
3068
-5627
-4211
-2260
-5024
100
-7337
-5493
-1407
-421
-2299
-7021
5330
-3789
-5776
6002
-82
-841
-8680
6642
8889
739
-3205
3578
2237
1581
7248
-2937
4160
964
-8300
-7041
7916
7263
997
662
3498
-2936
-8798
3912
3026
-8261
-831
7128
-4658
5987
567
7840
415
-9715
-7435
5678
-8359
2643
-6219
4808
9723
688
-8754
-6539
6833
3359
7718
-1740
-9743
5842
-3918
7078
3176
-2885
-6755
-1704
3079
-9562
-733
-5249
-4085
1659
-640
-6283
5952
5010
-760
2366
-8498
3697
2035
2410
-2620
5089
-575
-6743
8614
7506
-6411
-7753
-3436
-3576
-9348
4228
-9605
7114
6891
7817
-4077
9424
2855
6363
9841
9045
-209
6504
7196
-5429
-5488
8474
2255
-7754
3633
-2720
-6412
-463
-270
-9910
-1862
7616
-8746
5463
7762
5691
-4591
2007
9557
-3584
-7909
-204
-6831
7541
-588
9419
-1633
-8541
-3126
-8477
-295
-8221
7535
-2262
-2778
-6621
3402
-9419
6017
6723
-2890
-3000
-4343
2240
3969
-8408
6507
3243
-1127
-2459
-3948
1914
-3026
-9236
5861
6079
-1273
-7186
-203
-4260
-1376
-1981
-7649
4015
-7800
-2768
-4987
-5040
-9734
-8807
4633
612
4043
-1630
246
8683
-1551
5702
-8225
5071
-8410
5742
-4434
-446
3721
2484
-468
8963
2059
-3639
-5611
-1481
-9473
-4445
8580
-1519
6208
-1393
-6147
9270
1491
3042
-3297
-806
-5967
-2874
-340
1171
3475
2687
9524
-787
-418
8702
4192
4329
-4330
9318
9459
2472
-7014
-7678
1237
-1182
-6332
1764
-2761
4343
9880
4324
-1498
7229
-6164
-182
-8242
-1274
7851
2240
-136
-2936
-3812
-4411
9118
-1761
-7110
-4748
-4625
3826
-7480
-1640
5675
-8282
-1715
-4929
-4022
4208
-8309
-3052
753
8317
-7864
3384
3704
-4394
-1432
4150
61
-8875
-9108
-849
-2429
-6260
-4342
-7792
-5489
-8533
-8315
-4153
522
1779
9049
267
275
4633
-4040
7866
-1119
-847
3762
3774
-852
-9427
-1513
5839
-3400
7755
-7259
7947
5068
-3603
5878
-1887
8349
-315
-4625
-9741
-1460
-438
-6400
2899
6995
-4606
-2145
-2633
-7825
-614
9816
3783
-9849
-6185
2988
5
-5510
-2495
1383
6878
7653
-7472
3641
-8319
-1343
-1278
-7581
-7452
8809
-535
-1436
-5885
4039
7191
-5760
8518
-6118
-3103
347
-1478
7378
-7689
8509
7902
9718
-2111
-4433
5094
-7730
-1390
-437
-883
-5715
-2007
4255
87
-3158
4450
3919
-2412
-7251
4349
-468
6297
4443
6993
9192
32
-8521
7210
-5899
-3861
-5743
8786
4582
-8848
1267
-8531
-2233
-5901
7341
50
356
8683
-5632
-4427
3863
8332
8903
-3460
8621
-313
-9643
-2613
5453
1029
8964
-513
1517
-9413
1482
3455
599
7987
3116
4204
5452
8533
2764
-1402
5563
8727
991
7788
-939
-7969
-3222
8980
-5030
-4333
6059
-865
4336
913
-8003
-1763
-187
440
-4757
-1432
-1767
4409
275
4559
-6154
348
9539
-6071
382
-844
-6807
7752
441
-5010
-7478
6439
8833
-9412
4124
-9001
-4775
-5226
-4470
5169
793
6226
2522
677
9981
-9598
8703
-2423
-7821
-3916
1784
-4519
8087
4932
368
-5430
7949
9833
-4381
-1191
2816
-5495
-9795
9241
-9291
-6205
-7808
26
-9861
-8018
8179
9848
-8371
5409
-9906
-887
6233
9022
-7136
-840
-9073
-589
-6441
-9953
-7987
-4638
9985
-7402
-7685
5859
-4882
9648
446
-5828
-3962
5717
9501
-8003
-5814
7565
-7377
2248
-6995
8298
-5541
5223
3758
3068
4484
4377
9935
2820
1436
-8412
-9142
-9029
1180
7598
467
-7680
9300
635
2182
-1829
3132
-7217
3845
-4382
401
-2400
7118
-2230
-989
-5936
-3557
-247
6394
4023
1912
-3248
8507
-2955
-5947
-3174
-2955
9542
-1860
3478
3807
9793
2108
-8794
3171
-2897
-1527
5302
-5074
-3726
4064
-1944
-629
9504
-2612
-9518
66
1392
8973
4887
-2900
-3197
8818
-2550
-3967
8502
9956
9659
4123
7993
777
-6487
941
8372
-2168
2160
-5456
-3125
1532
2254
6290
-3069
-2534
4611
1759
-6831
-7390
-2092
-4065
-5404
-1240
-4526
-2803
9864
3968
6534
5858
1249
-3811
487
-4695
2800
4808
-4335
-5270
8929
2397
1470
325
-277
8384
-3164
1248
-3770
-8853
6431
1005
2677
-8177
-8619
-2141
-2466
-4032
-8221
8940
4481
-3055
-8399
-9863
5236
1792
-7392
-1367
-5380
-1778
-8801
-8272
-2420
5561
6507
8487
-9326
6251
7143
5438
5202
-613
9945
-2481
295
-8126
-2066
3262
-1509
9874
-60
6958
-2964
-9097
-6703
8410
9195
5038
-2683
4393
-9750
-5555
-662
-8305
2190
3692
-6457
-516
-3706
4883
2835
9898
6574
-9435
6695
-5184
-413
-4215
1185
5454
6631
-2008
2439
-8850
-8571
223
-2757
-3343
1505
-10
70
-9497
-7016
-4174
378
1266
8720
-1156
-9141
2277
916
-9529
-5181
-229
8262
1100
422
8008
-9340
-9533
3922
274
-10
9222
-4881
5342
6827
3709
-4581
-9751
1228
-5112
441
3097
9732
-1862
9947
-7284
2929
7395
9409
-3391
8318
-1218
-1351
-4474
-4702
-5424
-4498
1179
-7313
-4793
-5309
-5233
6991
7094
7334
-9336
-6572
8785
6405
-3161
5940
-7378
2087
-2567
-3139
-5932
5865
3166
5926
5970
-4168
3301
-2002
9738
-57
8306
3986
6420
-6015
3695
5929
-2467
-5315
-8950
3577
6520
82
1290
6785
7072
8445
-1543
-2998
5488
7074
9388
4093
-6983
8715
4919
-6916
811
1081
2505
4433
-267
-9521
-6170
4675
-9791
-5190
1106
-4464
-6572
9163
-4028
-2535
-4367
6950
5702
3416
-6591
1023
-1630
-3292
-2219
8508
-8767
7605
-6048
1573
-2215
8280
-4990
6083
-9541
47
-3456
118
9022
6635
306
3172
1052
-6982
-6771
-1993
5187
-5033
8382
3241
4115
-2493
-6780
853
2555
-369
955
-441
-4415
-1611
4503
65
8926
-1662
2410
-5395
5272
1051
-2191
6774
8912
-7356
-4949
-7430
-2330
2555
4009
203
-2591
-2084
-4698
6738
-7984
-3234
4233
2940
3392
786
165
-5776
-6655
2128
-981
4403
-6578
9817
2786
4115
-5760
7413
4584
8632
-6088
-1711
6425
3720
-8116
-6811
1191
1142
5724
6419
6085
6720
5137
1389
5915
1108
-3315
6562
-4853
-5220
2858
-7665
-8006
9585
-6384
2710
-6565
-2796
-9314
7917
9796
-1868
7157
-8461
-3275
-9883
6098
8381
-692
1345
6244
-3839
2745
-2073
-8119
-9590
5414
3055
8028
8651
976
-6224
1780
-5205
-8329
-4456
5129
7686
-9106
-7935
6320
-2145
9477
9214
7137
7187
-5564
6394
795
1815
3402
-8465
8977
-6837
-587
9198
-6778
-8452
-4437
-6934
6775
931
-8781
1205
3099
7603
2345
4810
619
3451
-3945
-6036
2080
1578
-2560
1625
6569
6056
8333
-5752
-9496
521
-1743
8312
5944
9141
1942
81
-6728
8990
-6404
2781
2982
2603
5621
-699
-7153
-2262
8106
-7049
-5530
5938
8312
-527
-6595
-125
2376
6621
6259
9168
-4821
-3022
5522
-5567
-5688
1795
2198
-3742
-2960
1369
1818
7241
6726
-3836
7544
-9406
5899
4545
-1811
-5477
4167
8583
5878
8717
-6921
-3967
-2997
8530
1170
-4953
-2249
8043
-2019
-2980
5115
-8672
-8363
-3271
7823
1875
-7470
-4683
6765
-6389
4126
9871
4431
7154
1012
-8627
1800
-5700
-3859
8572
2214
8916
5288
-1789
733
769
-583
8209
-5404
-3876
8387
8265
-5298
-3649
1888
8484
4571
6502
6328
-4624
4799
-7931
-2788
-5163
-5680
3784
438
-7588
-2181
8828
-349
6289
8482
4489
-9839
6562
-932
9455
-3560
3690
2311
8778
6494
6383
-2945
-3482
3158
-733
-9880
8569
-8428
3132
6100
-7692
-2795
5386
5812
-4721
-1566
1619
1337
2016
4041
7509
615
2440
-3299
-5835
-1401
-3793
5193
-1399
3457
7627
-1432
-1226
3517
-534
-9124
-392
8165
185
5215
-7905
2876
6500
-1184
7044
-1089
-2203
1036
4916
4986
-4162
496
-7467
7897
8750
-6371
-2510
1060
1036
6221
4649
4142
-5195
6980
7064
-5930
-3259
524
5712
-6083
-6989
-9104
589
9592
9468
1934
1335
353
-3649
-480
-7376
-5291
7369
2633
7008
114
-6297
-5815
4262
-1842
7221
-2242
-1719
5849
2666
-2049
-9660
-4081
5880
-9222
4081
-5780
-8731
9769
7721
-7076
8294
-7322
9248
-6041
-6977
-8129
5491
851
9638
-7121
854
-9055
4865
9371
8921
-1653
834
-8959
4213
-6062
4667
-49
1602
8368
3911
-6761
-6705
-6601
7103
-1447
-4830
-7289
-1682
-9276
-3856
-7263
-9934
8557
9016
-7145
-8385
9576
5876
-868
-3462
-7362
-9983
-846
9258
5303
3881
-2553
-861
-3931
-7618
797
-704
-7583
5385
8500
123
8582
-1267
-7050
-2453
-4970
6099
6718
2139
9899
-6884
-4716
4132
-7341
-4456
-9609
-3698
969
9701
-300
2969
7765
-1244
4088
7845
1513
-8077
-7824
6424
9467
-4815
-1013
5009
9690
-6494
1589
9789
7354
-7927
-6124
-4099
-6627
-5418
-8659
1254
-3971
-4462
-7045
-1413
6269
4078
9491
-4178
-5207
1485
-4652
7630
9054
2625
9830
4330
-9236
-4382
-1825
8820
-951
-383
-7422
-9094
-417
2617
5562
5924
2723
-1533
2168
4458
-541
-1072
8403
-5090
-9884
2869
9848
1199
2263
8377
-7029
7678
-4854
4783
6523
6893
-2815
8165
-8766
-6580
-497
-9090
-4518
362
-3730
7730
-9750
5191
-8808
-4559
8121
-1834
6879
-1326
6242
-1856
173
9971
-315
6182
3509
-833
3564
9670
3322
-4465
-8819
-7987
-5974
-1373
7098
-3097
-133
1060
-98
3869
-8521
-8066
-202
7836
8891
3684
2060
405
5852
-694
2124
-8597
9766
-286
2299
1077
143
9663
-2627
-7292
6544
-7786
1789
9270
5651
-6757
-1298
-7485
7356
366
-7140
-5779
-7409
388
-4379
-6394
-7261
4747
-561
6590
9044
9673
3776
236
9050
5180
-1802
-8204
2386
-2690
4815
-7803
8032
-6291
5025
7362
6204
6127
-3292
-5145
4675
-4919
8405
5801
439
4871
2430
-4669
4390
-4585
-2301
-736
8943
-7881
-3062
1282
2884
-1674
-5060
5794
-6300
1774
-2282
-105
7607
-7161
7942
-9804
2122
4706
-3823
3528
2687
4919
5847
-1813
657
