5171
1
-1367
8289
6209
217
-8875
9322
-7636
-1260
-8254
-7228
-4702
-1265
-4325
2721
-8847
-1580
-3403
-4649
-7234
6344
-9244
-822
-4762
-5212
-5185
-4218
9743
-6731
-9646
8981
1619
-288
2935
5631
5127
-4411
5758
-3031
4552
-8823
-7371
403
5353
3124
470
-7510
6524
126
7995
-1233
4782
-5859
4368
-5140
9034
-1158
5754
405
-5651
-6787
8512
-3242
6019
2973
5800
399
6037
5635
-9210
-3272
-8838
-4386
-1457
573
8298
5647
8888
2515
-9373
1550
8889
-7499
9560
6584
3065
9264
-8114
-4994
1524
6577
7703
2836
5112
-6502
5937
-4512
8275
3337
-98
-1568
9878
-4234
2353
187
4396
5461
-5034
5734
882
1949
-4400
6583
7147
375
-1331
-8138
-5519
4216
-625
-856
2305
5511
8314
-877
8636
-4385
-4642
-7223
3903
-1847
3716
4043
9045
-7195
-1539
-3059
-8556
-590
-5635
7539
6026
-8761
-4457
3729
5250
-1094
1244
7387
-2159
6731
5076
5009
-4908
-2534
9922
3833
-9339
-6182
5976
-749
-9933
3244
-9602
-8352
-7514
516
8459
-8076
4947
7049
-924
-8239
9442
-9644
-7145
-2608
7399
-7989
9775
-5283
-1668
5159
-6085
-611
4484
5783
6193
72
7092
-4378
-2272
7288
4864
-7830
-3571
5983
1176
4345
-6209
8160
135
3982
827
-2478
-3383
-9160
1559
-2
-7278
-7052
4281
1083
9695
-4899
-3738
692
7350
-6332
673
5516
9662
5820
-4947
-6359
8219
-1586
-3810
7389
192
3274
-5503
2489
-5330
-11
6398
-6578
-1202
-7860
4128
-5516
-4290
3450
-7290
-6539
4383
-8667
9447
-2633
932
-5316
7633
-1314
1176
-8973
2594
-4723
-2477
3468
1120
263
-5580
-8391
-8379
-9190
-6172
-9237
9307
8864
-9998
6263
8866
989
-4755
-808
-2214
9241
2320
2339
-7411
8552
-9035
-9272
3090
3148
7927
2999
-9438
-145
8914
6581
-986
7840
1539
8888
-4868
3478
741
-1680
-3194
-2308
-2471
5995
-5149
-3885
1555
-950
-3767
2777
-9730
-7279
3666
7752
8101
6865
-6497
-2075
-7654
5909
-7492
3404
3155
9631
-7339
-7489
5415
2519
3426
193
9356
8208
5809
-7049
-4602
-3726
-5320
4809
7309
9995
575
-4160
517
880
-4743
8234
-4926
2275
7702
3849
6615
-2101
8284
1754
725
-7087
5007
-8411
-1672
5461
-1871
7793
499
4457
9256
-9489
-4282
-8348
-3110
-4786
-8022
-186
8260
-2859
5662
4728
-3975
-8644
5035
-4572
2378
4928
-4805
-3038
4160
6782
-3246
5895
8104
-6307
-5220
-5720
6912
-324
-4664
-7337
-3258
6746
1969
-6106
8500
-423
-9632
-5278
-2812
-8807
8774
-9348
-291
-4667
5180
8243
-7414
2653
8785
9704
-4311
466
4583
-9709
-5086
-7619
-4077
9273
-363
7688
9201
4092
-5281
-1755
-264
-3819
9780
1858
9643
-8146
-3446
2173
4905
8792
4794
-6072
3796
7258
-6748
-8746
-3080
5799
9320
8420
1995
151
110
2626
-5249
-9569
-9176
5258
8453
-2017
3444
8140
4510
-7413
-3278
2681
-7485
8103
8509
-2517
4032
-9400
9417
188
9175
-4341
-9619
-169
-2758
-2918
-4432
8061
-9785
-6125
486
3156
-6396
-9184
9204
3985
-6780
-8700
4327
-1175
6228
4651
-1955
1695
9532
771
-6237
5366
-6351
-6801
-7839
7265
-4771
-653
5190
-2967
-8756
-4490
9943
8087
1672
7858
-4610
-3496
-8205
-3052
-7403
1905
2692
7976
-2192
-7364
-8801
-4433
-5122
-6936
6360
1295
-6849
-1619
5710
-5160
-2719
-3251
-7202
8808
-6655
-3855
-3306
-1010
-3888
4527
3998
6954
1508
1437
99
8796
7353
-9760
3207
-3991
9321
-8959
5065
-9260
-6292
7329
4842
-7012
-2066
-6467
-9502
4905
-6315
8961
1211
-5615
338
-7777
8453
-9330
813
-6307
8864
1897
6162
-4094
7501
-9935
-1388
4823
-7892
-954
-4545
-7026
1969
-3143
7432
-9332
5385
-9048
4442
8811
-3490
-1881
-2191
-6150
2489
9097
3366
-6399
9899
-3117
1937
-8278
-5544
-3415
8716
2239
4129
-5521
-4811
382
6861
-763
-3671
-5479
6187
7576
-8505
2932
-1068
-587
-2704
-1577
-2600
-1578
-9640
-3967
-3947
2401
5537
3524
3176
-2347
-9731
4279
8381
421
-7194
-6270
-544
4207
3328
2455
9306
-1280
917
-5717
-8775
-4150
9530
-842
1350
-4176
-6784
-411
-6917
927
-171
2868
2356
-7454
432
6081
4615
-780
7489
-5361
-242
8107
4126
-6257
-9821
1032
2009
9850
-8792
5255
-18
2647
-6624
129
4798
5178
6461
-3349
-6672
89
7102
-7382
6377
6716
2392
-9000
-8321
-9823
-6587
8550
-810
-1771
-2868
3699
1737
1313
-1811
-1623
-7645
5848
-5001
-4673
2120
-1534
-6328
-3060
4241
-6469
-1173
-3403
-806
9998
-387
490
9975
-848
-859
-8755
9041
8063
7757
7819
1262
-3670
4454
-3830
1326
-902
-2903
6872
5862
-6453
-5288
-5254
2163
-5803
6493
7022
-2504
7359
1766
-6263
9627
4827
-1427
-9754
-5286
-2145
-4844
-1540
7112
5672
8361
-7968
8433
7665
-3226
-5495
1468
1659
-5028
-7861
3504
-5405
6546
-7426
5262
1941
8021
-2883
8002
3453
9347
2998
-2423
6457
-603
3463
7068
-9116
6294
-9910
-433
2251
3559
-8295
1876
1481
4137
-4480
-528
6257
-3754
9971
-9544
1801
-1712
-1460
7842
4411
3054
-650
862
2944
9671
-5993
-3277
9347
-6754
-5584
9929
8214
4372
5034
-6949
3564
7656
3740
1309
7571
-2802
5350
3801
-4202
-7678
-3069
-6468
1972
9773
-6819
-9615
8776
-6526
-7489
7243
105
-3126
7280
-3668
-8765
-323
-9528
9661
8372
-6839
-8142
-6175
-1954
-3095
-6255
1156
-206
2483
-8316
-5750
-1190
-4807
-4481
-2193
6201
9028
2531
492
-3809
8809
2743
8176
-1957
-4033
-3239
4205
4179
9353
6853
-8003
-4227
6457
-7339
-9353
8936
4753
5674
6658
5411
4056
4278
-1474
-1687
7219
-5579
8045
4551
1460
3048
-6853
967
-5526
7740
9612
-4369
-6139
-9699
-8422
-7832
6578
5038
3059
-1131
-9952
7594
627
-425
-926
3450
-1800
2618
837
-558
3509
-4813
1264
-9038
-5651
-2089
1429
8632
-8571
8798
-4250
-479
1065
5207
-4571
7735
-8977
-4937
3841
9256
-5595
-4214
2789
7682
7674
-1433
-8644
7753
8031
3264
701
-7396
5442
1269
4964
699
1148
9096
3548
-3045
-4554
-3827
-9391
-6996
7249
-9729
9603
7023
-4593
1272
-7412
-1283
4947
-4113
-5471
9870
-2832
9082
6896
-3906
2927
5875
-9751
-6636
2192
9183
8617
-2764
-9140
-4552
6792
9564
4940
-1354
-4348
1599
7293
7848
49
1613
-795
2992
6845
-8536
5149
-162
5204
1688
1645
-9438
9947
5017
-5448
6244
-6543
4767
6616
6828
7052
809
-7145
-7221
-1184
-4752
-4002
2479
5575
915
-4029
609
-3058
3034
3809
769
-9652
8908
5313
8175
3905
-6022
-3502
6156
4091
-2271
6228
-7928
2391
-8870
-5456
7454
4393
6035
4014
-97
-4185
-4109
6724
1223
-1559
-4574
-8439
-2709
-5781
-7810
7868
3742
-1667
-3505
-3859
-5008
-9698
6154
2081
6743
-3439
3684
670
7580
1865
-3029
-6909
-4168
5405
-6770
-9918
396
-9632
-7033
-640
4287
8560
-762
5028
-9971
1507
-526
-8586
-135
-6525
3455
-5258
-1490
-3710
-7499
9040
-824
-3538
-560
-5884
-9449
-5479
455
6299
-7316
-6582
5687
-6233
-9738
4390
-4765
-2574
-4498
1471
743
2854
1782
-7901
1733
-8117
-1458
-1836
-2673
5373
6249
7028
3948
1854
5363
8441
-9099
5238
7273
6031
-5775
7934
9269
-9484
-986
1815
4473
-9242
6297
-5085
2742
8180
-4054
-5911
-689
-865
-9549
8107
473
4840
8450
2310
8030
798
-8190
-837
2455
-5613
8426
-1128
-1325
-2997
-4258
-5309
1474
-8154
-6182
-7450
-687
3079
-9522
1530
-385
-2730
3593
-5865
-5130
257
-464
4003
-2926
-5204
4137
1073
-5632
-4134
-1371
982
2596
-5336
9033
9581
-5100
1807
-529
3141
1871
6713
8786
-7814
-8896
9815
-6846
-3864
-845
-7946
-3403
6242
3815
1531
9876
2724
9126
4984
8643
7588
-2049
-2309
2477
-6151
-797
-1800
-8926
9881
-555
6421
8214
8999
5477
1847
-9923
-6071
1690
-172
-2742
-3247
2434
4032
-8625
9043
-6317
-6272
-8239
-4605
-2012
1535
9563
4370
1743
7120
2959
1681
3805
3369
-2398
-819
-7245
6287
3379
3863
-9157
-2177
-635
9991
-8417
-5900
9494
4553
-3171
5812
-8980
1703
8542
688
-5581
4084
-8938
-2076
-588
-6149
223
-3955
-7566
-9125
5257
275
-4234
6999
-1383
-6577
-1635
6762
-2168
3873
42
-8859
3292
6411
3326
9271
-4277
-1731
3686
730
5704
-994
7699
-2795
-721
-5668
-4963
9173
-2863
-9532
-6917
6361
-5335
-618
-6772
-7821
-3484
6441
-7547
-5579
-8675
8890
-2445
-3692
5230
778
6972
-8066
1661
1550
3825
-9999
2297
6485
-8364
9002
773
7812
7057
-5211
376
-9219
-1859
9802
8806
-5950
-3684
-1710
8096
1175
2362
-7603
3776
3941
4467
-9435
1165
-117
-9693
-9645
-3157
-6984
7106
-2459
-4458
7772
-262
-400
-4269
-3826
-5572
2464
8959
-8502
4434
5021
655
-4793
-9346
8924
-9819
-7699
9353
-2508
3632
9022
3012
-1865
-6266
-1243
-1210
-4433
4226
2842
-5844
5293
-1669
-4801
-904
2547
-7330
2343
-6493
-5482
-1010
-7976
-8431
1458
8065
-6808
1918
-5947
7353
-4523
4198
-6552
-6371
1905
9606
-8445
1538
-6431
6474
6911
-5006
-416
6207
-6133
-5777
-1085
202
-3164
3714
4582
4613
5780
-8277
3661
-7054
915
-7206
5101
4649
-4539
-4558
-8529
817
-1390
3502
5563
7534
4530
-2023
-4214
-8486
-2984
-3584
9285
-3506
-2090
5862
8121
7481
2464
-5857
8414
4795
7334
6883
7811
-331
1194
-7119
3101
9744
-1555
7612
2501
-3139
479
-2704
-2915
1938
9192
7409
-9056
8739
2998
3566
1985
-7877
-776
4271
6793
-2748
7210
765
-5856
-2377
-6346
1133
-4140
-5300
-4553
9311
5519
8750
-7367
-1977
825
7155
3997
4133
2366
7580
7954
5681
-4842
5603
5039
562
2523
-5123
4145
-4591
-1675
2502
6555
-7838
6397
-1669
-4001
-6814
3522
4281
-1295
-2066
6029
-9663
-6656
-8503
4888
-7453
-8077
1225
-3929
-2126
6112
9955
9591
5021
-7716
965
8346
-8368
1566
-5392
2039
-4307
1090
7656
5847
-1789
8122
-8589
-2034
-3506
4279
1498
-4653
-4863
4502
7327
-3238
9449
8987
-4078
190
-4226
6266
-4922
-2955
2759
251
4050
1956
2622
1446
-1123
5752
-5155
4273
6704
-6808
2097
238
7414
514
8642
8473
-3256
5448
1958
5624
-5393
8086
-6831
813
-7272
3659
5773
1292
841
-6012
-6797
-174
-9286
-7459
9368
8215
-8629
2724
3525
-6887
-6111
727
-3405
1856
-8971
-7531
7174
7121
4231
-7826
-4739
2712
-8047
-9391
7868
643
-6301
8053
-44
6354
-8224
-1621
4359
7256
795
3644
106
-5909
-9167
-7262
-6618
3642
776
-62
-2739
-7719
-2560
-792
-5861
2057
-703
-8337
-5209
9804
-545
6726
-6137
3141
-2958
1667
-1636
-8714
-3663
7548
-5929
651
-8497
1586
-7623
8704
-9931
405
8075
-7386
-8801
-8376
9025
8798
2684
7496
6247
-1671
5142
5395
3590
-9888
-798
-796
2269
718
5002
5596
9876
-4085
9466
273
-8225
-9354
-9840
-812
9920
1434
-528
9342
4011
6981
-3285
7812
-4672
-4960
1312
-2229
-563
-8833
5676
692
9930
-9043
653
-6651
3048
-6429
7944
5340
-4463
147
4135
1600
-6911
-7839
-8714
-8915
-4927
-7122
8217
2770
8596
7074
6219
9538
-7040
3776
-1061
-87
-1790
7488
-7615
-5886
-3247
5062
-491
-2584
4040
-8752
6733
-9090
2129
1760
6227
-8585
-391
-2654
-2731
2369
9471
3137
-7153
-6754
1377
4672
5613
-5218
-1641
6553
-3648
-5617
5065
3396
-7363
-7104
-2908
1788
-2374
-9598
-5081
5343
-7761
-4068
-5209
4498
7292
4635
-9517
-1470
-4859
5099
-5473
6941
-1601
-7826
-3513
8373
-9595
4218
-9767
949
-1895
9667
4077
3863
3729
-5035
3936
6798
931
3796
8821
5060
3264
5933
6539
-1004
3499
-5388
2230
8999
-3720
-4795
1991
-1739
-4977
-4775
5159
5306
-7621
9189
-3305
6744
1607
-3
-9255
-8272
-6657
-2149
-6128
-133
462
-7758
8751
8034
-9246
9365
1302
-9467
3118
9454
-618
-232
6917
6627
2780
-3528
-1539
8658
-9139
-6176
-4343
625
-6341
-2426
-9627
-5730
3958
937
-3866
-9128
-498
-478
-7470
-6498
1796
1549
-1697
6713
3199
7668
-4941
-107
6954
-1725
-4737
3446
2012
3988
4549
183
9028
-6986
-1571
6891
-2274
2580
-1590
-1126
-5754
9965
-232
-8274
-8379
-9638
-3703
7104
-3893
-2662
8649
1543
4859
-4495
-9660
-1113
-5448
-8828
-1240
-5542
-4499
-2711
1423
-4166
-7729
-3389
-6887
-8083
-9665
4833
-5044
-7469
4221
4294
-1045
-1021
-9388
8914
3041
-6009
-9127
7407
8843
5736
-8572
-8096
5393
-8723
-8414
-2383
1380
3423
-2956
-5621
9948
3395
2162
-1993
1649
3037
-4120
8504
-3324
-744
-8883
8684
1505
7462
-1222
5154
-711
3716
7049
3955
1472
9392
347
1392
-5030
-4523
535
-3489
-7038
4993
-2499
-1326
-2747
-9050
7478
-1160
-2552
-3460
-3303
-4237
-2580
977
2797
-1079
3647
9012
-2327
-9584
-1897
-7080
8090
3513
-1240
3102
-904
-7062
-2917
-4664
-1305
5826
-2588
-9654
-1380
9605
-6049
3582
4883
7215
-8878
-3975
-9752
-5565
4464
-6837
-4495
7945
-5232
-9013
6350
-2396
-561
3797
-5906
-1784
-5815
-2944
-2837
7334
5557
-1071
-4146
9116
6170
-7965
1500
8805
-7612
4428
6177
7872
-4008
6727
6791
1190
-3220
-8949
431
8675
3098
3607
-1500
-7450
-4031
-4296
6703
-4701
-937
-4072
-9262
6079
9242
-3207
6361
1053
-502
-511
5404
-430
3409
1140
9979
5146
5909
-2063
6789
-211
4239
9860
-6405
1120
-2792
3247
7376
2919
7385
-2792
7432
2335
921
8583
6380
2671
-7939
6132
-5171
5299
3851
-3965
5814
5381
9821
-91
-3932
5796
-5838
1758
-2479
-9619
1696
2559
5282
-3048
8126
-1550
-8027
-8594
7262
816
1046
3470
4676
6048
-6493
8132
219
-341
-908
-640
-9598
8770
-578
-5002
-3619
6023
215
-7139
3359
-8509
-7553
7088
5162
-5930
9729
8827
-9603
3699
-5891
8715
-6467
-7381
-5595
429
5055
3622
-5831
-8365
4415
713
4765
730
-1746
1358
-188
140
6783
5022
7669
-8116
-6398
-776
4085
2096
8760
4001
8147
98
7257
8079
-2028
-4786
9717
-6221
8450
-3868
1408
-8304
2726
300
-7708
-8065
-3264
-5627
-476
-8764
-5069
7078
-6563
-3231
-7112
1044
8961
-5833
6065
-9983
8785
9658
4200
4995
-7177
-4813
-1211
3570
3714
-5
-4317
8083
8002
-6058
-6266
-3270
7199
5603
-5366
5194
-9012
506
-2726
617
512
1120
9894
-1989
5978
-9052
-6465
6194
4667
-7742
-9593
7768
-5646
-1946
5366
8633
3504
3373
4837
3514
-3754
-9731
5138
9122
-8950
2233
9274
6156
3084
1019
-4186
-5542
4981
8162
-4658
-1613
-5172
-444
9288
5099
-6784
2209
-285
-7800
-1330
9449
4534
4493
-978
-3442
-3685
-2376
-2347
-7415
6397
-4471
-7945
-4353
-9958
3969
-2585
-5511
6537
-8927
-4832
6846
-5732
6714
-4467
6772
-5237
7667
8180
4807
-4718
1222
-253
-9171
7954
-7898
-9630
1904
-3794
-346
-4351
8270
8665
-3645
-841
1395
1885
-4998
-8760
3206
1268
-4078
5860
9948
7861
2161
1365
80
-1931
-9693
1398
-5135
1752
8993
9120
3066
-573
-1051
-5274
-8988
-3201
11
-6373
-9874
-1864
6076
-8664
-7170
9459
-2099
2612
6000
6304
6621
7334
-5531
2025
9293
5946
-5857
1958
-1271
3962
76
4192
-2408
2315
-6651
4087
-3089
6425
-8648
6014
-7764
4407
-4330
-3502
9637
842
3822
4161
-4835
-9117
6291
9200
544
5538
1023
-8052
6665
5681
-1084
-6368
-2032
-7335
-985
4302
-5015
1036
-4672
6064
30
-8581
4199
7085
-6265
8212
-8886
58
-4372
-1026
7566
8126
9709
-2336
489
-735
856
-6329
-4385
8024
-1050
-5723
-8968
1421
7695
5963
6971
-5692
9488
-4097
151
5975
-2047
554
7129
-3875
6851
-9204
-3077
1329
-1222
-214
492
-57
-507
4043
5551
-8972
2703
6882
-7055
-8285
-5672
-1201
-9117
-4171
-5817
-3323
6401
9534
-3144
4426
3267
7219
-2527
-4495
-4269
1733
6988
1240
-1842
-1008
9238
-7378
-800
-3931
-9024
-2472
4133
-564
4334
5193
3172
2958
1530
3760
9405
-376
-9008
-1941
9191
252
-5014
-230
-5103
4362
759
7461
-4797
-5498
-4785
9169
-6105
-9252
9461
-6220
-126
8700
-8384
4397
-9130
-8338
-7654
1972
518
-5215
4064
-947
-4485
8706
-7992
968
2119
8719
6401
378
-6322
6164
3062
-4349
-1982
-3132
-6483
-8686
1711
5168
2477
-187
6478
-2999
-4546
6660
9525
-8196
-4816
-5576
3482
7347
-2011
-3383
9058
-8272
-191
-1616
3048
-2528
-9582
-680
-2363
-576
2967
-4299
-790
369
5208
-4664
-4574
-8365
-7143
7343
-4727
-3614
-5449
-6124
1316
-4484
-874
8107
5697
4561
9310
-8572
-2949
-8361
-3730
6749
2647
2838
-8592
3085
287
2382
-354
3575
5144
-1990
8521
6840
5473
-6043
-9930
2506
-7941
-5628
-508
6741
-5328
-2094
6865
5207
-8201
-1134
8779
-2762
5092
467
-5417
4030
1052
1889
9457
-9935
-3074
7260
9720
-4210
2115
-8151
-3201
-5258
-3951
907
-7740
3610
-4363
-9813
-117
2091
8407
2669
9943
-7314
2732
2527
404
-288
-7861
4250
-1548
-5178
129
-6471
-6326
-2187
5830
-596
1820
3722
-4599
-422
788
-8781
2987
-8980
6158
-3829
7077
-2641
3191
3814
462
8103
-9952
-5937
-4982
9904
9109
-7806
2362
1564
-1581
-5229
7688
-3127
7204
2830
1925
177
4096
-6098
-8671
4419
-5589
610
-8184
-8303
3187
-3150
-7486
3168
1040
-979
-9106
4183
-6775
100
9861
-9690
-4866
6731
-6844
-3042
-4516
-2234
6429
4514
1870
-7079
3168
-4924
4428
7508
2412
511
-3703
-5677
-6692
8759
-7633
3446
-8147
6079
-965
1918
7743
8778
6364
9043
-6187
4232
501
9901
-3891
2146
3807
9515
-2742
-6380
1933
1023
4059
1520
-7745
8034
-8494
-6246
-2998
5479
-680
7615
3012
-5037
-3939
6202
5944
-3493
-1039
-7746
5319
-6875
-6994
3688
2440
1642
-8758
2013
-812
179
-4679
-5049
-7301
6989
-8080
6029
9789
9916
1747
-1303
-631
2332
9680
-3347
-299
3061
-5060
1925
-4416
252
567
-106
-4857
7240
-1100
-4276
-5543
-5847
-1116
4838
3959
2589
-6845
-3291
2953
-1874
-9447
5031
-3305
3174
-2861
-7254
5938
1647
-4154
8248
-6794
8844
963
3990
-980
4746
5691
4870
8759
4960
1091
2052
-3771
-729
-6211
-4336
2705
-8362
-5020
-5634
-2621
-8128
9101
9306
7552
8697
-9354
6232
-7508
974
-6827
-5451
-7007
9339
-6460
5144
-6092
-3671
-4400
-7131
-9263
4275
-9031
-9441
4298
6449
211
-327
-2792
-1404
-4588
1162
-7879
8514
186
8397
-3972
-5182
2561
-5845
-4831
4892
-8905
-1780
2734
2935
1186
-8824
-98
7797
-7623
2052
9760
-5472
-9220
6860
9759
5766
-2059
-7517
2305
335
-5512
5465
4255
-279
-2401
-5987
-3978
296
757
3459
7855
-2354
9763
-5765
-2316
-6790
2130
-3528
7466
6691
1532
-5932
-4650
-814
-8967
1204
9677
9868
-9831
9245
-3691
-7934
-579
-468
5396
-8582
2183
3777
-7130
-5311
7985
9058
9265
6857
4411
9216
376
8937
-450
-406
4793
-4638
4482
-8551
-4648
-6777
-9977
-7648
-5656
1142
80
-7447
2975
682
7301
-8082
-1083
942
6319
2361
9253
2044
3137
6003
8532
9731
-8793
6630
3624
-8609
1200
6244
-3107
-6812
-2330
-59
4115
9640
3316
4978
9222
-5680
-2747
9022
-2668
1606
9375
8065
-6577
-272
-115
-8364
-5907
2514
-2306
8620
-8747
7166
-1324
1580
-4193
273
9705
-6645
4471
-9307
639
-6777
2026
6642
-9079
784
-8734
3298
7059
5387
3497
-5717
-2792
9478
-3235
-3669
7107
2778
8529
-603
3149
-2033
7792
-1611
-9744
5506
6801
-6799
3396
6473
4944
1145
-6170
5851
5662
-1896
-9941
-4319
560
-5378
-4745
-1248
2865
8033
-8996
37
-6994
-9345
-9930
4378
4037
-3033
2048
-335
-9832
5436
-6846
6384
-544
1343
1041
1296
-9876
-3258
-8667
3713
-7935
-5970
-9286
-1887
-9916
-7730
3589
-1575
4029
8507
6981
-900
-5828
8631
5784
-5905
-6145
6944
9793
5617
-4027
-7474
-3187
4740
-6544
-8917
6301
9175
6063
-6405
7017
3139
-8954
4290
3053
-1124
1071
9008
8483
-9930
-8640
5790
2649
3649
3248
-9219
8759
-8860
-9035
657
-4291
6805
-9812
-5444
-31
8384
-2277
-7171
-7749
6824
-238
-6567
865
-674
-4431
9166
1875
-6365
555
-8945
-362
-5590
-4609
4805
-334
6859
-3727
-7838
-718
8115
-6722
8415
2235
-3963
4137
-4792
7841
4400
-5584
2156
2250
-5363
3583
-7020
-885
6973
-9815
4932
-7952
1439
-7186
5058
9061
7765
-5442
-9300
-221
6376
-6774
7687
9417
-4564
2782
-5525
-4384
1000
2708
-5587
-2282
-5126
6162
-5518
-7180
-8935
3015
3327
-6088
-7477
-6857
-6816
2584
-5753
-1165
1885
361
-4379
4858
3098
4122
-8702
-3194
-8174
-869
959
-4655
-1428
-7006
6268
8835
9544
-8014
-7052
2560
4886
-3137
3543
-4603
5316
-3965
-8392
-1100
-8454
8599
7354
-6448
-7196
3523
8739
-6211
-5030
-7298
2488
-6502
-1701
-604
9957
5494
4223
-6816
-1342
-6682
-9339
-1122
6049
-6698
7040
-6016
-4863
-7538
-2816
-5050
-7631
3895
4563
2572
-2475
-9896
9561
4656
6614
-2291
8963
5951
8138
-1573
-5137
3592
-3251
-1738
654
8044
-688
2146
5931
-5249
2326
-4488
-1399
-5531
870
-5643
2292
3293
-2377
-4106
4426
-1444
4237
5317
-6853
-2481
3417
6075
7635
7375
-3723
-6912
-5793
5759
9027
5528
9002
-3538
-3086
-9168
9763
-8631
1314
4861
-5111
3609
3920
-9225
-6120
-5464
8093
3628
7111
-7520
189
5944
-7651
-2372
-8268
-6255
-3756
-4222
2234
4386
6470
9701
9757
-1793
-9355
7728
-586
3888
4927
-763
-8268
9981
7560
3795
-8411
-488
4781
-2851
-7703
7621
8793
-4255
-8137
-3436
3338
-6756
1731
2680
7833
6827
1912
-8795
8665
5271
-5307
2144
4899
-9596
-1502
1056
-9247
9084
2763
8701
-9821
8903
3084
-1854
9973
7812
3781
-4906
3648
-6625
1781
-2725
5572
-7154
8787
-694
-6055
5158
2646
3681
-7695
-4573
-2790
-2571
5202
4157
9455
-2609
9260
3411
-5356
9255
-881
-7548
-185
9980
-7556
4447
7420
-9928
9047
3992
33
444
-3554
3855
-3559
-7814
-4003
6586
1529
-2439
-7794
5118
-392
-9867
-6521
7438
-6159
5457
9934
8522
236
5252
9361
-1471
2938
4452
9233
-5028
2498
-5192
-1756
594
3632
-7802
-4490
-9125
-4548
-4444
-3416
-9244
6292
6819
2312
-2427
4942
-3454
4382
-5476
5545
-701
-5756
268
1680
143
5961
5011
-396
-5056
-1769
6557
1071
9113
4159
-6899
1849
-1898
1519
1856
-6637
8534
476
-5132
1896
-1622
6440
5461
-6543
169
3366
-8854
-4383
-2314
-2474
3227
-1531
-4016
1152
-8288
-9902
-8195
-4945
6264
2919
-9296
7130
9182
-1913
6569
-9775
8827
1175
4599
6441
-9627
6891
-2309
1629
-216
6677
-6805
8970
-9852
4752
-9184
968
8860
-668
4311
-9226
6457
8490
8313
5933
2258
-5927
1836
7577
-931
9362
-4124
639
-370
4678
5820
-3667
9150
-5014
6717
6104
8613
8819
6208
-8451
1936
5685
-7659
8012
6881
-9694
-5569
430
2210
898
5584
-1961
-3963
2087
4406
1095
-696
-9591
-4394
7027
-9595
9755
-401
-217
8955
-3629
5039
9800
667
-412
5290
9136
-9056
-4996
-3204
-7243
-1676
-8131
8352
-1407
-9947
-5926
9672
-5633
3276
-4153
6725
-9944
-9973
5893
-1881
-4784
-7451
-2943
2471
939
2084
-923
5104
8613
-4698
-3409
8623
-2942
2604
9790
-7938
744
-6564
-5849
-8995
6698
-857
-8963
7495
-7310
3977
2934
6621
-9569
3916
9438
6975
-6037
9219
-8217
-8327
-2994
-5566
9144
-4977
-4905
-8740
-431
-3697
-9963
-1570
3470
-357
-2381
-6948
3298
6239
-2857
-8085
-1906
-2850
-1645
-6630
4394
4611
7118
8099
-9871
-8246
-4571
-1646
-7985
3907
4477
4748
-1044
6134
-877
1177
-8950
-4227
-6986
-5499
-4869
-1057
-9887
-3633
1696
-5019
-4601
7771
-8550
-759
-9125
9165
4113
-6983
1125
185
5113
-1660
5301
-6660
4166
-9519
-2576
6300
-1110
829
-3226
-8176
-5573
2222
2021
-1949
6628
8908
-6230
-4971
-639
8188
5854
-456
8691
6763
-8054
-4497
-6403
8819
2701
6095
1967
-5285
-4163
-928
-2604
5705
-9665
-2699
2712
-6295
-5570
-7898
-4738
-1801
3771
-3398
-7002
7628
3937
4053
-5522
-2769
9479
-2524
-8389
-1163
7848
-1817
-8808
1535
1428
9191
8515
-441
9099
-5157
-7331
3951
6646
-5157
-3262
-8986
-8510
1413
-3523
-9191
5387
1726
-1533
-519
7201
-8470
688
-1663
2506
174
-2021
8653
-7497
-4649
-1097
-6617
-9038
-2688
1835
-843
7791
6002
1117
6640
-6817
404
-8648
-4332
-5465
-9384
9410
6261
-4607
-1440
1563
-7117
-909
-1344
-4507
-4429
-7797
-2726
-1252
8991
-4605
1464
2231
-9271
6274
-9158
7037
4831
6331
7900
-2410
3133
1727
-696
-6466
-8868
-612
9211
-3405
-7505
-3466
6104
2423
-92
-3614
-382
6080
4148
306
1021
-6657
-9291
-6865
-8011
-9995
-575
-1686
-6445
175
-5777
-8093
-3213
-3076
-3384
7258
8987
-4198
7794
-8528
-3967
5051
-2815
-4671
1727
9249
3227
-7325
3120
-5193
-1317
8794
-5050
-2200
-222
-1297
-4573
-5192
-5471
8790
6257
-5242
-8509
-3215
2276
-810
-9402
-5773
-7234
-6174
4831
-6614
-1466
-7199
-9774
-7484
4027
6537
-3128
4243
8111
9054
-3899
-3141
9080
6047
5133
-7800
2751
8385
3168
-2174
9280
-802
3740
-596
-2051
9875
-592
2223
-1600
5678
-5516
-6396
6340
8154
-7819
5674
-6620
-8548
4702
9566
7220
-9691
3121
5498
-9013
4477
-667
3384
-631
5065
-1085
-7268
-7089
5999
6099
6864
-5814
-2018
-4451
-3113
2810
984
-641
126
-5781
427
-5792
-622
-3043
5342
-6425
2740
9609
-3947
5972
404
8717
-7646
-324
-8158
-3714
7830
643
1470
-6635
-5651
-5246
-2464
-5124
4498
-9665
-330
-7641
-9530
-2075
-6414
5001
5451
-4598
8138
342
8066
-4848
-4339
4069
-5239
-8241
363
-2219
6776
-4878
-2085
275
2233
-5158
4138
1851
-8128
5839
-5807
7586
3412
-604
-1849
-9693
-3070
-1753
6275
272
2284
818
4101
-6250
-9100
7679
-5854
9410
448
-5069
8233
-7176
-7948
5629
3016
4082
-3337
-3199
-8689
9940
-3503
-2605
-9271
2097
-7369
7563
-8794
-2722
5212
1263
-8744
-8341
-2789
4616
-4720
-8610
4782
6073
1646
-9829
3088
-7425
-714
-6784
-1984
-3932
-161
1431
-3720
222
-6919
9439
-9561
5185
3125
5559
-5071
8312
3238
8865
2575
6515
8335
-5982
-1043
802
-187
-9938
8682
4606
-6833
5807
9727
-2211
-1779
-9804
4848
3478
-993
2905
553
-8200
574
-9088
-7201
2752
3769
7065
351
-4866
-720
7098
-110
528
-4156
-3712
-5394
5978
2289
3792
8240
312
-3318
-5436
-7709
-873
-7454
-5981
7798
-3110
-590
-8100
-651
6555
9762
612
9940
1456
-5610
6267
1557
-2506
-1483
836
4401
-2824
-5757
-2131
6342
1532
7443
4307
8807
-6047
6088
-3835
6467
4089
-6805
-7159
5397
-2546
8369
5344
5259
-7721
-6402
984
-4069
-6831
4710
-1392
-3174
-225
-6493
-2616
3304
-2522
7376
-2227
-9260
-9123
-8185
-8414
-1798
-5677
9951
-9978
5864
-3025
-4919
-3513
5420
4951
-3394
-4053
2411
2300
3426
9961
4892
-9073
-6666
8838
772
-3043
-752
-3243
7697
419
3650
-6148
-4176
883
9347
-7867
8542
-4187
-5088
-1945
-8099
-2641
7875
-213
5433
1113
9071
4820
-6113
-6769
7102
3761
-9646
-8521
8932
6409
663
-8061
-5352
-9779
72
618
8702
-9955
8349
-930
5602
116
3633
-6793
3168
-6724
-2216
7140
65
-6237
6422
4088
-4551
-5595
-3706
8061
7251
-3541
6486
-1304
3334
1967
7558
-3732
-698
3675
-8239
-9682
-2925
-1097
-1346
8149
-5359
3460
3597
-8857
8152
7383
8606
3341
-4213
9339
8658
-4230
-3050
6442
-6152
6401
5851
9448
5696
-9712
4392
-3433
-7166
8576
-7006
-4180
688
3833
-7548
28
-1343
1725
-8147
6523
-9316
-5711
-6961
5987
2342
6786
-8257
6304
-9063
3735
-9620
5152
8053
-1676
-6156
-4049
-7455
-943
-3488
-9067
3704
9088
3196
-7535
-3752
-5358
6029
2788
7070
471
5317
5186
-5530
9919
3886
3254
-9564
9272
-6847
-9244
5200
-9636
-6458
-4578
-2801
1513
6024
2618
8367
-7045
-4512
-1280
-143
2236
-3277
8863
5796
7353
3943
9613
5020
-8487
-9887
5821
8877
6899
2152
5978
7112
2041
-2336
-8989
9694
-887
-5655
-6716
1366
-7230
5067
-6472
-8410
2437
-203
2764
1561
9566
-9335
2820
-305
-9983
8655
8300
9654
-7633
714
5294
8856
-1272
-4858
-5495
-1830
-5709
2445
-9284
-6808
3728
-3284
9132
-887
-470
-5318
-7301
6907
-4064
2687
-8461
-6389
9921
4860
7391
-5493
-8721
-7674
-6668
-6098
-4438
4261
9855
-9630
3411
7039
-6075
4944
-5587
1378
5026
-2291
2630
-4314
2699
3419
7837
8811
-2949
-8447
-5661
-7385
-4322
-4503
9423
723
8330
-7110
-8653
-3424
2659
3160
3669
-8502
6379
1062
-9719
-9133
5532
9790
2937
1349
-6011
6827
2835
-9953
-9274
9003
-7681
9457
-8365
6330
4054
5076
3875
-3128
-1150
-5603
7096
-6166
4258
-9625
-3797
7394
-2935
-8537
8780
2595
9860
3594
-677
731
3228
-6630
-135
-549
1897
-2285
-1695
-5738
-9028
-9999
-4033
9455
-2316
2939
-5149
4910
-367
-8477
-8464
-9296
-9123
484
-8430
-2318
757
-5893
-5597
8610
-7072
6423
-5696
-5842
8945
9555
2105
-1640
-8281
7545
3123
-9077
273
8108
9023
-2566
-196
-8994
9931
-5158
2348
-1489
372
6175
9943
-6963
-1017
7825
-5308
-338
-5329
515
-9049
3979
119
8358
6585
9061
3003
3830
1461
1021
9514
-3662
-1612
6397
3027
-1290
262
-9060
-3929
6046
6253
-1645
-3699
9539
-5283
-4027
-8801
-363
1620
9149
-3247
4587
6570
7253
-8776
-9684
5608
8645
9244
7472
5639
-8680
-7506
-3068
-2633
-7983
-6587
-9979
-8320
-2018
7767
-4834
2371
5489
337
-4519
-7112
5046
1295
-7503
-423
5596
7113
9204
-5127
5621
4895
-291
-6634
-2830
-2686
-6993
-462
-5335
-120
-2859
-7583
3732
-2324
-3083
4072
-9856
-2212
-5647
-6554
4840
8810
4189
8612
-1930
5793
3334
9778
4691
4860
8747
-9047
1629
-4445
8545
8980
1999
3038
-4650
-4785
5809
-2708
9455
5713
-5630
-4729
3512
2290
802
-7327
7379
-6677
-8271
-7368
2438
4874
-8092
7701
-2439
-7742
8519
4180
-9571
3647
6733
4983
3226
1408
-7975
-9871
1930
9212
4337
-647
-1540
-7062
-3508
1570
-3473
6424
5617
-216
3356
6891
-2714
7850
-4074
9989
-9822
-1360
-5121
6791
4761
-310
-5809
9508
6886
2857
9571
8809
5910
1630
-9085
5560
9245
-1745
-9026
8010
-2627
-124
-286
2242
-5397
4333
6368
5123
4522
7874
3338
-4742
5924
367
7915
-6212
-564
9683
4393
-5582
-8518
4012
-1494
-9145
-3088
-4201
7938
-7700
9154
-3230
-8525
-4953
4948
-2821
1444
5577
9975
4012
789
4158
-175
9569
4190
5711
-4207
4194
9509
-5324
4949
-8279
4200
-1200
-5540
4716
-7886
4229
-1352
-6922
-8131
6708
4114
622
-3664
-3218
-729
8501
-9088
-6223
2074
-723
-6403
-5882
7975
-1290
-2681
9966
5866
-6810
-4555
7881
2682
3925
-9346
-5224
-1207
5306
8770
-596
-4751
-1915
1822
-1400
-3065
4942
-4729
-4604
6054
-4237
-3401
3335
9109
2769
-9289
2299
8264
5493
-8489
-2635
9874
272
-5521
-2125
-5521
4091
2017
7471
2175
8227
-7998
-1142
-1789
2422
-137
-7138
3668
3880
7368
-2904
-6323
4854
5466
242
1467
5331
2835
7005
-260
5495
1603
-9053
7059
5157
-9236
1309
-3290
7514
-1304
4090
-5419
7970
-2496
5819
8748
-387
-7660
598
2424
-7750
8775
-409
6447
-7398
9783
-3236
2741
1303
4638
874
-3754
-8452
-476
8917
-4006
-1780
4749
-7200
-8851
-6763
-8767
-6972
670
-265
-3106
-3699
3847
4143
-6053
4010
-4449
1976
7147
7735
-7530
-8852
5593
5947
1593
9871
510
-8040
-9560
-373
-1455
-2269
-7878
-2280
3112
4792
-6536
5219
-2068
5060
-360
-8537
-7367
-7998
4882
-5985
-8493
5750
-4503
-2865
-541
-3474
-3187
7719
5095
2068
3894
-7382
7645
5051
-4595
5536
8619
-6615
-2301
4216
7288
-4863
-8128
2011
2176
-1646
-7963
7186
4521
903
3368
2704
3140
-4527
6512
4005
604
-6785
4910
-5938
-2489
2068
9895
8223
-2170
-2230
6778
-9945
8835
6627
-7902
916
-5675
-1692
9420
3790
2372
-5900
-1878
-7560
-9628
-7989
7311
-6196
-8939
7015
2217
7426
8340
5615
364
4635
2669
-7412
-9621
318
6174
-7809
-7664
-4223
4897
-2156
9491
-8788
6490
-7307
-3878
-8030
6207
8332
-8286
7135
-3803
-7838
-1442
8108
6937
-2595
768
-8447
-2615
-1271
-1521
-2677
-5385
-8634
