4606
1
2165
8532
704
8669
6508
5569
8065
9931
412
9322
1212
2601
8776
7448
4369
858
4403
7561
7342
9115
390
8347
222
5277
6179
1873
4571
7725
3419
7425
3792
7620
480
6350
322
5964
2204
6506
1999
6715
8349
343
627
946
4587
1042
9915
2190
9219
7715
9439
9982
8982
5723
3595
1315
1382
7485
6798
7837
5889
3629
2506
56
2443
6908
6092
3223
312
573
6693
7538
9195
8524
6998
9135
9164
6336
4091
8578
9423
508
9118
1244
3437
3525
4649
7052
9459
9241
9894
8606
1797
5351
4085
8917
6663
9991
892
3052
6889
1589
9409
911
9273
5092
1399
5047
3722
4732
2759
4207
1530
8108
9812
9124
8469
9656
3631
389
6329
1966
3847
8875
433
47
7534
4823
938
8659
7090
6491
117
7153
2689
9860
5676
9540
2603
4816
8780
9576
1675
3888
506
7796
2011
9728
3501
1863
7976
6712
2923
2894
2663
7709
7215
4521
2132
827
6597
6775
9823
4393
2962
9281
8725
7286
9984
8944
6934
4095
5574
2253
9033
6017
6241
1699
2012
8659
9142
18
4712
9360
7927
7572
9734
1784
1495
494
4285
2033
3362
942
9318
2903
4941
4167
8679
2343
9591
9546
7435
2328
4537
5076
3544
3185
9223
7975
592
475
9243
3735
6224
6979
8725
781
4645
2711
3615
6395
7094
1337
1086
2613
4410
6588
9217
5717
1563
5490
5546
2234
8247
2921
7644
2738
2840
7956
3402
1759
5084
5295
8563
2669
5405
8093
5050
1992
4436
7716
4001
7504
5692
3306
1190
5199
4456
5889
4545
3490
6014
2994
1929
2482
4201
4690
9840
4768
2448
3680
796
1236
2137
3151
1303
3858
1726
8252
3329
3248
1133
5901
1019
4976
1033
8012
387
4585
7675
3610
3441
5877
5994
5492
2101
8366
873
7174
5950
8874
6589
8851
566
2950
2524
6100
5841
1857
9050
9958
1476
574
7400
2399
2896
8204
8952
9974
7710
4444
9557
138
9927
9431
8336
224
8308
3347
4177
4236
9727
8675
9751
2536
9752
5309
8894
2016
5480
3190
124
8954
5436
9949
2951
4064
5825
4107
2073
3589
1264
9285
3333
6293
4949
3274
5080
6906
1271
3056
5057
2601
2249
6726
560
4318
4668
3355
8170
1947
6733
5507
7926
2829
4422
8550
1058
5629
8086
7169
5040
7381
3274
8640
2975
7416
8850
4676
8394
4148
8565
2145
6590
1795
1380
800
8409
8856
9691
8466
4098
1703
4415
3369
7245
276
1114
7977
9376
4238
10
8416
4906
2395
9560
688
9644
7473
6211
8720
5631
2579
5673
2067
7198
2795
5443
9000
8502
7620
9212
2428
8818
8203
4460
2431
7313
9446
4565
1955
1932
9844
9856
5574
2659
2059
9634
9063
230
9256
1904
4578
9822
6252
6939
1527
6618
5290
2532
4562
333
8648
3789
8672
9812
4955
1182
7737
2811
6791
1201
822
6238
8614
5382
4500
9580
1741
8850
7280
2373
2655
5891
3984
5759
3311
5326
2998
1014
2908
2299
5145
8699
8458
7111
7514
4695
9889
962
2777
9570
8735
297
9626
1409
436
1209
508
849
1382
9451
6028
8966
8687
1936
5396
2022
9041
3711
8125
999
5326
3784
3020
2650
4239
8991
9042
8379
6764
5032
524
3591
5952
1082
4949
3539
5573
6590
1046
3443
8877
9470
2610
6780
3526
9044
3944
460
357
6922
8529
428
5692
3731
172
5023
7740
6656
20
8862
6668
3830
9653
6841
9045
5561
6832
9363
5827
732
1966
1674
7708
9449
4898
8789
6100
1876
1529
3603
5680
4867
3586
920
6633
1617
6699
3675
5365
8150
4782
9747
7678
5708
6009
2200
295
1655
4654
4900
8962
1734
7547
2356
6238
8483
6789
5798
1282
1789
9312
604
1775
6959
4938
2584
259
7619
1367
1682
5416
1789
2747
6628
6865
4059
965
3771
1343
6797
1138
4208
3885
461
156
3175
1843
1027
1835
9856
1426
2050
1709
183
9057
343
6016
1487
4147
4049
3423
5093
8576
4119
7153
4919
7629
8611
2852
5285
4421
6162
1320
6108
5577
6088
7878
3834
3021
5026
6491
7889
2994
1131
9372
659
1022
3342
9868
2703
1755
3359
1262
2255
2176
2779
9340
2631
5058
6469
6229
7827
8186
7183
5172
7099
7051
5277
6371
9036
8190
3876
9845
6861
7696
9740
7389
3867
5075
5746
4179
6959
960
1659
1519
8057
6188
460
9639
3751
575
6800
6528
5394
1516
2887
7162
7083
7482
37
8076
4409
7746
7886
5265
8650
6162
3458
8049
3678
1311
6416
931
3479
8534
707
6504
6870
7100
4537
1950
2684
9545
8396
3548
2490
6928
5025
5042
9158
4429
6250
8013
1754
3250
33
1171
9611
7315
5482
6741
2685
912
9939
4104
5623
7508
3113
7469
9267
4599
9437
6231
2075
1157
7211
5404
7371
5837
8881
5479
8217
5892
2247
504
5794
344
1497
9515
4769
2559
1285
1795
974
3821
8697
3529
6586
4035
1711
3115
4278
9607
1545
765
2601
3208
3251
6048
6999
2363
3908
6252
5276
2011
9117
9956
2125
1131
2415
7646
4963
8154
4587
3358
4012
3080
1001
6792
5337
8959
7191
1493
1716
3231
4648
2527
9138
7486
7450
3628
1696
4828
7886
8913
1412
5641
5026
3750
1839
9114
189
387
4597
431
2871
6625
9601
5562
3771
8663
9982
1174
7901
1398
3586
8886
2385
9940
578
8479
2074
9474
3615
7411
4074
1739
2670
1807
6964
4163
6339
7410
2786
3866
9586
6115
6601
3422
7533
3656
3253
6658
2119
8636
6245
4926
7264
3341
5769
1108
8764
4957
6644
3859
178
5276
6020
2745
8341
2720
1766
6127
8586
608
2338
3442
6095
9509
8589
3845
7107
9063
6804
1625
1415
8690
748
628
7604
7116
6607
1548
4501
6409
2593
3208
9094
2393
4438
1728
866
5999
4674
9409
9057
5204
1223
4429
8145
9062
8322
3259
1017
8179
1010
5453
8521
6794
908
6506
9847
7064
2495
7817
4281
3450
382
424
3308
9574
8651
538
1398
6652
2764
1637
2226
5997
817
8963
2292
4585
3628
6520
4675
2575
3345
1338
2638
7249
6327
8490
6472
6627
1677
1090
8292
6656
4123
4095
7033
7179
6664
8742
6818
6335
2859
3802
645
5056
7199
3088
5079
8956
9813
6487
9465
7325
2918
9277
1027
7694
4925
9768
176
9030
9603
6836
5461
7646
2706
1969
8344
5085
1397
8366
3535
7470
8997
2328
3838
7426
6243
9356
5778
1583
3280
3466
477
1691
2790
7649
1400
5821
4890
4458
7754
8633
5111
2594
1224
6527
2204
160
3121
4748
8437
7084
3643
3344
6957
59
8394
2000
1817
5717
5604
5810
2412
8695
8348
2754
96
8739
689
7805
1406
1330
904
1985
7193
4496
2676
2059
516
7144
3365
4824
4153
4885
6972
2223
6245
8822
2984
9462
6081
1889
9795
513
4603
2626
6529
6149
8067
5676
663
4843
2355
4525
7477
2155
8614
3697
7179
4454
2999
6851
7411
1182
2252
7553
6844
5552
8784
736
7574
2168
4473
6541
908
5505
3737
2235
1098
5592
3872
502
6109
8765
7751
7016
6580
161
5154
3610
1823
8063
998
3501
1864
1227
1229
307
8928
4062
7223
9059
3324
8061
1381
6372
9616
5823
1819
4065
4285
1775
3154
763
3587
9706
4842
7889
2132
4844
5291
2294
95
4657
9371
7490
3160
9098
4528
4020
2808
3997
9118
3690
6332
8301
9084
9388
2663
1830
6830
1623
7608
2140
7715
5607
9603
5836
245
799
296
2387
2311
6622
8449
3204
5863
5353
9395
178
40
3501
6744
3515
8853
9442
3700
6384
9443
1004
5835
6853
9264
7329
8840
5482
9435
3713
4803
6903
8537
7325
2539
1258
7078
8013
4657
7042
3013
4738
8188
3149
8007
3069
8565
9303
7161
6492
2241
6386
4733
1252
4613
8657
3945
4622
8228
4547
3778
6828
9822
3145
7823
7170
9917
4562
638
8452
8997
6286
8636
9361
5662
7308
8314
2230
7208
2445
3059
1727
7516
2221
3416
6324
1868
2484
6432
3813
4377
6050
2282
476
1592
7026
2233
7590
492
3466
8120
9823
6940
3193
1076
9075
4240
6473
6259
1297
7023
3217
6313
9418
3674
988
3848
9399
7967
8356
6251
6090
1590
1739
8414
8564
8694
5198
1775
9086
8610
2793
7046
9996
1555
9846
6792
6739
338
5195
3691
6091
9264
9827
5949
5423
1734
469
2936
363
1403
1025
762
7509
4831
8057
8191
7839
1240
2022
3796
8682
4531
2571
4638
7621
9309
3485
4625
420
5888
7853
4531
5778
9820
9579
3450
1716
2418
4139
554
3453
4322
430
9872
8057
5784
4009
8216
7688
9228
8591
5884
365
4827
4069
5938
686
2995
1302
5210
3699
9266
2587
2378
6254
1552
3568
1091
5960
5334
7787
2107
1953
9831
7956
1903
7017
3023
3094
8081
4369
9148
2185
7728
6693
3021
4550
8485
9605
7516
1282
3673
6078
3575
9398
4852
7851
7634
581
3514
5020
7356
8067
519
867
3220
8162
7611
3891
4366
8310
6520
1152
4615
3589
6585
944
7839
2627
9054
8934
3783
738
2735
4758
9812
2428
4768
296
976
4174
4939
4375
8269
4577
1889
1851
3008
6138
2619
7416
5723
4294
6974
4715
8974
373
9468
6322
4077
7586
9715
471
4390
9784
3125
4988
4214
3224
130
5904
3464
3487
2052
6290
6706
4122
1630
13
6479
5916
7688
4847
9475
7202
4150
2316
5606
581
681
5570
198
2564
3265
6923
9666
4126
3688
1
7250
6558
8705
9554
7945
7289
7877
1233
6192
8891
1219
6839
415
8614
3281
3363
6860
688
9448
8460
1206
2257
5027
5019
1719
8231
1697
1617
7570
6945
2565
1898
9567
4547
3650
9946
5608
3088
1326
5081
3110
7369
5239
6299
1100
8066
8829
8853
1869
2324
8824
6332
7874
3441
242
8319
5533
8959
4369
2129
875
5868
7927
6804
6712
8618
2363
7296
3307
9303
9762
616
8386
2976
4876
3373
2262
66
9960
2669
4786
4490
5896
5480
7006
9415
4187
990
5942
714
2231
1346
8960
345
9104
8075
483
7979
1701
3252
6017
3016
2364
1961
4535
3993
8679
7643
9532
953
5717
9579
2684
1842
6634
3416
6234
8506
8915
1850
6615
3103
2057
4377
2186
2750
195
9487
4546
3111
2582
6999
4839
7068
7862
8859
274
5292
4488
3171
1043
1386
9028
7052
8083
7664
6042
3375
7611
9987
2346
5584
7260
4710
179
9580
5060
7102
8658
1678
614
6806
671
6001
3256
9007
7253
1831
115
7943
7202
2976
800
8241
7027
901
3875
7152
3040
996
4836
1276
5999
7523
9199
9073
2930
7462
5937
8818
1095
7669
5399
5061
761
3426
1027
4932
958
3996
106
4008
9158
3866
9065
2559
7854
751
6546
3402
8044
3696
7435
1742
2537
6121
3027
841
1301
6072
9256
9565
5880
3627
98
6217
4485
6267
6022
1299
9991
1271
2859
4369
3079
3016
3360
15
2168
6741
8321
6673
6763
4565
6965
8554
8761
7165
3464
4116
3664
5733
376
1169
7173
4796
7490
416
7018
8206
7731
2094
1101
93
2305
1404
7997
3533
3304
9641
6536
8735
3564
2211
9207
1245
4772
1586
5844
9388
9685
1997
9296
9457
4605
2816
1891
1924
1365
629
6878
3265
1771
665
1403
9129
119
7331
8455
3096
2866
9408
5052
4677
1467
2385
9951
2783
4409
1964
9682
1098
1522
7046
5271
4987
2675
2156
1995
6062
9090
1813
4071
4674
2380
2320
6811
1412
8465
5599
5398
7812
5150
7821
6905
6747
5842
7374
8654
5238
2346
2490
6001
5627
4743
3700
3294
7583
4577
9337
5574
7334
9439
8803
843
7723
5203
6295
2350
1697
9500
1166
8021
1721
203
4826
285
7862
1829
7038
3880
8450
5257
7509
6184
5950
1329
6819
1370
9686
3285
5896
8991
5715
1151
6091
6067
9305
1673
6806
5753
1174
6044
269
1995
3312
6999
2827
7253
2361
1177
6231
6403
1090
1823
2596
60
2011
3969
4697
595
1820
900
5438
8268
5934
3905
2375
4857
3996
3188
7569
8843
1158
4113
4841
7822
3355
958
9001
3712
2839
4343
9258
4560
4670
2923
7471
841
8897
6530
7945
6796
2898
265
6454
2929
4730
6956
6487
3994
2742
6123
1522
2002
8651
3037
439
2140
1372
9571
6987
4191
5195
7070
8519
9097
7202
5618
8734
8675
8503
3930
8004
6092
6767
523
7830
9040
8211
11
9160
2230
4535
961
1641
3322
3797
5211
2019
6654
8190
9523
7268
447
4463
2755
971
4752
3014
88
2169
9254
4169
7384
2650
1725
6871
814
2193
3039
3505
5330
5203
8661
8444
1125
917
6844
2171
1796
3313
1280
2873
9541
9728
3271
534
3441
8259
3242
4928
6855
4892
4483
6057
6753
199
1263
2623
9682
5589
571
7146
2318
4889
6704
2381
4255
8701
7866
3508
7252
6816
5131
8454
1600
2929
4405
9031
1895
5813
5180
2955
3748
7669
4247
8025
5890
63
3796
6387
5435
3189
1364
8629
7652
2159
533
3675
1122
3318
3272
3189
6376
8341
5585
1122
4812
3129
2777
4602
5333
5404
5614
7642
4026
4667
7616
695
8552
7385
1127
3568
5098
224
6918
8067
6667
6058
3418
9465
5484
9850
3364
9811
2326
1586
7321
9078
5950
8285
4608
8126
404
3003
9570
3286
2394
8125
2652
5209
2456
9071
2651
676
5426
4391
5262
4618
1709
3493
2438
8354
4535
6067
7093
1163
1650
8562
2602
5737
5965
8855
2058
3906
1259
5552
9494
2158
2204
5457
9248
5945
3021
5092
8094
1065
9877
4342
3929
1564
1129
4951
4877
4335
1064
3226
3360
6587
1781
9461
6432
5661
8819
9054
7136
3919
2082
4075
594
1619
5013
4590
9017
6170
755
7514
3153
408
5114
1447
3660
9857
4175
4041
1973
4867
3787
9941
4645
7527
7003
8754
1903
3893
4051
9252
4382
2368
5715
9653
2499
6436
8135
8817
7495
1396
4365
8030
7284
5284
6582
1322
233
7863
2776
3886
2609
1733
828
4520
3016
6751
3247
4419
2735
8701
3227
3180
1765
1193
9107
5185
679
6902
235
278
1406
3156
3086
3365
3329
257
227
4046
9345
8706
5235
9339
5422
2804
1755
3562
2760
5070
6541
6069
9028
4054
517
6357
6663
5176
1834
1320
6063
7783
2689
9391
5795
151
2344
7891
5947
3763
3583
3873
3210
8032
467
7487
1729
2369
9409
2935
8614
50
7947
3178
8855
7530
4507
4140
8345
6884
2530
5631
1953
7863
6566
9128
391
3940
8872
5210
8258
168
1007
5515
4633
5051
4530
2866
7011
8897
2969
6700
4372
1703
8880
5920
7322
4958
7377
1868
3714
3017
1129
5311
6456
2327
6903
7932
3589
4351
5186
5494
518
6978
1744
7435
7915
4050
3158
7896
9461
9777
9721
518
4719
6146
4731
7184
3308
2736
5723
5585
3557
3697
7533
4115
3374
1996
1907
2982
7989
3189
6996
747
3457
6236
452
1905
957
7319
3503
4723
5247
472
6189
1568
3636
1112
6457
1529
1895
5617
2669
4676
5665
8667
7779
6181
8402
6991
5102
7678
89
8171
2267
8961
219
3296
8386
9921
7390
3912
5713
9748
3761
4701
185
3125
3049
4609
3885
9247
1810
9546
9877
2237
565
5981
5587
3071
1535
5141
5582
9526
4100
221
8487
4597
5643
1399
3853
7911
3960
7895
2986
5034
6552
1300
1005
5257
1278
3113
3577
2754
6551
5714
761
627
9903
463
5166
5256
1055
3747
9296
5294
9499
4698
4251
8126
9652
4316
6354
5192
1043
9712
8338
7124
8620
5434
2543
9968
2064
4623
7808
668
8734
2784
6774
4165
1777
399
3515
1072
5033
794
2893
9024
9019
1037
6955
8211
3046
9452
6781
9656
8011
5179
2417
9809
1875
3545
1102
7496
6400
5756
7569
7997
3975
4555
9895
6475
8260
1749
7504
4630
5668
7818
5767
7314
7588
1283
404
822
7714
3492
8603
1646
8774
8914
1080
3532
5046
1125
8521
3118
6841
5882
388
6762
3830
2983
9440
6986
1801
4257
9740
3981
1624
3026
6370
4787
4233
9599
684
9795
2270
8708
8189
2973
375
7718
2958
9317
9833
4774
1861
1275
8438
7870
8196
4135
3783
9569
1668
687
9606
7269
3830
9659
20
8409
5822
7190
6679
9902
618
2527
9371
1459
5246
8138
5758
8668
2438
5937
8879
293
1471
5605
7149
2262
8815
358
7583
1554
2541
205
8001
2791
9321
7084
647
276
9673
1062
3585
4549
4076
524
787
192
6766
6946
7356
1809
5932
9218
286
6
9394
7951
2696
8668
541
1763
3517
7985
5463
2713
4242
2541
7074
4504
8612
4818
1171
283
6027
2923
8483
6689
2283
3647
4717
3200
3500
7028
2077
8328
5016
7883
6337
991
1280
5095
764
5019
7979
5287
1938
6307
3296
8068
1083
7796
5710
9649
7761
2819
872
9620
8669
7923
7870
4311
4882
3385
384
3782
1903
5518
5643
5103
1934
9790
707
6925
9363
4808
7867
4025
5196
963
6900
450
9596
1670
9488
769
7332
4171
483
8322
7401
7666
9535
4933
5833
5202
5250
9211
2795
8957
5678
8642
5765
5790
5702
1756
9043
4054
628
4534
5443
4281
1308
726
8122
7285
6471
6689
5049
9859
9590
3308
7051
671
5204
3317
8876
8209
1624
9728
8241
6047
2632
7707
713
3562
6387
109
7356
9825
738
8491
849
602
3370
4498
4761
9978
8756
3798
2878
7864
5981
3167
2203
2044
265
4085
5160
3985
4517
1105
9152
7439
5134
6150
6333
2954
7806
7775
1716
8523
9093
4412
3243
1611
6633
5819
186
1726
151
8534
3359
4317
4857
9711
3554
1139
1410
5506
8059
8390
5501
4166
8791
8388
2428
9261
2583
2187
3722
817
3657
9432
5350
5441
9985
9753
4010
6248
2542
7158
9070
5088
8990
3831
6020
5274
3124
7094
2234
4772
6293
5356
3303
7716
501
4953
8765
374
2747
8874
7383
5805
9460
2664
3208
7127
1532
4019
524
8948
274
1024
2671
848
2508
9779
6518
5294
1173
8076
2391
8620
6786
8964
6924
4297
2711
1299
4670
1195
2473
8033
2019
4930
3972
6201
1091
8199
8956
1802
1714
1662
2415
9762
6164
5026
1801
3822
9121
2703
4582
9858
381
6091
9960
6367
3152
7269
1359
7228
5741
7093
6578
5201
5646
2150
7144
2156
1863
4437
3886
5861
5197
6728
9228
2008
4949
5167
7253
8571
9838
9362
2917
5279
5023
3738
3140
4772
5647
177
3166
4548
9781
7840
5422
101
823
8708
2333
7956
9905
2134
2440
1494
4900
8496
9962
3554
2065
9371
342
3182
5183
3167
2799
7324
8217
1372
8276
7995
5378
3989
6980
8864
3777
1660
5146
8527
7826
944
3389
3975
1471
7303
7575
6644
2534
9959
4302
8866
1793
4290
2939
284
5577
1836
8684
4266
699
3407
339
1004
3804
4353
1250
6411
4577
3372
8043
5790
5147
3076
4202
7040
9104
6496
482
211
3307
2855
6181
8272
3790
2963
7998
2364
6697
9444
6642
79
2926
6115
8665
9562
2770
4129
8690
1316
1146
9342
3732
8717
6185
1703
5043
5959
5386
5348
7508
7284
6300
5917
4589
8242
4055
1843
2199
1519
8549
4740
9495
3873
6671
2859
4857
6259
1894
5851
6311
1373
1154
307
3838
1640
9794
1836
4842
9743
869
9546
6958
6413
4985
6303
5258
781
8569
4177
9178
4428
6035
7505
5431
721
9942
8382
940
2993
1269
3501
6817
8089
358
5603
1514
7464
5986
4911
9701
3659
3405
7330
5581
1371
2119
7799
994
2961
1311
3911
2062
1540
1279
4928
4852
1306
7211
1657
965
7161
8133
3270
688
755
7799
1289
5534
5733
5472
7787
4216
1550
1237
1404
3178
5215
501
2015
3727
5188
8938
8083
8838
7825
9642
4736
589
8047
1575
7404
1661
2821
746
1548
187
9032
7889
9317
9388
7398
7784
5911
5136
4003
7848
8169
4051
3593
9404
6662
8084
5460
642
7381
9619
9383
6993
1628
6333
6413
3484
8359
3848
7918
1938
6653
920
8875
8316
9043
7487
375
8224
3669
3255
951
4451
3666
7251
6654
9956
8854
7774
489
4628
7721
7457
2834
5360
344
4767
735
1884
7456
685
2889
3185
178
3924
6789
3939
5715
2263
8473
2350
4805
9768
4061
9124
1299
1901
7079
4393
1627
756
4107
9015
8718
3231
228
1865
4948
3609
1625
5578
5040
7172
3557
408
580
7773
4857
2629
902
7746
3957
9256
3179
4520
350
2667
2611
5858
1155
3620
30
3835
1364
1042
7596
3482
8743
4939
5732
9799
4926
8522
9082
7718
5314
822
4524
781
408
4753
5254
3490
5549
6075
986
4162
4898
2860
4706
8162
6668
4186
5959
4871
6606
4360
8319
204
8669
2622
298
3674
6430
2806
6327
7268
7008
1603
1471
6087
6087
3299
5962
7894
1779
1809
4948
3022
8056
1297
5228
9823
3545
8499
512
7798
1067
6746
2450
3302
3825
2450
7108
5228
5123
6608
8810
2872
2660
28
2196
1829
9350
3924
3617
9366
15
4636
8872
68
2587
4408
7144
4552
5176
4745
1124
2246
4022
6676
4191
301
3666
2475
7777
6879
9723
2292
2531
2804
2195
5262
5646
2483
6243
5402
2821
1460
4182
5791
9232
2213
4203
2225
2470
3042
2491
3049
6037
899
5976
6096
8108
1033
9679
3554
5949
3651
2316
6628
2615
8940
4096
1945
3186
5895
6037
55
7038
6596
7452
6123
9404
5272
1392
4754
2866
6653
1028
3898
6014
1998
2344
9630
3269
384
9404
290
4323
4000
946
9168
5632
6344
8046
1205
3309
7211
1400
7393
1364
8335
4911
3150
2122
4002
4935
9825
5700
2083
1877
159
3349
5073
1815
6816
675
8570
2706
4727
6210
4089
8514
6496
256
62
3693
4939
46
8703
4350
5987
6136
4173
8862
8505
911
7998
2362
6192
1697
9138
5732
525
6666
4407
5754
2724
5899
119
2741
333
5169
9773
3247
4256
3891
8790
9350
6513
3898
4866
5154
1918
251
6658
8679
8916
8357
3263
1068
56
5169
6452
1905
1128
2317
4224
6970
4551
5675
7038
1568
5512
3782
9202
9064
7823
2941
4331
4571
690
8480
6056
6802
7340
113
810
1550
8786
663
9336
6658
3561
6605
3194
2406
7234
9320
4544
7581
1389
8135
5355
6719
2461
4476
111
9951
2363
4619
3532
6010
2465
1958
5879
2440
3788
6971
4358
3496
8240
4896
1900
7885
4110
4595
7074
110
8757
7789
8202
2648
6087
3031
9713
764
911
3450
2061
6037
530
8060
3352
8003
4991
8646
3456
9456
7250
2199
3668
545
6004
2636
3576
9708
9943
9
4070
2164
1203
2812
4693
9315
6416
3680
5614
2307
3738
6730
4685
8802
8817
1301
528
8136
2980
9147
2821
4701
4330
8659
3926
3441
8119
1613
3824
2705
6444
4641
6543
3991
9277
7780
7845
2754
7443
1376
7066
4115
4855
535
5620
319
2269
8039
2195
103
6685
5428
8138
5600
8966
6948
2003
7064
2865
452
9513
966
449
785
1425
1885
5427
8067
9027
6300
7606
8436
559
2647
1498
8991
8337
9684
1808
8812
6146
6339
2436
4358
708
9295
1129
223
3180
8666
4548
4120
6850
1222
7789
6929
5773
5772
7591
3819
6305
6189
6348
692
9537
616
3806
8520
8765
8599
8522
8794
388
7409
6714
6337
1380
4698
9964
7613
8598
4208
3476
5042
6472
7222
8220
2876
4539
2845
9628
4027
99
2524
4461
591
4447
2323
6468
6812
7725
8684
2200
8917
8147
6587
2005
3850
5356
1188
2801
2204
6052
9603
1188
5527
1416
9079
3815
2105
4086
6331
6748
5535
8798
4544
6027
2563
8042
3736
7870
5213
5742
3190
6851
4608
8734
5566
7242
1524
9129
1885
6537
7583
7812
9741
7056
2487
8343
5184
1346
4958
3783
1185
9284
4706
3665
5843
7327
7031
5748
2767
7087
352
7785
5740
4416
6466
2394
8110
9875
6857
5935
6046
2203
7125
636
7360
2920
5292
3402
9538
6931
4414
4025
7229
5946
5664
3933
2377
410
3827
9311
1984
2627
2846
7482
2565
9060
2648
2696
6487
9767
8657
7878
5353
4619
111
5518
6441
1850
3965
7420
1729
8735
589
4924
748
4840
6046
2173
7709
3908
6717
8615
971
2956
2019
1882
6318
988
6996
7941
6407
2760
2313
667
7892
9858
4734
5804
769
9580
824
4335
8309
8248
8346
5948
2065
9369
3309
9327
5955
7959
2622
3606
1661
217
2450
5071
4927
7350
7495
1631
2063
7898
3340
6898
2551
2214
9252
2699
4069
5949
6989
5857
9991
1454
9150
4147
1906
5643
489
8122
793
2722
6587
8828
4509
7056
975
8354
2235
3042
1212
5215
4861
3351
8653
6045
1829
1417
504
7477
6594
8570
2118
8740
9425
6685
8221
9376
68
6258
231
6048
5291
1271
2588
1663
3719
3860
9367
2043
4567
9115
1898
5824
4911
8177
7284
1505
866
7356
5850
7601
7539
2802
5387
921
2528
3327
4196
6765
929
9808
1271
765
8394
1561
3104
6794
8609
2060
5149
5830
2802
8650
215
927
2390
8583
3814
1980
5333
8764
3912
1427
8997
3461
953
1610
6321
8520
8300
4557
6797
9090
4810
6255
3066
4343
268
1073
1452
5145
3424
8065
4701
8887
2423
3609
4064
5607
7689
4757
9544
6537
1492
3011
7312
2601
2836
9687
4120
4953
8413
3029
6919
8706
8081
7934
9020
7588
2923
7848
2960
9756
5259
659
9816
7475
7198
9302
2501
4861
6877
704
2670
6847
3961
4582
3261
6824
3645
5272
4535
5401
4269
7482
7855
8223
9422
5062
7550
9285
4406
626
1655
6409
3261
8204
5628
9786
4666
27
73
3363
9855
8366
1540
4687
3363
7040
6043
6566
7103
8299
8875
6127
405
3964
1850
1264
3298
5338
1199
3511
7753
6011
9074
7802
5560
918
7338
629
4915
8882
7359
2932
5582
7814
681
514
7498
28
1213
2892
4397
4156
3016
6960
4633
3808
6121
2802
404
3488
6165
8309
1274
4685
6219
7825
2800
73
6354
2418
3401
4886
2772
5465
1112
1352
2781
8425
6815
2310
2640
8299
2256
3171
9154
9112
614
2848
9298
4011
1624
5220
2289
2209
8231
5293
3331
4119
2794
6500
9453
1809
2382
9186
451
3875
2891
3415
7067
7181
3639
4634
9482
4151
640
9326
9131
6688
753
632
4110
9688
6681
1827
5954
5272
548
523
9545
9125
4573
3372
8647
3102
7574
5389
7775
9043
3856
8787
9665
1024
7064
7114
2227
6953
6847
4135
9228
8845
9584
1180
1432
5710
2758
3486
5941
4903
2260
5205
9279
9688
8600
1974
1883
4239
6789
649
7785
5608
5408
9720
8127
1546
6039
4240
1517
6129
4752
6419
2010
6136
8781
9979
5733
9054
2156
5094
4241
6127
3274
3868
2206
3730
5015
8038
2516
2271
7601
9784
6409
4460
7448
3629
8624
6023
9026
383
4741
2329
2865
1948
7791
5635
4871
8636
8297
5727
2743
9831
2668
183
8055
4781
7277
3809
7991
3760
3946
7829
2167
9289
6439
3101
8464
743
2133
6949
9780
7767
1826
4878
6065
5059
1823
58
7908
3521
9804
4114
1080
4850
3013
9032
9009
3043
5699
9967
2316
5472
8416
8457
4557
1158
7566
1428
9165
4995
548
7071
6173
7022
5715
4707
7759
4274
9840
8056
7202
8045
7241
9644
162
6591
9367
3854
9836
606
3530
3789
4968
3210
9960
6710
3709
308
9910
4103
9487
3620
1890
8720
3193
8484
3560
3956
231
4279
9420
9883
1924
6155
3010
8491
8693
5254
1997
993
1190
5400
341
9505
2027
9604
3077
9374
9874
9153
3771
3
8615
6275
7512
4779
1117
5266
5222
6893
8044
8358
6831
2472
2192
8910
3264
3739
5429
7586
9755
4236
581
2501
3665
7776
5942
1878
2342
6977
5409
1633
624
5027
3152
6066
2701
8429
5513
6625
4809
8117
1295
6719
2201
5368
54
9487
2931
5712
5152
9419
6959
3632
2866
4664
5851
1844
7101
7486
6912
3342
229
7770
2973
1733
7962
2462
6065
4581
8733
2252
6660
7615
5240
