7658
1
-8480
-8738
4236
-6704
1160
-5195
4893
-7416
-7557
2731
-3510
-1760
4470
6732
952
-3591
-5978
-684
965
6288
3568
-1047
-354
-8671
-6727
6678
-6850
-8764
-1956
-8268
-5906
7863
-9626
9455
2358
-3498
8343
-3170
-1812
-3786
-7762
-3652
-9059
2485
5669
6693
7341
272
4147
1230
304
3360
-3608
6685
-5167
8910
200
5482
5288
2312
-1381
-1611
4589
1278
825
7399
-8163
8180
-948
-4285
-4735
-863
4129
6943
-5116
-9190
1190
-8663
8710
9534
-9240
-1752
5934
-8350
3707
-5456
9084
7846
-9398
9612
7586
-3864
3790
-8852
-547
4756
-4768
6274
5341
1922
-1317
2025
-6737
-1572
-8607
-4703
3280
1570
1115
-9118
-2171
7836
2049
-7018
1866
4432
-8231
5833
674
5614
2415
368
-8773
1241
-2229
6202
3451
9188
4546
3583
-869
7467
-4311
7510
1702
-9570
-4435
-5752
-3268
-8595
5313
6000
-4281
8665
5815
-6165
7984
1733
-391
-7212
-3936
-8642
4905
-410
-4718
4355
-4306
-9689
1808
-2833
8331
-8068
6808
-1076
2583
-3018
-5179
-7093
-6387
-7430
-9256
-7378
9636
-8149
9416
-9468
2155
-4918
4111
4333
2618
4024
9553
-3860
-8699
6089
7923
5064
-9952
-4377
8771
6724
-6200
-6192
-5837
6982
-9930
1851
5381
7345
-8249
-8655
-4587
4715
-7160
5554
7863
983
-4531
4778
-8092
-4432
3982
7035
-4613
200
-9482
631
-9227
331
1985
7301
3366
-4383
6084
9690
-8086
-8553
-700
-5886
5266
1892
3284
-4202
-6078
-5737
-1817
7284
-175
8875
-8656
5853
-1599
4012
4815
-9055
6829
-7572
3136
-8671
3243
-8855
-228
-9529
1310
839
-4272
9713
4058
8379
-3058
-554
-2266
8112
-7242
3111
-3504
5056
-5497
1981
-7648
627
-8911
-6309
4991
-908
6747
1188
-8892
-2513
272
-2469
-4846
5860
-4240
-1630
-7597
8512
9618
-1566
9820
-9502
-6845
-9880
7971
-9633
-6955
8975
1693
-4103
-4570
3639
591
-832
-846
-2652
6347
7555
7139
3917
4824
3275
-6179
9934
1241
-7364
-6144
-4627
-4423
-9797
-1880
-7174
5594
-4460
-2355
5448
6829
414
4762
-1196
1445
5326
3964
6700
3109
655
-4950
3136
7209
-855
1867
4798
-8714
-436
-1868
-7368
9710
3449
-1028
-1308
3147
-1152
-4913
6505
-9497
7310
1570
-6706
-7465
-3607
9568
-1200
5115
8999
-9728
179
-9703
-9547
5891
844
-5283
-2747
4236
-9657
-9673
-8435
1906
641
-8190
-1327
-8059
-2690
-9124
-1464
6281
-339
7214
1463
9608
2940
9873
-9889
2083
4341
2323
-6482
9071
-4959
-3870
-16
-4217
4956
4250
-4274
-5184
-5593
-3961
-7070
9639
4934
4675
9199
-8387
-5319
2562
-2092
-9816
6043
-3347
-8999
8636
-2096
-1228
696
8252
-6014
4358
1575
-882
2674
2845
4314
-8268
-7842
-2220
8823
-5603
-1231
-6986
-9079
-2291
-9385
-6041
-1507
-5584
-4201
6726
3701
8701
-974
-1952
-7273
-6429
-1642
3305
-4415
-8776
-8388
4141
4955
-5992
4264
-7155
-2993
-3102
-3425
4909
805
-4689
310
-3730
1328
6549
5533
-5446
4909
-860
-2766
8859
-6805
-9007
-3182
-6699
2169
-8125
1117
4380
-6629
-1635
-2114
-9877
-7837
6968
-3298
-6856
7563
4453
6110
5021
-1171
-8272
8254
5619
-2796
-6131
-7946
-6112
2451
5024
4989
5370
9047
5800
-4149
9714
-1842
478
9269
-1340
-6384
1902
-5475
-5163
-2108
9826
1462
-5781
-4668
-5021
9336
-3442
5929
-3493
-2469
-1904
733
3297
-2050
-2697
-1066
6993
1846
2748
-820
-5604
8810
-6209
807
-255
-9177
5299
7253
-3523
-3861
-6231
-8610
720
1784
-8187
4127
8536
6993
6844
-5168
-6024
-941
-2745
-9934
-730
6394
-4989
2833
-1494
-4774
6363
-5207
7821
-626
3553
6093
3719
-9737
8377
-3150
-1921
-7991
3702
3153
2999
-4013
-2161
-5472
-6480
1995
-4075
-6793
7711
-3690
-6737
-51
6874
218
2647
-8922
-7499
8496
3224
420
1135
-890
7965
9782
-6083
-2885
-2368
8690
3141
1888
-7494
-8435
-1933
8361
-9027
4217
-7740
4476
-8464
-977
-6424
3980
-9469
-9952
4291
3256
-8627
7161
-6279
1627
2451
-353
9596
-4468
-4508
5905
-1513
-2520
7323
-849
-928
-3558
-6663
-313
4568
-9983
5028
-2097
-4263
-5487
-639
-5430
7890
7320
-1572
-7414
-3402
-6511
-1926
-3945
-4977
-4540
7317
2302
2877
-9565
-1613
-7204
-5155
-7374
6155
7732
-7238
-5236
-9929
-5938
848
348
-9921
-9282
-8636
-3407
5967
1632
8657
-876
1436
1469
-131
-2524
-1229
-6984
-5230
-7861
5182
6647
567
-4172
3448
3356
-7862
-2335
6365
-9745
1057
6274
-6751
4248
201
8068
1818
6611
-7581
-3646
-2360
9705
7213
5859
-3888
-192
8689
-1565
-7644
-9082
6107
5573
7433
8323
7801
3715
-1822
4169
5978
-3512
1013
9269
-324
-9467
7766
-8407
-3592
-9579
8582
-4331
-1011
7222
-3306
6334
380
9667
5712
-6230
-4201
7634
8538
4108
-858
-4272
9878
-7176
-7576
2190
-9690
-2199
-4340
-1179
-4818
-5012
-6277
-6967
-3678
-9170
2896
5967
3811
1305
1643
6595
7199
-9800
-3456
2494
1199
-2277
1374
6694
5144
-8045
5369
-8703
-3125
-2884
8562
6468
3869
9915
2296
-7634
-2256
6264
-234
-5405
-2783
-2991
-7491
-2835
5851
4896
3460
3764
-9168
-3103
1220
-8711
3168
13
1606
5648
8432
6495
-9819
8338
9469
795
-1950
5798
9960
-3066
-6714
3284
6893
-3214
2609
3257
-8716
-6781
-842
-3278
-3548
-7776
-3871
-1650
-7431
6315
-2804
-6534
-542
-2204
1362
8271
-8591
-9188
654
652
-7066
-2932
-4073
8480
7442
7309
9757
9285
-9605
-3149
9240
-2555
-8209
-92
6799
6551
-7483
5092
-1710
5298
-9897
6419
-8236
9986
700
757
8868
-2916
6673
-6361
1869
-3804
3036
7623
8790
2207
-7382
5600
-6509
686
-20
-1571
3996
4241
9625
-8855
-3104
1116
9692
9147
-3776
-3531
3573
9369
4818
1398
2271
-1665
9908
4609
9224
-5089
6590
7869
-7542
-507
-5671
-4582
-4546
-5932
7841
-3226
4872
-5718
-547
1614
-4050
-2661
-8787
-9703
4071
-4605
-9881
-1602
-2990
-3572
-9205
430
-4284
-9191
8336
3561
-9345
4578
100
-132
9188
-721
7952
9681
-2015
1938
5904
-9119
-8964
179
-2261
-3318
386
2824
5003
-1987
2717
4370
4304
-8667
8295
-4058
9163
-8472
8160
3094
-2173
7160
8948
6359
4906
-9813
-714
-4203
9343
-1161
-4869
-5675
-4268
-2752
-6518
817
-6419
7357
-5490
-91
-2607
-7652
3577
4090
-3753
-4541
-5331
7200
1758
1528
-2801
9063
-512
-6089
3570
-1885
4354
-8801
5208
8726
8552
2534
-6441
7480
-7831
7544
5230
8730
-1453
2806
1954
-306
-125
-3968
-1115
1663
-1891
-7465
1789
-2145
-225
-9653
5495
-9326
7734
-5482
290
8902
1538
4777
3843
3937
984
-4771
3845
-4595
-4270
-4990
-3830
8741
3936
3988
5970
-7495
-4301
2160
3710
5460
-7089
2421
-6819
-4400
-6060
6061
2317
-1183
8565
-7801
9377
8934
8495
-4255
-9361
-1969
-6266
9550
-5704
-7605
-6374
-3968
3166
1374
7301
4181
-9820
2533
9137
6166
-8958
7669
6283
4460
-4127
-8748
3430
-4266
6793
-2453
-7734
7992
4134
8610
-5346
-3865
-8966
-7458
-8323
-4055
-8281
7057
4038
2113
-6510
979
821
-8964
-9259
7315
9670
-4525
-9669
3309
3715
-3909
-3528
-2489
9378
-6210
4058
-2413
5937
-2374
-8854
8062
5176
1576
4162
-1987
-5378
5737
-5203
5240
6571
-9807
-3104
1433
1195
-5420
8475
-399
-2806
8446
-2295
-5502
-1888
2003
-7324
5886
-9034
406
-6785
-7148
798
7296
953
2415
4331
-8042
6702
5919
-538
-3207
2624
-3537
-5311
6902
-6836
-6100
-3953
6517
-19
1165
7941
-6943
-8104
-9910
-8989
-8390
696
-1804
8644
6808
-6626
-3340
-8979
-7353
-4651
-6958
-9873
-4006
-9885
6969
7815
2553
-6156
-458
3303
-2770
-4468
9688
-5000
-8178
5315
-24
-6964
3570
5108
-1996
8707
-5179
-428
7603
-5765
-2772
-6426
-3263
-8552
2515
-3862
8850
91
-4495
-4532
9279
445
9571
-396
-2632
3098
-7832
-2957
-5664
2058
6946
7580
-9472
5670
-4402
8010
-7663
2268
-6463
5416
6956
-4847
6964
8218
-9149
-1139
7419
-8441
1320
-6033
3975
-5607
-2702
5120
79
9179
-6378
6703
-7125
9493
-3985
-8869
-2803
-2556
-4504
-1237
5610
-5829
-3947
86
1627
-8747
-8172
9160
-1757
6126
-5040
-7184
-3226
3890
6801
-5740
-5867
1628
-338
6475
-9640
-5568
-2972
1922
5635
2965
9309
-9104
-1740
-6708
1433
4970
-3925
-4223
-3903
7553
8325
5058
-7556
-2359
5209
6946
-8289
-945
-9007
-1281
8903
-6231
-8904
-2673
3614
2623
-1374
-5423
7169
-4248
4248
-7704
3638
4654
-863
3677
3466
9194
979
9018
-8272
1718
-349
7962
-9887
-1273
9456
2137
20
8836
-9386
-2172
2517
-3405
-6755
-6807
-600
9187
-1085
8618
5373
7656
5236
7262
-491
-500
6585
-7870
-2764
8375
2456
-5059
-7816
1355
-9671
-926
-5949
-2555
-8607
-6385
3918
9673
-1987
-6514
-4874
-4049
-537
-8750
2791
15
-6432
1043
-5399
-9146
-6584
4162
5713
-2691
-4769
8517
-3466
2258
5175
3592
-3902
8650
-5218
-1577
-254
7581
9242
5142
9749
2555
4269
3803
9809
465
-2074
-9977
-515
-4533
-3876
-8065
2144
-8769
-677
1432
-354
-9360
-7779
9971
-4898
6526
3249
-6405
-9362
6358
8321
-6406
5864
1101
-1824
-866
-3097
-2400
-1876
-9687
9753
6200
6778
-6537
9959
6542
6571
8499
-5140
3296
2799
214
-5384
-412
7789
-6642
8312
-6405
6858
8721
-1806
-8157
-1899
-6889
-9306
7915
-9958
-5364
7864
-2709
5991
-4920
5508
-6875
-7731
-2087
-450
-9234
1925
3519
3407
-7163
-3546
-1524
6877
3892
217
-2542
-245
-1878
-1517
-9919
7127
4336
-3475
971
504
-4439
-239
7146
-5653
2403
-2658
5796
7352
4784
2548
-7464
5385
-4881
-4823
-1099
383
-6531
-8865
-6678
1974
4314
167
-9489
-849
1162
1858
3226
-8773
7383
6565
-7640
7213
2666
1542
-430
5557
-2332
-8756
3309
1884
-3395
3747
93
6734
3419
650
7438
-2691
-8579
5910
-7601
-8724
559
-8283
-601
-6149
2333
2017
8794
2021
8204
9484
-8171
9111
6924
4830
2938
8097
-3214
5742
9561
-2433
5505
-6504
3591
2184
7739
-6249
3846
-214
3352
-5376
-7467
6624
-6375
2536
782
8815
-1758
8332
-6666
-1655
2451
-8665
7413
6558
2637
3658
66
4003
3798
9674
-9824
-3700
-8524
-7746
-8002
-4508
8868
-1312
443
5261
5638
-1036
-7788
-682
4470
-1727
-1165
-5541
-7384
8129
4750
374
7810
4024
-7439
-6617
4556
-5537
9881
6911
-13
1762
3499
7151
8788
4515
1392
-757
7243
-4380
6269
-7249
-984
460
2896
-6370
-1751
7788
8887
7973
-7339
-6167
-4354
-9030
-3880
4664
-8227
1558
-4002
8311
-9848
7952
8098
2488
-6250
-3911
-227
-1171
-8905
5634
-593
2133
3189
-7852
-6390
6984
-5896
-6075
-2951
5258
-5065
519
-6022
9361
-6662
8600
-7455
-7674
-8487
-3868
-6315
8903
-8549
7127
-7676
-2856
-1451
5960
-221
-488
6102
-283
1888
-2602
1141
9461
-5263
-3023
-8439
-7634
-3802
-1781
-1220
-2655
-1016
-4630
-6923
2036
-7994
-9925
-5766
-3918
154
5536
4391
5287
-8769
-3398
3278
6687
5104
1956
-2654
9901
7692
2239
7746
5154
-430
4194
-5002
6220
5761
8677
9927
-6613
-1252
-5815
4665
181
-9346
-1911
-9362
1158
8951
3030
9886
8806
-1756
3057
3128
9833
4975
-8108
8326
-8220
-6022
-3607
6784
4555
-3537
-7710
-7507
684
6739
-5350
7536
-2874
-769
-3419
-8198
9711
-7937
-1822
748
6894
-283
-9136
-6644
-7474
-2353
1097
-5848
-8458
1135
-7255
-1942
1567
2793
3182
3116
7651
5027
-2045
-1201
6364
-5336
2929
-7291
9451
7824
8279
6936
-3223
9378
3274
-7888
-4834
-6725
6209
8724
1158
6320
2528
-1575
4227
9242
8136
2570
258
6447
6002
-6639
-9265
-5847
7110
5408
-6267
-5294
-5537
9188
-9032
-2837
3284
-3237
9069
1441
-8397
-3610
-8431
4286
-5509
5438
6494
-5198
9697
7745
9120
6213
2814
5162
6579
6159
647
5899
-87
5906
7501
-6952
-8859
1292
-1142
-9655
2404
212
2005
-9903
-255
-1221
-2667
-1637
276
-6618
-6192
-3089
8751
-5981
-4158
-9105
-2047
-7395
-4644
4165
2144
9975
2576
9053
-9191
3387
-6809
2988
4099
3416
3201
8209
2114
5175
-2903
6075
-6465
-5086
200
2204
4190
-1709
4139
-9421
945
-4946
-7029
6205
8949
2816
2811
4794
2820
-2651
483
3798
7187
-2253
-2120
-8939
1339
-5878
2979
1971
7498
1047
-7832
-3988
-9381
6458
5398
-2390
7327
3213
5435
-3370
-5299
5824
-4879
8696
-3947
8271
-4426
-6064
8869
-4349
-4840
4563
-9432
4241
2229
-6932
-7981
-1276
-3580
-3625
-8603
442
8614
-3377
-3797
3616
6686
-5724
1484
9733
7865
-1205
-6672
6042
1724
2619
-3745
2996
413
-8288
2384
-3496
2778
-7599
5316
-326
1313
-7314
-9417
-3807
7029
-6532
-403
-2708
9692
-2263
-3914
3161
-9955
-9381
-4409
9878
-7687
-9171
-4197
39
-3478
-7930
-8174
-8781
-3071
-8387
1499
-8428
-8640
5415
5596
4725
8099
-7711
-3510
-4490
-2856
-2097
3071
-7489
6976
5898
8110
9159
-5104
1066
9195
757
-8352
4174
-1778
2801
-5475
3305
-8963
1990
-2826
-2370
-1901
-6496
3358
-895
1568
-8528
3486
-9102
-584
289
3617
6055
8453
-1210
2554
3905
9646
-3029
2714
8574
6347
67
-2783
6650
9046
9456
9465
3437
-7949
7319
-9086
216
3381
2842
-5813
-3515
4594
8792
5579
6253
4110
7977
9695
9393
8282
-2828
-2965
6551
7142
-9535
7298
6996
9571
-4782
-7619
5760
7774
-76
9515
6269
-7442
-1414
-3283
2550
3818
7298
3164
-9783
6900
-5308
-6287
8806
-6369
-4074
8778
-3843
-845
9120
9448
9373
4056
-7465
3231
-4161
-6830
-837
4589
-9960
4208
523
5246
7542
-7762
5834
-4184
-9538
-8381
-1902
-8640
-2907
6378
2390
574
4503
2221
3281
5572
-7183
6925
-2618
7794
-4195
39
7883
-5664
-8929
6833
-1670
-1126
-4487
-8859
-8997
7730
-3000
1122
6889
-470
-7515
-2934
-5672
2035
-5060
4773
4759
8743
3455
-8472
-9655
1677
4711
8730
9479
3806
602
3776
-1873
-100
8125
-9998
-5033
1569
-1719
8207
7043
-6668
7917
9957
-3678
6503
-296
-1802
7606
-1538
-549
6589
4988
8417
-8406
-4150
496
-1529
-206
8542
-7278
-6732
1928
-2114
-4101
4035
1422
-6212
3550
7280
-1508
4246
-3442
-2722
5831
-9489
-7616
8895
4072
-3229
-67
1463
9851
-9934
-8867
-4980
2930
1933
-6213
7089
3115
-8437
-1427
8602
-4441
-4117
1757
-8544
6266
-1325
-526
676
4133
2754
3229
4369
-3859
2816
-5767
7967
-3196
8546
2969
2588
9171
-8900
8096
-9913
-1152
-4758
6245
5678
-6654
-9079
-29
-3076
6807
-7890
-5719
-168
7883
7507
3697
3475
-5241
-4939
-1655
7503
-9024
332
6364
6834
2228
6589
5644
7784
-2614
8416
-4270
3206
-2619
-9601
113
1343
-6771
-202
6378
3838
2684
-274
-5178
-370
-6312
-2672
9707
6169
-1876
1898
9269
-6063
3595
-6452
-8722
-5413
-7492
-8971
-851
4981
-1164
5725
-7739
7613
5331
1275
9921
9471
3597
-9132
9300
-8006
-3246
6249
-1988
-7137
513
-6738
2325
-1462
3091
6858
-3333
-1774
-4338
-453
1951
1525
-3159
-5488
-1740
-8823
-5119
3060
2812
1757
2349
5082
-104
-5486
-3774
-58
4513
-7124
4431
-6952
3894
5244
5904
-8594
8546
8248
4727
8155
231
-6201
5230
-1711
7688
8815
7885
-6908
-83
8557
2026
-3369
-4962
-2148
7026
-7360
-4316
-1043
923
7229
-2375
-3780
-3229
369
8523
-8644
3448
-219
9133
-4341
2397
2465
-263
305
-8968
6419
-2239
5028
-2304
137
8839
-352
5099
7782
-9520
-1922
5719
1732
-4047
4845
-1961
6417
-6880
-8813
-3261
-4043
-4158
6491
4085
6816
3397
4014
2598
-5632
-1490
-5556
-8558
-5753
9533
3529
-8394
-4733
-2020
-6591
-5193
-7764
8106
-5258
5806
-9242
1363
-5810
-5463
-8530
6572
2127
-2187
-6377
8318
-124
-5671
6376
-9740
8562
-3446
2183
2018
-3392
-8815
6676
8858
4298
2658
-1527
-7640
9240
-5562
-9609
7323
1726
-7319
-8539
3547
2704
8119
5915
-5111
5222
3668
6116
-1145
6846
-1391
-1859
2168
3559
7412
5448
9302
-1005
-9457
7628
5375
6330
-8750
9786
-1083
6169
-9467
-60
-2674
-7053
2710
-5747
6035
-185
-3691
7015
-5613
7701
-5177
-2039
8316
3159
-8191
1522
-2655
-7356
-1829
-2033
5102
-9555
9985
-5216
-5414
2426
-2842
-8868
8278
-6646
4132
9639
-8453
4190
-6417
-4534
-4980
9876
4405
1207
1016
1503
-3375
5640
-3571
2934
6634
-417
7101
-6379
-1265
-1812
-5927
8802
2022
-1043
8731
5027
-1625
-1285
-2719
-760
-153
-9269
9040
-9374
-159
-5106
4946
-6151
2260
4321
-7055
3566
-9226
-5305
-8887
-2795
2886
9561
-4851
-1883
6780
3857
7657
-1885
2832
5972
-1164
4374
-4477
-4766
-5542
857
-1453
-9126
7933
8591
6113
398
2911
-7498
5311
2035
2285
6059
-9150
-6079
3667
8550
8294
-4121
7036
5726
6619
-7988
7572
5900
5928
2616
9758
4105
8221
6521
8251
5152
-8218
5887
-1815
4617
717
2513
-3589
2386
-2569
795
-6980
-4702
-172
-5546
-1452
-4844
788
6934
5533
6451
8547
5332
-5756
-1892
-83
1985
2406
-9795
9046
-904
-3586
-3531
6241
-8795
9693
-5734
-1516
-2355
9488
-6811
4219
9849
2305
8448
7715
7663
3841
-5664
3145
2786
9504
9242
4262
2508
-2164
-9850
9916
-7180
-6388
-7951
-4431
-4489
-4667
-6448
5623
2699
-9141
-9606
-48
-469
3842
-946
-1131
2811
8149
1045
8094
5256
2014
-7570
-7720
7040
-4218
9208
6386
-3527
3301
-5482
5488
5371
9024
-7438
8326
7106
3585
-4421
309
5157
-3084
5759
3747
-9054
-2241
1621
8078
9621
-9220
-3984
-6866
716
-292
-2059
8509
-8122
-9348
-5888
-4828
-1291
-9200
5985
-4087
6122
-8704
7918
-7474
5357
3741
2830
9985
2546
6294
-7870
7323
9569
5246
-8843
2466
-9806
9203
-8019
-6745
6024
-8971
8547
-2997
7402
4129
1157
1383
7254
-572
9035
5155
1547
-1044
302
5910
-4370
9350
4577
-8055
-7067
672
-3784
-9734
-2354
9025
9833
-3448
-7995
3252
71
-5711
-8706
-6417
4139
-8735
-8206
2119
-3082
-6811
6060
-3535
4607
3561
6647
-72
4865
-7778
-1937
3499
4176
-3394
8134
-1784
9336
3332
-7049
-8569
1505
-1052
-8138
-3218
8382
-6549
-3970
-579
-8757
3558
-8538
-1618
-4066
7086
-2458
6644
7580
-3044
1762
-1111
7254
4585
-4663
9640
6728
-3953
-7878
-3209
-4695
-8183
-1235
-6826
-6628
-60
4553
3515
7604
1509
1351
2697
4585
6495
-2525
5473
-3358
941
-6350
4511
-2370
-8382
279
-1100
2889
5039
-7791
1412
6816
5006
5214
8523
-6041
-9946
-4173
-7632
9373
-6049
-6882
-4995
-4457
1369
-9627
-6140
6029
3373
-6823
-3654
8903
-3201
-5330
5454
-9126
5134
5110
8729
-968
-3918
-6479
-8066
5151
-3328
3451
-2111
6421
6268
3059
-4518
9955
4809
-3676
1571
-948
-9009
-5294
-4819
-3357
-5867
-9442
-3481
-9731
2226
-7430
2615
-8656
-3094
-8918
1043
-4098
6042
-5361
3943
5762
4781
9174
9994
-8522
-1878
4444
416
1787
9362
7065
7192
8755
3789
-822
-2515
-7338
-9457
6481
-5781
-6871
2522
3568
4768
-9194
-6418
3106
-692
-1450
-3514
-988
-4837
528
-8130
-3746
9984
-2752
-7837
-3837
-3992
843
-7701
-3284
735
1147
-7055
-9440
-9666
6380
-4684
-8423
7478
-3576
8077
-8240
4971
-3438
8092
953
9021
9145
1555
-4635
6401
4973
6472
-6695
-6431
2206
9328
711
8447
-4183
2729
-2360
3828
9470
29
-1784
-4990
2609
-5688
9835
-4771
927
-8911
-7547
-4661
2078
-1739
2150
-5846
5470
-7571
-4919
-8291
1408
-5023
-9893
-583
-3085
7927
1093
1297
3162
-7819
9333
-1135
-1055
-2467
-6803
7143
8873
-630
6241
-2627
-5934
-8724
3580
-9723
2023
-9245
-6406
-2500
-6555
8056
3168
4063
4861
3059
4356
-7212
8252
6295
1002
-6382
-784
-5947
7652
-4525
7637
7319
1590
8496
-7303
2786
-8691
9851
-2491
-5002
-1328
-8828
4617
6809
-6735
-1241
8686
1330
435
-384
7271
-9628
-7834
-4022
762
206
4302
-9369
7320
-5789
2261
1117
7354
-8688
-5579
-2137
8003
1695
-6366
8676
-6223
-3057
7223
6070
6855
-1233
-8724
-6498
-1236
-3529
-8364
2594
9946
6861
-3917
-4083
7546
-9559
-2122
761
2576
7742
2114
-6108
1806
3841
8916
-6178
1900
2300
1983
-5063
116
-1639
-3504
3671
-8222
-7373
1669
-428
8850
-6427
-5128
5456
-7956
-6419
-4884
-7549
-8933
-6922
-5612
-5145
4621
6897
371
-9748
5984
-4737
-7665
4430
3950
8822
142
102
7485
-613
7848
4497
-8703
-7262
-6222
-2261
-5196
5254
-3742
-967
-3921
1285
-1019
-6023
1307
700
-8117
320
-1912
-3182
7870
883
-426
9136
-4357
8686
7802
2708
5742
-4882
5596
688
7640
-8244
-8707
1444
3363
-3471
4429
-8833
-1014
-5293
-8185
7593
9654
-7372
5816
5842
-8887
-926
4860
-9731
-4218
7758
-5356
2660
-1080
7791
-2658
476
-1816
-1425
-9114
-5850
-3197
3161
2210
279
-7923
5281
8738
552
6333
-3943
-8525
-7624
-6870
1574
8902
1158
3188
-3319
-1444
-7929
1892
914
8128
-4388
-9570
8611
-7924
4371
-1558
-8912
-2985
1911
-63
2459
4831
5833
-6139
48
-5312
8790
-694
4851
-4875
4487
-514
9556
6016
-4529
490
7797
3546
6598
6301
9415
9774
898
-7930
-2432
-619
706
150
5399
2350
-7365
9160
2590
320
8400
205
4702
-5416
-4029
-5088
7359
-4429
9753
-9562
-3385
-1728
-2620
-6265
4799
-7227
-6956
8754
8894
8573
4021
-3205
-8202
6337
-7088
5680
-3383
-1012
-3733
8081
-5112
6752
2780
8943
-4492
437
240
6597
8522
-8689
-3729
-9895
-4552
3488
5766
-577
-8844
-2463
3691
974
-2241
3660
4327
-2161
1056
5537
-7132
3990
-5913
4817
9899
5604
162
2541
2527
-4951
-1922
9081
347
6119
87
4355
-185
-3532
-9242
9588
-3716
3771
5004
7630
762
8807
-6094
2639
9009
7694
-672
9155
-4015
9717
6298
-7946
-6511
-5632
-7327
544
-1387
5411
9445
-9888
5051
-686
-1740
4798
-3185
6160
-9467
639
3086
7702
16
-1137
8863
-8771
5878
-5635
-7656
-8131
5675
5595
-8522
705
2305
8575
5830
324
-1900
8534
4134
1762
-6869
8550
-14
8079
-9629
1579
1780
9668
-3154
-1185
-4401
193
862
6731
-7182
-5292
3504
6655
8823
-2028
-7817
7903
9879
6195
5609
-2614
7770
7112
7245
-539
7094
-1565
177
5348
9459
-4320
6553
8558
6221
-5812
9594
3307
-9800
7719
2182
8869
-2489
-529
-7009
-9663
-8573
9880
-9446
7574
6618
9943
-3821
9016
999
5862
1153
2734
-5264
8172
-6930
8352
-1660
9247
-5243
5452
-3533
-2352
7482
-5939
6309
-5977
4376
6901
-3789
-8157
-89
-9563
-9417
592
8820
-3112
-4062
-1359
8778
9240
9374
-7473
9636
2816
223
8631
-6498
-6196
-2755
7376
1066
-7513
5649
-9096
8264
4287
-8470
-8818
-7074
-2735
-2549
-4170
6407
-3240
7799
7432
-8256
-4128
-9144
-6920
-7019
-2150
4319
4958
-1528
7933
2021
-8617
-5263
-6673
-4936
-6669
-304
-3326
-5122
-8954
-6551
8901
-6823
8595
5107
2085
387
9508
7386
-6805
-5345
2504
5439
9941
3769
1941
3007
5710
-6266
8995
-3442
-1821
-360
-4980
-2169
5029
-2871
-7260
-8019
-2992
473
8128
1743
5722
6315
-5396
-7615
-5513
6564
-5575
-4441
294
5502
43
-9231
7426
-413
4214
2946
-1939
-4506
-1677
-7803
7863
-1731
9637
-3556
2422
-3441
-6227
-3428
2045
5582
7042
-2489
-213
8457
-6286
872
7200
-3764
-4877
3765
-1276
7670
6109
-485
-2181
-4438
8480
-4980
-7729
4673
-2769
6189
9446
1136
5632
-2137
-9910
-6797
2337
5041
-5440
-1581
3333
469
-9745
-7691
-8755
-6161
-7080
3279
288
1097
7362
2586
-2129
6219
6601
-4740
-2472
-9678
-6351
-9828
-9761
-1094
-4505
-6607
4540
-5048
2680
-2606
-9839
-1549
5758
8243
1514
-3859
-7798
-7314
-3246
2140
-2214
-4114
78
-6436
-8167
-8224
1284
9105
-2781
7785
1581
-6939
339
922
-921
-1908
-5435
3142
6800
3137
6891
9201
5803
-1859
9253
355
-2899
6396
-6455
2881
8245
-6046
5016
-6832
3061
3167
790
6795
-3123
-789
-6544
1125
-2028
8569
-2952
5623
-9527
7404
3632
6165
-2910
9609
-4868
-6669
-1253
-3274
-9804
-9251
-6332
9295
7450
-4651
4425
-585
4515
2338
-4871
-8198
3766
2249
6122
7621
3945
8299
-9397
-4715
-3198
-7113
1787
-503
-6097
-4775
-7248
2235
9105
3952
4064
-4164
6677
2676
-6735
-6107
1671
3109
4675
7588
1155
-3064
569
-7332
-2209
-9966
8876
-7192
2006
-1051
-1803
1104
202
-7500
-4281
1917
-7240
2938
-8018
5899
-8625
-3251
8139
8481
1354
8026
9135
-826
2879
-1485
8624
9618
7595
9522
-1763
6304
-6167
-2795
2381
8574
6536
-1933
5428
8164
-467
-3731
2724
-6093
6873
4096
7992
-4925
-8213
1695
-9389
7644
-9860
-8843
4270
4963
5765
6396
789
-1419
-9646
-6780
3124
5289
7778
-7519
2831
6004
-4876
2292
8240
-2612
-4984
8201
824
-7552
-7088
9767
7916
-4376
-4099
-817
-5771
2784
-6103
-2082
-1691
-4594
7040
5793
-7182
2946
-9016
-5023
-6287
-8413
3416
124
9220
1852
-8947
1589
37
-4424
-22
9372
1104
-8848
-9070
-787
-6204
4004
3302
5057
-3677
7636
826
4979
7835
8327
-5845
4656
8703
1598
-960
-3149
5911
-3944
290
-7763
1443
-7985
565
-3452
-9357
9550
4653
-7884
3465
3460
-7503
-5935
-48
3046
-3549
-6704
7222
1472
225
-1934
7150
-2101
8918
7736
-9110
-335
-6468
-9196
113
9744
-1763
-7590
-4981
4905
2527
7902
9195
116
1137
1639
-9652
4181
-5070
8997
9175
4383
65
-5123
-6760
7525
7395
-290
9504
-9044
3067
-157
3674
1874
-326
2373
8826
-7413
-8006
-5441
233
2863
-85
1699
-7863
4117
5971
2146
9952
4153
8881
-2132
3628
8167
4588
-8652
-4931
-4076
-8425
3381
-4450
-5421
8636
-9191
-9935
372
-4173
-8549
-3976
-9799
-3608
-8803
-2031
2997
-2637
3933
-6620
388
-1992
-4817
-6216
917
-8831
7982
7191
-7879
6716
-387
-2072
-4863
8135
4440
184
5332
9111
-3396
-9264
-3345
4631
-8032
1908
6854
-8535
-6901
3816
2276
4022
-6300
-2164
649
-895
-9621
-9330
-5549
4489
-8608
-5507
3719
-1772
-1141
1692
4652
2082
2647
-2039
-2021
2092
3758
-8375
-4845
-9452
-2623
-9712
-3430
-6996
-2202
-9337
-9216
3758
4505
5316
7248
4130
1791
254
-4887
-9167
964
-2545
2816
1425
3896
-9570
4592
8872
-4265
1530
3848
8549
3693
5716
-4408
2465
4704
-8317
5010
6800
6607
516
3427
2902
6683
-9314
2756
3168
1497
-1326
-1088
888
-6224
-7675
-4473
3077
3507
6899
-8987
-5682
5046
-8146
100
4100
4724
8582
3215
-2819
-734
7426
3348
6447
7820
8521
-4267
-1302
746
-4036
8489
-5500
-8687
-5844
-2722
5910
-8734
-3067
-6195
8766
-9011
5923
1015
-7411
-8996
3372
8503
-8295
-627
3088
-87
3349
5849
6358
5817
9630
-1220
4857
-5117
-7744
3913
3679
-3462
-2439
-3353
2138
-3333
-4868
-4482
-3288
2053
3670
1838
-3020
-4664
9341
6362
1005
-8473
-6172
-7031
8664
-6114
-2203
-8854
-2231
-4859
6259
1871
-7475
-1088
5180
3286
-7619
-2280
6119
3738
8890
5822
-3943
-7886
-7556
7304
-7385
8847
4281
-8073
-9569
-6563
2398
764
976
2790
3305
-6175
9441
-213
-616
2962
7095
2475
9844
6223
-5495
-7792
9933
-4339
-8643
4714
-8966
-4647
1686
7774
-8539
-2693
1395
5368
2441
-6277
1567
2136
8828
3195
-5088
-8528
-7749
1766
1141
-9576
7744
2110
-2109
7938
-9917
1989
-8111
-3264
2830
-4201
2813
-4246
-515
9195
-899
3951
-5824
6617
-8473
-9872
-1339
-4177
-8928
8710
8141
6446
2572
-5609
8094
1947
-3682
866
-5774
-4342
1475
-2490
-6918
3174
-3246
-5360
742
5539
-1931
9051
1553
9210
316
8641
6651
-9205
-2721
8001
2659
260
-7061
-3171
3828
-2556
2978
7072
-4993
3649
-2484
-5923
-890
467
-6417
907
-9919
7608
9360
-950
1536
-1075
-4991
7139
6895
9526
7503
1576
-537
-6070
-1688
4364
1215
-5093
-6497
-1686
-8653
-4420
3828
-7699
786
-1986
4714
-8936
-5389
-9337
5229
-1341
519
-1348
-537
-5993
3736
2628
3195
5879
2398
970
7867
-2960
1782
30
4465
4436
8034
2251
-1196
-6023
3740
6367
9545
-9976
-7941
-8630
-5298
-1742
314
5119
2896
5424
718
-9385
-360
6701
-4410
-1398
362
8759
6853
3937
-8779
-3016
-8154
-4577
-5312
-3056
-3317
-7466
8452
-695
-3045
-7278
1689
8072
5166
-944
-4578
-671
-212
633
6065
3843
6977
2938
8837
2388
-7903
5311
6454
-6415
-77
1030
-2415
7465
5482
-6506
-8506
-1493
-5401
-8170
2452
-5494
-447
6264
4176
8134
-8353
-4025
-9459
-1339
-3442
-633
-2325
3151
-1026
8527
8637
604
4403
-2437
3725
-7664
-1166
9993
8801
9010
-2964
-6220
-9310
-7245
8178
-180
2888
5180
-2064
-9861
7765
-808
7379
-132
-1899
-7843
6035
-8865
-9093
2361
-7888
-7490
1870
5295
5894
5378
8756
4690
-2793
-8261
3432
-3081
-2404
2165
9590
8901
-1436
-1095
-7479
-6236
9899
6299
6977
-398
1931
-8674
2504
-5333
5460
-8340
-1453
-4859
5792
-6542
-7147
4902
6392
-5122
-719
-6033
4886
1697
-284
9640
7965
4186
9667
1459
4418
-1349
5752
7917
-3912
3092
2678
-3810
-3302
-4335
-7644
2776
-2692
-3340
6911
9942
5189
3354
-1328
3959
612
110
5037
9982
775
-4158
-2213
-4064
2514
753
-1020
729
7289
-5358
-8183
1155
7906
-6216
-1503
-2152
7132
3005
-8729
-1621
7785
-7017
5046
8173
1800
6254
-5015
-7329
-210
5215
1078
-651
3357
3334
4518
5897
-2825
-1463
2098
-9111
4039
4683
667
9588
-3121
7993
-4295
1901
1374
-2444
-3958
2933
-2920
-1201
-3070
2740
2619
-2984
4515
301
-9299
1196
4568
-7617
-6963
-8440
9407
-5701
-7628
-5872
7859
1068
-4759
1659
7796
-7685
-5182
3642
-5584
1644
-3917
3673
1581
1441
2560
9066
7720
8955
7469
-7367
-5068
8368
-5626
4634
7921
2562
6817
3164
4133
-3527
-5617
1342
6293
2970
-2567
7229
-4881
-6751
-7459
2620
-4845
7262
-6193
-2350
-124
-460
5966
-494
-307
-8420
-5731
-4856
3075
-8951
8514
-4304
5478
-9365
8020
3289
9907
-2162
3846
-3384
7709
6249
9772
3009
-2927
8522
6193
1754
-4925
2478
5989
-4818
-1872
-30
4572
4116
-705
2768
5296
-9883
4436
-7386
-4017
-2846
-5354
1525
-993
-1711
-1647
-1719
-1036
3775
-9018
8100
9909
9018
5692
-8727
5716
4755
-6213
-8096
4246
1302
-3674
5886
9746
1594
-1505
-1545
1790
177
-2759
1370
1083
-2035
1823
-9510
1938
-1984
9403
6083
-1912
-6292
5933
-3648
3031
3262
-9561
1901
-6092
8817
1808
5328
4037
-200
973
1804
-2322
6522
-456
-2124
-9703
-5777
8447
-2556
9989
2127
-2343
6051
-54
-9248
-8417
9722
9612
636
-1953
4000
-186
-6229
2387
-447
3809
3015
-648
-6349
1756
-3156
-1535
-302
8403
252
-4682
-3858
6596
3597
-9431
-1684
-4408
-7711
-2094
-3029
-4909
5248
4848
-4449
3047
-1970
2960
6580
2921
5462
-4529
1483
-8965
4005
9234
-9687
7466
-6647
-8461
-7502
-8957
3502
-3405
1085
7140
9942
-4248
-8191
177
5711
1722
-7301
6471
6401
-5774
1329
929
-2496
7396
-9697
8480
6742
2683
7923
-8015
2615
-5691
4797
8596
-1098
-5331
478
4173
7146
-671
5860
-3105
8081
-8301
6332
6821
-434
759
1937
8592
1619
8594
6521
3065
-6185
-3520
-1280
7141
6671
-8853
-3020
8485
3950
1692
-5905
-5003
-9198
-3118
3403
-7297
7081
9389
-9107
-4013
-8925
-4054
3162
199
2017
-7698
5302
3792
-720
-7567
2421
195
-6601
-4726
2669
-6140
-258
-3981
6845
-9988
9075
1326
5608
-7184
7067
-6592
-6417
9985
1245
3522
-2420
-4516
4442
1105
4674
916
-2238
3059
-7682
4469
-3312
-194
685
-466
-2975
2252
1241
-2826
-8540
-2437
1249
8866
-4786
-6668
8852
-4001
-1908
-3127
-7827
-1603
-8423
63
2383
4856
551
9519
290
-7544
2816
7483
-3383
5856
-9707
7989
3418
-3236
2247
9582
9859
-7144
7637
-2938
8851
9557
-6729
4472
3481
-5760
8717
5065
3740
-6369
-4073
-2841
-4190
-5395
4015
4469
-4681
-7105
5008
5585
-8213
-3319
-2249
-2138
5172
-8189
5693
-593
-9343
-3867
3420
5373
-6009
-5110
-6579
4852
-1992
-9748
5949
8290
9160
2589
2659
-120
1214
6253
-6853
-2660
24
-8770
8645
-6762
8927
9187
7941
-3542
-8709
2109
5421
815
-7282
7726
5509
3809
-4073
-1191
3291
-2545
7931
6910
-1362
651
-233
-2165
-7751
-868
6393
7192
-3239
7038
-4749
-665
-5937
9262
-1556
4277
3048
-1609
-3188
8811
9774
9153
4148
-5165
1513
-9582
-9376
5127
-4134
-2958
1517
-9031
9825
-5979
-2075
-7069
-1486
9512
-2990
452
-4190
7100
5381
5741
1078
-1202
-6174
2120
4544
646
-2128
4317
-9542
6577
2668
-729
6729
5157
-2416
-6702
3052
-5147
8214
-3090
-9852
6446
-9714
9738
8859
-3894
-5678
1606
3740
5688
-5653
-7710
5544
-5465
-6205
-5981
-2651
8773
4383
-3558
-2856
-1404
2368
-8909
-7368
-213
-3072
-5728
9490
3777
1997
6780
-7460
5655
3853
-548
-8802
-2073
-2889
-9334
-1688
8020
-9463
-9336
-1770
6704
-5996
-8553
-1746
2265
4807
-933
3419
5057
-8172
-6744
-7525
-7725
1388
-4596
4677
7849
980
8804
-331
-4709
7015
9899
3299
8780
-8537
-4716
-7296
6466
-2132
-1214
3635
4707
7227
4801
-9069
-4318
-1136
994
6660
-6696
-5550
4912
6263
-4058
5210
-8588
-4972
3607
8926
5958
-6558
731
1348
-6949
-709
-4819
-5898
6258
-3521
8876
-6884
-702
-1111
2252
-2977
-4098
-2998
-5518
3120
872
9861
2354
-1873
-9251
4310
-7194
-6393
9612
-4111
-3285
-5208
1430
-9475
9115
4293
-1513
2261
-7758
-576
-5264
-5536
-3408
7971
8432
-7254
-3154
2038
3434
-7392
-464
-313
2626
-2345
811
5889
4349
-7698
1694
-2119
-6168
-7681
1042
3167
-1765
4638
3213
-8589
-9696
-9836
-7860
-1126
4162
-5740
9167
5892
4668
-9814
1150
-7781
-3176
3294
2167
976
-6899
127
1461
-2374
5384
-6742
9282
7076
-6449
5158
7922
8014
3675
8399
-5977
685
2716
2695
-4050
574
-8752
-9129
8631
-1143
-5454
710
-7679
-5939
3252
2324
-781
-6286
4535
3969
4705
9166
6342
-1184
-9546
3479
-2830
1733
-625
-1393
3983
6744
7541
8055
927
555
-1397
2822
-4633
4931
9212
-7970
-9159
-8352
-212
5137
-3112
-7655
1296
612
-7715
9397
1389
9082
4437
1910
-7905
6379
5589
-2901
-5125
-5897
-3244
1907
-7185
356
675
-2336
-982
-5963
4955
5485
-9027
-9454
-5276
8403
6208
3312
-3018
-9597
8409
4064
-9106
4263
-4089
-4549
2675
1352
-5557
9782
-6182
-8466
-3931
-2897
-9583
9907
-8327
-5285
-7176
-2285
7548
7065
-7840
-8132
4587
-4944
-6425
-4513
-4198
-80
-7982
3024
7619
-7911
2170
6787
-8810
8492
-713
9950
-3423
6505
2865
-9880
-9984
7228
7774
5690
-4276
2949
5508
4437
-4443
8952
-6472
3869
-2937
60
6497
652
-2467
6943
-7187
3752
9498
-1717
-4953
-380
2482
201
9869
8594
-2896
-2549
8413
-4337
3293
5442
-2510
-2673
-9334
6678
824
8561
-161
5339
-2172
7639
9392
-499
8398
-2730
3719
8524
6572
-3559
6624
7165
-8634
-5345
-179
1512
-6919
-8212
1603
-2373
2825
4744
7737
1517
-6142
543
-4873
-9201
2438
386
3601
-9639
4320
8551
4212
-7706
2869
-5911
1640
-6115
5429
-4100
3458
-6617
1746
7079
2524
5384
9444
4250
1803
-6919
3122
2493
-4425
9267
2237
3821
9859
-9777
7621
-8801
-5598
-5493
-8327
-4534
-4425
755
-7964
-5562
80
3993
-3863
3864
-339
-4887
-6320
9504
-9057
8541
4043
6622
705
4895
-8773
-4699
-2148
1864
5320
8326
-5716
-3046
-580
2024
-5856
2992
-9392
-63
-6911
8411
-7154
-4517
3897
654
5429
9936
-6158
3879
-3324
-9664
-1471
-2208
-291
-4727
9962
1886
-6692
209
5820
-1925
1736
5914
-2915
-1233
-3744
2310
-5770
2020
-2671
-4543
9552
-1816
-8721
-50
-737
3599
-4467
-3923
799
4051
-1595
7116
-5865
6018
2721
-604
7638
-1356
-6160
-8474
2090
-9445
8312
-3538
-9787
5442
-4393
-5222
-4455
4787
-9512
9081
-3088
8446
-8583
-1237
7995
1721
-2076
6335
9729
-7265
-7671
-7479
-3900
4301
-6738
5778
-8255
9613
164
-4038
-9689
1853
3119
-1117
-9357
-8617
6862
-4118
-4776
3186
-6202
6886
-7168
2707
4177
-6541
-8277
-8499
-6236
-722
-355
-1766
4314
9791
-2447
604
-6356
-4007
7653
-9851
9432
-4172
-8131
9414
1272
3360
-606
-2624
9081
8744
-4560
-6756
-8472
187
-7281
-3959
-9967
5741
-4065
2812
-9338
-5498
9610
8931
-8636
4067
2108
369
-1978
-6977
3648
94
8664
-9443
9775
8367
4731
3833
2102
6352
-5076
2388
8191
-2342
-5320
-375
-2178
-9254
5838
-2331
-1618
613
-6787
-4882
-6597
2462
7914
-1702
1231
2074
-1450
7485
-3921
9492
-3381
-4820
-1868
-8115
-8648
4549
2860
7428
4019
-9208
2885
-3094
-6506
-1965
8626
4951
8738
5974
7806
3935
-1119
7004
-2869
3750
5254
-6412
-1410
-2951
-5170
-3079
9138
6441
8299
-3092
3984
-8913
1470
-3392
-8641
1320
-2153
-9084
-8261
-8549
-4474
607
179
-4187
-402
-6538
-5074
7976
-4221
8970
-9853
5246
2482
-8416
3428
6757
2566
860
9110
-8650
-9227
-2282
1517
-4653
3448
3999
8420
-7553
-9909
983
5993
-5561
-208
-5115
2989
8999
-1192
1621
8477
-6165
1615
-5178
-5025
-9876
5251
3664
-885
4999
3134
-9006
-8864
2160
772
3068
-4913
-7747
3884
6002
6613
-5846
-9673
9928
-2322
-6258
8357
-7921
7641
-2642
9483
3832
-7042
-9866
3633
6735
-2911
-4696
6749
-8236
7062
-94
-6738
-7966
-2702
6692
-7148
-7685
-5648
9604
7747
-5451
3172
9414
-9437
-4376
-6801
3750
-602
1469
-9649
3055
1774
1513
-955
-6672
8910
625
-1432
-4596
8987
-7833
3541
3829
3129
1156
1349
5687
-3646
-3340
-7738
-3504
-9594
-2139
-5203
-1395
6191
-9875
7559
-9558
7400
1454
-6067
-488
4902
9701
-4550
-4013
-3354
-7268
1443
-1669
-5376
2474
8670
9617
-2664
-5161
-2256
-3889
-5460
6013
-2061
8327
-8510
1288
9322
9884
-6875
-353
7141
-4204
-9477
2954
-2687
-9815
5420
7222
-52
3044
-6536
-5404
1156
-812
-6359
-5508
6971
-9835
9395
8819
-7732
2417
-4474
-2905
-9175
-7358
8112
76
-9194
9350
-2382
-1
-6088
-1853
6703
2947
9693
5816
7807
7126
7920
3633
-4909
9414
-2645
3802
-7781
-5674
6446
9199
-1576
-7926
-3553
974
5078
2383
-408
7841
-6910
-2981
8793
3104
-3519
-8005
-7890
-2521
1523
5854
-9444
-5557
-4681
-7903
-1389
2735
-5742
9202
6338
-509
7023
2033
8013
-6169
-2947
1366
-4645
-3933
9544
-5600
6585
-9489
-2305
9368
-9774
-9794
8151
9991
1935
-2096
3242
-2204
9975
-6017
-377
-9481
-1462
-3633
-8469
4036
-1404
-9633
2545
-8164
-7390
-6802
8977
5461
7997
-6685
-3491
-2903
-5811
820
6643
8038
-8719
-2463
-1302
2919
-3371
-3801
4472
1824
1795
-1279
6224
7975
7088
-5234
2786
-53
-1385
-5894
-9450
-8817
1111
2541
-4805
-290
5146
-2320
7573
-2344
-2858
371
3118
-1107
7036
-3072
2812
5196
5820
-8457
1228
3524
-5042
5448
2897
405
4029
-2271
8090
8168
9014
6985
-5196
-827
-8785
-470
2722
-1759
6337
-5501
7181
4400
2831
-9165
3908
329
-672
6339
-8143
-5062
3405
-1243
8743
-2221
-8295
1003
8986
-947
1976
-7781
-6826
5517
3739
8504
8041
-7300
2371
8186
1963
-6901
-919
-4390
2366
38
-6807
-4497
-8096
162
3213
7213
6957
962
379
-2119
-5193
-9122
9336
-8214
8848
-8721
5198
845
6537
-7955
9816
5920
2941
-4425
9701
7545
9066
-2240
9588
-8829
-8454
-6107
7167
3292
-5292
2011
-4652
-407
1067
-1661
-2108
-8112
-2679
9216
-5035
289
8594
-9058
-8437
4403
9333
615
-440
3003
-24
6456
9865
8555
6398
8962
-5332
-2796
6095
-9200
-3666
-5039
-2152
-6878
6279
5036
-6970
4266
-9011
7865
4539
1991
8200
8649
-7327
-3889
-2008
7477
1927
-1117
9483
9702
2248
9899
-7745
-7318
-2525
-2295
6628
6640
-9405
5585
-3671
-2834
-6059
6494
-8581
-3013
-1617
9245
7160
-711
4590
-7264
7471
5550
-9971
8233
-9928
4721
6806
-1012
6451
7717
9588
-7429
1983
8654
4911
-6121
736
8363
-6433
-6998
7772
7234
-9261
7044
8832
2110
-2703
6272
2385
1960
6285
9924
8071
4813
-4204
7763
7795
-97
1232
1973
-8082
3322
1047
-758
-9822
1408
-9827
8687
-5730
-1495
1045
1632
6040
-9267
1034
6416
-380
-4936
-2567
-6227
8498
-6472
4114
8164
-8841
8600
2328
-2223
-917
-1218
-1611
-5960
4717
5027
-7441
-9412
4588
-8962
4964
-6209
1620
9882
-9520
-5808
-5787
524
-1165
5935
-1651
-5744
-4251
-7509
-7946
-1558
9722
9164
924
4584
3748
2184
8732
-1252
5491
-414
-9868
-3606
-7176
2265
-6406
-9143
-6623
-7342
6896
157
3176
5062
5570
-66
7127
-8892
-1032
2568
9185
9755
2963
-1757
-4491
8219
-9008
6025
-6209
8545
2780
3835
-9379
5097
2978
4389
-576
3235
1568
2459
5347
4326
-2627
-2417
4915
-4615
-7875
-3513
8292
8716
-7551
1
5477
6311
8522
8061
-4168
-200
7794
6840
6464
7950
-5804
-5105
-2126
7383
-4515
-7455
-2390
-9604
-6301
8120
-6675
3603
9149
-7157
6842
-5415
-8433
-9798
-5743
-9791
-9430
-1818
260
3657
-2451
28
-9020
5733
4427
7756
231
5862
1519
7478
5548
-8271
-8727
-2696
6854
565
-7518
9236
1602
2124
-1070
1380
-5690
6299
7499
-2115
8311
7923
-2849
-9677
9892
-8841
5350
9740
-267
4755
-6118
6583
4201
5441
5938
7011
2141
3926
-4244
9818
-7480
-5019
101
7766
-668
4609
1299
-3140
9653
-8381
-2758
-5530
-9887
5098
-9283
8329
4090
-4803
1633
-1505
-5626
-3613
2735
-7138
-7638
370
2099
-4679
4918
-7690
2448
-5087
-9308
5457
9775
-7192
-5992
2758
8495
-9612
-8850
5334
-1783
-2763
-9586
-8530
7614
-7248
-2462
2936
269
-2878
960
4849
-5957
-9548
8218
9729
2200
-3401
-8369
1305
1278
-209
-8551
5622
-3516
-3492
-9588
5831
-7296
-4048
2944
-210
-9998
-5135
-779
2907
8400
3815
-7991
-4484
-2583
8223
-8459
-1566
4300
2567
9053
-3513
6331
9707
-4774
6091
9170
1100
3659
-3389
5586
7033
-168
-5277
-1422
-2014
-4916
-8316
7114
-7055
-5066
-8337
5794
-7075
8161
2878
5270
4954
-6790
-8035
3193
-1340
7462
-3015
-8854
9519
1104
-3165
-3921
2902
-3502
939
-470
-4756
-5752
-629
-2712
3027
5902
9120
2768
-4139
4382
8603
9943
-2771
1025
7596
-3096
106
1657
-5259
218
9830
-2856
5779
1982
-6548
-6395
-919
-9779
8912
-3097
738
-3977
7366
-942
-1226
-5671
-6684
-2031
8089
4343
9411
1
2192
1601
-5137
-8032
-4602
4610
6642
6668
-7791
8329
2988
-4058
-1904
-8012
5370
7628
7721
-7326
-5894
6861
-4282
-6516
9213
-3485
-1100
-6963
3328
6890
7328
4388
1290
-1456
8045
-2009
-7054
-6435
9472
3174
-4316
-9203
2134
1760
-8709
-2758
1942
-4652
-7319
-1651
-4079
-6178
3926
8131
-7642
-827
7532
9854
-2945
-800
-7373
1806
9678
-9049
-3028
-4961
6997
-4053
-7367
5058
7044
8670
-9365
187
2734
-176
-8581
4899
-7065
-3872
-2120
2994
-3203
-1255
-361
1096
-5260
-6777
3139
6278
7019
148
6017
2467
-1507
-544
8007
-7859
-7694
2179
6782
-5187
-5819
-2785
-9280
8158
-2749
7410
-8187
-4695
-7285
-1411
7145
-2786
-8883
3779
-5540
5575
4320
6320
1845
-582
4329
7888
2277
8223
-4658
-6303
-3453
5050
2768
-3993
7219
9448
9458
2562
-8699
-3858
-978
-6486
6652
-2734
-1629
3282
866
-9106
2739
3282
8338
-7365
4145
-2866
7361
-5979
8699
8950
-6513
442
-8835
-5528
1977
4762
-9827
7640
1660
-8455
108
8419
2730
-4364
1415
-8911
2983
5066
-6683
-5062
-2638
-5480
7158
3307
-4973
8904
-2203
6606
1014
4435
3779
-2356
862
-8513
-3863
-4661
1383
8323
7454
-8205
9113
-5463
9273
7133
-3350
289
-6339
1867
-2876
-9950
-4847
-6657
-7361
8651
-7217
-9120
-4044
-759
9957
-172
-4208
-9557
8940
7677
-8416
7123
-8340
-4913
2476
-7442
-4663
1409
-1265
-26
-9017
6497
-8156
-3813
-4317
-6110
2318
7460
4110
-2347
2019
-1851
6593
1584
1677
1101
-6897
8408
4007
4136
361
-7272
3979
2557
8169
6566
-5391
-4920
3211
-7089
-1837
-9536
7024
2781
5287
-7522
9142
-1475
7754
-17
5285
-1849
749
801
8819
9437
5336
3475
-177
-3925
-9350
-2152
7026
4628
9273
-390
-3999
-5479
-6539
-4493
3521
9379
6325
9223
4995
3130
-192
-6508
908
5154
-5833
7505
-1731
-1620
-9173
-6872
-4178
8857
989
625
-3852
941
-6125
-6236
4579
8361
-7745
-6863
-3103
9033
1061
7588
-920
-8754
2302
-3031
-7514
-8861
-7434
-3277
256
1924
2669
-6410
5482
-3771
-8232
8064
1748
-7982
-6197
-7204
-6801
171
8571
-4007
9214
-5015
-2462
6334
-7986
4487
4920
-505
9233
1052
2937
-6981
-2015
9360
-169
-7380
-749
2187
-5594
2302
-241
9413
8737
-1758
7337
-6765
9821
3047
-4109
-6896
-8185
1235
9222
6996
-1297
2522
963
1575
-8916
7091
-1768
5948
-3121
7763
7438
4102
2890
-3784
-7536
-4476
1087
3331
-9792
8329
-2465
9850
-1830
-838
6544
4850
-5196
1443
5133
-6691
1380
4711
9461
-1372
-9013
-649
1532
8130
-6224
2109
2338
-6754
7866
-9050
-5003
1556
1131
2023
2084
4868
-6133
1386
9863
-892
7669
6739
8378
-1458
5794
1216
-1086
-7199
-293
-6295
-7570
6211
9643
7998
-3503
-9162
-4111
1388
6616
-6657
54
-181
-1194
2232
-9064
259
8663
3354
-1048
-6081
5019
-9126
923
-6333
5518
1784
-6397
7519
-9011
-543
-1234
-670
-1740
-822
5443
6785
-8650
-88
-6282
-9161
-4794
858
-1831
9765
2830
6393
209
3913
-9814
-3889
-1116
1221
-8806
-6987
-8084
1980
2239
-5950
3555
9821
-1169
4507
2587
7224
8654
5422
6057
-1975
6216
-1152
-7580
-6794
-752
-5282
3825
-5532
7723
5295
2823
-9296
7510
1092
6339
6360
2929
8525
-4407
2401
1611
3054
3059
-1386
-4770
-1672
-8321
6280
-9342
8124
-7588
-480
-7532
9938
9939
1171
-5782
-787
-6309
-435
-4678
291
-5699
-234
-2740
-2024
2553
-8150
-486
4577
4996
9829
6258
1147
4526
4774
4962
9210
-5636
-4572
-1071
-5615
-4454
-9625
4122
3148
-366
9159
-7856
5972
7923
-3671
8951
5650
-3037
8570
9947
1119
5991
-1691
-3792
-2190
-9597
-1121
-2077
-1860
-7206
3771
7305
-5201
9422
1340
-9742
8648
-1932
-1135
-7373
7475
5934
-2765
-500
3039
6350
-2849
7186
-1056
519
349
-9059
-9333
5978
-1740
1663
-1690
7741
-5328
-1391
-2233
172
5933
5679
-5701
-7488
-3387
3195
3217
-97
-7828
-3345
7331
-1906
-5626
-7185
-3127
6801
-4014
1076
7059
7010
3093
9149
-4590
404
7648
5857
-2379
-124
-8577
634
1828
8040
-269
1209
-2178
-9404
-9415
9655
9711
-8775
-9409
-3002
7066
-2958
-4347
3469
2559
5660
1190
-6467
-8279
1276
-6376
2559
-2777
6701
3009
-1212
1190
9255
-1636
282
9401
-2205
-9617
561
5933
-6844
3014
-8604
-7838
-5820
4165
-9054
-6568
-1441
-220
7828
8326
-7352
2277
-2091
-7795
1380
-1808
327
5814
-2685
-1019
6437
-4973
5802
2441
5468
-1087
-108
592
-9200
-3161
2345
1472
9015
-2449
-1288
-8204
2372
5406
2038
-7511
842
3842
7964
-2534
-1736
-1445
-2828
4236
9516
-1265
-5934
-6042
-3326
9419
4929
7242
6951
9850
7680
-3488
-5537
5938
-8147
2709
8305
-9681
4752
-1515
7675
-5741
2471
-2746
-1018
8616
5767
1138
8646
-2776
333
-3167
-8557
-3950
-4202
1888
-4492
9069
-7868
-9533
1441
3459
-9606
-3006
7070
3693
-3044
8444
2331
-4392
-6022
-8171
-2226
-1207
5292
4794
6368
7713
-8104
1004
1285
-6927
-6804
-4685
7523
-999
1248
958
-5145
9955
-3289
-7227
-9934
3247
2168
3674
6145
-509
8530
1774
5458
9402
-8333
-8362
-6842
1557
-2175
-8071
2235
-3893
-7051
8872
1301
-6191
6137
-4558
-1444
-5240
1543
-9652
8492
-7420
244
739
-341
-1236
4326
-9845
3947
6197
1956
681
-2014
6288
8266
971
9456
-8295
-662
-4383
