1962
0
-5154
4573
7486
-9938
-9642
-6379
320
-2741
2461
-382
-1982
8145
7026
-8850
8595
4677
-740
863
4750
2704
-1879
-6597
5299
9583
9952
-4976
-1797
9702
6948
-3739
3913
2196
5289
-5620
-8936
-1939
-4310
1364
-5274
1237
7459
4783
7615
-1977
346
5863
-2600
-1791
5078
-9487
4505
8262
4006
-4589
7857
-671
150
-1854
-7496
6979
8498
2241
6626
207
1976
-2835
2066
5902
2868
7286
6905
-6284
-7643
-7030
5223
8127
309
-6060
-7232
3049
1025
-3933
796
4480
7526
1166
3170
-7245
4165
-1939
-165
-4844
-340
-545
294
4474
-5949
7046
2458
6368
-3135
3108
1926
-262
-4438
5063
6169
-8506
5088
3230
-1013
6167
7954
7622
6684
3694
-859
-6725
-1324
-9902
-8397
1838
-8604
1487
161
-1361
-6678
4085
-3839
2426
3998
-2768
-2094
-447
5775
-3284
7358
-1293
-4983
-7959
6155
5620
-880
-3724
3298
578
6897
-9590
-5687
2298
2719
-6328
617
4097
3751
-9805
-2781
-7683
-8272
-3997
3778
-7542
-4277
9126
-6987
1461
3164
1588
3062
-6179
-937
3527
-6730
-3185
4240
8252
1563
7700
4722
-2957
-8804
-3035
-3448
-8409
9150
-7618
-4510
-9737
-9060
-2702
7969
8813
-6679
6106
-9217
-258
8549
5589
1380
1036
-2084
2743
5260
-7789
-485
7789
-3173
-2620
-3717
-8055
-5947
2784
-5861
4100
-1367
1784
-1266
9024
8630
-2625
-6495
-6668
5768
5514
-4067
-1824
-6068
-8822
1317
7862
-1899
-6557
3883
7118
-9871
524
-7954
-4445
1203
-997
-1557
-8669
4442
3468
8538
3008
97
-3671
-5588
4605
2212
9114
4781
-2979
-993
9485
9657
-5187
5074
5838
-4713
-5041
-8974
-800
-4572
6819
-5312
-2015
-9838
-9183
5534
6725
743
7791
9779
5732
6124
-7294
-4584
-5798
-9079
-7168
9752
5854
8957
7820
6535
6961
7093
2693
437
4056
-98
-6224
3361
8517
9044
-8913
2210
1904
-6134
-5943
-2652
-8181
5861
-597
2620
-7299
-9696
-3897
24
-8833
-7223
-4263
-1477
278
-1510
-4431
4344
-8138
-3794
-7580
7092
7563
6177
-4972
6667
1239
1690
-8130
-739
6279
-9233
-9378
9296
-9124
-93
-6681
-525
2935
9542
-7732
8354
-296
-3709
-8487
-1541
2287
6918
7288
3058
-2027
2790
6989
9916
7007
7274
-2712
-4437
-3670
-4098
861
1518
1099
-3374
4997
-9641
-4571
1647
6059
-278
2014
-2388
-6341
2812
-2526
-7079
-4938
4067
3826
-1346
-1693
9481
-9656
-2894
1549
9973
135
4029
-7085
8157
-6177
-9135
2476
-8660
-1746
-1074
-2231
-3038
-4807
1751
6365
-1215
-6205
-2117
-692
-13
54
-5337
9585
-5528
-1656
7229
-7654
8009
-7241
7371
8302
3738
-2067
2648
-3119
-6886
5465
-7295
7256
3033
-7765
395
-1853
7750
-1002
-2910
6745
6370
-9034
7520
-3486
-7943
-2964
-8010
-1472
5545
7552
-5090
-5165
-5389
689
3891
3974
9158
9300
8833
2670
4597
8510
9182
-9604
8309
6103
5200
-779
852
5834
-5412
-6545
-2960
2857
5735
-9606
2820
9418
-1902
7211
-203
8573
-4692
8457
-8373
-4934
4104
5717
-6933
1089
-6715
1469
-3397
-5206
418
-7645
-6123
-2230
4148
5660
-985
2338
-419
8711
-9690
1094
-4443
-3353
6483
4430
1608
8544
-2178
7782
8764
-7566
1779
-4653
-9233
5488
-4594
1011
84
-5061
8779
-8849
-1477
-4686
3503
6798
5191
3948
-7906
-4507
-9558
6254
2132
614
7964
1702
-9130
5402
-5827
9628
4844
1915
-6729
1217
9344
5311
-9801
1261
-9007
-6388
4264
544
-1709
-1998
-138
2483
-9971
4660
-4166
8500
-4572
-8644
5199
544
-3241
981
6596
4809
-3468
5914
-9109
-1047
-4052
-934
-1931
6875
-9469
1475
950
-7170
-5117
6063
2192
-4321
-5065
-9312
-9852
-9820
-9301
4608
3715
9921
-6641
-177
7788
-6777
-2976
-2363
5582
-2465
-5006
2050
-1029
-9483
-5035
415
-5419
-2558
-6106
6512
6865
-8939
-138
147
-2326
8939
-9090
8010
7951
-4727
9303
1832
-6618
-402
-8295
-8878
2573
6159
-6885
-6753
-1697
-7983
-1221
4765
-7970
9907
2891
8054
-508
-7
1150
3833
-5867
-5006
9833
4682
6325
2446
-3782
-1006
5404
4587
-5989
7087
6735
-5826
-9417
2957
-5513
-9495
-4469
-2742
-7567
-8487
-5818
-8312
-8092
7475
-8478
-58
-738
1254
-331
7015
-1753
6384
551
7931
9783
-9583
4770
5088
-7009
-6833
-9496
-9282
-1796
8137
-971
-2893
2593
3113
6424
-2389
811
-8853
7204
4633
-4694
-7863
-1911
-7761
5518
-1141
6101
-2440
-1566
-577
9022
-296
4550
7450
6784
-9266
6265
6388
4596
-2638
-9198
-4742
-8085
8775
-4659
4869
1956
4700
142
-6028
6924
1634
-6749
-5180
2009
1608
-949
-2813
2643
-2896
7689
6503
-4589
4507
3547
-6211
6941
-119
4810
-8500
-78
-4680
-5976
-8304
-3440
2326
-8823
-1110
-6653
5170
3345
6070
8969
-6219
5694
-8107
1201
-5114
-3124
3161
7651
-2754
2213
1307
-4880
1052
722
1692
3462
1244
1231
-9886
-659
-3105
-8442
-1124
-8125
6702
-6747
1481
-55
2426
-4122
-4800
7320
-7640
-1994
5965
-7904
4810
-9342
3145
7480
6802
-3883
-2131
-1184
4920
-1072
6458
-5787
-7254
-3528
-5732
6035
-4359
3632
2467
-7753
476
6283
7282
-3937
5167
-199
-5813
8015
-1788
6158
-4907
-566
-214
7443
7024
495
-8066
6473
-5723
-7605
-7384
-7217
-5756
936
5948
-4413
-6620
-1670
1958
-5290
-7882
-9993
-1847
1768
-6970
-6449
6614
3004
2854
-4206
3184
-2797
683
3702
1253
-4049
-766
-8664
-8656
5070
1738
-4579
-8761
-9507
6161
8112
-3017
3303
-21
3260
8893
-5695
-1883
-4915
8342
-7103
9832
-1314
6841
4704
-6920
3066
9814
7425
2289
6649
9438
5470
6163
8913
2074
9450
3644
9047
9649
5628
3346
8269
148
3303
-4801
-3806
-2672
4211
6178
-4628
-2700
-9179
-351
5000
9450
-5640
-3509
-3785
-7058
9141
-9274
4614
263
8794
5233
5441
-8389
-6219
6107
-5208
102
7727
-6947
5298
-9315
39
-271
-7701
6175
656
-9697
-6492
7735
-4555
1891
-5679
-3717
6795
9958
5516
9838
5433
-2602
5620
1536
-9837
5823
2941
1192
7070
365
-4500
-5195
-4315
5015
-9255
-3763
7282
2256
-8786
-2769
-9122
7808
-1562
-5242
-5002
-2987
-3395
5133
-8623
7048
-7865
-416
-9868
-8300
-9792
4790
5638
-6686
5997
-4438
5720
3994
132
1091
6482
7416
-3302
6025
-9636
1440
4953
-6533
3591
54
9523
-7104
973
-9693
1358
9317
9451
-1305
6119
-7954
2833
2214
-3197
7245
5493
-4512
-7652
-3570
567
-2977
-9245
-441
2913
5929
-1414
-1452
-8357
-4059
-6300
-173
-3289
4518
8209
6819
4531
-3266
-6155
604
-4864
-910
-8826
5359
-4167
-2448
1615
-7597
8209
-5738
2483
4953
-7057
4017
84
4709
1865
-9604
5608
-9367
9635
-8093
-4283
2751
5967
5018
-4543
495
-2232
-6223
-8733
6228
-492
-6437
4704
6755
715
1419
1035
-8781
3371
2874
-6731
9335
8939
5114
-5103
2868
6019
6430
5522
-154
6038
-7051
-5931
-4949
-8242
5671
-5697
-949
-6738
3251
6154
-1288
-471
1761
-7892
4317
-593
-4558
-9513
-3256
1977
-4889
-5457
-1846
5998
109
221
8675
7716
-377
6812
-3434
3157
645
2328
-5823
-9741
3674
5589
1482
694
172
-5282
6422
-170
-5053
-6782
-4631
6262
3291
9278
-3036
-2731
-5924
335
-1977
-1378
2241
8877
92
325
-7707
8161
3358
407
-5244
-3925
-8868
-9566
3057
7298
-6682
4505
-8041
-9877
9956
-1312
-8181
9027
7151
-9823
-5022
-8925
-5267
-5928
-7122
-4716
8508
-246
9749
984
7534
4903
1574
-4912
-2131
7071
-9970
4499
4878
-4197
3659
3115
-3790
5359
-5595
330
-871
-2153
-2858
-2062
480
-6166
-3908
-228
-8561
8096
3818
-6371
-8504
-8151
-8556
7199
-8323
-7210
-6804
2983
-1891
9956
-8868
-7304
591
4165
-4623
7068
497
3164
-7749
2655
-1813
9128
7228
236
9697
-8782
-3200
-7801
3237
9478
664
-1562
-3133
1406
6551
6025
1115
-4638
-9762
-3811
4646
7267
-6318
9583
1419
-3865
1153
7695
-490
9392
8313
2303
3458
-1530
6331
-4430
2752
-4555
585
2548
9091
3083
2017
1431
-79
7592
5046
2474
3781
-2932
2020
-9775
-9508
-30
-9382
-3348
7763
-4460
573
-5920
-3616
-2597
8332
-21
9459
-4669
-7119
9009
8686
8542
8896
-8160
7171
-5254
-6742
-2194
-551
-8215
-5686
3238
-7620
-9689
3851
-9980
6962
-1866
-9203
787
-1924
-4269
1588
1288
6505
8657
7140
2652
-9859
-18
884
6781
-2670
3195
8770
819
5504
-6434
-106
-3566
4334
-87
-605
7110
1062
8311
4249
-4315
3956
444
-2148
-9975
8633
3304
-7069
6344
-7999
-1182
-1943
-4024
-3376
8170
7631
4648
584
-4113
3017
2290
-6831
9057
-6640
4723
349
7603
8953
-8256
-8954
-4712
-4949
8541
-3698
-3473
-1487
4972
8415
-5372
-3926
-6774
3208
-635
738
-1402
4242
2348
-2871
-9186
6917
-8398
7268
7370
3907
-2739
-7365
-3886
-320
1275
-7038
-8245
5506
5194
466
-332
-4109
-7630
-6549
-6006
2866
-5398
-6721
-716
7662
9517
2173
-3616
129
-9034
3052
6802
-6919
463
959
2555
-6975
8871
7634
-5244
-1960
4129
-4080
6843
5831
-430
-469
2474
-5728
9622
5645
-1222
-3681
9712
-1172
-5778
7207
1246
3969
-4208
-2594
-9976
-5212
382
3737
-2306
-9375
4330
-9970
6789
6375
6891
3710
6172
9548
-7500
-5811
-2770
4091
328
4259
1968
-3855
9538
2112
-443
-4249
4471
4795
8959
999
-7516
-7195
264
2118
-9223
1257
-5357
-6519
-9456
-8043
2865
2396
3590
2633
8747
-3791
-418
2877
-688
1672
5813
-8886
6531
2458
3812
-4022
-5788
-7855
-3279
-5817
9011
-1672
-3830
1950
825
5752
-8601
2049
6958
5497
-7230
-5838
8041
2935
-2386
5784
-6095
-417
-4526
6892
-1045
-708
6953
-5642
-1473
-897
4723
-2188
2242
-5236
2044
9006
-7050
-4254
1823
2908
198
3567
-4627
-9822
2971
2954
9164
-4773
2460
6844
-9165
82
6424
-7684
-1069
4106
-6171
-39
-6851
-6744
-4944
9850
9713
6866
-5738
-3558
-4702
-8293
-5510
5152
9164
-7551
6143
-9770
-1169
-9912
9218
-179
9493
8585
-2558
-5188
9198
-3195
-2727
-6993
9186
-1483
-531
2238
749
5708
4791
-5232
-3700
-475
428
8228
-7595
-1045
9648
-5816
-622
5906
-8319
-9178
627
1330
673
-1243
-1726
2528
9025
-7636
5947
-2727
4117
739
-544
9289
-2000
8566
4232
-4013
-7084
-8347
-7943
-3951
907
-557
-2957
-1741
552
5069
-4210
-8926
-6917
-6772
-9121
-2256
-6583
3109
6045
-9772
4900
7881
3627
-1722
9517
-8838
5357
9243
-7807
-3197
-686
6722
4740
774
2330
5200
-2730
-8079
-352
5067
-3109
8445
-4705
-134
-3741
9238
-9080
9610
3738
-9183
-4537
-109
4439
1103
5919
8310
431
1720
9622
-5933
-6107
5787
-2677
-950
156
5715
-6233
3965
489
-9434
5714
2018
-6391
8668
609
7856
-701
6278
-2096
-4713
736
-1344
1175
-3721
8186
2258
8487
1975
-8727
7701
9810
3465
3049
200
-7530
-2823
-2345
-1439
4651
95
-602
5585
9529
4798
-1734
-5498
1255
9146
-9469
-6360
5746
-765
-6652
-8068
3368
-7679
9709
-3524
2612
-4780
7937
-4879
5667
9753
6876
-8777
7808
-1815
1920
7616
-3774
1000
6301
345
-2495
-6679
-4611
-4596
5401
9272
5566
-85
-6087
1854
7481
-6001
573
4742
9579
-878
8356
9975
5232
2937
-7708
1974
8330
-9440
5
-1969
3617
-2705
-8600
6795
4261
8783
7552
-7229
1787
4503
2288
6335
-2091
7366
7395
2563
2637
7939
-3155
6194
5360
-440
-6525
-6991
8857
617
2558
-9411
-5349
-3377
-2352
3564
9087
-6125
-7876
-2039
-3734
8630
-4233
3093
-9760
2625
6457
704
-5769
7802
5491
7756
7045
9409
5052
-2600
2343
8277
7839
-2069
3204
-993
8661
-4311
-6695
-7685
2328
-2907
1587
-962
-1711
4113
9918
6795
2910
-3924
-9582
246
-9694
6400
4359
-1524
44
-9035
1099
-1543
-3510
7550
6441
4365
-6832
-5940
4243
-9084
5746
-3968
-6485
-5108
-1993
-1291
79
-8499
-3297
9684
-5906
6082
7758
-4191
-674
9177
-4694
9407
-6292
5652
4618
-1091
9659
64
-4159
8800
3818
5377
6518
5464
3018
3283
3378
9887
-3521
2842
-2850
5645
9111
5444
5111
-8812
4377
8365
5970
2582
-6655
-1127
66
-3608
-1692
-9565
956
-6501
722
-9580
-8804
3406
3389
2962
1096
-101
-5361
-2977
-2336
5693
9213
6335
-1766
-1542
874
-5763
