589
0
-3386
8765
3857
7084
1192
112
-2237
2812
2473
8280
2972
-3109
-7474
7144
2773
7049
-1719
1837
469
-8118
-2072
-2245
-1188
-6451
-2197
-3034
-7406
5582
8616
-8433
8843
615
923
-25
8605
1107
4603
-1276
-4906
-400
4967
-5443
-7193
208
7180
5122
2313
6247
9247
2158
3146
-119
-6640
4108
9172
8630
-9239
-5032
-7664
-8600
-5059
-1640
2625
-8228
-6036
-5291
-358
-1905
-6782
-7054
3436
-1277
1336
-8414
-40
8684
314
-4140
8755
4152
2928
-3877
-8972
281
-2742
4970
7971
-6571
5598
8874
-7391
6549
-7515
-2531
3692
4694
3114
-3484
6042
-7416
8754
2716
8092
-4282
4232
616
-2663
3113
-5437
-3666
-5219
7960
372
610
-7270
-5956
-7464
-6684
-2077
-3717
4135
479
203
-4561
-2457
-1933
819
-9613
3264
-1453
9848
-1731
6284
-634
-9545
7506
-2762
718
-2204
-1106
-958
5775
7931
-1260
7443
7030
8916
-8150
-6110
-5016
8387
-6876
-5746
-1100
-4375
-5307
4734
-4296
-1422
-4458
-2035
-4166
9590
-3981
-8382
-7575
-4752
-6491
1857
4418
3214
-8242
-7852
3023
8910
-5742
-9281
4889
-7625
-6413
-3566
4833
-4216
5480
-573
-8367
-3032
-3379
-4414
6803
-4318
-4166
-722
1978
3685
699
-9089
-8284
9820
4706
6209
-8202
5842
-6523
-3863
-5350
6155
9607
-7889
-4087
-860
-4556
-2711
-6258
-3487
-2478
9178
-220
4056
8981
-7958
7646
-8538
1486
8929
-5716
9851
-4042
9896
-9576
-5267
3864
1504
-4440
-5609
1951
9036
7968
3282
2079
9315
6047
-5936
-2035
-6271
-3471
-499
2093
-5348
4008
-5195
725
9667
8287
-2152
-6771
-4892
-9199
-8101
-9939
282
-5277
2094
-3075
-4595
1062
-521
-9577
64
-3214
-746
6153
-5820
5955
-4878
-2855
6636
8901
6593
-5195
393
-4133
8515
5448
9731
9607
-4560
4731
-4328
3908
-1925
-2751
-2030
4194
8596
1341
4182
-210
8371
-9530
1657
4513
-1916
-6243
-2412
5046
-6313
-9126
-6748
-4412
7206
-6481
-3965
9947
9194
-7458
4094
3202
5943
-4116
-3051
-3430
24
-833
-3510
4255
-2162
-6430
-8149
-9982
-5674
1857
-1609
-455
-9730
7205
9619
2575
7371
-9725
8609
-7113
-3125
-5150
-6216
-5250
-2210
6940
873
4526
1569
-5664
-5520
-654
-1126
773
81
-9155
4898
-5148
9733
4222
5818
6795
-8396
8077
8892
7022
-8082
6199
1758
-578
-1787
8174
-9773
-4121
9005
-6936
-5509
5434
-5005
-6830
6645
8646
7748
3464
148
6448
-6458
-130
-6751
-2244
-5398
8957
-6746
4713
-8685
-1013
8159
-2054
4343
-9531
-9270
6876
-6330
9953
-9476
-5795
-7172
9355
-4880
-9671
-4577
-4051
2213
-3938
-4607
1065
2058
-5262
3251
-8713
8851
-7525
7523
-2498
6448
3348
2872
9301
-5732
1250
-8412
-2091
3014
-3606
3446
-7951
2313
-6733
-9537
8250
1124
6555
-8484
-5243
-9063
3519
-3888
8846
2603
-1095
-6290
3217
5784
7385
7035
-4124
-4658
7588
4921
-7974
-6728
-3788
4556
3033
74
3359
-5707
1572
-6662
-9198
-4180
-791
-4088
-6218
795
-6745
4703
-8403
3198
4178
9089
-4183
1450
-6932
-1313
-7445
-981
-821
-3383
4920
8011
-3738
7664
5696
-9570
2082
-4713
11
2821
-6448
-642
2896
221
-4001
3131
-6150
-4564
-2779
9748
-9749
6673
7989
-8703
-2337
780
-9357
-4016
-8404
6072
2866
-3795
3886
3775
-9993
-9036
-155
1751
1375
9739
-1907
7341
-2143
3981
5791
4294
-2662
-3009
3047
-7254
-4492
3732
8866
-8138
3594
771
-4522
-9513
4484
3569
-1515
482
-251
-7808
-4006
6339
3154
-3138
-1911
2174
5774
7255
-3275
-4468
6897
3131
-8097
-1351
3542
-8992
879
-3806
-1899
2331
-9713
2603
1542
321
2191
-1646
9918
3106
2602
270
4910
542
-8176
-8566
