3364
0
-7121
-2124
7155
-3798
-3519
-2238
-5408
9697
-2029
4479
-7361
-7086
-9470
-7687
-6393
4986
-8549
943
5057
8065
231
7904
-9161
1297
-6563
6491
984
-220
7673
-6497
1866
-8299
-2648
5813
-4298
2213
-8954
-2044
9708
-2430
-5994
4087
-1061
-1980
-2876
8420
-3932
431
3256
6021
-8462
2561
-149
-365
8758
8280
-2805
-7411
6199
-8409
5749
6771
2329
-6605
-1841
-1673
-1012
713
1219
-4602
-4234
-8151
-3884
-1993
-6177
1517
-2543
-2723
-3989
6816
3392
195
2022
8259
2954
-5134
-490
2988
9547
-6680
-353
7319
3642
5220
9858
3234
-3389
2462
5446
277
-3990
9781
-1888
-6457
-2525
-6891
-6326
-4010
1131
4845
-8795
-3772
-5789
9273
9055
-4752
4370
5811
6716
-1294
-7900
-2197
7713
8599
8668
-369
-1745
1603
-9098
-439
5618
9734
3016
851
1590
5460
4579
-5305
885
-9436
-1045
9880
7531
65
5354
8487
8135
-3913
96
-5510
5139
-100
-8476
-2013
-9232
-9364
-545
7658
-183
-528
52
-9956
-8141
3030
-45
-1891
-2082
-9445
9211
-6354
7817
6420
3900
6298
9947
-9126
621
-585
2405
-6344
6176
6418
-6173
-341
-5862
3432
-9658
-97
-568
7770
2692
4507
-9485
9674
297
5542
1826
-6671
-9446
6986
-153
-919
9431
-7726
-7804
5068
3251
-3092
368
-3461
945
-8835
-2232
2035
-6852
-6476
-9169
-2683
9586
4049
8226
1390
-9486
-6473
-5654
-6642
3693
-257
-7301
5507
7827
-5179
3734
-6278
1133
9852
7374
-5021
6016
-8096
-794
8478
-1374
7210
7233
-1510
-4817
-6340
-8765
6715
4511
5037
9475
928
9490
-2698
-2228
1063
-8741
-1777
-9516
-6480
7807
6222
8023
6042
-9511
-2594
4545
1862
-7069
-6161
5730
-2140
-6721
-1968
-9782
-2874
3838
-1710
4368
4248
-9635
-8399
-5028
9440
-404
7785
-590
3766
-7111
8626
1925
-8216
-4113
5382
-7751
-383
-2393
-902
6848
3723
2081
5818
9268
-7197
6500
-185
-2713
2308
6767
-6411
1527
7367
-1021
-4282
-2358
1377
-6526
-6128
719
4039
670
5404
137
2219
6310
-5240
-3360
-859
9163
2395
-54
-8243
4018
-5230
8797
3081
-4322
4376
159
-804
-4894
-3235
-4300
5154
-5241
-9119
-1607
4396
-9942
-8886
7488
2951
-4234
9053
3241
-8050
3675
5019
-6879
1431
-341
2565
6146
-1139
-4606
6269
9332
3149
-4249
6758
8665
293
3505
-5604
-8828
-5273
9774
9073
7727
-2347
9403
1574
2758
8748
3496
-2417
-6278
-6841
-1460
-4318
8803
-2180
5216
-1074
2114
-4039
1142
-7478
-2199
5995
8319
-3404
-2112
7438
-5826
-7255
3413
1949
-5825
-803
-774
3898
-7730
-8361
4339
3145
4366
-1009
1947
-945
3070
3505
5291
3016
-8545
-3422
-3285
6783
3589
-9142
-3590
-37
-4408
2931
9794
2114
4831
-5091
-9457
4891
9603
-218
-1860
-5197
1518
3468
7402
2440
-6426
-5939
6941
1663
9788
4530
6127
-1649
-9490
-6446
8604
9612
3843
-3820
27
-3508
-6667
2305
-6367
6243
-3467
-4146
-6847
3595
-4713
-9277
-7456
8932
1086
-3400
8610
-7445
275
6560
1171
9519
-861
-8593
8751
100
6587
-5227
8159
5835
6201
-1750
2845
-5618
-8396
-1340
-4768
3820
771
-3689
6226
-1266
-75
-1756
5702
-1865
3023
-4685
8228
-2505
-9515
5562
596
1673
-7709
3794
8637
-9054
5745
6363
75
9274
-1916
369
-4702
-1161
5154
-7296
-3132
2388
-4482
-3291
8270
-7752
6327
3326
-7734
-7609
-4571
-9337
-23
7517
3748
-3715
3339
8120
5256
4870
541
-2342
-3337
7942
-6739
5845
6045
-4974
932
-4340
-7719
-733
-540
4080
9491
5029
2349
-4254
-3054
-1164
-7700
865
-4885
6263
6413
6519
-4577
9473
3141
-8074
6471
-4243
-9494
-6235
-2817
-3917
5941
3861
-5132
8393
8540
7998
4969
-380
-6445
5716
-3676
-8410
3163
-2946
49
-4516
3247
6415
-7605
-9093
-9555
-759
-5159
9025
698
-5094
1942
-9354
-4347
9196
-5000
-2097
4346
-1423
-8132
6581
-5892
-4552
4915
1570
-7449
-4745
-9305
9060
-3681
6143
-2734
-7642
-4049
6917
8121
7416
5075
-3696
-979
-6918
-2474
7189
9984
-8854
3599
-8452
2639
2317
4277
-5994
407
6886
-2724
8194
8037
8595
7351
3091
-8069
-4885
1737
-121
-3216
-664
6877
-6331
8891
9631
6373
2523
5939
-3833
561
-4121
9679
-9714
-1825
-6609
-4068
-7922
-9113
-3387
-1035
-6059
8033
9664
5109
8805
-790
-5226
-1695
-8091
6815
5395
1569
-6650
-4132
6794
-5316
-5936
7089
4047
-5265
9093
8885
1459
1457
-8363
7079
-7983
3135
-335
-1609
-4270
-2384
-522
5057
-7210
-2207
-4972
-2654
5710
-8016
-6737
-6798
8996
-8535
1943
2506
2203
-8038
2507
4163
-2446
5051
966
7326
-1763
-3977
-6649
6360
9131
3963
1857
-9958
-2596
-6880
7788
-4622
1921
7463
5668
7043
2452
-4497
6324
9051
1611
6066
-4825
-5281
1132
-8861
4312
-9161
-3093
9550
8700
8497
634
-1080
987
-9913
7279
-1004
-1561
-4397
1423
9555
400
-1681
6881
-6192
1891
-1245
-2077
-2060
310
-5322
-179
5592
-3890
446
9608
-5100
-2780
3904
-4198
3550
3521
2104
-508
3015
-3655
3581
3909
85
-4424
-6202
-3975
-9028
6011
9423
-8253
-5361
1074
9423
6124
-8683
9263
-6992
-1255
-5061
-8050
1467
-7805
-69
5506
3737
6776
8839
726
4768
2979
-7445
-5140
8177
5537
-7422
5866
-5156
9789
5708
-5545
7125
7371
797
5749
-4293
3734
-1619
8243
-9567
1310
-1477
7409
-4667
-8292
-4791
-3431
-6180
-6277
-5460
9016
6892
-7114
-7588
-7284
5335
-3467
5372
-4226
907
4631
8771
5564
-7246
-8529
6479
8780
-43
-5445
-2954
-8316
-1402
-9284
2167
-2331
109
-9431
5521
6
-6439
7509
345
9964
555
2579
-117
-586
-6625
3967
-6810
4356
8822
-7704
-5453
-6326
-5369
-2828
-3624
-1613
3022
-9348
-8728
-6139
-4910
7431
-1257
-1291
-2259
7324
2618
2636
-4379
2451
-508
-4119
6775
-1835
7974
-7526
3005
6013
-3551
1456
-8918
9739
-3980
8982
-6395
4758
-7122
3730
-4849
-1104
-9638
1773
1346
-6403
4428
3157
2689
-4049
9582
211
764
-9498
-2303
5422
4591
9260
-8618
6306
-3080
8154
-4232
-8773
8129
2933
-1246
-8793
3402
663
9033
2609
7834
3980
-9306
473
-5182
-8229
-5473
1748
-2578
-658
9777
8141
-3563
-8150
-9200
-6619
-6467
-1148
-9602
-1424
7809
3833
-1909
9176
-5315
-6380
-2875
9649
-7236
7297
9317
-6961
4305
-8453
-1853
4555
-1377
-4620
8225
6827
-1063
3489
354
339
5472
-4195
3771
9085
5387
7334
-4174
-7453
-8246
-9558
-8478
3673
3909
-7462
1317
9781
-4996
3292
1880
7590
4797
1187
9441
8429
6005
-6096
9940
-6985
6052
-5157
-8767
2619
7772
-4076
2316
-749
7936
-193
5387
4356
8110
-6017
2652
-984
-7930
-5351
0
8657
-6846
-7311
1739
6679
6660
3278
-2005
-4224
-4638
-9838
3037
-4185
-7885
-3014
-8334
9710
4054
8712
1904
-7623
7585
7322
3042
-7652
1092
-9526
7012
-7339
-7835
-1459
-1314
-4600
8160
-4778
3259
6618
-5699
6189
-7784
6262
-9910
-970
9991
-9650
8648
-7984
565
-1878
8599
-8812
-9097
-4288
-7032
3013
6500
1480
-6162
3454
-1370
-5673
-342
-7690
6010
7773
-3602
125
4107
-6624
5743
-2250
-9869
6618
9550
-9041
-7669
195
-4498
95
9532
9788
7749
7639
-5417
-8193
-4080
-7261
-1913
6554
7402
122
-7936
-1739
-2035
4644
-7624
944
1543
-9398
1070
-2590
-5213
-2035
-4147
4106
-5987
-9793
-3317
7448
398
-1632
3192
-9314
9877
-4095
-8653
6107
-7731
7679
1521
-4478
955
5903
-7622
2226
3628
4242
12
1848
6524
5421
1941
8198
-8095
-8430
3004
5706
-4120
9491
5297
9371
771
4525
4156
-2913
-5827
-1250
-2009
6341
447
5656
-8664
-6414
-3259
-5269
-6964
-3869
9397
43
3510
6814
8725
9097
-2801
-7930
4103
3316
-4866
-4633
328
1809
-1880
9505
-6022
3680
7666
3793
-1976
-2526
4136
-9504
-5428
8219
-7469
2959
-4677
2919
8119
8263
-1960
7450
8788
3649
9603
-1330
4785
-575
-8940
-222
-2980
-6441
-1649
-1219
3836
7587
9
2195
4808
-9786
5157
8355
-3298
2714
8527
-7546
3270
5711
-1691
5999
6237
6076
5175
-554
-4164
-1977
-5797
-7292
5440
1537
5647
-938
6134
-4026
-7106
-670
6672
2825
-1637
8164
-1843
-4514
947
8780
-1451
-3175
-2100
-9878
-6876
1325
9436
-2290
-4879
-2177
-945
-6206
-3498
5410
215
7631
1073
6577
-8495
-1238
-9414
5306
5539
-5227
-447
4319
4548
6065
4831
1067
-9953
6269
-5531
5602
-8860
-7603
8580
-6488
3810
9514
3310
-1993
459
4364
-4602
-3401
-5626
-5655
-2037
3064
-4982
-3572
-5201
7443
-8243
-8877
2895
1891
2822
226
7660
5540
9126
5160
6162
-8488
-6467
-2397
20
-3844
-8992
9949
1800
1386
-3735
-3792
8417
3696
2370
-1993
-6492
9723
-5757
-6107
8507
5807
6397
9639
2847
1167
4830
-1951
-3676
2562
-1716
-1422
-3152
-4415
6895
6089
2333
6650
-4229
2668
-1645
9511
8858
2683
-2138
-4687
-4258
1229
5198
3009
-2349
-3353
7776
1324
-719
-7061
1254
-2043
-2935
373
6547
4935
8947
5905
-9333
-6357
-6500
4654
-9114
6892
2252
2919
-4927
2528
5904
-5762
-6568
9729
-9451
5114
-6407
-9641
8735
9213
-2226
9828
-4664
-3070
6078
8374
4304
2564
7159
1610
-9483
6075
7254
-8323
2623
5330
-6820
2101
-435
-5213
-3548
-4248
6922
-1617
-2225
-8197
3871
-213
-6705
2117
7154
-226
1976
9962
-6928
334
-4818
8311
7667
-641
7332
-7806
-5363
-8934
-400
4616
8947
-8950
3607
-5963
-448
1199
4350
4216
-6709
-2407
3324
7103
1862
-5622
8404
-5449
8367
-8010
-9219
-2029
-4890
-8946
-220
9140
-5227
-7698
6341
9994
5187
3666
-8601
-7946
4843
-8861
7072
-5612
6093
-6474
-5189
-7751
4266
1326
-34
-2092
-2365
505
9157
-4199
6240
4919
-212
1316
-3573
-3551
-9664
2114
538
-3510
-9247
4405
2420
8911
-9741
393
-5700
5639
7777
9213
7807
-5182
2288
-85
-9372
-3503
-9211
-604
-6549
-7303
-4502
2208
787
-6941
-2618
-3138
-876
4849
-8646
-7508
-2145
-7355
3622
1559
4794
7847
3020
-6940
2439
-2756
-5820
-7475
-68
6292
-9010
-1389
-8207
-8098
-7149
2356
-8532
3690
9493
2046
2390
7780
-8275
-7005
8204
-7319
9755
6206
-2056
-2616
617
-599
3392
3469
-2315
-1882
-100
-4554
3086
5134
3696
-4507
-8038
8077
-7047
-3340
-7655
-7061
-9436
6523
-2065
3259
-9321
-4811
-1709
7553
-6325
7701
9141
4640
-2251
3136
8644
-9616
-8247
-5810
-6531
-5191
-9892
-484
-318
-1316
9267
9477
-6661
8514
-5739
6041
4148
-1364
9869
4651
1100
5705
-2220
-9395
4334
8374
546
-8023
9269
4451
3721
7316
4407
3268
-5382
2057
-4112
-1295
3922
-7134
8306
-579
-9476
-4311
7037
-6272
6674
1738
3309
8408
6962
-7654
-8786
-1809
-3498
-5284
-4952
4815
-2357
7899
-5612
-7897
7838
4986
-9670
-5712
-6041
9964
661
2362
5892
9280
8236
-6073
20
-1012
3961
4753
-9371
5289
-2769
6530
9792
3720
8517
-8343
-590
-1330
190
4678
-505
-255
-1733
-1845
-3721
-9984
-8872
-5821
-9949
3730
4366
-9006
5772
-2412
2276
-4067
8144
7683
6950
1556
-6751
-3627
9844
1438
-9535
-5276
9551
-9143
5516
-53
-8142
-5906
-286
7959
-5931
-9670
1229
849
5080
1828
-253
595
-9057
-858
6053
904
4347
-7097
-1696
9167
4335
-3258
-2277
2999
-3249
3364
9276
-4979
-1921
6112
3408
-6805
-3186
5690
-7229
-3480
8621
-9193
-2978
-9845
-1449
8961
-1445
-2
-2179
-1866
8416
3279
8748
235
42
-9977
-922
652
6359
7196
6325
-2441
-2234
-7553
-1872
-1006
8145
5930
7956
-2722
-3797
755
-631
-6241
4286
-4682
6709
4927
-4261
-1056
-3428
-2563
-3903
6992
3014
1114
1886
9726
120
1442
9252
-8291
8829
-2429
2360
9644
1031
862
7524
-591
7085
-2672
-6517
-6348
-8778
4843
-182
8007
1580
-3784
1319
-2639
5124
-8429
6432
9934
6219
6828
9156
952
-7074
4371
-2775
892
746
8620
-622
-7307
5352
-25
4390
-3111
-5654
1332
4451
7206
-6634
-3304
5440
655
-1595
4725
3691
4423
-9562
-4830
5463
1388
8380
-8387
-9849
3422
-343
-3371
-3953
-9032
6092
-3851
-4961
1965
2413
-7143
-562
8936
-7395
2819
1237
-2116
-8171
-6106
5132
2903
-72
6178
-124
5434
-216
-9214
-6204
-3655
-4212
4202
-9373
-1336
-1646
-7538
2661
-3548
5279
-931
-5846
9700
6136
9211
3593
4639
7391
-2754
-8413
-7512
4153
1398
-8292
-6613
3636
3140
-4326
5935
-5022
-3188
3916
-1691
-3524
6807
7158
448
-6146
-44
1399
-8047
3299
-4499
-2565
474
3499
-7669
3456
-2031
7591
-4827
4165
-8386
-8647
-6028
6736
-7838
5896
1765
-1361
-4390
-9560
-7005
6880
-1219
-5937
4898
9592
-5158
-9129
2209
-5173
5332
-3031
-902
-9080
8046
3148
7201
-7853
1598
7226
1762
-9865
-2945
9196
-7202
6599
-7756
-6088
4321
-6633
-444
9937
-8183
4001
8147
7836
7464
-5102
2664
-2408
-6151
691
-2470
3862
7565
-9212
-8600
6593
-7512
-5019
6973
-2031
-4926
9256
-2931
4270
-948
-5046
-7431
-1452
-7115
9278
-5435
-9927
8529
7532
9489
6821
-2318
-8941
-6967
-6658
-9205
-7635
77
7213
-9593
-8205
-1437
-3124
8985
-2447
9715
-476
-4418
5553
331
-1025
5998
-9149
-534
-3786
2970
781
-376
9134
-172
734
-3634
6326
-9853
-5534
-8241
-8282
-6024
-1344
768
-7933
-4143
49
-6559
8004
9349
186
2907
2920
-506
1748
4793
6566
-2033
8718
-7553
9138
-6263
1640
2559
-8441
-2158
-5815
1270
8545
-8998
4272
5716
-3374
-3909
-441
930
-6216
2801
-146
-6890
4052
-8099
7592
-9512
-6795
-2406
7311
-7920
-4076
9929
-4647
-2981
6558
-2003
-7453
448
-7833
7014
2566
-3324
2813
-6949
1041
-9260
9805
-8465
9496
765
-6421
8041
3497
-9745
-7583
-4405
-7099
-9810
-5843
6554
-9261
-2991
-5401
141
2913
2357
-3909
-4872
-6456
6021
-8175
1319
3708
-9466
6949
-2654
1883
-4728
-3943
8864
-2845
-8240
9455
-2104
-5427
-2768
343
3813
8473
-9436
8521
493
8639
-6268
358
-8657
8523
-3465
5416
-1679
3981
-1202
-8151
7168
-8566
-5290
-8923
8262
6112
2965
6995
-9636
-8207
-3930
907
-2511
9599
1462
-6569
-2486
6258
-3975
-8620
4273
-4530
-3054
5876
-1381
3095
566
-2092
419
-1372
1789
-361
6746
-1526
-7261
7977
1313
6061
-3415
-1104
-310
-718
-8511
-3900
5980
-1551
8565
9614
2806
-9854
8692
5275
105
-299
6443
-8037
-2880
3728
9001
-3112
-2339
-2598
2744
-5024
-5858
4276
-2738
3811
7191
-4042
-4497
421
560
2270
-2448
-4199
3674
7117
-984
-4463
-574
6368
-9
-4371
-3749
7391
8927
-5790
9621
1247
6430
2621
3069
5150
-4175
5463
-700
5491
7880
7263
-1252
-5327
-4083
-9906
-4035
5286
-1586
-3847
8134
8185
-7447
-5006
7994
-4691
-4371
7870
-3647
5738
-2529
4934
-645
-322
-7036
517
-4751
9075
6063
799
7035
-3363
-6673
-6859
5136
-809
-2012
-3689
-8
5043
-5006
-9869
9987
8778
-9858
1910
1587
-227
-6370
-9853
7117
7139
-9181
-5618
-6143
7216
-1356
-2052
-7946
6480
6074
-1605
7759
-5079
4072
-6940
7701
6735
6863
9472
-4025
-2967
7260
417
6266
-6034
5975
-8105
-3835
915
5305
6070
-5149
-5547
1612
-8074
-7154
7578
4076
-5930
1237
-1870
900
1178
-822
-8090
-5492
-6599
7162
8317
3380
3372
2091
9556
-6921
8990
8329
3880
-4252
9526
8656
-3113
-5897
951
3263
4081
-4691
-5345
-8359
-6595
9597
-4425
7295
3423
-8982
-4514
7722
9159
-4007
4056
9969
-7113
-5706
-8884
3467
-4339
-6453
5849
1574
-2872
-4283
8194
-3694
5978
-1304
-2863
8319
-7440
6215
-6726
-1111
-6964
1936
-3370
-2387
106
-5752
9982
-8289
8201
5913
-8963
-6277
-7814
5266
5131
-3106
-5185
1830
-2867
3509
4898
-3810
-1105
401
-797
-5940
5651
1808
619
-4716
3052
3870
-1460
-772
-7235
-8738
2840
1372
-9666
-5555
-6999
8451
334
-8661
1850
9434
5046
9681
-9467
-1382
-3173
-4321
4041
-8919
2534
-9352
-8070
3978
-6107
-1548
5370
-2259
-3320
9266
242
-715
6769
8850
7834
-128
3627
912
7847
2660
57
-2759
4820
9459
-7755
-1505
-5069
-7449
-2846
6627
167
-1462
-1002
-8309
-7279
-1553
1162
-3295
8995
7546
8683
-629
1608
436
9544
-5286
-5180
-4015
-2739
937
-8548
529
7042
8388
-8782
7475
4638
6574
1506
3438
3992
9097
-960
-5881
9423
2056
-4045
1498
-6153
-5335
3331
9562
3130
2385
5981
86
1391
1835
7301
2161
-9884
-3911
7791
-9880
3824
5348
6660
8995
4286
5651
-8601
2170
-2573
-6055
3013
8441
8096
7692
766
-3457
3770
1762
7883
-4775
-111
-7248
1998
6419
-8558
1327
1811
-4675
-5476
1146
8449
3921
-6526
-2552
-3910
2832
-9542
-2104
-4997
-8761
-2916
-820
-9220
-1999
-6879
-4070
-8492
-5624
-1502
8615
-9748
9847
-8171
-588
-5365
-7955
-7398
-4183
834
-2094
1803
-8121
6670
-3663
-237
-8813
-3984
-3096
-7859
-4358
6040
-8331
9354
-1113
-6516
-1134
-8379
-2147
-5874
-91
1161
3922
5560
-5330
-1048
-7345
-6281
7568
205
9608
5481
-1935
8455
2657
6315
-1540
-8625
-8243
4903
5424
-3827
-6977
9913
-8381
2082
109
3993
3469
-647
9946
-9261
4043
-9192
-5673
468
3489
976
-196
6624
-3161
-2745
4271
-4269
5236
2118
-5910
-9533
5468
3383
-4729
-9315
-9965
5607
-1613
-7192
4966
-4832
-4986
2274
4261
-1177
4585
-9715
7754
-5686
-9631
4029
-7294
-2059
-1340
6983
6982
-394
-6253
8883
6405
6602
-489
-2829
-9795
-9027
4083
188
5463
5901
3130
-4853
-2264
-7416
-5602
-4473
-484
-4338
5439
-6358
3489
-9675
-3941
1891
-9550
-6518
-9347
9507
5711
-310
2878
-756
-1279
1243
3854
8593
-5058
3568
7568
-8598
290
-2434
-3481
-7351
-1784
-8057
-6355
-4738
-8023
3267
6435
-8406
1353
4952
9481
630
8013
7716
4957
8463
-2759
-4527
9002
-150
4978
-2853
-6211
5452
7446
-2224
-706
8552
5057
4580
3098
-7121
628
4862
-503
7171
-9496
-3210
-7445
8073
8157
-4344
3150
6111
6069
-5891
3544
8999
4597
-1363
9894
1375
7586
6469
-3821
5360
-2389
-3322
7942
9120
5471
-7237
-3120
1477
-689
-9173
-9455
-121
1118
-6267
8921
-7814
6303
-8342
7828
2568
6284
-1262
-1795
5397
9111
539
-9773
-8407
8692
8420
541
4147
6157
7679
5462
3914
-7319
-1935
6067
5837
54
-6965
-812
-3588
-5438
9474
-2357
6288
1314
-3466
-9218
-8032
-8348
9248
-8190
-1572
7767
-6781
7376
8292
-4266
-7875
-7409
9531
2378
-3686
2327
-9539
-7378
-7769
-6089
1852
726
-7922
4021
9709
3104
4987
8832
-9777
-8364
-5476
5854
2040
-2422
7098
-3496
-1036
-6880
7809
-6331
2175
-6289
4601
-5746
102
1008
-6145
-370
-6288
-6191
3941
6210
732
-3734
-2307
7
-5394
-287
8130
-9960
9127
3164
7445
-5718
4316
872
1617
-4349
-3305
4154
-9321
4573
66
5075
328
-7586
-6632
-4867
-2227
6927
516
-4504
-1470
-1225
963
-3323
-7218
4888
-9586
-3652
-6472
-2919
480
-734
8712
1002
-4981
-5472
5550
2724
6461
4682
8762
2666
8941
651
-2600
5980
6223
1903
-527
-8243
3146
3356
-6617
-4587
8674
4797
-2082
5651
-3595
-2765
-2085
-9170
-8484
8122
-9160
7996
-4748
-9347
-4906
9808
-5638
4698
173
-76
3276
6877
-8506
2493
-6031
1525
-2683
-7306
-9957
6577
-6487
6621
-9114
9779
1909
-4113
9879
3549
5495
8772
-2223
3061
-3036
-8010
-7788
-7194
-394
234
2419
3292
-3856
-9764
-1160
6379
7264
-5221
5810
-890
4186
6393
-4667
-2436
5134
-6733
-8277
7062
-6850
2960
-1143
-4360
7158
-1973
-4741
4621
8124
4467
-6138
9343
-7803
9859
-4981
8906
7110
-46
-1683
7395
4920
-8184
-1465
-8780
4015
-2792
-9119
858
-8881
-6664
-2867
363
2582
811
-5724
-1594
-2225
9244
-3499
3747
-1096
226
-1264
6447
8982
9942
-365
-223
6736
-8604
-8182
-3080
-741
-2864
-1307
6079
3366
9851
-7062
3284
-3706
3742
6954
7970
-1811
-7014
-7935
9729
-5925
2280
9680
9630
573
7357
-9624
1459
3783
-6012
6880
-7723
1384
-922
5933
-4265
4211
-4376
6594
-2462
-1852
3965
560
5916
-7447
-2243
4488
848
3523
-9609
-8691
-1690
2350
-1110
-3530
-6496
7200
-2986
-7902
5571
6324
3881
6454
-5940
-7593
-2840
4281
-4035
4621
4975
-5768
-1965
4195
-2182
-5028
3023
-8241
789
-6926
-424
-2083
-5509
5513
-2620
6538
9049
-678
5243
4266
-3823
2227
613
9896
-1387
7515
7829
-8780
1743
177
-9420
3654
9807
-2248
5652
4841
-3001
3575
684
-5443
-6765
-5954
-1251
9211
-3683
6707
-690
5643
-4794
10
6652
-9
-6344
8812
-2069
-5960
-7491
5592
-7015
-6443
2872
5181
-1496
6911
6650
7441
-4811
-8609
-5592
-7530
5910
9367
9642
-1508
416
-7902
-8781
-4692
-1367
-8527
6615
2513
6517
5924
9074
7159
5658
-8962
-8756
4025
-2668
9887
167
-9165
8988
-9016
9632
5203
8303
980
-47
-4231
-882
-9180
-7280
-1325
-7804
-7577
9735
-4839
2798
-5194
-2870
3191
-3869
-7121
-6970
3509
-256
-7655
2495
-5738
-6999
5621
-2358
583
-6193
8625
7307
