4474
1
2075
2831
1511
8502
305
1372
4696
7627
3846
1715
5301
6880
7245
889
7715
2658
2450
3513
7001
2983
7264
9050
8891
73
9078
7488
2980
199
7839
7219
8416
918
437
6023
8279
7136
9681
502
2354
573
1883
1655
500
6725
161
5440
6032
512
2971
9854
3802
610
195
4808
5377
7040
9332
3748
2766
6147
3181
4930
2590
2010
7958
1186
6849
1841
6543
3480
5273
6927
2046
3060
245
8912
8809
9433
5714
6624
289
5207
684
7754
8778
4125
2965
29
3963
7381
8426
9621
763
2375
9617
9870
8812
7916
7752
5479
7016
7140
2860
1303
3521
5136
1164
9537
4883
4740
1291
7713
3593
1203
8099
158
5773
2948
2665
4010
9705
5963
9554
3821
4340
7480
2735
7109
5771
9380
5243
9243
9798
4840
8425
8747
6761
4231
5647
5116
2302
9409
4968
8635
9389
4760
5568
5941
4628
8156
3259
8350
7537
8213
1380
7847
2480
7926
7048
4542
3390
6622
5715
2340
8000
2000
3570
6843
3130
6102
9805
3181
3502
2364
279
8742
2433
3347
5235
3038
3534
7525
1398
7910
5617
8767
3697
3711
3957
6334
4967
9558
2778
9590
6093
7420
7814
2589
8562
7594
1610
5339
110
9467
7585
2835
2430
2298
4245
3777
6139
9904
9332
318
3134
3116
4600
7575
636
3909
6066
5705
6620
6276
9519
2906
5604
4147
4435
3259
9690
1358
5227
7468
7341
4316
3252
6168
6666
4262
8389
2274
8916
5419
2157
8142
6537
8014
384
4142
6162
9235
3980
7230
8052
2741
8887
1681
6827
5458
5102
4302
5372
9101
7609
9830
1895
9942
2710
9341
5373
3571
989
374
7536
7213
1173
9465
4116
3250
3237
9519
5850
6453
8455
6115
5177
4638
6662
3438
8809
8107
2513
9103
9578
2363
5761
5101
7343
5987
5156
2990
1425
1557
1786
3546
913
3267
7860
2292
101
8106
6569
8402
4705
8020
9057
6517
7998
6771
8964
1029
6239
3028
4976
8776
442
4256
7830
8721
9022
9498
4689
6307
3798
3699
1001
2197
8609
4241
690
203
8405
9048
9351
6453
9863
4462
1085
2236
659
4954
6506
8856
8577
7917
2948
9511
7007
4
2293
9884
3086
5171
5092
4590
5953
8366
2860
8628
9031
7426
641
150
4950
1609
4984
848
9875
9424
6578
5398
8077
8315
2956
9569
393
3586
2379
7644
4776
9963
2280
639
1275
1547
7500
4863
4064
6062
2595
6636
6957
5012
620
890
3677
5152
1930
6804
4547
6498
8988
5522
562
5521
5061
8931
987
9357
8033
2864
5612
9193
1703
9562
6377
5555
6440
878
7523
3129
5051
9805
10000
7427
4231
530
9680
5754
6983
164
1904
1881
5306
140
5444
1743
1824
7040
3052
4736
5770
5781
8393
2293
9517
9552
5911
7177
3154
3740
2841
2344
324
3864
3075
7362
9412
2800
6192
3080
9505
8396
351
8878
3692
6533
2870
4008
8998
442
3700
7255
1942
9998
4081
6168
8690
1921
7816
4983
8069
142
5629
1864
4510
580
4130
4377
2673
5813
1417
3659
7606
3002
3853
3802
9025
5971
839
5460
2312
2259
4549
2061
6492
8621
229
3686
2568
4328
9557
2290
4150
3579
4784
4694
2110
1361
4790
4400
4415
2433
2718
7307
9248
1656
4836
5226
1172
8557
7728
7191
6800
223
9578
200
959
8509
8507
2358
9704
7785
8488
5098
1242
3458
3382
5697
2707
6155
9496
552
7308
7740
8922
9008
3871
4162
3637
2224
9505
1369
86
8223
2511
5377
113
7481
9840
5965
7743
6520
3127
617
9401
5471
8923
3033
123
160
5317
1746
2324
1287
4677
4240
2546
6978
3278
5951
1803
7562
5593
4637
4044
2887
4330
3470
712
7419
8628
3085
4091
3995
6060
2039
8067
4063
6658
376
2233
6271
6199
2494
2739
2875
1278
3725
55
8997
4760
7755
3039
6034
1575
182
112
3908
5964
8115
4603
3484
4771
7605
8758
7984
6070
5474
8243
7950
1074
8096
4262
2030
4965
8298
7598
7471
1777
9064
1341
1617
7506
3787
2878
2894
6690
7532
4070
2836
7493
5855
6111
2462
3897
9872
3632
6521
2969
7253
9617
2524
3842
5642
2917
6269
509
258
596
5103
3667
1730
2006
1800
2643
4591
3549
22
7178
9389
8334
9756
2657
9956
6934
1295
4271
9364
3066
2329
8482
7901
8268
9552
931
5734
3811
8700
6168
7721
7815
2040
8256
258
6726
4145
7690
9938
4441
6995
8567
955
6435
77
7972
1611
1123
2760
5516
1813
3928
9133
3878
770
1540
2385
1749
9926
4322
6013
4852
8608
765
360
2405
9338
8265
5375
8198
1828
347
7482
7242
2418
1991
294
6827
1413
4125
2884
7442
3912
1648
4623
4442
6281
5783
5655
4182
8469
730
3144
4320
8278
2604
5275
2780
3248
5831
8406
5270
8568
1188
687
6768
5715
273
7209
8703
2903
2741
385
9420
1755
8323
9711
6779
2881
9627
389
9521
2598
619
5822
4323
1721
9337
7025
2256
7712
8588
8285
6325
2017
2666
4755
1293
5519
3843
6108
9310
6785
3768
1727
3773
3301
2986
6400
6396
9372
933
1943
3670
5419
2956
4045
7004
8252
8272
9727
6526
2968
7095
2791
434
826
4642
4429
3411
9974
663
9849
5904
2718
7072
2501
4729
438
2844
9178
6817
7267
7833
922
5867
358
8291
1052
6173
4337
5995
923
7128
6592
3072
3102
555
7071
941
3706
3125
2561
7093
9019
106
4047
9847
5073
2487
3361
6886
216
6457
9423
8147
316
5933
2824
5307
2811
5904
5660
1278
5748
3282
8643
504
1554
8180
173
2964
4154
3028
3936
4041
7827
5207
9166
1731
7259
4170
2196
4014
3219
8597
7028
6601
1509
1203
2514
3836
327
8466
5172
87
4786
6138
2110
1520
3123
3972
1516
5164
2258
3636
4463
3062
5759
2553
2694
6015
2889
9965
5629
8816
1038
6493
5387
1897
7374
7145
344
8342
4661
9391
9485
2432
7659
2661
9527
9237
8190
3000
6247
3680
3695
8070
9019
3835
2763
8853
5858
7078
2364
7622
3510
2384
6793
5486
8295
4216
6854
1952
9741
8680
8792
6232
6964
344
1085
4456
4780
4644
5875
4250
3722
6858
1860
2003
1231
683
4745
8672
5950
8969
3961
8513
6038
4468
9158
1181
5931
9138
2235
8223
2646
2348
4617
9814
5074
669
7704
2782
2796
8372
9681
1916
3344
9744
4777
455
4972
8828
3524
2477
4603
4391
1039
1198
5898
7512
1771
3696
9186
7289
7584
7743
1425
9019
5256
7519
5092
2916
1764
1093
8171
7081
7632
830
5971
6226
8134
8554
9379
8541
3419
1547
1933
904
7230
7261
2589
2633
6571
6788
652
6634
6095
7124
250
1072
5765
2556
7635
2584
3555
1918
4817
3182
3565
7735
7055
2487
8810
6986
2714
3213
9776
4184
2314
446
593
4691
2417
3702
5855
4998
9892
2149
7310
720
1950
342
4476
9481
6177
7579
8795
8760
6226
7944
8648
6385
806
4491
331
74
2580
8138
8342
3282
9023
2746
8979
2034
2432
3561
9487
1691
1900
1181
5262
107
281
7670
4235
5148
3965
4660
6533
243
2397
9377
7861
5934
5650
5583
8597
190
5397
1443
9006
2506
1985
4887
7327
8483
2064
469
9941
6977
1500
2985
8051
6749
6691
7607
9609
1229
7441
1525
6655
5115
3210
8019
8527
1639
9415
1778
6444
5077
8205
849
714
6252
251
9025
3787
2639
7390
2030
6114
3153
4443
7064
309
6693
5567
9373
8557
9203
318
9355
4127
8951
7843
8114
9961
7242
1116
8450
4909
9878
5694
1066
7896
5873
7548
2639
4054
7908
4908
6973
7563
9564
5840
2609
3644
4417
6771
241
7464
5579
4391
2238
6511
1926
1690
2336
5118
6590
340
8760
506
7753
8817
1900
2680
5687
2476
5935
1790
4591
3199
7650
679
7411
1885
3313
3149
1381
1057
5013
760
5961
190
4120
3181
7844
2442
7573
4766
6386
7145
4350
4687
5730
3408
9051
9607
3404
7245
4099
5140
8201
2099
1054
8364
1854
5399
7119
1992
6994
1415
9846
2980
133
8365
9903
1337
9437
237
4818
7787
9526
5256
3311
7138
3580
9342
1822
9796
6452
915
8665
6651
1104
342
3763
7675
9332
5362
2392
7528
3986
4538
7187
8651
6658
1266
9372
5571
5253
4162
4413
9707
99
4775
751
5823
8618
6427
5034
347
8606
6957
2530
8735
3746
3912
1090
7983
6306
468
8040
9275
7227
1418
720
604
9680
367
8176
2553
6964
3336
1868
30
3845
1715
1595
1317
2258
1779
4315
393
4414
8361
2045
9902
6465
6532
5836
8170
2193
5334
1068
6575
9275
4199
9064
2314
5474
7190
5786
6379
6321
7350
7113
4072
3198
213
5714
6863
6081
9829
3490
1803
8101
8863
7434
9627
445
4462
764
7652
5060
8234
1606
9179
5645
6732
310
16
9550
8929
4737
258
2660
3043
4654
9181
4865
3383
9493
6790
336
1174
2457
8119
800
9814
1223
8890
1772
1746
1150
2185
2615
5840
3265
3816
5512
8929
1506
294
3220
3840
5636
3975
560
3751
1111
8864
4244
6627
7587
4309
5409
9810
7903
9020
3352
4535
7398
2120
9893
6066
5978
2821
8973
7760
1887
3057
347
1444
9072
1546
6173
5962
4436
3485
3981
7736
1323
9486
6621
6005
131
9091
7477
10000
2974
5315
9574
8719
4836
710
6990
1961
3820
7372
7998
9154
1541
4659
8643
8814
9746
5348
8650
2103
7644
6289
7137
8279
8420
8484
9470
7301
8510
4738
4216
4997
277
4911
6707
8096
905
928
4779
4390
6725
9333
8216
3805
5636
3768
7350
5597
2163
5286
8527
3547
2498
8342
1500
8158
5605
8964
8985
6013
2666
5198
4396
5049
5874
371
323
7297
509
9437
5262
7795
975
5943
4521
3502
3451
9642
4385
73
3449
4504
5488
7791
9061
3520
9248
9385
9567
815
8793
1664
275
9902
4862
677
7514
5622
5046
894
750
8909
5243
8915
633
6096
4012
4766
6315
1828
369
8050
7232
2153
3515
2306
2341
477
1493
627
6462
580
6360
362
8084
6758
8443
4823
4218
9360
4766
294
3777
4156
7540
5210
8808
8738
8153
5859
466
9257
2104
4668
1487
2636
2231
6235
7042
4977
1642
5735
7988
9798
9476
2420
1671
1316
7851
7634
6366
5597
7892
2024
8173
2685
8127
391
2712
4383
8446
8792
2693
9698
3124
6123
9870
5680
2567
9711
975
8656
927
5726
3760
1675
5019
6944
3684
1461
5343
167
4661
5637
1881
5336
7686
1939
6190
5631
8148
4132
4237
1530
3527
6754
285
1310
7712
3369
4416
9301
806
6767
9016
9821
6573
3522
3266
9406
9564
3050
770
2717
1321
6629
3791
9943
4728
7695
9549
30
2482
961
1236
3813
6763
2123
7932
1050
3754
2072
5327
4760
4316
5241
3528
6692
8622
9144
5903
9027
1133
194
2041
5435
4418
5453
2599
3286
2004
3313
4167
9285
4203
5115
1111
688
6351
3543
918
9253
9256
7566
3716
1473
2804
3749
9007
5775
1999
2376
1285
5380
1015
2835
3751
1943
3321
7689
4516
5570
2058
8747
7152
2849
2650
9944
5589
3751
3287
5856
8619
7333
9251
7848
2533
7289
2928
2204
3394
1618
8238
7470
8708
6609
3094
7859
3181
8096
4724
9619
4583
6066
1874
4884
5704
287
6657
6738
1966
8581
5062
8824
8728
6016
1222
8536
6491
1580
5420
769
9054
1679
5864
6513
9168
3969
6366
2920
618
9318
453
5402
4584
2609
4216
1740
1058
4888
9512
3642
6052
2562
5521
3315
4688
2578
9092
1396
7109
8089
1697
2320
2377
3865
2819
9757
6883
7245
8600
8104
8605
7256
9962
4051
4380
4085
3294
559
4493
5547
2216
6553
5074
3714
2399
4793
2777
8053
1709
8540
7551
20
8169
1437
6624
9400
1889
9416
8745
9375
2478
6365
7277
5367
3987
3348
8869
7382
8715
8466
3832
7050
4150
1386
3556
9033
657
7988
7665
1226
5032
1713
4222
817
7284
461
7713
5930
4452
8798
7542
3453
4323
8023
4278
2249
8486
2595
428
9777
9995
9920
7028
755
4630
4122
3890
5626
6383
1635
2197
3222
6768
1459
6951
3467
5694
4384
3894
5788
5381
8912
5877
579
9337
9097
5769
9802
935
9634
6403
7224
883
4921
1838
437
9064
5657
1604
327
1157
4379
4259
4392
1740
8551
8397
2566
1002
6617
4224
8561
1555
1596
5739
7481
1209
4466
1643
3193
1081
4861
9267
5848
4178
295
3543
1893
5974
4759
725
4656
109
1438
6456
8514
3427
7677
4319
3680
4627
4228
5596
2828
7495
2256
7984
6576
3535
8714
708
5443
623
9196
5782
1906
6036
4633
3795
8275
2103
4985
1078
9994
1526
9686
3507
7259
3899
4985
882
7861
2417
4191
4415
4641
9824
5162
9556
8980
4386
4864
8562
7826
253
6100
2043
8887
8466
571
5694
5547
3490
8790
7046
2923
3245
2590
3466
8630
6414
6116
9562
9112
1368
4716
2226
1302
1466
4210
6129
211
6884
5512
1138
9207
8666
1585
3746
7791
3376
6658
6741
8452
4810
8306
8431
4526
3963
5535
8289
3901
6837
8717
7939
5369
8093
8436
1759
1511
3736
9516
9637
3156
1459
2794
7360
6530
6357
512
6041
7892
6413
9315
6991
3255
6059
6013
3204
6876
582
4017
1710
2690
9061
3739
9231
1456
4826
2168
4315
5864
3753
9950
5565
6342
3862
2348
5554
3112
6481
9002
3107
3907
5326
9326
9003
9495
307
9950
5316
1749
5335
6576
2599
7761
9172
8735
9357
9785
1054
5220
5728
1166
8563
3136
8699
3913
2901
9043
8499
119
3028
3694
8938
8791
6484
7447
5823
4491
2279
8304
2015
4331
1083
9810
8938
1925
2437
4048
4676
9166
4163
8153
6582
9710
1217
7886
3370
7611
3853
4853
9659
6370
521
895
4328
8925
769
2383
7412
6858
6325
7268
4427
3480
6387
8457
1698
8091
6843
8730
8595
8435
794
4573
7977
8649
1010
7270
3741
5660
6294
782
2770
1696
2526
4146
5980
2002
1176
334
9086
2200
8078
6205
7899
9258
5287
8707
8738
3731
3239
7319
1555
37
6822
4620
6646
3425
8987
3970
7258
3683
3340
3929
4621
5097
1689
1169
5453
6110
7609
62
2670
3504
4110
4176
6751
4534
118
3799
5073
1737
1029
5449
8542
608
5327
3133
4453
2104
7815
9332
593
6249
5154
1508
8399
3668
9701
3701
7232
6029
2829
714
7293
2141
7076
7370
440
4463
9112
2078
7215
2230
390
6897
5057
1583
5500
5084
6891
5781
992
2432
7366
3414
6939
5263
5021
8371
277
4232
238
9120
8881
4352
1044
2250
12
1345
2139
5893
5147
9326
3108
9241
7707
2070
1995
964
4635
8380
7457
5472
593
876
4859
1153
3565
9752
8574
5443
8508
9489
3606
4818
4005
5249
2035
8651
755
4540
1641
4903
9199
7567
7384
5702
4829
9195
1424
2587
8035
8866
5436
9033
6180
7869
2479
9523
7939
1454
9388
1523
7483
4194
6803
8489
438
3622
8467
5546
5301
7493
5578
996
3197
4044
3447
3640
299
916
8604
9348
280
2090
2495
5076
3784
4305
1735
5995
879
238
1826
6630
2777
1023
4471
4468
8040
1912
9457
5546
3104
3460
541
7238
1540
6058
6766
8155
6831
8793
1709
7066
9352
9641
1156
5397
7397
5746
8164
5187
5606
1937
1917
4849
1700
7415
2919
8379
2966
5058
4742
5607
5002
7845
918
1705
1585
2590
1529
8621
8354
4765
7860
9822
5344
8470
8222
6648
579
620
6275
8963
3231
4349
2663
1179
7022
3164
7101
7391
9995
6252
1163
9827
1115
6693
8551
3200
8663
8191
9476
5173
3016
5050
5130
7990
1754
1351
6919
9651
5523
2649
5747
9063
9230
1459
9714
5389
5394
8242
666
97
1656
2034
1606
9359
2376
1371
5258
4170
7235
8409
6419
322
7112
5783
3330
7855
9165
4633
5890
3998
4389
3051
7333
5847
1774
39
9336
468
414
8064
8604
3097
5849
9745
446
9224
240
3130
5236
4707
6164
3845
6677
1843
8746
1430
5544
3237
8894
3053
9558
3085
9138
8556
6907
1770
6675
206
3446
3550
4524
9221
1374
7345
8365
5554
9392
3998
49
9718
2101
8678
2206
2148
6490
4040
6900
999
8130
254
29
3786
3037
5243
689
3186
6996
5690
5235
9066
362
1652
2154
3765
1644
8507
629
3097
930
5825
844
2259
4709
3224
386
2455
4818
1525
835
3193
7802
1073
7290
2063
9361
9344
1594
9253
8
9776
8097
5068
5848
7438
6878
7772
6142
7068
9514
2345
3657
4959
3971
5423
9430
5301
7026
5621
3908
8274
1633
1833
2906
1587
8997
2402
7286
1417
77
9521
5630
4347
3810
1521
4113
764
6365
5310
2965
5715
9277
2307
491
3658
9405
5861
4788
6038
3501
9337
9595
5624
1210
1021
3563
8280
2534
5809
9312
3621
7561
722
5638
7825
2779
4002
3997
9217
4216
361
1276
1989
6794
3061
8317
7829
205
9360
2497
9364
7120
1538
3085
4774
6691
7878
8764
5496
19
481
64
8884
6276
2232
7662
2467
6119
902
7241
1083
3867
4420
5413
7656
8388
2399
9421
2361
9065
2687
5404
9061
65
5652
518
1845
7782
1319
1817
2774
3019
7370
848
7670
7400
570
9688
71
7000
9698
1750
5645
3797
6191
5160
2785
9061
3538
2067
2916
1203
4549
3094
316
4687
9287
2960
2486
5544
7194
5787
2165
4396
4127
8221
7293
2454
836
8146
435
6370
8824
4141
3101
6256
775
6762
8347
5403
8167
1200
8471
3307
4434
4537
7207
2932
1520
4719
6910
7784
5731
7305
5650
3200
9013
1784
5901
9821
4972
5484
2601
9088
9305
3132
7040
5578
6459
5266
6916
2370
6732
6535
2725
9815
1051
824
6062
4016
6675
4810
6122
2452
955
4828
4141
3072
5080
2676
7120
3261
2042
9991
1452
6670
5274
8431
8234
4597
5139
8876
9757
2546
9373
6213
7298
6166
2271
7501
9530
8281
3433
9741
7645
4844
8253
5246
113
3738
4868
2948
633
5067
2568
958
1031
9707
6254
1178
2701
4656
5774
8821
2748
2657
8660
9622
7274
283
5322
6331
3713
4964
4613
859
6411
7458
3394
8136
876
9198
2003
2436
3040
2081
5084
2820
6327
9119
4095
6347
6469
2534
5543
549
6088
6598
4129
5198
1252
405
5531
3856
8388
1833
8387
4279
686
6363
4493
5667
2225
8364
4631
2171
4903
9032
375
4784
915
505
7434
3654
3831
3189
1111
279
8256
2519
4653
900
3363
2233
4372
9821
7408
1435
8624
4014
1412
1570
7904
4976
2971
9864
8526
2059
1916
485
4497
4089
6987
4579
8807
7664
3404
6865
4169
7522
3594
7431
2695
3257
5939
7955
8650
5914
3633
3463
4828
8172
3321
4682
4879
2708
7878
5610
1138
4671
517
386
8954
4315
2551
339
173
7252
1607
201
9484
3492
8800
6772
4376
3332
5246
1180
6837
3057
2550
1776
7313
7450
2806
9632
876
1315
2020
3592
5069
8339
5928
6951
1324
6285
3855
8824
4352
9120
2193
4308
345
6272
5487
7673
8735
6765
2215
2139
3406
6905
4354
2480
9365
402
311
2340
9712
7368
7755
1890
9396
1295
4953
1742
4951
2997
2671
435
9176
3554
7208
2260
9061
8154
2925
280
7647
1773
6565
4840
8157
3821
4180
2084
8090
2799
3113
1171
8799
135
1154
4408
4734
9642
1220
3691
3264
5341
2250
9905
4521
286
2364
5900
5133
1348
5664
1224
2773
9275
11
3457
9760
339
4325
4590
9526
4402
1966
4027
2860
4474
4617
1736
9614
5170
4645
9390
5834
6099
1973
4066
7549
2282
2106
5074
9182
9913
2341
6600
9307
2094
2141
7463
1194
1110
9899
8323
215
1869
3596
8214
3977
1859
6942
4078
3600
4576
3532
4535
9272
6001
9163
2059
1206
7283
8841
592
3089
6286
2572
1272
9545
9684
2604
3827
6233
1356
8568
4115
2607
5562
6629
2916
4342
2659
5633
9504
2460
7297
414
1168
3668
3730
5564
8148
8052
3145
5733
4843
1644
9470
856
723
5316
8412
2270
9617
1209
7034
5674
374
8093
6081
3605
7704
3888
481
7485
4572
7966
5576
2862
6018
1724
9608
8432
5163
1644
164
7470
8160
7695
7675
4428
5225
9027
3716
6856
6726
6438
1013
5698
7540
5643
5264
5151
6188
9180
5057
2576
5806
9927
4212
5944
8871
1248
5525
831
6733
5556
6529
6804
4982
8520
9051
344
9824
4192
3375
8095
9636
5644
5268
3497
2532
7567
8815
7349
8811
8494
7945
4132
7237
7828
558
28
7081
1724
9027
1912
8929
6473
2488
4362
6508
6426
5923
6419
3395
5681
6133
2563
7597
2318
7238
211
1895
5175
5044
3177
4818
8426
5205
514
7887
2369
5997
9599
1393
9155
9247
9174
3623
9682
7711
2926
4358
1277
886
3255
1231
1331
8174
3487
1276
6481
6484
1155
7304
6919
6046
9195
5519
3945
5278
5151
5510
6153
2317
5778
6056
5564
3445
9637
8770
6146
3899
4740
3138
8201
5711
3382
1937
5025
523
7029
4068
8147
2649
294
7296
3588
9010
1807
2912
1651
162
8938
4070
6930
8693
5107
6931
7756
2494
2469
2585
1485
1182
5387
2864
9740
5042
8285
4304
7440
5850
2826
3495
6363
1976
3264
3575
8959
9924
7965
2836
8234
1656
317
8623
8062
7028
8516
8369
8958
7365
7929
9572
4401
4357
5417
6127
2931
6465
2296
702
2622
6551
2957
1347
3226
6407
5323
5100
1888
9077
2329
6330
9822
6783
2594
5788
1341
736
8212
6357
2546
6578
4090
9813
8544
5617
2465
2810
5078
9891
5761
5025
3324
7043
5572
6183
3349
7125
5398
4333
7738
8690
6303
1577
1018
9489
5408
8557
3802
1583
6030
3838
326
8293
3711
541
3338
2217
6678
6673
1287
8287
8957
4811
4241
9308
4072
5542
5772
524
9705
2638
3047
1422
1718
5427
3846
908
7845
5637
839
3667
223
8485
743
8883
7973
1145
4565
7130
7091
9039
6958
4211
354
3591
8012
4142
7810
8651
9769
7749
3601
7098
4154
7796
6307
6685
3288
8055
3746
8615
4323
4429
2526
5808
5425
4834
6958
5978
890
6429
3765
3339
2479
1596
9400
3875
7375
1888
7062
26
578
2706
6497
5569
1604
3488
2508
6012
8205
4855
485
7858
7844
5791
2100
5876
5101
5821
3149
8728
7075
5955
7590
5236
663
5386
4926
4318
331
5224
1850
7607
9928
7062
6660
2769
1020
9336
5131
5677
4275
8322
4182
3611
2210
4552
550
7441
9499
6088
1528
796
7378
4338
8448
4841
1187
5883
2151
5756
6033
6070
2071
2161
2463
6704
4307
9073
4265
4482
4308
8030
8808
5596
52
8831
9389
4789
9881
1421
2332
5796
8045
2764
342
2960
4529
4647
5455
7810
599
265
1917
1682
9387
626
4355
1243
1643
3006
9450
3620
4939
9409
2383
7199
4525
4510
6509
7651
5284
2270
6311
8948
2402
1514
8972
5804
3855
9794
9755
9297
5978
7812
3942
8176
5673
3752
6461
9641
4831
2387
5436
3998
5681
2893
6739
4341
880
6331
9028
9997
2838
9630
1758
1546
8544
7553
4493
8277
6390
9535
2142
1963
2952
6191
5583
5694
9273
1869
2101
5681
4409
6712
5036
9181
368
9535
3541
6465
9232
4525
2627
2675
2517
4131
1112
1077
9895
129
2576
9314
72
183
2008
4217
3929
5277
5897
5106
9530
1741
6910
5360
9352
1462
5559
7010
5375
7997
7445
6717
7063
5720
9758
8381
8017
2094
5865
8992
8364
6575
6587
5665
7421
2642
7910
8829
4497
420
663
3331
3221
3213
1517
9271
6370
7365
8460
1974
553
4464
100
3777
5340
256
2111
5556
2558
1997
5719
99
4484
7706
7842
2571
7194
9804
2022
927
2563
9978
6859
1400
5218
2353
4628
357
1000
4392
7891
3599
2581
5572
4479
1823
1473
6766
7065
9346
2282
6821
1967
363
991
4361
6493
1599
4846
4209
2541
323
1181
1379
3564
1011
1760
5365
2274
5183
2640
8166
2213
8048
6557
4411
559
9094
6984
8889
8014
2293
5903
682
7885
734
5590
5891
6828
9548
7565
9127
5599
2789
1173
5366
1371
701
8819
5209
2454
9144
431
5024
1359
7440
4379
1480
7036
4476
653
9020
5047
9827
4716
1449
9308
8701
6460
840
9990
2323
7134
7001
6761
7379
3468
8807
9339
8809
9692
9317
1048
5055
17
4385
7882
6036
7473
9075
6154
7037
8596
7964
7079
9407
591
7200
2586
2470
4160
591
2637
2252
2224
9549
3477
1347
8577
8878
3125
2287
6306
8100
3499
2447
2855
3716
9277
1620
2514
1324
7946
4576
5648
8016
6871
5613
5885
3456
2887
6115
7217
8526
5059
2348
1769
4896
6223
4009
8626
897
823
3393
2973
3417
1229
7891
2086
9826
4179
1945
9421
9499
6128
3254
6844
1358
7113
4267
3895
5218
4584
6639
312
7412
1848
7049
1251
9737
7530
3406
7053
807
2612
7484
2192
8954
8668
7067
3477
3230
6410
6105
284
6045
7526
5727
7711
5102
1729
4744
8842
5684
4293
8906
2970
8817
641
3579
1376
6964
7723
5384
8458
1714
8711
6615
6868
4766
384
4572
1892
5950
9630
1119
6215
6694
726
2798
7936
6451
3215
8014
68
819
5058
8602
4153
8259
8901
7590
3159
3099
9373
706
9459
1212
6444
5361
9910
5346
5738
8335
3706
777
4684
3496
2814
4455
2986
918
3718
8624
1720
8058
3698
7613
9745
8356
2086
86
5584
1480
1256
4694
9459
8025
3532
4920
6838
2209
6582
3278
4145
1460
9231
524
2533
152
1745
6601
5500
5743
9992
6284
8327
2097
8030
6677
2930
7979
835
8596
7030
419
6924
7690
5345
2260
2216
2955
5484
6233
3429
8177
2563
5035
4637
2568
8235
6187
3358
4571
1663
2141
7344
4177
4646
2941
3517
8298
7083
9679
9159
3937
1858
1099
9668
8695
6931
7075
5595
6701
5458
1244
5470
3907
9601
51
625
29
1387
9734
9181
5385
1246
607
1222
8604
1342
2358
2953
963
8060
2771
4356
2286
3418
5670
7296
7187
1332
7237
2346
4164
4775
813
5904
9840
6991
2391
4106
8197
4821
6647
2415
3739
4887
458
619
8064
2624
4350
4310
5762
1723
4682
5714
5759
8695
7092
9608
3116
5310
8703
8421
8197
633
7168
5137
6125
1202
5929
1066
608
1844
7131
7282
5543
5968
2400
6712
3138
8541
3143
723
4893
9407
5290
4647
9752
3543
9789
1811
1949
8727
4525
9795
6238
3196
9567
632
4515
1663
5647
6235
2028
4875
1279
3177
620
8028
3776
3270
3590
6317
7151
74
9745
4769
8221
6765
9905
1756
1623
7153
6399
6384
1631
6599
9908
3305
4912
8764
665
7413
2167
7019
2239
8878
2657
5078
7229
3442
5160
769
1146
705
6893
1629
7806
8876
3727
1590
2411
9444
1583
5141
9154
200
6085
4036
8204
5111
9608
8549
972
2387
1412
4409
4757
8451
1876
4618
9699
7937
8039
1525
1792
8335
5722
1385
8850
1185
5122
9365
7687
9200
187
630
6578
4739
5053
2147
2989
4031
1826
2883
194
3848
6995
9338
9899
4288
678
9551
1017
5558
4356
1635
5408
8565
7812
2604
4544
7333
1123
5131
