894
1
4632
-9065
4595
-3727
-904
-5277
-8601
225
-4280
4465
1006
35
7732
-7712
-480
2476
3331
-8236
5187
4516
4667
4056
5007
-9135
2986
9779
-3401
7022
-9009
3161
-3291
-7537
-3047
-6094
6066
5837
-7051
7134
-5564
7261
-3853
-2815
-9315
476
-7686
1031
-4110
7571
-2730
-1787
5601
-3349
8488
1061
-9269
5915
-2246
-9290
-7495
5193
-3997
-467
5344
-3582
2523
-6171
-9792
-2740
-3067
7743
11
-7203
2087
4185
-6813
2722
-1873
-8827
2559
460
-4589
721
-8886
4824
-1728
-6318
-8073
-4806
-6000
-5448
7379
-9128
4446
-896
-9369
-5187
3617
-8205
6416
-3268
-6938
2116
-1464
2271
5321
-1233
-5380
-6527
-5669
-2721
-9876
-7780
7609
-8823
-1920
978
-4058
-7852
-855
2429
-5327
-8105
-2936
-1473
2968
-4160
3128
-3408
-2969
-3252
-7316
5173
6501
-5593
3864
3484
-811
3194
7715
7153
-8392
5869
-8060
2625
5692
610
-8223
1765
1185
2003
9897
-4664
7537
-1275
-4697
9576
6175
7620
2078
682
6597
-3500
7804
2383
9085
4010
3646
-5861
2567
-1426
-9356
-3647
5155
9033
1969
-4898
3273
5529
4936
8526
-9075
-1573
1350
6833
-7964
-6854
-8766
5415
-8279
-8983
-3561
-2776
-106
-4889
9994
-8143
421
360
6925
-2856
5171
7822
5054
-6026
-7776
-9073
5764
6336
1046
-856
-2666
-7833
-5094
4840
3850
-3509
387
7523
7342
6959
-2041
-6644
605
5694
-9461
-1292
9665
-7458
-4058
-3414
-3860
9987
9802
-7780
4579
-3247
8271
4524
-1450
5563
-9224
-5107
-3315
-9870
6936
5177
-3322
1073
6656
-6664
1612
-5526
-1439
7414
3976
9540
-9627
-6494
-9681
161
7682
5580
-4921
3353
4087
8053
-2817
-1891
-8801
-4698
1167
-9014
4775
-6377
-4675
9307
-8797
-4822
-1504
-8160
850
2253
6303
-8006
7705
-2973
-8240
5616
-803
1724
8733
-4093
-8886
-6342
-9738
-9165
187
5949
7824
-9703
8477
-825
-8717
-3077
2947
-2305
6670
8648
723
-6968
-5219
-1957
1283
4779
9580
5355
-7522
1825
4148
3097
-5342
-6372
6044
3084
1283
-6755
-9007
-4843
2324
9033
4435
7380
-8840
8797
6192
-1558
6924
-6773
-5079
7344
2856
8023
2990
-8624
-9774
-2202
6734
1746
-4091
7158
6523
5116
6103
4595
2955
5630
-2211
2705
-7017
-4933
-2367
-5019
-9240
7475
-684
-2698
-6109
2310
-758
-3442
6621
-6171
7020
7577
-8435
-6959
8844
-2941
3464
-1991
4190
-9558
5168
2968
-5826
7564
-9115
9034
1913
3616
6195
2864
9887
5067
7042
7831
-9010
-3278
9569
1472
-3106
-9185
1436
3292
-3476
1961
5937
9782
3345
9932
-5238
3413
2905
8222
-2361
-4012
-6313
8832
5184
-9745
-8720
-2339
-2018
8813
-2746
4092
1067
-7788
-2236
4728
8955
-5243
-7881
-5751
-4633
-556
-8302
1861
-6166
-8166
3981
3377
-590
984
-5121
-3634
-2840
-6630
258
8644
-3180
6706
1331
6507
2371
-3268
-6708
-4184
3544
4760
-2476
-2334
4608
-6729
-4025
-7855
9930
6379
9103
7921
-7736
-1381
-9132
6357
-366
-788
3160
9339
7433
5069
2149
36
5620
-5659
7574
8273
-2731
-6105
2700
-5482
8410
-1003
-855
-9154
-6459
-5068
5700
-4055
6238
-8260
6653
-498
-4845
-7245
1157
240
7988
563
-7527
-2401
-6397
-6480
-4229
4883
-1865
-2399
-155
8458
3175
5899
9483
4480
-7925
-5439
4070
5962
-5501
-1898
9535
-7648
3434
-2716
3608
-6100
-275
4078
3
-8068
-1613
-6560
9684
5037
3344
-6521
-3061
-9182
5640
-7838
581
-1694
3624
-726
8067
-1686
1121
-4389
-9718
-2040
-7000
-4305
8267
-152
-7980
-3132
5768
7354
9060
8380
-9401
-9902
8159
9937
-4228
6196
-3284
-9757
7238
9345
-5422
-1105
8236
1494
1299
-2430
8951
1129
-5671
9809
9747
4270
-9221
3617
-7732
-3877
9331
9232
-6764
6986
-8301
5593
-4653
6593
523
-6094
-2533
1213
-3482
-279
1326
5008
2022
-8890
1100
-2331
1888
-1773
-4418
4115
-599
-2446
536
5699
-2944
-1616
4937
2246
-5718
-5040
-2387
-6233
-146
-4835
-372
-3630
-2353
4832
-6339
-5699
8068
-8435
7198
-5671
-7154
5821
5686
8973
-8287
-3530
3174
1060
-2729
-5956
-4398
4472
7090
190
-6820
1698
-5801
7818
9162
9133
-1151
-4885
1075
2586
-7711
1433
-6652
-7921
-1574
4273
2669
-5158
2290
4858
3058
3579
1309
-5410
147
2756
-8966
4913
8117
1469
-8653
6511
-1335
-9796
-4100
-8522
2859
4296
2938
3575
1310
3995
-5954
6747
-2464
1470
-6883
-2876
7840
8223
-4693
2621
7503
-9876
-3582
-2035
1308
7794
4055
5026
9762
743
-5843
-4338
-3433
9990
4337
-5996
-5195
-7483
5119
-7461
815
8617
-5658
-652
3695
9246
3698
4428
-3750
-2543
-987
4454
-1736
8897
3899
-7540
-5919
1941
-7214
-2641
-8329
4925
-1429
494
-5351
-3949
-5528
4375
5601
-7507
4729
2008
-7706
-3091
-9413
-1044
2532
5504
-3077
-31
-2538
-8312
-1504
-8101
6895
5459
1292
-1478
-4595
9009
-8298
-7607
9298
-9820
-7993
-1187
-2479
5577
-4195
1195
-3794
8621
-6983
7979
-6164
-2448
127
-8477
348
-2464
894
3440
5650
-1555
1220
-6275
8963
-5843
-7031
2320
-1683
-2564
-816
-8514
1223
-3302
-3444
12
-617
2255
6158
1883
-3556
189
3713
127
2449
-3425
4559
2536
-8974
-4588
-9631
5205
8181
8388
1139
2895
-9035
6596
514
-932
-570
-1393
-4873
-5388
7278
2089
-8776
-838
4122
9684
9178
-6248
-6752
5328
3046
9062
3719
-8310
-2751
-1113
-2759
6288
2477
-7273
6079
-8037
-4073
-8638
4968
-87
2723
-4914
-4478
119
1038
-5168
-8791
4817
7749
7413
9514
486
7618
8632
7153
-6400
-9207
-8459
-1947
3976
-2628
3129
9074
3735
