1839
1
8669
3209
5979
3672
0
3278
1135
2304
8596
7855
9668
8522
7061
6286
5123
1679
4003
1453
9980
8933
2311
7566
6978
3838
8119
3150
8630
8567
870
8561
6846
4293
6537
1940
4395
3447
7839
803
6135
9988
850
3501
138
7901
3349
6268
7693
882
7800
5370
5615
5852
8476
3722
9132
3542
6391
68
9466
9707
3521
8813
3332
2125
16
7536
2632
8855
7029
3797
103
9214
391
1410
1069
5037
673
3034
2786
6681
710
4252
5905
4132
1328
2689
2686
5862
4070
5381
7324
9161
1860
1505
9200
9025
3005
4862
8048
5728
722
7477
5449
2092
1228
3248
3300
307
4654
6332
6672
6605
9686
5529
2327
8526
3528
5822
4477
3679
1956
9287
5212
2885
1793
1985
1311
9690
744
1191
7192
5654
80
8337
6580
9393
8905
5521
6843
1158
812
5318
3375
5597
5445
7881
9534
4685
3698
2051
4064
6610
745
521
4914
7555
6415
6767
1740
532
4732
5969
5295
5916
7841
3786
1912
3335
8493
8356
5891
6362
9598
9272
6552
3212
2922
8047
3781
2467
3291
6663
9183
7349
4603
9790
4964
2762
8224
6328
9922
2212
8495
9719
319
315
2281
5472
9588
4603
7336
8611
9148
5943
6320
749
8751
6993
494
6901
3554
5323
8444
5872
7152
3109
6127
3601
853
5388
3730
3398
9585
2710
9507
7135
4536
9771
62
8993
5108
1920
1940
854
5523
3273
6284
8894
1617
2544
779
4626
4001
2341
4879
1120
2921
7898
3563
5473
4650
5160
6337
9347
6310
4106
3032
2941
8216
4706
7870
3773
2893
4011
776
2687
2156
6740
3064
2013
7984
5721
3786
8549
9222
7459
4768
588
6349
3265
8104
2581
4642
3127
2662
6332
5673
817
4058
7320
3456
6181
6114
8887
9745
6537
8413
2904
9203
4348
6816
7113
2162
7315
4709
2998
4682
3831
8784
6693
9890
7852
3571
3488
4016
2207
170
1327
9908
8536
8792
5469
6471
7782
4616
4201
2673
9639
855
4969
1038
5196
9066
3734
241
2022
8758
5925
4670
3968
7605
4507
4391
8326
7206
4830
4065
9142
8239
3421
9575
8198
5172
5424
8907
2166
1973
4456
9710
8857
441
4480
4070
1446
4606
4393
7693
8865
1638
5231
2578
7257
3694
5838
750
4309
7958
4925
8020
7521
5246
7838
2644
4169
9684
3236
7613
2459
7678
5239
9176
8348
6102
4563
7906
6002
9230
696
7357
2568
3469
9355
3342
2710
8344
4040
1500
8212
159
7518
551
5965
2117
9733
9550
5438
1050
9137
882
6467
8934
7046
5464
2441
5087
657
5410
7067
9104
3825
4912
428
7198
4221
4135
464
6
9987
7493
2792
5944
9177
2732
2511
2293
1829
8706
5824
3576
3513
7839
2979
9696
9533
508
3226
6718
3793
4596
5079
2425
6901
7617
9592
6175
3877
2923
9226
1982
3500
994
6701
6020
1957
8851
9146
2489
6182
5397
5480
4813
9980
4874
6332
5830
881
420
7770
547
6656
3045
4912
6622
2295
8851
941
2192
8593
7160
5917
7554
3628
3680
6324
8669
8676
1164
2379
4807
4975
5143
6825
5578
9758
3277
570
3113
4087
2637
5886
142
3483
3810
7922
5268
643
6155
7011
2374
3354
3763
4048
7955
1812
7219
4338
9873
2566
2470
8830
700
4875
7378
5115
1039
2627
1682
4526
6503
8315
2190
4510
8475
3011
8273
1389
3715
1400
35
8995
1573
5773
5497
8246
8189
9808
9781
9391
2981
8443
1654
3596
5891
5750
2656
5942
1074
7212
6738
5612
7645
4589
6620
8175
4702
2428
4811
9933
8870
6508
8698
892
77
9491
8449
6567
8357
4475
6106
5332
1955
4782
1632
2908
1030
2478
805
124
2591
5627
2378
7032
9948
1530
3626
9821
4699
2534
448
9588
8925
2400
3561
3793
2012
4872
1822
8692
684
6554
5850
2677
6544
9991
3398
7024
714
9212
7701
9278
5759
7908
9798
1139
5235
3556
4972
6570
5617
2264
3904
8222
876
4057
3706
8037
8342
5670
4582
4765
9757
7579
3767
7063
19
8357
888
9243
1700
1632
7504
8953
7082
597
6794
84
321
9211
5969
3498
9025
4690
9260
4831
3416
6578
6813
7536
8558
1164
2586
4020
5593
9528
2920
8136
2853
8970
686
7484
3232
1654
2574
5091
9744
1175
225
3371
5642
8987
6495
4522
6536
4254
8958
5745
4081
3871
349
2145
1044
4379
2092
1093
2200
2448
5176
4717
5782
9313
9855
7064
3009
3769
9672
954
1357
2861
443
6182
5401
3560
3502
9934
8275
9082
5451
3587
488
736
813
4849
9876
377
3619
2242
6820
3886
9207
4028
5662
5518
4755
4912
7826
2449
7847
1734
1706
5178
5651
2734
1549
3410
1360
5658
5589
1885
9632
2681
5874
1738
3703
9950
4636
2508
2239
2341
7249
2839
690
2544
1186
9558
2058
7666
9657
8053
8637
2993
988
5315
2659
9951
5451
8114
5013
7593
4352
7159
3989
6243
1867
2583
4967
971
9737
367
7235
3143
4496
5746
6929
9143
4988
8874
5691
5735
1424
9949
1628
7721
6543
809
2687
3943
8935
1544
622
2128
8381
1310
8241
280
5569
1915
2855
2120
9921
2965
1577
9893
8902
8075
2722
4249
9182
8787
9694
9781
4939
771
8388
3476
94
9495
3958
9867
2746
7861
3395
730
339
7783
2698
8376
8575
8556
1686
4200
6130
7349
5198
5109
9939
1322
5561
5354
2309
5516
5386
3878
8842
7272
1294
3075
3201
5197
5472
6957
6806
4283
8484
2377
5813
2210
4795
9342
6295
5159
9959
4040
23
6378
9395
7505
1249
4323
9932
7676
7601
9548
5149
2601
7462
2170
1378
4181
1050
468
2834
7393
5313
2104
1369
5739
8746
7668
5888
5598
1316
1552
3281
2249
3632
6605
8178
5626
7435
4817
2828
1330
708
5014
9551
8467
178
1899
2439
4066
9765
8522
3202
9666
7489
6349
4822
2256
5075
2986
1733
3623
3696
8148
7952
2435
9825
2207
5024
4083
305
2439
4008
2722
8633
3038
8145
7523
9301
6787
8261
8179
8805
611
8929
877
4907
5678
5742
5093
1692
3465
8913
3787
6272
6194
9696
5360
681
9983
7733
8059
7517
2231
9630
1959
4371
2402
1579
9055
4412
9557
4302
2765
9449
1330
9480
1226
7667
133
2515
9739
8183
7690
3733
2590
4249
4257
7309
2857
7702
2116
4588
7324
9032
3105
8520
7960
6153
1193
2328
3686
4278
9391
5452
3538
8210
9918
2922
1785
5535
6404
709
9254
1525
5575
5661
8073
6374
9464
8740
3302
3897
7616
521
389
8663
2174
6132
3888
2546
6271
397
3475
6728
3925
8818
9084
3214
162
3810
2226
3961
6602
4679
309
1088
3821
2094
3695
1118
7739
4489
7614
2606
2583
1428
1036
8916
1936
7523
325
2365
2500
9048
8691
9373
6632
9317
5888
4332
7469
8663
8820
3226
3586
1281
7959
2516
1213
2935
7851
4672
6479
9706
2915
6887
6004
4166
5439
9420
3494
5892
3990
5549
962
2489
4424
7810
5977
9352
7270
8733
9462
5777
2477
2107
8851
9892
5286
3769
1111
9378
1880
677
2037
1741
3528
2884
8564
2206
4308
6649
1134
6593
467
7367
948
8802
52
4676
1096
9984
6685
1108
3354
4056
5654
1032
242
803
1391
3469
287
6353
420
3234
2072
2038
7550
2262
2883
2770
4691
4537
1616
6519
7688
5289
5091
700
6605
4974
2707
9037
540
6558
7348
5171
2269
278
8273
1198
6207
2799
7150
2000
1376
8529
694
6531
3426
9309
6987
3935
5838
9478
4908
3259
6029
4721
9315
4727
3729
8999
1446
1400
4638
8929
4270
8448
2597
7961
1454
5071
6635
3108
5400
8832
7259
1028
5794
2475
8529
3973
7254
213
7501
5417
7036
3974
6476
3352
3751
1631
4490
3675
6427
9955
3861
842
6353
1244
6280
116
6420
9617
4111
3345
170
7266
4706
4661
7023
3992
8315
1920
4458
4002
7493
3304
4641
8417
1565
8160
2270
3697
9477
6282
6654
8828
7781
2753
3299
140
8515
9842
161
1318
5284
1176
8887
1982
960
8682
8353
246
8282
6075
6323
1572
3350
3604
3718
6733
2530
2313
28
2442
2838
280
5648
444
4130
5220
7367
6355
6573
1620
1705
5503
6200
2086
9275
8836
7512
1921
7057
6753
8439
18
1952
1530
8646
9622
7205
2149
6933
593
5858
1698
915
5633
7962
7552
3044
8488
4145
3496
5415
8439
8207
6982
5089
6601
2496
1260
2374
6665
5858
7275
4750
2197
2979
9136
5118
991
3228
1917
4468
8889
5687
4262
4786
1444
6248
8816
1872
3376
2366
4871
8679
6609
1973
3394
9682
6963
7721
9092
9481
502
456
9659
2962
5725
6933
9965
3864
4297
8117
2623
7599
2560
51
5995
6280
5618
3645
7643
5708
338
1582
6305
6657
2504
3959
467
6360
850
3743
2848
2468
1833
3021
2833
9904
9063
1532
9702
7674
6166
511
94
7116
4568
653
619
6832
741
6255
6724
4943
764
9773
4277
3987
1911
2316
6758
335
2399
9809
1794
6451
1748
2161
7041
7236
2157
4514
503
2608
9711
1264
5940
4049
8884
7595
812
5324
3241
1542
1180
5736
6597
2836
5313
2551
4977
8460
9125
1241
1998
1618
2611
4604
9952
1628
7440
3766
4
7796
8414
4153
4901
7127
6121
3313
4847
524
8879
3941
1463
5523
7144
8972
8520
3292
152
253
854
4883
1045
7328
9927
905
9431
2024
832
3495
5450
9232
2150
2234
6786
5849
4063
1723
1755
9997
2069
5657
8107
2759
5843
834
2275
3604
8948
6067
4778
6307
2871
8951
8334
5739
3635
9970
8251
6378
9184
4528
4079
4076
8657
6922
9202
1142
8063
4983
8261
9634
8137
5902
4192
9220
4867
7449
6130
7706
381
6258
2112
2386
5881
4791
9252
3376
5965
6698
731
9512
4568
5992
5065
3475
3183
2502
8534
7678
6389
9096
9427
4031
6431
1808
4106
2934
5297
805
2975
6140
8660
2912
7921
779
1076
8545
9911
898
5250
5489
2664
1737
3857
5158
6864
5107
8664
6130
4381
9957
8773
1686
8249
3652
7896
72
226
7185
3004
391
9426
670
4510
4411
6151
5636
5139
6758
8063
2552
1876
1059
5635
9959
9153
4715
4486
421
7863
2309
6475
8319
8152
5749
5213
9464
9753
5520
6043
8524
1863
8728
7216
57
6609
2435
2657
443
4184
2531
5580
8281
2492
1844
4374
6312
382
2949
2432
8860
2908
6674
1680
6740
2392
9542
9173
7759
6562
1286
3760
8236
7713
9961
5896
4259
2193
1344
8571
2719
838
1484
125
8357
4462
8153
5903
2695
4352
6357
6720
621
5672
3273
2191
3048
3372
3823
2693
1566
6712
6861
4512
5160
8663
6043
6841
8610
8976
6745
2704
6960
3835
3062
1408
3555
2974
6899
608
8934
5931
7463
1456
4297
5347
8340
8582
7365
395
1156
9191
6679
8910
6539
172
719
9937
3384
2526
1168
6448
8184
2939
3366
3655
8003
859
2611
9537
8354
8831
3289
6939
5914
2843
1140
3929
9055
8483
8468
6738
2816
470
7510
8060
8177
3375
4415
8248
9703
4367
6134
7945
3382
5211
6357
9139
8536
4246
3719
9896
1081
5015
2015
9695
9786
915
