2510
1
-8247
3318
-2266
-3977
5311
8925
4639
-1456
5871
1616
556
8684
3883
-5607
2097
-1437
-2467
8655
-5580
-3420
-8413
-2574
-704
-2281
8180
-8323
-2746
5337
-7632
2597
2746
308
-4556
-6555
-4961
-7588
-3725
3266
-9119
-6601
963
-348
-2546
853
-6037
-8666
4436
9612
-9002
-6578
-4397
-1336
-2499
-9938
-819
-4963
-1515
1646
2168
-1302
-890
-4713
5867
2002
7944
-5586
6482
1795
-3513
-6506
4484
-3387
547
7401
-2134
922
-2569
-5297
-218
-4776
9239
-7248
2249
-9283
9430
113
-2622
5999
2264
-4642
-1727
-564
4803
4028
-8038
392
6776
8795
-5499
3712
-3226
5208
1040
-453
-621
-8160
8531
8350
-4683
1610
-7327
9926
-8556
-9735
5918
-31
9292
-5510
-1456
2232
-9130
1755
-412
8511
7743
-2588
8561
8845
8437
2053
-3519
7136
-4016
-3680
2828
9255
-1341
2760
562
5828
9719
-8406
-3955
-7488
-3121
8261
3163
-5289
4457
-8462
3645
8326
-6041
-9591
-2019
3484
-3795
629
-9169
-6227
113
3102
4403
3615
784
-8804
-4201
8364
5667
-506
-1297
9820
-1978
-200
-2667
-2986
-5679
3967
-3299
-2162
5506
-4147
-6181
6648
-7358
-3202
-1486
9984
-3830
-3773
-7106
5475
-7415
1937
-9253
-2891
596
2088
4374
-2572
-3281
6033
-2690
3438
-2245
-167
42
-2861
-9503
-6736
-6844
-3573
1570
-4992
8759
-1366
6229
2076
-1621
-1830
3530
8303
284
-8146
8490
-2410
9657
9637
243
-9313
-498
6827
8667
-600
-9123
8247
1123
-4295
904
9971
-1071
-29
569
-6269
-4331
-1231
-125
8136
6382
8300
1440
-2737
7236
2284
-807
-3405
-8390
-4465
-4213
7174
-4240
-5750
-9728
-9618
6080
977
-3064
9619
-9539
8375
6314
4281
5821
-9278
2568
4633
-8567
769
-5488
6648
2034
9847
-7869
4705
4962
1353
-8844
-3130
-5927
-4102
9271
-5068
-312
9175
-7843
5922
7287
5491
6180
-6833
-6567
-5096
5333
5710
-553
5752
-6756
-8874
-3550
-3102
1821
2069
-5442
20
-3761
-3936
4490
-2048
-2293
-451
4451
7394
5020
-4498
-8716
-8257
336
7691
-1121
-9046
5589
3197
4188
-7243
277
-6547
1863
4988
-1428
6979
-1257
9307
-6668
1187
-5896
-1957
7050
-119
9170
441
-926
-5866
1855
-6069
-2533
-9324
-5816
2608
1041
8424
4955
-922
1352
-5622
1883
-3691
4784
-3178
-5812
8058
-5328
4167
-482
5950
2662
-3235
8092
-2160
6538
-5742
-7458
-4290
7508
4841
8305
-9132
-1822
-7875
7187
-8336
1825
-2780
-4233
2036
-8464
7026
6480
-4557
-3015
-9012
929
3895
-4655
962
6425
5143
3617
-6021
-1209
2859
-7556
-3048
6897
-8358
-5132
-5309
-7399
4853
-5129
-1549
7090
8298
-2838
2083
2671
-2348
-3222
-2034
3625
-5848
3805
-9689
7852
-4451
7198
1946
8827
7008
-3711
-8486
7466
-199
-3417
-4679
5518
-2268
9970
6935
-2133
-2205
6878
-3504
2986
-1752
7289
-3822
4610
-8786
-2071
9634
9208
6295
-425
-1511
3859
-9092
698
-2995
823
8773
3950
8783
91
-9086
3467
8892
-4508
6588
8791
-580
-7561
-3593
-485
8491
-816
2529
-252
-4737
1687
-7640
-3581
-382
-2396
-7516
-8779
-9000
2442
6105
8757
-4587
-6118
8620
-8678
-8226
-2131
-9214
8943
6806
-8296
1856
4622
-6034
-6144
6511
-893
-4974
-2693
6013
-9230
-1918
8742
-9743
7560
-230
7791
-8089
-9155
5226
-2848
-7506
6145
-2407
-9809
-9942
5791
2138
-7520
6392
-9801
-2724
4757
4823
7475
-3312
8014
-5088
7782
-5099
1066
9622
9443
-7040
8128
6739
-8824
-5991
5997
-185
8743
1383
-3826
-2300
6914
2105
-8822
3022
1701
3767
-6857
-5993
-3621
-1902
7374
-1108
3718
-4217
-2391
939
-8991
8406
-3405
7834
-3454
-5134
1401
4277
3487
-2003
3095
-1747
5638
5897
-6486
5613
6295
2758
-8574
2905
-5446
3973
-1765
-5509
183
6899
-7692
3131
2265
1255
-5306
-1826
4046
-5857
748
5012
-1474
1134
-8855
3332
-3203
-9567
-2070
9725
9910
4705
-8243
3271
2404
4112
1716
-4089
-4778
-1986
-8770
8476
2612
7319
6700
-7149
-3773
-9060
-6888
-1194
-3907
-3637
6098
-9333
-875
-9616
1364
7641
-2903
1357
-8060
-9675
-4687
-4674
-6741
3585
2781
-1119
3952
6495
-4818
4034
5739
-5316
4276
-1389
2196
-5729
-4636
7883
-5242
5121
2723
-4858
-2022
5129
-1560
-7686
-5998
-9428
6299
-9682
-221
7548
-2833
3907
606
-3290
992
-3515
602
-5798
-6857
-6755
-9203
8752
-4666
-6568
6560
-6947
-9748
7661
-5475
-8917
-5240
-423
3896
8719
-9132
-7819
-9155
2082
628
-1509
-9848
-6449
-4208
-1575
7042
-8744
-9959
414
-4325
9580
2074
2110
1170
-2188
-9017
2198
-9235
2116
2872
3897
2467
3312
7440
8556
6635
8849
1096
1032
-8111
2686
-4121
5831
-2690
312
4840
362
-5201
3058
1251
9719
-8143
-3861
2289
-1315
100
-7152
-4202
7158
1014
8053
4519
6812
-3961
-1294
-1250
1841
-1754
1820
-4683
-7837
-9060
-5284
7734
-1703
4239
2038
8134
-1229
-4917
3151
2423
-6614
3033
7618
-2854
-5674
2322
-7088
9111
3948
-375
7637
6118
7982
8635
-2314
8687
-7979
4751
7862
8172
3874
6694
-8107
-7372
-8363
2508
-9689
376
-3992
3591
-747
5355
9332
9882
7442
-4256
-1987
2418
-2870
-2876
9530
8824
-1
7133
9574
6936
-3060
-986
8067
4248
1191
-607
2795
196
-6447
820
-1308
-2208
1187
-9493
-2838
-4259
-462
3896
4720
-2757
-2127
3422
4933
5061
-7965
-4479
-3595
-8554
-6070
-3175
-1817
-4045
-5355
-9471
-926
921
5515
-4023
-7501
233
-2502
-8860
9719
1992
-1924
206
994
7593
-7223
-4825
1613
2404
4958
-2480
7243
-9564
7725
-3120
-8915
9382
4993
-4900
1623
6226
4667
1196
-7219
-9678
-1257
7014
8480
-5174
5601
-7342
-8869
-7084
-2122
8548
-2149
6004
-7262
-4622
-1255
9724
-4832
-2204
7255
-122
-641
-3943
-8175
-1027
-6243
-2414
-2369
4551
457
-8760
4357
5443
7114
-1451
-8970
-7623
7990
-7121
-3827
-9314
1054
-1340
2170
-1655
4316
2982
1632
2886
955
-7715
-2359
7237
-3860
6167
4971
2559
-6259
9635
-2488
-4314
8473
1698
-4012
4767
-6769
-9043
1287
6715
7547
-1522
-6460
220
226
3661
-4285
-4841
1176
2201
3477
9288
4628
-7972
9006
6127
8139
2266
-1201
-7647
-7783
4626
-7176
6162
4024
3297
6786
7341
-9637
-1112
-1678
-9091
-5870
6846
-3298
-8321
5772
-8876
6993
-5490
9006
1605
-9574
-224
7576
1210
8233
6232
-4226
2161
-5217
9302
-7930
7542
4267
-3168
-1867
-7906
2252
-7187
-5771
-2655
6085
3707
2259
-1725
5452
-5261
-6000
-5518
3699
4254
-8236
-4518
9452
6962
-6812
-9102
8008
894
-488
2344
6476
7885
-2757
3681
-6271
-8698
-3525
-3161
-8549
-2617
-3950
-5112
7764
6913
-6994
-8584
-1178
8889
-4029
-9794
6725
-1819
691
-9328
-6530
-8203
-8660
8232
-4766
-5470
8729
-3784
-6190
-3990
-9659
-5349
-1479
9173
6452
832
8296
-2916
1654
-4515
-6823
-7815
-1128
-7708
-5153
5059
-2865
-1618
-9843
-9752
-4689
-8512
-1025
-5023
7689
615
4064
4818
820
-5718
5287
5078
7183
-85
5051
6076
6597
-18
-5067
-2918
-9466
-4262
-8493
-7099
4772
-5776
8263
3775
7330
-9831
-2703
7367
1476
-7130
-7311
-7300
-6299
7695
-740
-1532
3544
7291
9963
-7404
-1143
-7651
451
-8632
-6537
-507
-8413
9166
9201
-9210
-5001
6719
-9994
-3163
-4629
7264
-4936
-8185
541
-5187
9439
-7286
2274
-4924
-3719
3487
4268
3206
-4344
5537
4458
4949
-356
-2273
8824
-7682
2684
8117
-8913
-5959
-8662
-1526
-617
-9943
9542
868
-1431
6143
-2935
-8309
-1663
9146
-7546
-2167
-7457
1490
8942
67
3118
5973
1028
5068
3541
5760
-5603
1387
-2039
5814
-7224
7435
3136
696
-4561
-6056
-219
4070
-6711
-1269
8412
-617
-10000
-3669
-9009
5706
-5135
-2162
-113
-5708
511
-9063
-5411
2732
-4869
780
4029
1550
-661
3711
9666
-3329
-417
-6143
8395
2049
7016
2564
-357
6719
1285
-3765
-3441
5822
1325
7462
4608
6062
7613
-7005
8611
-9427
-5944
-2957
7040
-9917
-9332
6399
215
4164
-3728
-9840
-4991
-2359
-5480
-146
-1099
-8173
9444
3256
-7572
-4290
-111
4328
2244
520
-899
-9107
8426
-1260
6066
-190
367
3030
5981
3831
-1762
-615
-3317
7581
-5075
-3241
9394
-6046
5200
-6185
9176
-9485
-7297
-4825
-6572
1163
8431
-3954
7583
-6040
-574
-2208
-5699
1255
-7293
4190
5651
9495
-3083
8146
-7987
7568
1761
5840
-2951
-5103
5061
-4615
-4357
978
5347
-6291
913
-8222
6468
-240
7700
4866
8683
-3014
7055
-30
-3825
720
3651
5891
-6462
-7707
-9974
-9239
4922
-4972
-8304
5562
531
-6366
6379
-5859
-4442
3843
4826
-2290
-3484
-9051
-1762
5146
-3563
754
3160
-2888
-3227
-242
-3226
3559
6470
3009
4213
-9013
472
1810
-2828
-2211
-395
5991
9432
-9742
-6615
4183
8709
-7217
-1325
2831
8971
2987
3774
4882
5675
-2560
-1297
-2510
290
-517
-7129
-3086
1466
-3664
-1360
-2016
-3112
728
1935
-8805
-5674
-7043
-3523
-199
1366
-7893
6799
-4759
4987
-904
3786
-1253
-8265
-3753
9051
4309
-4541
-386
-162
-9822
119
7664
5053
5501
-3659
-673
1035
-4215
-9327
-477
1879
-1506
-7473
-7403
4931
-6364
-166
-37
4763
-3555
-2023
-1276
2155
6598
-9364
-4666
5201
-5265
472
-4167
-8785
2722
3460
8765
-7916
3753
4414
5745
-3530
-9748
5840
2467
7585
6514
-8174
4491
2537
-8152
-7165
9812
-9724
-8598
5579
-3778
-4253
5100
-8596
-1938
-4318
9137
-3886
7701
-1038
5625
198
-9505
-7264
-1571
-869
4342
6392
9151
8574
-2711
988
2781
2440
-758
-7227
4107
7586
9999
-4329
9001
3151
-4147
7374
-8868
-9763
2769
-4963
1444
6838
-3828
6194
3679
-5263
-8800
8430
-9948
-22
-7396
3250
7930
4125
4509
-5925
8876
-7382
-8761
1893
3366
-4164
4083
5983
-8352
-6624
-8174
7326
4743
-225
-1799
842
-1915
-2973
4006
979
128
6157
-8074
-781
-7859
8304
6389
-8040
-6639
9910
-1323
7143
-9269
8763
5214
-9980
-6257
-9298
-9289
-9974
-1940
6789
-9535
-7756
-7260
5221
1619
4249
5846
-493
-1521
-9439
-8952
-9866
8535
-5478
4851
5913
-7646
-8143
6855
-9491
-9155
5820
-6380
3790
9326
2867
-3425
-5595
2785
-4065
-8831
-7207
9051
-873
-6301
-8765
2430
8169
6746
-9858
5115
2800
8811
-5677
-5074
-4634
-7189
-8897
7517
3093
8107
8261
4805
840
-8412
2133
-8925
5766
-488
2107
8903
-1881
-8509
-268
-424
8503
8731
-1427
-9874
-6320
-5886
1805
5638
-5972
-5990
-4008
-4928
-9196
627
5209
-5500
-541
-4684
7891
-7645
-4360
661
-212
1399
-5270
2904
-8297
-976
1812
1828
8889
5150
-5822
-8928
7787
4835
-7671
774
-4353
1082
8571
-5527
-1418
-8685
5930
8497
-751
-2272
-4061
-9491
9325
8109
3600
-1660
-4557
5381
696
-5669
645
5373
3277
1547
-6650
8716
-6816
-4342
-196
-7730
-9856
4053
1729
-8828
-4205
-1747
-4112
-7165
9137
-9631
4410
1185
-4896
8717
-5412
-1855
-5280
-8759
3809
6168
7753
1417
-1661
2223
958
-3095
-3295
-9933
213
6879
-7468
-4165
5371
-3807
-9788
4063
-7495
7890
-3582
3013
126
8903
-2396
-8857
9613
5839
4742
1810
-5027
3982
310
2952
6436
3792
-4787
-4230
1621
-283
7400
-8664
-266
2814
-3851
3536
-3805
-9053
-1724
-4602
6665
-6846
5740
5744
-7759
-3689
-7408
9408
-1
5704
-4161
2023
-551
2499
476
3995
-9593
-7298
-2288
-8208
5462
305
2038
7418
1242
8667
3102
-2652
3815
-7679
1760
9927
1134
2321
2160
173
9242
1162
1358
-8863
5260
4000
-537
516
-2444
8459
4867
8009
5293
-5526
-53
-401
-888
-9916
8925
-2681
-4371
-1562
-7072
-7664
9319
-9077
1481
4609
9386
-9213
7700
489
9873
-1427
-6814
7078
9548
-5008
-4524
-1376
2283
3719
3465
-3149
-4755
216
5977
6944
4884
6015
-4227
4123
3880
2004
1340
-8922
-4518
7421
7875
-784
-5270
7243
5657
-9838
7398
-3129
7411
6901
9797
-4264
4679
-9404
4446
2846
3358
5190
5156
-5668
3605
1802
-5359
6247
6147
9952
-5703
7845
4072
-6558
6648
5556
6777
-860
-803
8830
-3731
6685
1309
-359
-2294
-5861
1959
-9058
-8634
-7777
-3585
3663
5831
3840
3814
-3802
-7174
-7900
-6595
5592
6296
-6436
-4483
-917
-219
-9746
-8148
51
-9744
-56
1263
-2939
3436
-6952
9003
-1984
7726
-9893
-629
8080
-642
-6761
9448
5645
4095
-3377
-2853
6435
-7033
2263
2461
4015
7859
5206
7114
8079
9339
4288
6277
-4354
7265
-5855
2402
-7077
5252
-8390
-5856
5641
4483
-4508
-6892
-9767
6057
-4569
2475
6634
-1927
921
7141
7178
773
-8244
-2374
6756
-3973
4593
-8063
3653
3579
8437
-7360
-9612
8271
1624
-8125
1051
-1200
-8828
-4684
1265
-1126
2382
-1221
9887
-6998
-8398
-2269
8194
5582
-3543
9767
-2530
2696
2301
-6432
8837
-1887
6261
8637
4100
5666
4101
5173
120
6109
6817
-7385
-1305
8598
-2486
3501
6136
-1301
-605
-451
-3778
-9233
-3909
8115
-2972
-7307
-5196
-1849
-4303
6822
8063
-9009
-8620
3790
8519
-7316
-4292
4174
-1917
-5330
-7816
-4019
-1578
2981
4194
1038
3009
-9318
4373
-6239
4072
-5650
-745
5090
9186
5236
9628
-4942
2856
-7594
-4482
-7829
5203
6062
330
-9231
9198
-2837
-4674
6917
-5274
-2577
2453
4122
3943
7155
-9406
8389
3404
-4768
5410
-2318
-8779
-256
-355
-7835
-8181
-8985
-2800
5175
-4873
3834
9263
7311
3332
3762
6117
6121
6305
-2808
-936
-3879
-785
7718
3216
7143
687
-4111
3135
3037
6560
-8693
-4292
-2302
230
-5998
-3807
6970
1952
8198
8239
3207
-5343
9743
8904
4373
-3695
7628
-8707
-7610
-3836
996
7275
-1477
-5158
3023
-1855
-5165
8515
-8632
7514
-7796
-2813
-5871
-5810
-4507
-9434
-4079
-9444
-9865
170
9806
2914
4735
-2172
-5038
2351
9493
9095
1187
2415
-9768
3316
-2356
-509
-7745
9428
-6442
6489
7805
7186
6245
7143
-3290
1604
6468
-1350
-3814
4734
-5075
3485
9245
7567
8405
-282
-694
68
-1985
3997
-9663
-7738
8107
9775
3605
8564
567
5530
-1653
-114
-9780
-6870
-6145
-2621
-1127
-1698
-4021
-1085
8193
2081
-7738
-4066
-9592
9504
4801
-2961
-1678
2382
-6191
-2764
1040
-2724
691
-7420
-5773
2246
8177
8598
6939
3117
3739
554
-4490
-8937
6405
-9074
1948
9704
-9851
-8396
7154
-6356
-3657
946
-833
8881
8512
-315
-3084
883
4841
1180
4945
1264
-6951
-9424
4426
-1088
-3146
7803
4102
9356
-7788
4257
-5201
-1419
760
1940
855
-6625
2658
2477
-9615
3207
8506
6886
8106
599
-9416
8290
-9764
2016
-1703
8929
1799
3031
6297
7613
1085
-524
-7201
5815
-5487
-126
-4364
5177
6551
255
6761
5381
-8314
-5724
-2110
-6397
2232
-161
-2918
3538
6333
5850
-3153
-3961
3890
-6804
9098
-6662
9736
7595
-6174
-2623
-2286
-412
-8945
8946
7032
3587
7041
-1538
7753
-5705
9426
-8316
-4294
4230
-3444
-2698
-8950
2448
-3103
-4011
-9445
2862
6837
6914
-1098
-8574
-6493
-9570
-8084
-1359
808
-7562
9764
5460
1856
8178
-8056
-3691
4513
5580
5010
-1940
5022
-1002
-3656
5432
-6547
8803
-8480
-6701
4574
9377
9140
-2362
5910
8304
-5293
2254
-8505
-4940
3730
-5458
6918
-3302
8061
1815
-2421
97
9209
-1252
-4759
-3599
-8540
6244
4792
7139
-3991
-4169
327
6312
-3986
-4878
-8638
1117
-4668
-930
-1395
8476
-8469
-9389
-7291
3086
-8731
-2161
-7988
5775
7159
5341
5693
-6957
470
8420
4874
-1102
7576
3841
8276
413
-8487
-6901
-4095
-8268
-9310
7321
6826
3083
7838
4100
-1480
-7582
-1330
2059
-2105
9947
-3520
8384
-8307
-1959
-3731
2282
3670
-9242
5894
-4395
6198
-8164
-4488
7483
-7546
-5418
-3958
-1512
-9847
-4883
-9926
3223
7384
1418
-3061
4377
-9654
