1131
0
2561
8245
6646
9985
5400
8620
2725
8448
6208
6697
3078
507
7065
5709
9164
8565
3906
7667
3405
5411
3949
423
67
8852
500
134
8729
9831
5434
2696
5430
7477
4794
9837
2927
1115
5198
6563
2198
2051
3970
6831
5196
4332
3766
6337
8273
135
4060
7985
8727
5038
5038
6229
2933
4267
2987
9194
1379
8737
8423
7609
9522
8377
7240
3809
2209
4844
3405
2983
7980
7697
1614
3586
7783
1433
3563
2238
8192
6836
8072
9833
6053
1370
8914
716
5925
1816
8514
6864
3365
4883
7234
8776
4559
6178
2476
5495
5404
853
1050
9991
3332
8987
7372
7348
4677
4768
9073
8459
7673
343
8603
379
9180
1154
5561
6737
3765
8404
7680
3602
8254
5972
7748
3024
4651
7897
6925
2602
6612
355
240
6430
2618
1784
1117
6518
4833
1264
7524
8350
7577
6181
4803
3468
7483
5251
5971
1348
7326
9274
8485
9958
5572
4727
2074
5498
2408
80
1823
7420
8017
3262
565
113
3958
7161
1371
3993
34
7662
2835
1229
6534
8772
5027
1389
1735
4174
4905
205
8874
9677
7911
8232
4003
79
7889
4711
8848
5047
4840
4349
5231
3904
7497
3540
236
835
3584
5971
9135
1557
7916
1943
6753
5560
2221
2651
2999
9403
973
3682
2481
7666
8049
4735
2262
9855
9159
2274
9307
1681
5619
4534
8255
6906
8118
2884
5251
4279
8115
1194
2449
5259
5192
4527
994
7905
616
5812
2542
6880
5878
9381
8580
1211
679
1924
4470
742
5316
3995
2209
3330
1344
6870
3052
6609
9592
6523
9654
708
6571
5456
5608
2022
3994
5008
6667
1864
4952
6338
62
457
9033
1931
3054
4219
1537
6442
6644
6259
5619
1296
9597
2465
7569
1628
660
3088
6010
3029
6074
227
9994
7308
5181
7934
3826
6727
1505
1892
9810
408
3815
8183
7876
2589
3930
9703
1653
9422
4265
6747
7761
7931
7365
8772
1024
2006
6903
5877
7476
5862
7406
2544
7625
5494
1859
6200
7414
7844
8354
6386
2498
8805
3953
7602
8233
743
9960
1858
4249
4846
7094
8999
5676
7683
1214
1508
3593
7356
5771
5205
513
3093
7937
6792
3446
6779
9940
4383
348
1752
182
1953
6695
7311
3463
4839
3742
1974
6639
5238
7270
6127
79
2350
4510
4083
9655
9397
8840
7718
6568
1066
2002
9721
6653
8196
2609
9775
389
8721
9369
3489
7344
9746
4644
5898
3168
3564
5126
5437
8888
9211
5376
4622
4719
3763
5774
4969
3035
9018
8002
5740
2644
487
8102
9293
4782
9771
8169
8864
4726
4698
7001
7326
2972
326
1818
7925
3725
6594
41
8927
4680
6666
5978
520
4192
3523
1433
5066
7373
1820
5855
5777
6436
391
8942
2106
9744
8009
8291
4780
790
7775
8027
7559
1608
8638
3980
1001
1801
1825
4070
295
876
9498
3371
1686
1968
7688
9186
1466
6086
7718
9062
2852
309
5916
735
3414
2636
2735
8267
8048
1622
7795
2265
3530
7338
9506
9041
7618
4375
6175
2225
8585
7648
4531
3925
5567
9074
5356
7191
1813
9161
675
3
7971
1457
2599
1881
2621
961
4313
946
4137
1029
1327
8294
6150
2176
3557
4518
4470
412
1991
9628
8866
9627
369
8878
4976
596
5704
5597
145
3071
3548
6773
5928
6445
897
1971
8249
3698
8011
4297
7085
8793
5254
5311
3126
7386
5703
6392
1995
9670
1507
2496
1667
4964
7181
9217
3016
876
579
3023
4015
4748
7346
793
877
239
5220
4499
4662
1274
4550
8967
8506
9566
7493
5519
6959
8078
664
7086
4281
9763
3503
6196
6118
7396
6323
3547
4357
9823
9913
244
8102
9761
1331
8772
5332
9986
9183
2041
9898
5667
1113
6147
654
4536
1922
1882
9337
1586
3681
8376
7098
4682
1059
8215
7286
4370
9990
9044
1104
3318
1913
5453
6311
3441
8297
1267
7368
6541
6318
767
5483
9292
8939
800
4721
6395
8379
6875
7288
5140
9653
5211
9076
2020
683
947
1635
2258
5677
7375
8076
3605
7794
3308
9054
2752
938
2356
282
2172
4030
9934
7878
8651
8371
4479
163
5392
5919
2796
8291
317
9883
3933
2235
1687
349
7006
8958
832
8373
9804
1145
4997
3406
7043
7346
8556
5664
5026
4189
1759
397
5892
4846
5205
7364
9181
1665
3363
944
6978
7708
3292
3240
3387
6627
901
1659
8881
2166
9723
8481
1611
1761
1635
6604
8777
4337
6301
9781
6108
9427
1651
6003
4850
4800
158
1718
4478
6401
5955
8645
3922
3890
5404
9112
3617
7964
388
2508
184
1367
6748
6197
1665
2550
7093
5369
931
4489
1445
5106
1759
1160
2632
7868
2767
3393
7216
1180
5842
6574
3376
8234
7084
7699
3726
5153
6703
4816
2788
5769
899
2436
9488
4922
6219
8981
563
7280
7791
4
5715
856
1724
8638
966
9477
9983
8872
1124
6274
967
24
6777
4408
3807
8757
8689
6311
4577
8009
8720
8281
5989
9573
1056
123
5985
8629
6230
9633
2115
6101
1834
3196
8437
9974
7505
2991
1187
5266
2208
7464
3981
3830
6625
2033
4993
5627
8798
6586
4244
4818
7622
1017
5306
1807
5899
1424
1997
3973
3847
9845
6873
8487
7354
8501
142
4028
7742
7735
7027
2262
5583
3305
965
7697
1031
7399
4836
3187
3115
1003
5565
7710
4715
8291
4439
2912
1633
6707
1167
7217
5884
4315
5077
843
1063
9181
4155
3224
5781
4237
1767
4078
5356
6099
542
2382
9861
2717
5113
3041
3306
3977
479
1682
7574
6847
3311
4637
7663
9459
3684
6133
8582
3632
8599
114
3852
9496
3027
2368
1751
7028
7340
2440
4988
436
9758
777
8477
8921
5085
9688
3134
9136
5096
7414
6899
5403
4504
2374
2774
3426
8271
2643
5740
5623
5478
1223
4130
6029
3783
4237
8669
8499
9679
4919
9948
2939
7823
8288
2351
2998
8010
5888
2034
7381
6121
8957
7964
1016
6901
5466
7386
7477
825
9844
8045
6593
5071
7413
7042
7758
2248
9427
6363
8343
8265
3348
7064
624
4191
4604
4915
4840
6128
982
5720
2013
1735
8385
8466
8462
1095
3918
9190
3913
6820
2710
2806
8161
8012
3804
3946
9838
4702
208
1003
3142
5632
2076
6542
4393
406
5590
3840
5712
8269
4427
6280
346
4647
7548
4102
606
3931
8795
9397
4345
6731
2341
6421
8506
625
6898
7
4375
2348
1627
1184
8149
196
842
4062
6404
7603
1404
2162
1648
3079
6475
616
5774
7809
9058
6683
6139
9231
8464
3249
3704
4402
900
8962
3202
3582
3152
5235
4421
4292
7209
7595
7686
4037
8311
4233
927
8111
5030
205
9762
2181
7088
3986
2507
3586
3864
6087
2845
565
6673
301
2634
7624
2544
2156
8921
9211
5919
279
1538
2714
5119
4091
8205
7232
9015
7240
1109
8241
9305
8503
