5849
1
6507
3850
1616
3297
8518
4859
3524
8802
355
3149
7556
9629
8078
8566
407
5047
9856
1389
6824
4986
2400
798
425
1373
6909
1397
1030
4741
7808
9265
2815
4678
1250
9728
1689
4712
1271
9604
9510
7825
7808
1646
6454
1783
3779
2094
7182
6592
1886
7884
6923
9645
4175
7000
638
6692
3009
5244
5007
3908
199
9976
6186
8878
2975
1908
918
5805
4851
5020
207
5068
3110
6415
6108
3475
0
4129
1887
6811
7405
1070
57
6014
9521
317
6529
6990
5868
5062
8062
2061
6972
2097
4285
6949
7639
8456
8446
9270
3600
5612
2019
9678
7156
2332
4049
2208
7984
3866
6088
8383
299
5211
5449
3506
6494
2742
6880
7783
1519
3011
560
690
1674
6096
6640
8178
6295
1295
111
8045
6312
7137
4545
9274
1987
2455
6018
5516
4370
1400
3049
3140
2223
1802
905
9768
8394
1472
3580
7795
455
1112
5599
5566
2883
6545
4729
5506
4851
211
6918
2099
2551
1448
3142
6080
806
5357
8261
6678
9267
4785
7274
2946
1521
4853
7469
6555
6316
4010
3222
3252
7545
8001
3945
2632
3541
3425
5165
9379
8389
3321
9922
8916
6653
9475
6750
649
5315
8926
9503
5109
2994
1842
7797
9191
6287
612
783
7944
3204
6802
8415
3429
8503
3080
6048
8561
5521
3744
1919
6989
8816
4528
9159
7242
6590
3944
0
7233
8057
4622
7332
4116
8069
637
4806
9917
3714
2219
6305
9570
9996
728
80
8746
9143
330
4246
1606
4685
1043
3616
6727
7530
3847
491
7821
8921
6137
8086
6409
3914
6006
7052
9021
9269
1878
2274
8475
3568
8329
8756
7767
4354
1551
4384
8967
2540
8391
3435
5723
2409
745
8867
1677
5010
3601
4159
823
1016
8670
4948
6237
2126
1890
6779
8382
756
4591
7263
6268
7280
2082
8205
3736
2576
6141
7419
9657
7281
5242
877
2723
704
3629
2593
766
6063
5367
9880
4743
9673
9082
9314
2896
9857
8537
9216
9557
6320
9113
8479
3812
3172
2973
8380
23
9610
3057
2673
8661
9858
6243
5543
65
8062
9709
5094
4118
3916
1867
3855
7594
3158
4273
159
2135
2159
6839
7783
798
7118
1589
9383
668
6698
3156
5682
7919
9725
825
3216
7732
6454
9262
3207
6102
1593
7192
9745
7028
7623
8869
1263
2707
1677
586
4138
8399
7842
3364
3020
5948
2274
8849
76
8652
9036
4925
9298
4699
8632
4616
4247
9483
5917
6643
9255
4764
4389
467
7204
3159
3519
8502
7842
6989
2839
2683
9966
3954
587
8874
8816
4641
5233
6058
3887
937
6142
8934
6674
6237
8007
370
5802
165
5393
9373
5699
8525
6243
9101
8957
8797
7928
6341
3938
143
4671
9141
43
2908
5816
9292
498
4586
806
837
3164
2185
8661
152
8173
9065
5283
6523
1562
9792
1517
5847
6759
7518
638
8877
2077
7082
1732
8936
2880
4245
4684
1951
1097
9689
8907
9431
4365
7116
9892
6479
3138
3958
8513
3343
9791
4157
7775
3404
7024
932
8101
7500
7044
9445
7136
3590
275
1923
1763
7982
4587
5933
4604
5382
5387
7152
7612
4289
1942
9450
6398
1528
9275
7412
6128
3095
3536
7039
6529
7282
9915
7865
479
653
6784
1332
6010
296
3872
9478
1736
3129
3455
3602
9949
7171
4736
8989
6250
8813
797
5864
8920
8679
7225
2963
7257
3585
5062
5126
4913
4701
9024
8425
6355
6354
4920
6095
9390
4631
1276
9242
1903
9957
3637
4194
3575
7263
5142
7434
5955
4392
9383
2875
4058
1146
3563
3501
6050
5507
6948
764
7294
3920
9381
2414
1331
6920
5410
6654
3350
1491
7234
6155
97
9237
3060
2782
2904
6005
1888
641
1393
4180
9772
9506
6720
9345
4390
1812
6901
669
5999
3197
7237
9371
8579
8460
8111
293
4526
1654
5408
6729
6567
3117
1491
567
1141
7895
1026
9473
5404
5064
948
9231
5061
6822
1697
9099
1365
3558
2510
6387
8655
2558
595
121
3316
5834
4926
2379
796
2727
9500
8851
3596
6086
7414
3211
2040
536
6973
2532
5010
211
8340
9671
1458
4213
4861
5401
8455
1176
4221
9259
9417
9480
5406
4814
7220
6070
3085
4982
8050
735
5224
9617
4420
1865
6480
7363
8199
466
8436
3340
5125
8434
3746
9145
3046
4493
1275
5600
5658
7034
8667
4325
2186
7432
6515
6148
2474
8402
9101
697
7039
8897
324
3646
6937
5583
7250
8866
6568
2831
9000
7576
9528
4655
2878
6442
2639
3693
5185
6296
758
1775
7029
2375
1133
6261
6525
1910
8585
9759
9699
6672
2172
1941
35
2972
5051
733
2509
3403
7064
5856
7773
1072
157
9029
7932
4761
918
8215
4065
280
1735
4622
9042
6074
615
3267
5895
5412
165
7230
4226
6124
6781
7294
605
7365
6388
9849
4450
720
5923
7759
4978
5497
3759
1182
2559
8336
697
9121
3454
9731
3910
3696
6555
8240
6152
1185
9840
5977
9780
6071
9238
9532
712
8906
1724
2686
7614
2325
7144
9817
7702
5940
1254
3406
1382
8646
8981
3409
7244
4749
2494
8391
1403
5561
8482
2025
3876
4660
7518
6903
7704
4037
4385
734
194
485
2450
9478
3948
2635
7284
2908
9183
6260
181
4626
858
3889
6405
7505
7816
7529
1084
3128
6048
8133
8890
9760
173
7384
4056
8613
8211
9870
86
463
6915
3890
2493
7405
7853
9225
7738
9115
746
5038
1985
1701
3564
3763
5783
355
1562
7724
4585
4685
4637
3685
2254
4985
4041
1410
857
5200
539
7231
992
1120
933
9418
2550
4903
3898
2835
5189
4772
5055
5540
1193
7907
5114
9529
1597
7802
596
1306
4930
5230
9155
6615
1516
8429
5599
2181
6154
2792
1559
5298
1999
5702
9610
973
5707
7619
5263
5312
8776
4549
8406
8093
7271
9452
2408
9059
5672
9893
89
8609
3661
6009
8994
8114
2041
3027
7732
6569
721
6510
2677
8439
9266
5747
2487
3516
7245
7877
5923
4178
6943
2070
7467
9491
5163
7814
1009
4280
9258
4703
8832
5453
6035
4184
4240
3417
5102
8447
2494
8715
8338
2842
7682
9187
8822
1367
1023
9249
8021
5073
7734
7443
4108
8554
9524
8163
6996
3768
5428
620
6493
9802
3336
7996
7284
4747
1563
7681
2859
9493
9057
4784
6648
5610
8331
3546
8433
6548
118
1985
1820
1175
4148
5667
595
279
6944
1156
6280
3847
9616
6953
4712
1152
7577
5692
2188
921
6171
2043
9992
8905
1683
6764
1233
9889
5983
3737
3989
3934
435
5705
6010
331
701
9816
631
5782
9933
8598
3521
1411
7521
8890
3992
1974
768
9632
5773
8399
9564
3553
6886
2050
7549
4098
1858
9893
5488
9356
5501
7680
9488
5848
599
5096
6021
5306
3786
291
4912
8112
827
6430
4250
1902
3633
726
4845
8749
1100
93
2626
4808
5441
6414
9638
8921
6044
9820
7869
9553
828
232
8880
5664
6434
5102
1705
5195
4351
2369
9501
7413
4421
5272
1728
7850
8559
7323
6787
4259
138
3515
6851
5347
996
8267
4362
1464
2813
4164
3165
4773
8549
2149
61
9909
2176
4798
4200
2503
7274
3203
1299
4582
3854
4836
4244
2125
3211
6688
3035
3087
2537
8048
5237
8274
4763
6525
3623
3161
224
6801
5473
2647
147
2146
6453
2405
7574
7150
4167
3636
9389
700
6235
5925
3752
9359
7765
2813
2832
8794
9036
2639
1089
1901
4202
4124
3615
5110
1241
807
722
4345
3764
9044
4076
420
386
5895
4057
7278
8813
917
6926
6400
4043
1165
9639
1510
5029
9515
756
6431
2780
7941
5099
4523
7899
2454
4480
8960
2040
2582
4736
1316
289
4683
7378
2936
2690
6822
2174
3532
6537
9991
8255
1001
5610
4158
2149
6582
7362
6526
5510
7476
9678
1293
5498
1004
9724
1865
1284
4817
558
7489
824
1167
7550
6304
148
3034
9637
799
7472
432
2607
2084
5535
953
2620
5589
1923
4206
5376
1867
4935
7851
8650
5172
1892
3344
9818
207
3526
7064
2155
4276
4320
7400
7344
6868
657
1895
1523
2875
4070
1804
5062
2307
2918
9697
2937
5516
9111
1321
2268
4207
7177
2540
7490
9136
1192
9471
2014
228
7534
6650
920
7109
4006
8899
43
2544
2012
4161
6468
1148
2201
7718
9015
2614
7324
3052
4914
2398
6642
7821
6022
2003
6579
6809
615
9839
622
7117
7378
3256
8287
7821
5209
7468
9372
3667
2540
921
3349
352
1481
2475
3271
7932
3858
206
6326
7755
7277
8040
5572
7770
1217
8518
5721
8
4287
6096
1434
1218
526
6042
1502
1465
8961
5578
4026
1946
8292
2577
4586
5219
2939
9931
4843
1573
5365
8101
7099
7909
1802
6303
8056
8021
5946
4957
1308
631
7013
48
2026
3459
9606
1620
4808
9627
21
6622
472
8942
1688
6736
7785
3678
3621
8239
1454
9021
5051
5651
1598
3874
8254
7396
7079
2202
9892
7516
1897
1267
7816
8042
7934
5276
7031
2552
9793
8990
4115
4690
6328
491
1942
3041
5335
5073
7159
5524
4137
9839
3916
4120
5121
6668
2259
7100
9517
6811
2682
3193
86
3191
8617
270
4166
2740
5417
8468
8644
262
7276
9646
5799
5706
6147
4830
1325
9231
8474
2260
7062
6384
2200
8625
4579
6811
6011
628
1475
2188
4071
7591
7758
6073
9754
7498
920
4785
1545
3413
370
9104
1733
62
7051
7589
3537
2131
9457
8784
7435
6061
3360
7269
286
7272
1689
7873
6044
183
4372
4602
791
5357
53
5577
7470
9511
8224
1827
5253
212
4899
7423
8604
4108
2936
5600
8997
4119
3212
7477
3770
4694
9337
6620
1561
4532
8330
8257
336
5107
9271
3067
3692
7597
4743
9619
9008
1811
3065
9791
5331
6149
7049
6282
3928
4239
2951
5361
6231
8080
357
7024
4981
4330
9935
7020
7172
6344
8490
3436
8589
310
9308
1742
143
6733
4068
4315
7082
3042
1349
9045
7185
3634
5885
2456
9454
4967
5076
5953
8203
1589
9909
7152
2343
5551
6378
3837
4092
7477
9329
9437
7044
6203
4994
2567
1202
5167
6091
9985
5191
4282
3324
8802
9939
9436
1992
2892
5618
6566
5682
8053
5286
430
8978
6111
6708
4153
6514
6037
3602
6378
4859
1272
2113
7244
9336
6009
7213
2949
8639
9853
8214
3368
846
7013
3184
455
7525
9430
8049
5680
7470
5446
645
570
6426
6476
5322
8170
2334
9509
3122
9798
814
5535
9920
4128
6683
9465
56
645
9761
1812
6961
5628
1976
5974
4315
4919
6816
4955
9261
5399
3562
8669
6857
3293
8092
9641
1480
2609
5748
1913
9389
8030
1608
5716
7286
4300
3736
6754
5186
8880
4772
4453
8781
4880
1013
1660
7756
2649
46
7922
6303
1222
3897
1102
7053
3495
8914
5654
1675
421
8795
1314
7058
9403
8766
6843
5668
4716
782
356
5036
6495
4300
3682
2656
6336
8551
3719
3233
1398
1447
6845
9572
9661
9523
8905
4725
1590
7023
9774
3739
7460
5901
7599
2899
1762
4760
4608
1341
677
9770
1591
5400
3859
7021
8161
6191
9844
7465
7793
3226
5788
9394
2459
2353
2468
8316
8705
2905
9015
8436
545
6242
2137
1628
7527
2795
9941
4435
178
1202
9795
9600
7653
845
5312
5097
5959
2968
6977
5558
7757
4870
4584
5069
550
2824
5735
6596
2059
2958
3673
1358
3363
7084
2722
7526
6099
4540
4740
9744
5266
9215
9587
8362
3724
5197
5019
1926
2307
2731
1285
2721
5638
9269
8328
910
7375
4157
7867
4245
8233
9271
7127
766
5471
2096
3647
5357
8583
3914
7989
1957
93
6599
5937
8497
9964
1737
9394
5250
5084
4371
5680
408
1021
3235
5095
9250
952
829
4643
7872
1263
9432
3034
2764
5038
1508
1487
4011
3751
7216
4530
74
3825
1710
3355
2514
1095
2022
2188
1582
5783
5903
2880
1700
8863
1830
5082
395
3572
7112
2455
9961
3430
9723
2521
7587
6618
9171
4389
9918
4462
296
9103
4919
9974
8892
2463
9015
3352
3412
4801
7483
5297
3544
8391
1357
3638
7770
3249
7277
4892
5360
8270
658
8430
1225
2456
9261
4392
2855
7380
1931
2553
3692
517
817
3823
9528
4480
2735
8847
2494
5329
7090
2613
5265
3862
3877
8384
9091
6409
7311
3318
2342
7504
7595
438
4920
8871
5598
364
8626
5411
44
7813
6039
7572
1683
3395
5283
9708
5717
442
7136
9227
5994
2542
4683
6772
2110
4468
40
4277
4335
3086
8275
2851
8564
8134
7953
3144
4548
4075
4497
2928
5461
5004
5229
5995
6711
9045
9469
1111
4445
7969
3185
434
9867
6693
8373
3585
7051
7591
2833
4142
6714
2058
8139
8279
392
9199
4647
8570
5456
511
4045
4769
2922
9477
9760
5774
6610
9994
7090
8555
3009
2639
1690
3764
4446
6768
1616
5168
3949
8341
5337
9299
1328
156
7029
239
5155
724
1900
1116
5069
9200
6830
6801
5888
2375
3613
2033
8641
7096
4903
7766
8090
6079
5041
7595
5070
7644
8563
4520
9387
7602
7771
2646
2653
4320
1245
5313
5425
2649
3995
3597
8373
6770
999
1470
2097
407
8537
5169
6766
2889
5974
8351
3486
5969
8839
7203
2216
380
9254
8188
8517
7487
394
6082
3542
4863
621
3211
3667
6560
3077
8353
2065
5834
181
1764
8030
6378
9937
4242
5984
9978
2664
143
8347
6694
1123
9490
4537
6515
2955
5771
8947
2372
8600
2024
4122
4203
9849
1628
2679
3209
3179
2465
1220
2087
1640
3794
5965
7328
2162
8245
2440
8324
1359
8076
2053
5913
5582
121
596
8570
3143
479
9117
2168
1502
7909
7676
9344
5800
8332
4537
876
2456
1844
6052
7965
5264
1601
5876
6200
3025
7126
3940
5219
3073
7601
2881
5313
8993
4997
2084
1069
6803
5924
1608
6401
332
3737
1212
2431
4415
5522
6654
5367
7379
9017
3836
8755
5837
6909
9888
1184
1862
6988
3468
6622
2641
438
2615
165
4799
9508
6169
6262
6941
4307
4314
4502
2449
6817
2532
96
5591
6137
8091
2337
9344
6568
2776
4674
8916
7438
4155
1406
557
8265
7862
4595
940
4603
4025
7108
196
2601
7785
8353
6072
6617
1889
1350
883
1520
2212
1390
3191
8075
6167
7667
1761
5200
362
3697
3493
3275
1768
8670
6959
1086
7756
8595
8681
1306
9762
8835
2379
7694
5365
3223
4877
3437
1944
8310
1220
821
6555
6275
135
1308
872
2618
3226
3954
2912
5785
9281
8369
6851
4737
3846
6784
1078
4882
8187
704
3859
6546
8066
2206
2979
3952
6694
1906
5802
2263
8179
6832
5915
3692
9715
5064
6671
1193
9775
3263
6973
9978
5189
964
3029
8705
3325
2237
3776
732
410
9198
8471
3684
7143
9151
3620
3791
7265
63
8653
2210
7858
6395
7242
5901
4794
3269
7953
9935
5954
1417
4346
9298
1920
4766
4109
5562
3200
5806
3250
3310
5746
5347
3568
4249
5226
5016
9611
3280
7963
4407
9589
8687
3980
3016
8743
1195
5491
4195
2346
4054
6097
9764
5016
9530
4063
5651
485
4823
8448
5122
8217
2782
1077
5443
4495
2256
5076
1103
5771
1046
6950
511
2759
5488
9119
4798
6896
3273
2094
7773
6624
7186
346
6806
7172
9405
9706
6191
2705
5826
5479
1516
8942
1438
8214
7362
2459
960
8525
910
7888
2132
7066
8761
5387
3916
6118
9222
7226
6683
7155
2211
4015
8941
3989
7521
1237
612
7159
4719
2582
9999
4834
1932
5642
4479
1702
2174
1434
9844
3499
3965
7300
2265
4710
9923
17
1317
3108
9239
1114
4786
1442
1914
4279
8337
2227
7644
4274
9397
1776
7616
5061
9864
1451
6235
2150
3861
6656
8348
8418
2247
5006
9756
469
9059
504
9767
4367
827
4240
7344
7440
9160
4400
8598
4241
3605
8361
2537
4859
7600
82
1101
9073
8414
741
9696
6416
6659
1148
4030
1949
409
7113
1186
9310
8430
6245
9063
8170
1240
4697
8735
9610
3312
4314
2698
9785
122
4243
7394
1526
520
2948
8367
1728
8022
7172
5028
5883
1652
2306
6353
3225
6547
5358
8895
5511
7345
1543
8059
3562
7635
6817
2361
4031
7587
287
9397
7276
3429
9459
9443
2241
9808
582
3262
9804
5270
9979
1299
3438
7455
3782
5377
2045
3336
5739
8103
5223
7463
587
46
639
9233
3365
6770
6507
5872
3503
2528
9309
8359
7734
823
4964
5220
9094
3328
760
810
7647
2072
7305
7610
9149
1117
2809
7247
2214
8652
4278
9515
4775
2831
2914
6955
3083
4429
9042
6868
4411
7531
4487
4209
3440
1394
6044
3537
6886
6783
1793
9507
5994
3730
1005
7256
3882
8854
1639
9692
2524
1084
6456
225
7848
9867
1898
6641
8005
805
5866
3425
3436
845
8812
5672
7407
1671
2999
6409
895
3584
602
3064
3487
5423
3707
9319
7571
2107
1744
118
5991
9388
2060
6385
1074
8804
3951
4313
459
8638
2608
4527
6732
6533
3074
8862
584
5205
9581
5714
8244
1341
4932
8783
9099
7474
2993
5948
2603
1462
3712
9906
2197
5584
519
1027
8779
2244
7880
7078
2836
4048
2868
3446
2555
553
3723
505
9432
2920
9664
592
417
7609
4290
7633
2237
4407
3594
6998
6232
4619
1479
5407
110
3311
9631
646
8364
3878
879
8953
4482
4649
9764
2993
4934
9031
1477
8378
6998
9226
2805
6855
259
4996
8822
8634
1972
5267
8923
1759
8728
3903
2341
8384
4713
9810
4383
7673
4647
8804
6201
9744
5599
7387
1111
7982
6809
7545
171
4183
8535
3430
1462
5460
2442
5651
8456
5808
8447
6708
6527
2594
8019
8764
8649
5273
552
5375
7462
5517
4283
9095
7724
8001
5171
5689
4686
3880
7019
146
624
1287
5551
8198
7112
5122
6185
4791
4375
1013
6144
4162
8251
5198
8409
7314
5329
1233
4842
4488
1549
4026
3056
1088
466
1036
6243
6663
554
188
4440
8232
2291
8892
9691
8260
7854
7137
4942
6476
1241
4847
9754
9386
4616
7095
972
5329
7182
6300
244
3752
2361
5379
9417
948
6894
6155
5229
8935
6141
2161
2737
1215
8752
7762
9941
3506
2317
3752
2504
1423
5563
6362
769
2808
2235
4807
111
377
8816
4728
5425
641
9544
1212
8493
5151
31
3989
9084
4021
5693
8769
12
388
3244
509
2427
2013
1967
6191
5810
5741
6052
6811
9667
6627
348
2329
4787
7317
6206
7536
1662
4086
1687
2421
2354
8175
5431
2285
7829
4371
9297
756
6245
6353
2248
4265
9373
9378
7391
8777
5179
2609
6570
2841
2315
4034
5409
2981
2090
1134
7371
2692
2118
107
4065
7595
8562
1224
7035
8099
4624
9436
625
3872
8331
3677
2410
4363
6722
1052
9846
7941
4603
5893
669
6901
9157
8973
2241
551
5478
5413
3344
8117
5601
5150
4908
7796
2724
5249
7224
3883
86
3930
6193
8089
3782
5638
7686
6903
2089
5619
7912
6095
8402
9488
9524
1040
1942
2712
8469
8419
4568
8131
9059
3842
1109
4046
211
8360
743
8292
8465
9294
4287
4436
4546
9884
7647
1497
1051
4928
2349
7697
420
7577
4386
5235
9679
9667
7955
1881
794
6612
258
8063
5306
1352
4273
8662
2641
3403
3101
9052
336
4550
5930
8023
7420
1869
509
2145
1348
3941
179
1429
4350
9759
9642
2405
1100
418
4667
1120
1596
7985
7638
5914
2251
4738
7909
7220
3738
9593
9880
3429
5183
5344
188
1042
4459
4119
7129
9218
1880
2462
4427
7101
5788
2195
2122
135
4474
3703
9564
6771
2232
8168
5007
9124
9264
2777
1241
1834
2159
5008
2897
9118
3562
2089
8041
3297
3885
1677
9573
1849
8777
4926
7213
5844
1414
2138
6966
2836
1468
2804
9852
6162
9030
2028
5497
6124
6539
1221
4823
1785
6536
4666
9164
3004
3386
8649
7310
4636
8960
4251
5469
3688
5532
7108
7912
6096
8399
2439
784
4062
9698
6885
2734
2009
4375
2802
7600
2849
8051
5991
4786
9319
5252
487
4215
8580
8392
1328
3021
822
2953
2926
8187
5142
5729
955
6413
8174
2766
3529
7111
8403
3676
8759
9237
715
723
1942
4024
5423
1651
4128
5731
2218
4728
7635
9668
5954
380
1108
5535
7711
1727
6702
9328
3845
6821
6584
3833
3547
28
5570
5500
391
7631
5437
4061
9094
8595
2373
1410
111
6036
6051
8501
7996
419
3894
6768
5743
6622
128
7637
7293
2463
8154
8893
109
2885
2847
2670
4498
6641
9429
2051
8433
8765
4618
5108
1127
7660
8369
6564
6972
6256
6912
9960
3198
1467
8967
811
3228
9231
6020
7188
8257
8748
435
1830
5596
2395
6185
3011
7784
4266
7217
2445
318
5302
3301
914
9450
437
9225
8810
1228
1357
1337
5372
5682
5167
297
5939
1589
1012
6033
9192
5930
5834
9263
7781
359
5933
9186
2800
8546
3149
2182
9048
4403
2094
9107
6401
6948
4932
1169
3391
9303
9994
4140
5864
1889
5265
4070
5670
4300
3743
5319
6414
5790
4562
1452
249
9755
4860
8362
5459
5231
806
7655
8605
9596
9573
9090
2160
9734
3274
5146
6700
6380
7166
6244
137
1492
5913
4079
7230
4800
8158
1202
4420
2969
6792
7895
4067
9067
9291
6052
7779
3271
2414
2996
5090
8612
4688
4288
3664
7229
7905
798
8663
2553
3042
946
4725
2078
8913
4633
1320
6843
6088
1048
4394
5717
9079
566
495
6413
7630
5088
3973
8258
6132
7320
6300
5557
1669
637
4218
6795
2831
9404
5046
9505
7388
7350
6474
5843
9178
9424
8172
6035
6222
1102
1800
5308
1282
6895
2891
9381
730
2146
7523
4965
3065
9730
7503
568
416
1376
2314
8504
2842
1250
1425
5904
2400
3708
2629
5471
3592
3534
1510
9478
9093
8367
2506
4902
5475
6200
167
2664
5638
2030
4154
9825
2686
5211
8348
3726
6694
1925
9079
4326
182
2825
6522
1119
488
8172
7478
2864
1084
4610
5336
7205
5152
2780
9082
7243
3977
4965
8770
2162
2272
1363
7289
1527
388
4784
7189
8486
9816
9814
1182
2318
2094
1348
6437
4230
3780
1704
6827
8843
312
3590
5168
8988
8482
7888
3988
2375
7889
5153
2471
8766
4274
7490
4894
8973
8639
5472
7812
2876
5554
6827
5021
1672
3666
5706
9974
8177
3695
6485
1465
3075
3939
3552
7203
6497
5852
8001
4899
1717
6028
6932
4767
2573
4952
5646
9802
1308
6912
1170
7381
8557
4612
1793
7671
9735
3514
5572
8615
8521
8126
8538
2686
2823
1493
5244
8192
3173
8523
5004
8308
765
2483
7298
977
3849
9061
6225
4216
2442
7750
2120
3165
4534
9025
6395
964
2562
6653
1085
2528
3175
7666
6977
638
207
4556
8384
2271
4933
9123
4448
1149
546
8850
2234
7525
6437
5225
8728
8645
9214
3913
1133
8722
4501
5201
9476
5171
4300
4245
8173
1058
1827
6073
9037
6889
3886
4323
2872
221
8313
1954
6891
7931
4920
9326
249
2961
4558
2251
9596
7001
7350
4898
8431
4593
6525
3343
376
863
731
6799
4358
6372
2690
2528
6446
4387
3924
2628
5426
8404
9496
8774
3332
905
3965
5896
4911
7986
8652
6650
4209
1157
3811
7427
2098
9115
3132
1038
334
6858
3761
7576
6027
7743
5258
9791
7436
6826
6903
2590
1908
4216
6419
8858
7178
5790
9098
4533
3724
3032
1818
4287
2928
5243
6833
2643
7661
9657
1907
3415
1628
5225
3561
5204
4799
4798
9955
8238
4863
9416
3913
4336
624
8693
1885
3562
904
841
3949
2344
8349
4707
8427
4891
3216
2621
6258
3662
601
113
8202
3903
9771
7069
6650
9498
6397
7910
3266
6374
6918
7599
1900
4194
7397
6214
245
3338
1576
9165
1679
313
6772
7301
5129
8454
7870
8278
7550
6312
2826
267
9992
5454
6834
2814
9130
2779
1712
999
1234
9546
3007
2895
345
7250
9647
8666
4447
3072
1097
5331
5257
9700
1468
9395
9286
3493
1311
3668
1094
40
402
6777
8661
944
9109
2559
7022
5460
3028
1518
4187
7245
8198
2778
8577
343
7741
6558
6669
4457
5105
1161
3221
2884
5011
5668
4774
1754
7519
8497
2028
9350
5109
7802
3977
9003
9138
9822
1162
9908
9536
921
4006
5756
9170
8275
6765
4410
1218
4242
1818
1670
1046
1241
9230
7142
7039
9315
7948
8832
4230
2056
5026
5653
3741
5150
1657
7839
3658
8903
4146
3127
2516
232
9013
5340
3682
3203
1734
6460
4744
1940
452
5358
6871
4013
8047
7010
6818
4878
3751
1317
6669
4662
2680
1610
7458
156
6038
9296
622
3175
7674
6042
1609
8711
9945
4616
3308
7661
5460
3026
7415
1821
3118
6379
1402
6624
6539
3441
4041
6476
1646
7552
263
5418
2174
4987
5838
1294
1864
308
3205
8301
2652
1480
2883
4400
2797
6722
8568
9356
4380
6744
7582
172
2768
9885
3057
2507
3236
1407
6068
8634
9853
2190
465
2628
5827
7505
3789
7355
7361
6457
7514
4682
4476
9314
8895
692
6926
6464
4701
3590
6574
8297
8008
2075
6198
3394
9431
1147
4292
5058
2526
9512
5079
5947
4546
334
8666
269
9460
4310
4814
6092
8654
3730
9451
3496
910
6183
7857
6373
5580
7085
5697
55
1265
1549
7627
1536
5398
7773
6107
7059
5339
8463
9217
9588
6173
8863
6282
7725
1756
7705
2437
7897
4469
9270
828
5396
1320
1406
7587
3492
5220
8574
934
6966
5815
5525
8493
791
3394
5122
1192
1966
5061
5831
1557
3013
6823
9307
3865
6862
3994
2160
3678
8066
9918
941
2609
5102
4348
815
9841
8992
9922
7178
846
4161
6746
2765
4015
5681
6266
2528
3958
6572
7485
2122
398
5982
8909
8663
3612
2719
7255
6741
3817
7142
4688
3552
3318
7469
5863
3267
374
3571
5810
4026
6704
8093
1197
648
2479
4492
5801
4343
46
1351
5766
9143
4564
8603
7667
7113
1457
3396
6140
8320
5206
4272
250
8029
1431
2005
291
3995
8155
8707
2423
5568
8405
5251
4891
8994
6223
7613
2489
142
6724
6749
5222
1648
6669
1021
592
2988
924
902
2304
8451
6146
9258
6389
8385
5803
356
6697
5795
8692
1361
2074
4811
4321
503
6543
1873
2429
2007
5783
7112
9296
3637
2701
5565
2515
9086
2681
6665
8405
5715
2170
532
5089
7792
3041
2173
3104
5746
725
8976
6560
4566
3544
3678
1838
3845
3918
1474
743
9714
982
6885
9895
4289
2641
263
5402
9672
1746
7438
9182
8957
3546
6483
3863
5659
6212
8171
9392
3986
5937
625
7349
9517
947
197
7503
6553
146
1392
9290
8626
5544
1606
8351
5484
4787
6864
4457
7936
3066
567
4414
9031
9919
1987
2371
4988
1914
601
5373
8398
9573
4672
5854
8949
8497
7946
8564
5852
3171
7384
9979
9268
7431
7921
2630
9461
8730
4345
7435
8048
2501
8906
9830
5403
7755
0
1434
2670
7390
673
9333
2208
4758
1737
286
1848
719
6285
3973
2609
203
7235
945
8742
969
6633
7809
2004
4603
4716
8542
5522
8854
2307
3386
4209
5829
8156
5806
1174
399
3016
7436
7936
8091
5860
956
4770
7798
8360
8709
5
2984
2247
1616
8210
351
9854
5083
8402
5545
7719
8307
1293
8205
6200
2912
3011
3681
9946
2750
5222
6018
2895
5150
6761
3549
3015
8288
6310
7804
500
8007
4158
8652
1331
2422
4511
7700
1748
9680
271
5533
4419
4438
1776
2265
7202
7192
2980
1341
2134
4023
4388
5478
3219
155
2411
7302
4225
3133
802
6519
8433
3686
8158
1479
4362
3500
4652
2441
4317
8831
8971
8562
1577
2446
844
8021
7939
3321
3819
4028
159
8737
5440
8521
5507
3874
7207
8336
3642
1540
2957
1909
5759
604
556
1791
4277
3149
2582
1259
9771
8114
6674
233
9286
7895
3140
1167
9514
74
1446
1206
6520
2698
9674
79
4917
6470
761
7427
7172
7075
3751
622
1781
8762
5303
8379
6599
4626
8938
5491
223
9733
4881
884
2571
5993
1132
9027
7157
1098
9785
4033
1904
5704
66
5092
4172
1775
2470
2073
1498
9577
1782
3461
5465
2695
4941
887
5893
7419
2243
281
7167
2847
2424
5602
6167
4059
2037
9710
3963
8180
2426
9261
9450
2456
7848
2727
707
2777
8378
8288
6952
1730
2331
8977
4987
3666
2501
8668
5239
1627
8549
5156
3609
5155
272
4051
936
970
971
9154
3772
4049
4427
6695
8013
4466
8362
8845
5977
6285
6407
1729
8991
8183
8739
3507
5895
7053
5941
3520
2573
6288
1139
9295
5471
7117
3357
1652
9560
9482
6615
9740
6026
806
8425
2583
8244
8455
8348
1981
8963
1913
7803
6090
7681
7392
1068
231
9591
2565
4134
500
410
5005
6832
2661
2807
2689
718
4787
5286
6389
2873
8923
1892
976
6668
4206
5692
3242
8843
5446
5352
3395
3848
4756
5050
5197
8222
4273
3301
3260
1362
1533
850
287
8717
4770
6481
3433
8091
9715
948
2198
9348
1859
911
8336
9395
5709
8853
3908
9995
8213
6510
8974
103
1348
999
6163
9798
6917
7375
9771
2242
7528
3617
434
9695
1059
7989
9290
2863
83
7270
389
2506
1049
9162
6454
8944
9576
306
6228
1416
4181
6015
6292
3578
5709
2953
1785
3781
6673
5407
246
2134
9933
1604
3058
7641
6011
4765
3982
2051
3602
6293
1740
5629
9185
6435
5512
1678
3462
4326
8829
8394
7176
2835
4545
6964
4229
8997
4134
561
9337
9277
3499
1748
9969
2569
6524
7243
7164
6382
7305
6357
6649
6136
7073
8649
2907
2410
8065
3916
1130
6632
2870
9957
6235
7797
8494
8699
1590
550
9988
9921
4435
5001
8932
5254
454
6320
8093
6944
4022
1066
6843
2304
2002
4551
6009
9810
2874
1027
2750
2387
1686
4050
1396
935
9319
5938
9660
3583
4033
2456
8888
5276
8053
3506
4200
7671
3805
168
2470
8264
4394
2995
6076
8576
2344
3500
5428
7779
1809
3438
9899
5883
6296
790
9511
3225
9145
3557
9263
5650
7802
7106
9475
2950
1240
3499
3711
9397
2205
6530
4320
1521
6326
1327
1820
9702
6436
9566
2043
9601
8368
9823
5896
2063
8373
7668
7458
7967
6311
5141
4767
6599
8697
8050
8761
3545
7025
2095
9008
2394
9226
6593
28
5029
3534
2673
973
4141
8850
1933
4387
7804
7322
978
3805
5687
4121
400
7605
7592
6268
9521
1253
7056
7124
3979
3747
8273
5319
5994
1346
1415
5453
1267
4377
1241
8973
1935
7775
9045
2500
6144
3912
6661
6838
6581
9171
5036
8183
8244
9106
4433
6010
7501
2189
3717
3795
6317
9416
5703
1817
2146
3560
502
1340
5296
3208
8875
2099
3647
3762
2592
3173
5885
5844
3188
7334
2761
2409
1705
7888
3448
5738
9626
3569
9994
5100
9921
5844
3849
6929
5898
1282
2479
179
9042
8042
1385
8490
428
3117
8022
7987
7838
8581
7104
62
9802
4166
8267
1375
68
6863
9139
4027
8004
7844
2061
7900
8931
2900
5102
5329
7546
1368
1536
8868
6513
896
5503
3682
5574
3964
8773
9480
8392
8142
1247
8572
8414
8304
9548
9998
2568
2060
4342
6286
2923
2784
9617
1200
4719
8730
9181
6169
6147
2746
3787
3143
719
9072
3997
1412
7213
8887
3835
5448
7609
7735
3732
5695
9736
1436
607
9000
8067
7874
4694
7605
7938
7213
7236
4985
5594
3977
4687
4244
9077
1175
5448
668
4942
1883
8771
5929
6627
9070
703
4351
1366
9165
3676
4654
9536
8798
3363
9953
7959
8719
3864
4556
9762
9669
3625
5885
4246
1992
5468
6932
9785
7474
6178
517
3667
1856
4215
1409
3346
1273
5515
6374
5894
5894
2069
261
2085
1654
690
9520
3809
4913
2704
8928
4668
1073
3854
8350
2658
3111
8446
9186
1320
4273
7756
9902
1572
5406
5800
4699
2938
572
8131
3466
3459
3624
8407
3314
1135
2029
9318
8522
7248
8327
6189
4601
6556
8657
3939
1983
9102
2500
2107
882
1461
1554
8612
6569
8533
4005
395
2231
9621
3465
5880
5433
8446
5603
9117
3641
9141
7656
6039
4101
259
1243
56
3966
3383
1241
4997
6330
2559
9493
1590
3856
5907
3072
2072
2623
3580
3830
4419
2649
132
9382
1386
9576
8165
2790
9601
5584
7620
8132
9940
5316
3226
1154
5886
878
9695
1863
3223
4612
6394
8268
9705
6083
3844
5094
4208
5785
9281
2109
1399
519
5794
8322
8998
8412
7330
9925
8211
2310
5646
5362
8851
4568
1021
981
4000
2925
8169
955
1239
4514
2831
4875
3577
2834
9415
1028
1655
5521
5881
4060
962
8217
6614
7370
2447
6935
8229
7159
9320
4999
6345
5052
7935
8388
2026
4759
8964
6763
968
2865
979
1707
6282
6070
9650
768
4836
916
1089
8685
3090
6094
1003
9297
7045
614
5329
8637
9294
7048
5398
7369
9071
6895
3114
9164
6261
3413
2478
6021
7045
7805
6828
4768
2832
4513
2306
8646
9409
5815
7624
7391
8034
3180
8776
6221
2776
6095
5885
9915
7897
7936
7999
5474
5620
8866
6947
2704
1029
4124
1578
1723
1280
3010
9356
4627
9073
9637
9201
1650
6861
6598
6392
480
5795
8647
9868
4425
6529
4402
6662
4957
4146
6651
8356
1495
1758
1880
4347
8455
7022
5179
7636
6923
9286
5647
6662
4712
8339
6604
5643
1973
4452
1147
9977
4380
5367
1732
8490
4023
4605
1338
2325
8660
2572
1564
2495
5606
4608
1608
1701
4152
5236
8212
7847
5019
396
3399
412
8117
9937
3067
9406
5436
3594
6157
7680
3178
2234
351
668
421
3843
7910
9686
7574
3960
5836
429
228
6821
3825
472
9992
7780
6641
1318
3208
7547
1585
8754
1402
2445
4178
7965
5599
1591
2747
4609
2274
9540
2238
3743
9549
178
1567
7029
7447
6166
7084
2838
7800
81
4048
5816
7956
8047
6581
6076
3804
1315
4025
2575
4464
2474
57
5743
7136
4375
3849
538
1698
2481
7251
1243
858
9723
1972
204
6621
8992
4344
9184
1013
4837
2108
5589
1355
4091
1523
4638
6548
1883
5713
8914
8068
8120
4776
8766
741
3894
9933
6240
1795
37
6098
3689
3256
3890
9920
5812
5369
8441
3189
2923
6494
6705
1840
6669
494
4052
4396
4262
7467
2167
1165
9733
450
7395
4625
519
1217
8287
1341
7741
8083
930
5305
7553
9411
5665
6489
9423
2549
4801
3474
6950
2920
4273
297
1430
587
9360
6287
2630
4776
8433
7027
9695
3521
1024
7339
4948
4217
4708
2539
6386
5786
6238
3677
6372
7
6219
749
1605
5629
7019
2127
5192
3029
4025
2551
7501
564
8156
135
8032
3556
2133
7044
7127
5982
8628
7409
1316
3447
8579
4816
1789
7735
1928
7058
7442
2603
5211
1475
664
357
8031
630
9745
7206
4360
5389
6586
3491
6696
3778
730
356
8419
9405
5435
5971
5316
8961
2891
6161
3168
5510
8612
2342
5205
6079
9415
2460
4345
7558
8514
3259
3309
1543
8689
4460
1226
4881
8653
7301
7867
9587
5321
4800
9927
2424
4079
4137
9350
6090
6783
2183
1161
4880
399
4556
4167
8631
1361
5240
424
9943
3999
1588
1184
9949
3279
8521
8716
3929
2998
683
885
836
4003
1408
364
8043
1558
9085
4814
404
1716
5894
9284
6554
4483
4245
7757
1056
863
6080
222
3606
435
7893
4606
2544
3116
1401
4023
7139
8651
3830
6997
