7671
1
-5806
-3496
-9524
-7852
-3287
7552
-315
9256
3808
8084
-379
-5289
4897
-4668
5790
3004
1555
4907
9064
-7985
547
-8106
-8985
1894
1163
-9637
8976
-2736
3208
2359
-7724
-6843
-4241
4085
7912
9393
8156
5145
3740
-5684
3392
1401
9660
-66
-870
-7226
3326
-3622
6540
9646
2768
-3397
-5211
7395
-3539
-7021
-6799
4703
-5913
5700
8681
3169
-5302
-8611
4093
-8027
2579
-7206
839
-5075
-7082
-2813
6386
5932
-5064
-1945
2100
-82
-7452
-7535
-1528
5514
2617
4853
507
2685
2379
2047
-9647
918
4166
-4516
5787
6846
8609
-8663
5310
3751
8984
-9564
8964
-6742
-5376
8161
6881
3095
-2884
9275
5852
-4012
-5195
8445
-2052
-921
8644
-675
2965
3571
-5971
772
251
-7674
3862
2593
-2177
225
-8452
5585
-1504
2524
1394
-2729
-8733
9271
-2292
-758
-4065
-319
1865
-182
-5662
-3865
-455
-2469
-3648
7777
-3188
8787
-4037
-9035
-5616
4186
3486
-3701
6281
-2531
579
539
9862
8422
-4797
5398
-6768
-2894
3345
1072
-9578
5845
3843
4345
-6994
-9749
6092
3955
5425
5131
-329
3193
1990
606
2824
3819
-1865
-4655
8159
-5365
-7365
7727
1053
-6828
2227
-2454
8752
-1082
7775
8932
5354
111
-7088
-6443
1987
2718
4902
-4004
2169
-9715
-4298
3532
-2389
4536
-8152
-6536
7652
8711
-2177
1381
6716
6126
-2712
-4647
-8881
1287
1792
-4597
-8018
140
4069
8463
-4856
5441
-258
-9779
-7689
-8628
8433
-8005
7264
-2494
7144
-7199
-3116
-107
8263
826
-8264
-5437
8704
288
2378
-8473
6607
5372
-3025
4775
7627
1637
5034
9759
-2684
8625
-4404
-4733
694
6473
2030
1518
-6511
1249
-4251
82
-8484
7167
-6593
-9997
-9184
-51
4194
-6793
8307
-8363
-7710
-537
5511
-9190
4709
-5185
-5136
-3160
-7872
4254
7227
-1304
2253
9518
-529
-8469
-4571
-7841
-1539
-8010
4911
1127
2748
3166
5425
-2544
-524
4383
3619
-2298
-9726
6342
9059
-2905
-3273
-3772
2006
-4734
-8519
-7909
3686
-9421
8940
-4222
-5737
-7054
-4184
1149
7511
4863
7435
-4475
7009
-9848
-7076
-8179
8463
-10000
-5138
-2408
1732
5950
3523
9603
4012
-9039
8424
-6948
-6575
-6544
-4240
1939
3918
8200
-7481
-3893
2567
-3901
-5599
5826
6426
1259
179
-2531
2525
2340
4471
-1805
-4317
-9063
8850
3774
8929
-6062
9103
-1559
3790
-4151
-3866
6199
-7513
7395
-1429
-9628
6130
-9678
4776
-7970
-9493
8575
8859
3543
5485
7205
2201
5266
5710
-6175
-1764
-9903
-641
-8227
-1903
6301
7504
-6253
-2808
-3193
3664
4312
-3599
5785
-1891
8481
6788
317
1514
416
9078
3896
360
7320
-4440
3055
4250
-7822
5538
-1592
2298
-7433
-4954
9731
2755
-5080
6947
3870
2830
9184
-4824
8122
-6496
4712
-1033
6159
7068
-1761
-3250
-7284
9568
5570
8655
2683
-3353
-8681
4780
5300
492
9106
5752
-7592
4054
6760
7742
8942
-3650
-3591
2502
-1617
-7879
-6916
1833
6719
1174
3683
-9334
-8008
-4129
-102
2444
-2922
-3469
457
-6871
4156
-6941
-1943
-8499
-2746
3614
6696
-8574
-6259
-3110
5
6636
-8746
8102
-9674
8764
-472
6829
-8325
-7833
9311
9709
-7025
4337
-16
1236
6920
910
270
-1596
-8792
-9485
5469
9828
7943
-1068
-9929
9693
4732
-5024
-8497
-1540
-9108
8835
-8763
-7619
-8830
-9107
1748
-5222
9365
-7851
8532
-6274
-4997
-7261
-7334
-4757
-5096
5811
-9567
7901
9340
3053
8586
3374
-1125
2541
7911
1693
-5374
-6996
-8776
8664
-1996
-1418
-5822
-8516
6854
5389
-3053
-6267
7533
5205
-5979
-5911
3573
3472
6197
-6572
5150
-6427
6188
-9581
1738
970
7757
2739
6321
1733
-9272
-9502
2587
1728
1740
-8178
6157
-8346
1067
5059
-8836
8367
9476
-6200
-6155
-786
-5774
642
-1372
-4013
2005
6007
9970
664
-9136
-7383
-937
1641
-5241
4839
157
-5027
-3643
-2337
-772
-2127
7044
-8886
3914
2101
454
9605
-571
9401
2258
4052
4677
554
-4192
4557
-7726
7650
-8537
-5252
4945
2958
9092
4059
6139
-4352
-8372
-2566
-1710
-3517
5473
-2014
-4332
6687
-3604
5991
-7001
-5545
4585
-1037
-1595
2604
8974
-1081
-7643
6727
-5363
-7872
-3349
-7560
-4554
-9759
-7493
2839
954
1997
5505
-7780
6769
-9443
7970
-6049
-9820
6241
-7537
3417
-8237
-4968
-5686
366
930
2152
-7436
5626
-3976
-155
-7439
2393
-9480
3249
-5046
1022
1363
3393
-7215
-8048
1659
-2901
-5179
-5734
1422
-6832
-7961
-765
9456
-2305
601
-7441
4699
9276
4032
1674
3964
6195
2250
388
2808
-3054
-7221
-8872
6298
-6534
-1458
-4866
-6811
7880
7297
-4541
-5089
-4322
-4368
-470
4114
-8541
7156
-1077
3546
4010
5596
7998
341
-8811
9196
-4395
9973
4580
-9212
7567
4955
1429
9174
1098
9771
-8555
-2769
-6305
-2047
-9696
-9747
6924
-7883
9373
3414
7851
2798
-6306
6383
-6813
-5886
-2712
-8504
-1821
9408
5340
5526
-3059
8822
-4912
-4540
-4922
8197
-2754
5109
-7020
8677
-4942
-9333
-6881
-2557
588
6174
-7671
9509
9948
-1432
-8939
4776
1657
-2901
7210
7372
-7943
-1065
1542
-3718
-1822
2377
3847
4324
3009
-8100
2697
-4544
-1853
-547
-4919
6513
-5878
-3833
8537
-3246
1525
-3714
1200
-7496
34
6428
1731
-1994
-940
-9871
-9886
-5228
8529
-3391
-8566
6981
1261
9633
-5000
4521
7968
6942
8638
8542
3429
4605
-2240
-9138
-1660
-2575
-5170
852
-8260
6980
1991
-9432
5122
-2998
1890
-538
-5752
-3119
3913
5040
2958
-3272
-394
-7428
6969
-3034
777
1736
8397
-4985
-9446
-9574
-199
9166
8143
-3857
-1543
9772
2450
8943
6412
-6903
2528
-9151
1315
4621
7081
-984
8025
431
-6302
1520
-3555
-7944
-4567
3300
8598
-1994
-5315
-1944
3206
-1738
-6012
7879
7497
-2865
7725
-3900
-3110
-8469
2991
6094
8722
4347
-9675
-8009
-8207
2885
-1059
-6809
1553
4504
-9799
-3823
6291
1933
-5452
-5819
-6814
-8384
-6415
5805
-721
-6779
-5249
-3672
-3752
4429
-323
-506
-1096
-8257
4390
8502
9734
-8595
6555
-8590
-9793
-2109
-8366
9900
7072
157
677
5495
-5773
627
7087
-7807
-8964
9575
-5737
867
2336
350
-5417
2492
-9571
-5128
-6919
-8063
-9886
-3366
-4019
681
-995
-8381
2431
5866
6457
-7035
969
-790
9455
9193
8838
-3782
3319
-8982
3347
-6986
-1115
-1438
-376
4046
9809
-9493
9677
-7141
4926
-7320
8826
1609
-5977
-8542
192
-5555
7040
5454
8641
-2808
-8747
7487
6547
4621
7092
1334
4328
-1073
8919
-2386
9075
645
985
-5800
7767
-6375
7180
7630
5464
-7882
-8929
-4297
-5293
4451
771
-5919
-2434
2691
-5196
3291
2
9287
5441
-1667
-5077
3667
-2238
7166
7794
8700
-4067
3787
-8486
9828
5635
3825
-9431
-9128
-5860
8373
1615
-9859
-8583
6625
-813
4042
8231
-8672
-1119
6310
3473
-2613
-2700
-8098
-2412
-6257
2261
8907
-9440
-1802
3420
-5599
-1354
-911
-7225
-2403
6723
8540
8153
2088
-9947
3420
-7681
9277
5159
2988
-2394
4204
-9740
1449
-793
-8712
9516
3062
-2393
-8616
2510
8877
-9891
236
-3383
-5100
-3290
-9944
-9732
9277
-9885
3444
-6463
-5463
-2912
7443
4184
-2456
581
1695
4754
-9133
-2213
-653
5904
4537
5869
-6423
4411
8222
-9493
8281
-3671
7024
-1092
2111
-3057
2066
8814
-3000
-8427
3405
5543
6344
-275
8561
-461
-1139
-3923
4106
6517
1489
7794
9070
-5177
1252
-3388
-8550
4914
3250
5257
3941
-1569
7935
4636
-9587
-5054
8251
-6146
-9541
1575
2472
3391
9144
-7055
3599
-5877
4199
-8142
-4380
-2721
5094
3500
-2580
-81
6301
-9488
5052
3281
5264
-5479
-8226
-6571
-5060
1559
-7825
5469
1253
3623
-8735
-4329
-2215
-3959
-4933
9562
-2628
3093
1564
5486
-4427
2399
-5631
3274
9092
-7279
-2390
5432
8857
6184
1628
5754
7068
-4473
-1597
612
6226
8484
3806
125
-2718
6462
7836
-5054
5557
-4267
8056
3030
-2863
8348
-5893
670
8295
-58
122
-3630
4032
6558
1882
-1131
2668
8146
1990
-2493
6075
-4917
-1428
-6198
6311
-9555
2836
5703
9593
-4082
-225
2855
-4334
-9103
2649
4462
-6603
-2546
2639
1988
-2503
1707
-1461
-9683
7215
-4295
2655
-9301
3122
-5095
6539
-846
-2269
9636
139
9627
1974
-9579
1858
5966
8307
3842
9376
-3555
6917
5890
-9246
-952
-1280
8811
-5957
-4954
-3713
-8588
1727
9538
-790
-9060
2333
536
-8836
8312
-2835
-4936
4072
-9293
-119
-6266
1734
864
3659
-8495
8682
-2669
-6077
1975
4221
-2577
12
-3616
7525
5179
5679
-3631
9349
3981
5947
9360
-3630
274
8310
1440
6068
-2953
4463
5146
-1305
4484
-3286
6723
7362
704
727
-6372
-5277
2840
1942
-4838
-5525
20
939
-8614
-8927
6658
-4724
8135
-9203
2064
1543
1281
7867
6156
-3589
2621
1799
-4787
4417
-6447
-4577
5599
-706
791
8064
-8572
1673
2719
-4132
-9344
-6374
-7006
2224
7929
-5958
2426
-2537
3558
-7338
-4088
-5564
2966
-8491
-4006
-141
8890
-670
-5856
-4248
-5669
7188
-626
7153
321
-1212
-3985
-7861
-395
3019
3532
4096
1280
3277
1801
-9224
9457
4743
5671
2358
6121
4140
-7840
-8150
-4984
-2096
-3805
-1366
-2246
4154
2036
-9495
-7729
-6289
7897
-2040
5343
1296
-8144
8855
-8476
471
9176
-414
-8284
-3810
4713
-6652
3474
8195
-2276
5676
-3078
-4651
-8901
-5155
-3846
1907
-1672
4715
-6615
-1255
3358
2158
-2973
1759
7341
-3904
-5392
383
2187
-5961
1700
-7093
-5185
-8254
-6509
3611
5922
6470
-9658
-6972
9464
-1024
-2696
-5384
-5038
571
4579
-2204
1932
-3308
5095
-820
-6891
4196
-1950
-5382
-5697
-3375
-2023
8081
5682
-6568
9028
7247
299
-9335
-951
1394
5962
-6625
8020
1006
6337
-9010
8121
-5682
8477
-8329
-9943
9236
-8884
-2689
-5646
-3184
4438
-380
3325
6061
-1809
9254
-7105
2642
7181
7338
-5020
4831
-9628
3236
9545
577
4242
4627
-7821
9567
3635
-2967
-9393
-4833
7760
-3089
-7856
-9525
-7544
-5986
-8882
7185
639
-311
-2316
-8735
-9435
1596
-9819
-4377
7887
913
-3337
-7761
2174
2452
2226
6696
-7420
-693
93
7892
6055
-8888
-7732
466
-5305
4716
-8899
8243
-4010
-9119
5778
6172
-4418
1634
-3005
8100
8049
6079
9290
-3882
-687
1082
7942
-7817
10000
7359
-6725
-7070
-7520
4853
7415
-8033
5639
7636
3286
-7264
-5260
-9524
-9711
8599
6231
1820
973
-668
-2945
4642
5849
-1233
-7091
-7126
-2245
-4565
-8956
6304
-2012
9715
289
-8933
-2714
5524
9604
1225
-1613
1262
-6805
-6933
3912
-1591
7436
3048
1719
2214
-1357
-7848
-6318
-9074
6477
8668
-657
8014
-6800
5803
-4950
4627
6437
6420
1503
8862
-5480
2208
-3396
-8533
7333
7960
-5254
2615
9701
2258
942
1486
-842
-7081
2056
-8275
6492
2220
1630
3258
7005
5644
-8589
-9334
4665
2343
-4413
-8250
-9925
6199
-6377
3984
756
-3523
5677
-9133
-3541
-8422
3814
-7256
-8891
-2555
-716
-900
-5669
-1142
-4306
1634
-3513
8324
5266
-6457
-5829
2415
-9373
3624
-9310
-8087
2230
-7362
-4928
-2747
4011
4822
-4654
887
1925
6719
-4557
9009
-5788
7437
-5755
-7651
2313
4912
4867
-1817
1278
-9687
1992
-1466
-5516
6641
5949
-9418
-8333
-7947
-9322
-4168
3126
9618
8929
-7249
4139
4422
-8846
7017
6063
-3557
-8718
-4772
-8425
-1182
4594
9138
-1476
-7402
8092
3683
5667
6958
1167
1998
-2840
-3438
7338
8343
7726
9492
688
1056
-7079
19
-730
372
-5207
-6665
5168
4808
4495
-5454
-4511
-869
-5436
-2417
3857
-8219
-3422
6529
958
-6728
-2034
4196
-5314
8123
7105
8653
6559
6183
-8465
-9361
-6595
-4240
6309
-9492
-5068
8613
-1681
8814
-1018
-737
-3418
-3272
-6499
-1931
7302
-9954
5755
4529
-8930
-7874
1206
1512
-1537
-9664
3370
-7278
8087
-8679
2807
-4400
7553
-7814
9391
-7078
8354
928
-5666
9358
6853
-3992
9884
2599
4387
6844
-5731
4075
-1043
-8163
-9630
-2612
9220
-234
846
-1555
1237
-9725
-8864
5795
5622
-8106
179
9138
9006
7307
-5148
7903
-2995
-8392
4431
4775
4383
3359
5635
7458
8652
-2203
-8466
-1145
-4194
2134
4857
-4456
-434
-9482
-2140
788
-2188
944
6840
-8922
-750
4128
-1054
6550
4758
9270
-30
-6039
2590
-887
5811
5259
4368
7541
-8135
-8697
4381
7556
-9093
7613
1838
-2051
4169
426
-5696
9132
-2776
-7169
-4604
1817
269
-9988
-3931
-197
7025
7103
6447
9695
9395
152
9069
-1943
-4889
832
1774
-1942
-6412
3026
4762
-8085
8051
-1535
2639
6400
9530
-4130
5411
6086
-3242
9696
-3081
9427
6799
-5101
-1939
4183
5902
-8998
-7793
2026
-1639
-9345
-3740
2563
1384
-6278
-9343
4284
-164
6757
-4522
2943
9981
-7869
3973
4775
6869
-3526
4619
7546
-1377
740
8052
-8702
-1517
1803
-2188
-2992
-6982
-8935
7835
6242
3279
-8183
1981
-9692
9869
2724
1871
-3920
8058
3132
-8603
1800
9415
4797
-169
-774
-677
8055
-8493
8743
-5454
4980
-6748
8793
3712
4774
6034
-2000
-1907
6789
-3437
-1833
9538
7858
7778
-8821
-797
6746
6732
7899
3609
-7182
-5268
-2123
-9677
8779
5027
-748
5824
9678
-8961
-6288
-4026
8129
-1256
2369
4803
7513
-8780
-4422
8252
6984
-1781
-6947
-5671
-1196
9118
-4086
2770
-4055
8149
-3436
3428
-6374
-7439
1554
-1982
8626
4736
1417
-1731
-1420
4747
1645
9258
-2354
-5908
-18
23
8729
-3177
3896
-5141
7585
-4835
-374
-1427
-7539
4200
-88
-5655
-6779
-5552
8542
5117
6465
-8629
1290
-8585
3246
-3035
-1706
5597
-4101
-1026
4752
-4602
-1775
9712
6429
8932
6198
3799
727
425
-6044
2365
-4633
-2976
-3785
-9787
-1103
5530
-9767
3476
3477
-8667
3873
-8233
2766
-3072
-6803
-1537
1431
-5796
-5279
-2585
-732
6639
-1746
5924
1882
-3754
-8344
2771
3623
-5954
-2407
7840
9026
7974
-3616
-3958
-2474
-6391
-823
268
2628
-5804
5468
-8861
8927
810
-854
-395
-3845
768
4814
-9749
-2190
-8318
9139
-7647
-122
4747
983
3826
-5317
1989
-5520
-9481
3507
-523
5621
3627
-4556
-4309
1964
54
-6847
4390
-7953
-9732
209
-6511
-9825
5922
9449
6758
-7715
8793
-7869
-8101
-9998
4270
8833
6202
376
5039
-1677
-1841
-8100
-8671
8828
-27
9676
4775
1754
5274
7728
-4363
3981
-2468
437
-9376
-7573
6177
-4303
-6429
-3793
-990
-767
5780
-7900
-3505
-2822
-1417
4132
4629
4355
268
8695
1032
9373
7427
4546
2790
-7343
-3759
5285
9018
904
9822
-198
7859
2272
212
3139
-8913
5309
1903
-9673
4700
772
-2974
-7716
-2420
2075
-8813
3267
1976
-1856
-4650
935
3038
-8192
838
965
-2527
-3967
-3876
6517
-5198
6098
-734
-1593
9935
-778
-7174
7162
-3202
5282
-4855
-7462
4084
-818
8574
-4742
-6332
6180
1838
5132
-881
-5657
-9770
-8073
1690
6661
8210
-5809
-8174
5754
-187
672
-9175
-5623
7377
1134
-616
-1865
-829
7767
-3855
-1078
-7504
469
-6084
-9782
-3592
3599
-9272
7222
9826
6585
-9439
-1571
2489
1768
-9927
-1883
2479
7154
7191
-6863
403
3072
-9103
-7114
-4803
-8750
1751
8531
-2627
-9994
5568
1199
-4956
-447
-7919
5386
2055
-4366
-8091
3497
6607
1195
-9478
-8589
1166
5229
2830
9272
-4502
-5976
5734
8316
9368
6231
-7518
-9587
9824
7962
-7057
-5324
-8309
7512
7652
2300
-6058
4843
-3458
1938
1109
-69
7046
-6088
-4888
-7922
-1527
9817
5849
-3595
-7103
-8739
-1615
8766
9935
-6583
-2656
-530
-7098
5256
-4683
1773
6851
5831
-3779
4507
6335
3989
-2859
6201
6592
-7487
3893
7151
4984
-4249
5200
4850
3330
8658
1792
-8933
8908
-8916
4337
6851
-684
4837
-2410
9544
-451
741
4789
2408
-1821
7556
2253
-5740
3375
-8506
2319
-1826
5259
2248
8031
-5743
9973
-516
9521
3938
9264
4281
-9067
-9859
388
5587
-8670
1579
8373
-9648
2414
-2533
6156
9654
2256
9205
-4825
1697
3491
-3472
4732
-3389
8727
-8215
-9535
6194
9308
-8883
-866
-535
5374
8248
2271
-6725
-4097
7702
-9904
-2127
8576
3566
-357
9744
-1864
-3443
5557
310
910
765
517
6178
1995
5203
-191
-1244
810
-1865
9549
-6211
-3538
-1354
5629
-174
-2848
-210
-5140
-5732
-4000
8914
-3752
8360
4555
-8713
9406
4520
-8140
-5136
-7395
-4248
-2112
-1991
9954
3274
-8611
-230
-2829
-7670
7769
8391
-4594
9885
5768
-5877
434
-5573
-5754
8588
-8840
-582
-5622
-6782
6937
-9786
-2197
-229
-7717
-4814
-1763
2995
898
-5775
3313
-9457
4751
-6196
-2492
1964
3832
-9711
-1532
2828
5409
-8615
8096
-8544
7176
9970
3074
-9406
-9653
-4397
2615
6852
-8122
3266
-1378
1413
-5058
7992
-324
-7512
-406
6469
-5223
-1423
-7035
-4713
-7944
-9423
-836
9365
-6964
-4387
-9399
-2226
-9622
-7048
-6649
-8972
-8079
7242
-9957
-6083
4426
2902
-5356
-5057
-7950
-9709
-1318
-780
2335
2637
-9783
-2322
-6144
8560
-6732
-9011
7822
301
-5718
-2514
-3375
-71
8704
-2037
-1260
2669
-1444
2619
2297
-6082
-9513
5500
-6786
-1501
-4714
863
-9252
6350
734
-5746
-3286
-1870
-508
-2236
-1581
-9477
8808
-1988
-2108
-4025
-4770
9550
-5081
-3357
3548
2759
-3825
5545
5775
2823
2405
-947
-5477
-9307
5163
7232
5600
-496
-2454
-9175
-7598
-3791
-8992
3265
8200
6374
4142
2713
9511
5573
-1573
-6187
514
-8411
-5530
-662
-9912
-2355
-681
5587
6954
6005
-4808
7879
74
-5579
3059
5675
-8731
3176
-1413
-2350
1600
9589
-121
844
5508
-6761
-40
3661
-2185
-9632
-6137
-3192
-7594
7262
-1207
242
-3288
2309
-5232
1560
506
-8810
-7562
-7775
-9712
-8994
1175
-9338
1071
5167
-7260
7136
6004
-5885
4816
-8701
6542
-8567
8940
-8029
5504
-7358
3836
-4989
1145
7098
-8273
-5330
-6904
-7797
-1846
7500
-1433
6880
2674
4283
4803
9668
2133
2200
8135
-9059
8716
4889
-3868
-9067
4002
8473
-5864
-8846
663
5022
9015
-4363
-834
-409
9206
-853
-6808
6931
4000
9695
512
-4153
-4556
-7266
-2499
-9912
7456
948
1662
-2214
-502
-5192
-554
-7166
2038
-2410
-7252
7944
-5878
7297
-9496
-5564
-258
7405
6712
2980
589
7489
-4662
8531
-227
-1729
-6309
6425
1316
-1562
1322
9569
-4574
5267
-5641
-1814
2990
1743
3348
8702
3365
-1153
-5599
881
-7473
9535
-5095
-778
-6654
3421
5927
121
-1425
4374
-1178
-5275
-3302
2272
-3343
-398
784
-9891
1912
-3118
-8785
-5148
3353
908
-4868
5852
9502
-1818
-7435
-5675
-7993
5370
-8017
8775
8709
-757
9130
7716
2053
-7093
8059
-4690
-4268
-4316
-7605
-1523
-8923
3691
-9880
2675
7332
44
-8441
-72
-2229
-2795
-4586
-4111
-2200
-2807
-548
7090
-3068
-5791
-8374
-6793
7328
-4080
-9956
-8976
-6000
9279
-5144
-4802
-2615
-7877
-6108
-4863
9098
-196
7286
7281
-2046
-3077
801
4969
-9579
1089
8540
-6235
-6619
-5725
2813
-5038
-6742
-2823
-3646
-8808
6298
8979
807
4489
-4291
274
2615
-7538
-9328
-5373
32
-2235
2822
9627
4049
-8113
1614
2020
9646
-7109
9649
-1597
-2743
1992
-7330
4068
8843
8899
705
4562
1643
-6451
-3313
-4934
6978
-6285
-4877
-1260
-1793
-8957
-8058
9669
-4495
7338
2311
-627
-1350
5210
-7823
-8263
2847
5999
-64
9490
4853
-6324
8617
3549
-9990
4390
953
5240
4224
-4637
1995
3002
-7022
5276
-5367
2305
-4035
-2530
3951
-6273
-4155
5498
-3288
968
-357
1764
9235
1372
-5220
-4324
-52
7819
-3271
8494
-2770
-4139
8425
532
9006
-8047
7392
1609
-4821
-5935
-6613
7528
6296
3547
-3231
-2347
-2171
-194
6233
-1621
-7339
-9540
1390
312
-9105
-7091
1957
-4081
-4877
1184
-4606
-9332
-9055
-7333
7155
-5591
-298
-2143
-3923
-2203
-1330
5868
5949
-6500
7466
-9940
8886
-9768
2337
-7126
8691
-9739
-7225
-8693
860
2995
-6134
6871
-8151
-6979
-116
-2523
-9872
-9173
4327
6411
3962
8415
4376
3375
-1551
-8042
2844
-6043
-5875
4473
-4934
7204
-2957
-436
-9765
4585
-4273
-5364
-5478
-9145
5992
-1928
4460
2236
-4179
-9769
8681
1132
133
7289
2736
-4535
-5771
5585
-5343
3274
4768
8941
-702
-1349
9756
3870
5048
-8571
-9024
-2
-9867
-5893
8971
-5001
4325
6796
-8004
6954
2730
9723
-5045
1831
-8304
-1397
5904
-1247
-6735
767
-6212
2928
4820
-6790
4226
7534
-7503
8810
-2721
-9929
-607
6899
-6420
-187
-7084
-3576
2083
-1034
7812
-3679
8116
1362
5150
4389
600
-8109
-8017
-7193
8472
6804
-7649
3923
-6291
-7049
8430
-1229
-1947
5469
-4094
-6742
9404
-3624
-135
3190
7324
9825
5783
-650
-8718
-351
278
5714
2210
3005
-5193
-5808
-4295
-8198
2305
2098
-137
-6071
5970
9575
8650
-15
3252
3368
1829
5075
4888
-1240
4138
1866
-8715
2036
-8040
3241
-9555
-6291
-8784
-6323
1084
-701
4417
-4674
-8388
-291
6887
-5270
8775
5945
-6035
9934
-235
-8893
-8574
-7801
1340
2482
-24
8517
-5637
7246
-1706
-9960
-293
-8421
-8862
-9722
-9124
4695
3290
-1736
-2156
3427
-8669
-2526
149
-3520
-4705
-5775
4938
-7496
-633
988
8950
2109
-2691
-4118
5176
-649
-6637
1002
5552
-9283
346
5669
7628
-938
-2295
-2877
-5315
-5014
-8285
-9279
4531
2394
4218
-4971
6943
-5015
-4913
-7713
-835
-8835
-3416
-7664
4340
3238
-6449
-7207
4653
8801
3873
5668
-8163
-4334
-7718
7550
1612
3329
2013
4070
-657
-8677
-8723
2183
4242
2169
6137
-3149
7868
-1093
474
-5274
1526
787
-6591
-6472
-3289
6175
-9586
-7030
445
1627
3275
9601
-8778
-513
286
4917
-9252
-7124
-1262
5554
-6341
428
9598
-3971
4627
-9010
1763
-3651
1278
7253
4365
-311
-674
1710
1287
-6376
-6199
-9569
-3247
-420
243
-8905
6908
-4020
-7739
-6938
-9085
-5711
1892
2975
-5590
-801
3264
67
-7368
991
-3154
1717
8729
3793
6968
-3233
-7791
7586
-1119
-9691
6614
822
-7927
3080
-9935
-1981
-1459
8613
-7735
-559
9784
-6934
2525
3663
6027
6784
4082
5493
5995
-7992
-374
1283
1056
-6738
-9894
-5913
-8124
-4033
7661
5383
-8331
-821
-7439
-1809
-2162
7796
-2713
-1709
6766
-212
939
-338
-6090
-7150
-9846
7938
6152
266
7167
981
1093
-1357
7041
310
-7466
-8467
5259
4027
-4555
-824
-5539
-3366
3262
8756
5621
8180
4849
6704
8764
-5638
-8047
-7991
-9477
-695
-3717
-583
7154
-1420
-4209
-7369
6831
-1412
3858
-6606
-9848
-3101
3703
2773
95
3785
1192
-2399
-5833
-8824
1551
5908
6585
5281
-5876
4498
-8332
87
9338
-9667
-8095
1956
9576
6921
-4944
-1677
-2579
5869
1701
-8907
3307
-4232
402
2354
-8932
6234
7837
7291
-7072
1214
7168
-2776
-814
-9990
-1341
4840
2455
-9401
1148
8432
-9217
3462
-4460
-7286
5216
3068
-4361
-331
4045
-6253
-417
-1882
-9329
5981
-9668
1378
2964
417
-2111
-4229
-6338
-8703
-4813
-8933
6430
3773
-7105
-7873
8025
-7052
1275
5699
311
-4733
-305
7520
-9041
-757
-1305
-9132
-8754
-7388
-1161
6536
982
8412
-47
-2739
-6288
1382
-5731
-6635
719
-6701
-7536
-7536
661
-2261
4522
453
-8457
7976
8400
963
-4026
8094
5696
-9219
4083
1171
2090
2988
-4716
7370
-504
2277
7230
8702
-4612
6858
7323
-1150
-5082
4362
-2115
4473
-2815
1549
-8225
-7628
3247
-8442
1064
-9650
-9698
1368
-9037
5766
-338
1165
-9961
-3059
2884
-8970
-5675
5834
-7444
-8854
-984
9874
4396
1798
-9521
-3332
-5751
-2778
8424
-181
-5858
9882
5561
-7691
-8054
-1200
6594
-4453
546
9585
-7528
-7521
-8636
9959
9181
-3560
-9367
-4374
8170
89
2548
6058
-1999
-6536
-9627
-482
5545
-9535
-7317
-7988
-3728
6268
6727
-9553
-2650
5160
-2103
8309
8468
-1837
-4541
4554
5573
12
-5962
-8695
8361
-1041
7662
-3241
-6549
7913
-1646
9433
2231
6184
9016
-7173
9600
-8959
-8776
8998
3643
9086
-5287
-7547
-309
-8258
-6243
5181
4666
-7379
9076
2815
-7292
-573
8791
6807
637
-5506
5539
4545
-3421
6517
-1553
-707
608
5725
-595
854
-8763
-2634
-6903
-2032
-6042
-9585
4394
2957
2970
9321
9895
-5700
-28
739
-2080
-232
-5774
-2554
1891
8758
-9250
22
9902
-4456
-2966
3606
-9996
-2247
-9999
-6710
7184
-6051
-4772
-4077
-9451
9724
-6687
974
-8397
-4632
-6924
902
4346
-6403
-9817
5815
-7780
-3490
1609
2409
5267
-8687
4046
2406
-542
2250
4782
-9495
-5972
-1823
-6782
-4761
-4018
-6945
-8185
-1429
824
-3903
-1355
-298
8904
5778
-775
55
2319
6903
1915
-8972
-6723
1046
-123
3483
7908
991
-2782
-1821
6984
4925
-8212
-4732
-3893
2878
-1301
9449
-4926
9801
-327
-852
-6055
-185
4300
-6216
-9922
7502
9350
-5992
-4760
6336
2261
4836
-4504
8883
7927
-6021
1190
-5038
-3834
4495
9061
6309
-872
4684
-2975
4434
-5405
239
-4336
1684
-1837
3829
-5156
1071
-3538
-5920
-7112
-4420
-2680
-6972
5599
-1213
-9503
6373
-1601
7708
-5432
-9684
-1181
-9743
-8257
3411
31
6432
-4114
-6476
-7500
-4109
-1375
6412
9451
9683
5290
-363
7223
-3598
2770
4417
-5731
9324
-1234
-89
-7176
6084
-5868
6588
6697
-9966
-9310
-2392
-6070
-1169
9421
4251
-8875
-9353
-7408
-7213
-6779
-2
9380
-151
-8953
-9034
6621
9981
8239
-7381
-1889
5485
-1180
-3272
-1464
3639
3397
3806
7403
-1877
7871
-4073
4803
-7341
3684
7746
-4646
685
-5474
141
442
566
2608
-5222
-9375
-3106
3323
9777
-6606
-6981
-4548
804
6024
-3870
5827
6092
-2883
7424
-5219
-9968
5953
5253
-5999
4220
7026
-8252
6169
-9858
-5967
3317
-4341
-8332
-3805
2401
263
-1684
-9196
9385
-4611
-4348
880
-4809
-129
-3657
-8516
9999
6954
9277
-1832
-8213
-1773
8833
-9783
-4119
-9379
-6807
-7669
1523
-6766
2750
6529
-6287
-3730
6215
92
5096
-7797
-4126
-8743
3356
4216
166
-1925
9314
6517
2534
5735
1364
896
1615
-6172
-3256
6114
-2481
6893
-7088
-567
4499
-9092
1895
-5048
-8797
6655
8175
1396
1236
-4375
-4556
-5134
2044
980
-5513
-1804
-7886
-4289
-1575
942
-3241
-3915
8606
-6041
-8650
-1799
-1598
-5331
-4305
-5887
6965
5136
-8673
-7675
4860
3587
5746
410
-637
-7109
-1839
2126
-7897
-7587
-9963
5714
6349
-3998
-7413
-5793
7835
9347
9093
2343
-1002
799
-9580
-6784
552
-4298
1469
-6840
3771
-3818
3122
6405
-4744
-528
6487
1976
-1335
-8530
1008
-6871
521
4283
-9819
-2131
-1790
943
3306
-5690
-977
-1910
1970
-9315
-2168
-98
-4179
9633
-8626
-4018
-9948
4093
-3462
-9958
8824
2622
-4720
-5039
7262
-897
8310
879
4025
2149
-308
-1037
-9665
585
2895
-7348
8639
1854
-280
9139
6925
6454
-7890
-2298
-5795
-2289
-2058
-9643
6902
-6294
6700
-4884
4617
2986
-1746
2100
226
2997
-1119
-1894
-3162
2724
9096
883
-7255
-1684
5381
-8946
-385
-1407
3970
-7630
4988
606
1871
-146
-9207
1322
-2808
277
3748
2202
6633
830
-8491
1585
-5972
-7661
-6477
-7286
-4650
1156
2161
472
-1773
8009
3411
-1952
250
-6688
43
-8585
5873
6087
3581
-6203
3178
-6458
-6714
-3023
2756
1999
1621
-5972
541
2187
5598
500
-1774
-8700
-7198
-3175
4627
-6452
-5409
-3839
-5206
8032
-4631
-9618
-1899
-9926
-5458
-3175
-609
2483
6060
-7553
1227
8500
-4210
8139
4567
361
9876
4697
-5101
-2042
-9742
-678
-9050
-9190
-2205
-4493
-4790
-1132
-5330
-8984
-6893
1857
3352
4392
7852
6365
6939
-441
-3935
3611
-6213
6528
-6621
-4401
3861
4126
-5361
3431
-6167
-4311
-5645
-1223
5322
2899
6145
586
-4201
769
-5940
-327
5787
-2661
-7275
1276
-7545
1396
6506
3649
-8680
-5492
-4896
-7508
-7333
9808
-982
955
5583
367
-8928
1064
-9703
-188
8548
2653
4588
3807
2171
7600
6621
-7112
5538
5451
9242
3636
-4682
2367
6187
-1628
8829
3441
3343
3520
9661
6465
4261
907
4565
656
5580
1803
6206
5460
-1425
3161
4605
-7393
-3774
-969
-431
-707
-4358
-4514
-909
-5005
-2128
-7623
4536
-9862
6816
3956
2551
-9982
7871
1694
-1897
9147
-8494
6108
4769
6164
-1628
3346
-9488
9518
8841
-9767
-7899
-7086
9085
-624
6120
1601
9394
5469
-50
-7475
-6421
-8747
8476
-7529
-1175
8475
3398
191
2526
-4570
-5754
-6622
-2512
-862
6426
8717
-4598
7026
2349
-2290
7963
6475
1642
8772
-6166
-6816
1276
-855
-1786
-8408
-6150
-6533
-8943
-991
-4805
-3742
6266
-4100
1204
1938
8635
-8555
-5725
-6048
-2399
7906
7339
3454
7741
2633
-4154
-1607
-5409
-8574
-1268
-5770
3738
-5982
-4185
7504
-4870
-289
5473
1407
7259
-4843
-287
670
7688
7316
9736
-9245
-4628
3918
-6893
-9616
8262
-4257
9822
3718
3923
-5356
-1645
-5357
-6128
-6717
-1732
-4763
-6747
201
9861
2767
-6081
-9164
7257
1607
-3069
-5083
1991
-6949
8156
-6838
4577
6994
-141
-6898
6392
1020
5942
6691
8019
2151
3190
-154
1989
-8689
-5573
4346
8316
-1739
-7392
3775
2666
9839
-3856
8366
4357
3627
-8860
-4177
-2037
2966
9781
-670
6711
-9543
-4063
5156
-3089
-8690
-9184
-7000
-7533
8606
-2631
-4824
4711
-6172
-2580
-9528
9812
8894
-5448
-2589
9412
6674
-9524
-1867
-4543
8289
-8184
7996
-5782
-8150
8180
8134
3876
1824
-6280
1940
-2829
5842
375
335
2531
3287
-1128
-6284
5861
2468
9007
7840
3233
1578
722
-544
-88
-4693
-2865
2484
-2554
4082
-394
4737
3100
9433
-2838
-9582
-6020
4306
-6540
9884
4631
-8081
-5675
-1970
3892
5784
5231
7868
3647
6181
-4953
-5947
-5029
-8087
9607
-9077
4004
3148
8822
-1194
1682
-5120
7464
3443
-9325
9555
-2624
4116
-8971
6898
-7229
-8292
5755
-6268
3958
-6674
2768
-7032
5721
4413
-2339
9530
9808
-927
-9675
-7094
815
4832
-8453
-7884
-462
4802
-843
7747
-7970
1859
-1648
-7122
-4665
-3675
-7086
-202
-2771
2217
-5138
2051
1759
631
-8887
7630
2828
-4371
3091
3334
1365
1284
-529
6199
1499
-4576
9560
7947
-1382
6242
6682
-1143
-2971
-6714
-862
4573
9881
8234
9788
-4119
6087
-7211
-4931
3978
-6937
6875
1030
8123
7656
-4360
-6207
5460
-7717
9070
4519
-464
7432
1743
3981
6261
2845
-5065
-4377
-3246
-2614
-5179
-5899
6680
8895
-4100
-7792
618
8468
-6774
-5453
4240
-5028
3867
-4994
-8518
2581
8391
2191
4590
971
5039
-2471
4565
6608
4680
-6082
-2212
-1221
-4722
7018
6695
-6957
-4165
5133
6139
6888
5822
1824
-7222
-337
3572
-9307
1357
-1298
3678
5136
3895
5745
-260
5635
-6438
3357
1678
-1952
-2602
-1076
-1689
3051
8842
345
-2293
-9839
-3135
4347
4523
-9649
-8716
-335
4338
4853
-5878
-7837
7937
3798
7629
6792
-9941
1615
-2302
-9331
-6671
9772
4919
-2199
-3036
4768
9408
-9142
-1714
-1230
818
-260
-8426
-1667
6487
8617
1838
5151
9219
1693
-4939
5265
6213
7238
-839
5976
3695
8369
-9977
7465
1975
-7190
-9335
-5725
8743
6244
-5914
8149
-4327
8422
-7066
-6792
-6017
7570
-5374
-7755
4495
4317
-5717
-813
-5451
-8643
-1344
-4126
7246
-7131
-6617
7904
113
-1505
-5280
-8576
721
-9124
-2317
2047
9682
-4472
-2162
-6241
7072
-5812
3117
-4422
5126
-4990
5163
8700
-8815
9495
-4429
6831
4050
5535
-692
6832
3375
-5568
-5708
7511
-5634
-5058
-2427
-8203
-5152
400
8530
-3361
6588
-9937
-1370
3046
-3135
-6642
2395
-5026
-7365
6299
8448
-7637
7206
-4602
5625
8689
4367
-9276
-7079
1868
-9182
1519
9709
-2112
-884
-6185
-2274
9336
1577
1748
-3134
2155
2598
190
-5789
4407
6103
2608
9255
-5392
78
3428
-6509
-6679
7128
-5716
881
3775
8847
-1121
-291
-6874
-4772
-8788
-9952
7477
1194
9215
7428
-9711
6007
8971
4575
-2640
-3118
735
-3824
-2729
1353
3242
-2828
8301
-1217
-4872
-2864
9395
5906
1456
1627
4115
-9019
3328
8947
734
8270
-4614
8194
2623
5152
-3088
9176
-7473
-1354
9846
-4745
-8840
-3669
-1714
-3160
-9110
9886
-8326
2438
637
-7332
8280
-2493
-7686
-6669
7317
5344
-6357
-2807
-4542
9028
2111
6487
9350
4185
-4720
-2618
5704
8817
5399
2526
-1488
126
27
-7380
1087
-4977
9466
-5856
-9106
-8903
9868
-729
-3550
5742
8734
8376
-4375
-2102
7333
9935
-9696
9394
-2929
9418
-2050
5855
-7653
5368
-8911
-8483
6269
6744
8923
1874
-8277
8304
4628
-951
-739
-8933
-5451
9244
-9925
9177
-8092
-6747
-135
-1493
-3731
3628
2738
-6156
5934
7852
7487
8784
-4382
2188
-2751
198
7258
-9907
-8485
6608
5147
-6327
-7003
-3383
3396
1171
4861
-7503
5935
2638
4454
-3378
-6833
3500
6449
-7308
4468
3112
-9762
-3222
-3384
8971
-4849
9824
379
607
692
-8017
658
2889
-7765
-184
-1859
-3068
-2363
-7982
-4481
2241
-2728
8621
6208
1059
-3157
-3345
-3130
-7296
-8568
-6125
-6557
-5234
-8595
-5253
7181
7726
-823
-3094
-5149
9123
340
6405
-8302
-5511
-1098
-384
-6412
-3489
350
-3231
-610
-5388
-9451
-2238
6688
-6358
-2399
2603
9046
-3478
-3106
-1435
-6735
832
-5828
-4549
9709
-4576
5837
3746
-1659
9616
-1670
8221
-6035
1096
-621
-710
8643
-9899
-2980
-4711
9798
5240
-3807
-4637
-1887
-138
-3944
4459
7599
-8418
-7900
-5805
-630
-5605
-9335
-2458
8678
-4919
-7785
4869
4856
4596
-3062
-2258
5987
9176
4318
-6755
-6793
-3923
2453
-6166
-2807
2930
-2718
5960
-1076
4343
-953
7674
2317
4279
-8356
5973
9756
-9938
6426
-4147
2641
-659
176
2426
638
-626
6764
-3097
-2206
-5351
-4601
-4560
-967
6327
-820
-952
9712
5840
4110
5393
5362
4247
-5421
-7863
4157
-1418
2656
-4883
-651
8172
1800
5746
-7378
-2130
7605
-1981
1645
-2794
2816
-9274
1816
3546
-8937
6063
5722
7389
-6844
-6725
2169
8377
-3786
-8690
552
-5087
4426
8009
1596
-4447
-9811
-9052
4460
-2406
8264
-2123
3090
-817
-9274
6730
1272
-5254
-6463
-5100
-2515
-8361
5369
7984
-3973
-1305
5250
646
-2007
-9514
2140
-9186
8437
-677
7678
5248
-5874
4271
3249
-8472
-6936
-2054
8344
6607
5100
5573
6430
904
-4324
5452
-9368
-9245
-8294
-2149
-1008
-7173
193
4606
-4604
6498
8084
954
-9608
-3770
-7317
-454
-2517
-7304
-3466
-6077
-7380
-9840
3566
-557
4341
-2165
7538
-9832
-9399
-8111
-3445
-2057
-8476
-328
-4733
-9253
-2417
-94
-5029
-8019
8995
9995
2661
1976
-4897
9050
-1681
-6100
2822
-4355
2887
-6275
-9505
-2984
3061
3980
-3948
8904
775
-4755
1117
-7069
-3891
-6517
4133
7181
-4802
6717
9858
-9864
-3230
9242
-4602
4156
-2666
8127
4450
1899
8632
2754
-5805
7459
-8653
4286
-7586
-4000
1636
6959
1276
-2036
5468
4553
7371
-6209
3695
-3722
-7420
7647
-2174
-685
2058
-858
4128
-943
3285
-4689
5381
-9250
-8356
3261
-8424
-7692
3051
-5196
-8046
-9299
1491
-3785
3730
-6024
-2175
-4203
-3707
-1490
4516
-2558
2507
6433
3094
-5499
1808
-1844
-8765
-5875
795
3999
-3290
-922
-422
-9497
8445
-9477
9752
6979
-6288
3049
2952
1830
-3625
7150
-9772
53
-4209
2394
-8642
-957
-5485
-3186
-9176
4735
-3981
872
8337
5374
-8442
-2679
-3718
-2235
6758
-8558
-47
4935
-2203
9022
2458
-2648
8158
-9049
2387
-3471
-5894
5967
-5641
690
4630
2887
-4103
-7658
-7102
9172
-2698
8170
-9091
8233
8390
-6425
8003
6152
-8903
-1893
-5468
-5973
9230
8887
8639
7836
-4741
-4873
6932
-5794
-4860
1834
-4620
-4682
6989
9459
8547
-7016
7617
9963
671
301
665
-3788
-6288
-6276
-3004
-2249
-9687
7323
-7613
8719
-6715
3274
1935
1464
7374
-8042
8233
619
-8012
-6463
9741
7354
-1083
8752
1083
4922
-9180
-4319
7685
-8668
7572
6525
-1410
4294
-2771
-9919
-7230
-6069
-9871
3676
5590
9650
-6730
-7621
7426
287
-9293
5393
8767
8863
4171
-1372
8193
4627
6648
-9917
-7851
6405
9414
-6490
-2369
-2845
-1688
-6704
1919
307
995
-3904
-7886
3407
-5487
-2348
-6481
-8312
237
6203
-5996
9791
6752
-8770
9404
6792
7731
-3274
-706
-3074
-2663
8690
4435
1388
-3169
1467
-558
-7187
-52
-2351
4679
-6380
4713
-2802
-4518
-1394
3740
9218
-4050
-4487
9196
4031
-6678
6740
-5859
8776
-7403
-232
5593
-3429
-3780
-7826
-7605
9690
-6988
4783
-9489
240
-8982
-3411
-4873
-2860
4009
-628
7823
4822
-3672
-1246
7416
-1087
4405
-2264
-7617
5784
8628
7292
-503
-1491
-7461
4418
-9517
-8698
5975
5247
6176
-5233
-5716
151
-5929
-3662
1931
3201
-3050
-7814
-814
-7539
-3252
3055
-6036
-3889
-3450
2468
2395
-4436
-3216
5464
2319
5959
-1156
-4235
-2686
-1988
-5273
-8943
1816
6098
-5859
-8703
6862
6322
2240
2075
-883
8017
-3658
-4578
-5854
-9831
-947
8387
-4260
-1128
5977
-7855
-7097
-238
8567
4128
-7331
-4588
-1062
-5071
-3155
6010
-2385
-8975
7878
5073
7785
1299
6884
-2157
7922
936
7182
9596
-6092
1398
8246
2943
8275
-4392
9213
-699
8679
4675
-613
-8024
-5981
-3105
-9567
4123
-439
-2314
3610
1330
-2637
8464
5280
-6864
2088
4530
7413
8195
2809
-4237
851
-818
-5897
4294
-6059
-1262
-9602
9306
-2438
5979
-315
-2055
9546
255
2285
1016
3613
-7412
-1906
-4774
-8772
2673
5203
-2046
7163
-9697
3054
-3184
6671
414
-6496
-598
1140
-5667
801
-1070
-9104
-9618
-4398
-7534
-8638
-8266
-2455
-7069
-7254
-913
-1683
5799
-392
9246
-9165
1521
-471
3105
-6596
7715
-4444
-8456
1114
-4637
-4975
-6223
-2558
-3992
3256
532
-9336
-2928
7875
-6667
-6741
7400
-7312
6695
82
6984
-3705
-8314
4428
3783
-725
6043
6686
-392
-1219
-8077
7685
2368
9685
3017
1099
-9955
3958
7432
5479
2940
-6554
-625
7933
8835
-8853
8154
6760
-589
-3585
-8542
835
-1118
-7286
5738
8794
5198
2097
-4745
5705
-2949
9249
165
7800
-7583
2497
-3236
-9852
5739
-2556
8668
7000
-459
-1367
5562
-3464
6207
-1408
7356
617
-1718
-4424
6797
-7179
9244
6812
-229
-1779
7540
1025
2649
-1864
3233
322
7019
-5849
-4409
-5602
-5677
5541
-2057
-7987
-1403
-9127
-1461
-5316
-6603
-4399
998
-7600
6194
9800
-5978
7140
-9680
-8819
9019
884
-5823
8862
1250
382
-7971
-131
4969
-6034
-9473
-8245
-3089
9915
6291
2294
-3050
-3174
-4932
-6645
-7032
1962
5109
-5655
-3240
-3165
-8715
-206
4151
-8821
3951
9097
9863
-4386
-4836
-8248
-41
1324
-8564
-2945
-4098
-5611
1341
-2983
-37
862
-9690
-5972
-4698
-6463
-7273
-279
2295
-5128
-9616
-1480
3596
-4028
1140
8791
6307
-3275
7543
-7686
9598
4144
-4607
-4992
986
-7345
-8115
946
732
3920
-1491
1174
-9641
3213
3114
901
-6592
-4464
-4665
1485
-8656
-6099
-6095
6068
-8888
-5990
-1814
5804
867
1853
3845
-6689
3846
-6563
-409
-7769
7925
6133
-8131
-1147
4076
8254
-7387
9839
4881
-344
6574
-1089
-4446
-7920
6611
6192
6985
5109
-7799
-9264
-3892
6229
-5592
2743
3774
-7836
1163
-8551
7910
5340
3686
1445
-4257
706
-6862
917
6657
-7588
2146
183
1684
-7519
6475
-2342
3502
8586
-8423
-1093
-1269
-8906
2077
-3729
-2758
8314
-2836
9513
-2011
5060
9589
6017
5667
-8273
-4104
8252
-9553
5014
3604
-5651
6268
-2204
6581
3555
-6526
-3319
-4032
-8749
6067
9678
6185
9978
4929
8393
-173
2669
291
127
-5194
-8196
-6201
-105
7919
3958
-8944
2076
-5781
-6524
-4904
-9392
6562
7406
-1415
-6424
-5228
1916
9533
3473
-5276
491
-8321
-6964
-7257
9316
6700
1001
3784
9144
4072
-1228
-691
-6142
8708
-9207
-2774
-2395
-7260
3286
-2180
-5317
-2190
-6833
1974
-2406
-9321
8795
-2328
261
-7793
-417
963
434
-2795
-928
1118
-411
9569
4586
-4525
-8060
4920
-2807
-1395
-6379
-739
-246
-3246
27
-3579
1145
984
3584
-5544
313
-8294
-5119
4325
2007
4622
-2485
129
1352
6005
-9919
4795
2498
-3848
1119
-4901
-1004
4148
7618
-6318
-8329
-2131
-4214
8788
8225
-5687
888
5703
-7277
5772
3013
-5200
-2423
984
-2583
6978
1289
3505
-6826
7255
6216
4758
7737
-573
221
-3227
7015
5336
-1090
9495
6126
2417
8519
-7481
-756
4592
-3886
-5292
1183
6423
-6700
3677
8568
-1715
5450
2265
-6694
-3761
1902
8368
-4694
-5764
7617
4271
-1410
227
-7660
558
1138
5696
8524
-4509
-8770
-4300
-5199
3939
4740
-3041
44
4166
-1376
-3861
-3428
7537
-4145
4389
-3126
-637
-7479
1001
-2191
7906
-7609
-3736
-215
6256
5900
197
4249
1938
-7906
-8192
-1742
-7342
-1961
-9517
856
-5064
5405
-6748
3626
8206
-5285
-4397
9841
-7143
-444
-8695
-3394
-275
3428
-283
9029
5577
-4358
-1769
6138
7215
-4948
1827
-4049
340
2048
7939
-8600
32
-3531
-5999
-4800
-5315
-7914
1279
8792
-9935
-8071
7888
-5367
-1045
8337
-6918
4899
7767
-5026
-8653
-2095
-6678
-852
4770
-3574
7936
2174
552
-4646
6655
2505
-9960
-4782
715
-1295
1151
5518
4128
4189
-7047
6064
-2911
9713
-9026
7403
7793
8631
-5841
6879
1157
7702
5785
-360
-7501
4351
-3033
9270
8756
-6742
-1973
7873
5448
252
5720
3382
116
1503
-3837
666
4280
1931
8935
-5068
-4012
-451
-1171
7909
213
6670
7020
-8802
-24
-6676
4741
8509
8484
6605
-5099
5243
5451
162
6581
-4064
-8667
-2969
6705
9693
-6633
4021
3851
-6125
9567
2717
4194
-2344
-3436
2004
-3297
-3634
5491
579
-4992
-1510
2824
8944
-9643
-407
1845
-6052
4387
-7155
4834
-6544
-6808
-5211
-8656
6384
8117
-4254
-2946
-4273
-9414
4486
6878
3338
4418
-5285
8163
-3384
7864
4180
-2474
-9309
7768
1536
-614
-1814
-3726
-2979
1191
5519
9782
-294
-9561
2544
-9480
-5213
-6460
-6304
3090
3137
-3926
484
-1670
-7390
-8678
4928
4460
2244
-3785
5716
-4615
2472
8085
2001
-171
8435
9843
2386
6850
-9364
6405
-5382
6341
-8484
9386
8142
3634
-5219
5789
29
-3229
686
6435
8235
2282
8397
-6025
-7822
6362
-6420
-2787
-8539
1622
7642
5903
-6864
8946
-6567
4651
8537
7204
-6659
9977
-4271
1561
-1981
-6148
4886
7695
760
-2592
-538
-1255
5498
8110
-6664
-9803
-4449
-3494
-6747
-2258
2529
-1650
-3493
-4638
-4168
6022
7102
-1535
3333
-7178
6185
4933
5292
-2945
-8812
1901
9823
9459
1895
-6605
2458
3493
-6219
-1009
1559
-2857
6329
-7249
6266
-8068
8983
2772
9791
7640
4292
-419
8479
-5156
3617
859
-6157
5408
-1141
-8690
-181
9105
6154
-4964
-4791
6141
4503
8702
-2737
-3675
-321
-1922
5881
-1572
8650
-6400
-9472
4176
-5998
-3346
-5670
-2440
678
-1912
-5336
6192
5372
8188
6738
-2278
3117
-8736
5755
2642
-1312
282
6727
-1417
-7862
1470
-7005
-9935
2619
-4101
-2179
-8340
-4703
9399
7299
3818
8232
7834
-3895
6562
-7534
-8180
-8364
9665
9338
-8694
5309
-3049
608
9709
5062
-583
-9934
-1492
-6568
2228
-2808
4200
9498
-7576
4424
1942
6513
7047
4963
-6569
-3857
-5280
4879
-1029
-3239
8071
-9193
4235
4477
-9328
8087
-642
1195
7515
-2813
-1634
5368
6561
4040
1929
-4048
234
3773
3144
1963
-7262
-2863
8745
-8273
7582
-1975
-1477
-8925
7720
-1617
-6352
283
5654
-3384
6990
-7954
-6467
4821
-8391
519
-6682
7209
4602
-3175
-8614
2015
-6505
-7285
-3502
-3247
-6411
4554
2686
6354
4824
2929
9449
-9798
1961
5578
-733
-2696
1265
-9045
-7929
105
5900
9091
4279
-7028
-8809
-3000
-551
-9052
-6699
8899
1655
-8837
1266
-8923
8783
-4563
2305
-4210
-7606
7318
-1939
-3423
-6322
201
-1886
-7850
2133
48
-5255
9105
-5024
3006
-4832
3115
7293
-9454
-5137
96
-7946
-1678
-6627
-698
-2109
-8914
765
8496
-9136
5533
-648
-8891
-9167
-7130
-4192
-1130
5017
-7836
6140
-4686
-1254
-4344
5314
2639
9127
-7854
-7812
-7377
7860
7814
-9171
262
4604
-4860
8075
-2424
-6648
-6013
2652
-8851
-2609
-2570
2299
8835
5806
-9139
-9208
4937
4392
-4168
58
-3294
-8126
9932
440
1740
4123
3388
-409
8698
-6782
568
8821
842
2759
-9494
8703
-6203
-5387
5181
-8173
-7532
7705
-5871
-7365
1086
3103
7854
-152
7324
-5429
-5916
9100
-949
5360
4365
2231
2763
-8906
6159
5200
-7074
-9085
-7504
-4554
-8575
-1639
8334
-118
-5178
6030
6150
4618
-674
4827
8396
-4671
1582
-5375
-1973
-550
-9879
-2922
-7512
-2678
5258
7702
2889
-7213
2762
-8330
-430
-6232
795
-9285
5134
-2470
6085
-4780
-7309
-862
7513
6040
-8152
-795
-5871
-1802
-986
-170
7712
-6710
-9221
-2543
-4271
5121
-2889
-8435
8169
-9039
-4856
3604
4594
-3171
9548
-5358
-3323
879
-9600
7975
9934
-9865
-6792
-1445
1953
8169
-4624
-911
-715
-1771
1594
2671
-6741
-5964
-3504
9225
-3735
2759
-1129
-5275
8691
7687
-5932
3708
4788
-8371
-7804
-4204
9814
-5308
3221
5501
-5893
-5058
-8700
4602
1465
3064
-41
4078
3489
8922
9201
-6456
-7688
7065
-4657
818
9258
1960
-3129
1931
384
-3800
-3375
7808
218
7896
7342
-2407
-5906
-8468
7173
5256
-653
1555
-7002
-4343
-8061
-8185
-3579
-2430
-7443
-8991
539
-3048
6333
-392
-7194
-6967
-1377
-9157
-9584
4240
1992
560
7481
-3646
9099
891
-9655
-5101
5675
9089
3813
-6846
7594
-8528
-5339
8568
-7472
-2461
8142
-6657
6909
8939
1500
858
4329
6302
-5151
-7805
1758
-5326
1993
-744
-411
-6949
-147
3338
-58
9655
3025
-5262
5284
9565
7267
-7535
3958
-2590
6794
1983
-6428
-7049
-453
4012
-5561
-6786
-1715
2252
730
2382
8079
-1630
5001
-3214
-6055
-3935
-177
-2732
-4858
2641
4017
1130
4650
-8259
6711
-4195
973
1131
3465
1108
-7922
7704
6208
8745
2276
-8687
-6613
-665
1417
4641
1538
-7540
7967
2590
-1617
-9304
5544
-9157
4993
-6837
-654
6420
6241
864
-7700
-6444
1661
-4536
-5979
-6919
-5898
7460
6627
-2114
5042
-1675
-5467
-3791
5146
-7614
-7444
-4178
-9734
4228
2888
-8903
-9763
4199
7232
-9825
9047
6772
2017
9896
-6230
-3972
-2714
7477
1126
-5230
3318
1130
4493
3746
773
-9911
-2658
5555
-3913
5230
6281
2728
-8670
7947
-4432
-5568
-5751
-6075
-559
-8519
9437
6184
9364
3162
4501
-8429
9956
5968
-2516
6841
5718
7984
-2546
-9767
-7453
-1970
3713
4241
-6028
-9588
-3672
4467
-4306
-2957
3252
-1077
-3266
-2995
-5699
-6834
411
5966
4505
5019
7942
1306
2397
6334
-3584
9786
8860
-3513
9846
-3025
995
6294
4437
4358
-7541
7952
-2209
-5606
954
-6018
-3617
-629
841
267
8225
-4011
-2189
-1017
4298
-9780
-9050
7596
-8551
-2126
4363
-2949
9591
-1094
2529
5200
9295
-1947
-4496
-3956
8217
-7766
8822
-9784
-557
-6195
-6434
-8032
-3486
420
7342
-279
9494
-6842
8025
2473
4662
-4059
-899
-5814
-3458
-4911
593
4753
7276
86
272
9535
-1697
2593
-6313
9206
6930
4861
-7557
374
-5733
3516
5916
-5515
-2034
-4663
177
-7994
-92
-2005
-503
-7540
9091
-8966
-1183
2101
735
5518
-8186
-7104
7997
-3147
-3050
284
-1351
-862
3529
-2538
3214
-1071
-7262
-9562
-2635
-3852
-983
5435
-6920
2764
5364
1151
-5116
-2479
-150
-8122
3604
1756
9429
-7118
6203
-9713
-8443
-2581
9639
8255
-2364
3401
-8721
498
-7406
5918
5716
6767
1709
5864
-9844
1067
8607
9716
-2735
-8
-3118
-2584
-6359
1209
9937
2895
-7144
3113
2908
-3697
8020
-7477
3297
-6843
-9786
4880
-8959
-1238
-8358
9604
2202
8334
7623
9728
8241
-2735
4051
783
-243
-996
5179
9143
4951
-1323
3866
-3671
5748
3609
8276
6759
6312
4289
8169
4230
-7155
-9473
908
-3628
8858
-2490
2777
928
4723
1104
9157
4218
-9594
-7705
-5916
-3050
6527
-1808
7753
9638
4656
4176
5422
-2300
5550
2208
-1394
-2343
639
-7591
-4798
-4461
-4242
-1906
-9212
8003
3385
9480
6459
2402
5116
4007
6971
-3922
-1830
6820
-3418
8984
3973
-7995
-9476
6236
-4411
-9204
-9718
-8357
7234
8485
-3791
-8713
-2403
7050
-7771
-3104
2566
1267
-3645
7118
6997
-9061
-5721
-6956
-5583
9293
-5115
-8892
2502
-1655
-1787
-2755
-2160
-4756
85
-2605
-439
-8043
3534
-3100
-4569
-9320
-8527
4044
2020
6195
-1108
5848
-7761
4775
-6855
1050
-4168
2111
7549
9595
-2655
2562
1429
6130
