8026
0
9
5684
2473
1175
5044
9836
4226
3061
3934
6345
5926
3068
4856
1566
8507
3297
8818
5462
4767
8874
6817
7932
8510
6681
6233
6407
6734
3351
2479
4535
8394
2821
2977
8874
9775
8022
3622
8538
14
9823
4046
1817
8415
6885
6229
8186
8412
6859
314
5348
1691
4182
9692
7996
640
8889
559
3356
66
6294
8807
2991
7502
644
1468
7657
29
4287
9961
8523
9717
2413
2518
2040
8012
743
1621
5166
8770
7555
7308
8568
8174
161
5661
1571
5956
5864
1690
1838
3471
1369
2293
8981
7982
6502
5428
8916
4526
3825
966
9522
967
9774
4632
831
8365
7132
7363
5420
898
6512
3318
4927
6609
8499
8691
9423
4711
4203
8376
2358
2172
1461
5104
9255
7273
6339
845
7765
1900
7177
6025
7626
7026
9603
6093
8260
4051
5780
3852
9005
3336
3113
2944
513
7370
2737
2077
1089
1920
1366
8516
5182
7820
4944
3935
5469
5768
5842
5793
6834
1942
9417
8700
6084
6047
5974
9086
7407
1543
9888
949
8017
5912
7429
3230
5205
6710
4332
810
1709
4995
3333
9580
8063
662
7956
2807
6952
3115
5953
8262
9100
122
7446
2553
9947
555
1042
7652
1892
3313
6844
4546
9964
1341
9456
5657
6483
563
4578
7839
3074
8
6378
8306
9387
8651
3538
813
3046
6147
4947
6938
6346
8262
8470
4514
954
2966
6730
1731
7481
8538
9041
3718
497
8035
4832
5454
6242
5110
9918
9943
2752
7494
377
574
2105
1974
1845
5540
3226
3333
1125
4396
5374
1420
8320
817
7347
1228
9172
50
8387
4478
197
3053
2582
789
8993
928
7922
128
4748
2514
4241
8413
8796
4222
5952
4651
7606
7909
1088
4609
9556
4915
2287
9246
5074
1851
1838
2543
3458
706
4697
1635
3727
3729
1773
3777
7882
8294
1348
8470
3760
8678
7232
3558
1381
565
2781
6141
8668
6242
3888
2644
2472
1272
9052
8715
3262
2779
4651
8073
804
3764
2215
5536
4214
2858
3777
136
114
9676
5135
5274
7052
3477
558
277
670
6771
1438
5929
7824
8719
4791
5317
6564
614
9738
1605
9853
1576
7900
8518
3773
3646
3329
2630
4718
1061
1777
4161
5652
3532
783
7585
2308
1333
5172
6345
394
6082
4985
9071
5799
9404
9120
3532
5128
2277
6618
399
86
420
1714
3530
1374
5794
670
6056
360
5543
1902
8417
8989
6706
2913
9185
1589
6051
2182
4473
5828
6374
6646
9548
2583
2646
4257
6978
1726
2586
733
8772
8241
8704
6441
6935
8422
9170
996
4370
1051
8114
3649
8741
3479
6335
1577
5949
6650
3322
7603
3736
6934
9835
5940
5463
1781
8635
8032
2352
7771
2312
9448
9552
5200
7755
4907
7882
6426
3873
4027
3608
4065
1744
2602
7524
5617
4820
9130
2594
9028
4904
6309
5856
9770
6157
6262
6312
1317
9748
4933
2653
638
392
4681
6791
4633
8303
2146
9924
3269
3575
1533
7508
3117
0
7997
5711
2866
8078
6199
1223
1142
9917
2760
5948
5006
851
1057
3246
9020
5606
7601
8960
599
4414
8556
3569
2313
5188
8260
9613
2534
8982
8160
8400
316
6098
9117
6593
6350
9772
8029
8488
3747
9162
3212
6731
4932
1433
1033
8237
940
9177
49
3357
3242
854
2448
7145
5160
8382
5803
7897
4146
7859
4500
4208
9039
8596
3244
5706
2377
9237
1214
5358
5946
3852
1093
9526
6083
4528
4085
3037
4016
7186
1380
7077
2424
6368
3362
8640
722
3772
2562
8897
4588
2183
4336
6907
9469
8158
8066
7803
1574
264
7161
9347
4775
3477
9087
7557
1319
7451
6371
8908
65
5368
4354
9520
9277
9902
1223
5331
8418
9268
2561
2380
3762
2413
5210
4311
6851
9038
8169
636
9555
7523
8923
8527
1511
1878
9945
153
6280
6646
8387
7304
1938
8862
7566
4629
8591
811
798
748
7709
883
9678
1047
8710
7131
5300
2241
6944
7125
6854
4735
5297
6632
7281
5863
8651
6925
6605
3606
3973
7568
7215
3912
4002
6724
2350
1892
7558
1430
9587
6735
6530
6578
7219
8507
8770
886
8227
5482
5261
3602
3085
2166
8466
4993
2600
2873
193
7397
8104
7357
8268
3702
5393
753
9971
9807
5937
9001
6736
7084
8858
2086
7724
1
1096
753
9726
4294
6470
3158
6928
6345
3183
3149
7999
7354
7770
5861
7125
3522
6346
602
1628
8739
5802
3648
5351
299
2272
5928
8404
2472
8681
6609
6210
8679
4512
3715
1491
9321
8386
8122
293
6851
5847
5060
1374
664
5292
500
4310
5567
3132
879
6796
6789
4059
5012
6294
7645
2594
1143
9243
9171
5825
5024
1830
2708
5864
6462
8653
659
5448
8604
5618
9230
3600
2819
8713
1578
5031
199
4034
6973
7969
606
4697
2109
6657
8121
5010
4115
3681
785
6159
838
7284
5880
979
526
1975
4376
7835
9921
7152
560
39
8393
7498
8194
7423
2357
7952
8978
7355
2512
272
9125
9551
7882
4826
6726
8541
7322
4321
6795
5051
5065
8904
5375
5513
9292
7527
6313
7927
9994
1035
7659
8958
8043
7137
2271
3117
8634
2986
8300
9738
2570
9287
354
331
9935
7550
1322
2545
670
536
1082
6038
6996
7400
9973
6760
4100
8072
9536
2428
8688
5801
8998
1163
4873
7912
86
2781
1544
4507
816
3480
6607
3370
7300
1561
7226
8749
4320
611
4338
8186
1846
9450
4459
4319
5369
847
1965
7141
8319
7246
5886
9941
4410
1612
2710
3990
4239
9771
4451
8407
5611
1342
6400
6939
6166
3274
4738
6350
6052
1862
6597
7588
7716
2033
544
7094
1948
8766
9098
483
1913
7547
5951
1602
4676
8356
5543
454
572
5879
5241
1681
5834
8346
8651
6794
5930
6842
6075
1361
4818
8818
8326
6872
8845
3892
6326
8318
794
4394
7664
1075
4336
9050
2345
8769
4926
9606
1077
849
1304
7622
6012
1161
4798
1170
3279
7081
4439
2439
7924
9967
2662
8136
9561
8421
6485
82
8255
2227
3205
197
7647
5253
1246
4030
1755
330
8699
6333
4244
6151
6721
4032
3349
4048
3482
6240
1950
1279
2939
3958
9623
7309
4396
5170
7944
286
8475
4084
430
5625
1409
4633
4367
31
5733
6587
3366
4716
8016
4043
8984
1649
7114
5670
7487
2263
9823
3335
9447
4952
9974
5284
7089
4122
3063
3716
4192
7441
7945
8136
41
4702
78
5864
391
7995
7737
767
6321
8020
4094
7123
8312
720
5900
2092
4881
2736
4853
2791
2950
2349
4663
4912
5082
4284
1026
8204
2504
6693
1637
7966
2103
4875
2641
3431
6042
2394
4816
1854
2728
7289
4991
1705
8480
9747
2092
7494
8191
5210
3302
358
658
6332
6448
7809
2036
8716
2429
7161
8947
4160
6312
3135
4340
6893
800
1424
5405
7210
3399
7957
162
3633
3322
3918
2655
1430
4487
8385
7573
8655
2673
4182
4906
6603
654
6816
4095
3035
1208
8146
6809
7523
8515
4698
3290
7407
5720
5723
7103
4061
6995
5367
7351
6598
5765
1558
2769
4324
3930
5970
937
4486
8808
6296
7705
4041
5230
136
4836
9102
7248
7906
433
5268
6596
3812
2510
4438
9309
9491
1936
9883
3272
4783
4267
9786
5324
8697
5538
7395
4876
700
1904
7379
6486
5521
7120
5360
4339
6102
8430
1485
7274
4296
3439
6473
2567
3881
9346
9492
3623
2178
8626
5103
5648
8190
8578
15
8550
8284
3795
3474
151
4322
3223
9988
8935
5326
8734
9041
9174
4531
274
8525
3642
5047
1602
9145
9971
4087
1812
7291
7624
1050
3474
2705
1752
9633
1949
1798
4381
7790
8221
2744
9042
9863
506
6670
9449
467
3869
7167
5920
5566
4856
6039
8631
5238
1950
473
3168
6178
1642
5562
163
2645
2488
252
9233
1304
9582
7067
4713
3115
2532
9171
235
4248
6051
165
7882
6926
5514
250
659
7937
4621
8820
6242
3069
663
6371
7635
175
9686
9450
3617
7255
957
9474
7329
383
7120
184
7462
7518
393
8347
6431
544
9891
7098
449
5114
1290
1563
814
6954
9823
4641
871
2453
7119
2000
2560
9443
1544
6544
5481
9585
6753
926
9999
2617
444
1305
2923
4754
4526
5125
9374
3800
8594
4144
9099
8103
995
5717
9504
8040
1955
5602
1461
3747
6877
7091
8044
3392
1000
5642
3466
5692
2975
6889
8035
8682
4085
1590
9656
3969
1954
7689
2573
7976
7470
2684
774
8890
8247
9892
749
8472
2985
8074
1739
8277
9033
9304
6432
1190
9947
3094
3690
1468
3764
7524
6702
8474
4492
5535
5589
8050
883
2061
3927
8528
4304
7397
8937
7652
7339
5993
9550
4952
633
4143
4939
9382
845
7401
5384
2670
1602
5558
6203
5069
2016
3335
1706
9416
8433
1041
1229
4250
2998
2205
8728
7194
3302
5339
4437
1333
4617
463
8283
8838
744
1137
5057
7563
6293
8798
4168
4166
626
5292
8908
764
1934
7089
5061
8679
1402
5247
9698
2570
5878
7796
2952
9955
2026
7
8524
3820
8675
8739
4126
2014
1158
1616
1636
6592
6528
9092
6910
7305
7395
6128
3942
8775
2811
688
5917
6939
6865
4177
76
9254
1809
2269
6077
4369
523
5165
7384
9214
9823
3662
2109
8133
6210
5602
7076
3790
158
9552
5258
9813
42
1300
4410
8808
931
895
1734
5993
7275
5572
4808
2795
5
815
4775
9355
1717
5720
6855
4042
3312
4803
601
3999
3380
3656
6368
2683
365
6568
2528
7598
614
5357
2764
7672
1324
9525
6007
4048
8795
461
5270
5490
4019
3177
1163
7580
8256
64
6650
5160
737
6285
2355
423
4496
6275
9078
2774
9969
403
6128
2169
4856
5574
2785
4195
2368
7975
7152
3149
7403
8360
5537
7733
9324
7319
7377
8694
9761
1578
2817
618
1905
8253
4795
4362
8355
4632
8765
6286
4187
4500
198
5233
856
2231
6876
4140
2380
12
4952
3685
6992
2238
9397
2187
855
5301
9291
2539
1494
1893
8854
6355
3300
279
6496
598
8204
8647
8093
9073
1957
7057
2251
8915
6358
8096
3861
2086
3011
1917
1536
2402
4995
3180
4433
9659
2650
2044
4226
659
2413
5358
7334
2401
8060
1324
8229
3145
9341
9073
4238
6720
7479
4530
4752
0
9698
2398
8822
1766
7940
2517
8024
3087
5927
9903
4940
7116
5392
2054
8838
7795
5593
9650
4840
7213
4419
3954
752
1688
9808
4474
4732
1974
5681
4685
8641
8874
6355
6035
5374
7085
3122
8914
7783
2953
7387
4288
7058
8932
1738
7053
8390
6186
2626
9480
9463
2973
267
3214
5617
7559
2770
3929
5208
9150
914
2781
2222
1076
4730
6052
6300
7662
3423
6900
3813
1572
6225
8554
8374
1692
9607
3596
6951
6221
3038
5259
4354
2862
9202
6719
7780
1149
9713
1043
3119
900
995
5851
8929
6098
1027
4819
4461
4740
7464
6720
2240
5004
1768
6949
9936
5556
2568
1956
7912
425
8051
4790
8777
1015
4460
2829
703
2072
3411
9422
6019
7102
7406
1007
2085
1119
4025
5150
1826
6723
6321
424
6438
8602
7249
4934
1902
5103
9855
5989
6943
8256
4310
2432
7498
8663
4869
6923
4007
11
5902
2366
9983
7652
1297
7543
2483
3112
8116
3057
8726
6794
2757
8009
5932
8035
414
9974
8898
8729
9615
2424
5448
3722
4452
7343
5488
6078
2066
2324
5639
6436
7284
2220
7831
5126
4031
7260
6044
8742
3636
8470
5947
5421
5042
2805
9943
5191
657
4551
7819
7653
5882
6685
9314
5185
5646
4099
2253
3467
2965
7078
5082
4431
5623
8243
3258
9721
4118
913
2988
8908
289
9742
6639
1803
9118
4344
68
8229
2119
7562
7611
2499
5117
6618
2081
2740
5721
2400
1515
7169
1786
5802
2296
9587
3483
3203
1918
5445
8623
586
2259
2054
1682
646
1862
5509
2446
1591
5319
4828
3617
6485
7266
3600
4971
3004
8655
6363
9915
3743
1058
8874
6553
7293
1406
6220
5645
5362
3098
8735
8473
6923
3734
4023
7220
7717
4689
1120
2929
3987
7984
4873
9527
1754
9391
8418
8701
7213
1450
4706
5791
4448
2747
4707
8556
5851
5214
7056
4683
8195
9526
5163
9289
3889
3078
6938
6566
5093
1735
2726
6974
9486
6540
257
8322
8467
8053
2342
6922
8344
7784
8369
4539
8511
4503
7403
6626
3374
7099
5865
1109
1352
5252
708
4987
103
5345
515
1978
7049
583
8602
3916
4031
9147
5343
6914
953
7324
4316
4869
5851
7627
4017
9847
4217
623
7001
7447
7647
9505
4435
776
8425
9868
7508
1214
9186
2777
3826
5856
5098
7268
7990
2867
8339
8486
4560
4381
1510
5275
9633
2607
4521
733
3734
1698
644
5688
8243
799
9518
9694
7768
4560
6209
4948
6886
6417
3882
7401
9824
1889
9003
7464
3983
8075
1602
9980
8600
4222
7663
534
9593
266
6282
7122
3591
7861
86
3433
4920
6744
3855
5527
3809
477
4745
9595
5957
1778
6911
2476
7834
4003
5750
7941
3422
6917
6019
1847
6633
6126
4505
1713
1207
5717
6371
7170
6942
9842
5986
5368
4280
726
2727
6002
3477
7840
5884
1750
5912
2501
9926
4582
4927
635
1417
8459
5935
4470
9964
4566
9683
6200
503
7482
9119
6021
1943
1941
6905
1919
5337
194
1102
4014
952
217
6334
1592
1891
7230
1328
8046
6870
7297
3380
5213
6964
587
7911
2189
146
8026
4737
7215
7508
6677
4373
840
2163
445
2015
1936
8051
9769
6974
4654
5653
4674
6881
3758
4432
5376
679
2290
3948
3178
7680
7930
2982
5297
2449
1653
6052
7680
8693
2326
129
5140
5820
7322
3808
8028
5757
9314
472
1979
7560
6682
6038
2225
9309
7608
109
2435
261
1232
2312
4050
4790
3241
1465
7215
3638
6900
3526
4931
6989
4572
2193
5480
7585
2271
6940
9246
7467
5879
7882
1183
9853
8594
9047
9267
3709
3764
7091
2781
9518
9274
198
4462
725
8098
8195
2612
5474
5766
952
7405
1508
4134
5312
8615
2519
7189
3231
1264
7797
2042
6042
3512
4905
181
9883
3097
5375
391
5825
1767
8080
531
1093
2904
5111
6679
4951
5405
5346
6078
4503
2865
4920
5188
2537
2334
2475
8240
2546
4867
8196
3720
1042
3787
8128
8212
466
6129
3338
6221
9038
1469
5143
2802
9600
2336
8180
2997
3034
7564
7850
8747
9400
7653
3757
3286
8592
2956
1698
1859
8358
9569
941
7532
7141
4210
7032
8168
9600
679
2017
9021
2359
6782
6138
6051
3848
1835
9799
5817
8864
6625
2889
7063
7292
7362
8715
1838
2850
9458
6440
7925
8038
179
1546
2267
1238
1000
8527
6000
7926
680
5601
6347
3555
8498
4525
1922
5448
1427
4833
6942
5755
3529
1947
5286
3001
8715
9080
850
7959
4111
1026
4255
6528
5406
8588
9348
3262
9160
2715
1932
5634
3480
4379
2772
4945
9306
372
9450
7927
1938
8233
5109
6579
745
7336
8153
6558
9179
6822
2470
5289
9440
4925
9284
4068
5811
7052
3263
2395
8302
4229
3701
5398
7761
714
106
7950
8847
2209
3164
2349
2742
9928
803
8633
720
1145
6295
9435
9419
872
2461
9000
1449
9137
6095
7626
8028
3575
7444
8145
5997
1169
8460
5034
6652
7669
7337
2808
83
4740
2035
7529
5443
2197
5401
2416
6298
1002
9475
2852
7421
5917
9533
9233
3993
5495
1207
4003
3363
3347
7499
3791
3984
5163
7290
1063
4094
5758
2061
6277
6119
2718
6614
2724
5274
6112
8974
2848
4380
8844
1432
854
6190
2582
1815
3755
6191
1665
1076
7364
544
9366
6034
2361
8548
5618
6282
1778
7173
8699
7533
5470
7435
5857
8006
7884
4479
1797
7402
7442
6448
5583
6723
326
9335
7860
5544
1115
7381
5434
5798
8047
7503
998
6705
2447
7241
9842
1530
8514
1815
6820
799
5499
1292
507
7538
7969
396
3423
5729
2140
7928
3238
1368
4483
3523
4585
2715
1902
715
7610
5489
8362
7243
7208
5329
5346
5736
8852
1194
6428
7192
3686
3699
499
2650
9003
8203
5626
2058
4558
3882
6628
2637
9803
2468
3598
947
5383
9564
7958
1230
3991
716
4154
462
1200
6418
2608
2351
5781
2051
1939
2021
4218
9177
3387
9454
9445
4531
9908
6101
5086
1418
9410
8617
5929
2494
209
5505
9346
734
2984
7626
8102
3647
6091
8940
4772
6843
9583
337
2751
6235
6430
3891
2810
9912
8453
3607
8454
1645
7919
6480
6385
7648
7376
4850
2377
453
4019
3300
763
5733
9179
7703
1661
532
7063
8459
1194
6523
1089
5454
7054
6311
610
5761
7472
4580
7635
6862
7285
1353
1262
7569
838
825
2553
799
3751
7445
6422
3336
5227
1070
6199
4198
1782
9434
1802
7528
9352
4635
9376
765
411
4987
113
5048
1490
8870
2856
4707
4499
5718
2378
8485
373
7705
3982
7484
8514
7015
7051
6390
312
7494
9986
17
4361
5400
7889
1259
4294
6899
5661
4178
4169
7889
3754
7574
9572
3451
1212
2356
8806
1550
4265
2516
3313
3712
3762
4787
3116
8849
1838
2307
1786
6608
646
347
7040
4601
9555
9432
6061
561
3476
1135
7188
3635
4317
2275
7099
3927
9169
245
5049
1005
7629
77
6763
6807
6228
1479
8883
4935
9062
2636
7216
9876
2299
795
3299
69
6794
7359
5929
7558
7085
4321
529
7269
6944
2601
9468
2299
5800
6676
8905
8685
635
2651
9182
604
4493
7535
6019
7687
8651
2249
1798
1150
2034
8211
198
3481
7993
3455
2689
5482
3053
7512
7556
2195
8699
7836
7784
4077
365
7961
2478
1316
5616
2926
302
6232
846
5081
3221
2541
7799
4700
1705
1864
4528
3339
7408
6543
5395
2662
3167
4893
2439
8460
4214
1684
5247
5526
3575
6989
6235
6220
2931
8007
5106
6846
7114
6915
6241
6329
3855
1971
4653
2668
5874
348
6683
4885
5555
8740
4020
7626
6722
6740
8665
4097
1850
2710
8529
9814
7249
3531
3272
3223
7908
5960
8069
6537
9922
8877
7194
8109
2273
5407
7445
5158
7928
2316
1087
9559
3373
7153
635
9626
632
6122
7627
7332
8737
2927
2830
688
5673
3020
779
7686
1346
9843
2675
351
3256
7241
7738
3661
894
8224
7890
5789
7647
6071
3965
6405
2660
943
3882
2501
2851
5613
7018
680
7777
6612
9561
5543
2824
91
2052
2033
7020
5707
4237
7987
413
474
916
7029
3697
2605
6255
9900
8918
6730
5131
7541
9272
1152
4712
7966
5228
9078
799
4154
5943
7321
4243
5068
5261
1578
2724
6387
423
1758
122
565
3518
2972
6365
6175
866
6769
3605
9122
9018
122
3339
4581
4180
1825
8967
6156
439
7378
3012
4211
7651
8345
6388
6246
5428
8141
6345
8904
1128
4509
2208
8093
9171
1959
5063
677
4801
92
837
4013
2328
7420
3315
6932
996
4745
7780
1496
6568
5439
7449
5905
2099
104
7895
9307
3491
5566
3262
5590
5714
6923
1618
4319
4479
9155
3638
6330
2388
4120
7583
4577
113
3770
3903
1084
2488
5668
7011
122
5039
3068
3384
6491
5434
9780
807
7968
8415
2485
2529
9046
7056
9746
2986
329
7514
5463
3101
5676
9732
5183
6986
8018
1596
5654
9371
1358
6226
6889
6208
3296
5951
5216
2256
236
7545
6101
3365
6914
5993
501
1681
6242
3526
2540
2905
8168
4084
6935
3293
8968
3805
6239
3887
9479
9163
1065
2132
4373
2933
532
6345
316
664
2274
2054
845
8228
3573
4815
4204
9946
1885
5686
1320
392
7546
2747
9929
601
8416
3083
4602
3363
5453
256
7170
6269
1605
769
6018
7671
5360
7955
1817
6368
3193
2104
1803
825
3455
2714
180
4436
2530
7426
5506
3393
7103
3791
8923
6880
537
7916
4425
8180
9132
7417
9668
8112
9827
3424
9033
1143
5245
5347
9204
7969
2134
400
7183
4931
2754
456
687
4131
4343
4587
9044
8420
3711
9552
9395
9211
7652
8907
2277
9818
5122
387
2134
5166
9390
1848
5977
7521
4045
8940
4852
5163
6327
5743
4974
4709
9611
6035
426
6501
2309
3282
7412
1365
4119
7357
6680
4653
1782
6969
1333
6056
2255
284
6036
1543
2552
1105
4089
4229
7815
4950
9755
4307
6956
8831
1511
5607
3598
701
9814
2587
7472
7917
4611
3266
6261
8223
1363
272
7257
5726
3388
4784
7312
5363
5464
8616
3553
7723
3603
532
9471
1686
3097
8035
8921
2265
3535
3493
6838
7678
8517
1593
2035
8298
5233
8146
1696
4838
2212
1065
7114
7963
3609
6768
9249
3603
2411
1078
1355
6265
7419
5415
5283
4392
3839
8007
8054
5069
3412
9107
9921
5488
4183
374
2095
2592
5297
4492
66
7746
1608
6452
2691
2290
9360
7429
904
2344
8784
9269
1796
3750
7303
396
9357
9164
6921
2432
7767
7848
545
6283
9881
1830
6845
4415
4071
4176
3486
7054
3919
3961
7097
1661
4856
8433
5403
4745
1975
6424
5803
2589
857
3935
1275
3655
8984
6901
9583
6308
1109
9131
5245
7263
5937
8185
9886
6834
534
6802
7117
2364
6364
8119
5023
7765
9112
7399
3901
8587
7724
1580
8702
589
2029
7314
4959
9521
1106
5321
2731
8591
3258
8429
1286
5174
9180
9121
5813
9596
1718
110
4374
6182
2891
4065
4639
8274
9159
5684
2171
6899
9572
5799
9135
2962
3176
6332
6552
3721
8303
7199
9672
5508
7885
4144
6139
4246
7240
3879
525
2462
3954
2892
5021
8328
3801
9216
4043
1351
6314
986
4589
2623
7928
874
6731
2946
1517
5739
9977
3053
6434
7961
8131
3502
7814
7638
2977
8959
7954
9774
6677
856
4102
8461
3553
7831
4425
4681
3188
1094
2870
7731
985
7464
3645
5991
6890
4904
7642
7433
948
8233
973
5055
5720
7744
900
2930
9297
8841
1634
4878
5863
9747
7946
9828
5698
7405
6991
3011
4321
497
8917
8504
7719
266
1711
4237
2020
2261
2351
9650
1308
2868
2169
8485
7582
4578
9086
7469
6650
51
426
3946
8768
1471
9024
4913
8334
1456
28
6593
6813
5393
4617
3724
3847
7783
3172
7196
3214
9692
460
1991
7855
7062
3407
7744
1153
8589
5566
2085
8599
7259
3489
2182
8575
4376
2820
6549
658
1594
8491
5573
8545
4052
2128
2365
5071
7623
1934
1625
2635
8168
6596
6090
5325
7492
8204
2741
5987
1978
1217
2093
3135
1174
2886
5926
8002
2215
3162
2928
6910
6422
8693
6261
9925
2908
9592
1557
4590
6379
935
3107
6030
2324
132
9447
324
9788
4730
5783
1198
7600
9436
9674
6653
3512
9554
7179
3469
3773
7765
582
6752
2430
9867
487
4681
4121
6526
5797
7770
8292
5820
1264
5324
3368
359
6209
5153
866
3407
6874
2347
4758
9719
7318
2229
2213
828
1568
3049
3488
8025
8514
6426
5575
7199
7897
620
2747
6124
227
6138
7482
4672
5998
573
7285
4278
7297
2222
1987
7006
7131
3432
2722
2244
1394
4801
9758
6920
1234
2072
1437
1897
3993
5689
3494
4481
2214
2810
5853
3046
9032
6431
7834
9243
817
305
7356
3251
6017
7977
4129
2752
14
5692
3719
4698
8240
6178
3969
300
4691
3163
4676
697
2416
6851
8462
9476
3806
9565
6396
6363
8821
4926
5520
4548
523
408
356
4469
3389
280
7718
5586
1525
8044
8415
4540
3405
3426
8238
5288
8213
140
4540
1957
5004
4022
5653
6271
7862
5006
4519
7550
2685
526
1745
8057
8762
4061
650
1547
8623
5242
9175
8880
1425
5193
7818
2562
4011
8850
7316
5985
142
9177
9641
7820
8429
7837
6352
1365
6629
5444
109
2988
9536
7686
2982
8648
9683
5394
3881
8695
4341
4779
2857
5565
7883
6612
7475
5451
4872
6712
9802
5071
7087
3094
2906
9280
2313
8725
8649
2099
4659
8243
6989
8075
5542
2749
7038
4978
2457
2761
2633
4122
7419
3861
9451
8914
2007
9040
4632
9527
8002
8891
6215
9350
7590
1589
3162
5108
6159
7538
5571
3105
501
881
5047
1683
7647
1132
2555
7013
1382
4797
2507
6457
5294
5910
2791
4958
8814
8452
7177
494
7320
4788
6417
5313
3251
8920
7682
6166
8855
6712
5546
7968
30
9166
2874
5883
5565
7354
1020
2241
7361
2752
3506
1404
8921
8339
5715
4146
6840
2476
2019
5944
4387
1006
2157
1898
5576
1820
6619
1554
715
9795
9144
3760
289
4804
1202
8344
1130
1534
5093
2858
4162
6072
2335
6307
8505
7276
6240
8176
6415
2629
3148
1082
6533
7034
9683
5616
3186
6001
8405
9816
3159
4634
7780
4711
5665
6289
97
1181
6107
3587
8733
255
1322
4635
1157
2240
9600
6971
9522
6655
2980
7600
6074
4726
1598
2285
1301
3492
8212
5697
3339
5599
1988
644
2348
8555
7430
5759
8739
8214
3492
3775
3271
4599
7447
8589
3801
1835
2265
6723
7697
7361
8799
2153
3927
7458
1216
6831
7018
3813
1952
2313
8414
6098
1674
9160
4303
9156
919
380
3457
595
3866
9695
9703
5383
229
5997
7296
7640
7199
3468
2746
8805
3020
7443
7974
8102
6096
7797
4307
1103
3009
2872
2465
9650
553
3810
6981
2387
8590
809
3780
5981
70
2408
3307
2818
6674
6790
2734
178
6475
295
2795
7213
8125
3786
2213
8876
7430
4736
3502
9806
2788
6000
2483
1846
1525
1573
3229
9404
3037
8932
9969
9159
798
7961
7960
502
9493
9793
8575
3369
2054
9736
8125
8007
8462
7358
8857
6193
3845
3079
7743
8959
8368
4731
40
2605
6062
7306
689
2700
2349
1629
753
28
8798
7912
4194
7537
6472
9532
8318
2329
6600
5291
9555
1341
8510
2991
9298
3022
5239
7960
9222
2184
3585
3773
3581
4242
6383
7409
7275
1992
5010
245
4082
6927
1915
5303
50
4528
1239
944
2805
8217
2161
4682
883
9013
3673
878
7114
9558
2930
8524
3358
1722
3797
4348
7783
7095
5367
9059
5863
9812
5298
3734
5880
6246
4209
9461
2590
9322
4036
3954
6001
3461
2780
5890
8355
5399
1553
2341
2584
1532
6656
6531
7831
2900
6121
8671
2276
1677
9054
4481
127
7946
2234
246
4070
3687
4070
6929
4502
7281
1084
72
3125
5811
3833
820
9485
4657
6120
559
3495
9673
7813
7938
6288
700
9528
4992
8278
7870
1902
4487
4059
9186
4529
1535
750
5944
8072
7676
5046
7378
2806
4508
7667
4075
9494
4125
5377
9394
3973
1608
1688
1422
7558
1546
658
4835
2543
7054
7437
7332
7989
2322
4733
5933
1779
673
1252
1933
2711
9957
3533
6191
8532
8591
9611
4096
6036
5496
5930
4612
3706
8559
5621
3920
4304
130
1731
8488
6443
4457
9304
8919
7117
8253
276
4428
2310
1550
7262
786
1575
8873
323
7536
1907
8914
2093
2296
973
6332
1830
4572
2989
6428
2182
7769
2337
1856
5736
5135
4591
1343
3422
3630
9296
9709
9778
5552
734
3569
4092
4596
3466
997
900
7135
2187
3126
1003
906
908
1886
4557
4602
4366
6095
9645
5738
9049
2927
9084
4527
2913
4376
1001
5704
8155
1458
155
3785
246
8078
7368
1357
5999
6951
4346
1538
3397
8447
4541
4374
184
3106
3946
1189
6973
9855
3381
3922
9730
9713
1411
3834
5874
5396
3712
4500
5951
548
6968
6908
8706
4725
8356
7423
5914
5966
4300
6562
1954
23
3167
6479
2583
3867
2111
4052
8442
8737
5435
8073
1464
3076
7834
4942
8455
6711
1396
8030
1119
6850
2140
8418
5460
9566
8749
3845
8880
6968
660
6357
9547
3650
2978
7917
6423
9084
9268
4360
4177
615
404
1351
266
6991
7187
4101
6272
5620
4636
8744
7023
8751
4644
1092
9240
5097
5317
8631
6109
5276
1603
3915
5011
5511
8044
2502
8581
8524
7277
1575
6454
5553
5820
6623
2453
743
9289
4079
6170
6719
6764
1433
1857
1181
7080
5939
5644
8872
6927
1056
7998
982
472
9172
705
8017
3386
3507
159
6541
3806
6600
6465
8814
9786
7941
369
874
9364
5393
3555
498
1074
5092
6815
8371
1271
21
6340
1176
2116
5237
9935
9271
9743
6675
3262
8140
8668
8560
1535
1794
5462
5381
7396
704
3383
8078
3135
365
3685
1
4354
8007
9562
8027
432
8200
8201
1056
8910
9367
756
39
7238
4288
6032
6835
6944
4311
7317
9572
1055
1397
7773
6994
2076
8064
9732
7131
5994
8069
9452
542
3691
2221
5721
2624
1042
6333
6740
7746
4306
233
928
8747
8114
4341
7549
2155
1376
3000
4962
4885
5106
2790
1454
3563
8452
6443
6157
8629
58
489
6563
1329
3136
9407
6304
4051
5258
9814
1262
5333
1161
8543
6815
9727
3257
6833
9221
5628
6237
850
1624
2473
4351
8558
8664
6616
3394
9394
595
7774
3496
8718
3821
5989
5244
9197
362
9712
1359
767
9941
8611
2198
9973
3831
1789
2941
3877
9246
624
163
6899
1352
3683
8261
188
8639
3704
3188
495
4844
5531
7697
362
3534
3440
2235
5495
6854
9187
6539
8339
6015
1957
5169
7743
4712
3045
1776
2372
854
900
6749
5652
9288
7720
8037
9012
8640
6860
1119
2602
1353
7278
6453
4987
2967
8855
2527
1154
98
3460
7678
9550
9718
6225
7374
6004
939
9055
8082
67
5529
1168
3963
3373
1970
1619
5618
4674
3205
3705
1031
5460
9774
4842
7513
2234
6596
4756
9326
6369
2909
4218
9505
3183
282
9064
264
5360
5274
5937
3112
1193
4729
5198
6522
6720
8638
3513
4022
7074
9766
8798
6726
3157
5384
1819
4627
1289
4818
6970
1565
8654
1317
7778
8243
5717
6157
1759
2727
9296
5905
588
2743
7009
1106
6792
4383
7030
5296
9668
3064
3076
4167
4439
3183
9111
6327
3815
3142
8985
4926
5903
9103
4044
3795
7750
1971
2638
3872
8750
5871
8380
7926
3299
4206
950
933
6217
1230
733
336
2068
2587
1766
3900
4164
7131
8923
5085
7130
1494
5887
3646
5926
4308
1407
2554
9065
6722
4717
6957
556
8699
8418
5657
949
2709
9106
64
865
5960
154
5908
7089
1506
9852
7959
682
2811
6190
6624
4012
1746
3808
600
8602
1751
3937
5043
7962
5938
5549
1526
8627
6820
639
788
8063
6610
8240
5885
3874
9929
2688
3105
2706
9490
6440
8925
4062
4263
4036
781
2610
515
659
4141
145
8527
5866
3808
3519
5969
7922
5162
8224
775
505
9893
2034
9892
2595
3154
384
4427
6534
4998
1735
8961
8956
6011
8458
8123
2386
1417
3030
7060
9369
4556
7394
2819
1183
8496
9908
2710
2355
5199
9095
8827
2100
8995
857
2935
1603
8591
2907
1408
4859
7595
1277
3571
1201
4091
7718
4013
676
1838
5115
1559
1147
3446
8401
1286
6087
3477
1322
3259
8831
6673
2328
2065
5481
6519
1901
5973
2526
3323
4827
7118
1840
7988
8221
6257
8006
1352
9527
3868
6512
5248
4675
6196
1162
2968
6291
3902
3275
1271
3586
9399
5389
5257
7738
685
1081
4301
2887
5753
7707
3197
4469
8463
3707
4471
3257
1005
6740
5052
8490
2477
5527
1620
4246
5038
4798
2223
1838
4146
4135
6141
6009
4796
6828
5107
6753
8991
4381
9674
1433
8746
1644
9027
9235
2964
7773
1258
9485
3616
2518
1964
3521
5790
3842
3983
6063
737
9619
8371
9176
465
7115
187
3842
3661
9810
4560
3339
6083
1193
4056
6456
8499
9389
4046
1702
2771
6228
8519
275
8975
8566
2443
4597
3944
543
2134
3250
5608
9450
4555
3010
1668
4837
7325
2284
7955
2713
4111
5734
214
888
9944
276
5840
5018
5503
7024
5998
7675
9175
1593
9370
1325
7669
3593
8737
8317
1645
8307
8291
7223
9827
6688
8757
4019
6122
9791
3248
2122
7685
9291
65
7338
9752
4965
286
1530
1885
2644
7853
7192
455
9681
7735
6067
5387
1152
4566
6330
2556
8505
7465
32
5140
6601
3295
5876
3646
4654
9983
385
329
3562
992
3584
337
9402
1410
1832
7476
4145
1118
7053
7935
2005
177
2632
7812
1471
4873
3971
1353
8461
1746
4951
3093
4
2368
1478
2205
8481
4777
6788
6906
2387
8495
7318
1463
8157
1724
4811
1140
2222
3197
7817
1155
7991
9354
287
6538
6548
3973
7897
7892
9169
116
8193
9617
7144
5138
3672
3460
5527
4090
5964
1227
6259
5125
5304
5018
8683
1604
6494
1163
4060
6995
7093
6791
4431
5399
588
5267
4807
3820
5281
742
8590
3194
8949
9984
5583
8649
4356
2057
7159
5444
5876
4390
7143
75
7962
6642
7892
3179
1730
8086
6311
6585
3068
5604
9041
1248
7284
4017
9963
2126
9414
2546
1269
8582
2708
7256
5303
8886
3361
2256
9444
1389
3612
9086
3257
7830
9669
6168
4115
8548
7946
5906
8523
6164
6974
7934
9204
6348
6391
4888
2894
5088
3138
8152
2791
843
2797
8120
8819
370
3109
9615
7135
1545
2323
9832
9456
6432
9449
8425
4767
8356
4586
5503
4711
3808
3272
533
4683
4620
4442
4491
4062
1299
3602
6110
5539
5224
9908
3667
3288
2126
3568
6205
2514
3556
6973
9009
97
887
6798
4984
4430
3402
1484
5023
8113
4512
9901
1733
9153
1687
3711
7559
3794
3429
9146
6327
9242
6409
6940
2667
3111
7106
1845
2804
8127
3549
563
991
9070
6187
3042
4748
7806
9524
4641
3277
9551
324
1112
5187
3699
76
2786
1375
6299
2376
755
9166
3215
2428
8942
2463
9310
3955
5655
2887
5785
416
6661
8481
7136
1266
8186
6703
3372
6467
6556
7011
7796
5010
7438
8828
7115
9555
4497
6002
983
6557
4885
474
8763
4276
4086
135
1834
622
7618
5948
4615
5203
5759
457
4241
9785
6635
4100
4539
1167
5272
4269
9373
2895
1583
8944
2208
9727
4686
4805
283
3366
6010
2725
642
149
2003
2167
6121
8850
9629
5128
5137
9963
7058
5981
433
3628
2764
7264
2752
1193
2634
9593
687
8984
8988
8111
5916
9096
5279
1669
8750
909
3118
6879
1581
8342
7180
7341
2391
809
1194
9248
9832
2671
9712
969
3634
8272
1406
3233
2986
3336
278
9409
2169
4959
4616
1047
3857
6017
9822
1917
9761
4272
3987
7475
8144
4674
3504
9526
2409
2197
8988
1236
1881
4812
3248
7557
7691
3096
3801
2285
234
2836
4598
1932
7039
4584
7978
7954
1328
8287
554
3519
7815
1660
1339
3256
1560
1457
7405
373
6183
6797
1549
8046
1126
7148
7726
3959
5199
5895
7324
813
7131
5862
2510
8581
6210
9597
8314
4381
9310
4442
6394
7071
2423
3113
1277
3397
30
443
8645
9621
8666
7787
6811
9311
8909
4423
6507
2148
331
8468
185
3956
7941
3334
2266
3634
8922
3037
6743
2173
1247
2119
1718
915
51
4851
7579
3887
1583
988
6400
7233
1751
5709
161
4262
3368
2848
6447
6651
1447
9917
4404
8768
1027
5085
4155
2413
9263
633
9029
1387
4343
3198
2157
230
3077
5043
8212
632
7347
2878
4026
5235
5764
3685
8726
8625
5353
5035
1332
6504
4733
6834
3991
5573
801
5872
3568
9877
5239
4955
8202
3214
5868
3804
9685
3705
7315
1665
3404
4674
6721
3998
2733
8348
6816
1998
5301
5727
7734
7106
3084
3468
2918
5988
4248
8871
8999
1008
4460
1480
4166
9514
5048
6238
8854
2817
9422
5023
5559
8690
4942
6665
4993
7032
5963
8864
4813
4721
501
2191
8872
7360
1089
6930
6380
6230
1356
3827
44
8320
1129
7740
1374
7153
3043
2495
2257
6466
6345
3493
7430
5768
5153
2619
6591
3458
7073
4164
5257
8355
6021
1821
2675
2633
5867
7409
4717
8984
4012
911
633
1434
970
2974
7363
5304
2333
5
9753
1588
1630
4730
6220
5366
3758
6652
6803
5201
3316
2036
703
4282
5102
7068
4839
2091
4324
7076
2061
7620
6303
152
679
6148
6614
2687
6849
5267
6697
3401
625
1767
2176
5342
2359
6891
708
3096
91
7145
3784
3071
8120
2980
7545
9367
6683
8073
2016
2113
506
4133
7678
6158
3025
3484
8931
5642
8013
3717
6805
1096
204
6223
6847
434
3601
9252
2913
6328
1617
201
4511
9465
9936
2954
3945
8028
7851
5521
5744
8476
4129
4858
5777
8476
9678
3538
725
2442
8308
3261
8771
2449
3710
9034
9329
4100
5294
4174
4848
5073
6399
1270
6249
4019
7180
5172
3868
1267
1967
7579
2905
1863
9625
9751
8535
5623
7874
6173
1855
9567
9921
4898
7893
9004
3947
3095
6217
2704
6648
1342
5943
3866
8655
7012
1270
4127
5076
630
9810
1987
9840
8605
480
3268
1054
4497
8657
1250
7997
292
8142
8695
7123
7253
7334
820
8670
4780
4032
3514
54
1806
7586
6363
8531
8708
3395
9511
601
4284
5284
8861
6082
4781
6158
8708
9337
5146
6858
2100
8456
4914
7946
2268
8914
9760
4606
2133
6555
4642
7087
6080
4112
5979
6519
6349
3659
9676
2649
6135
6793
3085
5371
5754
2399
1986
9270
4085
8853
6344
54
4253
6917
1955
281
1230
5606
7292
5041
5406
6086
8133
5107
7999
7285
6851
9736
1267
6844
8293
5679
6122
403
7892
7292
4142
3570
4250
8053
2399
3052
8393
2635
3748
3024
90
3677
5995
994
1764
3039
8983
58
3255
2293
2107
7908
9125
4078
237
5926
8936
5474
9962
5360
6322
2341
603
8507
10000
882
6763
6195
2121
98
9394
2351
8981
8263
989
1582
3915
1707
1663
2064
3428
5347
4463
972
9934
625
2987
8290
9822
3200
106
4727
1353
8198
8326
4476
783
2865
8402
8811
4644
3697
4449
513
3506
1055
4804
4954
7139
5575
5040
2899
270
7493
2459
1550
234
6943
7802
9036
5195
1782
2741
1179
8369
566
7926
358
1357
3419
6342
9496
2430
276
846
1451
8549
1723
9510
3150
3607
6795
5644
4456
3524
4420
5922
3866
2472
7225
1678
8686
3613
3429
4109
1061
4029
3528
5265
1125
8370
7655
2580
4391
4993
5217
3272
60
8447
283
3582
7735
5788
4625
75
402
787
4899
9351
8329
6278
8437
5635
8151
6562
8273
889
2000
4001
6130
2506
3291
3870
1262
4590
9588
4976
8586
6550
8767
8411
5648
9661
1857
6004
9096
2713
9759
5300
4003
3592
2420
6572
2077
4162
188
6079
6566
3548
4321
3647
2747
4987
9407
4667
7932
6657
4999
4194
4390
6354
5043
2955
7555
8406
4022
1619
1611
8161
6101
9699
8271
9424
7885
7615
408
7672
6566
5953
7309
5874
6168
7054
5412
6695
1661
2925
7745
4167
8378
5611
858
710
8471
8315
2111
5137
9164
3518
1630
8036
3081
7569
1060
3476
2979
4502
6426
4992
130
6977
2475
2456
3942
8464
2091
7913
6325
3550
2412
9568
1826
6339
9659
428
7882
4560
1256
2341
5960
6453
5381
381
4575
4090
7951
3560
6585
7135
8826
7508
1408
240
7854
6886
3497
6284
817
7096
8474
6722
4829
4743
2459
4197
9662
1887
4393
1336
6850
2338
1957
3166
8
9846
8664
9509
1547
9802
4851
287
6592
5733
4155
4425
8546
8567
1309
7557
9363
8928
7594
2539
5815
2136
3790
8347
8002
5053
8952
2057
86
3257
7522
2378
1372
4145
1057
6726
6532
2620
8651
9041
3435
3213
3959
2225
4204
5702
1902
3965
3547
7529
3132
9689
4364
555
6316
2501
5966
5470
7481
8680
6336
9277
6146
4707
5346
3482
7312
4335
9614
5819
5870
88
4902
644
9669
3437
5349
9055
2987
2146
9700
2985
7562
8422
6568
3848
346
1885
2273
9959
1853
6388
4709
5354
4162
5239
8977
7210
8961
2059
685
4402
4542
2257
1534
7275
6312
6767
6243
6579
9601
3263
7142
7800
4572
3801
6064
2404
2205
9833
5345
3169
4621
7976
7031
118
4761
4889
8333
2440
5870
9794
9058
1958
3458
904
8096
5232
5026
6225
4728
2055
2902
6489
1431
3657
9305
5517
9315
733
6544
476
5869
2929
7474
7684
8807
7934
575
6656
387
8509
8012
4912
6701
1066
862
8605
1227
2400
1047
3224
5926
1078
5939
8209
9090
2137
6383
7062
1067
132
2558
108
7024
589
2536
6875
9211
171
8897
6434
2253
2900
1096
853
5288
6355
8595
5173
6567
2034
1739
4059
2612
1182
540
9280
969
9953
3264
3542
9928
7411
7934
1241
2476
1489
6073
4488
8353
4316
5543
2821
65
5068
7183
6956
759
4680
4033
8235
1631
5742
1499
9156
700
2400
7440
8742
9169
9178
5150
1789
805
1585
5717
4642
4436
3531
4875
7398
5499
9008
1456
489
2322
196
2469
2627
8305
851
9926
9223
2544
1174
3184
1292
4909
9080
5596
3591
1546
6523
7946
7796
5774
5594
1990
8176
707
5624
4649
6964
7440
5584
2443
7273
9418
9479
8019
8850
4692
6185
7823
8764
4456
969
8490
7623
1555
8134
416
7292
9444
791
6969
9824
7746
2452
8781
165
2910
9767
9289
3125
4724
9589
7799
931
2294
7246
9709
2682
1849
3875
7991
5383
3670
6389
6462
4755
8837
1867
9681
5354
2725
3076
5858
85
118
1152
5250
827
2081
5922
2700
5261
1804
7229
7035
9265
3743
473
7156
9200
1266
4339
8771
2597
4511
7051
9399
9895
6452
8413
350
6176
7647
6422
1272
7702
7778
9751
7880
6569
4085
8509
4318
8511
9357
5764
8493
8949
5921
7021
759
8012
7623
850
2180
2294
4976
173
4482
8373
1723
3691
3038
4283
5903
4368
5709
6340
3595
7439
5372
2722
9027
4159
6997
1236
6643
5280
2277
9240
574
1859
5301
1831
6649
5954
394
2561
4947
3048
9712
9328
9321
503
5089
4746
5731
5925
1257
4470
3012
7459
7420
5693
5583
8834
4097
7482
2230
2166
6792
483
3680
9547
6046
7283
5257
8773
4953
3505
4336
9403
5032
5727
4855
6483
8638
9101
6774
7324
7448
6199
7866
1702
8279
4439
643
6712
438
4813
2338
3848
9507
276
5316
7465
5261
5694
5936
2761
3133
9626
8352
2808
7340
8778
3697
4304
5278
8561
1814
8703
2331
3349
5873
8917
9745
2094
5662
5296
4738
8197
4329
4051
401
147
7376
4179
7157
9674
9815
1227
8340
3474
6630
1649
810
8298
4334
1456
6875
2105
557
9428
9014
1844
3569
8366
3285
9730
6690
5446
214
746
3556
1969
5532
9064
3865
3259
7735
9843
7355
8482
1449
5032
5597
2463
9374
1117
4887
2508
2054
9389
4375
8654
5091
5986
9337
2940
9728
6096
6064
5431
8255
6621
3717
9735
3509
9534
1960
1557
2930
5888
6265
9262
6859
9283
4539
4389
4946
9620
7015
693
1518
7214
743
434
3598
3455
2741
3723
2095
7773
8339
2680
4884
2217
5058
3568
1106
8195
558
5355
3752
3928
1972
1162
3615
7650
8601
851
2984
5008
3150
2068
2468
6788
6739
7855
6259
386
143
6462
8223
8500
2268
7377
2802
3494
2408
3585
3360
725
6358
7423
5060
5294
6989
8887
408
9875
3850
6476
712
5304
9204
1118
4404
211
1105
5785
3662
5163
6088
6269
3357
3563
3813
2561
8697
2847
4168
8370
7382
4428
2913
4553
5243
2282
5018
979
7879
1
856
3611
4034
2765
7880
8366
6079
7172
1224
5893
4588
8513
8576
4805
7415
111
4331
2592
9103
9545
1991
4788
3064
7483
2631
6340
622
5334
5751
9573
1696
4083
2332
3553
7732
8292
5725
3911
3764
7959
1248
9768
4469
3487
3258
7634
6466
2488
6864
7914
3598
6218
2394
6247
2218
3419
6755
7768
6029
2126
3293
8114
5721
4018
9056
1196
7505
4452
4509
8364
6303
3300
736
9510
3951
4743
8487
9614
4893
3581
2546
7982
4000
7429
3449
2161
2128
9006
1169
5817
6993
47
4463
1383
8172
6185
515
4099
665
3327
3793
5365
514
6322
5467
2575
5481
1688
6172
7814
2526
7952
613
3576
3043
2189
3616
4871
4186
1311
540
4768
2898
6080
3986
3112
7086
5899
5277
7342
5671
4800
2511
5138
2978
7395
654
2818
2735
8994
1918
1057
8764
7758
3183
6689
1070
1676
3867
3721
5536
9530
6423
2333
1348
6384
8867
1613
2296
4234
4379
4560
3095
7529
1954
5695
2365
6790
4065
4330
5189
3689
3459
130
2700
2578
8340
4923
3427
2508
9283
4772
1629
2978
3183
7711
215
1318
5509
9354
7469
6610
3656
3723
527
2433
4846
6570
4475
635
7413
4508
8554
7546
1599
203
4730
6584
4600
3040
6557
9849
719
8556
1481
3786
2902
733
1026
9221
1423
209
2536
1787
4256
955
1340
331
918
872
3349
4348
5175
5092
1273
1637
8132
8158
7239
9351
9461
2017
7642
8317
9739
2988
8539
127
4207
6947
1449
3575
217
4652
5846
3627
9169
1583
217
4894
7307
3659
7789
874
7299
7606
6695
7089
4021
7529
4491
1695
8574
9780
562
8830
4086
1628
2247
8596
268
5719
3344
7227
9664
9050
609
6406
7604
9464
738
8509
7256
5755
2010
2772
185
6510
5747
3233
5012
2320
5277
9632
2661
6639
8901
8214
4469
4777
4541
2153
1468
3071
7940
7362
8929
8369
2271
5561
7164
86
1098
1275
1468
778
2003
5991
9582
529
8256
3058
3711
7956
9653
5085
7082
2607
4763
8762
5194
7956
4374
6156
6838
6865
2415
6508
2509
4511
6552
9157
1289
1042
2930
1755
8786
7040
6987
4254
4541
2498
2739
9345
3617
8282
405
350
7642
8103
6218
3244
7085
5008
6719
4439
6355
6254
1903
6175
5642
2693
2422
3376
9917
5652
8296
7782
7316
803
4428
8266
5741
76
7282
9834
3691
4406
5851
3270
4498
4666
6302
9622
4357
3763
5175
5163
8793
7537
3530
4681
2908
1441
389
4537
7868
496
9322
3798
6017
8041
7165
7235
5194
3997
7260
8874
1050
8427
5662
5046
2103
4080
1531
3188
6520
9454
5851
437
4283
8265
9647
268
4295
7409
4623
1114
2184
1056
5372
9115
1578
1963
698
3948
1633
3912
4855
5792
1087
4075
8266
8992
3541
287
1871
7837
4232
2851
9701
5929
3846
155
561
2100
8946
6286
9460
5163
9259
3891
7852
100
6147
5605
5485
2207
6373
1044
9398
2583
5143
1327
31
2403
4150
9632
4394
567
1002
1830
7984
5308
6595
9169
2151
353
5673
4457
4650
6825
951
3315
7436
1090
5700
7935
4353
2658
2006
7790
3709
1098
2685
6049
6641
4821
4226
9013
9985
8432
7961
9632
1287
4214
7351
2651
2633
2525
7344
4501
7509
9487
3399
9159
8847
6877
7331
3783
5595
5629
1506
3357
1147
6468
8
3159
3809
685
8456
5196
279
6147
2629
5376
6061
2643
8675
4767
429
5050
1523
5950
2513
6087
6863
4744
4774
7042
2172
1415
870
950
7332
7594
6871
3695
2412
4850
4195
4452
9591
4515
8516
9406
3820
3056
5933
7830
3280
3788
4651
7027
7117
693
1218
8045
5959
2430
7475
4242
9173
7582
6958
1080
7045
5858
9675
7091
3993
5078
3278
6559
8288
8416
3437
466
8560
2438
2689
2688
4084
8437
3659
3862
3010
7422
514
2286
4244
3972
1351
2121
6534
3654
4218
6726
8724
3299
978
654
9064
6755
972
5676
8172
1384
8342
8772
751
2192
935
5492
6266
3789
4977
7989
8597
7764
2810
1848
170
4544
1799
5517
8565
772
9767
8075
8134
7938
634
2722
4447
2315
6839
5202
8020
5750
4367
2741
8863
9295
1098
8797
2424
7891
6922
8870
3023
1877
9267
6876
615
3729
9959
7201
7949
2897
8769
2062
3846
1876
6394
5015
8542
2128
400
7937
8866
6695
7056
2502
1828
846
2056
1380
8268
6579
6637
6097
9560
660
9917
8932
2124
9467
9869
9523
7675
2037
7278
6124
9963
4225
7040
4237
5414
4859
152
4318
1141
3809
203
1123
2367
5882
6802
8901
8035
327
6350
2947
3548
2161
5458
7322
8862
2617
7990
3564
7363
8262
8554
6427
5644
6388
8722
5074
3779
7354
9291
2986
5799
6021
6606
2946
4345
5775
2439
4960
8543
9695
570
9101
172
5324
1134
9286
4154
7129
8265
3846
2192
7076
5662
4371
5277
1962
4537
682
5258
1436
4671
1694
8429
9757
7889
3065
1939
7251
4285
9493
2322
9383
2717
6405
7614
5949
2238
7575
2313
3193
7581
5681
5244
580
4507
9537
6113
5722
8694
5883
7339
6002
7233
8284
9203
9290
7076
9915
2057
5309
4541
5263
8006
7800
5262
7189
3551
729
8704
4086
3220
1410
5620
709
1351
7746
2199
5692
9645
6817
2356
9
3554
6549
4681
7607
7414
2740
6562
9005
3029
1875
1123
6614
3508
3241
5715
4499
2800
4088
5384
1162
3649
8630
6917
1890
8890
6444
9636
3135
3324
6270
1049
6997
