8836
0
-2539
-5737
6848
-2892
3566
-4539
6678
1487
4498
9462
2675
7985
-2478
-7497
-9394
-7262
-5705
-5025
-4053
-9962
6421
1035
-2439
2580
-7626
8730
9944
-9707
3154
985
5932
5364
-4759
-5612
8523
-3803
-8227
1392
8063
-2280
3313
9809
-5940
-8438
-5729
-4237
3799
-680
-5515
7764
-3202
3257
527
257
9572
3640
2090
8369
-9276
6372
400
583
8947
3987
-2967
8931
-6200
7191
-6791
-9270
7268
8948
4508
3154
-7925
-1249
-2112
-372
-786
-1346
175
-4599
5624
6894
-1518
5838
-9632
-2180
-3420
-4654
6456
3259
5926
5900
-4276
7852
1889
2886
9040
3590
-8804
7203
-9689
5548
3825
9758
-9216
1261
-7415
8365
-6790
8991
-5809
9021
-594
-634
-1148
1846
-6188
-822
-8142
9527
-9699
-319
-7909
6498
1035
1175
6160
8934
2830
8637
-3057
-2984
1352
2024
-6575
-4738
-2925
8466
-7163
-3511
-4684
-5595
7096
3036
-9023
5009
-6580
-7048
-4595
-4245
8343
-3479
7968
4667
293
-8424
-7311
-6058
-3853
2882
-6264
7923
-6746
-7171
7352
-6369
1179
-3194
3113
-6994
9946
-1713
1453
2850
4123
-8033
3350
-2304
-7470
1789
1443
-873
1427
-145
-4050
-2805
-1315
5584
9601
-1095
7605
-2835
645
8935
7964
-2290
-9394
-4498
-1022
-8891
-5670
3753
-2775
-8052
-3279
5058
7906
6653
-8040
5261
7317
-7300
3593
4561
1794
-1181
9862
-5398
-4925
6142
-9813
5240
9000
3819
7584
7854
-4782
-9577
-7185
2754
9519
3928
-3444
-7633
-6654
9741
-6481
-6163
1433
8047
4277
5389
-624
3190
-7738
-2206
-9865
7829
3146
-8782
563
5964
-1906
-2608
5136
126
-4306
8238
8869
-9960
3841
7370
-2130
3590
933
8924
-9431
4337
-4406
5097
3319
-5719
8712
1929
7981
1944
-3745
2370
-8483
5967
-3132
6825
8038
-5167
8404
-5742
8927
7190
-8893
-7897
-4684
-9986
1131
-7777
2855
-5754
-8128
-3328
2322
6397
3888
2220
7548
-2362
-4003
1927
1335
-78
-5008
-4027
6040
7132
7033
2728
8296
-4053
-5081
7070
-2559
-3821
6558
88
394
8924
6680
-6892
8705
724
7926
8511
-5891
3046
8917
812
-5805
9679
2580
-7806
-2125
6523
-8838
8136
1929
6965
-907
7112
6486
117
5944
-9046
-4817
-4113
8497
6432
7404
487
4340
2248
3598
-8639
121
-5007
8348
6743
-362
-3056
6011
-5543
9220
-3092
-3235
-9869
-6763
-9511
-9831
3863
6444
-9731
8187
2477
5664
-1948
9843
-4973
4042
210
-6325
2561
-2804
5414
-372
-7959
-1578
-2750
2655
-7344
-7411
4202
-5432
-1564
-8529
-9700
-1870
-6874
7748
4420
8570
1787
-3755
7510
-6418
-8171
955
182
3114
-2728
8289
-6355
5872
-7552
-3397
1100
404
7239
3624
747
-8782
-1383
-3817
5162
-3571
-7716
8107
5472
-4771
8162
-3613
-3234
80
-3724
-7436
-5368
-3186
-6729
1049
4050
-8290
8768
7334
-2138
9187
-3082
-4529
-7293
9936
6417
-2973
5667
8538
-4382
-8162
-1519
6185
6904
-5812
-2470
-3755
2012
8786
-1321
-7005
6293
9322
-2276
-5578
-1633
4355
-5367
1578
4672
-9700
7053
-6478
2568
-8898
8699
-6934
7895
-6947
-1782
2610
8936
-5274
242
-3382
-953
-2905
-2317
-9153
-9132
-2296
-883
5609
5512
294
5206
5935
-4482
6385
-9025
-6742
9526
6839
1532
57
-2594
-2342
-1303
2766
5225
463
3999
3853
-6548
-7044
-1381
8455
9489
-6760
3743
-5133
-8804
-7054
9344
-5722
-7344
-4617
-3025
521
-9213
2296
3374
-9573
5585
-3963
-6955
-2174
5799
-3459
7590
-5750
4026
3195
-6856
-4738
-7556
3778
-7164
-9077
895
94
-7471
4628
8706
-7498
-6451
-1445
-7508
-6370
3968
9151
2178
-3059
-5445
1304
9747
4066
2275
1371
3777
3822
5188
1174
5725
3738
-8013
-2273
2106
2883
5164
-4110
-3277
3733
31
7769
6080
-2658
-5101
3570
4392
9923
8947
-8340
-1588
-7712
-4052
-5355
8046
6592
4904
-3880
-3653
2155
-2293
-7468
-9886
7427
500
-7757
-5844
7062
-2642
6297
3
-1708
2730
-9399
4113
-3854
-836
-8161
8721
-5292
-4646
3161
-5023
9540
-1084
3863
-8539
6565
1642
-7307
-4959
8542
-4541
-562
-2396
-8641
1197
156
891
6
-7208
3174
7883
7326
-9140
-3426
6195
-1348
8389
-2829
-8863
-8839
8004
6749
-6646
-2886
3630
-2865
6991
-217
5663
222
1150
4598
3977
2354
2398
4236
4610
8882
9661
6900
814
-718
4319
-3496
7443
1984
-6903
5597
2522
-5620
-4178
-2848
-9102
-9328
2222
-7736
-4980
1233
6768
4157
-2325
-7460
6323
7760
5611
4793
8443
34
1088
9871
-5744
-8455
-9663
2891
-3044
9150
8003
-9478
-8892
-6572
7934
-755
1543
9801
1732
9480
5590
6382
-1134
-6151
1352
-4188
5786
-2901
-5737
-2944
7372
-977
8440
9590
5971
5575
-8997
1548
-2956
-5564
-25
3220
8517
2017
1389
2098
3425
-7605
7765
-3377
-8621
4003
-3493
-1002
4312
-8314
-2496
-9432
-6766
5096
7343
-4428
-3294
-2734
-2064
-4122
6782
1151
-9176
3153
-6548
1631
1941
6378
-3702
-9071
3598
-7414
1793
-4702
9238
9863
108
-8520
341
-7427
-2084
-3138
-1210
-3116
-8985
1291
-4906
-4701
-5406
-9705
7572
6380
-4647
-376
5448
-2621
861
8714
-6357
4366
-6251
-9342
-4668
2795
3680
2813
2683
2739
2937
-2945
-2246
-8259
5766
4350
640
3583
-83
7025
5635
8336
-7760
590
-1964
5017
6529
-2360
2993
250
5092
1667
9903
-7605
-1797
3259
45
7650
6588
-8196
-3387
3155
-2367
3651
1138
464
44
8471
-1488
-6802
-8180
-2374
9087
5961
3435
5110
-5429
8582
5401
-600
-9578
-4937
4768
606
-1186
1523
1144
4695
5514
-2170
-5347
-8128
2135
3357
1551
-7767
-8872
-9261
-175
-2647
-3346
4
7575
9496
-7446
7820
1531
-2070
-4110
-2491
-1445
4946
-8435
-3219
-5626
5363
-6696
-9727
-9697
-5526
-8749
5
2079
8443
9840
-5538
7338
-3024
3945
-6903
-4866
5669
-8489
-5221
8342
-6905
8221
-2659
-8590
-7679
411
3814
-8987
-3543
4297
-335
1033
-8815
-9557
-9607
4306
6516
-7901
6634
1280
5989
-3963
-2467
9399
-8754
7561
1494
-5816
8793
-6548
-4725
1549
3641
1335
6668
3858
-4605
-8015
-8724
7544
5784
7764
-4332
1987
-6623
4968
-7830
-8418
5781
-2860
3120
-6571
9336
991
3013
9696
-2326
5900
6835
919
9804
-3822
3967
8561
2633
5987
-6187
-1109
-2976
2619
-1756
-3802
8799
-4309
-4141
1124
-5595
3719
-7610
3617
-3728
7809
8396
6518
1353
-9268
-4939
416
9993
5182
-1704
4155
1863
8309
9582
-4632
-175
3007
5997
9831
5397
-3948
-9131
9782
-9888
7713
9096
3640
-7304
7200
4697
5124
-2562
-9659
-4554
-9025
4455
-2410
-3647
4029
-3495
-2007
-4025
-9329
255
5340
-566
-8097
3785
6691
-5593
4384
8253
-1996
-6507
-7340
6512
3389
-1334
6659
-2261
-3267
7140
-8954
-651
9963
4138
9078
-9335
7124
8029
-8728
758
4576
817
-1330
7872
6676
-6262
2244
-2878
-2138
-6850
6568
1837
-8504
7434
-303
5388
9906
3216
-5012
8116
4423
-1062
7841
-2657
153
8503
3508
5286
3831
6041
5905
-7508
4670
-293
7556
4948
-774
-9229
-2454
-1275
-6206
-3831
117
-2269
9561
8102
3544
475
3588
2828
7988
3524
4084
722
-1034
2207
-6567
3765
-3076
-6634
9865
4351
-265
6247
2465
4657
-853
7711
9363
4981
-4169
7787
2104
8872
-1068
-9229
-2768
-6633
5691
4135
6116
-2535
7411
1555
-249
9983
-4142
-338
-470
4243
2534
2654
-6557
9335
-5099
-457
991
-3749
8333
-4683
-2663
-6581
-6972
-958
-9162
3770
7418
6830
-2072
-4191
-2035
4049
-2755
-1721
5032
7329
-9267
-9330
-1147
6806
353
7174
5767
-1748
5703
-6551
8336
-3703
6853
6814
8204
-7485
-5974
-3703
-8769
-944
2990
-6460
-7568
-3101
-6581
2716
-8092
-7631
7593
4054
6983
-7124
-6586
-7571
5164
9581
9385
2837
1091
8100
-8864
-8693
7903
1739
-8857
-2477
-2763
4961
4357
1072
1491
5057
-876
-4935
9565
-6753
-8481
1001
-7493
-4025
-7738
-7881
6059
3582
2201
1695
9515
-8876
6161
4489
-8130
-2623
-7472
6748
-6740
-7732
-5651
-4693
-2720
5112
2613
6633
2831
-4825
5612
8251
-6788
3889
-7266
2873
9847
9244
-9387
-4900
4386
-4827
7922
-690
8458
-8166
653
7440
-7390
-42
8781
7248
8593
-2216
-501
1371
9660
-8568
8509
7948
-496
-280
9050
-1007
5095
3593
8720
1187
1803
-4032
8731
9352
-7725
4352
314
5905
-1807
2406
7592
5817
1007
7477
-4202
-8994
5154
-485
2599
-2660
7632
1390
-7656
2792
-9569
-5954
-3360
-1512
-6703
-330
-3300
-4543
-9718
-8930
1328
3227
-7897
-5060
-2405
7035
7098
5663
6168
-4353
905
1408
5333
5738
-9421
-2030
-3704
-3048
6104
52
-69
6649
8102
-2112
4473
-2356
3501
-8149
-7332
7571
4066
-832
-5796
3028
1928
-4522
-1211
-2846
-51
3047
-4315
-5110
4753
3163
-9878
3798
6755
-1442
1582
6472
-8861
-5486
-4771
-1009
2772
-3776
8084
-5843
-8482
184
-5441
-1198
1593
6980
-5981
7320
-4270
6008
-4730
7206
-7593
6237
-5122
1881
5750
4511
-7863
6636
-5636
-4611
-1375
-7444
5537
-9915
-2437
866
-2495
-1858
-8755
-4874
-5679
-5064
942
-6991
9634
-5682
3835
-4244
-2147
8835
3752
2238
-9167
7693
7391
8388
-9955
1426
5089
2150
2540
9311
4031
-5631
-6386
-9678
4909
-760
312
-5204
4767
-9711
5041
6471
8862
8298
1394
-5266
3357
-5174
7699
1939
9401
-6233
-9771
-2737
6888
974
4401
7370
-783
-7933
968
-7185
-8724
-773
7332
-7499
3628
1268
6333
2612
3748
126
-1760
-2663
2744
328
6722
-4546
-975
-6389
-6188
-9848
9038
1189
-6654
7549
-9904
4049
-8534
941
-6207
4273
6022
4214
1428
-3142
-9182
6939
-5408
2339
1029
-2307
-492
-3848
-4687
4541
52
7744
-3406
-3274
2206
4644
-6644
5835
-7330
7600
6949
1187
1799
8678
-771
5496
-3500
-411
9156
-8424
691
2898
8259
8294
1151
-4569
-8789
-7066
-1443
5062
-4766
-2661
5305
-6919
1981
8051
-9953
2898
-872
-2781
1041
3133
-9776
1308
4057
6040
1760
-6790
-8884
3093
9326
4979
-2542
-446
-1352
8761
-1977
9153
-2608
3904
-8331
-8144
1152
7634
3853
3521
-8518
-5403
8203
102
3969
6772
5213
957
-8656
-1492
-226
-9760
1569
-5627
1384
521
-1309
-617
4281
-2315
-7812
748
7698
8374
-4213
6560
-5785
9280
-5711
-3947
-5666
1550
-9026
6920
3668
7591
-9693
4316
2574
3682
1739
-1410
1745
106
7370
-1400
-9850
-6351
-8611
3627
3463
-9313
1986
3671
7160
-1993
561
6162
3674
5786
-7561
-7095
-4378
2580
6357
-1806
-1025
2530
-727
4000
-8634
237
-7332
-9412
-2698
824
-1515
-8313
6317
4122
-9027
358
2793
6480
9466
111
-1274
-909
6923
-5332
5884
-4584
8520
-2335
-3259
7316
-3726
9582
7544
-9032
5397
7920
290
-4906
3692
17
2817
8879
9358
-2048
-6040
6782
9205
-8927
986
-153
7106
7459
-7476
745
-4971
-1379
2406
-3077
658
2236
8707
-8459
-3278
3837
-4696
7552
-3760
-8093
2214
-7979
-3651
-7789
-1884
8023
-2003
4671
-5876
-3248
-1616
-5834
9004
1245
-526
7986
4449
1900
-6921
-9542
-2420
-5051
3686
-1982
-8686
8383
2127
-7922
7312
-4276
1679
7567
-1705
-8166
4685
7686
-5527
-2832
9498
-2494
4181
9628
-7663
-4771
-130
-4670
8221
7404
-2032
-4576
-7495
2747
2590
-2980
7481
5660
-8357
-9568
9102
6954
6494
-5888
1526
-5198
-5909
6073
3306
5598
-2851
2017
-2714
-1700
1179
-5887
-5552
7371
3214
-4450
4191
7415
8931
7301
8330
1381
4489
2746
-6914
2477
-1798
-84
1621
-3297
5818
-1367
-6639
7536
-5686
-3163
-7700
9421
3994
-9619
1523
-315
-24
-2394
5921
-8627
-2971
7754
5400
-7917
7895
5513
-5728
6103
690
1663
9520
3190
-1626
3057
7848
3254
-1557
8834
-1387
-5809
-1571
-2072
6659
8144
576
4889
-3156
6213
3326
1388
-2085
-6839
7497
-5697
6534
2638
5677
5309
-1333
4403
-763
-8377
-549
6840
3135
3421
-2583
7829
-2417
60
5243
-335
953
7860
483
4228
-88
-7020
604
-911
9748
1531
-655
5118
-9732
5514
-7656
4790
-2024
-1440
-1523
-4434
-2746
260
5123
-7431
435
-8641
-2137
-7873
-8230
-8786
3713
9251
-2043
2974
712
-2230
-432
-8694
-698
-3532
3819
-4428
-3411
8642
-5755
4011
5767
8623
8924
7011
-9860
4085
5769
4126
-892
-7863
-4733
-8130
6787
3635
3725
-5389
-5607
20
-9543
-1016
-2555
766
-5648
-2629
-60
762
9233
-6983
8421
8253
7717
-1901
430
-4745
9780
7667
-8104
-697
-8851
5250
6563
-4913
-4610
-7949
-3213
-6873
772
7144
3375
622
362
8075
7851
2204
-1347
103
-2057
3820
988
-7725
-5733
6882
-5010
-2209
-6848
-8625
9623
-2668
9546
2637
3600
-2174
-5154
-171
75
-8736
3422
7898
-9699
6552
6002
-2203
-5574
9099
-1341
-7485
-6521
3247
-6575
-4437
-1342
5890
28
-4311
-3383
-1223
1014
-951
1604
4156
-3403
-3929
-3088
2358
-5123
-9620
-227
2484
6206
-4108
6485
-6702
22
5961
307
-3543
-8272
9423
-9594
-7809
-2260
5754
5927
-9815
-9964
-390
-9548
-2328
-5457
6384
5938
-3686
-9537
-8814
-3598
-5538
-8395
5846
-3854
5053
9797
6603
566
9817
6834
-7815
-9894
7332
-9359
-2187
-4583
-9782
710
-9196
-9384
9392
-8280
-7152
-7919
2322
3097
6472
2271
184
-4277
-17
1081
3694
-4920
3396
8449
5312
-978
1669
8629
4335
-6715
-8090
-9168
6462
-5712
6779
-3561
5307
-1655
8203
-5108
215
-6253
1347
-7144
-1115
-4305
-3466
595
-822
2062
-6116
3112
9838
-3370
-9403
-9255
-5363
3606
-421
-8243
1115
-3443
-1623
3808
527
637
5362
-3515
7659
-3888
6511
9477
-1298
-2873
6852
-4984
-3206
-21
4467
-2811
-5142
-9266
3027
2520
-5338
-6740
8317
-898
-1495
-6424
828
4256
4691
738
-6665
-7834
-4069
963
3897
2104
-804
-2940
1366
-4870
8489
6230
-4036
-8444
5052
-9448
986
2261
-3720
-3899
9400
6046
7896
6590
843
-7925
1503
-555
-4517
9078
6827
-9169
-9861
-7765
149
9570
4688
6489
-4002
5541
9095
2563
-1345
6812
3985
3633
-767
-7360
1567
-8813
3433
2098
-8733
6986
-5325
4171
7646
-4432
1632
-3064
-6607
9655
6539
-8703
6399
-2226
8070
-4484
107
1861
203
-8159
-1690
2080
-4661
8147
-4815
-4503
7577
-6335
-7422
4279
-1176
-9589
-3192
9631
-9532
-4306
9635
1185
4831
1599
2242
-8296
-3224
-827
2678
5127
-7618
-2005
-3203
1036
671
-5934
-5034
9466
-4274
7672
-3828
4775
7434
-4898
6654
-4929
-6927
-7580
-8127
-482
1609
9242
-1417
5009
-8800
-7653
-6289
7473
-939
-2350
-4141
-82
8622
5972
3339
632
-9964
3684
5135
169
2488
-2100
932
8459
-2013
3131
8203
-3311
9936
5582
-7789
-1196
232
-3082
949
-3683
-3000
-2126
-3826
9716
2003
-6494
-3802
8248
5733
-9556
-7588
647
-2464
-3909
9601
-7472
-4118
-4154
5894
-7799
-9293
-8512
-16
-57
-3271
9931
-6481
8015
5562
714
4972
-6397
-5922
4698
-3437
-8732
7510
6908
-3278
-700
-640
7454
-7438
-278
9167
-2889
-8930
-970
7984
9083
-901
-1763
-3188
5482
-9866
9577
1951
8962
-6403
3918
-5834
-2316
4275
3004
-1702
5536
-9142
4166
-5858
1318
9539
-6995
-1288
-2071
-7595
-9362
8443
3199
1199
9316
-5466
-6515
-3845
-8024
730
9564
7271
2235
-8920
2398
-289
-8672
6389
-1285
7062
-5749
-1570
7639
98
-5251
-3323
-4177
1983
-6697
-6782
-1448
-8492
-8929
9085
-882
8351
3501
855
-2314
-7528
-6130
6391
9051
-3765
-8138
1583
7889
-7161
-9325
-3793
-8136
-7276
3209
-2370
5827
9960
-2333
-5723
-3337
-5341
6285
4913
9712
7571
5260
4110
9469
-817
8119
-1612
2048
5848
-6635
9042
2676
351
4889
7054
888
6075
-3529
-7947
8806
44
-1474
1533
-7969
-9075
-6692
1311
-9306
6843
8707
-7057
975
6828
-6563
5871
-3397
-3850
7522
-6660
-2861
2028
8878
3654
4407
961
-1502
2525
2384
1557
-4700
6937
-1954
3849
-7282
8783
5909
-8209
5785
-976
9254
-2818
7247
5750
6414
-2125
-2767
-800
3098
-4405
4924
5625
9641
8190
9051
9625
8960
535
8633
-6732
-5153
-4022
-9028
-35
-5880
-2582
9853
-6417
-3673
-1853
-5390
9629
7509
-7482
-1616
3094
1113
-6111
6151
-6384
2958
-2191
3163
-1853
916
702
-6510
3868
-2796
-8340
7994
-5397
-4307
-1173
-3618
2698
-1139
9920
-6527
5639
-8015
-303
-5235
104
-4112
-435
-4843
4760
-8452
-8181
151
9926
6213
7748
-9128
-1839
4062
-8863
-8564
671
3847
-7632
9617
-786
-2525
-9610
906
9591
3830
-4133
4779
-6068
885
1133
1330
57
9808
-2814
-8431
2078
-7008
-1481
-7050
8315
-9350
9425
9134
-2803
8419
-9062
8144
706
7378
7074
-2060
6621
6394
9045
-2358
4646
4673
-2044
9400
5669
7361
3154
-7399
7406
8766
-6823
-4988
-162
-8350
3880
3920
-9518
1556
-2627
5557
6063
7740
5262
-6122
-3109
3803
-2411
2441
-5954
-5226
2056
-8124
2946
-1521
2250
-247
-4493
4153
5379
-3402
2812
-1877
2929
-1168
7101
1248
5455
-5559
-5562
7683
393
3144
4701
3195
-5625
693
3133
5570
3725
8018
-2228
508
-8575
5958
6572
6860
-1788
1871
-7880
-6034
4783
974
5201
-1269
261
7307
8814
-5123
9529
7506
-3681
4683
-3279
-1925
-2542
9704
5529
-9202
8593
186
-736
6564
-9785
3139
-478
-3213
-4826
-5997
8967
-8599
1469
9863
9015
-3128
4561
4957
336
-7063
-6806
-6755
-8003
-5942
9175
-2273
-5626
2997
-6540
712
-8267
565
-9708
-1067
-5056
3074
8741
7479
1423
2547
-6933
-4917
-4459
1577
326
8962
-2234
9144
4923
7455
-5551
-702
-2862
4939
-7856
2669
-8669
-8460
5061
4445
-8913
-9558
-2151
-4479
-1717
2295
-8279
1234
-7277
3886
6852
-5825
394
-9829
-1007
-1387
-796
6759
-4400
185
8693
-4262
-5776
-8491
328
-4349
-8138
-867
5910
-4927
-5901
7119
6816
1430
2428
1732
3703
-3293
9284
4850
-1879
-9008
1263
8352
7028
-958
21
3598
5710
-5551
6386
3645
-7315
1162
8759
7235
9027
-6908
4017
2492
-9588
-9713
-5971
4840
-4823
1253
-764
-3464
-2650
7434
3306
-3259
7225
5377
-4620
8046
716
3136
-3006
-9283
9243
3540
5635
1796
-4415
-1088
4045
9894
-7496
-8943
1540
5348
3220
1619
31
4855
-1743
-2190
-9566
5428
-4691
-7241
-3389
2551
-7381
-6427
-4439
3059
1769
-3994
-2438
5437
9906
-7478
5476
577
2297
2284
-3701
9799
3955
2471
7997
9153
-8685
-4954
-8591
-9539
-5781
1775
-2857
-8963
3472
3833
-8746
-8992
-1392
4593
-3932
2688
54
-9538
3290
6470
5371
-7463
-1325
-5412
-254
-6395
-1483
-3544
-4532
-5967
-9319
-7693
4958
-3587
-7548
6204
8216
4846
3255
-1450
-8671
-422
3803
-6049
6512
8257
6383
-2558
-7354
-1651
-6229
-503
6922
9450
7105
-3295
-9000
-1563
3166
2931
-3277
-1965
6946
-1101
7354
-5991
6219
4647
4209
-8745
8566
5509
7852
1646
1589
-4708
2737
8281
-5945
5513
2365
-5710
2539
-5005
-4453
8234
-73
3755
-383
2486
-7826
-6827
-7462
-549
2734
-7790
-4430
8372
-4534
4732
-1173
4941
-8782
8649
-6365
3442
1839
-1846
64
5380
7770
4344
8247
9319
-5083
-351
-5604
8012
7950
2572
8151
9324
-1047
-72
-481
5745
3664
-8675
9637
7650
-2239
209
-269
4204
2214
6482
-5224
-5295
1591
-5688
6138
-1365
4383
-7465
-7099
-2327
-9730
-2187
-4452
-7566
-3111
-9104
-7485
33
-5191
9542
-650
-3402
-4034
-6921
2581
-1922
-2847
6661
-568
1934
-2731
8554
-9902
-1477
-637
4686
761
-7578
5590
-4453
-809
2000
1607
5897
8387
-69
5847
6813
1743
9166
1314
596
7071
3052
-5918
-5456
-5770
-6174
-9821
9417
4413
8518
-6436
-4055
5642
8571
-2901
-9729
8727
6157
-8879
-7415
-6358
839
1468
3686
4775
-5022
3831
-8088
8109
1182
7204
-4731
4204
-6694
-1420
-6436
6168
-7996
935
2755
-7026
9734
-7398
7263
-6816
749
-4075
940
-2712
-4477
-4457
-2321
-1513
6047
3719
6245
2497
5072
-6208
-9433
8055
-1111
3161
7599
-5905
-2660
9201
3232
-3862
6275
-4371
-8668
-7153
-290
4399
-5865
1366
4051
168
-8453
-3160
5001
1197
-9100
-7500
9577
2088
-869
1384
-7952
3130
531
-2031
-8331
7806
-9710
1877
968
4979
2131
-8552
864
9451
-7835
132
459
3330
-5638
6960
-9757
-3669
-6866
-7624
8811
1704
206
8740
-8765
-7262
4308
-3726
-8063
6034
2339
-4416
-8927
6145
4363
7425
4939
-4407
-3996
3956
-2094
6982
-155
5952
-5820
-3454
7960
-9032
-8122
7244
4452
9238
-9187
3689
3092
6590
-4226
-892
3541
-1203
4824
1430
9910
-7685
-1747
5061
-5142
9916
-8112
-8461
-7076
8214
-5991
-6788
413
-7384
7641
9087
3852
2696
-710
-7186
-9597
-4724
-5955
-961
-7690
-5654
-8347
2136
-4179
-9330
-2171
4094
2793
7166
-214
-3878
-8756
1417
1584
2766
-1326
8718
3103
1722
1713
3111
7044
5304
-4496
-5007
7877
-6480
5190
-1788
-9848
-6153
2855
-5180
8306
-7238
1691
-2071
-9224
-5699
-3116
852
4231
3791
-3579
6008
5097
3486
-1600
-2326
723
4137
-6098
8225
-1704
5506
4308
-9286
8969
3173
-6073
6068
7149
6918
-1257
4028
-6670
6885
2620
5447
4277
2259
-3493
-4175
-4182
1836
9497
-3852
3501
396
-5950
-5787
-4456
1525
788
3843
7609
5049
-502
-1132
635
7030
-1228
-5054
906
-3689
6687
9752
-4552
-7286
2401
9825
-7079
-9607
6702
-6005
-2513
1004
6585
2633
6164
8683
6360
1608
-4499
5428
-2255
7112
-1985
-2877
167
-8991
6413
-9723
-6249
-3029
-7090
7813
-3604
6759
-780
-1780
-2174
6314
-306
-7877
-4011
-6940
-5498
-9313
1869
9520
-6508
-7104
553
3524
-6209
364
4440
-6920
-8560
-7149
6121
-5733
1318
-2108
-9203
4322
-1302
62
-6802
1099
5241
9807
4059
9218
6032
8506
-6163
-5352
-2470
718
-9201
4222
592
4258
-422
-2842
9877
2334
8948
-4529
339
544
8133
-4093
3368
-1827
-2543
261
6620
5040
-8892
-1214
4182
-5285
6890
6364
984
-1492
-2631
-4485
2577
-3647
5654
353
-9014
8165
8172
-5482
-3436
1344
5313
695
-8734
5390
-4086
-4407
9214
-3801
-2449
3479
205
-8071
-8514
6010
-1785
8381
2619
8593
-3731
-3125
1072
3659
-2597
-9842
5295
-1292
234
3771
-2975
8387
-1772
-5906
6023
4052
897
307
-7192
7776
-1749
-3064
2752
-5056
-3526
-7408
-9425
6045
6351
890
4876
-16
-9165
-4048
-2238
6786
-9289
-5219
6001
5144
-3431
-5391
-3553
-9611
-8210
-3591
1728
-6398
7227
-1020
-4137
3196
3017
-3815
9281
9856
4758
-9112
2104
2420
9921
9079
9630
2822
-8336
-3196
8644
-5971
-3811
-3709
-7791
-2657
7651
8252
-5901
4710
-9464
-9607
7111
-8017
-8630
3315
-4033
-5191
-6603
5313
5639
7286
7757
6243
-545
-7466
-7066
-6658
-9531
-4527
3576
5459
-9141
9920
-843
-2239
-7781
7783
-1658
4653
-5256
2657
-7175
-7
-4582
945
7222
6035
8802
6119
5958
7645
3818
9968
-4194
9243
9853
4649
-7473
-7349
-8046
4012
8608
-903
-6049
-3132
3072
5880
1572
-5728
3912
1686
-3295
-9718
-4615
-7168
3387
-3418
-4096
9897
7091
-7227
-2851
-9714
-8815
1648
-3897
-5447
7664
4380
-9966
-2863
-2950
6230
5137
-2658
666
1172
-8957
5994
-7295
4666
221
-319
-1622
849
5220
1645
-226
3062
8207
-685
233
-9480
-2011
7069
-3338
7936
-6114
4281
-8818
7605
-8406
7393
3211
605
-5473
-8874
6063
-5804
630
-9172
-377
4671
-9642
7123
-8615
9650
-6219
-7879
5510
-262
4140
-1482
5908
3946
-7679
7249
-8919
9662
675
-4971
-6262
-3561
9849
-6839
-9642
-3561
-5900
857
8757
-3521
-6504
6348
-2812
-7560
6746
-573
6439
-1968
-9517
4722
-2217
8785
-7051
-7269
-8984
-9425
-497
-9251
-7273
5675
377
-9349
550
-2898
5139
-1817
7133
4903
-6833
-9484
8417
5686
8097
2377
-7945
-3156
6250
7561
-9367
682
5909
-2411
-8778
8692
-4012
1642
4649
765
-276
-4690
7084
-3339
7704
5715
5106
2725
2550
1247
-3601
8799
9838
-2548
-8643
4528
1296
-822
1526
456
-7769
-4495
-3417
6249
8626
-8409
9166
1155
8005
-8329
-140
-872
1481
2102
-4213
-5800
5566
-8964
-9065
3447
-5650
-4494
5316
485
8404
-5898
6939
1431
8028
-6774
-3289
4958
1588
293
-6768
9347
-4587
-1672
-7786
-813
956
-3681
-4182
8081
-925
9335
8382
8051
2296
769
-3600
5026
-1061
-4447
7917
9314
-2127
-3341
1913
-1371
9010
231
4053
-2368
5189
-5311
-1771
7824
-202
867
-5844
6489
4712
-8003
7383
-4559
-2338
-7488
5379
-7896
1801
-9706
1330
-5124
2557
6438
5700
8586
-9789
-5521
2878
-5478
-2180
-8423
-929
9009
-5833
-5114
-9316
-2424
8068
9084
-2874
-341
9450
-823
-5012
-3488
-9311
2601
-5752
9689
9059
-5532
1580
-187
4922
3513
4120
-2736
-3763
9815
6109
6951
9668
5858
-7195
8721
3248
-334
-651
-5882
2604
-526
4783
-8485
310
-2581
3500
-2735
4377
2080
5017
-1252
-1768
-3687
-9728
1195
-1027
-4884
5337
4438
-51
-4547
-1553
8616
521
3013
9773
4822
6588
-5948
-4457
2229
-278
8259
425
-4920
6307
-6039
-5294
2190
4727
5059
-969
4423
3179
-4348
1209
-678
-1738
5787
-5596
1556
6773
-1655
818
3885
-9984
6772
8252
4074
-6214
-8935
-6598
-33
-4642
-3686
-271
3934
7284
-965
-7981
-4751
9213
-8715
6950
2474
-3225
-4196
7837
-5150
9649
-4224
332
-9004
-6809
-3673
8173
7302
8640
1841
-1096
-3958
9410
3861
-6587
-5462
-6190
-7515
-179
2746
7224
1973
-6736
-9580
3531
7844
-1401
-3876
6013
2873
-424
-6082
-7383
346
-4640
-6424
2594
5388
5223
-7386
-2790
387
8906
6120
-7597
4411
-1619
-8842
2587
5603
8875
-5518
-1433
3331
-3286
1133
1933
4232
6993
-7610
-6053
8734
-1053
-3971
5619
-9420
-8987
1708
-9708
-8593
4681
-4131
3773
9962
-1923
7159
2570
1419
-1395
-5482
6247
-4803
-5637
6878
2283
-5328
7179
9685
-5136
-793
8998
-5906
7038
-8271
7245
5768
4814
378
6012
-4481
946
-8942
4718
6830
1319
-6141
6490
8542
-8272
4578
-3893
-8461
-3017
-1189
5231
-8947
-1678
8072
-6013
5793
-1238
-9763
6943
3649
8174
-1357
-663
9241
-4312
-5593
6777
-2800
-790
-378
-6719
-621
3964
-5748
6883
8744
5957
5702
-8311
-4833
-2104
-2499
5359
-8641
8461
4454
4052
-3437
-1548
-5665
-9249
7475
-2377
6439
7585
-4135
5440
-2701
1112
6468
9951
2848
961
-5787
8088
-369
1951
3099
8431
3296
-8146
-2552
-1407
100
8969
-7880
1257
-1863
1026
-8637
5393
3986
6062
-3061
-7541
-5725
-2327
-4995
84
-921
-8758
-6078
8063
-7635
-1123
7136
-1317
-3851
2538
-1401
891
5922
-655
-9920
5207
-5555
6162
-5487
6447
6190
3265
363
-9108
-8401
6976
6785
3567
-2646
1542
-3595
1492
-8358
-5330
4927
-5214
1755
-2912
5738
894
1816
5210
-3338
8613
-4546
-8797
6803
-5326
-3189
-6462
576
8572
-3864
-7791
5021
5948
2641
6165
4813
2816
5889
-1275
-2485
-5120
-9268
6731
4248
1981
-2519
-183
-4969
5021
4427
3312
-6605
-4300
5338
-6709
-8858
6385
2289
-1968
-4532
467
8918
-6183
2848
626
-5655
-2161
4576
2904
-9737
9935
-4321
-6833
-9249
1537
-8694
-1535
-5126
8763
-2543
5489
1935
-7188
1428
1046
-9935
-5886
-6052
6033
4568
-4976
4047
-924
7922
-610
9609
-2102
-2984
-9475
-5989
-8921
-9084
-3867
-1342
4079
-3563
-8113
3376
7158
7514
-9018
7572
6137
5270
2436
3702
639
2160
9131
751
3700
9563
5384
-8444
-3340
4561
287
-4982
-1541
-9694
-5175
3737
-5026
2167
2497
7355
5892
1202
6341
-4259
515
-8279
-5805
5540
303
-8751
5561
-7862
9258
691
-7335
-5775
-4791
4246
-3686
4114
-2090
-4387
7177
9939
1972
4544
949
-5913
4828
1891
-9617
2472
1056
115
-7996
-2754
9242
-6103
-3120
2576
-5660
-4430
-6967
487
3642
-176
5045
-6684
7904
-15
1521
-8156
1202
-5470
6711
6483
-7373
5830
-2798
-6651
-1048
9117
-5842
6626
-4693
9497
-9386
-7917
2556
6383
-9882
1416
1144
-3313
-276
-8089
-7805
-5071
8167
1996
-7995
2297
4117
-5000
1954
-1311
-4601
-8230
-9575
5186
-1276
9019
3582
2866
-6176
3675
4270
-6902
7173
-5580
-331
-941
-6141
8313
804
-5850
-8830
-5982
-9920
5984
9572
-7379
-3338
-8783
8989
-1619
6231
-750
-3659
-2517
8098
1149
9164
5375
-9521
-2447
6610
-1376
3694
-1371
-3387
2484
2541
-5767
4300
-9386
1028
-2293
-517
9272
-8338
-3168
6440
3691
2495
7320
-2748
3683
4860
5385
-1435
7338
2215
4945
-6360
-2580
7621
-146
2666
6958
-5419
-1870
-6923
-233
7792
-5749
8820
265
2024
-7856
-770
-9580
332
4799
-7918
1813
-7935
8312
3956
7071
-4542
-2456
8427
6372
6238
-1858
3017
4650
-2635
1717
-5135
6108
9869
3022
259
6064
-6380
1911
-1549
3371
6000
5377
-4257
9271
4172
-863
1981
5605
-5747
4082
-1788
4723
2957
1047
-4700
2651
2424
-4172
-6536
-8993
-7850
-1324
-3015
4373
-676
-5460
8815
-38
6940
-1012
1164
-9265
-2798
4658
-2248
-6797
-607
5483
400
-1562
2519
5779
8189
-1481
6465
-9849
-5360
-3380
9112
8077
3121
-4240
-6402
-9007
-9678
7420
-4594
-6011
-5379
6940
-3548
7550
-7999
281
-3810
-5003
-7874
-3434
5184
912
7424
565
9456
8844
1275
-5643
-8543
-8965
-9306
8215
9072
-1917
5276
6886
1770
394
8389
7452
8116
-4109
9531
4688
-4164
-7970
4117
-2621
-6656
-5713
-8516
6984
-2902
7690
9682
-9031
4908
6680
-4544
-6379
3076
1851
-1540
-5698
-2725
-8960
2003
8052
2006
4792
-2640
-8510
-3024
4000
6952
-9094
5729
1949
9663
-2194
-6804
9192
-707
-6728
-1717
9444
-1542
405
-6448
-7079
-1889
7667
-1975
3396
-9258
1693
3875
-9635
-421
4948
-1091
4131
-3457
971
-8701
-4576
-8958
3630
-4311
-5400
-1341
-444
-2794
-7742
-449
2688
732
-9206
3683
5255
-5604
7225
-3203
-3233
-1737
2675
-8502
-6754
-6251
-5322
9642
-6619
4640
9498
-3816
3839
-2998
3275
-8160
-1806
8771
7335
-4140
-7670
-3327
8875
-9753
-7203
5962
-5814
9881
-9552
4171
-6317
-2004
-238
-618
6266
2892
-1756
6147
7079
8393
2424
-511
-2456
-4403
-6203
-2142
-9487
-7285
6936
3863
4248
666
-6055
-7829
2593
-9817
9478
-7247
-3941
-1487
3076
-6791
1301
7324
-4646
-610
7335
6041
8944
-2487
-1952
2121
6022
-6622
764
2060
6431
-3387
-240
-9015
-2794
1658
3264
-8428
-4716
1208
-3639
-982
-7887
-3902
-3283
1491
167
5377
2064
-1716
-3299
-3798
-9464
981
-1841
1499
2730
-1565
5658
4996
-1970
-8215
4667
6362
4895
3964
-527
-3669
793
447
-6255
7585
8080
-419
-9194
3916
3297
-9288
-2855
-542
-7340
-5688
-2139
9475
-5682
5799
-9766
-6368
7139
6754
-3158
-4495
-8587
-8337
-6360
-6035
-7848
4511
-3074
4821
-4321
-7342
-9030
1646
-2730
3468
-4838
-4862
7319
-4750
7888
5343
-9573
341
6946
3623
-3432
9186
4402
-7266
9880
9419
-6437
-3064
-9362
2642
-295
-6245
8026
-1010
-9569
2085
1805
-6365
2614
-4015
3448
-7911
-5858
-7442
2546
-5658
-6325
8152
7645
8092
-5636
9325
-2830
-4113
-9819
-5274
6329
-6136
5779
-6449
4731
7111
-2874
-9272
1901
-4906
-8633
110
-4187
-641
8749
1739
3301
1705
939
7900
-6312
7964
-7258
691
-810
6533
-6464
7996
-2703
497
8090
7158
1888
-5356
-4854
-123
-6408
3123
-9755
-841
-3526
-8916
5283
-4502
8843
7507
-6797
9726
4127
4235
6679
-4495
-2566
1974
-4635
-8234
-7668
352
-307
9990
1905
-870
-1434
-8393
2062
5807
8903
-1903
-3021
9005
9290
25
5570
5212
2232
6484
-1978
-3442
3084
-2263
6753
-2425
-3198
3321
5309
-8066
-2498
-2519
5487
5094
-4052
6077
9645
7489
9617
-1822
8074
-7218
5659
414
-7805
4177
-7959
-6811
3020
-1688
-8467
-7787
-5978
-9718
-2689
-8174
-589
-4617
2540
4879
-4497
8787
4213
-6322
8740
-6753
614
-2063
5018
4841
-2251
1089
-2232
3234
-7893
7849
-3873
9046
9858
-8264
5990
-2833
8464
1391
6964
5475
-3724
-1975
-2707
-4153
641
-8675
-8906
7578
1867
-9312
-5899
3588
2567
-1121
3116
-2569
-6209
-9292
-4020
53
-7701
-5458
-7521
-6205
1161
7449
-5173
7519
-3779
-5652
5915
-4351
-486
3885
-9731
-9483
-3046
-5924
4618
8278
-1557
9902
3622
-7621
-443
-1706
3351
2246
-1688
-7631
-2452
-9841
6766
1582
4751
9787
2158
7490
3698
-7196
-8526
-6290
3788
6900
-3963
-4942
5106
-4993
4688
-2752
7556
2333
3366
1413
7055
-7208
4853
3651
-1865
-4017
7094
652
-9377
-6009
-3294
384
-1381
-8466
-6528
-6059
-6506
-3211
952
8620
6309
9006
-7939
-4185
289
2241
-1868
5436
-1367
9276
6608
5844
-1880
-7883
-8411
-7028
2022
6253
4511
6744
-6497
5607
7888
-6565
-2224
-7261
-3670
5936
1180
-7353
-6895
7192
-2205
-2876
9843
-6739
-8454
-3774
-169
5993
-7153
9848
-5355
1791
-4931
826
7164
9096
-3062
-4054
-1005
571
8552
1544
-6795
-2491
-5611
7429
-2917
8019
-4554
9094
-9315
-8247
-3815
-1375
4256
8777
9096
-823
4112
9123
-6863
8613
7331
-1944
-1823
6558
-1890
-7214
-5638
-5150
3489
4795
7009
1560
-7193
9965
7620
-4931
-7821
-7929
6263
7015
-1869
-9448
-3383
4677
-6357
-6313
-7384
6145
1553
161
8270
1110
3376
5461
3946
5324
5704
8557
-479
-713
-315
2309
5588
-9657
-1964
2185
-2040
9540
434
-4955
-4478
6458
-5733
-7168
-8522
4527
-759
-1034
6208
-5659
-8730
-531
3903
-9752
1093
7481
-7582
-2368
-9603
-1067
-4074
1777
-7891
8659
-5179
9793
9663
7914
-2629
109
-4669
-4178
-740
-8761
-1169
9108
1587
4176
-5567
5028
-7001
1300
8950
-998
3529
-4996
-9139
5642
1943
7231
-7235
-6776
4679
7757
-8020
-5392
9629
-5344
-9084
1888
-8828
2391
-1655
8603
6689
6513
-1688
-8993
1206
1215
-7387
-1262
7114
-3474
-2027
-8438
8545
-6861
6693
4029
4092
8707
5362
-9620
9598
998
9237
-196
8956
-6965
-9858
9915
-7389
6310
5320
-8568
2815
5294
1908
-2159
-700
-2383
-3496
9762
9507
-2743
2724
2067
2071
8579
-7072
3698
8305
-901
9024
-3328
1771
-7225
-408
7062
-2614
-389
4138
-5572
-9427
-4833
-2111
3886
-7120
3359
2163
-3792
-2255
1409
3997
-9899
6543
-2722
-4006
-9798
-6814
8662
-5987
5049
-5109
3435
-5886
5229
707
8134
-8580
9491
-9319
9227
8501
-5297
-6208
5735
-5253
-9385
-900
-1824
-5293
-8724
8221
-5971
8483
-5916
4310
-3709
-6624
6574
-1643
-3569
1497
-4766
-9234
2097
1556
-3389
-8306
-7625
1905
-3233
-3041
822
-8146
4258
3088
-1980
2535
8846
-8513
-3116
6511
-5157
-4164
6805
2241
4741
3
9552
5052
9668
-4293
-4390
6561
9242
4756
-7591
-4446
848
2501
2407
-2590
-7537
2325
5110
5567
1248
-513
3271
8780
-5813
-736
-8642
8121
3692
2076
-9907
4662
281
-5545
9203
5432
5864
-5602
44
8078
-5334
-8187
3133
-8621
-3146
9444
6339
-7532
-8567
4175
-6018
3976
8918
-4782
3745
1301
-6517
2880
5649
5252
4155
-6648
5323
-5494
1521
516
9581
-5080
5281
-301
8381
1090
7709
5241
-2037
-355
6511
-7957
7670
2053
-1557
-3671
1690
8957
4873
-2219
-4361
-4719
2389
8195
7226
-5075
7233
1082
-7954
-1750
-3033
1930
-5057
3090
4448
3894
-7413
-8900
-7343
1718
-1333
-7422
5385
3507
-3159
-9324
-8782
679
8525
2392
2151
9531
957
1567
-3337
8660
-8796
8821
2368
3506
-7563
-7618
6835
-5072
1448
-8027
416
6244
1136
-9482
-6015
-6006
3521
9756
-451
-4571
-2148
-5037
2831
6803
687
2338
-8535
5792
-4134
-9133
-1705
-7363
1109
4761
6816
-6619
6722
-6259
6755
-4088
-5554
-4567
2178
-2580
-5040
-4816
-2305
-2123
-6731
-7678
6242
8160
1559
-3567
-6895
1557
8829
-6518
-3646
5562
5042
7665
6431
-9830
-7854
-7078
-6887
-2676
5058
5309
-3535
-651
-3959
7192
-4996
1707
6253
2934
9546
-7856
-5089
-719
-3527
-3565
-4093
-2966
-5236
-2886
3033
2833
8087
6043
-1507
-3401
-2888
-2416
3058
-3346
1786
4977
-5167
8146
217
4995
25
4268
8978
6991
-341
9850
1576
-8416
2693
-6661
-7171
-2055
3233
-1608
2055
2802
289
3050
-4182
-8278
8799
1758
559
1843
-4944
8200
3362
-1860
-1582
5993
7786
-8012
5904
5600
-6708
-3113
6091
5245
8775
-4048
2676
-1146
7445
-1917
-2219
-5764
-3205
-1238
6774
-6134
9135
-5325
-9136
3244
-5408
-4225
3616
1570
-1200
9229
8215
-3167
-7879
7463
-8992
2970
7396
9220
6237
-7073
980
-6367
-5344
-6159
2133
-7555
4015
-4736
9529
1192
3639
809
-852
8896
-2390
9980
-2841
-5797
-4730
8402
-5168
-8557
9700
512
644
7632
2106
-4823
8457
6780
-2093
-5254
2151
-948
6015
184
1368
5600
-6276
-8532
-6322
-7796
9223
609
4075
-9359
4759
2392
4762
-9908
2438
8603
6631
-5625
-6928
5447
-5528
9386
8662
-588
-4948
267
-2950
2788
-8475
5513
-9035
-5442
4535
3734
3910
-9974
-4204
8455
6401
-2345
4895
-4040
-7609
-3348
6800
5676
5011
4138
-7612
-3941
-5195
7515
-2303
-6526
1287
-8983
8586
6729
-4310
9679
-6542
-7719
-6533
6735
2084
8426
1385
6035
7416
-4107
9701
541
-6010
4561
-4242
2925
-7201
-6357
1179
-2935
6778
4851
8954
7923
1208
-3707
-8564
-3903
-1895
9564
-5025
9396
4372
-4297
4543
-3770
7680
7365
-6745
-9429
4154
1788
1915
-5284
2764
9227
8918
8249
765
-9693
-9252
-6846
919
-3979
-1132
-1039
-8846
3223
9788
-3530
-9459
1578
7424
-2285
5679
9412
3937
4246
7861
-4319
-3542
-1628
-3713
7251
741
7160
-8547
-5591
-1338
2129
4580
6931
-6529
-8120
3691
-7967
-2550
-2913
8827
3409
-6223
-3877
6778
-8701
-3763
-2827
7974
3071
5738
9954
3423
2339
863
-9921
-9697
5715
-4673
-8714
-8842
1585
-4629
-9000
5220
4319
8989
-4742
7623
-6884
5912
4094
6781
3516
1141
9158
-6755
2551
-5762
-8669
5848
3989
-9195
-2879
-9414
-2714
8680
5826
-1111
8250
9110
-3861
7393
1320
-9858
-2054
4806
6467
466
-5568
1813
-5432
9865
6926
-2845
-5398
-2231
2710
7792
-2447
-2785
4331
2272
1316
-4217
-8177
-6566
4676
-1843
-5570
9419
-896
-1969
-461
7731
9689
-1075
-3351
294
9573
-5227
-8692
-5476
5098
-8109
268
-1846
250
-2215
9369
-18
9762
5630
4111
4651
-3652
-5077
-455
4805
9338
-6288
2266
-1821
7269
1213
6936
3139
7012
-4507
4251
1227
-6783
5110
7779
7561
6656
-9450
2631
8551
-5578
-2838
-6216
6210
-2042
8802
969
1328
-8547
-7515
1186
6699
7138
-1158
-856
-3802
1863
345
569
4074
-7317
-8079
-5004
-8609
-2028
-4811
-6651
-9211
-1854
-7608
-9772
-3739
4314
-6240
6221
-2971
3075
6575
3235
-9843
-1917
2418
-9975
1864
7919
5576
-1743
-3740
-7414
-4421
-1502
-5531
8300
-2494
-7535
-5498
-455
1666
3692
-9188
5597
6938
1655
9012
1236
1868
1852
6002
-6431
-1465
7235
6717
-9156
-296
-9297
-6857
9089
-6357
-4606
740
395
8150
2911
-1918
1970
-8979
-2203
82
-1982
-547
592
-150
-5135
-2352
9557
1231
4255
605
-7671
-6546
2296
8416
3780
-5396
-7977
-5781
-4134
-2353
-5923
-2548
7348
3508
-8526
-1770
-6652
325
-3343
-6193
-8454
4987
-4968
-6615
7016
-9054
-1573
-2031
9968
-5083
-3990
-4893
4264
6152
2234
3414
-9078
6854
9513
-7640
1965
7299
4472
-6382
2551
2903
8272
-7678
-2798
-8688
2683
7363
3879
3940
-2095
-3811
100
-3508
8755
-9398
-8393
-386
3848
8762
3634
7115
-8576
9861
6648
5734
7106
4635
7419
6484
-8369
5467
-9279
-1951
2824
-8317
-300
-7612
-7767
135
5403
-6514
-6079
7609
8540
-5180
8314
-7687
-2981
9384
-4683
-3035
88
-1483
2490
6479
487
-9058
-9799
-856
-3883
-4199
3080
7030
-7533
-8312
2404
-929
-9170
7308
-6269
-6783
-7219
3882
8298
-9453
-7917
-8081
5008
4009
5704
9693
-6858
5070
-2880
-976
9176
-5314
-4877
2094
-3768
-3037
4792
1138
-5416
6568
-6887
-5756
8984
8462
1310
801
9998
7678
198
-7033
9559
1340
-2239
2813
-9993
4487
-4356
-4709
8463
-6407
-1290
6874
3183
-5088
-8521
-9743
-1752
-7435
4868
-6505
-7071
3765
3438
9308
-4560
-9279
1538
-3705
-9036
4392
-1912
-3581
362
9448
2627
800
-181
5051
1014
-3910
6053
6810
-5629
-5020
-8956
6946
5244
-799
4401
-331
8560
3859
776
-1853
-2052
-193
-9891
-370
-6714
-3399
832
3132
5950
3751
-8107
-4997
-9630
-4140
435
7385
815
-3687
4474
2948
8965
-8368
-7950
-1350
-9637
6804
-4003
-1364
9213
-9072
8573
336
772
8526
2052
4298
-8328
-95
-2165
-8225
-7696
7066
5207
7284
-9965
4751
2569
3472
-2767
-5114
2874
291
-2742
-4420
-7134
-4369
7048
-1212
5375
7348
-3665
-9913
4576
-7288
7621
-708
5092
3987
-8742
249
-7892
-537
5059
-2786
7067
3465
-3169
-3656
9722
26
961
-4593
-2973
5819
3846
-4251
-1772
8015
5967
7534
8560
-2351
2938
8205
-1448
-2484
-809
-3973
-8425
5904
3203
6896
-6141
-1918
1230
8242
-8644
7191
-6682
1143
-279
96
-2851
-4285
-7064
4039
-7335
-2967
-9564
3133
4933
-8814
9094
-9490
7544
-11
-6285
9562
7167
-258
-7191
3666
5653
-7183
3698
-467
-9724
-7737
9983
-8626
4073
-1333
-8801
1766
-3769
6204
-3948
-7552
-6014
4861
-3007
4949
8049
6375
-2533
-459
8225
-6192
6947
-9196
8058
4246
-1288
1297
-3425
-7160
6686
3008
-3118
9888
-8089
1228
-1599
-5665
2676
2179
6712
-7871
5344
7354
5291
8316
-1592
1669
8945
-7526
-5772
-4181
-3073
-2297
-4521
8345
-3847
-2208
694
4136
2696
6718
7509
-2115
3426
3067
2892
-4695
-4682
-6505
-6537
4875
-4572
-8046
-7158
-6845
6978
-8031
-8665
-5227
4583
5017
8877
9023
1374
9050
8649
-6975
8047
2439
8416
523
-7807
-436
-9194
-4763
554
-6059
-1018
-463
6940
2029
-3153
6888
-5280
-9215
-2611
3627
5784
-9753
-1948
-6243
1435
-1103
7390
6756
5470
-7192
3080
3705
8358
-2635
594
-6917
6811
3823
-3124
8779
329
2323
-3320
-5458
3338
9157
-6409
1603
5413
3751
-4749
-7325
1545
-6022
-1415
9231
-4872
-8635
2972
-7109
1911
-1672
-3507
189
4231
4498
-3593
-6820
2438
-2891
260
-3414
2569
-7416
-3672
5104
4051
-841
-8295
1382
-9771
4383
-6654
4266
-378
713
1844
-3754
-5230
-8061
-8943
6079
6357
-2544
-1994
-6460
-9943
-9671
5038
-9571
-3150
3791
-7001
3118
-9225
7085
-4307
3823
9133
-6557
8034
-5784
-2903
2916
-936
-1015
7764
-2026
3411
-2449
-1945
-7273
-6649
-5907
684
-2058
6556
221
8643
2562
7957
3833
-5805
-8293
-8737
-6876
4880
6814
5
8854
-2440
-3431
-6032
-1486
-7776
2785
-4120
-828
-2931
-3035
-2521
8715
606
-9951
-4937
-5195
6525
5165
8526
5237
-9977
-7905
727
9667
266
-3306
5645
-9686
-7077
-158
-407
9127
-7895
8940
222
9268
-8959
7552
5283
8351
4776
-2795
-2287
-9431
-4277
4565
15
7477
-6153
-2057
-2843
5985
7924
990
-7110
-1792
-5927
-3605
2521
-3372
-417
-4713
7664
2550
-7601
-9184
-7712
-916
8238
9818
484
9267
-7818
-2297
-7586
-1783
1523
5804
6702
-5898
3492
8470
7316
-5812
-8743
-2071
-9558
-2288
5115
8507
6806
9557
-1992
-1056
9689
-2234
-1971
1524
4403
-9732
5897
3640
2739
-2622
-3683
3939
6623
2335
-4545
-6194
-529
5682
5787
4186
712
-7401
-9448
2518
-9635
4995
-7742
-4423
-5169
-4159
-4710
4532
4639
-9962
2737
6344
-1194
2212
2790
-3414
-5211
-1119
-3884
-7971
-7576
-6354
-5542
598
6137
5002
9366
4107
6315
-3910
-7929
-439
1367
1109
-1177
5474
-2849
276
-4402
-6596
-5066
2437
-2158
7295
-9801
-1399
9156
3861
6805
3342
-6152
-1011
-2936
8725
8831
-1238
4163
5825
8152
1441
4816
-2482
-7120
-5104
3900
2731
7545
-3763
-730
5053
-3152
681
-9830
-8002
2400
1894
9182
-8962
4373
-1082
9631
9985
-6590
9823
477
-9205
-4703
5624
-6382
9841
-7765
8904
-2569
-6723
1644
-6707
-7230
9942
3230
-9649
-6055
-1786
9473
-633
7703
-7333
5061
-8364
-8208
-9162
-1063
7884
8629
-1225
-3410
5970
3502
6415
-4219
1162
-7939
-4730
7399
8187
-529
101
4408
-3204
-6433
-4944
4199
-160
140
8612
5544
3354
-9474
3845
494
2687
5989
-7741
325
-2656
9534
-6399
5614
364
-9036
-1008
4976
-1461
-7374
1355
-905
3812
-7969
6644
2832
-9729
6878
994
-1077
9621
-105
-9799
4465
9218
8950
4718
5704
8244
-5957
-2039
-1349
-5945
-1148
-7336
2198
5720
5835
-289
-4591
9512
5658
-9293
8338
-5305
7912
-7102
-1275
-9059
-2171
-8085
-2110
-3628
4083
-5717
842
-5977
-1831
6496
9467
-784
6110
-2879
-2380
9787
3664
5706
-9
2140
4429
-6287
-4082
-7230
-5340
-7945
9149
-5204
7021
53
-3915
-2789
2631
7134
684
-740
-6795
-4498
9833
9543
677
-8961
437
-3971
-3302
4995
5757
-8603
-4127
-9288
-5377
2552
-9883
3265
-3987
-5307
-1757
4920
-6611
-7939
-2465
560
5998
-9116
-6864
154
9899
-2952
7555
8746
-4775
-2285
-1913
-8215
2401
-4169
7297
9097
4022
9123
-7218
9939
5731
-3770
9388
5612
-6819
6267
9279
-8780
-5047
6478
-6217
-3288
-6852
6249
-9831
-1062
-2825
-350
-2414
1245
5093
-3534
2825
6635
6782
-8143
-5548
1286
-6846
1471
6617
8900
-3497
6552
9978
-4995
-3997
7638
-8400
5842
-3846
-4101
4981
7687
4196
2518
-1033
-148
-3801
2161
3136
-4506
-6471
3865
-1697
-6527
-9448
8851
-9130
9971
4225
-6656
8397
-3521
-8005
1704
6283
7407
-887
5606
1398
2099
1265
-2576
8763
5326
-8137
-9856
-786
-1472
980
5298
-559
-9132
7883
2234
4171
-9169
9998
-7851
-8048
3433
-7782
-7726
-3162
-5368
-6500
6257
2541
2060
2626
-6665
2656
8687
-6003
8780
-3934
89
7490
-4121
7566
7961
-5945
-6666
-33
-1795
-7025
5726
3667
-6769
-576
-411
1301
-1774
-8242
-5697
51
6962
857
-9442
4776
7556
1740
5114
-1342
9817
4386
-8875
-8769
4765
-6957
-8303
-5852
7448
6246
-3108
-5497
4746
-7378
1905
367
1104
947
5691
-2626
-2985
8710
9576
7705
-2623
-5202
9817
3192
4495
5161
8982
-7187
9423
5797
-4799
4707
-5172
2060
-2473
4368
1311
-7392
-7678
8554
-5461
-4293
7651
1135
-7842
3592
6873
5018
-9817
4854
964
-1454
-5634
5749
-2117
4996
-4486
7436
-5004
-6284
-3870
-6115
-7978
4609
1033
4821
3444
-9708
-3055
2418
-5517
7152
-7035
2384
-8053
-204
-3062
-3219
-2101
-4633
9450
7445
-2014
-2567
-2793
-1748
-2311
-5162
3630
-6087
5069
9064
-9687
6799
7062
-5806
532
5027
-3446
-292
5635
-5323
-6099
-1528
1389
2290
-7765
-4852
-4309
3707
-1653
-8009
4083
521
-5030
-918
1356
3029
7340
-4349
-6680
-1951
-8705
-3432
7479
-461
7959
6992
-8277
8602
7428
2617
3825
-1089
9344
-1747
3961
-6820
5559
7944
8079
-6905
-539
121
5626
-327
6172
-8092
3576
-6913
9469
6548
2701
-1253
716
-783
-6189
-82
-8031
6536
-4049
-6178
-3195
-692
7140
6255
-6729
6931
-7395
-1088
2722
-3647
8551
4272
-7650
-7299
-1533
3137
6078
-427
5972
-5644
5823
985
-2543
7377
6871
-5821
8218
2256
-4054
2655
-3958
8123
2400
5845
8443
6863
-7711
2856
-6289
-1467
1797
9657
-2293
4018
-4802
-4573
2011
-4599
-7581
-8341
5110
1373
-4662
9717
5916
-1301
1468
-2132
-4953
2148
-5960
968
-4366
118
-9776
-3848
4653
-5741
2404
5836
-10
-9187
-9515
6820
6418
7167
-5956
7456
6670
-9294
9275
-2306
-2770
-4495
5267
-8186
-2193
6335
-8439
-4392
3020
5678
8665
-1295
8440
7701
-7133
4164
-556
-2775
4063
1737
9544
2379
-3774
-1618
-7154
-7089
-6611
-6147
8991
-5333
1330
5110
3556
-2329
2112
-1824
5400
-7184
7488
-2351
520
2315
8446
4179
671
-4108
-9578
-9282
3673
3187
-90
2580
3624
7316
5748
-4866
6190
7073
-8674
5439
2454
7721
-4289
-6611
2964
718
-9497
-6103
3035
-6343
5286
-3726
-1975
-7898
-3019
-2372
7519
7228
9066
-592
7217
-711
9905
8762
5012
-2085
7311
9481
1281
-6610
-2965
-4098
4542
-8927
4284
-5247
8876
-3750
7188
-1397
-2422
4869
3132
-7226
9334
3772
-5014
4836
5065
-8056
-8576
-5018
7888
2068
9501
-5060
2148
-6881
662
-202
6479
-2376
-6699
-361
3161
9043
-8206
610
-5099
7897
-4772
-3523
-2215
6611
440
-414
1266
-9111
-4021
-4321
-6893
-7156
-4825
-1487
8961
-9838
-3933
-2795
722
1280
-3429
7710
9916
3890
8803
1744
7174
2882
-3434
1678
-1423
4200
-3997
-5085
256
-774
4884
-2102
4393
4251
-230
2302
8831
9053
-3629
-9670
-4859
8004
-2767
-3306
420
-7490
5151
4179
4822
-4920
-2850
-5946
-496
6659
-6238
9198
-8720
-3229
3158
168
2764
-8171
2131
-4749
-2134
-4763
7190
738
-779
4662
7836
-9614
4631
9420
-8863
-2849
-545
-6379
-8582
6403
2614
2185
5181
5385
4160
6642
5030
-8769
-6724
2958
3082
-2008
3779
9974
-5076
6267
-7846
2215
-3462
8373
-1561
-2627
-6650
3166
5134
9514
3980
-6259
6066
4958
-9527
-4298
-6941
-1633
-6564
-1992
-4285
-4831
-5261
-2884
-1921
-7575
-9375
-6623
75
7881
-4484
-9981
-3176
4630
-3916
8868
2023
1987
2239
4328
-1817
-5219
6067
-1387
2101
9293
-3734
7284
-3179
798
3270
3760
373
3794
3491
-2360
-706
-6199
-9464
-3364
-4910
6751
7167
7044
-7033
-2822
-1840
-4199
-5580
8061
-5379
7588
8519
-8721
-4158
6300
9891
9105
704
8865
-2878
4760
-9135
5979
3966
7623
1564
8475
-2009
6251
-9332
1845
-9725
8113
-5940
7325
6679
2135
-553
-1846
2521
3848
1216
9046
5555
2530
-6963
316
-88
-4258
8373
8418
3683
-1615
-6471
4455
-8527
1123
4857
3739
9412
7634
3514
2457
7674
5141
8520
6000
-4359
-8499
-34
8799
-4279
-36
-5177
-4524
-7723
-6989
-3221
7509
9693
1617
-6329
2557
-7670
-5600
6559
-3492
7701
719
-4400
3224
3823
3843
5823
-9116
434
-8622
-9817
-7101
-8433
4409
-412
6261
-6272
8153
-2221
-3874
6069
6972
-9741
1730
1598
5983
-9400
9681
-5942
-3955
-2780
-2831
4723
857
-1967
-8605
-1423
-1252
8644
7549
-9448
5267
-338
-1879
-908
-6596
-2208
-5514
-8047
-5398
4189
2964
7893
8844
-9510
-8416
226
-9729
1723
7005
4761
5329
-2671
-3369
5126
433
4531
-6121
5029
-6956
-5742
1160
-6606
5277
6778
-1268
-5760
-7880
1105
1745
-2721
3054
-1701
-5706
-7454
-7159
-7603
8355
6333
-9535
-3200
2669
6744
-3611
6184
5275
-7907
-400
2814
-6934
-556
-4517
2214
-1020
-573
-5073
-6405
5721
-6164
-6145
2263
-8512
1948
-621
7500
-4339
-4405
-855
-208
540
7413
-3869
9851
-7513
-4175
-7786
3153
-1249
-386
919
-5457
4968
-3685
-4023
3241
7782
-2666
-6313
-681
5723
7813
-9740
-3948
-2641
4430
-2463
5686
107
9821
-8766
868
2295
-5007
-1782
1846
8272
-7561
-5309
4308
-1430
8280
9295
6934
-7245
-8131
9369
7492
-6503
4836
-182
-1992
-5896
-360
6363
-4281
9002
6256
5052
7915
7175
-4311
4714
9039
-4908
8251
3803
2670
5352
-8966
9855
-9854
3326
-5564
-3111
-9031
-1114
3761
8004
5193
1517
8264
8324
-4554
9402
-2456
8929
5540
2300
4210
-3327
6569
-6719
-7776
298
6924
1244
9118
7154
7364
6040
2418
7150
-9018
3035
-9536
-589
1980
-7466
7355
90
4692
-5541
-2281
3773
8546
-624
5382
4345
4374
-8068
-9399
5774
-5264
-9838
8629
2523
5798
-9684
-4037
-5590
3243
-8353
1835
-2476
5762
904
-224
-3225
-2691
2688
-5088
758
-4080
-1525
8134
-5409
-2137
-8128
-5896
6348
3692
-7454
416
-2061
-9565
3882
-8202
-4253
5775
-9833
4749
322
6114
6472
-4114
5260
-206
6494
-4948
-5325
-6560
-3355
-7709
-5425
9486
-9198
-6052
-3572
-5276
-9290
7456
-388
6436
7229
-2671
-9458
-6988
-4679
1218
-6352
6231
1061
-3476
4403
857
6029
1752
6002
-7846
157
-7212
-4793
-9022
1139
-1961
-5191
-7214
8926
-6210
9414
3057
3057
8421
-5926
6449
-6646
-7007
787
-1443
-5656
-4060
-8226
8963
-6396
-8161
4725
-8294
9246
3823
10000
-2389
-344
-4245
2187
-9803
9912
-6786
4426
-6871
1235
-4597
7658
4876
-7346
-5207
9438
4001
734
2888
1755
-7523
-7658
8669
6446
-9840
-2945
-2242
4741
-5661
-5969
1129
2559
-210
-7369
3681
-5514
6021
-6219
1759
-8261
-3450
9141
-6611
8572
-9700
-4913
-2901
995
8915
-7973
9218
1950
-70
-8590
-6904
7665
-7156
-9277
-3396
-179
-7561
969
6805
7477
-7841
-3387
-7980
8048
-8219
-656
-1417
-7025
4579
-8028
7135
9767
-4128
5633
8787
4643
3328
8144
6054
-9168
1810
5790
5060
-9885
7387
6561
-7129
-8987
4627
2021
-9237
2374
-6812
-8162
-6952
-3828
-7686
-6098
3734
-5489
-9107
-3311
-6794
5589
-698
-7709
2681
-5753
2806
-4645
-5475
6391
-5339
4914
-2334
7022
-4065
-2185
7187
-1189
2631
2605
6182
-6486
-1589
9797
-6777
4677
-9946
781
-8992
-2183
5541
9830
2303
9086
-5031
6209
6261
7035
5860
1857
4226
699
-6373
8251
-2123
-3455
-558
-3167
-4620
2699
4674
-6031
-8586
2395
9108
1968
7285
-3978
-7745
-4051
6098
-38
4523
4684
4951
3701
2352
1594
3814
-3706
4306
5341
-8908
7578
-3821
-1959
-4074
-943
-7170
-3571
-5077
-3598
5021
-7584
-3203
-5923
9989
3385
-6339
-8119
-5020
6971
7135
8786
6009
-8422
-1054
851
4619
-234
4856
29
-4889
8388
-3220
-9581
-1870
-974
-656
9142
-2071
-3466
-254
-5032
4422
9518
9536
-3634
370
3695
-8754
20
8879
688
2932
-3201
-9886
3667
5091
-5640
-7041
-2776
5857
2194
6530
-4429
8322
3802
-4394
9891
-4007
8183
3258
-7807
2758
2319
-3491
-8754
9377
-1961
-4130
639
5599
5652
7943
-4840
-964
683
-5459
-8115
-1620
-2251
241
-8319
-720
5311
810
-2322
5558
-9169
-2691
-4933
-1323
-2341
-8926
-1755
9479
8858
-1136
3373
-9219
1518
-872
7953
3093
2293
-4410
-9721
2156
3229
-911
-8235
4139
9021
5320
-945
-1963
22
-6853
-2327
-3298
-3231
4501
7723
-3185
-4475
-8510
3221
4383
-8730
-9420
2349
2171
2658
-3738
7747
-9530
906
-1423
-2765
4358
-9110
-5397
5839
6031
1176
-2906
-1175
4548
7269
-3842
7722
4576
8352
-796
5571
228
-4648
3147
-5809
-6099
-3190
3324
6136
-4725
-4098
8444
-2899
489
-1287
-6210
1625
1839
-7597
-6067
1366
-6129
3161
-7756
8793
2874
2066
-871
9037
7646
-8790
5163
4811
9697
-4538
6069
-6810
1528
-2960
-588
5359
859
-2960
838
4601
-8099
-1120
-1271
-6029
-5938
-8321
-1354
-5656
-9808
2330
5460
7694
5336
-3322
-9246
7677
9375
-1985
3649
-6452
-5751
9622
-4838
7373
4292
4266
6634
2065
-3923
-6029
9578
6553
-5119
-1336
1692
-8616
5855
-3425
-6956
-520
5344
5526
-7606
-5579
-3146
4152
-3961
5942
7512
-2152
-1237
2525
5694
-1701
-6860
3565
809
1098
-4715
-3914
-4631
3314
8114
2950
-4517
871
9998
-6379
-1851
2581
-8596
-5404
6316
9253
-1861
-45
8686
8662
-2803
6788
-1799
7154
-7759
-9499
4682
3045
9028
8807
-9715
7645
-8936
-1613
-709
2426
-842
4340
9842
1892
-4734
-25
-3951
-4456
-3043
-8190
-7765
2083
8034
1821
7492
-719
7273
-7221
2991
9812
-6254
-6057
-3926
-2763
4831
-6303
3562
-5603
-2187
-8050
9433
-8736
-6190
6344
-3167
42
4733
-1948
3915
8293
-4947
-704
5433
-6645
4681
-2192
-1549
2555
-6822
2641
9418
8456
6289
-4769
-8801
-6647
-7533
