9473
0
3830
3064
6334
2865
9519
9799
602
38
5799
6316
6788
2657
5643
2411
5120
5947
5508
3109
5683
1595
2294
7671
531
1282
1218
5895
1625
7273
9177
5094
9011
1718
1872
7971
1180
4103
8141
2396
3647
8011
9401
5933
7826
9651
2255
332
1212
7056
4614
9029
6071
6210
7874
2207
4125
5980
3259
2257
1689
3755
5359
7657
9410
2788
8000
6944
2729
6061
9894
3993
5065
9087
5928
2525
29
5860
7632
2740
7690
5204
4876
4924
9109
144
7311
9927
2896
7691
931
9780
9261
8250
3213
2893
4015
4480
6355
8065
9672
2177
4149
8188
1492
9671
2681
4987
9357
7429
6292
9303
2912
5752
7806
996
4811
9369
5540
7318
4906
107
8164
755
7677
3487
6877
5652
2923
3296
1270
8745
3021
1622
9427
2882
2811
3395
3079
4991
2919
5142
2637
5897
6170
9627
5870
8334
4346
5965
5636
8122
130
1805
9944
6196
1505
9102
7979
7328
1630
321
8751
8764
1263
7504
4706
4269
8731
9388
1634
6445
7357
9184
2894
5229
7028
9181
9806
6438
7177
743
7521
3587
9273
5372
5833
1973
4657
4219
6842
2665
7767
8022
2917
2100
6214
5058
9890
8746
9133
3019
9373
5926
6036
3555
3346
7189
3645
2977
2893
9303
2110
4897
6350
8384
2435
1194
7111
2255
2721
5278
1095
1222
1581
8566
7283
3675
9666
9927
1711
1836
8981
652
4607
6670
6233
1405
9654
9215
1263
3808
7623
4252
7912
7795
1097
4144
9413
4986
9095
3558
9839
1439
4983
9399
9383
1386
2493
2410
7387
2601
2861
7057
3135
260
9107
6351
3311
15
6318
5329
2677
6926
6597
4817
8113
7813
2242
4646
3201
8399
6854
7833
3082
6636
1689
5701
504
5312
1347
6650
3599
7040
448
423
9241
9383
8113
5385
378
3571
2345
9256
8948
9417
2278
2785
5976
8439
7815
8714
688
8697
7547
6797
7520
8523
903
7189
8540
1864
5535
5305
337
4149
3827
399
4294
6369
5036
3980
5921
3861
8192
9939
7131
2270
348
9394
4133
3363
4122
2945
4606
6019
3383
6529
9337
1514
2282
8154
1955
8051
9753
8138
9585
2583
887
2284
8687
3454
9328
8198
9142
2353
5500
2406
3635
2561
7442
4419
2065
9084
1977
3261
9787
1341
3470
5167
1249
7784
2079
2987
1565
3770
5159
6435
49
7752
6796
3316
4447
9386
8279
3752
4706
4814
6353
8332
6438
6024
7628
9605
7432
5839
8299
6407
7227
3945
8746
5225
6067
8119
4599
8190
9099
6026
9148
351
7852
8345
6996
1581
4799
120
8602
7138
9370
3025
9216
692
6324
8075
1241
1305
8680
7072
3064
2380
8082
9705
2138
7009
3012
6796
7819
698
6715
5585
7150
9301
7197
9316
9964
1742
2470
7978
1457
3351
5366
7361
4644
7878
557
2503
703
2187
8012
176
6470
2388
7813
8477
4383
2760
1765
8250
6482
7798
2098
7273
4778
9598
181
1120
3333
9497
5733
540
5590
6116
3155
4818
3168
7843
7387
2887
183
4554
1504
8118
5678
6277
613
2075
9349
1091
8301
1662
1448
2755
9344
4219
3971
2942
2457
6093
3444
8279
5021
7833
7529
7823
1159
4398
3986
6068
4066
1130
5124
89
4406
3060
8430
5282
1104
8445
3562
976
5712
6538
6918
1640
9082
1725
2472
8715
9377
5542
3538
297
393
2439
5144
5674
6491
3489
3835
1885
598
5865
3621
4017
9659
169
3444
9822
9378
4795
4645
297
5802
5209
127
3249
6325
5008
9534
7166
8934
2422
9533
1385
199
8541
8571
5256
4037
5892
6812
7105
8635
1527
7520
1745
6418
3619
1628
8327
1529
2428
4525
7818
3077
5194
8926
914
6159
723
7294
4059
4410
2693
468
4967
8787
4186
5153
7296
933
1617
6126
7488
7097
5090
9616
5042
3393
2647
1104
7032
7604
5271
2160
1251
8541
114
114
5467
5332
3519
3298
6193
7666
9479
7529
5288
2477
7293
8768
4954
5215
5968
5289
2562
5844
8749
1428
8896
1114
709
6346
5121
7395
8174
6369
2030
2025
2825
6221
5875
687
1056
1320
8441
8331
8544
9305
5860
8227
8516
9630
8085
6316
4652
8361
5407
1533
8502
4074
9796
3098
7531
3690
545
8071
1748
4546
9711
4492
7111
8436
3983
4209
4878
569
996
6687
7822
9408
434
8884
5689
241
4569
9129
4839
3941
9837
760
3235
7528
6652
3240
4243
2005
4148
174
6117
2617
7472
6784
5666
875
5951
9961
7129
1745
8693
7269
7618
2155
3587
9110
9659
6900
5456
6720
6103
6576
8987
5572
531
2889
8048
6193
7396
9619
8861
3139
7308
5458
2490
1540
8150
2584
6764
8656
5155
1994
7792
4148
2798
9820
5819
760
1220
5465
9988
1960
1098
1718
6786
6319
1603
9558
4367
501
5997
4778
542
1840
3097
6787
4295
9874
9086
3363
7419
6540
7253
6208
722
5426
2287
8489
4471
1403
8087
1038
746
9656
9394
114
6116
5271
9207
1285
6617
529
5076
5931
9901
5115
8105
9654
3177
234
3086
6988
5261
6570
1793
7286
8896
399
6094
6346
7102
9029
1885
2812
2184
5916
1694
8922
2998
7502
2594
1040
4513
5039
4281
4039
5349
1401
9883
3239
122
6569
1912
2969
7770
939
9556
283
4095
5470
1701
9625
3985
4074
5195
9093
8025
3108
7297
879
201
6173
6934
3394
4902
2381
6693
1732
7104
2655
815
8121
3248
973
6154
6012
3745
828
1672
9990
4825
7756
7118
6932
5952
6579
8685
9611
1492
8178
3056
1575
676
8602
2575
5288
1626
2554
4129
8123
6368
2072
2418
2850
1235
3005
5213
9380
1216
7146
6288
2622
4913
8387
9187
6478
6921
4511
6319
5129
9438
1728
2476
1239
6736
3860
8027
2800
1493
9429
704
2028
5337
7569
1088
2475
3543
2062
2952
3943
4331
1950
3792
2284
3924
7828
377
1962
8664
4442
8708
6166
3190
6235
5331
2598
6509
3141
5600
4987
5229
9664
4816
282
6808
8853
3718
8216
9695
7528
2356
8250
890
8208
7490
2586
237
6972
9373
1047
4573
9814
9197
9077
7305
1471
9393
413
8913
3153
2069
2130
2273
6531
324
937
4921
2884
1073
420
6417
5635
5064
270
8732
2352
9087
5681
3188
9105
3901
801
9471
9702
5544
7527
8877
8789
6530
2294
4659
6231
6809
6421
8221
4755
2701
1658
209
7012
2916
3954
9006
5161
1524
750
3152
9545
4599
6462
9804
3514
2637
1225
5966
9313
3507
8196
8013
9729
5517
4927
4300
4834
9890
2389
3134
6280
9003
2698
1451
2390
3419
9998
4226
1089
3378
2417
2756
9139
3286
905
8993
129
9748
2861
9581
9802
5100
4462
8421
3204
554
6879
1277
7967
9835
3454
2126
9185
848
3324
9499
7985
9813
922
6042
8883
2088
7897
6030
8061
5399
7464
4606
2381
5912
5413
7303
2689
7016
4224
3820
9455
4728
8567
8722
3793
4513
3164
6915
7371
7608
2920
2075
3920
7418
7886
9597
7683
1869
3203
6599
25
7058
3289
8336
3764
9640
8565
934
3599
8675
5821
8230
878
2206
6487
232
6258
6371
9842
61
7860
7059
3158
9077
3223
8113
3528
7530
105
2845
9431
4828
5986
1076
5350
3072
9826
5964
9790
573
4410
1287
7704
8170
1491
6993
8294
4121
2581
2372
3602
4043
5791
6538
9280
1207
2030
8904
8869
4566
9616
6132
6405
592
8097
1493
4615
5210
8040
9649
7904
4311
4807
8248
3232
9931
1276
5776
8592
8070
4532
4260
7951
8448
1304
3234
752
9554
7810
3184
963
8833
8104
8816
8553
852
9745
5372
3708
6755
9257
2825
3925
3607
7746
6390
7127
9964
814
4867
3659
9790
8527
2103
8958
5148
6326
1142
4432
5527
2646
712
9177
9384
3294
7361
659
3648
975
9900
2705
4131
7648
2604
1398
2537
9348
4054
4602
5288
2930
6739
1584
6760
3388
262
8396
6270
2010
1048
4538
9568
4269
2757
2337
2619
8849
8451
5108
5840
3944
3350
9391
1331
5203
8095
5574
4595
2504
4326
9563
2547
880
9464
4112
5507
9684
6025
4064
2028
7804
2141
9155
3066
6292
6510
3322
4798
1760
8314
574
5835
6792
6556
4461
3570
5220
824
5609
3569
3121
9456
4160
2458
4951
3113
9817
2614
1813
154
37
3259
4068
958
4745
6147
7384
1097
8497
6843
1923
9807
5142
9168
2320
3398
8301
7880
1143
8607
7008
8998
7578
5506
2339
2171
2850
1903
2182
6628
2552
3299
6370
5883
8987
48
4881
952
2897
5944
1989
1621
2396
2227
8220
7891
1393
6554
3487
6871
202
9756
6623
1993
1841
765
2147
1912
5735
8559
3093
5911
1066
2833
1696
2142
7645
2064
1090
9976
5461
2486
1181
8752
8161
4614
9129
2142
1261
3724
1790
8187
1306
2998
716
3823
7931
6442
4540
9688
6495
65
5678
3976
1162
9722
6026
9879
3273
8847
8966
6735
5947
7503
9752
9583
2204
4178
4899
7208
1341
8517
4585
9928
572
8646
2078
369
1367
382
813
3587
1586
7305
433
7497
516
736
7179
479
1964
865
9673
9956
7931
2840
8398
8760
2776
611
1641
7774
5213
4111
2376
5164
263
3837
3962
2930
5308
8690
7237
9439
3508
9631
3892
8943
1475
5077
4950
891
4828
4884
5845
6067
2284
932
7
3281
1879
2352
7703
2879
9017
4225
6106
2674
2995
22
955
3164
5922
2543
9432
1282
1228
5279
1354
1966
2759
2796
1012
8258
1121
3232
1054
2268
7683
3403
6801
9001
5254
4303
8335
1431
5412
1160
4006
3357
9087
9336
2664
8973
2620
661
751
2084
3881
7512
7139
5012
5250
3567
4659
3442
1199
1356
9199
520
1303
4960
8618
3432
8500
1285
7387
5937
2122
996
2068
3053
5915
756
2569
4786
8055
7830
4711
6309
9558
4186
2562
1408
1397
300
9474
827
5060
4988
7479
1317
178
7715
5863
8588
4015
3031
4380
202
441
4726
3836
5644
1612
3813
3140
4751
2494
4544
894
9538
2706
5351
3827
1539
1216
930
4084
7102
720
1542
6395
110
9126
7908
145
6677
5003
2154
2152
8492
229
3491
8394
6849
4239
3869
642
3786
2802
4176
4286
9700
6081
7374
6081
4405
6884
9456
3336
3078
7888
5946
6033
6426
8940
2659
9927
876
1849
2164
6585
8505
7803
4676
3693
6666
5905
8395
7284
5695
6890
3635
7716
6537
3656
3064
4876
8947
4409
9225
8080
4433
8008
9822
4029
9715
5684
7772
3297
3081
1375
3825
8245
8644
3071
2214
9833
8434
7754
3817
2097
1470
3927
349
4545
7036
3863
5942
4414
2954
8107
2176
7752
8924
6616
9503
8715
5809
7108
1985
5557
1459
955
1004
6555
7519
711
8981
4078
796
4128
60
1015
9863
8634
7764
3859
4105
5033
9636
5509
6018
2405
4911
7743
1428
3982
1030
8349
5854
9664
5722
8911
1764
6806
1332
263
3701
4036
6607
6876
1317
1338
2618
5744
1265
4717
460
4934
5512
761
3052
950
5427
7468
1430
7551
1930
8783
2883
9865
4831
9379
155
4663
2049
6172
2147
2328
1742
9535
6209
8645
4148
9839
1650
7776
2141
819
7451
9020
2024
6725
2072
7542
8435
7783
2348
88
9934
4448
8043
459
3617
4575
2469
9114
1925
5879
9732
8920
6261
3285
4110
5166
1871
3416
8226
1273
8961
2652
1750
7349
2058
1035
916
3716
4371
821
9173
3591
1475
9420
7293
618
2217
613
4565
3132
5215
5306
2940
5077
6451
7117
4363
9131
5416
9871
5139
7380
6166
8346
4911
2637
4738
9020
8491
1995
6798
67
8087
7392
13
5171
1953
6201
7314
1830
371
5339
3958
536
5522
1620
2593
195
5113
1297
7633
2064
985
7500
1236
9120
7573
2846
292
9680
4165
9203
6460
8568
1725
3367
9751
5988
8728
9681
3785
8995
6942
3366
1454
7107
5323
2865
3532
2060
5495
7865
2224
276
3741
3992
7917
3353
592
9668
5513
5986
9871
6544
6205
7942
2884
2365
734
1056
3129
1152
9981
5167
2236
6404
8353
7722
8436
5806
355
7844
4034
6369
9103
6736
9952
4265
343
69
3436
3307
8461
7850
4808
4379
5830
725
7743
1075
3382
5862
7878
3971
4220
9
8392
5380
1049
901
9894
6813
3328
3419
7696
8591
8400
305
3233
5409
9432
7003
8304
7830
6271
5513
1699
6959
5726
8852
450
4662
1603
2283
4245
1716
7899
1360
9569
7967
2951
7412
5503
1422
6847
4594
3320
3488
966
3505
7615
5776
9137
5615
9192
4813
4536
9143
6089
7287
2080
153
8598
2158
3103
2764
9479
5745
5280
2785
8860
3298
3553
6944
4024
6694
3980
5510
766
4475
4383
9962
5617
5417
566
2101
9671
9601
7576
635
4339
1870
7991
550
6361
773
4173
6248
5475
2037
4587
3574
9026
384
9498
8553
3134
88
9600
3043
271
3208
2516
8201
4641
8531
8139
6576
3209
821
8560
8409
8187
2948
2294
6963
37
1446
9586
7099
306
8113
5430
5131
1683
5153
271
2222
5182
5677
6536
8183
4273
7208
759
5123
9810
2035
3784
5492
2118
9698
9091
4320
9933
2614
8095
5825
27
4923
6045
804
311
3458
3084
21
7044
2737
289
9638
4580
6110
8813
8009
9905
3360
4662
8953
6870
7046
2763
5892
3014
915
311
8204
3646
3012
8470
5429
7861
1516
9576
7127
9507
5083
6989
8754
3469
6153
7741
199
9469
2732
1649
539
5297
5081
5550
9549
3510
4197
2780
1315
6620
2509
9349
6476
3163
8384
8927
9381
6898
4167
894
44
9706
3188
4722
2310
1669
1153
999
1006
1654
6450
7686
4269
3169
2346
3373
938
9936
9832
1063
3980
5898
1208
8295
8558
257
8115
4415
13
4663
7598
9999
6184
7240
2013
8694
6764
7094
9768
5568
3267
7287
1547
3080
2968
6798
2920
1519
3497
7435
8576
6903
7171
8930
6260
3227
9052
9005
4624
389
4587
4510
1603
3993
51
6357
8579
388
7572
2572
314
9526
7865
6294
9318
844
5765
4769
602
6476
8906
5970
2032
8907
9068
965
7905
6607
1129
1412
5660
8616
6419
7836
3965
5884
1849
7436
1009
5666
7384
3777
3914
1212
9576
5146
926
5709
9168
4748
9080
854
7635
5371
587
3365
8727
1272
4949
3788
4556
2838
7285
1773
8254
398
5566
6928
946
6663
1455
1954
6003
4062
7883
3370
3717
196
1435
5457
7505
6349
2382
5770
3369
3537
3655
7038
5908
3099
5878
7600
8617
9167
7459
1436
5157
1672
5003
1977
4239
1507
9014
3750
765
5664
8320
9611
2041
9299
6804
8928
5970
3949
2728
1344
9704
6467
5727
9566
4715
3820
1495
1700
5370
4642
3511
1243
6633
5505
5406
8919
1305
7863
7752
2273
1730
1729
1998
7974
4132
3908
4908
3078
4733
4878
6880
6418
7283
6918
8002
1397
9838
9270
2184
8380
1233
9090
9002
9975
1272
1583
4668
2485
8741
7868
1960
7889
774
7877
6081
4900
2612
4869
748
3768
1601
2787
7800
4876
7052
2888
8101
5431
4285
3488
1469
6862
9953
2425
7894
4978
5480
1266
2142
782
3987
2854
7179
8219
2192
6112
4504
6585
3298
3127
9609
7336
1154
2508
7941
4146
1475
8897
8262
5804
2647
1718
3331
5802
4501
7051
1270
1944
4179
5039
223
7958
5716
4518
2093
277
5429
4704
7297
8665
2262
3820
5332
3345
1355
1375
8393
1787
9217
3883
1457
2104
2818
5363
2437
9103
2991
5298
1018
5920
3444
3568
2196
922
1995
7548
501
363
5101
5088
3931
6904
2827
3703
5957
6087
8361
7357
5576
696
7987
5599
1735
8613
5821
613
5985
8690
4944
3602
3258
4024
87
9378
3907
1828
779
4234
3932
1764
995
6992
8427
2439
2385
7062
6104
7548
3196
9539
783
7264
9567
9034
1663
2927
241
1076
8145
88
527
7077
7151
3591
9153
9234
6840
860
8402
9344
1683
3544
1371
1491
3532
4552
4144
9666
778
1076
8310
5118
9113
3038
2223
3527
9153
9796
3050
9776
9255
5958
5232
5270
4768
7470
4898
7345
9224
6304
8465
4467
367
9176
6175
3694
3180
8103
8535
3655
4075
926
5621
1229
8964
591
6363
5306
9493
3144
1433
7684
5106
5390
2703
6419
7752
4730
1257
9269
3422
5993
7672
2654
6329
4008
67
712
6967
8502
3066
3391
2829
7715
1571
7907
9556
6990
8009
7179
2474
6256
3464
3288
9454
3125
9929
286
8892
4414
2044
2502
8724
8409
277
4358
8402
2441
8298
7864
7877
5276
990
2832
9061
6256
1202
907
6904
5718
760
4356
4546
2820
3465
2395
6691
5532
5756
6914
5299
1830
960
6513
4086
1259
2524
4881
9825
3116
4318
2508
8465
7855
9922
28
7710
3022
6146
1665
2150
8461
4921
8820
6320
5760
3952
6442
7748
750
7609
6645
9288
7305
7567
3830
9781
6749
6033
9293
2699
149
6813
2820
9651
1632
6346
9744
489
2172
6367
725
6908
2761
5835
8543
6240
8570
9049
7458
1061
1808
5360
6060
9939
8582
2120
5799
6682
1407
2094
5385
4963
7335
8614
543
631
6805
2122
870
8557
3847
5024
1419
5582
1840
1537
1577
3028
5810
1709
8453
5901
2758
9774
8603
9218
2035
3541
1018
8064
2415
6511
9517
4469
5360
1489
8982
4862
6137
8451
8573
7308
4105
6379
3227
3599
8149
6715
3174
1460
3090
1002
4600
1269
6115
179
4328
9966
5677
7161
884
8131
8306
1075
7691
2951
3417
6629
4179
2737
8111
4581
7434
4369
2897
9075
8292
7260
6300
5618
4773
3627
6638
9331
9351
6068
6332
8110
1334
1332
1506
757
9590
9168
6483
4398
5205
3654
112
7825
7974
1099
3910
6087
1492
7675
4769
7941
9152
6688
5812
7137
3364
2977
9514
8026
3698
3105
7143
6000
684
2854
70
1427
2173
7830
6963
702
3145
724
6993
3435
588
1953
8126
4087
8651
3744
4916
3028
5513
7778
2053
4509
7837
6488
5933
8119
3348
3907
5204
4987
4628
7672
8747
3785
426
3756
6747
5887
4040
6655
5166
7206
9951
6279
4840
5605
209
8252
5512
9763
7459
2250
7627
8188
7778
8135
7629
2085
2131
7007
7073
8002
469
4646
2423
1594
6878
5875
5155
7
6108
8065
3457
7105
5017
844
5886
640
4265
8118
8060
4247
9700
5227
5205
2409
2698
1494
3246
2288
1896
834
3534
4599
5294
5125
1163
3285
996
5837
4272
7952
8335
8593
7577
9475
466
464
4734
7332
3501
7537
4253
2549
2788
8805
8411
4669
6744
830
250
8588
5546
112
73
1224
2294
3346
3035
2559
1148
7582
5543
3665
2238
3293
3151
5553
6682
5296
1553
1165
5735
3262
8106
4082
7941
4069
882
6651
2611
3594
7200
9786
4794
2595
379
2886
9515
5756
6495
4940
2178
6600
7684
5867
6592
8939
2666
5395
5321
8078
8462
1148
1306
3158
2107
708
4917
4146
7276
3324
9848
5207
4087
172
3036
6943
6382
9218
8762
3094
2685
293
7950
6699
4698
9805
221
7541
9249
5097
1492
6164
7110
3276
7783
2261
2354
7030
9346
4853
7655
5639
365
7934
3719
4102
3520
9751
6973
1737
6485
6869
1708
899
5887
3850
3600
2320
7314
6500
6871
7070
4557
737
5170
456
6617
4890
4648
6686
7891
4409
3110
4150
9972
9409
1764
3159
4498
4713
9288
847
5713
4025
3539
8199
5961
801
355
2179
401
2893
2819
6035
5421
8049
9248
9234
9359
6815
3840
748
662
9529
1768
5836
6974
7170
9140
1449
3758
1931
6670
6203
4489
7130
4090
5771
2396
9512
8689
2963
7002
9601
6886
2988
8424
620
4748
4254
4098
6263
9207
3621
7539
3691
3588
978
4504
9473
4672
8095
2672
6892
6178
1009
7518
1152
71
1047
9239
3309
2391
6213
3419
6414
6399
1317
7619
3132
3259
1638
3134
3575
5173
166
2183
9052
5503
8073
6055
413
9962
6624
647
7553
8081
1196
3816
8236
4112
4740
1406
6006
1056
4413
2305
5415
7386
6090
5226
6298
2301
8011
9325
2493
9981
6742
1595
2180
8957
3630
3035
2628
8380
4959
4192
6561
5753
7043
1850
4391
3600
1825
3654
8076
6689
3863
2898
6584
3036
4362
323
9403
5305
2086
3875
9617
7317
7536
3369
1963
7271
6039
7991
6307
3816
2876
6505
4259
3895
6701
3150
6509
5202
1610
8678
9924
421
1007
1945
2396
4689
8509
4514
6531
4624
1971
1350
2469
7572
1557
2071
5156
1470
1
9743
9614
1926
8553
750
4387
5293
7427
3517
9350
4894
4038
5406
878
2194
9247
9586
9805
4826
4049
9518
8107
5718
6455
9978
2256
1402
1195
3822
5172
7105
571
9664
2265
3507
9967
6222
2861
8666
8109
6204
3481
1902
8680
7502
8016
3590
9459
3726
288
4621
9229
2108
5366
2704
6206
8632
374
7778
9382
4911
7141
7106
9527
4483
2
2334
9602
8914
8568
9215
6295
4045
7467
1567
7299
5402
34
8089
74
2009
57
3461
8614
5861
1040
4325
3028
8246
6510
8920
19
6654
5171
854
2463
1037
1113
1464
3843
1737
1195
5015
4154
3603
7282
1930
4678
7833
7697
1023
6666
6545
8097
6290
4550
2982
856
2819
8055
9451
1670
557
4801
9963
8251
4784
4267
9561
8359
9479
4381
3887
3803
8848
4129
4332
6071
1995
8826
2610
6990
3797
8787
3699
7551
5211
5096
9886
1210
9024
2167
4110
8133
6310
7885
7025
7484
4368
9407
5556
8691
7372
3230
8479
3827
9471
3658
4323
2338
452
9411
6888
3351
6809
1123
6436
2872
7588
1941
7447
5219
5583
4860
9233
7881
3636
9918
8306
822
8425
1314
8744
5960
8564
2466
9153
5416
535
888
4415
8647
374
1029
2301
1041
9748
7024
7430
3750
9293
729
8058
796
5177
7857
2725
4627
4731
5374
8438
3370
2976
6286
5693
1237
8977
8146
3822
2282
2846
6138
3350
1967
228
4694
9128
3756
3606
5080
837
7296
1145
685
5926
6154
7108
4876
381
3248
1091
8624
150
4355
9502
3905
8573
7061
6281
1358
3653
2689
5735
2790
5302
3168
7382
1124
1697
8927
3563
5113
9407
6486
4719
5014
4201
9915
3305
2278
4380
5718
2306
6848
6639
9732
3493
9730
1757
2296
2544
9461
3115
5527
8183
5316
3675
9808
698
5100
2535
6165
9655
1407
7219
2307
8659
1184
6946
5835
3679
4079
6263
2954
8977
3262
8954
5965
822
8703
5777
1461
2670
8877
1671
9991
5416
5322
3849
3061
4110
9441
3406
9055
5017
314
5598
4288
8191
4267
1524
909
3656
9530
195
5730
9018
3579
4549
162
290
5378
190
1713
4950
2607
7336
1220
5062
4235
8713
9829
9352
1914
1121
3280
9947
8241
4640
8315
2101
5267
3218
243
5365
1216
6971
2391
9071
2181
428
137
6586
1504
2440
3015
9285
3067
1068
464
2484
7350
5378
9555
177
2559
9626
5997
7400
6585
235
5236
8622
3546
5040
3511
1917
9883
3529
2203
4972
8293
8853
9629
7461
7383
1138
2917
8396
5463
5208
7310
1930
8956
3069
6759
3971
3065
9123
9276
2198
1249
2026
6291
278
4624
8281
5786
8631
306
5017
5443
2179
4783
317
6812
3118
6778
8041
3567
6094
433
9336
6186
4608
1495
9525
6699
7972
3985
3246
5402
5527
9930
5623
704
3620
1762
7803
1379
9033
5863
5352
7302
7047
8673
2004
1713
2958
1026
5698
6312
5117
81
4265
3379
7628
2139
5654
9595
5883
1706
4313
3880
2836
7262
3375
7680
7256
7917
6856
4367
4386
4527
2279
7931
4824
7331
107
6122
8567
8274
4923
9159
8512
609
8903
4015
5578
5212
9818
8621
4083
6228
9899
1511
3440
5395
992
521
9080
4966
2605
6206
4674
1344
5858
9348
1738
7130
1158
3926
3672
3499
1792
7232
3765
732
963
6569
2937
9134
1911
8518
6050
9217
4032
6192
2315
4836
55
3270
6688
9273
1650
8456
9166
559
7857
8180
3534
1452
5566
8548
6891
2484
1720
2167
8443
7885
993
1407
9053
7252
6784
7041
7148
1177
853
4552
76
2476
9347
1059
8371
904
517
269
4761
9601
9917
4994
9790
7989
1626
3866
6541
6797
6603
8263
1873
1826
7822
1375
7577
4793
7266
1192
4349
1724
9007
5959
3507
6312
9690
4381
1542
7809
5344
4866
2237
5479
2805
9144
9957
5294
2514
5040
8254
611
1197
1544
4047
1857
2741
7987
2821
5792
9668
3341
7251
4984
192
9816
9291
1668
5236
3006
5453
7200
4086
290
8145
8674
8663
8310
7311
819
4479
8834
3782
7123
6352
2320
8927
846
7690
2365
500
3533
5605
2484
9300
6330
4195
4935
9662
2902
3188
9350
2695
5596
9502
5146
8839
7650
4314
3488
6176
184
1823
9257
945
9532
112
4979
8100
9572
612
7516
4874
2233
3366
8840
2453
185
1327
9822
1872
1288
749
2933
8449
2713
5316
9791
1863
1711
8768
7813
4863
4368
8240
9200
4346
8316
1010
4152
3246
4245
8971
8962
9042
4940
8298
1526
1068
4301
7284
9113
387
4167
7396
8648
1175
2087
7437
2542
9724
5809
2808
110
9903
6977
2141
1107
7689
7959
6000
6862
8409
9532
9639
6928
552
4077
3844
8398
5345
1276
4716
9785
4831
257
1589
5911
1015
6392
8515
7087
4767
2076
879
6849
3158
2494
9775
7062
1533
7938
8976
7369
2639
8506
5695
7666
8020
7948
576
1124
7945
1394
4271
3299
8492
901
1435
3009
9188
2009
6275
6813
3352
621
9208
840
4422
9560
3743
6931
9776
4185
7834
6572
1253
6688
7239
332
8199
2862
5327
2226
8593
14
4717
2157
5469
1919
1058
7751
7219
3318
6077
6636
2154
7246
2688
7492
3197
1688
1282
1154
8915
8480
4092
9764
5434
8681
3419
5178
9149
2184
3436
5849
1701
9526
922
9256
1461
5505
5029
1364
2655
1690
819
2892
997
7004
9371
7170
259
2028
3360
4925
4359
9091
139
7734
4953
3156
6467
5645
4109
523
7627
6521
7758
5993
6704
6506
5297
5596
9191
302
5020
2803
9300
2524
5147
1142
7417
3814
608
1569
5761
1281
1485
1065
8797
5144
6772
750
5110
7156
5802
7447
5156
4759
7931
6331
8674
3645
5096
3955
5315
2968
1905
2726
2697
4192
4593
8845
1450
6035
8248
1094
7723
5963
9534
327
7649
4644
2604
8497
2681
6822
5208
5989
8816
9820
7468
4063
9841
1367
319
8739
4426
6076
2016
207
4290
7336
144
5870
4236
641
1607
6693
8542
2233
7302
3178
9932
6289
9832
8802
4713
6946
8019
9401
1075
4050
3216
3279
5610
7997
7052
3021
1461
7794
4182
4568
5048
8938
2453
4688
3652
2306
4400
476
2890
1547
4794
2158
3477
4513
3196
8705
6173
8925
2624
7596
5348
8301
5346
4029
7509
2438
8021
191
9223
6407
3671
4159
7184
8700
208
1459
1407
9601
6059
4209
8332
6392
8076
2664
7371
1496
3389
9120
9884
4515
9046
3214
7196
7303
8054
3836
1201
2185
2990
2177
1176
3451
5199
8568
5061
9375
5541
8470
7743
2545
7744
8101
2925
2375
2332
5150
9401
5320
2110
1021
7944
2344
3905
8741
4437
7699
4922
2443
4105
9576
9619
4456
4612
4092
4646
7252
9981
7148
7997
4020
5555
6307
5790
641
9923
3065
4837
9604
5933
1080
168
8039
293
6902
8200
1211
1952
6899
4440
9255
120
5899
4459
6524
3465
292
437
9258
2145
6726
8095
7860
5883
3900
5968
6501
3157
9739
4848
4611
7116
8830
45
2614
393
2296
2706
5730
8413
5043
5458
7018
4038
7899
1702
1803
3052
8412
7900
9622
6492
6120
8422
4906
7974
1588
6010
9439
1785
21
9750
5126
6246
6678
4917
8145
799
266
3300
5031
4263
1928
5222
3938
3046
1941
843
8901
1076
975
2144
7960
5665
2367
7960
3250
5914
7925
5103
7158
2998
2875
8352
8343
3504
1895
8031
7842
5310
2411
692
1169
4872
6296
9143
3821
8258
3092
4939
324
9603
8618
9023
4357
4334
5654
5075
1549
8518
9316
9328
9501
4320
1219
5889
9562
3472
5421
9465
5170
1264
6843
3812
4179
9784
248
1229
5262
3647
6964
4356
6668
1205
6496
1074
4201
8549
6344
7987
367
3457
177
805
1410
9995
5579
4474
6074
5309
8406
3792
4277
1114
9745
2863
371
105
4103
4391
256
5291
7867
1951
693
5514
3129
9947
2254
5749
9724
5351
2230
236
9239
9129
717
754
4753
484
7349
1448
2265
7348
5268
8017
2061
5656
8205
6538
2679
5445
1859
1744
3486
4556
918
8705
7124
9855
7389
3810
6921
3687
2687
6163
6668
9719
6833
2753
6481
7159
2083
7419
737
5864
8150
7022
471
2131
5397
4772
8409
7085
4276
773
5281
4676
5331
2139
8449
8249
4788
3353
8889
41
8799
6571
3893
1031
7901
585
9534
568
432
3483
3945
9473
8290
1393
4990
7829
3170
9703
7963
2645
7137
2448
2761
8115
9419
9883
2085
274
7611
8104
1444
4099
8831
143
9376
2267
464
4676
9000
1499
8347
7284
9468
7291
6583
5803
9701
8999
8953
1012
2747
9032
2577
3009
7109
1017
9182
5222
3500
2623
1784
1855
2293
3053
4496
7535
4049
2343
4630
4550
543
1403
6063
285
7862
2583
6635
8685
9802
7164
1029
3108
4246
7801
7247
9476
5414
6036
3405
3055
5101
7333
1771
5367
126
5536
7937
3584
2044
4900
458
6306
1818
8349
4357
3112
2728
8801
6726
5722
8411
9889
8080
1881
7916
6600
1209
1732
5102
4199
4679
6325
4898
573
904
1952
8444
1584
8203
9670
4377
2337
2738
6288
1529
4419
6424
7512
2086
8839
7389
335
4410
4096
7250
2433
1706
884
2910
6499
1522
38
3983
1358
7611
6500
7310
8315
4909
4971
8483
4906
7627
7695
9896
1651
8537
8929
5079
7727
1007
8680
5849
222
7556
8629
1662
6437
1110
9038
9654
4951
6649
8078
3041
6266
8106
2922
7791
4658
3836
7755
1704
884
9895
7048
4397
4918
8942
3436
2384
6016
9195
9159
4608
1108
2974
9790
4979
1622
1140
7574
9730
4379
1870
3164
9418
1909
2437
8247
6629
8377
3898
364
8363
9439
1526
7708
7779
3436
5531
2
3574
9746
9260
9984
1801
1598
7309
2657
1113
8742
826
1933
7512
9586
1442
8756
1162
4026
3260
1499
1068
4857
3847
7762
9045
8885
692
9087
4751
1921
9971
4502
2831
9399
8729
6814
7892
4004
2936
3250
6937
1648
137
5930
7579
5905
7407
6882
4130
1731
3971
6992
1625
2649
3716
7949
7288
5160
8403
7917
7641
5822
3828
6956
6407
7786
3669
5660
5576
9871
8232
1113
9223
5088
463
1544
5319
5570
637
7849
1307
4288
4492
1019
6866
3143
7610
5150
4715
5334
6281
3785
8727
8952
6923
7734
3971
7633
4510
5763
378
9308
5121
7301
4958
308
6788
7676
6726
1586
3151
3952
5243
2981
4810
5683
8551
3082
4058
2258
3674
6399
2349
9056
8900
13
192
2133
2546
6960
4225
3833
799
1319
1178
1853
3432
9222
7042
7214
2872
8589
2571
6766
9754
4374
3810
7896
3519
1748
6159
2317
4663
7238
3707
4994
5758
7010
7493
8265
9265
555
3132
2616
1822
5108
6666
6691
8726
2695
3289
8054
5571
1917
5355
775
3943
4000
7376
7218
4230
8513
7790
6633
6159
6706
4740
5029
1025
221
2843
3472
8132
3719
921
9643
2904
6295
8440
2263
9014
8967
8433
293
5231
2653
1260
8399
586
4285
5421
2670
825
2309
3279
5286
2404
6473
2422
4136
4595
8606
8590
1994
2851
7208
7580
4889
2971
7950
6543
6550
9966
89
7119
8027
4039
4693
1017
1769
3191
4971
8283
8244
7868
7731
6153
938
6404
3401
2023
2102
5293
9754
3133
9925
8021
8027
8802
414
2115
8219
4383
5693
7498
6261
2312
3244
1769
9114
1749
6171
210
1158
9014
8565
9064
3352
5240
8760
4464
8800
9905
2386
6393
972
9335
7481
7518
9842
8935
3359
2297
9003
8086
4176
3743
5624
1741
3219
1960
9939
5448
8271
5560
3506
8088
7429
2262
9517
3929
718
9402
6395
1301
3661
6806
9703
4728
6091
457
5225
4553
2334
8992
4447
9308
2852
4632
3428
9080
5338
877
3533
2769
9559
3667
9496
4953
3923
7042
8845
7018
65
8922
8380
4170
1140
3835
402
8718
2856
9030
8571
6084
3837
5157
4946
1410
9260
1576
3820
8801
7527
3958
1114
2312
3231
5543
9847
4686
6823
651
5210
8084
9213
555
2312
6326
895
855
7420
5440
7611
2571
1587
4171
9221
6344
9520
1135
1829
7112
4461
6814
8925
1861
2949
768
4064
2601
5121
108
9275
1980
9396
3553
2057
2497
5178
9746
8826
5470
4565
1608
6160
8163
1056
2240
8132
6301
2797
8693
7456
6012
5440
3077
998
9668
5344
9357
1220
2237
2982
7028
8391
2707
3552
4899
1889
4682
3854
4237
3624
7209
27
399
5196
8256
5448
8851
8560
91
1599
5203
5687
1786
1922
2264
4216
3634
2359
8397
9008
69
1793
9096
9238
3116
1972
2160
6826
2095
3924
1766
4593
2399
2781
1768
5556
2143
3962
1443
3331
2131
2270
8459
149
8407
8924
1314
6476
2273
2153
7908
7350
1059
6965
1078
4848
8976
243
2387
2011
67
2157
1861
9009
5101
1189
3841
5017
5891
2828
6126
2842
5259
7395
9837
2938
7061
3593
1144
2020
8142
6751
9907
6612
578
9838
2186
2322
1312
388
2174
8012
4228
4046
8519
8491
6805
4543
287
5894
1218
5334
7512
3578
1394
8487
9250
3080
2809
68
4627
9891
6345
5042
1055
6914
5924
8197
3224
9748
7274
39
472
9432
1274
3652
3448
5566
2854
5650
1808
8767
206
2760
589
6713
7043
4298
3436
9410
9361
9957
8876
512
2561
9260
2281
1945
4845
6014
4089
650
9117
1678
4070
2130
7118
7784
9933
3390
3808
4672
1229
2995
9520
6753
2328
5217
1012
755
1502
9994
4585
1008
193
6595
2850
98
9312
8042
4379
4823
3027
8464
6884
9771
5657
4870
9462
2093
239
1012
4175
2132
7800
9295
3076
6340
2963
6540
546
2124
8655
3680
7017
7971
7195
4870
8363
1323
9194
8073
7054
4234
2186
7622
724
3480
5611
7235
9106
6091
1091
2378
9685
17
7279
7790
8312
2238
2987
9848
2654
2758
8809
1754
6512
3464
5376
9473
7387
4347
4289
7593
214
6343
2508
2733
5367
807
935
4916
7351
8685
4446
2301
8311
8191
9217
1536
8161
9574
7118
6701
7769
2611
8979
814
6354
1852
5077
1062
8612
3177
6680
3038
7718
8272
2414
3194
4118
5667
6823
2847
7617
7187
3030
424
557
1692
7348
6299
3809
3538
6297
8488
8964
4207
6263
9854
932
1191
2187
1758
2580
5006
9077
756
1011
7780
785
234
2945
6215
2125
1423
4620
295
7426
1528
4091
8442
9109
4001
7900
8044
236
5314
2053
4989
7446
5512
5003
7951
3685
474
7402
428
963
1635
9040
1485
1146
9415
3860
9049
3777
558
2692
6770
4764
9028
8072
6654
2217
9718
2996
4014
1045
6567
6522
4801
8137
2448
7981
8776
9718
1921
1589
472
1675
8392
1586
1591
1158
970
8071
1818
4481
8776
4302
1342
5939
2051
8369
3373
549
3145
6758
3927
4753
6712
7929
4825
7129
7690
1495
8711
6128
6758
9809
4620
7775
6681
9280
9060
9192
627
8222
6429
68
9486
2549
491
8952
3757
278
8821
7719
26
5006
9661
1432
3540
2511
3161
7466
8768
9799
2024
9766
2637
5405
6643
8975
8151
2997
8935
3935
4827
2701
7861
8973
1641
7952
2109
3298
1700
3596
1154
5270
1291
9746
4467
2868
6628
4780
6812
3107
9400
9421
7817
2555
366
1737
6165
9352
2690
6215
8118
8134
1378
3175
2259
9781
8928
2632
6289
4527
6659
2992
9438
2178
6458
9626
8480
9157
3511
1387
4776
9770
9904
6323
9352
7895
4692
3540
4267
1371
7237
7312
1529
5308
9223
4351
4124
4320
8889
6281
351
1310
6148
6191
9981
5415
3655
9559
3195
841
7710
9962
3035
7426
8079
5821
3749
1236
4564
244
5820
3144
3311
8376
4844
3869
1911
6375
5676
5113
1053
8914
8905
196
4311
8934
3521
9821
3573
2392
7790
5369
7581
4926
5108
769
2424
4124
7298
9762
2438
1878
7813
7468
8560
9326
7804
8491
427
743
5017
5678
9045
5389
6843
4668
3883
6863
8793
4978
9737
4728
7474
2124
1734
4696
9435
1948
2343
2246
7943
2726
2872
6718
7729
5729
1623
9070
6021
9261
4670
5640
3260
5585
7615
5154
3965
6496
2930
253
5774
5180
1617
4624
4389
138
229
2062
8229
3333
133
9700
5355
8317
1078
6522
4715
4054
5684
236
3432
7809
3917
835
7692
2516
9118
5123
990
4350
8055
8054
4392
7582
5950
1867
5224
1106
4711
4818
5187
695
7354
8910
2211
9558
6402
9412
1564
9303
8778
3139
2057
5227
5210
6889
6826
7107
3843
856
5083
9353
412
8944
9663
8415
1550
3435
9502
9926
1107
3421
3693
7869
4143
2058
1451
3965
6735
5190
4877
7681
5942
6203
105
9438
359
3949
7496
1191
3064
5775
5490
5404
8956
3302
2231
1627
6487
3317
7185
9382
480
4285
8910
9569
2711
8568
5237
1552
4049
290
9086
7825
7912
9945
3042
6607
9957
6328
7413
8337
5336
989
9787
7588
9147
4636
4309
1184
3542
1306
7610
9612
598
9226
3512
1105
550
3776
9841
8391
1216
6348
660
119
2951
7176
696
1029
7452
8848
9493
7701
8186
3316
6573
8161
9182
876
2458
3497
6138
6030
3965
9
8209
7195
452
3205
9046
9835
4708
7312
2733
3313
6859
4568
3946
9878
372
5558
8631
9646
7793
5688
372
630
4721
7977
9781
2275
2872
1143
3470
2178
7739
1760
2446
2591
8874
8838
7556
4095
9231
45
9394
8858
4952
5307
8405
996
298
1195
5485
9409
6924
4999
8278
8846
9052
3183
4422
1154
1527
3624
2250
8808
8637
8399
1268
6812
622
6426
3322
3360
4989
2497
7153
7158
9506
7247
5138
9151
2551
762
5731
347
9691
2612
8112
9633
6418
1601
2986
1010
381
6927
3273
2579
214
8706
2067
5801
2466
781
9795
866
8815
1458
3672
5135
6902
2618
7536
1644
4782
773
2451
6306
9178
1270
7936
4087
1613
8642
8545
8730
4601
7927
7297
6987
2276
1489
5907
3104
7642
9947
6553
334
4740
3726
2555
2454
6537
3742
1399
1021
2260
8366
3377
5564
632
271
7979
9455
2662
4870
1812
2817
5335
956
8408
3463
5407
8797
2682
6242
2566
7247
3228
808
9745
1124
3048
6514
6623
8340
5473
6245
9906
3148
8580
6493
5923
9238
5199
511
9220
4746
6228
8139
3783
2531
8443
5008
1897
7191
9099
7941
8195
4630
7344
8030
4440
4728
5736
2238
2177
5237
4335
9383
2562
9108
8004
6024
3709
4808
2079
3870
5632
677
1764
7291
4797
5687
4531
956
2087
8301
647
682
7927
1588
15
6032
5608
5675
7373
2646
6470
6347
300
7324
5836
5817
537
4384
4995
8592
6068
4108
3433
2458
7114
3207
3973
3361
1241
8191
5943
4317
3699
1481
644
9499
4118
5541
9035
4218
2870
9824
6785
4020
9220
7847
6977
9138
2574
8904
7821
3035
6795
9735
2802
6261
1892
7777
6000
3883
9302
3211
2812
9510
3814
4017
9550
9702
1417
810
7488
8480
9992
3019
6593
4277
1091
4712
9379
8537
5289
2588
1317
4142
3623
5643
8755
3
9408
6284
9862
1781
8557
2807
3460
6821
308
9980
4249
9860
4676
508
4182
8836
3793
8742
6833
3668
7993
738
9406
8095
1089
6835
9770
1284
7203
3807
6362
7729
2571
2354
4336
6694
1639
8457
7107
9731
2100
3961
5241
7424
6403
1990
3419
6432
1926
9023
959
4180
6432
3817
6049
8754
2287
4375
2329
4489
2713
1684
7569
6469
5759
8824
202
4240
2935
5215
3512
6404
6509
8174
5691
9826
4964
2149
521
9337
6482
5228
6928
8110
8619
1682
2287
6505
568
8214
1121
1030
8157
9263
3548
9543
3775
7936
2970
1929
4056
2124
8348
1303
9512
9746
1394
1565
3359
9967
7702
2024
1053
4917
4186
6141
7080
9577
8603
7004
9998
2899
9507
842
87
9652
3481
3712
62
26
4895
5710
2724
2989
1209
7918
4397
8496
8343
8981
3495
9293
2315
7115
6044
5564
4774
4284
8637
3719
5688
9599
1581
2662
3488
463
9434
8189
5481
1148
6067
2309
6915
4523
567
9994
3159
3630
2242
6254
8022
5038
7521
6050
5136
8569
7290
1422
2391
7865
2291
1348
6535
5351
2246
6925
4166
6459
4906
2253
2482
561
2981
8345
3387
2314
6960
8924
3892
7586
6585
7123
9513
6442
1619
1271
1204
8911
1859
668
3004
4497
110
9442
1727
9492
9272
9592
7300
9198
7094
8268
7806
9037
4143
9811
779
544
8954
8758
7369
1815
5671
1614
5856
2170
6629
616
1827
5402
6660
2409
4245
7259
2558
8643
6785
1082
8751
1235
7763
9107
1782
4174
8133
8126
1156
6354
1063
9460
246
8018
9930
2419
5562
2627
838
3414
3897
5294
1215
7298
8920
531
9469
8010
6600
9820
2901
5504
4609
2668
3643
4710
779
3325
9717
6353
2635
4241
5238
8586
5851
3645
827
4882
5375
7018
4950
5976
5769
4061
6439
9925
5140
1837
9175
6565
5083
318
868
9207
4853
8672
4478
8837
8194
3246
6884
4936
6624
3424
5604
8180
9051
5110
4444
3373
3620
6291
2497
9163
1922
3610
6895
6688
7580
5521
5127
7781
6259
2584
4858
3098
2466
3585
2319
8809
3997
1802
314
5964
4735
5949
5776
9951
6389
3282
402
4453
594
1906
4986
5967
1993
7854
6721
718
6700
4608
2760
8289
6866
2152
6870
5277
4973
2620
3573
3287
123
5353
7418
3671
9600
9705
738
9737
4453
9802
4879
7494
2246
253
7402
883
590
845
72
1255
6499
7431
8969
744
3004
4504
3344
3360
9500
92
1758
6951
5188
2707
7405
5383
5028
9102
359
1460
1904
7448
6650
1566
6331
5260
59
2588
4250
7930
7487
3274
4557
568
8579
8218
774
9505
623
7510
5226
2594
4263
3190
9015
5478
2850
1283
8335
2527
1803
1185
5511
4559
9532
3355
4468
2058
5403
6442
6300
9755
2118
5766
2323
4865
7601
5677
4007
4187
3071
5767
916
1276
5010
3877
7072
1612
1072
947
5083
9752
9066
8892
1138
7133
1561
2932
6128
1160
6934
2200
8363
3778
2295
2071
5979
2163
1425
6595
433
3510
9027
5658
1877
9157
4812
8348
5691
2690
5091
1066
1354
3300
9653
2360
7238
7150
7503
8939
1275
5469
7471
8135
9571
3942
8798
4628
9002
613
9527
285
4077
1530
7590
4943
6824
5735
463
819
2911
4229
7516
5365
8766
3436
473
5577
3741
8140
7467
4512
3203
9158
907
3243
6927
6343
3766
9226
737
9701
5718
90
9959
1863
4764
6313
3516
3223
9227
8380
9705
4217
8092
8651
5661
5502
5857
7461
3397
8954
4323
9679
9511
7005
8046
8682
7873
6424
2755
7896
5870
6172
5529
4411
3449
4557
6647
871
7695
677
8205
5649
9463
1964
7633
1607
6054
9763
6831
5513
3187
1607
4133
4917
4273
2354
5466
2298
4987
9061
7013
3017
614
9296
1947
1924
5023
4260
6453
2798
3281
6432
1900
1294
435
5804
8882
9042
6809
9916
3418
6609
3046
3095
3213
8206
6300
5317
935
7756
3265
9368
8914
5951
7440
650
9543
2937
4549
7963
8431
825
1598
4922
2729
4438
1896
96
403
4179
6391
9203
7458
2417
1026
3898
6891
4597
119
9545
2667
5893
3728
2269
8481
1346
484
9145
6740
1320
2647
826
4634
7862
43
591
2281
7913
4350
9707
7075
4638
2077
3606
1117
6765
7977
2166
9729
7132
7429
1557
6586
8519
3472
4583
9132
9742
9832
6480
684
4124
5577
4757
5723
1945
994
2602
6335
4506
7597
9928
8320
6740
5722
5862
4114
8907
8800
394
8176
8668
1035
3696
2056
3078
3608
7972
3028
936
7177
1498
2617
1617
140
1726
9298
1515
1361
5108
7790
3923
6506
287
7063
5089
5603
2400
1844
471
7180
4866
2353
9239
6862
3314
148
9040
7869
2351
3237
1655
5986
8416
5679
9438
2644
4359
9205
6053
6917
5386
9011
8318
2472
9507
5787
3587
833
6528
3446
5594
278
2414
413
6551
3585
1538
2472
6341
1293
6436
5804
5668
8904
1042
9430
7573
1972
3919
1871
1383
526
4716
4488
8110
2730
5998
6219
7469
4833
2509
8304
7904
4202
6349
4581
4988
7057
5869
2023
103
1898
6079
6294
5138
9060
8981
7773
6850
5867
7995
2877
2203
8092
4903
8972
9069
5710
8015
8429
4178
9887
3056
4845
2884
8990
5786
167
2404
4950
4286
5301
4965
496
9670
4094
9592
8729
450
6600
6149
2280
7731
7182
7911
1197
2669
7720
5383
5730
4506
5789
1606
5007
4271
8665
1669
9259
3977
6425
3404
2840
5512
4859
6252
3317
8517
358
6882
9515
3271
573
4028
1513
7544
7447
155
2613
5200
1100
9901
4177
3462
5455
148
8827
4228
5764
5318
1663
3354
6756
6284
524
2947
4894
7627
4073
1511
3408
1537
3164
4606
310
9043
6461
1669
3061
9665
3595
9689
996
2884
8005
3872
6798
2582
9379
5550
5034
6783
2600
6828
2921
9575
283
1129
6455
8372
7035
4545
2559
8713
3947
3630
4022
6011
8625
6068
8248
1807
9739
8564
6643
5309
2019
5268
2069
7595
7342
5641
3143
6844
9824
2398
1774
218
958
5468
1932
6332
3198
9808
8940
5995
6755
8556
6130
6255
9055
7003
5512
8457
1921
3312
9663
3750
9159
5720
6941
3446
7322
3869
8069
9415
2109
2151
4713
8587
4223
2278
7397
6021
9391
249
5946
118
2648
7726
9861
6780
6902
1523
7106
9142
6282
4991
3896
5039
6437
997
3486
6698
4885
8308
3575
7920
9488
5727
3013
7070
3360
8987
1272
9209
8545
6451
7884
4687
2653
2605
3551
5224
7263
7508
959
1523
3998
7493
8401
8583
6143
8067
5954
29
8240
3242
69
4604
3980
1618
4070
2095
6287
7114
9513
6992
5038
4154
9094
2200
7631
4333
5322
6084
2714
7293
8933
2236
5972
3507
5710
7441
6403
7199
6537
6840
5176
3029
6351
7828
583
9608
455
1951
6098
6118
7235
8081
7089
3818
8882
3859
3330
6873
5480
342
618
608
6761
554
5748
2680
1476
8666
4836
5536
5383
638
8301
941
9100
3959
6070
7690
6162
8627
3599
3270
5947
5877
4890
2153
9106
8629
1825
8345
9732
3710
4532
1404
5676
8838
9202
5884
2416
567
3017
3471
581
283
3445
1283
6971
9089
7743
542
3196
6317
9884
6190
4334
2765
7661
1676
6760
5197
597
9854
789
8356
3126
5842
3111
4327
293
8877
2719
2559
1778
2902
7107
7363
6363
9023
5577
7163
1743
0
2664
7092
5413
8167
3907
7958
2656
5578
226
5979
1899
5758
1605
1872
4149
4115
6985
4946
2013
7802
8326
7074
7
7830
607
7439
5435
8447
5090
3822
9924
1742
6283
5944
6550
8889
4459
9597
2442
100
4898
6977
9640
1244
1285
4669
4840
6870
64
4578
9353
200
919
10000
5465
5843
1598
7161
3767
7311
7614
3365
9664
7118
2002
1988
714
5891
1752
2881
742
1251
2293
6886
1783
4206
3336
190
880
2851
1223
5577
4297
8388
7796
3059
5438
198
9587
1768
9109
9720
4869
524
7342
5511
966
9113
7144
8704
5426
7174
4570
7806
7261
9950
212
7690
8500
285
5399
7300
5981
2256
7383
9397
2515
3985
9482
7321
6786
5096
8475
6819
2369
8875
6222
2186
5289
3407
2765
338
6008
2819
1815
2647
8960
4384
5513
339
7366
3494
7519
82
1243
8274
6947
6065
9943
5388
6562
371
6017
5947
3863
1800
1181
9640
842
5702
8545
2293
2864
8234
245
8180
3376
3259
1132
8724
3216
4834
8267
3196
8303
5438
6247
3708
1040
566
6584
9799
5699
2626
4446
8882
7627
2707
5964
3458
8119
5486
7717
4745
77
3187
6608
6620
4488
2459
3415
4538
5058
2131
1818
672
8464
6689
1743
6062
6447
9126
4534
4246
9340
7355
4042
9667
4247
6528
801
2731
1366
8508
1933
1831
599
9287
1060
1116
516
8723
5917
7445
6024
3804
8481
1356
7078
715
7491
8390
4716
7678
5065
1461
1667
2291
6060
6318
4689
9823
9351
7901
9958
596
5537
427
1019
2820
6145
6481
1724
8762
97
7881
2432
1716
7462
5198
1401
3449
2597
4527
854
4390
9840
2983
1654
9664
1849
92
2500
5449
3791
4499
4284
4437
1341
6076
6440
3777
7995
664
2190
2697
121
3925
3479
5799
9683
5334
6143
7541
8400
8593
8954
931
3746
8479
3807
4922
4230
494
9854
9029
7147
2197
840
8355
987
6586
7917
4208
9368
1845
7895
899
9263
6312
1724
6992
6297
6667
7100
1347
5479
416
9987
3175
7520
1054
3077
6292
2483
9578
9648
5315
5861
986
4125
7547
7375
6143
5388
8788
5045
164
6943
4400
9524
3426
5729
4845
8840
6226
6365
2404
3468
3134
7036
9246
8151
9363
6139
4030
4284
3262
8496
3073
9203
4384
8925
7208
2311
4649
8851
4317
352
2785
7756
6197
957
6290
7332
4047
5743
5502
4972
483
3616
4767
5474
4387
2610
6704
5889
4752
45
7388
5597
9644
5031
2908
3231
7934
2818
8554
2918
4341
3398
2920
4332
2712
549
933
3081
9331
180
2755
8479
3897
2914
4415
5645
5030
9777
6531
9929
6590
9225
6928
6156
2893
6323
7340
6961
9996
7014
8605
8395
5683
4684
3038
899
3347
5431
3956
7153
299
9046
9140
3202
8923
7875
5357
5460
653
5418
7176
7614
2479
587
5652
6890
3292
3153
955
2224
1160
1065
2375
615
8439
4265
1979
5699
9678
3149
9169
5984
8842
3401
6449
4586
5459
3734
6078
1522
2766
1148
639
7962
3542
9287
7410
5800
81
9207
2879
6411
9051
5857
2513
6335
6193
7945
9631
7484
9331
4255
2976
5496
3131
624
486
406
1270
1959
6256
9717
1312
2236
8632
3640
2395
1111
8567
3670
932
2719
5316
2756
5256
94
7649
488
9326
1404
8347
3416
4941
129
2992
6239
3592
4836
9813
8949
4534
2258
3459
5544
3135
6673
994
3456
2006
5593
3719
2512
9319
6968
8822
7273
892
2937
7078
1155
6385
8207
3682
5438
4513
5103
2771
2789
7592
7851
9353
8842
1636
7996
5892
3664
1517
1927
4016
3653
4014
895
9258
2911
5988
847
6982
3164
3452
5583
8652
6018
29
9632
2570
9698
9119
1913
8154
5242
8641
547
2045
778
4062
9931
6319
6658
433
4986
7454
713
5658
9656
7643
8006
7817
8168
842
9780
2503
3702
5731
4553
6856
6428
1608
4544
2426
5358
822
4757
3565
2898
2840
7556
9622
8559
4787
563
4845
9651
1941
6609
1507
2535
3431
9989
7079
7931
2994
5747
9594
7943
7941
9947
1968
3716
5084
4756
3294
7349
9978
7696
5989
8714
2324
5055
2876
2630
8564
5180
9663
6264
1614
8702
1593
7318
6561
7772
7651
2837
6356
6937
5327
3747
5714
5827
2664
208
9485
8109
1250
481
3973
8041
5098
9781
87
5954
4033
9296
9887
820
6386
7541
8485
5034
5643
4296
6214
2999
1084
8530
5225
5206
8716
2532
2415
9999
4464
8587
7146
8305
6723
1002
9770
9302
550
8453
5292
2573
2835
8254
4930
5990
8950
9326
1617
8973
2651
7220
9200
2610
6216
2018
8830
205
1799
9288
2208
3005
5485
9939
2648
7192
1217
4537
2586
7879
789
4258
5833
7286
4285
3409
8731
2193
9027
9297
3221
6885
4420
315
9030
7591
6905
2716
4861
6406
4299
3711
1952
7751
368
6280
3352
438
2274
9617
836
5931
4210
3539
8811
706
5791
1735
3159
414
2498
3369
7679
782
1026
3608
317
4955
8171
7910
1614
7902
8909
7145
8332
8338
2186
9075
1460
731
3159
8096
9897
5936
4998
1271
6731
5992
2977
7839
6252
7329
6577
1734
2870
1835
4800
8603
922
2199
1483
5437
1275
6286
2863
6558
4330
1326
790
8765
7829
8610
4374
7602
6617
6082
1574
8221
887
4077
8372
216
6417
9295
6732
6247
6997
4196
3924
94
5364
5550
9937
8508
6636
4286
472
2142
3712
4940
6236
5094
332
9505
1394
3367
9690
2910
836
8487
4606
6670
569
3534
4722
3155
3312
5785
3939
8375
115
2658
7346
8374
9203
1440
6525
347
8543
3006
7816
9664
5003
6669
9218
6149
6246
4604
2376
736
9127
1053
5990
3234
2848
1746
7987
9069
4972
2366
6930
3185
319
1732
8749
5706
1120
4807
6011
4476
4507
4660
9426
6356
6514
9514
3702
7200
3911
1261
7961
7650
1183
7649
7544
7218
7441
7307
3954
7219
2857
966
2604
8386
6405
4175
997
6414
2007
8447
3620
5460
2625
568
4158
2443
6134
602
6758
5128
3817
6439
1114
7221
1728
4909
8478
4082
6900
785
6764
2618
4361
8553
8022
4052
2142
5619
8274
3900
1330
4406
1414
3364
1621
6842
5320
6902
6715
6134
7421
2958
9025
4980
4197
3787
5454
8008
7207
4247
6269
3633
8010
91
348
5376
283
3336
7232
4568
1557
6575
4766
4583
3463
9995
2528
7489
4368
3189
6261
7664
3915
6084
6670
4522
1777
8333
5780
444
9813
6573
1382
7821
3228
3398
1464
6525
8083
2448
9473
6447
9107
813
1428
8065
3650
6989
8093
4370
1132
7445
8850
81
5400
8788
270
9420
4628
8966
7270
2002
3021
1460
4366
6398
8963
7893
6239
4392
8501
8701
4186
626
3821
9638
7237
7106
7245
4808
5630
1872
7119
5950
4747
1195
9330
2394
5616
4430
7241
6785
9092
1367
6435
464
2475
831
4639
2648
3647
7762
2759
4183
3930
4009
5587
5295
1165
9157
3710
6384
598
1166
6174
553
1380
3855
2637
4302
3858
305
4692
7059
6462
3574
7827
4478
5802
2504
4864
6683
3326
5183
4476
9565
5045
3356
7613
7782
5540
1258
3166
5146
944
185
2579
9620
1160
6829
7351
6910
2715
9457
3427
367
7929
9245
8760
873
1415
3265
2648
2245
1892
6813
7610
2388
1321
7290
3065
7483
864
9166
3548
5035
3201
9535
816
2626
4444
5768
6937
1942
5108
2289
5053
2722
6495
666
3467
7147
4728
3013
1283
2346
5030
9641
3123
1281
8486
7002
4301
6948
3738
582
1091
960
3012
6903
9284
6823
2959
6959
2115
5726
3392
9118
1023
3511
652
1730
3284
6069
4327
2959
1621
7576
5300
8694
3393
2532
1460
2810
8391
5094
611
2
6127
3872
8407
1309
8646
5422
5683
7389
2972
9861
2766
8181
7874
3321
6790
8550
7223
9700
7607
3772
3590
7585
2681
6164
6578
703
2032
1819
4179
7986
7454
8573
297
8764
805
4525
1633
1207
5219
3606
8582
4777
7635
4539
7475
3773
9858
7158
872
2343
9017
756
485
3912
4892
1451
8351
9116
4156
9887
1683
296
5456
532
3683
5227
9811
4154
5998
9356
6432
7818
2894
7277
7160
7886
20
4379
5094
2614
5403
3288
3291
3801
2776
2318
7598
7802
7887
8660
1672
8474
5359
3285
7329
5419
2181
9350
1777
4123
9527
2875
8891
7449
5648
9840
9508
3099
142
1706
2632
284
288
6689
8051
7764
4084
1246
6158
8489
2524
3732
6732
9269
9800
9591
1687
5868
8681
4307
3094
1400
7877
4159
7858
7951
9134
5356
9864
8819
8323
1139
4468
8334
863
2899
3196
1194
6451
541
4149
62
8517
231
7123
9280
6001
9687
5806
9693
5021
4506
1236
8839
6357
1383
5196
8882
6112
5940
6689
7055
9658
7442
9769
1292
975
5979
4611
5403
5144
6332
6419
4313
6945
4100
3482
8006
5463
7153
419
483
9777
8838
526
7560
7223
1985
2438
1334
141
2146
5634
6532
2157
3022
7905
3657
6089
378
474
2406
1202
9969
2666
4392
3126
6884
1849
3095
5041
7582
6538
7776
7936
4007
9020
4930
2885
131
4654
9417
9830
9579
5252
6732
1981
419
3031
1714
8919
8823
4373
3580
9760
2493
3557
6925
55
9974
6051
8549
4248
4149
1691
1005
8444
2038
4156
4864
7848
5995
6680
5251
2184
5595
4899
5244
9748
7087
5433
4145
4756
6128
4640
2185
5234
9861
2343
9801
8422
9822
2633
7336
9508
9222
8685
8453
1459
9472
9002
4781
4084
9384
7487
1631
1475
4510
3357
4810
1245
236
6514
7993
9365
1966
5672
43
2328
2186
6131
6025
320
9128
1493
295
5109
7857
1979
2947
2035
2320
5354
6851
1557
7312
5456
7393
6394
5597
7353
3480
6335
8651
2106
9465
2589
9383
5168
572
7207
1727
1934
5791
393
3816
7031
1012
4196
1298
5491
4238
9757
6724
6909
3334
3846
3162
5517
8042
4453
1006
2369
1193
3614
3758
3970
8130
6313
8340
2938
2036
1050
3547
8174
8612
2011
4564
5306
6377
4149
7772
7992
4678
8248
2971
3705
2282
874
8725
9872
151
6269
640
2543
7270
2338
3106
8314
3500
3798
7989
7613
5075
678
8347
1895
7965
8720
4318
5196
4373
1734
9399
5316
4396
1292
8653
5611
6315
848
7187
9468
7833
1008
8670
3434
8135
1491
1480
6624
5532
1162
6093
9587
2977
434
3715
9749
1319
449
9928
5029
5611
3145
9949
8018
5911
3517
566
8587
9978
8022
1738
8972
1377
568
3886
447
5205
9566
1827
9569
3741
1305
2122
1108
3859
3627
9294
1017
6992
9173
5829
2858
5808
1245
1688
8374
5296
3443
