1217
0
5644
8603
5625
4975
-604
-8362
6651
7833
-1666
-1410
-361
-3619
-7787
8769
8237
6278
9117
-4454
-2744
-3925
-432
4585
1700
-8387
7848
-9411
6869
4151
-3823
-3488
-6315
-2582
4178
2281
7344
1594
-25
3196
3769
9904
517
-2157
-2514
5370
6293
-2406
-6861
-7626
1891
-2883
-4965
-1958
9897
1309
-2651
-5093
-7296
-2541
4513
4001
4883
-697
4857
-4735
-2389
3747
2557
-4305
2346
3331
-6879
-2383
-68
8849
133
-8098
6120
-9316
2345
-2036
3993
8064
7021
-843
3225
3427
-7217
6254
2658
8596
-4624
9193
721
758
-3123
-270
-3509
-3388
6743
3769
8629
-9833
-3443
5145
-8082
8253
-3467
-6847
2598
-8312
-1932
-7664
-5220
-9344
9637
-5823
-3561
-1561
-3816
3420
4097
-7994
7930
7058
-7845
8033
1520
-743
-4457
4962
3257
27
7003
-6166
2026
1239
-5026
7996
-5094
-44
-2705
6271
9490
747
5795
-5392
9451
2011
-9131
7067
1791
-7622
169
3820
1220
-4170
-3618
9019
-900
-6541
-9238
-9945
6216
3567
-5274
-4471
-7114
-1604
-6213
2776
-5155
-8001
802
8297
-4164
9752
-5925
10
-8834
-6639
1070
5018
-69
6882
-8471
5530
-9554
-3933
-9555
-8008
-1074
4673
-566
2902
-8734
1531
8033
-9077
6623
-3715
-3468
7823
946
-5563
-6489
-6748
-9933
5
-9437
8036
-1319
178
7490
-2699
-2841
-9366
4197
4355
9127
-2633
-6526
-6932
6845
7214
-119
-8513
-5874
3553
6550
9009
5645
4258
3278
3436
9757
4467
5704
7687
229
-8103
3022
1346
6802
4183
6366
7097
-7361
-2030
-7634
-239
-8022
-7527
6719
-7347
-4083
3443
2175
6987
-3840
-5855
1330
-4022
-652
-6595
9081
-7289
7435
-7147
2518
-4900
8646
-6367
980
-2279
-9501
4231
-9071
3837
4996
3261
7055
-923
-6723
8875
953
-243
8377
-7174
9139
-4981
8861
3365
-6122
9471
3943
-2585
2822
-5862
1522
3709
-2724
6395
3357
2062
-7403
-6267
4392
9319
-3149
1556
2304
-5942
740
-2051
4990
-6915
9792
-9260
-5579
1533
5455
-3970
2604
321
3700
-2196
-1886
8711
-6294
5941
6377
-9950
2023
2513
835
8615
-955
9226
-6118
-336
2962
9104
-80
9398
7138
7483
5128
7903
7092
-781
-365
7322
-7302
2260
-1435
6126
-562
-7520
-8238
7520
3859
2618
-226
9736
6075
7796
8779
2957
-9841
3899
-2114
-2574
1137
2760
4688
-2975
-8535
934
2240
1461
-6068
-3578
139
-4090
-3493
7750
7288
8761
7762
-510
6539
3602
-7402
9862
5754
1877
1918
-8813
4063
3883
-6308
-7216
-1025
-3588
9553
5297
9429
-232
-4899
-700
1971
-5779
2858
3659
9473
9432
7176
3698
7334
7234
7710
240
4046
269
-948
5378
8122
6788
-2499
-8354
-7956
-8528
-2886
-1036
-8560
7789
411
-7900
3607
-8154
109
-5503
-256
-6611
7829
-7507
-4411
-5765
3733
-5257
-6593
2313
-4349
1676
6185
3205
-7764
-871
-7476
4054
-4319
7551
7289
9677
-9810
-265
-8231
-9386
-2010
-4453
7292
-8317
8290
-3614
-9641
1902
-4388
-2099
-4036
3775
4817
4033
6138
5906
-473
-9541
2358
5093
-4234
-8204
3471
-9540
8997
6911
4237
2773
8983
-7559
-2109
-2912
1140
2696
-5920
-3666
7881
-2490
-5605
1797
4563
6042
194
-6713
4262
4306
8783
-812
-2323
1648
7728
-6259
-2268
-3758
-8820
-6631
-1804
-1591
8144
-7185
3036
-8790
-4372
9202
-4257
-6886
-6676
-9695
2263
2573
-7312
3637
-3031
-2314
3526
7757
-6608
5605
3521
-3891
5003
-2308
2072
-7493
1746
4710
5983
-6605
5533
8208
-8569
-7252
-5394
-9647
-101
2272
3292
9153
-4035
-837
-9093
5262
2853
-9954
4146
9792
-3591
8634
5399
-719
3000
-8424
-4780
-1760
-4192
8113
2276
3035
-6174
-1876
3406
-7658
-927
-2861
-890
6472
-913
-200
-7836
6370
2531
729
-2211
2301
-9479
-861
-4181
5038
-7605
-2901
-4459
-3449
-1087
9887
-5190
328
6184
6847
7321
-5883
-6233
-8142
5844
-3258
8447
9524
6628
242
6982
9889
2697
2208
-5234
-7102
1377
-3155
3173
-4623
9010
9059
-9810
3243
6225
699
453
-4499
9271
9280
7147
4445
-7409
4730
7069
-2513
-1249
-1972
-4046
-1972
-7464
-3384
6968
-3171
3291
-4093
-70
-1904
3193
-3478
8399
6785
4723
-6607
7157
-9713
-3494
-1569
2471
-9047
3856
-8282
-571
3726
-451
320
7044
2617
-5772
-1502
530
-3808
-5163
4059
737
4854
-1137
-912
6851
-6044
-391
-3666
-8386
-1020
-4772
-6083
7051
506
6296
-8933
148
3340
3482
-9334
-1338
7896
-5285
-4900
-2303
-6248
2678
-1034
-5407
1309
4599
4921
-8743
-3183
-7097
4391
9091
-8234
-3634
-7594
4815
2319
5471
5839
-576
-4840
1398
4351
9482
-1006
6742
-3549
-9836
-5386
-9430
-9599
7934
-3145
-7426
9786
2374
-2737
1613
2921
-7247
-9744
-7983
2589
3934
-3134
4166
-4184
5682
7765
-4198
-1950
9617
1614
-6486
7005
3575
867
8882
-7408
-7739
4867
-801
7673
7013
-7859
-5745
6060
3563
-6212
1760
4126
2539
8745
-1621
4196
718
4965
-9466
-795
-7175
-1929
-9670
-9114
-8403
-836
-8299
3740
-8423
-45
-5092
-3716
4293
-4838
-8866
-7842
-243
-3524
8084
2571
-4932
484
8741
-790
-5848
-6550
-3566
-4471
-536
-8326
-9168
-3923
-1511
-6489
-4527
-8233
8685
-5228
6086
-6927
-7495
-535
-7426
-891
87
-9390
6335
3415
-2651
-6677
6898
-544
-8004
-8884
97
1025
3959
-9053
-5605
7699
7278
9637
-9421
-9547
3720
428
1999
-8461
2266
-9338
-5699
6321
-1381
-3087
-4831
7690
7391
-9676
-8161
380
-2792
-5186
-4990
-5257
6531
5809
-7904
9040
6056
-3628
3622
9613
1792
8681
-8233
-9210
-7451
-2775
-692
3947
45
-6768
6380
-8318
5841
1183
2399
353
-8625
320
-6181
1283
9966
5307
1659
-7068
-9905
462
-5390
2929
4139
4388
9051
5583
-8352
-4966
-7506
-195
-2420
-7980
6190
6634
-329
-741
-632
-3811
-1042
-1164
-369
-772
5861
3190
-4414
808
-8415
8953
9728
1585
3544
5450
9313
-962
-5564
6360
-1728
203
-3554
-4608
-8588
3787
-9869
-3949
-4327
-7811
7584
-8091
-1334
-2443
2722
4708
2239
-989
3919
-2353
6851
-8471
8977
5839
-8746
1183
8783
-6497
-6135
-954
-9544
-4955
-2644
-7692
-7974
8477
-8729
5866
-9021
71
-3382
5617
-4773
9822
-4497
-7456
-6531
6920
-5402
-6502
4265
-5694
2256
-3567
2673
-5915
5522
5952
-2344
-8181
7874
2411
5312
1271
-4116
7688
5634
1661
-8670
8046
184
4100
9422
-1242
-9246
8817
-1180
3019
9521
-7117
7563
5206
-2667
6619
-6319
4137
7480
4334
-3200
348
4201
510
-3831
6487
-4140
-3039
2860
-8760
5804
-3206
7053
-925
-8866
-3678
9105
8564
-6252
-3699
-2878
1294
-6858
-6183
3694
-5541
-6365
-6002
-7228
-2067
-7697
1613
7307
1690
-5684
7675
4482
-7351
6475
-210
4443
3170
-7411
-2443
-2221
5920
7031
-9473
2091
-4812
811
4589
535
-2982
-1299
-1683
9485
8960
9640
-4471
-6931
6755
-5311
2630
-3243
4626
-7178
-9029
6207
-3002
2668
-9927
-3768
-5804
4866
3230
-6086
-8518
6452
4530
651
-3278
-5699
-12
-2400
-6335
2450
-4513
-9628
-367
1132
-1619
9905
9827
-1059
-2910
622
5821
-3350
3770
-1961
533
-3658
4975
-600
528
7710
-1687
-9106
-4477
-3878
-7060
7439
3198
-3662
2008
-3141
-4366
5941
7108
-2267
258
9666
-7332
-8329
1249
336
4666
-2104
-2396
-9983
700
-9111
111
-7963
-2910
6631
2140
415
1919
-7791
-2685
4148
5175
8935
-9760
5058
-5174
9070
5409
-2700
-333
7122
6052
2959
-1161
6876
2423
-2480
-9846
6281
1719
-9391
9686
8902
3900
-2854
-9120
8336
-645
9460
9713
7028
69
8833
-3775
1851
3475
1670
-2395
6126
