6472
1
-374
-7864
6278
-6947
5891
5832
6401
-1486
2373
-2867
-6977
-4308
739
4114
6743
-8146
-3992
-6138
7153
-4044
6980
3705
-2417
7329
6898
-6940
4379
4880
-7012
4398
7091
-8118
2291
-246
6419
-8826
-3908
-9159
6173
-7681
1975
-4713
4183
-9104
-3470
-1192
8563
-3916
9412
5460
-8281
-5926
-9849
-4382
-3571
6015
8660
-4305
1670
355
7003
-5340
-5497
-6958
-9375
3938
1986
3283
-2000
5326
-5498
-1448
-9069
-2567
8135
-450
1739
-1166
-6488
-2106
-3193
-3725
6720
8372
9694
-4905
-2491
-2789
8082
4886
-6575
-5896
-1881
-5863
-9804
2459
-9262
6854
7933
-3488
-6940
-8172
-6578
-8177
9321
8676
9215
-1812
305
6409
405
-674
-953
4353
-2431
-3874
926
-6247
1708
987
5108
-6154
3945
4519
9394
-2100
-285
4772
-136
-7749
-8443
9857
-4604
810
-1272
4341
9753
3430
-5426
-8803
-8856
1502
-1723
2456
-8333
5267
583
6708
9884
-8599
-821
9126
7316
5802
5225
-1821
2365
3045
628
-3169
746
-4532
8621
-3976
7983
-9837
-6035
9378
467
5026
-2293
-5296
-4173
7744
5068
-9489
3198
6706
1430
3335
9204
-8980
-5728
2048
2756
4620
-4458
7464
7766
-7896
9370
9577
-2620
-8485
-6015
8045
8609
9791
5344
-3084
8515
7961
-9294
-6472
3655
-9642
9066
-8533
-3494
2258
-5652
131
211
-1351
3090
2958
608
-6679
-6646
-1885
2260
4666
2630
-5600
9443
-6651
8195
9945
4733
9149
5180
6067
4586
8078
-2362
6538
4617
3308
7851
9323
3320
-1567
2995
1931
467
-83
1950
3969
1555
-9991
3777
-4979
-2679
8330
-9950
3625
244
-4328
4578
-5261
-5898
-5902
2008
-5758
-3662
-9680
8567
-9328
7150
-7340
-8229
9950
-835
2410
-9830
-4702
6350
-1074
-9552
-6227
-3647
8259
7470
-3288
-6195
-6446
6272
3505
3984
-2964
-8199
-7373
2037
-3515
9466
-5396
9826
3287
1939
574
-1870
-9338
3308
602
-2686
-8047
9416
-1236
8206
-1602
-9489
-1640
6653
-5560
5179
-2993
6066
1018
-7248
7892
-4108
-2408
4065
-4678
5661
-4230
3863
-9415
1878
5760
-202
-894
7258
-5828
9519
7464
7238
-5441
-313
-6045
-6796
-9358
3014
-7780
-3667
5599
4615
8782
-6342
-6263
7665
-924
-7587
-2658
6116
86
6857
907
29
-352
6874
7819
-1066
-9334
8840
2290
-6692
-322
7094
-1460
-9087
-5666
5741
-7086
-9900
-5246
2167
8357
-1875
-1966
523
-9623
601
5730
-5901
-3603
-5971
-541
-6014
-418
-2275
8671
-3231
4404
9606
1362
433
6587
9573
-3049
-4424
-5805
-1827
-8058
-3740
3310
-8153
-1258
-941
4299
-4215
-2926
-2444
-8290
-921
-888
-218
-9951
8517
-2587
-2410
-8341
4458
-1081
-1503
5475
3062
704
4477
-9026
9370
7763
4086
-3022
671
-3720
6922
-8054
-3441
6546
8064
1658
-1051
3380
3187
-4271
-3786
-5289
-19
1700
-6447
1197
-7827
-9600
-8058
-1554
7920
-7802
-4461
2210
440
-5158
-4179
-380
8809
-8958
-4595
-8420
1081
8595
2132
8971
-9669
-6080
-8232
4764
4093
-5663
3715
-4251
4630
7563
8687
-7360
9381
6353
9376
-266
-7624
9232
3063
748
4203
-9540
-2702
-7548
7290
7831
3363
6751
7499
1184
-7028
-8900
3876
6095
8052
1202
4745
-6881
2759
-8819
-8326
-8341
478
-6084
-9395
-3767
9567
-5069
-2540
5097
-9645
-2478
374
5036
1647
-6914
-8072
-4423
-6084
-2503
-2837
-4111
-3806
8667
6112
161
-602
-412
1181
-456
-9794
-939
1567
-9299
2584
7549
5626
-1886
6634
4531
-8134
-352
-1293
7875
-9302
-8040
-8873
-382
-8536
-795
-8433
-3477
-1531
7491
3000
8001
1196
7820
-6089
-7641
-2150
6912
-5583
1315
9820
-7221
891
4985
5510
-5105
-1045
-6447
-2765
9425
-5284
-3202
2197
-766
2783
8943
3412
1297
-5818
-6495
6527
1989
9693
2615
-8919
5160
-3408
8672
-7302
9920
-6548
-7758
1891
-358
5553
-9090
3683
9623
-9928
-7926
4073
-9388
-6916
-5412
-6982
-962
-5816
3023
-720
2137
-1199
-1376
8940
-5885
-9543
-7669
2763
-5150
4489
-1459
-7133
-9306
7710
-9908
-7446
-77
3606
3981
-3432
-2334
7182
-2314
-2682
-4250
2491
9644
2607
7584
3758
-3214
8959
-4820
6887
8375
-5447
3577
-3267
3083
-4830
-6992
5904
4594
8850
-4151
-2954
-9860
-8705
7508
4869
-5411
-9303
6822
6245
9506
-3825
-3969
-9325
-1706
-2084
8300
353
-8750
-8845
-2477
5258
-5984
-367
5681
-4849
4069
2347
-8366
-7493
4512
-5404
-3356
698
3150
3064
-8003
-7935
-6557
9332
7053
6450
7468
-1137
-1948
-9015
653
-4997
9019
-2737
5243
-5783
3347
-539
7061
2822
3470
7928
-2315
-9509
7512
-2011
4188
7029
-8492
2311
3716
-2400
6587
6399
8381
-8235
-7077
-3434
-9479
2180
4091
8709
-4394
4529
4775
-8534
-3754
-4130
8682
859
-343
3775
5550
-4966
-2812
-3520
2236
-9136
-4108
-1445
4428
-7335
1676
-4896
-3420
3160
7296
5298
5912
9479
6127
5570
-3680
3451
3691
-42
-1759
-9639
7509
220
716
-5656
-2336
-3051
-4384
-8930
134
7711
-8308
5999
5015
-522
7134
-449
-1283
6635
1062
-6184
-6272
3876
9198
3344
-1417
7946
4418
7887
-4020
2638
6530
-7067
-5283
-1627
3046
-4901
-5606
3208
-6913
-2165
2772
-7628
-7338
-2715
6722
-4240
-4194
-8250
7832
-6827
-3584
769
2373
4696
6788
-2333
-8022
7322
-8753
156
-4347
-8716
8819
-771
5972
-5259
2387
-4082
-6240
-5626
8806
9913
-227
-59
4521
3121
-105
-7047
-4169
4305
8134
-5042
3270
-6367
-8632
-3296
-4151
-9347
8791
-9445
-8201
3121
5782
8283
-7419
-1851
6657
5812
-1107
3510
3521
5555
-2745
2247
-4104
9223
1832
-7477
3751
-9402
8529
9435
4725
-4673
-9148
1609
-344
-6821
5089
-8939
6712
-3703
-7503
-8592
-3692
-3887
9474
888
4591
3192
-8767
-2518
-7375
7588
2240
9219
-5048
2447
-59
-4691
83
6915
-5956
3457
321
-5479
6285
-8923
8688
2186
-9876
-9615
-2145
4363
-8456
3898
8962
-7534
3172
5014
-9382
5362
-210
-9112
-1521
8483
-568
-4698
-3067
2905
-2013
9605
-2289
-4430
6243
-92
-2741
-2235
-833
-1647
1365
-7694
-1238
-2896
8357
-4944
3199
-4405
7247
-234
6110
-7454
5250
49
-3727
-3045
-9548
1889
8912
4061
-796
-9693
-8139
9651
8217
-2523
-5571
-1524
-1333
-8583
2742
-9580
3234
-4958
-7527
3175
8216
9436
2785
5077
2059
5604
8271
1125
-8805
4740
-2131
-5870
5900
-5836
-8199
2190
-1176
-6761
-6578
-8132
4238
2108
-6047
3079
376
-5179
2713
4803
3849
5640
-6924
-4914
7786
2378
1329
-7865
-924
6954
-361
4521
-2280
3137
-1833
-5116
-6416
7784
4827
-7552
4011
7257
-4824
-8907
-2572
2027
-144
9306
1354
-516
4556
4199
996
6412
5068
1823
873
7687
8709
3978
-986
-4076
8450
-319
-939
2407
-2662
7308
2106
-1759
493
9325
3882
7157
-6705
9389
-4106
-4984
7614
8552
-7021
-3100
-1809
2251
-3333
-6170
2630
9518
-1494
-117
-4372
-5463
-3584
-8945
-8697
201
1561
926
-1422
-6411
5814
2760
-6651
5816
9708
5249
-8554
4090
2163
-8598
6462
-8717
-8412
3654
5481
-7980
1735
-778
-6652
-145
374
372
8042
3688
8591
8068
-8212
4368
4939
-8424
4287
7272
5029
-356
1266
-6587
8199
9471
-4472
1138
-7534
6693
5792
8537
1941
3977
8549
1494
2614
-3199
-137
-3935
7710
2678
-837
7888
903
-5345
7124
4224
-8406
-7621
4002
8630
-5772
-1817
-6618
8847
9795
8101
9353
-9529
-8376
-3321
-894
-8356
-433
6556
-3319
6521
-5935
-3969
349
-1344
-3619
-1533
-8786
-8187
-6907
-2968
-5100
1043
3736
-6871
-8263
-9630
-8961
-1039
-5577
-3670
3250
3302
5808
-884
2055
1250
2677
7291
7975
4863
-24
3146
-4356
2829
-2809
-8540
8312
4228
-4853
-4535
3351
-6360
1932
9880
8875
-2874
1517
1455
5053
-3839
7696
-6374
-8024
-2153
-2670
-8834
5178
-4563
-2228
-6643
-2324
-168
-1076
5659
-3901
2473
2959
-2804
-7366
7613
1458
-2834
-6953
3452
7358
-7694
7330
618
-3241
-6077
-4766
-3269
-5163
-2761
-9773
-82
2168
-8960
5530
-4622
6244
2710
3018
1370
7520
-6316
6462
-2822
-9522
-5912
-2923
8187
8349
5269
-4105
6593
-4102
-4791
2844
4752
776
-9072
-4199
-1207
-7224
1057
6120
-6097
937
4452
-7380
-952
-641
-8854
6230
9556
-1330
2230
2513
7079
-7526
-6023
5911
-7077
6678
-614
1415
-6297
-2302
6200
-4978
5997
3767
3964
3277
2290
5370
7945
-8537
1126
-580
9543
-6357
-9289
2760
5423
9250
-3053
-4064
1831
4097
-7400
-8485
-7232
-4298
-9686
-6587
2949
-2990
-4356
1107
2775
5393
-7592
-3507
-8297
-4281
443
-3249
-8525
-1827
8365
-8689
-2867
-8138
-2299
-6329
-4455
-2409
-2314
-5300
-6726
2606
3960
-4379
-925
-1649
-3484
9405
-6135
-3445
-8668
-722
-931
1410
4662
502
-284
7078
-633
2103
2877
395
7924
1806
6859
614
7218
-2628
3126
992
-4088
1067
2096
-1106
-3609
1336
-7974
-7701
2446
6239
8263
3514
-5192
8349
292
-5115
96
6578
-2552
3039
-2674
56
4515
5853
-1932
-7968
3136
7722
-4842
-4788
-6752
-7182
-3673
-6385
-1808
1541
-8334
-8481
4172
1991
5040
640
-158
5290
7059
2100
-4073
834
6226
-113
-8550
-8226
922
-4333
-255
8714
4693
-4521
-2522
5314
-3801
-2905
-5794
4235
-721
-5186
-3597
77
-7566
-8230
3810
-6523
6624
1029
-2986
-784
907
2118
9818
-8122
-8683
-2060
7109
1992
-7655
-8854
-8771
-540
5129
-3459
9051
1360
818
511
4536
7998
4343
-4847
-5833
-7107
-9035
-6046
-3838
-7106
-4897
6297
4588
-4510
811
3143
4818
6310
-9389
-9976
-3427
-3649
3482
-3048
748
165
-114
-2578
-9030
4869
2267
-2383
-1899
8946
-627
9926
513
-3505
4572
7774
-8350
-7139
-8935
7930
-2309
-6444
-5647
668
-6486
3338
9552
2199
-363
-892
1867
7348
3439
-678
-5222
7122
-9482
7064
1897
-3410
5866
3965
-3703
2796
9296
-7567
-7669
8928
-7074
-5768
9046
5640
8061
8567
-3021
6312
6634
-9494
-2789
-9127
-5785
4973
5708
1858
-1669
4497
5376
-1437
-2226
5153
-8501
5228
-3463
1176
2770
8962
9428
-5671
4971
6247
5261
-7414
7808
-6638
4718
-1317
103
-3373
4080
-1917
2292
1065
-2807
4911
2972
-2242
3420
-2658
-7030
-1023
786
358
-7121
-7969
3773
2846
4828
3635
8562
-9921
-859
8778
-4052
9004
-2630
3385
6839
6454
2348
1332
3879
9297
352
-9378
-6871
-6929
9632
6665
2401
-6328
-3052
-3912
-4777
-4898
9371
3001
-5570
2153
9015
5835
-5718
-690
-5667
4441
239
8980
-7836
6278
5863
963
2365
-9224
3235
3882
-3521
8228
9089
-4133
5385
-1795
-2164
-3123
1408
3599
4175
-7992
-6307
2283
1835
-6380
4288
-4164
-1408
-9726
6849
-6953
-9376
-117
-1604
5213
3611
7016
-763
-6758
4554
9309
8985
7946
5869
-825
-9079
-9692
-9217
-3128
6373
-3333
7896
-777
-9294
8381
-5572
969
-4912
-7664
4429
6702
-1264
-4467
-4009
-8025
5465
-6658
-1514
-870
-8505
6008
9819
6871
9546
7455
2052
7628
-3822
5887
935
2661
-1092
-4770
2411
-8200
-8697
3010
9054
-9249
7699
-1473
7199
-8667
3345
-407
-1529
1703
7571
6386
7999
-4400
-170
-323
-9784
9570
-180
-4842
-1828
-3309
9946
-8928
-7374
8235
3749
-3640
-543
7656
9281
-426
-6443
-4885
-5889
-5114
-1858
4370
7522
2281
-7443
7904
-3122
-1907
6662
8062
-1309
-9590
9250
-1717
-5860
2978
7480
-1673
-7849
-3695
8443
6929
-8488
7150
8833
2888
8689
4606
-7902
4512
6024
3990
-4174
-1319
-4557
6328
-20
-4970
-8689
23
8251
-4408
8864
-8676
-8055
7306
5953
1156
-8408
7938
-1187
4938
-7759
9093
-8550
-9581
-300
3083
8518
-890
-2357
4009
1308
3192
3276
-8131
-3656
1588
-3912
-8548
-3662
1616
6176
-2036
-7807
9768
4161
-8267
-4684
8589
2379
-4632
-5281
-6895
2374
-8426
3090
2439
3472
-261
6937
7980
-5124
-6083
8644
1208
-6956
8640
2731
-3190
-4164
8827
3032
8501
-2510
-308
7537
6658
1247
-4548
8958
-1921
2476
-8588
-8707
-6994
-2452
-7749
-5302
-9914
7554
4334
7514
-4099
2006
-159
-9197
-6752
-1061
5641
-5493
-6539
3864
-6309
4034
7457
-3598
-2037
8317
-8865
9186
2238
2256
-5347
6050
-8095
-2812
-8817
-844
4803
-4985
8426
919
2541
-3121
-1195
-9090
-8403
-6920
2668
-4525
4703
2507
-6398
968
-2275
2120
4861
751
-1099
540
7029
1346
5667
-3754
-7955
-1706
-3876
308
207
3799
662
6116
-2163
-4026
-6083
1663
-3267
3379
-2133
-5640
-626
-9253
-8330
2625
6867
-9506
6919
1959
-7157
-4220
1189
8725
-1852
3460
465
7180
-3055
-4142
4654
-3761
9041
-193
4364
-9957
-8028
-7201
-7419
4763
-7390
1723
-1677
-3373
9052
-9368
-8127
-2385
3618
-9681
4107
118
-184
41
6635
-6611
-3586
570
1880
-8479
-717
8524
9526
8459
-2297
5613
9575
6659
4407
4603
-1381
4098
5522
2266
5193
-4405
-6475
725
1550
-9985
-3848
-7102
-9462
1046
6421
-7821
-4774
6750
-168
4779
-4001
454
9798
269
5996
-3990
9660
-1367
-1897
4810
52
-6182
7855
-3993
-5435
-8614
5306
4802
-2107
-4000
-4951
-4460
-3070
2260
5486
362
251
5635
8160
-5636
9089
346
8363
640
2344
-1381
6413
-3938
-613
9069
-2377
2356
8242
-6107
767
9714
8313
-1973
3266
-5395
-6714
97
-4412
7137
8505
-30
5758
6167
6230
-9829
7416
6701
4452
-2275
-7301
549
-926
5554
9034
9058
-5275
3684
2657
7049
-7559
-1501
-9158
7186
-9897
-5014
-808
961
-5030
-3200
4193
6317
8580
9983
-2629
1981
-9770
-7249
-7497
-4599
8402
7632
8613
-3154
-7982
-8043
-8773
6412
1031
-95
-7131
3042
-8198
-6320
-2536
8551
6356
-2210
-2182
5410
1627
-8569
-691
-7025
472
5624
7237
1537
-7808
-4693
2445
9696
9726
9632
9031
-1011
-4067
1156
587
-764
-8784
-9888
5859
-3349
-8705
2779
-8542
8609
43
-9400
5287
4761
977
-9318
9490
7222
-3079
6712
7324
-5785
9522
-3612
-5849
-1119
-8509
5127
-8716
4749
433
7281
2554
5137
8064
-9047
-3177
2566
4404
602
-5227
-372
-7128
2114
7146
-695
9692
-4287
8174
-6455
-3668
4511
9442
-2087
-2860
9296
-7908
-4034
3714
-6163
2359
-1228
5346
8685
2442
555
6866
-5819
4698
-9428
8097
-2536
877
-2155
-2595
6395
-5804
-67
-7397
7525
784
-3197
6779
1447
3182
-4639
-5760
-4486
-2965
9412
1374
-4893
1794
9675
880
104
-9085
-4957
7935
3052
-6960
8934
6610
-6868
-2714
-9501
8603
-8754
-4890
3346
-7628
-7804
-6888
-1537
-6452
7735
-2704
7291
-5251
-5562
-4867
-6346
441
9080
-536
9994
5345
-7935
-4629
-3014
-4497
-3229
-8589
-488
-3017
-6365
-9310
1071
-5380
-3923
-1
-7098
-6219
-6761
128
2668
-8790
1941
139
5163
-7637
1416
1960
-6278
3702
-3985
6422
9484
4689
-9350
-7593
-9333
-3134
7999
4841
8817
-8548
-821
1066
-9546
-2383
8760
-6583
-4615
4581
4502
-5262
-5891
-1597
9062
-2818
4921
-993
7897
4366
4390
-1520
-3466
-4373
1629
5157
169
-8225
-9185
5579
152
-8023
-3910
-1788
3436
7604
7940
-6739
8714
-5849
2326
-3382
-1007
-4711
-7375
7437
-168
-2015
-5862
7340
2289
-8282
8802
3126
6547
5609
-3823
5789
-1703
-9054
-2655
3113
-3311
-6754
2210
458
-5354
6943
-8907
5312
4374
-4555
6850
-8309
1666
-3418
6509
348
3538
8177
-6290
2147
7764
6753
8313
-4529
-3606
-3729
-8882
6375
6841
-6788
-1132
305
1831
2171
9620
-5801
4898
176
-9510
-4006
7341
5387
-4163
-4983
926
9594
3832
-7115
-9151
-1468
9560
-6258
-4456
1042
-943
3289
2926
4212
-8042
-8541
-4861
8132
-7142
1800
-1503
-1582
8701
8989
-9684
-8993
-3706
-4227
3363
-7162
7227
-904
3915
-4870
8044
-6078
-1226
-9403
564
-48
-6166
9864
2681
4865
-9704
-3330
6987
5813
7948
-740
4194
462
2744
-9355
-3372
1503
7005
-1836
2912
-409
-6046
-643
443
2772
6651
-5998
3117
-2702
-2526
-7082
-4298
7269
7977
9638
-7062
2417
-3116
7173
4016
-4984
7125
864
3303
-2059
3763
5868
-987
-8731
5904
-3235
-4646
-899
903
2311
8732
-7353
7532
-9408
9882
3988
-4410
-6595
-1161
-3320
7270
-7574
-9391
8439
-6009
6079
-3471
-9947
-6295
-7098
6956
-64
9338
-8642
-341
7279
6238
-397
3560
3886
4078
766
7683
9042
9899
8298
8861
9859
-5327
7450
-7790
-525
5472
-6537
-5587
-6618
8804
4084
2198
473
6475
-3037
-9593
9038
-8910
-7062
-5890
4496
5112
2137
6269
8446
-4823
-1718
6609
3447
-2026
7461
8854
-5018
-2070
-6642
3429
6579
-7887
-6568
3259
6820
-4613
-8634
8811
892
-7276
-8900
-5970
-9923
-1611
-9428
-6601
-1384
-7290
-7478
-3044
-2323
9488
2546
4162
9636
-7074
-1692
-2255
-4403
726
7478
6862
-1286
-3884
6666
-9531
9412
3577
1129
5525
2225
7635
3049
-4646
6783
1451
6221
2561
-7162
-4754
65
5901
8787
-5696
-9039
9070
9935
3633
6190
-8762
-235
6543
7136
7088
2623
2199
5064
9320
-6436
725
3463
1261
566
9306
-1351
3878
-1682
-3208
-2689
5263
1070
4720
6735
9078
-5104
-6032
-1447
-3837
-1274
-5280
-3496
3118
947
3206
1103
-796
-8953
-4341
5186
3792
8310
2076
8773
-3900
6858
-9919
845
-8979
8909
-2023
-8546
7894
-282
4942
9470
-2936
-6675
7749
2519
6026
7965
-1539
-3915
-9345
5246
-8415
6862
-6731
-757
-6245
1673
2111
1700
1464
2056
5086
-909
-391
-3831
8595
4830
6562
9142
6668
8280
4092
-1728
-9703
-3483
-5551
6117
-3487
4131
-6174
6430
-9014
-424
2273
6935
-8307
5784
-4564
-8164
-4299
-2534
3235
-4969
1534
-3040
9277
-3941
-5188
-9554
-8235
-3555
-5778
2441
-4309
-4716
-8450
4483
-6830
-1786
3349
-6865
-163
-3884
-3674
3280
-8187
-1775
-7726
-9665
4922
-3505
-1047
7334
-2561
-3134
-7104
2098
-3566
5702
2100
6738
7887
6895
8408
-9447
6789
-7537
4060
-2365
-4691
-4263
-1444
6034
6141
-5478
-4023
-7898
7516
-9968
5306
6833
9370
-4889
-9668
9779
4554
5538
-4208
2931
3117
-8086
1839
-3690
-5188
5298
8329
-9543
9828
5342
-68
5885
-6295
-8754
494
8253
-8551
-8869
4031
-3497
-3789
-2567
-2362
2571
7264
-3329
-1495
6649
9170
4875
4184
543
-1340
-8040
-7672
3904
-7571
4579
-1124
734
3352
-3067
-9292
4361
-5020
8536
-3213
2134
7323
9663
-5985
-8605
-191
6602
7943
-7483
-2109
1191
-4798
209
10000
-7346
7272
-5345
6307
2857
1517
-1776
829
8332
3672
-1942
-3793
-8502
2916
8598
7556
5857
-5682
-6433
-6034
-6546
3963
-2221
-7889
-1196
5385
-5035
52
-4736
-9137
-9612
3617
6424
1193
-4691
8840
3520
-4232
-3513
-2603
-9521
-7858
-7680
-4010
-4950
3870
-5308
2306
-788
8334
-4395
7715
9270
-8444
-2618
1250
819
4774
9606
-2091
-6364
-2663
-5321
-735
5599
4872
-3428
-5782
3971
-2212
7855
4844
4441
236
6901
725
-128
-8272
-7387
-6881
-6999
-8225
-9792
-4459
-8538
-3494
3882
-1632
4224
3915
-927
8939
-1912
7505
8991
223
-6102
-1789
-5937
891
-6042
9477
-352
-185
-8744
4790
794
-2971
1606
-3568
37
3258
6010
-1512
7001
342
9459
6819
7164
-8180
-7195
7666
344
5784
1268
-9048
8864
7382
-7103
-7836
-1658
-6408
1398
-2995
2246
805
-2007
7177
-1592
8755
-2942
-148
7046
7461
-4998
-365
6575
-9453
9699
-1353
-9005
-9920
7091
9509
-9066
1390
-1890
4086
-68
-3785
-4641
3849
8313
5924
-2737
-2967
2714
-6943
-5169
5490
2589
9686
-8238
2718
-9675
-3518
-6777
-2762
8255
7943
-8014
3486
-5627
4315
2163
-1495
-7859
8676
-5293
-4197
-7135
-5659
-9478
-2461
-4987
3756
-5805
7454
-6987
6714
-2530
5350
1330
-4186
5102
-7242
-3339
-8173
-3040
8510
5549
-2240
-9683
-335
2415
1160
9324
8589
-8189
-3273
-4650
-8471
-4611
4096
-4464
3035
6642
28
-8311
9577
-2233
-8783
172
7816
2573
-773
-3086
-2643
6124
-3791
7978
-4217
4316
441
-741
5551
2045
-6988
-9105
-7824
9437
8997
5788
-3391
-6289
3734
8004
3027
976
-1816
-5523
8699
1983
-653
5749
-5107
-1756
-9851
1461
-4107
3762
-7393
-3030
-5590
-341
-6818
706
5759
1322
8202
7595
-5671
7062
-6766
-1238
-5987
6218
4565
-5084
2471
5398
7224
-4702
-5085
-5503
4720
-5242
8060
9622
92
8240
-8913
7794
9079
-5941
9986
-8003
-6276
-3370
3830
4364
5241
-7101
-3354
-5882
-1634
-8223
2707
-6441
-5902
-3161
-1564
3507
-8408
392
5970
-8167
-6266
4312
6325
9200
938
-7459
993
4100
-9139
-2459
-5083
-7407
372
-6850
-8232
5119
-9394
9859
-1410
7930
8142
9280
9182
-9995
-9886
5116
-920
-4712
-2847
-2944
-2335
-9265
-3692
5647
-496
8252
-4666
-4916
-1848
3095
-800
-7605
-835
6741
-5338
-1925
9293
4150
5369
9291
-3878
4517
3914
-9283
-5717
9142
8196
7215
9234
-7249
-3
8628
-3176
9463
-2339
6240
-3981
-9132
-5149
-1798
-5658
-8486
9567
2545
7935
-7446
-7381
8111
9970
2118
-3660
-9307
440
8978
7791
6705
6695
-9278
-927
-3208
1797
-4745
-7423
9096
-1764
3446
-8743
6563
5662
9137
-59
-9606
-432
-4442
-2066
-9776
-9586
9383
-1717
-7880
-4851
1158
4661
559
-5839
4961
-3890
-638
7269
3434
6799
1014
9140
-7834
8027
-8530
3787
4148
-8759
-6507
6202
-1947
5137
-7247
-2102
8707
-5811
-7271
-3947
4659
-3239
7162
-3102
-427
1355
-6017
-399
2158
-2727
1312
1720
-9163
2855
4838
-5188
-643
-823
2374
6410
-7974
-648
-397
801
9108
-6974
-7474
-6133
379
9461
8023
-2446
-4443
6136
-9177
-3863
-6513
-7074
-7708
-5132
-9483
5283
8882
-8242
6963
4847
-1288
-7189
8586
1351
-2475
9315
-718
5210
1606
-3695
5778
9778
-8059
3343
5677
-3498
-1952
-4821
6732
-2848
-7386
-3751
8402
-4719
9291
-9541
3960
-2161
-8596
6121
1246
-4323
5190
-574
-1086
-1650
8727
7308
6425
5899
-6740
-5024
1365
-3398
-5774
1521
-3465
7994
-5702
-6168
-6071
5836
5512
5705
3158
2959
6143
-635
9198
2197
-4389
8283
-3570
-4539
1301
-5080
6729
-470
4135
-2059
-9266
-8178
5525
267
-3587
381
-2870
7079
-8986
-4516
4634
-7168
-7680
-3767
5017
-5518
-6655
-6784
-3710
-3826
8081
8060
-9605
6350
3060
-6806
-5760
2997
-6945
-9435
2014
-9639
9456
5965
3046
2221
4922
2134
-5855
4762
-3886
-3737
5032
3930
-8408
-929
-5938
-1442
792
2691
7740
9152
3573
-7624
2359
-51
-8251
7833
-6183
-3910
3804
3500
-7894
-2588
-3603
-805
-2183
5536
-3016
-3742
5427
-3188
-7312
-7218
4674
-5011
-3498
2688
-2571
3479
-3375
3498
3756
-7088
-7813
7280
9632
6976
-2844
2326
5644
-9094
589
-5961
2584
-6618
-7926
-2529
5438
-9617
-9930
-4846
3826
-5993
3763
-1685
5262
174
-3871
8670
-376
1515
-1593
4337
-594
-4004
967
-3329
1354
-6703
-8190
-9252
-2979
9829
9691
-9768
-5467
1715
1464
8479
421
5423
-7198
-5125
-8139
-4984
-3763
-9217
-1807
7082
6284
-3851
-7875
9630
8965
-3381
-6719
944
-2001
959
-1508
3204
3185
394
9141
-2458
-5359
7546
-7069
4236
-9735
-5180
-8279
1622
-1090
3735
-7665
-7102
-9265
7529
1471
8408
-8896
-9900
7273
4788
8816
-8544
323
9321
1002
5917
1706
5444
-2452
6669
-7428
-4379
-8576
-9083
5844
-5714
-4224
-1645
-758
9820
9222
8145
1983
-7859
4316
-7837
5085
4948
2045
-7548
9577
-9049
-152
9824
-7409
4016
2420
1936
-835
-3768
-5857
3893
-3965
6061
3881
-7628
-4743
245
-2147
2683
-8401
6518
-7791
-9582
-2287
1460
-2527
-8668
7181
-2600
7876
8286
-1832
-9111
-9604
1546
6789
-9113
-1456
259
2747
3915
1130
-3639
-2939
-3494
-7082
-8809
-4291
-1400
3060
-1743
-7957
5030
-2755
8117
9041
-4641
8955
5672
5174
-1944
-7460
813
-1288
7290
-1454
6151
-8521
3719
6077
-5060
-5529
-8029
-5255
-5177
8763
372
-3320
-6660
8637
5554
5462
-3868
-7832
6133
7446
8853
-8560
-162
-8194
2607
39
-6754
-3150
-3406
5014
293
7769
-2579
5792
-24
7886
-9261
953
-2780
-9601
-2322
-6864
-2416
2783
-5483
7264
-1085
2616
-3656
-308
3166
9182
-4565
-7993
-3287
6220
-3879
-4706
-9035
-3367
-1100
-3837
-2912
-4476
2007
-415
-9437
-5147
4106
-1209
7688
1236
-8418
-1263
-4964
-1544
-6992
-8714
8709
234
2665
-6306
-7680
-5819
-6542
-19
8655
7744
6872
-864
358
7142
-2481
-7076
-9207
9307
-456
3684
-2173
-5897
7936
-6279
9101
-8414
8753
-6150
5063
-8634
-5987
-5235
6710
-1379
5104
-3634
-7479
7461
-8957
-1970
-9841
-4377
1455
-2564
126
-8834
2246
-3956
-1823
3181
-5321
5481
5696
-9607
4543
-9103
1693
-3239
-3986
-5732
109
-1241
-6070
6479
6305
-2067
969
6992
-2599
-5925
5968
-8860
-4114
-9395
7961
-9084
8611
547
-9877
9990
-5185
-9883
6030
2523
6717
-6524
4055
-3855
-9919
-2336
-3117
5920
2292
877
2334
3905
-3199
-6980
6631
-1678
-4751
-7074
-7919
-469
8469
-2398
-2483
4498
8033
2128
-7687
-1500
-4883
4773
-9020
-46
-5047
4143
-9901
6403
-4781
-6829
-5433
5102
3417
-1333
-831
-9778
-8108
4498
-6137
-591
-6266
-8482
9432
-3775
-8177
8978
-4718
-4558
5475
-9985
-2058
-2635
-6898
-5407
7719
-5152
4729
-8246
3821
4602
-3073
-9619
-9466
179
6898
-1287
-4127
-5035
1095
-7193
-6277
8421
7107
-714
-7164
6641
-4458
5874
-4292
8059
8121
-4302
-684
8545
7179
-4053
-3890
-4006
1075
9047
1836
4371
-3866
-890
7212
7588
1075
-7063
7226
6207
7870
-3472
3146
-6
45
7311
-4192
3008
297
2166
-7871
3155
-7059
-4275
5838
-2491
-7622
-1176
9773
-6249
-9621
-9425
-1398
-2844
6122
-8798
900
-2704
-7002
-5857
38
-9842
5250
6408
6574
-4193
-7403
-7512
-8471
-5954
3987
-5437
6225
-5071
2728
1166
-2175
-7012
-9997
889
6050
-5022
-9039
-3486
-1327
-5447
-5426
3252
-1576
-5770
5569
8403
-2637
-5574
-1156
281
-3422
-5817
9083
-6154
-2211
5530
1577
7235
5595
3448
773
5926
-3632
-4814
-4522
-1776
8717
1894
-3303
-2349
5283
5487
5274
-2340
-559
-6621
1922
4723
2776
6666
4800
-8336
2917
-2608
4791
-5941
7964
-4853
6951
-9118
355
8502
1222
-7766
-8939
1151
-6983
6636
-549
-9860
4286
-2567
-7891
-3459
6645
-100
-9486
2977
414
2390
-4218
8504
1473
-175
761
1829
160
-6810
-8643
5871
7539
-5798
-3129
-472
-3534
-7472
-1309
-1325
9471
1491
-9535
-4573
563
3943
3498
9871
-1853
-55
-5316
2258
-7957
5838
5099
7821
-8891
-4391
8770
-5270
-1680
8349
8771
-641
-8556
9944
-4136
4763
-8357
-4758
-3742
8250
6422
-2759
-7814
-2195
-4371
-223
-3091
-5128
-2113
400
-3761
-8365
8758
-6920
5321
-5403
-1001
-5300
6260
-9194
-3467
6495
-1992
2346
152
6622
-8747
-7172
-276
829
-1202
-1381
-7147
-766
-6983
2202
-6696
6196
4422
-6564
6730
-535
8816
5966
6655
-646
7184
1606
8717
774
4936
-207
-5665
8522
8657
1225
8475
-5088
-3279
6071
6510
8606
-5280
-9370
-6288
5902
5437
-9357
9026
-3794
359
-1448
-7356
4444
-3075
-7138
-5245
5365
2388
-5142
8971
-8400
8210
-5113
6458
-1294
7613
3216
5799
3842
-3517
295
3823
8785
-2652
9707
-7785
2697
-8902
3146
-9587
-2478
-3061
4743
2420
5443
-1169
9627
-8722
-7275
9705
4484
-4645
-2352
-4649
-5541
-6237
-4458
-4121
9821
5495
1919
4919
-4217
-2987
-9187
-6573
4469
-6521
-1756
5266
-5067
6012
3125
8810
-2391
4504
8069
1214
8338
2482
-2431
-1510
-602
6960
5037
-6670
9231
2151
-9348
-1102
-8680
4109
-8248
5283
-9912
-464
-1585
-1291
1433
-9688
-2285
4734
-1597
2482
3759
6029
-7470
-5704
-7198
2335
1094
-608
142
-8501
-9457
1266
-7730
-6920
-5943
2945
9180
241
-2061
4335
-9267
-8893
-3078
-8463
-2063
4554
-7509
-2920
-3863
668
6931
-2725
-5775
-3231
-1727
5201
9340
-905
3488
6002
6085
-5706
805
-6811
9422
-1339
-8944
4545
3994
5481
3094
1914
-5333
3060
1324
-4766
3191
8745
4361
-6091
8491
-828
3221
-6806
-1559
-7806
-4198
-1702
-9639
8182
-5261
-4568
-1405
6430
-8322
-417
4686
9224
2378
-4755
-8670
-9808
6768
-9318
2574
3572
1364
-3225
-1556
761
7549
1473
5461
6675
-3948
-3151
-9189
4529
3942
-4630
-8358
-4570
-4680
-2294
4354
9324
-8946
-8426
-5302
5331
-5153
2840
540
-3953
-8554
9583
2660
2794
-7021
8872
9729
-1122
-6006
1084
3778
-5731
4159
4593
-9703
-8518
7497
4837
8283
-247
-1804
-6435
303
-8103
-7038
3090
4345
5009
70
-8779
5371
-795
6367
1206
5205
-7070
3496
-6572
-8328
7931
637
-5468
-414
-63
4413
5561
3953
-906
3366
1262
5336
-2105
-1343
4657
5030
-2928
7962
8333
-7312
6946
2150
-713
7257
1266
-8552
9075
-8871
941
-5177
-1825
7691
2411
-4160
6590
-3364
-3974
4521
5718
-7270
-4680
9393
5908
1660
-7681
8660
4908
4934
8989
-1903
-7050
-4688
3844
7023
-1966
-8407
-1358
-2386
4715
-1926
-5541
-469
7812
-718
-7589
-2539
553
-9704
-1696
-4535
5948
-5441
2263
7887
9732
3012
-2662
-2111
9432
3560
-4074
3015
8770
1
6472
-7578
7296
-9514
5660
-2160
-6046
-1224
3545
5459
9671
6317
-3244
-9536
-9645
-5448
5668
-8701
556
2539
-1151
5464
3619
-4056
1458
3635
-9516
971
-9371
772
-7877
-2553
-962
-5246
416
4747
249
-341
-2799
3797
6911
-4232
7137
7330
-1388
9589
-3964
-2182
-6639
-7000
1711
5643
4220
7300
-2714
-9151
1242
-2788
-3511
7737
2450
126
-823
8991
9749
5765
-6279
2610
-3750
-5211
7351
-5008
-3807
-6631
1946
-608
-4222
9800
2995
-6626
-2538
-8891
-7472
-7857
-2657
7011
-4237
4508
4593
-1023
-2900
670
7770
-4922
5754
-8519
-4819
4159
-7681
7853
5513
1909
-415
-3724
-9188
-2746
6045
-5565
2227
2757
-3314
3691
2776
6171
1362
-903
188
6635
-9113
-2147
-2911
5351
-5882
2873
-5247
-9563
3437
1500
2653
3398
-1178
5834
1852
7999
1241
7114
5842
5307
-5042
-661
-1541
171
7092
-4838
-4534
-2563
1316
7768
-6648
3735
-9278
4432
8010
-5128
-1724
-4121
554
-337
-5383
8509
-5704
6638
-9482
449
-2172
9249
5302
2624
8855
5465
-4072
-8718
-2726
-1130
-6427
-8837
-320
1651
8887
6628
-4807
-5035
1030
-2954
-4248
-6136
5699
2905
8193
6476
-902
-1784
-965
1464
-4264
5683
-3019
-7250
7000
-1399
8538
332
-6052
-2154
4781
-3071
-8010
-1895
-2029
8795
-5875
9785
6787
-463
-4002
9425
-4633
5413
9844
1129
694
8842
9294
9564
-9668
5014
-1217
1650
-9772
-9346
5512
-8890
8989
7191
6723
-3877
4583
1417
5139
6454
694
2581
-381
-4068
1182
9740
7388
-3832
6031
-8373
3859
-2772
-2496
4243
3032
8035
8283
1796
-6680
-9790
-4194
-7603
-9430
-2547
-2269
-8134
-7000
-8546
-6656
3522
893
-676
-8261
-8090
5250
-4941
-1694
6484
3594
-6467
-6749
-7181
5363
-831
2679
9455
-3104
8157
-6340
8888
8532
8451
-8148
9868
-3718
5973
2652
-8319
-2186
110
-7031
-7637
7469
2381
5162
8855
-9762
-5629
-8484
-4240
6340
-2354
3068
-5935
-2891
-5866
5259
8457
-1967
7743
1463
6793
-2859
2335
9540
-9654
-5256
8074
5316
-3416
4097
-354
2833
-570
7868
7620
-4315
-2327
-5331
-6785
-5652
9890
6925
205
4148
4577
-1207
-1517
5205
-2602
9282
1604
-8729
-1614
2268
8307
-7921
3052
6388
-3446
6523
-9643
-6872
6493
-6363
3854
8160
5880
-194
2595
-6126
3336
-7173
-4110
-3925
6505
4358
1551
9874
5079
-5394
-5035
-6858
2273
-4692
5837
-8688
7298
-1789
442
-8707
-1511
5836
5672
3324
-5072
-4182
-7425
-2484
-5381
-3245
7788
-8648
-4550
-3531
-704
1863
7311
-3498
4652
-4312
-7481
-7228
-568
8031
5714
-4747
-4231
2678
-9287
-8657
7617
5663
7746
8070
-8084
3453
6942
-2452
9545
-8176
-9971
6420
-2885
-568
-6606
6659
4978
-7494
9503
6516
-2136
7845
-3663
6568
8434
-8502
7132
-1254
-2062
7544
4956
-7952
-1226
-2619
-6111
-2665
-6946
2121
-4749
7688
-2434
7259
5713
-1169
-5188
-1254
5571
17
-3138
8467
-1149
-196
9896
2188
-9129
7324
4572
-8408
-4292
-7356
-2428
-571
-9009
-6571
-1011
-9003
-9808
1119
5640
-8300
7679
-5174
3632
952
-7829
-9713
-3986
3011
-1050
873
5570
9620
-36
7516
3629
4157
8201
6417
-9288
5747
-697
-2266
-3409
8555
-9393
4075
4145
-5278
9443
5971
4226
5429
-8025
9263
-4083
8399
2718
-6873
-1800
-2257
7381
9919
-7215
-6948
-4827
-6145
-4747
7702
6977
-6223
-1592
512
5641
-5269
139
8002
7075
-3891
-9828
-2617
1672
3916
-7754
2320
2195
3764
1404
2254
2078
-7653
-6175
1244
8115
525
4120
7914
-9434
6579
6837
-5245
-6650
3223
-9742
-1163
8700
-7299
-2570
-2093
3084
-2727
-5593
-758
3332
3833
2470
-8400
-7703
-6026
-6357
6200
7752
6221
2275
9679
-3938
2433
9666
7799
8233
-6125
-7623
-1011
9110
-5352
-6267
2034
5387
-4856
9937
-182
-8996
1721
-8818
-6760
-8303
-9668
-346
8051
-8249
-8925
1100
-4128
1442
9188
6442
8189
6481
-8664
-981
4179
2731
-7839
-3058
9483
5483
2268
-9825
-3272
-532
3515
-2025
-5689
9290
1461
9646
-8167
1080
-2759
1351
-6284
-1018
9271
-7247
2104
-74
-5019
-7659
-9309
-4438
1015
4004
876
-7027
-3701
110
-6525
4022
-8473
-4781
217
-4415
-308
8229
9378
4850
-9423
-6529
5990
-4258
-1843
8045
-7533
-6253
-263
8144
-6997
8999
-4466
3080
-7676
-8382
6675
-9186
-4769
1231
3928
-8906
343
-6100
-6050
-6901
-2442
7520
4241
-6688
9237
2808
3884
6750
-6492
2801
388
-7008
-4376
-8556
9595
-9264
2523
9825
4820
-8071
-1518
1526
-872
2546
-5800
-2414
6851
6975
2596
9444
120
-7248
-3483
5871
4527
2903
-4694
5561
-7271
-4907
8792
815
-1230
9596
5395
-8961
9917
-1033
-8357
-5830
1474
-1949
6938
1911
8629
3379
-5751
5244
-5462
-2726
-8386
7481
-638
2174
-2234
-1332
-3042
6179
-1208
-290
9828
6984
3905
3503
-7615
-9556
5997
3236
4770
6775
4256
9023
-8720
-8035
-163
-9840
-2799
-641
6211
6917
-9549
-7419
-6987
5185
6131
-997
-211
4819
-2102
5909
1568
-8581
2802
4189
1183
-3031
-574
-395
1127
-4673
-7027
-3167
753
8549
4275
3185
-7960
428
5467
315
-2452
-9485
-2954
9649
-5621
37
-1835
9856
8642
8423
274
8121
1645
1219
7590
5397
9397
6760
-1087
6643
5251
206
6617
-1938
7317
1756
2082
-2544
9844
3695
-8275
3902
7002
-199
7885
-6702
2355
-459
-8868
4779
7687
-3565
2659
2232
-1893
-7795
-139
5958
9673
-4070
8301
-6505
6180
-1877
4988
9011
-1737
-5962
-3582
-8747
-4604
-5202
2081
7090
-2412
514
5750
-2018
-4364
-6838
-1109
-5401
6976
-9840
-7574
5521
-814
4851
707
-8521
2355
-2017
-2848
-8695
3312
5325
9378
8796
3895
-394
-7408
-343
1061
4244
3285
559
4736
-7011
-9471
6934
366
6514
-3405
9726
6602
-6330
-8200
-8159
-9220
-7426
3973
-7841
7934
3329
212
-7764
1512
-2328
9782
358
6277
-8471
5411
-9876
-2961
-5270
1172
-4905
-3093
5111
-3094
3880
9576
1560
2772
5380
9917
-4570
7060
5197
2290
-1271
7554
-914
3545
1021
9387
-1600
-2294
1458
7415
7812
5575
259
-8618
1622
-8224
4293
-1530
-9768
8180
-5825
-4091
-1082
7811
7978
-6087
-3805
7041
-688
6921
6459
-9427
5953
-6776
-2253
-3426
4571
1887
1001
-4138
-4491
7835
9237
-3760
8612
-5310
-3321
-7105
-1046
-2732
-8686
3532
-4552
-2632
4998
-7404
-2827
-7953
9941
5545
-1710
8273
-1511
-2626
-4126
9323
-6374
-421
8817
2362
1493
5929
-1064
-4067
9678
5783
-1251
1820
4105
-6839
-4727
-7753
4246
-8952
-7111
-6659
-8211
-9283
5225
-331
-6769
6969
2681
-1510
6270
-687
8173
-1860
-5915
9422
4492
8953
9716
-2384
7891
4221
4945
-1875
798
4955
4154
-714
9696
7785
8146
2237
-9853
4479
1338
2767
4111
-165
-1404
-9842
-7794
-2840
-8276
6926
-7691
8965
-9911
-6257
-6262
1716
8186
2117
-8136
2316
-6881
-7470
-6513
-8142
-8901
7930
1917
-7480
8536
7933
-6120
-8261
-9046
-9747
2614
7080
-2914
5921
6567
-482
3346
-8966
4589
-6548
-346
3163
4586
1550
-8331
-9966
-6010
2086
7126
-5329
1632
5807
5966
-5943
960
-7971
1937
4783
-3553
8873
991
6614
6697
-2480
-8134
8711
1239
2157
6101
1300
61
-5576
7168
8426
1418
-1076
6628
-565
-6694
3692
3719
7862
-9602
8586
5686
-3535
432
5392
8778
-3440
-1118
1351
-6183
8743
-3030
-1367
-7008
-8201
-837
5236
-8941
1751
2387
6575
-5166
-5187
1629
-1219
-7331
9449
6015
1211
2493
-1595
321
-9114
3624
-8285
-8014
8475
1773
3137
3623
4110
-4572
2209
-713
-1477
1509
-8350
-5935
2145
-673
-4267
8514
4395
5798
-1773
-5383
6686
-3244
7650
6566
4475
-3050
-6036
-3546
3368
1620
-9437
-9108
-6137
2201
4982
7378
-2036
-880
-2202
-8424
6912
3385
4665
-166
-8323
3226
-3555
-9815
-4589
3671
-236
-882
5742
3
-6328
4755
-4088
-5540
-65
-2450
4323
-9544
2199
-3915
8074
-3053
1244
4566
2623
-9436
-5687
9632
-8419
-2848
-7018
7472
9023
-6589
-3628
9963
9302
314
-8249
-1361
-6684
6180
448
1651
6389
8640
-2309
-6224
4651
-3546
6924
-291
-2196
-1995
-9163
5254
2435
9294
6010
566
3669
3322
-3344
9064
1460
-1851
-3192
5696
891
-6840
1050
-5076
-4002
-8242
7786
1615
-3381
-2806
-3128
4249
-1544
-8874
8479
4323
5116
327
-9859
-7137
6146
-9073
-6776
5721
-5602
6512
9048
-9351
-3028
-2054
9875
-7304
-9712
-2134
1607
-3574
-7681
-1597
6034
-1798
-421
-452
6745
8204
229
2040
488
-1913
9591
44
8722
-3221
6697
9495
3607
1677
9691
3029
-949
-7905
4449
-8508
-9235
7289
5690
6032
-2842
7352
60
9439
6110
-7014
2255
-7048
-3551
-9064
5682
4069
2305
3723
-2340
4963
3469
-6244
6200
9075
-2811
941
-1737
-2778
5021
6070
-2201
6163
-3801
-3330
7383
-1761
-1497
-6851
2740
2891
-523
-9928
-8383
-6371
-327
-1094
-6671
1494
-5324
-9181
-2773
-9319
2610
7223
286
-4779
5979
8518
8928
726
-3571
9919
2842
-8128
8430
-3265
-2023
2141
-3239
8525
-5504
-6859
5965
-6234
-5041
-8791
-7053
-7386
899
1261
-1413
-4381
2786
9896
9081
2210
-1001
-4223
-6537
-5669
-7945
7281
-4705
3086
-9171
5723
-1333
-8075
-3969
8032
6436
-2781
-6573
9036
6805
-4207
-3356
-5657
6842
-166
-4580
6016
-4303
-6925
-6721
-8794
-8991
5019
-5127
-2722
2398
9226
-7096
-5620
-7083
3555
-1256
4783
-9547
-2677
6894
8217
-1354
4493
-2908
-4884
1705
-5619
-9082
-6721
8071
5832
-197
6142
6491
2359
-8276
2695
2875
-123
840
-9098
-3854
583
-2423
1689
6373
8814
-3798
-2879
3768
7430
-4594
7100
2742
271
-9886
-5895
6685
-2641
493
-4095
-8313
-8744
6590
-3217
-6594
402
4247
6671
4905
6395
4971
-9277
8150
4182
6994
6416
3227
-8151
9133
-2365
8433
6052
-8872
-7488
-298
-523
-3086
-779
-8540
-9458
6552
6487
7103
-2711
-3444
317
-3265
4429
8214
-8474
3428
5131
2968
-2848
252
5094
-4117
-5304
5133
2285
-8854
-99
-5527
-6600
86
8852
5444
8187
5570
9295
-5445
-2208
969
7558
-3108
4640
9564
2718
-8611
-7366
-7217
2845
888
-2219
1038
4171
-2624
-9602
-7349
-7500
5690
-9285
6999
-3189
-9353
2122
9936
9252
1768
7013
-8756
-8398
8159
6635
3966
-8526
9893
818
-563
-4252
-4414
-1226
9219
5790
-7631
-8979
-1259
6752
9598
7931
4425
-5965
-3270
-6786
9537
249
4250
-8160
5994
-7296
6166
375
-7652
1740
256
-1088
1808
-8851
-3895
5851
-795
-759
-290
4139
503
7152
9700
-8494
-7869
-2216
270
-9053
2092
-4282
1863
-6928
5307
-8628
-596
-7100
9793
9860
3071
-1584
-6554
7001
9466
-7485
-8456
-8957
-7157
7020
8523
-5546
3877
8469
-6027
-1438
894
-1472
479
-83
-594
3275
-4481
5228
-3493
1670
-8902
7920
208
1164
8349
6309
6293
-4877
7247
-2243
4231
4273
-6652
-1840
-6480
1190
-1391
-7821
1977
-231
73
-770
2885
5845
-1390
2299
6191
-4258
5186
-1005
6682
-4168
8144
8994
-7833
-5158
-9651
7982
-4661
-2607
5284
2099
3773
7969
2190
-3521
-5610
-3481
-787
3631
-5095
-7218
881
1437
8173
5049
-7635
5804
-8805
6306
-4570
-5696
-4848
-2443
3964
-7084
2815
389
-3180
8221
6027
7134
-300
-3729
-6265
-185
5899
-648
4259
-8855
-8133
-9963
6217
648
-1077
6146
-6605
-2785
774
9556
4859
9262
2109
200
-8603
4200
-6108
7961
9923
-2158
1136
-9302
-7221
-4615
2106
2518
-8078
-6248
975
-4835
-6453
-3731
1165
-7237
