9954
1
-721
3632
8781
-1054
4547
-7095
1594
-8195
-7496
5639
-5256
7171
5998
-2573
-8428
-6557
-257
-5794
-77
2422
9930
-3282
-62
9637
920
1636
-8147
2124
5737
3277
5411
-2437
2963
-3077
2628
3211
-2247
5672
4096
-906
2248
1802
5042
-996
-3212
-2134
3109
153
-1663
9910
6771
-4794
-118
3814
-4612
-3629
851
-8233
-1230
-3935
-8528
-1301
8986
-9238
4607
-6468
-6406
-5098
-994
-508
-3565
2156
-696
-608
-3454
-7668
-5017
9027
-1226
-2912
-3231
-1726
7750
-6531
-4567
-1400
-7319
-9527
-7695
674
7579
-1743
-2126
-5213
2860
-7203
-1965
1879
-8670
5105
8106
1182
3120
-1158
-695
8343
7746
2929
9625
-3564
7206
7315
4069
-8534
8626
-4394
-8197
4515
254
4132
8794
-2996
-5313
-3144
8611
7107
9262
2507
-8694
9347
4595
-8727
6979
-496
329
-9262
-7929
-9561
-7554
8875
6636
-5969
-6100
-9542
-5457
-2580
-8213
-7396
7323
-6946
2468
8010
8170
7812
-2460
8166
5636
-5141
-1458
-5584
6402
-8418
-8548
4552
-9446
-6275
-7406
6629
6935
5247
2087
6462
5024
3942
-6284
4345
6643
3497
4118
-5839
-837
-9264
7472
-8241
-1032
-549
9162
4075
-5784
-5999
5293
-5238
-3787
-9998
-2232
-1621
-4357
-9632
-2835
-7955
-5645
-8442
4916
3824
9735
-607
-9743
1064
-2782
-8093
4840
6422
-5290
-6666
-3009
-7745
-9061
1717
-9852
-287
-1866
-8586
9227
8747
147
-2269
-7183
-2100
-1734
-9637
-9603
-3107
9562
3298
-227
-3675
2373
1912
-6707
-2250
-7383
2480
-7634
254
2667
2529
541
-667
6581
-431
-5520
1041
-3756
1806
9140
-5626
3359
-3581
-986
5904
-7412
-6758
-2914
2092
-4596
-4109
8272
-2222
2811
-2757
4149
4707
-591
-886
6450
1046
5714
-3276
6996
6016
6773
2791
6888
-2538
-7180
2214
8115
7463
-9230
-8251
1411
6882
695
-9284
4969
9398
-391
4161
5340
-9436
-3812
-6387
-2779
-5222
-6387
-4136
6021
6098
-8589
-7035
-540
2508
-4688
-125
-5742
-5494
-5354
9053
-8658
2104
-2159
8730
-6292
-1153
-4539
-4313
2387
-6495
4746
-2393
9390
1313
1980
1964
-8180
591
7872
9765
6231
-8689
5623
723
2983
2808
6769
-3857
-2537
-3683
-4538
8951
7444
-2681
-4318
5882
6696
-104
3460
1036
9908
-6407
-2574
5857
-2066
6903
-8234
6348
8900
8155
1407
6824
-1250
-4091
-6520
3358
4298
-3304
-9049
5352
-9352
9313
9045
4027
5518
4806
8258
72
-4876
-8280
-7074
-3007
1356
5110
-5160
5121
1763
-1855
1641
-9077
-2298
-4192
4147
-471
7534
-4565
-211
305
-8477
9577
-2460
-3861
5739
-6980
7735
24
4740
-9805
-3696
4508
6005
118
5006
-3724
605
3346
124
2310
9229
3791
5390
-2780
3174
-99
7570
642
3783
-2408
-1182
-405
-5885
-4635
-6332
-5778
-7961
-2658
5309
-5160
8391
-5459
6872
9112
-6675
2681
-4908
-9904
1075
-2299
-9931
-3473
1624
9102
-6443
-4460
-865
-6500
6498
-2039
5010
-3465
-4731
2525
2187
-1674
-2855
-8121
4331
-3924
8854
7860
-3789
5549
1143
9549
-9265
-8386
-3965
6393
3370
4903
8353
-7148
-7223
-4973
-6331
8151
-6571
-3310
2626
532
3228
8889
-3522
7170
8373
4454
8269
7931
-6739
3588
734
-642
3584
-9892
-5206
-1157
-8473
5476
-6748
5151
4502
-7744
-2001
-1411
-473
4288
-1073
-3238
-1584
-2989
-385
-5210
5463
-6674
3538
9336
414
-3054
9663
-3139
8922
1127
9523
232
-6822
-8076
-5478
-2004
-3397
-7155
1987
826
-4609
-1340
1145
2725
-8525
9604
5848
1762
-8029
-3251
9867
-2411
-4771
-3564
-175
5892
-3127
-4125
-4057
-4670
8796
-2622
3570
468
4686
-607
-8833
3021
282
-7775
-1536
-6753
-3830
8461
2374
9186
-9094
7145
-7536
7789
8387
2634
8750
3847
-2579
-6162
-1041
9483
4122
5097
7418
4974
-9521
1659
-2538
-1893
2508
1012
-3746
-911
8232
5708
5166
9652
-9616
8498
6084
-1892
-8757
8068
-9329
5417
-2913
-2691
-1889
-9896
1030
-9608
-1256
1878
7726
-2277
8031
949
-2814
-1904
5906
-965
-3608
4572
-3184
-2978
6194
-7623
-6507
-6211
-6296
8429
-4439
-8229
8722
-9910
6230
-2220
4009
2436
-8178
-8636
-2865
4432
7913
-9040
758
8412
4947
-1322
341
-2598
2615
-9760
9043
8954
-8907
4239
3699
751
-3991
-6270
6959
3603
8492
2580
-3952
333
-8918
-2689
7779
1833
-9155
-78
-2303
9649
7568
-9898
2686
-8345
6970
-1891
1964
-5940
-2777
4950
8125
1733
-2549
2681
-9190
4933
2356
469
-9911
6639
5018
-2740
6044
-2349
9717
894
1763
-9587
6791
-8596
-2611
-9326
-3096
6289
8127
9766
1669
-8423
4531
8
6189
5344
4669
-6215
2525
8435
6994
-585
-2654
4919
-4973
901
-9743
-7397
1894
-4480
-1004
6651
-9637
-4045
5499
-2170
1436
-2396
8532
-2536
-2468
2976
1348
-7987
9666
6901
-6247
-9196
-8065
3341
8948
-5704
-3706
1587
7778
1279
5679
4744
4710
8358
-1827
-842
5284
-9696
-6025
1257
-8757
-8160
-3220
6598
5037
-9503
3693
-4260
1244
-4680
1702
-9881
9040
3887
7922
9424
4745
578
-8681
-4605
-2432
-4028
-5577
5641
-843
-179
-8486
5460
9758
-3381
-9111
-2063
-9776
-2236
4374
-2514
4080
-8042
1425
2272
8997
-107
-1208
798
-5791
3495
7091
6523
289
-2466
4749
6868
-9012
-4110
-2446
2830
-1293
4064
5375
-2224
-9873
-9191
9442
8463
-9985
-5046
-9063
8894
-6305
-1977
906
9953
6013
-873
-7498
5848
-9565
-9897
-9002
-2969
5237
-9385
-7417
4682
7664
1399
-6287
-4277
-2021
3484
3136
2707
929
6276
-662
-3775
-7347
9290
-4937
285
7050
151
-1489
7994
6361
-2732
3197
5111
-3464
-7374
656
-2769
5599
513
7581
-1101
-5490
1695
710
-6063
5533
8368
2282
4013
-8355
8058
2294
9239
-1346
745
3029
-1240
-144
-3189
-3174
341
4342
-6332
4780
705
-9419
-4987
260
2787
6962
6974
-6071
8238
6572
4226
-280
-6468
7092
1550
-5550
7439
7903
-208
-5181
-3614
4993
9835
-9633
-2973
4609
6090
-2394
-1368
-2177
4965
7634
9353
4064
5382
-534
-4492
-1585
-5342
-6834
4109
8882
8688
-9615
-6265
2554
3499
6246
4572
2217
2074
-5396
-5068
5290
-4288
1613
-3122
7979
8170
-2256
-9211
-1778
-7696
-4131
5369
-9343
1203
-7746
-6467
-9670
-6351
-2893
-9176
-4712
-3176
4395
2852
9024
3090
-3916
8754
3030
-2123
-9937
7755
4112
1340
-273
-2919
4431
-9469
127
-3471
8841
8024
2642
-9954
5564
-5560
-198
-6114
8000
4932
2226
200
-1198
-1405
-2837
-4041
-2540
-4078
-8954
3748
-5978
7731
-294
-1500
-7840
8434
-4770
-7949
9064
-1525
6704
-4994
-8421
-3009
-3226
6645
-7346
-9666
5470
9286
3338
6085
6494
2420
222
1928
-9549
-8380
-7246
943
7204
8711
752
91
9702
-8880
8224
-6032
-3123
-7157
9304
-3712
6963
-7385
832
-9643
-5380
-4362
4943
-9253
2455
9618
-2726
6110
-4317
-9276
578
7134
9084
4012
4239
-4293
-2792
1977
-2760
1850
7502
6152
-8783
-235
-1707
2777
-5088
-885
-8974
7855
8529
8362
-245
-8347
-8616
-7542
-4659
6726
8263
4144
-7404
-2416
-6886
2490
3229
-4006
2188
-792
9171
6837
-3014
-8907
-7022
2936
6248
3366
-3479
-7477
-2294
2456
8115
3436
-7212
2645
-3091
-1736
2074
4632
6384
3203
6140
5980
-1472
6158
-4964
-3011
-3134
8237
7306
-6123
9324
2768
-1767
4263
-7102
-9764
2531
-6866
2491
5458
4301
-2316
4620
-5258
-7473
-9600
8960
9085
4348
-1586
-556
7526
8559
-142
-5186
-715
9437
492
4055
8264
4084
1732
4197
-2195
379
-4077
-1371
-4917
1095
-6277
-3179
-3754
-4578
8781
1455
-1157
-9287
-9024
9212
-9407
7757
-408
8586
7709
9676
5977
4350
-2685
819
-647
7064
6428
-5937
4609
4006
-8798
9091
-9680
-7533
-2912
-494
-1470
-6346
-896
934
-3531
6514
-9088
7036
-4173
8534
-5475
-9786
-7217
7549
-9869
6795
-5314
-2402
9657
-7513
-5015
7897
-874
-9286
-2562
-3513
-8720
-9854
-7997
7344
-4842
8763
667
-3817
4118
-1367
8953
6654
4919
2994
-4742
5276
-1597
-3610
3457
7220
-6662
-6376
4417
-6021
4968
7098
-8011
8492
-6326
-989
7944
-1988
8304
507
-4560
7458
1676
-2660
964
-9813
5076
-8033
-8897
6511
6030
3361
-7086
6781
-6737
8227
-8525
-9123
-7712
-6330
6567
6448
-839
-5440
-1437
2003
-3242
-1071
-2975
-9449
-7709
677
1780
7296
-7342
-5774
-6144
-590
-2333
797
-6481
6462
3759
8355
4592
3387
-9437
7937
-9714
-3395
7933
-3984
3129
9729
1438
-1216
3649
840
5834
1894
4565
-7139
-6718
-5186
6065
-2097
4425
2337
-6062
-3781
-2095
-8596
-2957
-6407
-5587
401
-8045
-9510
5340
-2267
-9216
-7542
-6590
-7599
8059
-1931
5138
-46
4750
-7686
2016
4929
3396
-1274
3311
1561
-8155
-6044
2944
1207
-2100
-2282
4157
-6344
4066
1950
-9508
3446
1599
-5378
-3175
2919
-8607
313
7043
9351
-5730
2292
828
-5666
-2076
7180
2078
-4519
-6875
4635
-5948
-2191
-3023
-8093
7297
1174
-2380
-4150
3302
-1513
4112
-9204
567
9664
-1940
-2302
-5339
-6479
-9662
1106
825
-2745
-5629
8267
-3355
9474
-6131
3803
4600
-8813
6426
7089
57
3650
8032
-2086
-3442
3719
-2083
-2409
-7295
-7776
9998
9321
7376
4852
4991
5191
-2368
-619
-9496
5861
-7246
655
-2803
-782
2826
-2562
-1609
-5749
-6132
-5437
7069
-4675
2419
2421
3241
2537
-1428
-9247
8512
1689
2709
-9975
4162
-2038
3480
-6310
-7412
-4696
-5818
-5055
-1921
2253
-5714
9897
-6759
-5326
-6529
-2395
2734
8579
-7488
-8946
-5521
-5170
2583
1098
4541
8694
-8449
-7365
1614
-1443
-1691
-3276
-7103
5896
-5876
7624
202
-4348
-8201
9510
-7865
-7954
8412
8774
-5838
-5843
-6228
-340
-4521
-6681
2447
3724
-3919
-326
6603
2025
-7527
-6703
980
9165
-2644
-6019
4750
2865
3212
-3642
6256
-6039
5467
8764
-7795
7614
8410
3915
632
-591
-152
-4800
7344
-2543
6461
5653
-6732
-2082
7097
4925
4289
-2710
-3406
-2128
-6907
-7690
45
5410
3032
-1346
-847
4893
4186
-7199
-9871
-2783
-154
1036
3393
6999
7467
-5724
-898
7946
-2879
-6956
2296
-7060
3288
-7826
3476
8713
-9898
-9833
4390
-86
4660
-6985
-7074
7382
-9432
9551
-4629
3170
2323
4999
-266
7650
-4010
-2081
-6607
6974
7884
-9035
3118
5713
557
8133
8419
-2559
-4437
8804
-8403
9494
-8042
400
-1433
372
5608
-1068
4973
-5721
2611
-2427
-1280
-5949
-1549
-4133
-9011
-6886
7048
-479
-1908
-5699
-3150
-3454
3133
-8031
4607
8604
-18
5242
-9923
-908
1960
2077
4586
82
8058
-5404
-2220
-362
3234
2073
8158
7018
-7760
5455
3076
-1457
-1827
1124
8559
5374
1932
7705
9851
-54
1379
7142
8779
971
-7184
-2415
-7138
-4771
6894
2507
-5359
-1068
1183
-985
2135
6348
7306
8929
-4295
-5151
-5857
-1700
-9684
2836
8171
5462
6920
4584
3546
-940
-4279
-3958
3990
9632
-3440
-2756
5991
9803
4640
6224
-3198
4384
-2105
-6434
5241
645
3910
-4204
-7738
7744
-6801
-5256
6596
-6117
7337
-6043
-2221
-8462
-3067
565
-1219
7998
1210
-8063
-9146
159
-658
6907
9556
6184
1175
8727
-2508
-6914
-4922
1778
4028
9917
-795
7653
-5613
4032
7960
-1458
9702
-2408
9775
-3214
9852
5926
-9811
3330
3401
-4971
6987
-7289
-3711
-5890
-1689
-1565
3883
3221
-4993
-3394
4832
-6885
-9103
-7513
5403
-8124
9767
6998
466
-8973
9471
3801
3330
605
-8489
6131
2341
2432
5213
-4116
-2269
8737
-1997
-140
2792
-7235
6845
-2850
-6540
-9641
-1225
-4959
5874
252
1757
-6357
-5439
-983
2218
5605
-1683
862
-8110
-4811
-5444
-1618
-3646
408
-812
-99
4362
4115
4530
-4005
5454
-722
6998
-4330
-2597
8739
7324
4796
-1824
39
-3911
-6550
-6152
894
2470
-8591
-8114
858
6468
-5352
-9910
1793
-2103
-2936
2670
-7747
6321
-8292
2470
3578
-8158
-4001
-7545
-980
3168
6107
1071
8748
-1341
-3102
-6840
-2714
-5651
7242
-9045
-6606
-4738
-3298
-9787
-3822
8320
-5816
305
-6857
-2361
7378
-8468
-6255
6988
3792
4675
-178
-7562
-4898
-876
4010
-1586
9713
3448
5078
2803
6713
-4312
5245
-3136
-1864
5180
-7415
-455
-7234
549
-797
4019
2572
-700
987
-4155
-5327
-767
6020
999
-6538
-8476
-3432
6945
-5574
4740
3236
9023
-6186
-4016
-5833
-9080
7231
2692
-2621
-5062
-2248
3174
1972
9375
9541
4818
-1547
-5741
9335
-4114
-9718
-716
4050
3536
-1311
7188
9829
-3418
-8706
7542
4408
-9260
8214
9203
9987
825
-5352
-9450
5185
6037
-9674
7547
-6068
-6871
-615
-9595
-8518
-9353
-9209
-2055
-5805
4408
7426
-7240
-7500
8928
-4419
-2173
-8691
2585
4786
1491
7971
-5907
-7244
-7397
-1358
-9947
2825
-5203
-6796
9083
2488
-8230
3474
2076
671
6286
-7358
-9815
7299
-273
4837
-6251
2377
7234
-3184
-8455
9237
-1436
-1735
970
-5634
-8444
1967
2094
-2840
4134
9407
1002
9038
-3729
-7865
-5296
1189
-2288
-2318
1007
6177
-5401
-8320
-1440
-4682
5613
2709
-5617
-6867
4324
-5190
-6100
4409
412
-1548
-3666
6849
3932
5712
6903
5011
4156
-5788
-8147
1303
-5865
8601
8673
-2893
-7661
-7842
-6093
-7523
-4786
4700
-43
5485
-6908
-7216
4153
6207
6467
-9746
5955
6098
-4399
-1548
-2222
-4796
9152
5611
-6235
3129
3909
5583
6341
109
-7867
-6806
4052
-1915
7945
-9837
-9856
6646
-2874
3934
4194
1685
3636
7770
48
7565
6059
-3076
-4282
-289
-1255
4651
-4812
9566
4573
1052
-2886
-5368
-1790
2334
6509
2247
-1535
-7588
8309
5413
-6429
-1024
8451
-4823
994
944
7125
5242
4873
-6680
2982
5626
4112
-1579
4
1814
6211
-7192
-7225
-7964
3321
-5857
6389
-396
-9238
4248
2676
-9891
6754
-7399
4546
-5279
2958
3221
-1231
1739
-3094
-2373
-2631
-8025
-3851
-4299
5996
3172
1985
-3936
9207
6203
5920
299
5135
5856
-5898
6372
679
-715
-5170
6136
2707
-663
-4597
8026
-3320
-5868
-2814
890
-2763
1604
-5041
-6111
5173
-8505
-1514
-2231
-4211
-5793
-6667
-683
536
-2650
-31
-411
-320
1844
2003
5712
6552
-5164
8968
648
-5419
1070
-3597
2276
7474
3215
-7514
-1210
6878
-5557
9943
-7417
1831
-5297
4851
-1374
-7461
-5356
3009
565
4799
4252
-3836
-2930
-382
-407
2790
5948
-3715
295
6940
9102
-1591
-6364
5201
-789
-4275
4547
-9717
5535
-6830
-8311
-9087
8808
-9746
-3760
7854
-5598
8253
-9782
7453
3490
-4182
-9415
-1382
-4664
-5442
-5571
6345
-2287
7598
-4017
9355
-4400
4658
1904
-8359
-1934
-876
-3753
-4337
667
9382
4600
2764
-7118
-6061
-7707
-8995
2007
-863
4173
-6620
9543
675
1444
-1836
-4828
-1860
-1018
5037
-2494
-515
-7665
8074
8560
-7072
2258
-7029
9232
1520
1124
7613
1532
2676
7413
-4785
8106
-52
7168
-4182
8650
9871
-6123
-5449
6798
8221
-8312
-2024
-3364
-2079
-5528
-6930
-510
-9425
-4619
5591
8329
-9230
4211
7893
2008
-7627
9723
2124
-9978
2986
-6728
-8264
9981
7955
174
-9129
6366
8210
5983
7992
17
-5005
533
8620
-792
-1687
2013
-571
9753
-9941
7747
-4505
3528
-4880
9142
-6618
-1932
-4097
-8338
7022
6794
-9618
9704
7437
-6766
-6252
8492
-9952
7147
7580
634
4486
-614
9915
7983
7696
7144
-6491
-5220
-4806
3264
7462
2291
664
3357
7927
-4097
-182
3500
3045
-6009
-5005
-2786
6909
-4081
-3386
6636
-6209
-590
-1721
9801
-2948
-9196
-5993
5713
6505
8465
2005
7148
9381
8664
2170
1739
4539
-7452
6198
-1773
1092
8998
-499
8416
606
-4332
-9045
-6617
-2966
-5024
8387
456
-6641
819
3000
8368
3549
-7417
4753
5234
-1226
9391
573
-4044
-5426
2857
1409
5
4874
-4164
-9646
-8093
-2803
9760
3499
-4817
157
-9587
-7265
3659
4714
289
-9029
5331
-5536
3698
1012
3984
-4845
-1140
-2202
-5395
9148
7784
-6067
9374
1816
2681
4309
-275
-9850
9764
604
2366
-1134
-4387
7420
4759
8
-7171
7220
-552
3665
-4140
-4978
4708
-5420
-58
-7664
-3563
-5353
-4309
-8133
3594
-8211
-9605
-5088
-1928
9011
7537
-4665
5652
7218
8528
2900
5564
5308
-4418
7391
3954
-550
-1950
9825
8993
883
-1757
-5866
-4129
-777
-15
-8206
-8346
2529
-7961
3128
6425
-2587
5854
880
-1422
-2500
6679
-4616
8807
19
-1808
7840
-1546
6863
-523
6147
-6075
-8988
5581
2448
-6198
8592
8846
6735
-6383
-5904
4309
-5059
-2281
-6730
-7612
8114
720
-3691
-3040
-4578
3941
-2025
707
6909
-6986
2569
-802
-301
1254
9609
5081
-2993
6997
8834
5077
2461
5616
-6432
7837
-3290
2008
-3688
7549
-3802
6533
3736
-125
7806
5812
1376
-8472
365
-768
-2571
3993
-5794
-3051
7880
-4653
3880
3096
6065
-3851
-6542
2688
967
-7094
-5302
1330
5934
-6626
9887
2648
-4599
-8846
-3927
-1329
3155
-4697
-5413
-9975
-6064
-7076
-1514
-4993
-1676
-9139
7995
-2063
-1203
-1653
7496
3540
5874
-4439
9948
-5029
4272
-9915
4577
-9174
2007
-5348
-5758
-4046
-2020
-9354
3876
467
-9488
-2467
-6105
578
-9211
2798
-1192
3151
1573
4818
-4249
9988
5193
-1614
438
-3876
2938
843
-6081
8886
7565
-1611
6242
1822
-5134
9880
-4842
-3283
-8370
-3962
-2134
9922
2465
806
4732
4833
-8251
2120
-464
-6480
9566
-2514
1076
9035
-6331
-7009
-468
-8551
7628
357
-2380
2191
-9088
2820
-2800
8253
7745
155
7507
9560
9587
3154
-2247
-6902
5003
3808
144
-3532
245
6849
-9570
1522
3974
-6047
-716
-4518
-6010
353
493
-5552
5349
9068
-3925
-5245
-5751
-3740
-1241
2803
577
5010
-9869
3700
692
-5919
-2310
-4424
2191
-3460
6969
1379
6166
-8335
1004
-5786
1453
-1569
-1909
8359
-7002
4121
6387
-9615
-2244
-8054
2910
3283
-8974
5635
6414
9011
-5138
-2991
7643
-886
6713
-4889
-261
-9101
3587
-3540
1936
-6056
8339
8416
2415
-9714
6673
3974
-650
8901
8167
5488
4316
-6681
3107
3197
5022
-1608
-2442
-8459
-9583
-9072
-7719
-2319
-3614
5153
3008
6687
-2741
6410
-4217
9601
7237
9036
-6998
5880
3739
-7527
-7007
-5976
-3087
4362
2543
-2724
5287
4320
2588
5668
-9011
2884
-445
4343
-1262
986
-8452
-6414
-3126
6398
-7443
6669
3744
-6260
5344
8149
6899
-6630
9262
2333
3822
-6967
3046
5709
-658
7959
-9113
-5691
6424
5257
2965
-8617
-1479
211
6933
9999
6911
6601
-7663
7751
-6155
-2089
-2964
-4738
4186
533
1503
1736
6549
4206
1754
-9629
7962
-9972
1545
9142
1755
-8188
286
-2594
-1999
-6741
-9891
-4344
-4949
8877
-276
-9990
-54
4649
5139
-9929
-3690
4632
4621
-2173
4962
-4189
-6890
4434
5152
-7647
-5948
-4878
7025
-1412
8166
7094
7545
-7104
9113
-7615
-4009
-3573
-2946
2280
9414
955
557
-6256
-6197
-6229
9948
-1505
5665
9819
348
-3270
-1971
-1327
3218
9110
-5608
5754
-7821
-7383
3671
18
3031
-2874
-6532
-4359
7177
-1308
7456
-6765
8888
-4742
6073
-399
-2061
2333
18
-483
6510
5170
4676
7581
-7740
1318
-7848
-5776
1858
-9426
-4649
-3021
-5956
-8692
4306
-6540
5201
7164
-3838
-9618
-6535
5858
-846
-5574
-1861
285
6572
-5826
-7175
-8828
7705
5913
7829
3150
-2679
1850
8544
-3089
-6757
5070
-6660
-8073
-9388
9581
1838
-6625
2316
-8565
-5210
3945
1812
-3767
-5374
5740
1878
3130
-6736
-7373
1429
-1094
-8135
9040
1655
-4640
-9574
-2996
3056
-1469
-9915
1895
-3018
8779
-5314
9241
1392
-3122
-5485
9926
-3809
6586
-6131
-7940
4542
458
-20
-3715
-1088
-5209
-2360
-6867
7765
1134
4692
-4309
3814
523
9077
-9487
-1799
-3102
-9201
3892
-3132
-4899
-3078
-8323
690
-5464
-6380
-9587
-4118
6031
-9644
5528
1492
-1475
5205
-7550
5324
-3250
-9933
3163
-8072
-9841
-852
8267
3825
-9079
-9514
-8830
1967
6781
-5375
1894
-1944
-6739
-9359
-9043
5324
-20
5004
531
1458
4195
-9897
-6534
4673
3047
9680
-4072
-9317
2413
7044
-3041
-8627
7267
-4108
-5749
-4070
-9931
3163
-5269
1656
484
-1198
14
-8406
6243
4073
514
-4449
-7777
5594
-2438
-938
7564
1425
-2800
8152
5395
3972
-9598
-2648
-5367
5126
-8446
7342
-4829
9786
7794
5631
6732
4142
-3643
8853
-3372
4897
1669
-7493
3601
-1220
310
614
-6940
7879
9382
7740
67
-609
3690
3832
1897
2352
4216
2310
9880
8583
6050
9282
-9691
-7948
5930
5775
7889
-6653
9426
7494
8218
-7690
-1486
-4214
-1721
-5477
1570
8545
-5578
-9125
1077
1320
254
-4258
198
-4696
-3449
-250
-5762
6159
2925
-5415
1482
-8480
9468
-2224
2610
-4314
-7956
4147
-1496
2160
9383
1279
-424
2849
6720
3384
-7675
788
9401
5609
-8897
1910
-9535
9568
2109
4581
-8163
-7214
4020
-4802
2421
8265
9844
5640
-5453
2220
-7472
7187
-1657
-2302
-874
-3507
1635
-5932
8737
3157
-2224
-8822
5012
4427
-3858
-4501
9151
-4581
-5215
9062
-431
-2906
-3943
2117
9805
3953
-5624
-2263
-523
9578
4219
-9568
3607
-4719
3379
-6079
-2489
1177
574
-2241
-7841
4238
5158
1798
-6902
2560
2771
-7261
847
7858
853
-2824
-2198
-6874
8440
1393
8767
1308
-3087
-1370
413
5203
2781
9964
7770
-4853
-9530
-7542
-7122
7072
-6877
8431
-1612
8188
645
3010
-7176
5465
-9583
5265
1125
8451
-2505
-8844
-98
-3621
-5614
2180
-6470
-5233
2553
604
-4976
3058
5021
-6782
5111
-2966
-2906
1382
8241
5862
5021
8389
6839
-5759
2302
7089
9687
7996
1835
-5369
-4247
6550
2369
4128
6268
2162
9984
-1422
1193
8909
6554
-5087
-7496
9476
-1092
4899
-4542
-4637
2949
1787
2048
7640
-4061
-1195
-7378
-2619
-2172
-4154
392
-4063
-307
-3121
-3918
7977
-8525
2951
-1654
628
-2800
7653
535
2132
-5801
-2267
5437
6245
-5176
-8943
-8149
4416
-5994
3179
-2942
3201
-6577
4229
-3038
-3530
-4069
7031
-3733
-6567
4738
5824
-5603
9594
-4123
-4261
52
-6975
4689
-1043
7711
8926
-2293
5495
-7306
-7766
1463
-4289
9682
5874
-4880
-7223
5504
-3095
-4848
-9786
7635
-9059
-7779
-8355
5834
2361
-8024
-1236
-1641
4741
-9784
-9966
-276
-5126
-1675
9845
9820
1372
-6322
3814
-8738
8004
2677
-7201
2729
1625
-6319
5278
8161
3360
3920
-9468
8302
9245
-9145
729
-865
5656
-7301
5392
1931
-4845
6810
-9818
-3683
-1182
5748
-9345
-4800
7092
-2262
-957
9122
123
-6305
9846
5962
-7623
-9522
-7677
-8690
-2564
6949
5592
5273
-8546
4780
913
8877
9265
9458
-2990
-3695
8463
-3698
6511
-5540
3163
-6885
102
-951
1701
-9184
-5491
2793
2008
-9677
1360
2188
-5483
-4665
7935
7921
2987
-9667
1372
-3616
7856
9224
9538
-6639
-7808
4213
-9123
-7414
-8932
-5539
-3699
-7000
-9266
6175
-5811
-5485
-9331
9503
-9117
2381
-4599
-6344
-5108
-4308
1477
3864
7403
-427
-483
9841
4459
-5747
-8383
-9737
-9268
257
9241
392
2566
-772
-3878
4257
-6882
-6813
5042
7944
3738
-5142
9837
9875
3283
8688
6531
-4909
7936
1048
315
3233
4674
4413
7551
9591
4214
-641
3878
-9400
3756
4276
158
-9975
-1306
-1466
-5694
43
8975
-744
533
6744
-4861
8580
-1477
-451
-3674
-7940
5454
9808
-2553
6030
-1921
-1760
-7277
9167
-6053
7148
364
16
6231
7606
3015
-5832
-5146
8865
9026
3261
3826
5229
-4655
6717
-6509
-3439
1988
-9507
4419
4846
-9849
3837
8480
7946
4036
-3386
1809
1404
6720
4548
-5506
3358
-3184
-9386
-9089
2635
-9311
323
3600
2633
232
8211
6624
-8601
-5352
-8978
7913
-7381
6109
-7799
-6105
6558
8901
7762
-3034
3652
-4422
-9081
4900
-4455
6158
-2921
1883
416
-745
692
-7205
-4463
-7481
-6437
-1859
-7707
1654
462
-2559
-632
-7372
-2222
-704
113
6139
-8820
-2281
-5307
9883
-7343
-7728
-6433
-1951
9711
3601
9704
9772
7123
-9707
2398
7588
-3428
3158
8260
-4210
5228
6875
5828
-3716
-2902
4884
4540
-9892
-2515
4655
-2532
8649
-3179
136
-5832
-2866
4926
-2368
4715
-3727
2370
-4814
-4686
-6525
3382
7347
-9834
-4534
-6829
-2324
4149
1547
-1461
-7951
-932
-1814
-4706
-5691
-4421
1149
4097
8640
-448
8178
4372
2143
4759
-650
2106
278
7794
-8785
-591
7865
6397
-7496
8355
9456
8280
-5219
4280
9439
3585
5731
9426
-4113
-4991
3570
-8651
-3445
-4170
2133
5255
9784
548
-183
7167
3555
-2483
8155
-169
-3382
-38
4973
9690
-7340
-8228
-3880
1066
-2879
94
-3917
-1285
-1460
-3660
4177
6323
6872
-7331
2923
-117
-51
-2181
6786
2071
-1520
7509
3451
-7557
3967
1479
383
6751
1838
2584
8399
-7668
666
8508
4832
-902
2350
-8753
-4724
9347
4468
-5020
-445
9961
-5989
3194
906
2910
-6622
-8434
-7834
-8939
-9903
1410
4979
2901
-8346
1132
-8015
120
-3632
4881
6505
8147
-3691
-6568
9287
-4207
6145
-9969
3235
-9570
-4037
-4856
-1168
-8674
-4952
8199
-3065
-1329
-4229
3608
903
-8675
-2717
-5989
-1484
3398
-7138
-6183
3006
2028
2631
-9637
-2679
3633
654
918
-903
-1559
3445
-9555
3421
-7813
2393
3972
-5313
912
-721
-6770
989
-1630
-7345
-3505
4570
6984
-7713
4232
-2354
-1644
1331
-1840
6327
3956
6242
-3954
6878
-473
-1870
4748
3633
-8132
-4184
942
1499
-3681
8726
7319
-6513
-8517
-8555
-6489
-5508
-1154
-8333
-4900
4533
-2838
-4698
9512
7948
8316
5485
144
-8630
5353
4648
4419
5806
6716
9451
-7583
2181
-8958
-7171
8327
7855
9172
-1671
-7789
-1548
-8168
6147
-3004
-7360
8989
-7519
867
-1725
7632
6437
1560
7370
-5561
-4027
6538
-7676
-9456
-4449
-637
-8907
-7627
-9013
-9209
1019
-4418
-2056
-1996
1430
7420
6922
-9503
7154
-1099
4022
4877
8772
-5334
3544
-2774
-8860
-3089
-835
-221
-9968
-5410
263
-6924
740
8194
-1074
-4403
-2323
3500
3270
-7301
5111
-2524
-2361
-3697
-7349
112
-8787
-5929
-8578
573
7915
932
-6207
-5102
-8005
-899
3042
720
6384
7400
-2650
4684
5443
-6328
-1983
2063
-940
-9974
-5358
-1616
8715
2745
-4133
6171
-6388
6044
1144
630
7666
8617
4245
9293
5617
1203
-583
4701
-669
-2832
-1767
7345
-1241
3140
-633
8596
-5104
893
-9367
-2677
5302
-6914
-3143
3699
1806
-2850
-9751
-3146
8637
-782
-2449
3990
-5672
-7640
-2499
-6658
-1165
-6977
3955
1636
-9498
9734
-9162
-4084
-9875
3982
5509
-3124
9550
-582
9056
8756
-7564
-5679
-9139
-5256
-8318
-8870
6444
533
-3436
-4076
-7148
446
2434
3649
8825
604
-2467
8914
-5743
4994
9814
-3288
-9865
-1902
-9247
-8072
8374
9374
8207
5221
-3773
-5448
3989
481
-813
-7638
-5321
9523
6227
-7857
811
-5113
5580
-1779
7363
1919
-201
7914
-7531
-5109
9132
6475
-5979
4440
7571
9512
-9560
1452
9489
6724
-176
-8450
1397
-386
130
3893
-9278
-2564
8307
4978
-3778
-1742
1005
-7304
7687
-8892
-4118
-8374
-964
-4465
-8348
6984
-4741
-5711
1732
-6790
-9408
-1808
1712
9351
4473
-2522
-772
3018
2685
4976
1033
-4027
4767
7535
2948
-2655
263
8314
-7291
6641
6753
-4787
9710
-4970
-8714
8503
-6050
7768
-7391
-6617
-9130
8572
-9433
-4372
-4155
8797
3275
95
-9409
6760
6929
-6238
7161
7916
-7056
-9066
8074
151
-3863
6718
8520
-8684
4299
9558
-376
4315
8959
-36
74
5858
-4144
2141
-9087
6012
-8150
9299
-1784
4628
6447
-1109
4705
-8219
3217
-2379
3592
-3369
-511
1844
-9123
-932
9574
-9801
-3793
4456
3145
6925
-29
9519
-6167
-7371
-9093
-7718
-455
3408
1163
-1366
-3812
280
-3121
9996
958
-8509
7695
-7221
2932
-2403
-4761
5247
4175
-8989
-4735
-8892
6734
-6009
8697
-3621
-9376
-2976
-3830
1891
7212
3525
-1365
2832
-5819
-3267
-364
-7661
5525
-8740
-3100
-558
1954
6572
-7875
-1545
-2484
4919
-1903
9203
-4253
-7407
5907
1516
2357
-2753
-3677
-6059
6179
-2988
-9081
5197
86
-1110
-9630
-2742
5053
-4872
-4136
-3523
910
797
-7007
-3108
3165
-4598
7474
1287
-3243
1620
-1812
4849
-7137
-6252
7556
647
9926
1012
-6740
6411
5934
-2690
-8644
-1585
4724
-4477
4763
-4944
741
1148
5071
-5102
2463
-6618
-6376
2870
-8594
-2985
5422
7451
-422
5767
2388
5585
394
8225
-6405
-5399
2719
4909
9458
356
-3548
-9843
7480
-8676
-7353
3542
-5592
-3033
5223
8627
881
6906
-7528
3242
4237
-3740
-5908
725
6158
7492
3408
7274
2830
-4469
-5356
8758
-717
-2480
3113
9398
6893
-9662
-6520
5963
-6217
-4831
-6760
5881
9677
7743
-2082
8229
566
-9705
9546
-8279
2753
-1986
-7874
-2821
-8148
-5548
-3568
6708
6009
-2048
-6631
1160
1924
-1747
5571
-3761
-2126
5490
-7722
-3179
1644
-6271
-7913
-8476
-9956
1452
-3052
-7759
4664
-8731
-3332
-9828
-5017
-9479
4117
-7979
-5630
-5112
6839
9034
-3469
-5376
-7473
8274
-8228
-4066
9019
-2887
8784
-6537
7463
-3609
2996
-1634
3777
9024
-5416
-6664
8631
-5047
-969
-7270
6554
8222
3285
6353
-1989
-2010
2642
7209
602
2282
-3512
6140
8474
5127
5678
9694
-1298
-8283
-1638
4016
2135
1576
-6007
5162
2726
8870
-4837
1506
2243
9187
9370
-4991
-207
-9448
5532
3440
-9759
-7689
-3407
7400
3571
3993
5547
5564
-7442
-1438
4022
3400
2653
-7499
-9092
-5594
-1731
3740
8607
-1344
9731
2634
-1609
6821
-7088
-8535
-9160
5986
-9902
7289
-4606
-6110
2123
-7143
-567
177
295
8542
284
2268
-5160
2543
5736
-742
-4376
6511
-7498
-6811
8115
5055
5592
-9680
-781
7536
46
2697
8730
5672
-170
-3556
4742
6627
676
3915
-4240
-6702
-3485
-4672
1287
-1965
7045
-9766
9679
4487
-7825
-5979
-6380
2639
7455
-6939
-6258
6051
1191
-9144
-302
609
-6178
-677
-7804
-1432
-2133
5402
-690
7484
-1470
3371
-8309
5117
-2419
-3438
-2917
5822
2801
-3865
5785
2370
7452
-730
-8847
-3915
-5973
-6485
-9078
-7325
-1254
382
-7884
7697
-5512
-6484
-5265
-7954
-8050
9049
1971
-161
-8854
1614
-3397
-4389
-9211
-6423
7859
6395
-5812
227
7199
-1870
-4390
-775
8510
-5743
-2936
-9485
-8034
7663
5341
-6912
7245
6687
-4176
-373
-8999
-5115
4699
7154
-9162
-1962
-2237
-9468
-3200
-4007
6188
3863
5865
269
-2024
872
572
4989
-6787
490
5127
-5773
-433
-8042
-9635
-1583
-2950
-6424
2911
6274
9572
-6439
-7691
8111
5009
-4415
-5349
-19
-8313
2951
1664
-7222
-4772
-6466
-5585
3527
-1760
-7695
-9543
1967
8032
-2131
-5702
-7
-1940
8789
-5455
6144
-9140
-875
7655
6518
4458
6998
8978
-6077
6148
-7749
6393
9595
1854
5282
392
7847
7186
1116
5055
7947
-5272
3014
3324
-6198
4382
8814
6257
2997
-2526
-5421
2097
-4072
6175
8408
4873
9313
3415
8827
4407
2789
-6162
-2040
-5479
6027
-2377
1091
-3444
9298
-3910
-2058
5677
1933
3574
-8697
9812
-6913
7252
7864
-3932
-5745
708
2986
-8936
2361
-6763
8326
-3819
4611
2791
-369
-9499
-4534
4907
2394
-5084
2244
5662
363
2843
-3581
7638
91
6085
-5290
-1184
-5316
968
398
5395
-9958
-2344
-4844
858
-4123
-7306
6448
3
3687
1386
2544
9894
-5366
6412
7426
974
-4296
5802
1397
2677
9146
-643
-7857
601
8859
-661
-1543
6692
-7383
-1659
-8443
-813
2246
-510
-6246
9702
-1810
8651
-505
-5359
-2948
-1996
-8162
630
-2837
-8919
1193
-3441
-8675
8795
-2167
-6920
-1621
-5751
-1591
-1887
5355
-5210
4857
-8388
3154
9218
4976
8251
9689
4223
6271
-2741
-8805
5135
23
5844
8070
-6670
-6043
-4858
7668
9882
-4366
6955
-9181
-6573
4403
-6034
-3931
-4375
7396
259
4405
7915
3439
-5210
-7240
-6598
-9725
1298
1347
-3893
-3803
8022
-9067
7842
-9524
9808
-3568
5897
3306
-1562
3063
488
-8881
2021
4437
-1079
5230
5321
-2737
5251
-3639
4172
3901
-7907
-8117
-1487
8710
9902
320
-2999
9970
6469
-472
3252
-5079
-9705
-4075
-4881
3460
-3832
5822
6157
4726
-7310
-8524
-9895
-3617
-2509
6452
-7891
157
-9862
4658
-6250
-4176
3889
-7744
-7880
-7422
-9342
5779
-1796
-8001
6976
5131
1347
-2510
8704
-6172
-1718
-2649
4045
-6873
8529
-6123
4606
9167
6675
4398
4143
-1137
-7421
-8130
7102
1970
8830
1961
7706
-2246
-2680
-5209
-6960
1463
950
8698
9547
-4472
-5736
-1262
7053
-3996
3417
-6425
-2171
-8859
8674
-8224
5377
3418
-3403
-807
-4657
-586
-73
6668
-2194
5173
6469
1441
3555
652
-9465
-5821
-8001
-2715
1543
9830
-3970
6955
2279
-8795
6828
-6691
2761
-99
-2425
8889
-7064
7845
-3305
-5407
-8474
-3760
-5626
4857
3887
8816
-5827
1782
-8273
-4150
9485
-5124
443
5800
1316
3014
-1719
-5128
5981
-4676
5814
9404
32
3574
9356
575
4040
-8618
5957
3975
8546
-1761
-6801
1299
2443
2249
-107
-5809
8410
4484
-8
-9430
-7453
-2972
6937
-8881
6897
5763
-8928
503
-2317
9363
7546
-3446
-6471
-9693
-1029
-7390
475
936
-5297
9418
2395
-8647
-1029
-8668
-5797
870
-3220
-2023
4220
-2357
-6974
9344
-7843
-426
-5534
-4349
-1788
-6240
7726
-4010
5163
-9559
-1673
-5891
1927
3205
-2425
3956
-2437
677
-6785
2637
-7196
7846
9687
5861
-2574
-9462
-2986
-1620
9344
-3380
-4271
-7180
-1021
7482
-9749
-4796
461
2117
5568
7466
-5174
-6540
-8890
-5224
9130
-890
7287
-8154
-8604
5841
8324
4938
-1876
-8547
9217
-6284
-9421
9792
2180
696
2653
-4123
3429
6858
-4640
5898
6773
5024
5654
2718
8472
5737
10000
4193
385
575
5377
-7624
-4300
2822
-875
-6125
743
-793
2757
2099
4875
5735
-7538
-5207
-446
3367
1597
4437
380
-4310
-2663
-5656
-6937
5415
2116
8529
9098
-6459
-3295
-8392
-2593
8599
-1426
8544
-5040
4063
-429
-7207
-3578
-7666
-5393
-2408
9742
6176
9901
2775
-4264
-7933
-8823
-9477
-6282
671
-7486
2693
-5168
-8605
-2237
-3536
-6781
-4282
-3222
106
-5179
-4593
-4019
5501
-3710
-6533
3379
-9790
96
2741
-801
-2093
2255
2549
5037
4851
3059
-4358
-8397
9077
4508
7073
8045
-7
586
-9819
-9118
5366
9712
-14
-4729
8259
-698
8596
3614
-9840
9232
-8565
9454
7356
-7664
8998
-7310
2391
-8872
8269
3460
3662
-8698
8880
-4569
2240
-7799
-635
-979
7462
9055
-9153
-7997
7767
1735
-2334
6929
8793
8394
-2129
-3473
-3454
-6238
-1754
-5549
3445
-9358
-9248
3031
899
-2269
9195
594
1353
-4267
3853
1177
4835
-85
-7310
-2090
-2885
4027
325
6983
-8780
-1766
-7951
9770
-2586
2056
3643
5956
4728
6173
-6164
-7986
-3141
-903
-2917
-3349
7375
7341
-9585
-5360
-1528
-5911
-4477
-6282
-7029
-254
-122
-9354
4566
-9356
-7329
-6253
-9830
5061
-6545
-3786
-5548
7829
1955
-3224
-6660
9560
-6033
-2211
-206
-3643
5883
474
-3858
-7175
7439
5209
7016
1556
4796
1760
4626
1738
3094
-1124
-8509
2345
-2610
1341
6843
761
-1299
-266
3607
3609
-24
-5529
-8593
7876
-8910
3130
7411
-7260
5745
4982
2138
-8919
-1973
-6032
3976
-7389
-9167
8667
-6790
-5905
5681
-3569
-3579
-7466
-2033
9141
2811
-7201
6087
9063
-1291
-5887
2158
-3869
9622
1974
-2521
-5818
-6777
5059
1327
-8512
3140
903
-2874
236
-9838
-7518
-3256
-1756
-1005
8893
2958
6031
-9469
9523
7637
277
-7382
-1820
-8424
-5517
-7598
8546
2470
1923
-6324
-3330
-3889
2751
-6196
1303
8715
5213
-6440
4634
-9689
-6821
6727
9685
-2385
8231
-8375
2965
7649
-1800
4744
-4342
1639
-1223
758
-2274
-4348
5790
-1662
9188
-5973
7362
-3172
9536
579
6648
-5003
8008
-9155
5354
3954
-5344
-6592
-2813
-9565
-1665
-4367
1781
-1620
6828
-2638
-1868
-9247
-5205
181
1690
-8230
2970
4490
-4718
8038
1644
9453
4547
99
3200
1510
-6113
-1552
4968
-7871
-7129
6249
-5427
-3323
-8412
-7296
8092
-7029
-4565
-6069
-3681
-7354
-7521
5219
81
8783
894
9113
-5800
8665
-1472
5183
3572
2725
961
4297
-2836
4
6195
-7156
2916
5915
4574
7953
-4438
-4837
-4587
3994
5843
8312
-5356
9408
8490
6045
-5618
7481
-8603
9025
2649
-2532
-4924
8492
5791
5369
-8687
-2314
9537
-6314
6876
-6202
2796
9236
6926
8161
-7603
-1756
-1229
834
9203
9703
-6397
-8539
5123
4994
-8859
5521
1821
-9940
8014
2168
-2842
-7959
-8940
4810
4478
1571
3435
-1626
4368
2740
5742
-7919
8854
6940
7543
438
-836
1765
4709
-362
3446
6750
-5894
7815
244
-568
-8348
2911
4593
6325
4210
-9311
5212
4042
373
2226
-1722
-9808
4007
6628
-7681
3423
7402
3859
4039
-2403
-2809
8110
7726
2444
7472
6967
-2232
-545
-2948
6314
7395
5038
1371
6323
-8676
6358
5072
-8484
3242
2377
4807
-3525
9147
1397
1896
5135
752
-8970
-3514
6351
7630
3420
9154
-3293
3222
-6993
6315
-9533
-7513
-8449
-3569
-2757
182
-8480
3984
-54
4580
-6476
3544
-2635
-52
4366
646
-5200
3330
-2465
447
5505
-467
4255
-7290
-3890
1518
4053
9103
-6442
-2771
-4194
929
-367
-295
4477
7156
-8424
8390
-4692
-3301
-1310
-7585
6426
-8705
-8064
-2512
-556
-5765
9869
8933
-9767
7694
-7918
6437
7905
-4749
-6712
7919
8180
4923
-5015
-4679
3956
-1415
9910
2348
9790
-5432
-9261
-8794
-4943
2462
-4604
8102
5862
-7992
7
-9102
-6957
2105
3026
3718
2446
-4366
5858
2338
8559
8941
-4153
1669
1720
-1452
-5331
8157
-8782
-4407
4919
2093
-4229
-1048
-8706
9972
-204
8353
-4673
716
7990
-1424
-7891
-962
-9006
-6544
-5590
-1102
-7427
-8340
-5578
6211
-2251
-3747
6296
-4595
-1647
-3883
4018
-24
-6494
-2381
-2695
6414
3169
-8305
6682
-1757
2239
-900
6551
-7076
4965
-5855
-6564
-152
3070
-9096
4009
5928
5796
-6439
309
-7979
9654
8826
8140
-5417
-5740
3446
5320
1970
5970
2003
1642
-5953
-3934
-6800
6607
-547
8113
4270
-9107
4752
-9424
8816
-8668
-2104
-4600
8533
9606
1365
7310
9412
9032
-6012
5896
-3948
4904
-7130
-5754
-5563
8064
9851
-7465
3059
4911
4722
-3366
9557
4359
9282
-5571
5179
-7665
3012
850
-1361
-5600
8816
2639
-5470
-7737
3255
-3930
2136
-257
-2651
-9785
-9352
2848
3661
-3495
5148
1201
2797
-3746
-2346
4740
8381
2257
-7803
7316
-8754
-4560
-1681
1628
504
6296
-2795
2972
7942
-2717
-4682
2177
4708
1684
-199
7256
5520
6823
3641
-3437
-8567
-1507
8724
-7485
9724
-3092
-7804
-3900
3328
878
-7223
1310
985
8604
-9746
-182
-3051
3532
-9705
-5897
1407
-4709
7697
5907
6541
7518
7339
478
525
9273
-2668
-8049
-9614
5864
5606
-633
6232
4076
-6681
8167
9553
1467
9135
-6540
-7958
6055
1463
5396
7489
-8359
1589
-2533
-3460
-9495
-4855
-5033
-4613
-400
-2288
4808
-3972
-5421
3528
6442
-1132
-7439
5743
-2713
-5317
-8023
2518
-5149
-8993
-4687
4066
5142
701
-9004
9003
8644
8745
-3880
-222
15
3008
-540
-5388
6940
-8441
-5175
-4248
3849
-8769
-7431
-1995
-3640
-2826
-8770
8720
-449
770
7604
-2880
-2494
814
1612
-1592
-8406
-9594
7383
-5096
7500
-4304
-125
-1672
-7321
-6969
5632
-9251
6433
1369
-238
9997
-2811
4989
-2190
222
2196
8374
-4060
-1879
-8203
9213
-2969
8226
-4068
7437
8481
735
9198
4351
-4246
7225
7608
6736
-9212
7433
8542
-657
8755
-459
4478
6811
6701
5722
-9045
9469
8183
5380
-5388
1836
-4413
-6790
-3040
8858
-8804
9213
3627
5934
-4929
4567
4120
6487
8722
1647
-6928
3929
1811
5821
-1644
-4661
7802
-7788
1613
8272
5692
8732
3611
-922
-3543
4252
815
-351
6515
7939
-3569
9406
737
1010
6223
-9599
5219
3822
-3291
-2449
-7786
5029
6124
3016
9498
8535
-7340
1162
-6120
-543
9268
-8012
-5331
384
-7492
-4659
8767
932
3167
-6075
-5171
-9388
-947
-3661
5607
5696
5306
2215
9039
808
7718
7002
7154
-83
-9323
-215
-2300
-7823
-2984
3551
7742
-4396
-4330
3699
-6956
-9244
-6975
-9657
-5769
8254
3443
-4813
4145
2915
-2507
-8285
2645
-3617
-4230
8466
2440
-8411
4958
1148
666
5227
-6659
3892
-3978
-7212
3306
-8628
-1922
-2817
30
-5299
-1055
168
8876
-2549
6821
-3743
-9056
6228
-1
8866
-6389
8241
3186
6926
-7526
-4903
4954
8254
-3102
-8553
-2380
9045
4003
-6475
4969
-2375
5905
463
-4350
-122
7402
-7198
-1076
-9009
561
-7875
-8895
1575
2514
9257
-2223
1898
3241
-9796
4567
-4408
4067
-3463
7841
-4268
-6066
3579
-259
-3283
-7905
8437
-1908
462
-7249
2881
7662
-1195
3788
-3801
1513
1009
-2320
-4367
-5333
-8578
1773
1587
3494
3865
991
4673
2896
1969
3623
-6066
-6444
-9783
-446
9950
1278
-6692
6133
8859
-1292
4324
5770
5695
-604
754
-4417
6021
112
1417
6835
-5321
3357
5593
-3296
-3124
4711
331
7722
-4474
-9785
-8362
-4222
8186
-3862
-7752
-4757
-2045
8421
1814
5865
-4639
3637
4228
-6177
-8613
6649
-222
-5193
-8927
-1576
-2620
-8449
-8186
-2963
1933
2103
-4921
-1500
6235
-9392
4398
-8524
8441
5604
-5147
-4761
-9650
9444
-6420
3152
-6148
4699
-5096
-1860
-9705
5692
6225
5283
-572
-1503
-428
-9031
-6774
10000
6717
-1588
3715
7834
-3297
3928
-7942
6675
3006
-883
-74
7223
-1765
2942
-3788
4620
-7752
-8050
5623
5040
6353
-4731
2241
-2893
6664
8193
6829
-3350
-2421
8702
9923
1208
-9304
-3715
-4850
6500
-3461
-6707
8969
-7515
-9246
5009
-9325
8437
-1482
-4151
-6298
-6462
-3673
3952
-150
-1455
-3023
-7290
1871
-6897
7109
4498
9930
-4661
-2358
-2470
4407
-8134
-5494
-2055
-3431
417
-5626
-5308
-8666
7120
6684
-3030
8211
8292
-5599
5228
-6959
2061
8619
407
-2143
-8016
-9864
-2876
-3595
-7940
7838
2171
-219
3667
8592
8930
4232
5341
1772
9402
-717
5578
-3402
-7684
-3463
-227
-9088
-6758
8285
6706
6311
1523
-1553
-296
9205
-935
-6335
-4238
8737
-1114
-2394
442
220
-8717
7413
4063
8634
6125
-1148
5510
1902
-8075
8123
-9543
932
-55
4663
5128
5529
1683
-5941
-3737
-167
-5816
631
-9548
-8434
4138
1710
-6351
5534
1279
2538
-2425
-2862
7820
7614
8503
6127
1629
-1572
-8655
-7013
-4405
-1670
8960
-7671
-702
4306
-8716
7655
-5814
1045
-4508
8033
-1165
2202
5229
2937
-1642
6070
-418
-2376
-4420
8766
5077
6785
6617
-712
-1794
-3853
4273
-4774
-5426
-7418
-5344
3602
-3653
-4752
-8731
959
978
2559
-5106
-6382
9375
-9737
-5802
2912
-6340
2446
4756
-4297
9210
-7197
-6915
7306
101
-9377
-1093
178
7626
4910
5520
-7617
-9048
-9815
-8315
6148
9431
5845
5078
-9451
7805
9917
2674
3044
-9174
6607
1428
-1327
-97
-2801
1406
-599
8244
9746
7918
8934
3974
-7716
-1601
6002
4744
586
-1770
1718
6583
-4913
2819
-7073
-8443
-4196
-8555
-5723
1675
9166
7701
-121
4815
8538
-720
7917
-1136
-9368
67
5174
-1866
9770
-3832
5675
-7426
4491
5965
-4266
-5088
-3409
3832
9484
6810
-2051
8722
2803
-7870
7552
-601
31
3638
-7499
6951
-2596
1477
5032
-4100
7671
9031
-537
3293
2379
223
7136
-3589
-4768
-3017
3619
6157
-6556
4299
-3213
-1149
7951
5178
4543
3776
-6395
8580
742
8703
-4953
-675
122
-5898
-2889
-7183
-3942
1127
-4677
-82
452
-9863
-6245
-1614
6572
-9578
7811
-9904
-5128
6311
8384
9508
-9251
7135
3897
2310
5006
1260
-3381
1602
2994
-2119
5721
-4816
5339
-8758
-6791
9029
1900
-4210
-9618
2677
-3611
2643
-8243
-5853
-5312
-1811
8630
872
-5608
-2316
7605
-8927
-7714
-6776
-3142
-6446
-9324
1601
-3648
-7872
-2432
8200
3938
8035
8939
-219
-3669
6661
6600
-1753
301
-1787
5861
5375
5792
-8704
-2948
-9333
3394
-5270
4117
-7349
9403
1086
-6655
925
-9742
9777
-5057
3618
-9351
-1892
5689
-190
-9162
444
-7276
3860
8045
5781
-7979
-9543
-3979
7423
-2111
9154
-1407
-5331
192
-7739
-1309
1287
7495
-6299
1948
-6180
-1670
-3909
7269
-7746
134
3658
573
-3280
4014
-3789
-6380
1435
-2490
8217
57
3030
-8187
-2194
6246
8589
-1995
-6907
5288
-1954
5721
3887
-2433
3822
-2378
4786
-3874
-1531
-8229
-9857
-1128
36
-3288
1914
-8290
8208
9704
2347
-6526
-6169
9793
-806
6086
-1162
-6894
9851
7573
-2679
-1670
7342
-7627
-5137
2401
-4688
1570
9892
-7907
447
3171
-7736
-3199
-8345
-2
6707
-5675
-1096
5909
9242
-7736
-4607
-4470
-1681
7275
1209
-5941
597
-4470
-2221
3162
4228
-2585
-5643
-3542
8675
9134
-8032
-9581
-1311
-4963
7382
-2149
-7853
-2176
-4062
-9297
-3485
7989
1899
-5810
-481
-5146
8412
-2758
-8507
2956
-6406
4437
-9424
-3299
-7495
-1532
-7124
-8360
7236
6801
-701
470
-4587
7497
4829
-7551
-1518
-3906
3289
-6623
4692
1505
-6201
3908
-2392
1801
9795
4117
6351
5237
-240
-2408
967
6621
-4493
5703
-5361
2884
2198
501
8190
-3529
7920
-1494
6783
9829
4914
2847
9447
6656
-1550
9406
4178
-4946
2334
6135
3576
-4598
-1679
2291
-1610
1929
-3510
-5649
9381
-1332
4406
-6227
2859
4990
1585
7534
-7980
-8581
-4176
-9215
3665
7298
9930
9605
9130
1231
8921
1677
-9544
-1285
-7237
-3423
-4640
5353
-2573
-476
-6806
-5397
6806
-7991
9417
8104
1407
577
9312
7160
2191
-5245
-1086
4443
-276
939
-67
8573
7372
-4260
-9612
-4421
8871
-82
4570
-6046
1588
-4551
-9899
-3066
-8889
2440
-5538
-197
-3248
-7378
369
7059
1217
6316
-335
8784
-9914
8088
-3183
-275
-7468
-7996
-156
1522
2614
4896
9722
8440
-8630
5565
-9746
7011
-8067
-9911
4394
-628
6983
-4768
-2028
-6864
3830
-9635
-4665
-6187
-331
-6416
-6446
8071
9452
-6838
3606
5706
-631
9625
2620
8372
3187
1251
4754
-442
-1742
4429
-6959
551
-7973
-3991
8512
3244
4317
7099
4989
9992
-7675
2691
3537
-2762
-5443
-185
-5968
4231
-2904
9214
8480
6541
-6042
5854
2547
4730
85
-3521
4907
1606
3427
3060
-2420
-5101
4012
-2809
898
930
3264
-3957
2210
-5631
9588
9763
-5976
-9631
3418
-1538
-37
-9490
-3741
9192
-1470
-3041
-4240
579
-6078
5867
-2983
-870
7056
-5802
8977
-5893
5358
794
8220
4197
1865
186
5955
-9641
-4824
-3223
8610
8784
3906
4057
2865
-2955
-6393
8872
5483
2617
3934
4025
213
-3666
-1100
-757
-8791
3078
592
-942
6689
-3543
2195
-3345
7647
-4157
4774
9773
-5384
4776
2231
1680
9746
4023
3621
-5196
294
1825
1081
-9054
-3379
-1756
-9763
-573
-1157
-6567
-1113
-6968
2146
8454
-2186
4900
9943
-549
5267
-7263
-9822
7630
2155
470
5006
-4339
-8310
-1896
-2126
-7973
1503
-1319
-3055
-3694
-2547
5669
2216
-9147
-4866
7213
2307
435
5622
1531
1596
-7776
-5078
-8849
6181
8693
-1957
9734
-4904
-3661
-9157
6803
-393
7648
-5832
6523
-7779
-3198
-5925
-6365
-6291
-2303
9297
-8404
673
8109
-9865
7688
-5403
-6523
6609
3399
-3053
-2864
-4233
8326
-1265
4855
3345
4778
-1912
6751
-8241
-3514
4096
817
-4525
5008
9768
2356
6540
7805
-3654
1946
-5805
-1865
8143
-2809
-9236
-2825
244
7525
1890
-7326
4335
-224
-5755
-5983
3758
1698
-2457
2803
-4284
-9267
82
9216
7978
6905
1178
8300
4908
1051
-3895
1937
-940
-1128
9246
851
-8564
-7268
-89
7273
-4078
-5814
9934
7817
3962
299
3738
-2425
-7216
-1364
3040
-238
-2333
1512
-3861
9132
-3071
2978
3935
-5987
-6528
-910
-722
-9741
7517
-4886
6757
-9083
1754
1010
1383
-9868
-9459
-8661
-590
-9168
5518
2656
-9549
-9401
9079
6733
7508
-2840
-8436
657
-3986
-8227
-8576
994
7810
-434
6137
-9386
5955
-1282
471
-445
-3853
9370
-2730
3633
-8183
-8987
5227
-7190
7610
5060
9674
2577
1385
-6880
8565
9649
-1979
815
-4624
5441
-7497
-8010
-921
-6779
1235
-7288
6986
-1221
-689
3856
3785
-3047
-3258
-7386
-5156
7232
-7896
-4682
3208
-8245
8390
-2893
-8639
8454
-6640
3812
9557
-9868
1736
-103
-4634
4441
-7949
-7805
6451
468
4668
9796
7633
1352
-9440
2649
7890
-2424
-8099
-122
3631
8239
-8334
-5313
-8727
-1027
-6524
9001
-7013
9368
5367
-6747
1157
-2916
5223
-4233
2604
7143
4683
4217
3772
-8199
9510
393
8684
9857
-4780
-1177
-4855
9329
-1300
9917
-9114
-9660
7150
2293
1488
4476
-7470
-9135
3746
7644
7381
-9140
3235
-7731
7335
5320
-3362
-8304
9032
1204
-3824
-4281
4963
659
-8010
-4914
-9271
8678
7499
8709
-4115
-6989
4883
-3346
4990
-9337
-4913
4578
6648
-5745
-6188
9905
7984
-8225
-2577
-9277
-7850
-9868
8275
-3823
-1118
-1430
-4957
-5373
-9660
7834
8219
-6497
3408
1186
5006
-5062
7828
5553
5275
-6701
-8450
9007
-1133
-4833
-1117
4169
7432
-1080
-6068
-9731
5555
-8303
-8400
8660
1833
-4074
120
-6536
1292
-573
6327
-2654
-8247
-9865
8711
9822
5811
6413
-4628
8757
-9827
-3277
-6130
1928
-6276
-755
7168
-1513
9723
-4867
998
-9826
-7017
-7143
-6910
7513
3032
9384
7250
2617
9968
6173
-2642
4537
-4049
4204
-7982
9548
-1222
-7281
8989
8622
-6443
-8223
-2370
1565
9683
-5702
-5855
6635
1154
-4702
-7977
1992
-6868
1614
4385
-969
9592
-1946
1642
2355
9108
-8910
5789
-7958
1175
8644
-9891
9679
1351
-6749
-2370
9569
6224
-3520
5876
4899
-9659
-2413
7946
-1581
-1135
-6840
4836
1150
5428
9782
-5627
5639
675
-357
-5803
2165
1486
5178
7021
-6912
-4108
-9693
-5857
-4827
-8884
-8355
-2164
2980
-2803
-4389
4630
-2747
-3064
1856
-1278
4024
2029
-8870
9795
7945
1751
7357
8377
-5858
4508
-4739
9186
2736
2215
-9940
-6895
-7029
1983
8403
-3035
2563
8997
371
-6253
1338
-7829
3796
-3808
-3251
3074
1919
-6568
4373
4626
2804
-4755
6311
3337
-586
-8222
7490
9266
-2717
-6000
-2785
8633
-5621
9889
2114
232
-4765
7635
1901
2338
4725
-1059
4349
8347
-6947
-6730
-2390
8389
1281
5587
-4842
-5174
3137
-9297
-7963
-4248
1706
8697
205
4496
-8908
-9396
-9971
-2042
5784
-336
1375
4688
3840
-2267
-2020
-8182
-7044
-9552
-7255
-4826
-7225
-5421
-6576
-5468
6214
-253
7637
-3067
-5909
8038
-9998
4539
6648
3305
3809
5141
-1635
-1557
1505
-6806
-9825
4958
-9800
-2493
-4521
-9395
-9413
3829
-8729
1802
-4739
-3520
-2776
1515
-1500
1562
9455
5008
532
5123
-9722
1299
-5141
5452
3597
8165
-3
5158
-4855
-2842
8244
1187
5108
6677
671
1171
7770
-6558
981
2782
91
8147
-7827
-2154
-4380
5919
-2073
3142
1960
8875
-2799
8026
-3474
3282
-3014
-3131
8393
-5909
-1588
-1021
9661
-2309
-8303
-5341
-5370
-4078
-2432
9135
7029
-6116
2106
-5292
-5712
-3871
3686
-7255
-6133
4179
-7207
-3184
9344
1604
-976
1230
5079
-5820
-5832
-2728
3211
-6557
5572
4889
4044
4628
8197
-3023
9211
-1893
59
-3400
-8838
6355
280
4856
2281
-454
-3257
1777
-6027
-2194
-2336
-6519
-9748
-2061
7976
7143
7456
9781
-7283
6639
2106
6689
873
9205
-3164
5567
7812
-4459
-3725
-5084
8169
4236
-2642
7113
3833
-2803
3296
8309
-4622
929
6812
-1035
2336
-775
-28
7714
8465
4249
-8152
-5216
8947
461
-5863
-5088
9116
-3312
8289
7741
-1528
-7865
-6797
-2243
-4121
8175
-3251
8761
-1809
8483
-3893
6163
-5388
8560
-5849
-58
-5698
279
6196
110
-1810
3036
1019
9490
9132
2942
7869
7099
-9366
-211
8009
8058
-8989
8106
-676
-2673
-2489
9130
-517
-3396
-1040
6291
-8169
455
5752
-8269
2133
2565
7032
-7882
9075
-5187
7486
-6603
2706
9043
-4197
8139
-2152
4950
-353
573
7414
-2528
-4345
9823
-2321
-1224
-592
9880
-1764
-1503
5840
-6908
9839
2834
1729
-5653
-8038
-4405
8867
986
6546
3245
-9594
-5613
8807
1377
1956
-7130
-2566
-9215
167
3841
-5851
1436
-3562
1564
-8910
5509
7226
8193
7837
-6748
1103
7767
-3623
6842
6044
-7674
6323
-1795
3570
7202
9435
3470
-1818
-76
-7078
7349
-1653
7905
2105
-450
7087
-7416
-2226
-1008
-5111
1326
-6483
-114
-815
-984
-5526
-9432
6572
-495
-8170
-43
7435
-9113
-6798
-6888
949
-7685
-3417
-3582
4906
7088
7660
-4161
9809
9141
-3231
4796
-8491
3099
-2412
-2528
-2186
-2285
9024
140
-4879
-7182
5198
2589
-2648
-1223
-3721
-3830
-5478
3571
6023
1953
-8643
-9132
-7028
-6967
1141
1636
-7782
-9166
-3943
-8293
-16
-7334
8320
-3397
-846
5853
-7253
9547
6491
-2330
-3333
-3698
-6521
5983
-7695
-8086
3630
8578
419
9910
4360
-5496
4332
9298
7777
3007
-3971
4396
9756
-6941
-2087
6496
-6076
7689
6163
-6771
-8855
-8623
-5503
6520
5499
-6515
-3000
-8470
-218
2169
-8774
-4762
9398
188
-7291
-5806
-9498
-5955
-8211
-2121
-1511
-9738
7251
-813
1231
240
-3781
4778
8642
210
5189
7901
1702
-2747
-1064
7700
-4131
-1438
-7832
5313
4468
8154
925
-46
-679
4716
-992
9007
-7456
-2703
4433
-934
5297
-9632
2304
8641
479
7588
3494
3443
-738
-3310
9810
-364
-180
-6045
9500
-1453
-7309
-1594
-5810
6913
-7167
-5491
8078
9759
5145
6303
-4682
-5022
-2899
2793
8053
-7445
-8036
9409
2593
2016
8651
-368
7426
3357
-3133
6052
4955
4189
-5788
-1239
-6472
-2766
-1669
-9972
3136
-3014
3705
-3547
-370
-1968
8794
2140
-8691
7043
-5105
3411
5100
-3046
6513
-4323
-867
2368
7871
-2630
7242
3947
-4053
-9934
2450
3833
9658
-6463
8425
8326
8294
-6361
-1678
8399
557
-4393
8850
4252
-8940
5413
-4649
-1260
-8557
-2300
5595
7807
-6440
8879
-5800
135
-9674
9979
304
-6979
9557
8742
-4000
-1723
-1435
-1284
-3483
7602
8625
-9174
7523
-9870
-1971
-5519
-3480
-6658
-911
380
2229
-8592
1817
-6978
1701
6031
-2552
-6815
1612
-8708
-4707
-3019
-1228
-5660
2722
-2012
6205
-2707
5546
-1250
-705
6989
-7074
-2030
-110
8615
-6584
5993
-4131
-5035
-6498
3384
1434
7047
-1746
6835
5091
6597
6669
-4196
8153
-1313
9125
9081
6743
-2973
-8963
5226
-306
1065
2576
-9264
-5973
-8783
-6719
-9907
-8688
7219
4082
-3587
-4420
-8903
-1871
5019
6499
5226
-3637
5997
6430
-4199
6921
1431
2451
4761
13
6118
-5385
650
1363
4085
-9946
6286
-4404
-9388
9547
-2511
6950
-8530
4818
-9893
6745
-6979
-6143
-7239
5079
1736
4607
-1994
-9354
125
6454
7376
9204
-384
-5159
2442
-8117
8036
8958
-2158
3808
7872
-724
6458
-5051
333
7710
6867
-1676
-9972
-5221
-9917
-4496
9049
-1077
8125
6457
-4484
2502
-4819
3470
7069
206
-9542
6431
-5985
-7280
7977
-9997
-2303
3448
7447
-822
2513
-5711
-5098
-2559
968
3142
4339
9629
5450
1452
3406
-6322
-4230
-6745
6625
9172
-3362
-2741
-4021
-8513
-1004
3459
1730
-4795
-4302
4109
4020
-6100
6896
-3571
3315
-7266
-2938
-9030
6767
3876
5277
-253
-5052
-2027
-6264
1412
-7311
-4097
5500
-7698
2639
-4709
-5941
8582
-4074
3088
-9036
3243
6843
-1928
290
1454
8452
5909
1633
4215
-2146
-774
3071
2832
8435
5354
-4292
-4076
-4660
-3050
8349
2507
5300
-6237
-3621
2856
-4643
7570
-8098
-5452
-722
2745
-1296
-7166
1856
6813
4713
2709
8529
1465
-565
-7289
3880
-5947
555
3189
8188
2639
-6453
9164
-4572
-8679
9844
4597
1252
8261
-8904
-7418
4129
-8681
5630
-2368
-2277
7033
1732
-3655
681
-9646
7062
2420
-365
-6944
-1767
9437
5880
7865
-657
7981
2437
9598
-9892
8938
-7733
-6867
5446
-3667
-7122
-5314
6511
-5647
5109
-1777
5278
6804
-2878
5547
9690
8718
5748
4565
-7707
7198
9563
6318
-817
1763
-1759
4952
581
8515
3345
-7440
4257
-2669
1566
7525
-9389
-5625
-9724
-1978
8299
7003
-7836
-6520
394
-8199
7948
4630
263
5451
7108
-4131
-8400
-4710
332
-836
4616
-6377
2151
9172
3283
837
1162
665
8410
3748
2083
992
6252
1814
-2421
-6691
-6272
-1450
-2782
-258
6514
9316
7169
8763
2744
2680
5521
-216
-8881
-4656
2906
-6994
-8704
5223
7145
-1757
1392
9762
-8388
-5481
-4276
-9606
-6622
-2220
4818
9006
1761
3826
-2314
-5236
-4210
5251
4237
-9104
-240
-61
-5330
-6346
-2390
-4637
-2645
2694
-7545
457
-8268
8894
8454
6608
8801
9382
-6003
-8245
-6927
-1853
2593
-452
2283
410
-8492
2414
5050
7318
8273
-7602
1716
-3127
-6472
3958
-7613
-4325
-8582
442
-2959
-422
-9116
72
-3941
8876
6748
-4581
9924
-8935
9464
645
-1748
-4768
2489
3146
935
1885
9155
-7790
6842
1444
449
6401
-5973
7252
-2561
-5026
5102
-8410
9211
317
1205
6262
-7459
-3401
-3306
-8573
4307
-2861
-7571
-9971
-4633
5830
8204
3370
2069
4706
9180
2373
-4625
-5296
-6327
-5728
-6030
-9793
-9697
-5340
6654
8912
-6162
4940
-6776
6050
1653
-6659
-1890
3913
-1029
-459
5719
-7051
1869
-5986
8857
-5125
-3553
-2472
-2880
218
4022
2203
1851
4794
3549
7165
8958
-4727
8668
5777
8191
-9736
3028
8733
-7005
2488
-4453
9425
5037
7307
-7030
5925
8529
-7304
9615
262
9078
2617
7170
-6416
2165
6917
3258
-2383
-6359
-3571
-7474
-4053
-7397
-964
-8750
-1239
8764
1359
-8614
9029
307
9477
1980
-1347
3908
3459
-2014
-3498
-83
-7298
-6748
-354
9514
4238
8229
4440
-9909
9323
-1874
8773
5169
-190
-2417
-5374
654
-6820
8208
277
4035
8740
-4598
-136
-7828
4879
-5478
2553
-6178
-9765
-7658
2380
-5034
-2404
-8815
-4917
-345
1002
7380
-6891
8053
1241
5684
-5857
-8838
-5582
-372
897
9759
7211
5435
-2867
-6329
6147
-5721
354
-43
4835
9691
-2415
6671
7848
9865
-4795
4839
-5766
-3937
9337
4355
-6678
1200
1203
-6534
-238
-3250
-8966
-379
-1356
-1129
-3481
-5282
-6700
3957
-7488
4556
-1939
-635
5733
-4117
4362
3909
-3188
-7845
8437
351
-882
424
-7072
-3607
-8099
3300
-5595
-2938
-17
8249
1080
4718
-7502
-9204
-1031
1230
5742
1330
-8013
-416
5004
-2691
2695
9697
8949
9288
1952
-4881
3130
-4896
3087
-3154
1913
5213
2978
-2296
-9513
-6956
2062
8403
-8137
8512
6564
-6974
-1560
1821
5495
-5658
7266
7889
7686
7540
9951
1816
1524
6655
9422
7452
472
-2496
-7531
7169
-2094
5863
6189
4966
1541
-1724
2337
3194
6416
8069
6347
9713
5458
10
2304
-8505
8407
5232
-5333
3502
-1148
-1529
-242
-3190
-8742
5445
-7074
-8251
2586
-7429
-572
6764
-3206
-1244
-3982
3644
-9086
7618
-517
-9360
735
647
-175
-2225
-1071
-328
9044
4857
7583
9075
8232
8215
-6313
-8251
-4107
5263
6927
-8340
7200
8221
4668
-7483
-5456
-479
4320
-9056
9824
1258
5638
-5860
8331
-436
-6682
4883
-2318
-873
2341
4786
-9074
9697
-6685
4419
-2618
2592
9681
-2015
8594
-7374
5813
-3206
-4240
-1043
2607
-6181
1260
9817
-6513
-5350
7875
7484
-3583
-9705
-7741
-4404
-9369
1608
1737
-1542
-3628
-2469
8651
-3241
-3354
-2694
-9822
-4688
-2406
-7270
1307
6272
-2164
-8904
6603
1130
1154
-2842
7331
7950
7712
8880
-30
-9435
-742
3972
9167
5315
-8525
6733
9328
8587
2177
8382
9549
-802
-2346
2656
1823
3239
3677
2486
-5839
4279
2579
-5681
-3619
-1969
5481
493
7413
7912
-8024
2112
518
248
-6074
7016
5165
-4762
8442
-5617
-3845
9126
5258
-8798
-6955
2931
7892
844
-196
274
2137
2713
-6496
-414
-7795
-3484
4215
-6903
-3396
9356
638
-9001
-184
8674
869
-1262
-7813
-6060
1736
8376
9135
149
6574
-5194
-1850
-1281
2425
-6522
1614
5812
-5980
5155
4119
-498
-230
-4269
-7078
-2720
3612
-4332
-8363
7970
-1415
-5067
-6411
952
3127
-7578
-2174
-1396
2851
1211
-2293
-7705
8041
7471
9765
-8735
-3495
1163
-3704
180
5464
3208
-1701
-2977
-9803
-2283
-9634
9951
6023
1928
2097
-6309
7825
-8102
4149
5665
-6099
-7544
1700
437
1006
-587
-3141
7821
-1584
5691
1914
-1350
-3672
8523
-2254
-7800
1202
-2238
7962
-4283
-6367
6742
4233
-1005
-3691
2266
-3186
6824
-6100
-1793
-7680
-333
3548
-5364
5560
4414
-6517
-3079
119
-1731
-1598
9541
4264
-5973
-1584
5581
6537
-9408
-5861
-7301
4322
5415
-1166
-1231
1926
-2615
8818
-4633
-8371
6398
-7818
-4852
-9050
7575
-3895
400
-1331
9819
-1943
-8883
9571
2900
9039
-3904
-10
9002
-5449
-6760
-9822
2626
-9849
7286
-8976
-2206
-2282
-2626
-1506
-8293
6402
2962
-4658
6590
-9220
6700
-2846
-465
-4116
-8192
5144
-3976
9897
-3703
7244
-3880
-721
9298
-7001
-7755
-1860
572
9521
1120
-213
22
5592
7605
-9681
6729
5523
8789
149
-5733
3301
150
3334
-668
-5926
-5382
-9678
-3889
8058
201
-4649
-3948
8162
-2907
-6159
6291
-8776
8618
-2943
-5135
6761
8315
1965
-7847
-2357
-5552
5147
-4171
386
-8328
7702
-4431
-5827
-1691
-398
-8515
5235
5216
-9468
3262
4804
6581
-6172
-8466
3011
5217
-8113
873
-6671
7367
4022
-9619
1410
4687
-277
-2266
-3906
-33
3251
9088
7737
1089
7781
9005
-4896
5236
8781
6851
-1025
-162
-2735
-2903
-7281
4678
6009
867
-8175
-8314
-5546
9612
6607
1446
5296
-6637
-5455
2493
6021
-6861
-2614
5515
-4426
6978
6961
2175
-5197
2122
-2109
-8907
-7704
-1459
3273
-8799
3398
2200
-7379
-9900
8543
-370
-9945
9765
965
4720
-3858
1288
3197
9139
8555
1062
559
-4583
5931
-5918
-3003
-13
2035
-8095
-2643
-9321
735
-24
8854
-8025
8767
5495
-5450
1641
-4900
1902
-5950
-7471
1070
-8986
-5169
8790
-177
4279
-2985
-7041
8663
-2391
-9757
-6564
8911
-2791
6077
-5931
-6251
7579
-9446
-2223
676
2162
6382
-6308
8540
-4221
-4982
-4472
8451
-9022
334
361
-783
-8849
-3074
7665
-8107
-4398
7063
2821
2206
5607
9538
2267
8724
-5796
-2367
-7668
-7964
5899
-8829
7001
4213
-473
-2154
-9190
1558
-9929
-3573
1026
4351
-5790
3928
-397
9907
5663
-5495
5582
4510
825
-1695
2834
-6810
309
-4377
-6681
8211
5187
-6319
-5437
5127
-9508
1287
3839
8944
6522
8445
-2750
9357
-3065
-2166
5116
-4840
697
-7162
7139
-3773
-3191
-7282
-6547
1447
-9338
-9979
-7759
2226
-6849
5213
7774
-5774
-5489
-6452
-9080
8599
-8061
311
-7136
-8155
-1218
-661
-5782
-4148
8012
7857
-2002
-7830
5159
-9513
3239
-9596
-3085
3715
3816
1309
1797
5236
-5821
-4991
2264
8466
4850
2687
-3687
-6828
5393
2244
-2830
-2878
-6568
8791
-7392
6626
1133
7292
1249
-2696
2902
-8268
-8368
-9761
9150
-5199
-6065
1109
708
3577
571
-6188
-4209
7517
3904
6987
8317
-1293
561
-6677
-9429
7125
2584
-7633
