3488
0
8268
5471
1146
1983
6579
8250
5938
480
6769
5160
6747
3849
940
2032
7380
3329
7373
6224
3265
1215
6899
2597
1231
2727
4451
8791
6003
7561
4009
5205
1071
1945
331
1023
3445
2129
5848
8598
7671
8703
9451
990
2596
6869
6923
5553
9181
2603
3900
2308
3617
4698
4224
8353
3390
4088
8542
8190
5478
3443
8900
442
8710
4175
1567
371
8559
7623
1466
925
9818
1685
1459
220
9966
1103
9478
8556
9410
4650
4126
5045
7137
6279
7472
5450
2472
4194
5457
6726
487
8225
9186
9752
3222
7010
9029
7768
6271
3522
2587
4963
3611
3654
8572
6454
9247
3101
3598
7794
9733
6220
4963
6388
5062
6478
7204
6540
190
2767
6946
7931
2683
6091
2985
9391
8114
7256
4074
9263
8904
2429
6361
3768
638
3068
3998
1233
581
1662
4383
9571
9963
7618
9058
37
1045
191
4312
7776
4759
8979
3069
528
8226
9740
7168
3179
9083
1754
9846
5749
2752
1349
8138
3053
1260
8224
1945
1118
6985
5823
10000
7425
4777
7684
1089
3551
1802
2027
9378
774
8121
6067
3196
8431
4339
6547
2887
3530
5664
1927
5998
4855
7262
2307
4188
1902
7355
8028
5295
2053
3049
272
9085
9145
3591
4987
947
3686
471
7185
4801
2480
3176
9374
8026
6228
5548
1638
6796
5469
288
9052
9992
4395
7211
5246
2723
7492
7245
4282
8058
6492
4923
4762
6467
322
3458
392
680
9272
9125
7482
2292
6373
3251
98
1809
764
5925
5213
9078
6000
539
5523
302
4028
9426
7645
3823
9148
4844
923
1826
8831
4701
3813
6405
6334
8581
4762
4830
5350
7203
6180
1040
9036
9029
7360
9065
294
5689
3591
8605
7823
5560
5231
7161
5360
1083
479
1398
2163
4498
1874
8088
4675
1719
7506
4995
4898
284
1586
6526
3739
4683
3457
7916
1094
7685
4875
7941
8298
1257
7239
5210
4967
9572
9095
5609
1894
43
4682
8844
6674
1533
6946
1542
1054
6128
2512
8171
2922
6885
9038
4247
9458
6369
3020
2545
108
6029
7870
4215
3159
7329
4123
5247
8573
2956
2696
5408
3649
2854
7639
3914
2874
1580
8037
1335
4143
3924
255
1770
3513
5415
8983
4237
1098
6244
3286
2952
7636
9821
4112
8348
111
9962
7608
3097
5682
4483
6379
2321
6866
914
5920
6496
2018
4929
749
2103
965
953
6954
3558
3599
9288
5477
1283
1386
909
3978
787
2554
8764
1371
382
4968
8126
3669
9364
2033
4927
1352
2287
6897
3608
7030
1822
8129
6168
4395
8521
5575
171
5894
9523
8573
8685
5860
2716
9656
5414
8718
3828
770
2728
299
3554
8175
3573
2200
5257
1382
4713
1510
388
5519
5947
4867
1107
2461
6933
5366
4730
8741
7610
4800
3398
3589
82
3754
55
5666
9986
4483
6484
6364
3241
75
1311
1544
4502
8002
6147
1903
9206
1519
3479
3992
2513
3662
3057
9666
451
8882
3992
4166
7432
9131
8870
4826
763
33
1396
2081
7375
9580
1346
321
9827
8235
3035
8439
7630
8224
4567
8249
5621
7983
3345
9531
184
8412
6984
6267
7052
6582
8385
2867
3482
9244
8829
4733
3552
1569
8132
4020
8666
5681
7099
2347
9379
3701
3197
6137
6181
3282
9408
101
2491
8776
4254
1440
1778
4357
4531
4591
7654
2288
7098
3646
7575
697
2424
3280
3661
9980
8032
6534
8444
1816
6674
1721
401
9274
7590
5401
775
7323
4638
4251
6769
5951
4762
3112
8601
7523
5474
150
7077
9172
8225
8925
8260
4375
9635
3741
9371
8547
1576
8236
3143
5614
4608
4409
6311
4960
6313
4420
5485
6592
805
9881
2290
2827
7289
7459
1022
2562
2932
4648
3794
3269
1170
2563
4236
3144
6069
4193
5371
2571
3416
1292
7340
9079
3709
635
2790
6270
6375
9184
2062
638
2151
4291
4821
4913
7881
4431
8753
3104
1022
5276
3743
6278
8256
9387
7904
5054
4229
8171
9485
3682
2664
1978
4969
3665
1693
8589
3102
6268
2675
3321
3374
1108
8540
3558
3207
996
4517
8820
913
3930
3185
8134
8165
4546
3454
5282
6790
5279
2832
9655
3759
5863
5295
9801
2580
6215
9834
5246
5278
868
7685
1856
7015
929
2625
510
7167
2300
479
3102
6932
5638
9677
8263
4139
6471
9468
9624
6274
6716
652
8678
8165
804
1698
4034
6215
6688
2358
9066
4589
3152
4640
5079
5181
6327
9113
2020
6851
1992
5227
9456
8675
6104
2355
6015
1089
3078
5037
6384
4508
8392
4999
539
3981
7357
9783
8312
1726
8050
9642
4317
6031
315
3030
1038
3600
2545
6272
697
740
690
1345
3099
4702
209
4027
4618
7813
1976
2896
9679
9897
5842
6791
8414
7375
2096
1963
714
4892
692
1732
6578
9078
2594
4198
1724
8835
7913
5840
974
6679
4165
9956
5330
3606
7268
5784
8512
3482
9984
9412
548
3063
7091
3611
3463
3312
5689
5304
7698
5839
4926
2710
1942
3628
2615
576
4482
6320
2749
299
8699
4647
59
5411
2545
1756
3085
1862
1542
7225
3747
4187
3425
9048
2789
8785
9992
437
1220
261
1137
7365
5715
7826
2901
1072
1742
327
9087
1343
3473
5239
7796
971
606
5694
7167
9294
8665
6011
6177
9272
7049
163
6008
3036
2034
5858
8796
2055
6731
2638
3022
9606
4103
4608
3995
492
6515
7531
4022
2121
9488
6328
4550
8336
9518
2127
2294
4313
2988
740
5245
8774
7823
8941
2430
6101
3602
2237
3890
1852
6555
5580
366
2971
6701
8225
7284
7868
1086
1828
7457
6358
3005
4103
4616
3233
9406
5300
8748
5922
9000
979
8608
7400
9676
4881
3132
3507
6332
7100
4239
321
9495
5529
7953
4800
2523
2220
405
5965
4564
9985
8873
4031
5149
8611
9782
1684
1330
6046
3000
8250
5865
7307
3308
6537
9921
854
2250
8764
2177
9465
3006
9443
4814
7629
8167
7068
4036
4475
5227
7989
7178
6548
5107
4372
3009
9783
7004
618
6952
1710
768
4843
7564
5529
2278
7068
9859
101
9078
2293
9911
8132
6485
452
273
6628
5231
9865
6431
2496
2365
6281
2059
9131
1610
8006
3858
606
368
4351
3342
8482
6722
1223
5907
7293
2836
9119
454
6667
1575
2609
0
1465
1726
4172
7556
6649
2410
1273
439
1410
5223
2976
2572
3635
3243
8803
4435
3755
8256
9920
304
3520
9080
9284
2233
6614
4467
5934
168
8093
2171
7900
6116
1105
5099
1056
4838
5447
686
8269
6630
5684
3486
7607
331
6610
3637
7761
5645
9915
5536
2589
1098
340
7355
331
9235
9688
9119
5342
7774
6673
942
3772
7349
3038
6375
6948
7720
5801
6494
4501
6205
4149
2494
7559
3203
2918
7803
3044
1579
1163
4657
117
425
6328
9663
7388
2492
3950
9808
9547
4712
9709
2421
8671
1889
7676
7713
7578
2715
4819
8841
6592
4113
1944
5357
5824
665
4203
8141
5628
7811
5038
9022
6288
1980
919
5924
4777
1124
9068
7746
468
2092
827
3089
4413
4853
6355
9047
1977
6933
3202
1084
8897
228
6921
5331
4426
2613
6359
9221
1172
1750
3982
9104
1019
8571
9404
7023
1154
4294
2263
5955
7050
4977
490
3609
551
3496
210
3476
6595
7173
5418
2955
3722
2899
1091
7312
2260
7593
6916
2387
4105
1543
2515
8222
1055
3108
15
6985
896
7547
1366
469
5620
3886
2449
3146
2742
5172
4784
4507
8640
3659
7747
7231
7416
89
1865
1201
1131
7251
2315
5490
6559
2452
875
697
7235
2783
4566
6282
2677
2672
1693
8095
7316
9620
465
4441
6186
3214
4127
1200
3467
2683
9737
4239
8530
927
2332
9694
8999
5749
3251
630
620
5469
8826
9225
1502
7833
8347
4769
7779
1708
9944
2478
3631
5898
3582
1833
8366
3470
8398
658
3492
1124
7902
3463
2408
2547
8841
2947
3356
8465
3390
4879
3358
6187
5738
9846
647
4339
759
7354
6814
3188
7318
8555
9850
1983
2226
6126
9844
293
6429
1046
9116
5963
8812
8134
4024
6456
7820
7603
1811
1049
1023
7439
6232
9515
4231
8037
4656
1216
6197
6389
5570
5876
8805
7529
8681
2188
8250
6025
2554
6838
4701
3966
367
460
1221
9772
3173
6068
5592
6950
4006
2010
4325
3818
862
5654
7186
7282
3733
6494
4797
7093
8468
9269
1051
6183
9805
7926
193
227
3416
4488
7539
9882
2456
9315
7540
8639
9166
949
3806
4719
6304
9239
3243
706
5549
8831
8095
1963
4532
9549
8922
2757
3903
6965
6964
2481
1146
5207
8165
6893
1439
1057
2522
5368
5767
3212
7198
9373
9837
695
3372
207
3231
1844
6756
8586
7605
683
3885
8181
9409
5853
874
9200
6160
7686
2943
8083
7732
597
1329
3182
773
2231
239
1088
7544
6198
2909
8458
1118
7314
7284
4266
7450
6887
4496
944
4684
4984
5474
5107
762
7654
504
8857
6936
88
7112
2946
6098
651
6966
45
8668
2889
9600
5918
9867
3384
1030
5929
3446
9182
443
1334
909
2469
8990
8224
9129
1305
7370
7845
9085
6913
9008
9296
2399
6039
7434
9079
9264
7404
7528
3100
7921
94
176
528
4817
8286
7323
6832
393
8314
6889
3613
2030
8962
9777
8521
108
5916
9453
1968
6594
8237
8845
3495
1596
5150
5366
3124
5963
5192
5474
5468
7489
7766
5394
1684
3730
4948
3936
2949
8394
1544
7093
9159
236
9689
7779
7228
8456
190
9149
1396
7841
3901
7494
2663
4973
1913
3484
445
331
3766
5865
5015
3825
4218
5549
9879
6268
1531
9600
8827
578
7750
3048
8404
7671
5711
5793
2732
6135
419
8649
1352
6299
8994
1691
6266
7211
3275
5738
1439
9505
2185
2485
1580
8231
4019
4318
8090
4000
7393
8933
2733
9780
751
117
8063
8604
4993
8001
9142
8415
1133
6844
8604
8233
3720
6251
3377
724
5073
971
1386
5313
281
4674
4899
4666
9850
8018
8712
5757
2428
9820
9354
2132
2953
2858
3168
7704
5929
2931
5741
6679
2881
7828
1926
9735
9068
5522
9276
9344
8341
7122
2047
334
9367
3942
5475
4248
3616
245
1990
563
127
3192
1711
2148
930
701
7886
3898
6273
9343
8768
1142
2682
4747
6885
9494
1805
3611
5391
2204
8473
2376
5143
1835
5054
38
6208
4595
8463
1942
4809
4291
332
4263
2890
3585
4644
1024
6140
5018
6833
2286
6187
6661
6293
804
3434
4856
6734
7404
7057
5133
4257
6759
8499
3219
3663
1662
6496
1544
9874
3854
2687
5178
3266
6525
8970
3487
6013
6442
7886
3819
2957
1099
1976
8407
1489
1202
7278
6898
2387
2816
6915
2823
9766
4329
8365
4468
5955
5808
8018
9407
2521
3072
9523
1638
5774
4283
8441
788
5082
3086
8180
7027
2383
6388
2497
4681
4973
1920
6238
8993
5235
2901
6625
6169
6562
2457
2323
3591
432
5305
4927
5928
3769
4882
523
108
5133
4627
3392
1815
9421
6609
5784
9102
4665
4752
6837
4018
3470
2364
2881
6729
4218
768
5056
9047
2739
7781
8860
6529
3743
1831
7640
7455
9888
3659
8198
3843
2297
4229
2862
3711
5883
3729
7901
8657
4211
1322
7398
525
9543
7756
8148
2939
5278
2786
8797
2658
5182
8348
963
7570
5637
8891
1437
202
2785
2758
3973
8155
7784
3561
6265
6297
9383
1320
4451
2515
1490
4317
1338
8042
8068
1108
5269
4563
4865
9019
4445
8528
3440
3868
6174
2038
5956
5244
3474
7783
6469
6807
8052
37
8073
2301
9606
3297
1443
4364
828
6456
7958
5693
2650
8377
9589
3512
7714
365
977
567
4918
4750
4504
4971
9469
5556
7050
9933
1517
642
1589
2299
387
2789
6059
191
2978
5921
4617
7236
1067
938
586
6729
1769
5982
2290
716
6770
6972
8914
4770
7777
1572
1599
3667
837
7501
3892
1696
827
2286
3714
9104
8555
9615
1254
3162
1378
1130
7979
6153
848
1477
612
9444
7227
2639
160
9052
7404
186
2691
5116
2343
3013
4027
936
4431
1271
8959
2388
4049
8336
779
4120
1681
9421
5156
4121
5491
4296
8274
7102
8480
1422
7418
7425
8666
685
3925
7667
8067
9059
5021
4226
7655
1944
4479
1498
2401
6115
1960
7528
6532
1552
5764
3365
6276
5399
3663
8477
493
5416
6393
5477
4362
9847
6091
528
5180
8898
7690
9293
9522
1885
4903
6058
131
4288
2459
1168
166
3880
8031
4358
9728
7976
8176
3615
2794
8232
9824
9706
6769
9546
8297
2066
9941
9765
1897
2655
9067
8628
8017
679
3002
5264
9602
6994
6260
6923
7648
3990
304
1242
3949
7962
6440
7304
1804
2335
6901
1054
5452
5644
4856
2353
17
6005
8647
9665
6353
8967
6842
119
2325
5056
3454
275
610
3307
477
3952
2446
1399
529
288
772
7823
9305
8640
4825
4845
7049
3021
5662
3783
3481
2202
3543
8971
4913
6690
1879
631
6164
8
4227
1745
4793
9324
4962
6940
7235
557
3928
2504
9060
3343
1904
1511
9639
4455
3711
9206
2014
1671
1080
9610
2046
6631
2796
4715
4576
1579
9211
3510
9558
5061
1940
7826
2702
6174
5003
1007
2268
843
6946
1062
6241
9637
9262
8340
8672
1284
1486
4008
5253
3730
3028
1225
4583
4859
3336
6406
8844
171
1615
6521
3070
67
9558
7431
100
3573
1684
4882
8771
4576
5341
313
5737
945
6453
2841
9206
2340
8949
6124
4157
13
4007
4311
3493
4923
4478
9682
6577
6017
7147
2084
6377
803
9792
579
4139
8963
6361
5427
1105
3468
7323
5684
4908
7313
5356
1097
739
3588
327
2247
6516
6175
2342
2171
2462
6106
4320
7696
7060
627
969
5533
9609
5723
3135
5282
593
6860
2412
9907
742
7284
4998
1735
1533
2666
2946
8024
1385
1270
5481
6080
3533
3310
3379
9333
9182
5666
2278
3013
6159
4032
3771
578
8726
1299
1875
7822
5770
8991
2411
3928
9643
2790
7968
8622
6204
985
9641
1289
7527
356
6469
1040
6659
869
3527
9234
9209
4556
2043
4019
9998
5620
3900
3828
6779
881
98
3864
417
8663
8810
1041
939
6069
2364
9353
8867
564
3699
5517
2102
5845
44
9603
9419
583
8697
9813
2834
1000
6704
7840
2041
8538
5363
2205
5874
4965
5021
4398
5893
6940
4367
8150
6279
7979
3269
1645
7121
7166
9797
3247
4897
974
2740
7534
7580
566
2507
9700
7414
6733
8963
6274
6495
6077
3200
7998
2556
5848
9584
5137
1166
1992
7568
8518
8250
2807
1252
6591
6433
5972
3895
1549
9662
5744
9328
259
4226
272
6978
5512
7179
1272
8660
4483
6854
7138
7651
7244
1233
9944
3602
219
9038
1478
2081
229
1787
1375
4057
5249
8380
2018
8133
3481
3682
6564
6508
4339
8473
8737
5658
9294
5596
9265
1461
9657
644
6969
2751
7911
3768
696
9001
5586
4566
8219
7798
2335
647
3550
3879
2575
3147
6641
2599
1380
2444
599
8097
4175
2247
8513
8847
4562
9295
8700
4313
7238
7377
5423
6539
8299
1074
5125
8537
3949
9239
4379
8757
5773
9477
8393
2246
8198
9511
3070
4566
3609
5174
2123
9882
6609
1386
134
3730
5985
8053
1624
7303
7591
2376
9227
9721
5247
4424
5331
6896
620
3966
7332
9991
9539
6135
1668
5235
8567
4582
4606
6434
4460
8196
66
9466
1503
4931
7981
8149
3327
1169
6722
8583
9299
3268
2789
865
3373
1065
4274
5353
6238
9888
102
3605
2562
8618
6045
7854
4925
9063
3146
6633
4007
9343
4063
8495
5969
2807
9145
7426
975
9774
7945
2679
9910
5376
4156
9501
7017
3282
5336
4132
9931
504
754
5837
7489
1827
761
4046
7269
2693
894
8307
6989
7093
3258
406
9650
8599
1477
2334
6797
3993
3331
4677
1203
678
9660
9789
7444
804
2514
891
8074
4176
304
3171
7964
9173
7520
5341
8541
5547
9511
613
5850
3532
697
3853
4638
3268
545
6496
6278
7725
7483
1640
7837
3510
5835
1395
2269
1341
6496
3594
1848
8605
7982
2677
4081
6630
8751
6271
5427
7436
5256
4174
8904
4199
9033
8885
4302
1221
706
722
838
5676
9731
796
5433
155
6218
2765
726
1631
2470
7413
5447
7549
1718
2288
4087
6954
5362
4011
9554
9428
4996
5963
2726
5195
2106
7241
6838
5034
9490
2943
7876
3124
7771
9357
7280
1988
6408
8553
5336
5958
6032
7461
5971
3661
5100
2893
7131
9605
5300
8279
6472
5749
7290
8513
4750
746
6212
5183
2360
4265
9288
246
7132
4525
1739
2405
5797
1126
6959
2383
4621
3031
6497
6309
772
300
5625
9943
461
3516
1453
9417
9095
9321
2253
9219
4165
6161
3106
5278
3471
7584
7487
2961
6154
315
3948
3987
189
5636
5464
3674
6255
471
1989
686
4185
2362
6354
3722
2028
9810
8035
4571
1014
3492
8969
7250
2230
366
8193
7877
498
1628
8835
6048
3168
2951
4572
2191
3116
4495
6279
7085
8555
2264
799
605
7217
8164
3755
7929
7729
350
7603
6921
5404
3617
3452
4101
32
9076
333
9016
4938
4364
7149
7906
9232
5859
175
8726
415
3768
7715
5321
9778
9335
8394
7663
1400
9562
6239
963
9866
4260
5028
4120
5089
2402
4434
2899
284
2007
949
2586
6392
3978
1015
7189
3377
2606
8736
6979
397
5244
1659
2311
8664
6358
3243
9223
3778
6508
547
4538
5198
5566
2533
5919
6592
4992
1284
6214
230
4429
1413
493
6530
2859
4021
9276
6696
923
2139
601
2948
992
3802
1391
8330
712
9341
5817
403
1763
3046
7776
9061
1544
4284
6941
7981
185
383
8808
5199
4316
4871
5136
2789
1792
8971
7215
8199
9060
1504
7963
1364
3377
9591
2098
6223
3564
8270
2247
7932
5489
672
9927
8294
6651
125
2739
7728
3600
4962
5676
8761
7704
27
9487
4622
6681
3212
2404
4109
6189
3041
9883
6479
4718
4928
5624
476
2201
7977
1483
8684
6989
8110
192
2298
8250
4485
5801
8455
8544
7673
1164
4697
1427
3710
1822
2722
3954
6617
5738
3670
7543
5983
5250
5358
6730
5827
902
2382
2017
5269
9669
761
5149
7023
2586
1227
2679
5905
9038
6905
2603
7087
9591
9298
5197
7326
9152
9575
402
1352
6129
7679
8748
9186
507
8375
6628
8030
9889
5155
9486
3712
49
5122
3212
5588
4557
1348
5984
3562
9487
3177
9771
8796
9986
741
8565
496
2256
3538
5868
4518
2071
3588
467
2062
4252
5723
1
388
5638
2814
4967
4732
2038
3889
9215
3025
9003
8173
4568
5230
6606
963
1947
3471
8998
4093
7778
5337
8949
5510
9129
5452
273
9468
124
859
1596
8142
4813
8955
104
3899
1597
679
9468
5253
7124
432
4468
7110
6662
3332
3492
3142
8249
451
5655
1654
9516
7121
6482
3164
7738
4574
4142
576
4744
2915
6634
9637
2077
5544
1920
4496
6738
628
3520
8793
3623
6080
4288
6482
2274
2320
6031
1274
6280
6243
1920
4627
4723
9724
5124
6100
2954
940
4558
9615
8603
4695
7928
5971
3230
637
1302
8313
610
7225
9260
74
5231
2064
4451
5227
5188
9514
3840
6967
8484
2329
8435
6716
206
9752
8607
7618
3751
7617
8958
8141
8231
5912
8289
7784
3092
1044
6973
8251
5608
1163
6817
3455
3044
9232
3188
8798
8530
2294
7946
17
5808
7245
5510
6166
3809
2749
111
3962
9391
7286
2292
5389
4994
6330
1695
6032
1608
3866
1665
6153
5683
7422
7172
4982
2326
9559
2221
6793
5104
2334
1662
6493
1951
1567
3514
3134
284
5385
9808
8893
1676
3134
2943
6673
4428
4485
4905
6739
5069
5327
6848
7887
7173
8394
7608
2440
7131
3740
1636
8579
6526
6377
3433
5361
8108
7209
1507
4422
9149
8634
104
6302
3401
6056
5153
5354
7962
4682
2811
4443
199
1019
1829
1753
5645
7348
2331
4765
1040
5801
1370
3227
7809
3762
4459
1645
8775
2089
8651
7087
9428
8611
6674
8767
1262
6391
4961
287
2598
9162
4653
9003
3929
581
2407
7254
4915
7964
1800
7431
6968
438
2215
1834
1199
7539
5099
4973
7618
2140
429
5403
908
2151
7725
1895
1953
6027
4069
9476
2319
9058
8457
3782
8752
4114
5776
2827
3853
2429
4845
6626
6803
4413
9281
6807
4383
4372
6512
2812
6063
8292
3362
6296
4536
5975
9939
9984
755
7588
3332
4059
3181
8617
1623
8197
609
7681
1739
4250
2323
5394
1471
255
2188
2557
3239
4234
6167
9642
5361
7333
4062
6241
1933
9592
8519
3672
9674
7392
9
5562
7341
5237
5842
6231
3706
6993
6810
3732
1716
2320
6186
3502
331
7752
8776
2464
79
8209
4623
2569
1343
852
8408
1159
5259
646
8099
9524
9229
9376
7511
426
3918
3217
198
1069
4734
7379
5715
7836
7688
4874
5592
9819
5924
7762
2930
7022
3172
5068
5133
9179
4860
7768
7328
5918
7595
4886
3521
4221
1341
8978
1029
1235
8772
5932
5478
961
1240
1204
7198
7358
6471
8408
1325
6520
1431
2315
3872
9839
323
