8583
0
8613
9909
8052
4858
2134
1897
4482
9654
3437
2835
5041
4518
4349
7680
3335
9132
3293
1445
5233
602
2777
752
6299
8054
2903
5060
1100
9418
5696
6426
2486
421
5676
5856
2458
6321
6535
5877
7696
3076
4586
9082
9119
6541
7273
9098
6571
2779
4950
7826
128
4962
326
7482
4692
318
8083
8933
4643
5384
6538
5873
9817
7138
3152
314
1782
3814
3340
1283
550
6649
6944
7436
3340
6758
7172
7917
4356
3255
9913
4205
8825
4110
1221
4219
1966
5199
9358
9722
7963
4815
5855
4174
5681
5790
9986
1372
5301
2256
9319
3513
6304
2695
7208
1283
3394
476
338
711
7632
3977
6023
7228
8818
9777
9161
199
1477
5250
1845
8690
8226
7713
2387
3270
9245
3271
2832
6628
4333
5790
9204
3475
5914
4464
4947
6121
1009
4037
4047
2964
3694
4508
8157
2826
5750
3047
8317
6003
5303
4427
3266
3635
5253
7002
2652
6973
2670
874
3514
8342
2456
2558
8993
6889
6893
7112
5528
5699
5623
2677
8203
4641
2825
9199
7336
5003
3023
8102
62
5361
3751
8212
7047
2723
7512
5092
8793
5244
9933
8293
7719
5358
9902
1458
4515
7927
863
5338
3587
9544
9246
2089
9215
8828
5660
4967
9973
6783
3418
8121
3927
6151
4071
2379
3223
3203
8480
1
7562
2343
1446
8155
9310
5698
5950
6651
98
1673
4524
5891
595
7239
5979
6327
9582
3644
6564
3698
2636
3709
7485
5318
8759
8751
5225
240
4421
1168
6843
1291
6779
1193
8337
5798
6295
8948
8522
7372
2389
8370
737
7946
4803
5815
7844
9589
385
2813
770
6506
4220
6269
1253
3912
7894
1465
7553
1119
9874
9997
401
3533
2274
8604
9008
8854
9023
6088
5812
5481
6727
5212
3959
5529
8546
9841
3444
6851
8905
7565
5980
8330
4857
6489
6732
5331
22
724
7949
9707
1003
9312
8101
3325
8508
1325
3185
1255
7817
3130
4884
9418
5832
8984
2950
907
7342
1678
6704
1310
1756
8622
8141
8039
3348
7822
7775
8080
8896
170
1648
4202
1923
5454
5725
5141
6535
1926
7274
9377
16
1957
3134
9021
1206
8725
7988
6431
3729
3127
3202
6172
1505
3485
7472
1004
2740
8854
2689
6309
3713
7832
2673
8566
1061
6926
6642
9628
1213
6315
2243
5965
835
7317
7767
4270
696
9976
5580
5009
703
3471
4608
5938
4559
4497
9335
8986
8319
6013
2265
8763
8090
8065
1076
293
7521
2756
18
8324
2330
4348
7014
6928
7074
4238
8354
8684
3215
9896
6945
2750
3412
7328
5639
9882
6215
2520
7634
3615
9962
1132
3067
4014
8436
6759
1751
7117
9694
8383
8680
6400
1963
7902
4954
8823
240
7779
8071
6138
5885
5268
7837
7533
5712
7417
6330
3481
4445
767
6809
5251
8347
3029
3321
1793
1308
8878
9030
4642
3115
9486
7407
9060
8729
3604
2791
2326
1532
7068
1477
6557
2890
992
255
2351
429
4384
5681
4353
7130
2211
460
6595
2952
8317
5291
3022
5301
7337
8811
8766
9857
9574
91
219
5166
9342
9914
168
8579
5547
9758
3678
1002
1716
9525
6666
119
1829
3485
9302
1482
3446
8040
2827
82
6840
6832
2289
8775
4611
6435
709
3400
6089
3066
6661
1907
8698
9635
859
7480
8350
1751
8528
1769
6486
4955
6513
5930
8265
5494
9344
6113
3060
3176
2832
2517
9321
6393
4106
8471
1559
6556
6419
6254
8465
4179
8086
3298
6537
2142
846
7881
3747
4709
6087
4837
8209
6482
3673
1718
9671
9716
6008
5894
1034
8828
1523
9866
2157
8233
1667
78
7967
246
56
167
5405
8676
1924
7160
9845
6049
7936
533
6122
2177
5319
2259
9034
1805
135
6143
7188
8614
7456
5952
4519
2095
8422
9817
5375
5036
5198
7825
6452
4746
9047
8837
5049
183
5433
1623
9613
7270
2841
1914
6054
6120
8675
740
2493
7094
8341
2466
9388
53
524
4170
221
7052
4809
6649
1512
5712
2727
7331
6764
9481
7467
2972
2375
1535
2329
5691
9090
9256
3735
5133
4799
867
462
2542
761
745
7544
7861
684
9596
4249
4987
8989
6312
9720
2071
476
9269
2810
3397
9448
7246
8404
3297
1776
4326
1189
5407
9122
8645
8014
6892
298
7525
5777
1870
838
3344
9160
2622
4907
6571
3929
9814
8338
633
5818
5761
8795
2141
1753
9133
6792
5674
9550
9773
5313
552
3656
5354
8401
8794
4313
1989
9795
7652
9392
4876
8383
8776
8389
9873
4466
7555
874
6720
1415
5935
3931
6073
2256
5690
3373
6246
5158
4435
4964
7304
8618
8530
5031
4617
7857
6441
4641
6502
8183
6342
128
396
2465
213
7979
5854
8584
9879
4649
1088
7578
352
1390
1562
1481
4421
5693
1380
8779
4409
5021
646
3487
9883
2955
2056
5457
4112
4973
5841
299
2685
7962
5873
1788
3929
5962
7366
1747
7916
4072
7386
4302
4934
8556
1315
6501
859
1207
2986
884
2556
882
1411
7296
3363
8506
6756
598
8130
9737
4875
4090
8205
4736
4115
7883
3450
2402
6732
2550
9553
5476
1943
4045
5360
7747
9751
8645
258
7158
9496
4780
9967
9736
5362
6819
7195
8225
4802
3115
7253
1017
7219
2949
106
9284
9889
7637
3817
9798
2473
5551
2570
1350
7701
2833
244
4904
3805
7389
687
9669
1922
53
6708
9432
6934
9796
1698
3327
2328
159
6994
3403
5678
9708
9482
9969
208
7318
8013
7147
7355
7750
2831
672
3582
3529
1257
221
4410
8115
41
6480
648
5784
9318
7208
9435
6280
7598
9692
8996
2758
2311
2350
7970
7914
1505
4841
4191
7464
6422
8175
3499
9745
3008
296
8915
9057
6055
8480
3877
9345
844
2791
7427
8023
2437
7287
1216
651
3286
8684
553
7898
2465
1219
2110
9473
2615
397
6090
506
7365
9262
3604
3042
5955
4014
5364
2700
4669
5563
7743
1014
8467
9208
6511
6506
2409
4381
3602
4780
752
4217
8860
28
5923
8086
2737
1339
6817
2867
3489
8041
1111
9258
8663
7628
9435
9215
6483
5590
6925
9662
9696
7487
7253
4533
8010
4680
9756
6251
4221
6212
8949
1941
5894
1482
2317
5173
7082
3904
6829
6623
8702
7176
604
9685
4887
4478
6116
8672
5024
9017
3760
5867
9612
8749
4749
6841
7231
2528
3872
5350
3278
3403
8416
5463
3923
1243
3572
8112
5947
6839
1676
4455
9213
2528
6201
5263
3632
7666
9905
8193
8742
7633
6676
5861
2116
4958
4817
943
9585
8111
6064
2030
7530
7099
5045
4528
1705
5796
6865
6329
4939
6219
1252
1775
9492
2116
3082
6068
6980
2822
4491
8496
6694
1564
609
6019
2693
4308
9961
6670
1850
2126
8265
7265
8065
8063
1950
3494
3276
2768
1541
5853
9406
143
2341
1153
5428
119
1763
503
5176
6779
4378
6104
6932
3479
9094
3810
2301
9603
1046
3701
2373
6069
2415
7489
762
9673
1260
3564
4130
8082
5840
8051
8914
7516
3199
114
613
6574
1605
3174
2352
175
3105
5859
5093
5369
6698
5711
9257
3626
1618
943
82
2405
3902
1844
3627
6565
4506
1705
2420
4577
8903
748
1645
1240
6819
3614
4511
6015
7635
9040
4239
1058
7873
5687
4422
3769
4562
5651
3745
6974
4827
3729
314
1904
6538
9917
6377
9033
5038
818
180
2033
6986
5968
6618
8449
3694
717
1497
6001
1294
8524
8501
3133
7001
7957
5625
6523
8948
3797
7141
1754
2692
4701
2586
10000
377
2136
44
2449
1845
7347
1593
4338
5652
9506
5551
3311
4160
3522
6039
1395
4306
5527
8479
5245
7966
4456
5174
4012
8843
2114
15
5093
4513
5978
9851
6452
3642
5496
1358
3974
7012
4938
3420
2091
5220
6059
8941
7204
5201
2497
7802
2113
6405
4556
9414
2871
6282
1965
3804
576
551
1307
2509
7094
1491
352
1069
7143
9537
5415
5208
9429
7599
6492
4256
2821
1169
1280
8996
597
42
9955
5017
282
2700
3781
2040
8941
2219
1355
9226
3731
5370
449
4967
6212
4662
9889
2841
2833
4331
9883
2231
2826
6542
8229
2198
595
8689
2915
8733
9400
4744
5294
9946
2660
1293
7504
8031
3910
1291
376
1993
1417
2919
3641
1523
1537
6899
5472
5819
36
4
279
5768
6047
9447
2007
6438
8139
286
8524
9631
8118
7335
9161
3211
2104
149
5275
7091
1279
3863
1435
4304
6654
3126
5724
1324
7340
5917
7814
2943
1318
6973
4746
9803
4708
2451
2637
6254
1281
4731
7841
3662
6422
8045
9703
983
1277
5957
905
5644
2400
1301
1077
1859
4438
8786
8753
4639
4299
6245
4370
1996
9277
9229
7545
6564
514
2756
9646
7614
9734
1686
1673
6212
3228
1195
5184
177
7286
822
5314
2577
4517
3914
4832
7009
2406
2315
3579
2139
9346
5688
3007
8103
530
4429
9711
4936
428
391
2876
2323
731
5548
1659
2914
4032
1507
6755
361
5755
7371
5494
822
8396
6836
9142
5753
7054
1349
8537
812
1843
1125
5748
33
9032
8911
5423
4362
1989
139
639
5232
6334
2405
309
8749
1415
6796
7737
3806
3565
1719
6973
4980
4010
1348
1219
2197
9406
1855
7145
9207
7481
9268
3395
5093
2126
99
1919
6833
9870
918
4655
7294
7082
950
2232
334
2960
5860
532
2466
5388
2919
1863
2906
188
8994
3730
7757
3791
6893
4343
5031
5218
2860
7938
9002
8591
4759
4563
3354
3978
8186
2325
2778
9187
9908
1842
4567
6540
8905
8451
5075
4597
4502
801
7081
8317
4101
1194
1324
8595
4344
3148
6276
708
3084
3395
9750
3010
4183
683
4327
1910
5324
2657
2515
4946
4349
8410
8844
5154
793
171
5474
1326
8205
9372
4790
4238
9518
137
4822
9674
2518
6312
3900
9954
9633
692
6152
5994
5908
2731
5293
785
8125
4184
8225
3843
4811
6364
1087
96
1780
1861
3532
1186
5035
7209
551
2397
5897
702
8488
9763
662
948
5159
5228
3263
3426
4089
6663
3923
6604
2994
1616
4032
9494
3701
4059
8825
3090
5584
8797
6515
4272
9427
1798
466
465
787
2041
2655
4735
1177
7465
9652
5148
3790
1249
9216
5404
9632
4067
249
7075
4428
9957
8746
8798
5921
1168
4060
6755
11
6221
7349
2278
2680
8898
2796
4042
1880
1797
3957
6067
3782
7461
916
8450
4930
5749
5887
7154
9195
466
8338
9002
3805
2649
5060
6295
6218
1160
5931
1098
7321
5369
7829
2677
2582
8941
8982
4848
9136
796
7262
8379
6619
9814
7188
1959
1756
8737
960
3821
593
3507
1630
1850
8601
759
7704
9828
8954
4752
5557
3722
2977
9476
3604
87
9524
555
3889
8418
5060
1200
9227
6028
3763
4902
1408
2861
689
9615
4598
2584
7267
9485
391
2617
9259
621
9481
4451
5294
1291
8810
4822
8223
2953
7738
4550
3700
8586
6219
6538
5143
1540
810
5526
5617
544
1341
6412
4502
1612
5763
5586
7750
4892
2867
2380
3925
2519
1039
879
1155
2303
8286
9333
2375
3829
7747
5934
4184
3388
6641
8601
5889
2727
2708
625
1451
6064
2963
2209
4394
2151
6429
8292
4497
9098
2654
9415
3579
2003
850
4247
7047
8346
9927
558
2871
6827
6745
5389
8901
8703
5595
9246
7401
7843
4516
4933
7732
5903
9724
8815
8154
1934
4634
9064
3136
2103
7701
6371
6203
9704
944
3317
3552
2239
5030
5034
8385
7121
2703
110
9118
6341
6885
3003
8415
9267
792
8728
5634
8439
2162
2429
1
9331
7820
1960
4644
3898
6715
6289
1820
8568
7134
3176
4674
7297
6335
6529
1855
5384
8293
2405
4438
487
3744
5390
4384
692
9457
8664
3788
9571
3107
6524
3589
2496
6188
6863
6860
2816
7041
9643
88
9302
9893
9414
4469
3070
3925
6459
6446
234
5506
3300
301
560
7742
5480
8001
368
3853
8171
4616
8719
7187
4489
3236
3765
2801
9213
842
2625
9276
7470
1387
223
1885
7578
2604
670
351
7136
1466
6260
4414
5269
2604
5395
554
9013
3849
5531
6481
3769
7899
4920
5781
950
9272
6409
6982
7858
1068
3127
9384
5096
3052
4997
8828
7616
6808
3882
4572
2778
2934
6315
4316
9129
654
3602
8775
9306
3554
4759
1357
2391
3393
4840
9996
4683
5811
2029
3371
2015
1905
5015
4352
6403
4020
2651
430
1214
3726
9362
8892
4831
9411
7564
8527
1533
6987
3527
3175
6132
2257
8436
3952
9780
4046
217
1710
4621
2736
207
1943
5328
2316
5797
5982
3136
9095
752
3475
7090
699
8782
1332
8072
2169
6924
4208
7905
9941
70
9227
2884
5141
9516
785
9837
3823
8563
5340
2210
9849
9865
1098
68
4836
7125
2687
376
5552
3951
2925
9067
9449
2445
8941
6159
7319
2743
4585
1323
8396
9849
6413
7786
9852
6897
4101
2507
5741
3349
7920
9319
1112
9871
1387
3498
9949
6425
2843
8360
2101
7982
1783
6620
1786
7988
1189
4314
1820
203
5697
4317
9389
9186
2063
9642
9927
9994
196
2712
4150
6768
5008
1280
7537
3176
7909
9058
3965
8003
9472
6192
5073
3643
4386
2202
9825
9581
2696
9705
462
5371
3045
8827
2920
9807
320
5270
8372
9378
8845
9477
7829
4624
9794
465
7070
6018
906
8360
4735
4226
6715
1589
930
6910
187
3578
538
6035
9934
612
7186
5467
6673
1441
8659
1079
6721
833
2097
5626
4683
5942
6688
4427
3468
6611
7145
6815
6366
6491
6332
1103
6697
5868
6943
1547
834
8840
8491
3417
6430
8440
5987
4255
6758
3379
9122
7761
9093
5770
5028
6045
3941
7857
8786
1363
5402
4395
6080
9615
124
5141
4734
6967
1374
658
8780
7880
6165
9431
2979
9724
2062
3187
8619
3550
4096
3594
162
938
1058
3226
6397
5724
1685
7375
492
7791
6236
2460
9478
1350
3942
5943
6093
549
7274
7955
5183
8572
3484
2894
8935
7662
8774
9607
336
3846
763
8950
9827
2572
8223
5047
9819
2844
1875
5923
2653
6929
7508
5037
4701
9754
9253
7794
4511
6933
587
5554
7602
7331
7966
3056
4141
2975
6819
9441
3744
7176
7519
8043
6364
1063
302
4418
9459
6372
5544
7922
8978
7673
7828
771
6607
9870
4841
7889
1199
3165
609
8042
6337
2017
3601
4700
2132
5263
8938
1847
8417
5595
9085
4150
2357
3547
4357
2259
4336
2440
8852
948
1630
5283
8300
3838
5945
2769
6577
3795
5164
2121
197
9912
3917
8503
3131
2270
9184
4795
1933
8635
5238
7222
8613
3175
2390
3517
2175
5334
3735
2293
5836
5905
6584
3791
8614
2199
361
4787
8682
8125
8479
9004
5664
8277
594
1168
8804
7725
9428
2264
7331
5938
8815
7983
7349
3933
2383
7447
9221
3226
2298
1614
9255
8493
3400
6779
6477
224
3178
9083
7259
2936
7191
6631
8137
6140
8997
4480
2763
4165
7847
2927
431
4772
4574
9758
8919
4845
3246
2820
6606
8533
1497
6171
3578
2021
9421
5899
4132
2343
654
3218
5789
7272
7447
5528
9813
8145
4475
7207
5895
5917
6599
4536
2335
8257
3023
6159
8270
7948
1495
2165
8168
2258
2092
1274
4083
3976
8250
4353
6888
465
7522
7620
9511
5531
9209
2825
9395
7954
1755
3370
4488
1669
8629
2985
9276
2509
3200
4767
8435
9500
9569
9062
6851
8812
7459
9419
1190
2895
4080
8962
3574
5737
6358
6371
3375
7563
9485
3232
986
5717
4208
4146
2592
9130
9647
9490
1914
4933
9597
3238
1687
1547
6117
4303
1009
1544
2018
8049
5117
6729
2034
5414
9226
2807
4802
4699
7430
9325
9206
152
7498
5200
8631
5228
5875
7229
9121
5343
3683
8680
9444
2428
146
2615
5942
3176
5316
9994
8462
3378
4819
2885
7513
9317
822
7183
9145
7804
1401
8280
6012
5024
6075
9131
7860
6643
709
1415
752
9511
3993
1032
4494
1741
9865
4603
920
1349
118
4548
7753
750
5225
1214
7159
7884
3354
8692
249
7047
1782
8140
1960
6600
6686
6860
3165
7943
7983
2115
2403
816
3363
71
4833
2632
3071
1058
5988
1563
8094
356
140
923
8679
1142
7318
3686
8226
321
7245
5534
2978
5808
1136
5490
7734
4725
4890
3183
4759
2260
1493
8494
12
9684
8071
5459
791
7414
7062
8894
9697
6172
7730
9179
2670
9749
4657
6975
1366
1
3181
2200
8679
1855
1568
5739
4029
6881
5503
2542
4908
8302
102
1008
3933
4195
8096
8630
1834
9617
8565
1383
4775
6150
6448
2907
3530
8456
5574
4739
299
3477
8846
5789
5145
7028
8330
7584
7191
8943
1199
1717
3329
1185
4528
9078
2071
2467
2649
357
31
4248
4200
9798
2206
9703
6250
5743
4764
6252
3782
4480
6035
7462
5309
2443
8743
8833
2567
2953
2548
677
1126
413
9763
4249
997
8674
5280
1724
8726
3262
3774
2477
7378
3617
1297
708
5828
8214
1340
8109
7009
8381
9711
8010
7587
3225
6665
1536
3033
9122
7443
3919
8709
2603
145
6974
7193
1889
5979
9967
3139
5630
1009
3453
4015
8928
5372
8187
3537
3581
8426
4272
4250
2471
1494
9142
8610
7945
6016
9580
8824
4328
2303
1993
6326
338
9798
4946
1675
2335
6024
1679
92
318
5975
4611
4615
121
5601
8635
2658
7715
9315
7410
3385
6354
9755
4518
6433
956
8037
3178
8719
8361
2953
8530
1455
6308
5576
7318
1825
4995
7319
2368
5382
6766
3454
869
4801
6137
53
9936
2052
7447
5241
8383
1076
5369
4532
2232
6388
2452
5499
1740
8766
6227
4041
9003
7375
5816
3923
82
9554
8881
117
9836
6824
5625
5999
5773
7332
4120
9151
2425
1406
6886
9815
4215
2215
4105
7057
4604
6182
1794
3404
6369
1696
8526
3898
5948
1279
8763
2229
3425
8358
7859
9811
5470
3606
1954
9908
8046
7621
660
9804
9728
9550
259
6917
4254
7851
4270
8685
7274
5368
5262
1232
1040
5077
4593
3263
6116
4614
1873
5597
6507
4893
8480
3512
7955
2036
7928
5309
7439
2043
7389
9870
4456
3264
4128
4741
6
2782
8642
3173
7592
7108
2345
5092
2814
6457
3596
8678
1265
8742
2621
6825
5389
4702
7992
6142
8151
2129
4569
844
3383
5822
2740
9680
8375
4659
4660
8702
1382
5403
4063
5441
2434
1253
5505
1589
605
4922
3137
9690
214
97
3148
4666
8986
8027
5703
7526
829
2127
6739
4416
9124
7508
5148
4912
6258
1206
6961
4336
5361
6615
8377
6378
5572
436
9282
4195
6707
2656
7579
7557
1241
7206
4913
7843
5365
3717
63
4443
7724
8064
3703
9573
9127
9950
2186
8925
7338
5336
6546
1268
930
742
2379
9384
1931
5698
9668
3940
310
2405
3797
9374
2848
1500
2004
9604
6169
4649
6217
7962
8412
3116
4395
8735
9941
3468
8360
4489
6303
2246
5010
6787
9899
4605
4450
591
3231
7213
1710
9647
5719
8065
2402
8015
8091
2993
1833
5009
8264
8286
3534
3308
2007
8885
915
9470
2746
6641
523
2613
2595
8988
8814
8339
5018
1904
1423
1961
312
4466
8167
4986
9501
8964
7414
6631
2250
4420
5078
4908
1718
6675
5404
6794
6287
6305
1795
980
4926
4838
8351
5061
8398
7544
2514
767
4674
3790
3520
1642
1841
3916
3287
9113
8082
3456
1464
3127
4550
6790
1503
3230
504
521
1932
5531
4865
1202
7537
3085
1188
7774
9304
8773
7353
7459
6621
6246
9353
2566
823
1436
4958
9975
8126
6153
3372
4802
9689
3223
4240
7620
2979
4818
5975
8959
8833
494
7904
1225
4898
3020
6342
9828
1653
2963
3507
609
2657
7174
7108
5648
8983
8206
1835
7888
7678
5964
9564
9792
168
9129
506
7828
385
6650
755
9867
9303
8618
8082
2339
4402
5438
3275
7107
5493
1257
758
8500
7661
7701
1414
7058
5265
2674
7756
9224
7350
6281
7511
2894
1903
6221
9679
1756
8153
9829
5701
4813
1051
4137
9645
7231
9651
7252
3087
3585
2600
553
5093
1671
3720
5330
5832
2210
6236
5766
6704
1723
2232
8350
2721
2572
7975
3432
6158
8924
5638
315
3356
740
443
5823
2131
5329
5550
6844
7438
773
5934
7307
5121
7439
1170
916
7152
3687
3187
9072
7885
6557
1562
2201
9263
1176
7785
7260
698
840
6728
2023
6929
3562
8200
9449
5910
9974
1590
1851
7282
1691
1184
5507
2836
2084
7736
6104
2925
9287
8489
4917
7874
4238
5169
3513
9994
8373
7578
2849
6601
5541
6330
7385
7592
3124
838
4601
8803
5425
1788
9199
9921
5972
3814
3141
5298
4458
1823
5330
1359
4009
4136
778
4503
3059
5252
7621
7596
7548
9943
5288
6009
8021
3854
2325
8298
6924
5625
1626
3464
1763
2307
1587
6718
4798
5401
9241
7931
4706
4841
6228
8453
6339
5857
8794
9118
4163
4787
8920
1266
6428
8123
192
2162
9571
1936
4202
3835
1327
7552
9190
555
9402
9008
9166
6296
1910
1883
5086
105
4993
119
8759
1806
4986
3303
5853
3553
4942
5670
678
7391
8660
1466
251
3200
8751
5378
421
7326
5547
3872
4390
2614
1587
7142
5550
2005
5706
8313
7529
7864
4668
6719
4881
3503
6813
2376
7769
5939
5575
4520
103
7625
1025
6196
4840
8552
7468
4731
7593
2098
9989
6427
8078
240
7919
4290
5265
9278
1425
7381
7658
4450
7916
5923
9239
897
2986
3355
9048
8998
8249
7882
2859
4447
4354
4737
9495
4581
7802
8144
4725
7289
1728
4577
504
3684
880
7795
9798
6892
5330
5015
8717
3694
5701
6514
6745
7654
9549
4558
2300
581
4393
9000
3133
7574
8712
6421
1588
8864
6710
2495
9172
6122
3537
2582
5360
3735
8912
3111
3045
406
6284
1071
5775
5948
1994
4535
2370
8670
7601
91
3860
3675
6329
6863
1850
2419
5973
7885
435
8405
7943
4025
5256
5980
5245
6655
2836
433
2796
6573
8556
5652
5635
9892
8688
5766
5384
7900
303
1624
2324
5605
2426
8269
3736
1921
9596
201
436
2036
9974
3455
2279
7376
3399
3153
9222
1261
2671
3006
9400
5537
703
3392
3355
3079
6464
2803
8296
785
8982
5495
1121
5307
3720
1951
3433
8613
1568
5867
1322
8581
1676
3677
754
702
2303
4700
6645
1823
3414
4458
7284
2245
2861
7930
9363
7451
3308
1093
7256
9684
175
1164
4584
4158
6187
3255
308
1884
3930
9407
3884
754
8526
7677
1074
7927
6881
8177
4984
2911
7583
4816
9186
2980
1949
1976
6835
318
2150
3043
280
3664
9360
4881
6378
6440
7998
456
2682
1086
9375
2057
9156
8922
8612
3890
8669
4342
3954
8076
1453
7918
1399
5380
6938
1541
6288
5965
5951
5684
5490
846
1532
1967
9397
9493
5348
2008
937
5849
5418
2832
5128
6273
2801
325
7510
4266
430
7101
5665
4422
7
7436
3624
9901
4601
9149
3030
4253
7217
6439
4934
1081
321
6306
1614
7503
2207
934
7701
6820
9184
5980
2838
9618
8110
6675
6880
7754
7704
5182
6161
8599
4680
339
5508
3097
4889
8941
1700
7148
9572
7023
548
1845
5858
1364
6094
9730
9298
9143
4084
3504
8061
2948
7339
6113
3061
4885
6883
9503
1600
4721
3600
4645
7993
6331
2709
9300
84
3121
1978
5825
6741
8742
4983
456
9418
9083
2999
2094
1023
3054
319
2358
8450
763
2648
2665
9947
1186
5632
6649
1566
9627
7904
6856
7920
8743
9282
1122
8450
3534
4027
4227
1098
7588
8395
4003
8170
5238
1890
9518
6931
625
7712
1942
4120
3860
4099
933
6621
9809
4066
9114
962
3632
147
3722
1973
1815
7308
5216
1341
6582
5852
7612
9123
9476
223
2360
2218
3807
2342
9299
7569
8720
3596
5219
3376
266
6604
2624
7207
1960
5909
1915
9737
9621
5419
6528
7834
1735
8127
5696
9153
9755
9755
5579
8715
9367
8562
2509
3151
7464
9082
1342
497
8537
5128
5060
5486
180
1601
2684
3877
7181
2525
1835
7726
5523
2120
2233
3552
1094
7220
1759
4944
8979
5334
1753
5203
6722
3430
2331
1679
7964
8134
4830
934
6032
5371
3780
7162
1595
3442
162
7211
2305
1983
3021
7139
2522
3147
8425
8665
1799
8641
3992
6097
2809
3575
597
9091
8718
3101
6792
6471
6104
178
8183
7016
8519
3591
6257
9043
1698
7857
3784
4892
2101
303
6022
5694
1656
9320
2459
7610
3743
9550
817
7679
5842
4434
2115
9098
3955
1578
1308
9456
5465
9416
8623
3580
252
8030
6638
1889
4063
2930
3306
347
2462
5632
841
6846
7482
9597
8879
3192
5519
2684
6898
6936
5636
2162
7818
2051
7657
6677
6392
6372
68
3645
5335
8758
1030
9131
9163
258
211
4673
8094
3449
6245
8746
5867
6809
1191
5060
5415
5730
2268
3634
9047
5878
7727
4551
7891
7382
4952
9543
8966
7747
6974
7032
5664
6219
7171
4842
3875
8495
2093
1426
5780
2800
3424
7316
8001
9791
754
3499
2735
5141
6432
8384
768
5559
3692
5078
8199
1115
2878
9690
3343
105
1171
6636
1432
2729
4661
9199
8350
1390
1014
4283
3474
9862
834
6058
5041
6082
8288
5604
7043
8078
6922
6907
5544
8701
5996
4425
8856
5143
7568
5821
8290
2129
9363
935
2544
8225
6191
559
3588
4632
1312
5881
3497
2924
9351
8128
3119
5755
7710
5341
65
2203
3103
6540
6022
2468
6806
8566
3234
6240
2117
5390
472
8735
9875
4896
2913
8312
1255
7206
2129
60
6621
1537
554
9506
9377
3841
7531
3891
2545
4009
6543
5211
8826
1572
7657
3936
8002
7812
5209
1908
1597
631
3632
6662
1784
8575
1520
7920
6973
5250
1759
9681
7429
7638
7592
7368
1007
6228
5423
7210
1745
5296
8339
9365
3684
935
7980
5328
9803
6326
6601
9261
7796
5199
6376
7457
1109
4193
8260
3598
5325
2836
2650
3723
6381
292
3560
1634
624
1307
3054
2138
3976
6520
6934
302
5753
714
3927
3111
2582
6140
5738
1540
4918
7206
8922
1277
524
7486
1204
3904
308
3085
8301
405
9467
8342
7723
8772
6746
1318
2692
6281
5083
5154
6961
1510
9766
8631
1783
3768
711
789
4550
4149
1707
8482
5929
764
3699
9385
905
4418
8752
6376
1685
5604
4756
8167
8196
8143
5358
4951
7680
3673
2932
8952
7441
624
2748
7898
1005
7001
5214
3813
3166
560
9416
5570
358
491
6657
7922
362
8973
6958
7493
5926
9238
1293
635
3167
9815
3579
282
5710
3049
8016
8360
6906
1494
9300
6551
5675
4802
7043
3015
2718
4114
9790
8341
9772
4519
9608
5364
8042
2903
7640
8275
6258
5827
2565
4332
140
3201
2932
5177
91
1541
5014
6546
9197
2141
2819
6545
9873
6118
361
4978
6876
1857
5610
8239
7956
9448
3222
3233
938
5604
2596
888
3141
8480
9793
4080
8463
405
9232
9984
6684
4107
5197
9108
986
3625
3053
2024
1944
3771
5652
5300
3747
1494
9323
307
2056
2889
1664
9848
6482
1005
9962
635
4003
3198
6095
4349
6075
49
6672
2507
6561
4649
3049
5478
5097
216
7456
7408
146
7487
9762
8952
7619
5490
3757
6473
3858
4316
2714
7065
9982
6285
8104
2211
8539
8137
2648
9548
9841
1381
7243
4341
4169
6324
6218
4264
839
2475
9145
7272
4257
5507
3300
7641
2155
5264
1955
7117
8644
9834
5966
3671
5679
1118
7469
4387
9531
9589
8033
1875
7984
7492
9953
2330
9123
5145
4201
8268
8768
4300
7746
6061
4959
111
9614
7826
4242
1491
5799
6645
7373
146
1084
6950
4031
6441
6509
172
6301
6374
2725
3701
6245
9969
3740
6610
4602
3444
5071
1885
216
3308
8857
9325
3867
4954
1403
6355
8232
9692
7181
9671
3829
7269
8000
1562
9026
8429
5685
1206
1164
4824
2812
8479
8544
5158
8609
3333
2951
6925
7155
4227
7821
4683
6741
2785
5775
7822
3375
8104
2593
262
7878
6554
7052
5709
9295
9775
7819
2430
292
4139
9943
7381
1655
7996
6817
2320
8899
6655
2455
6706
3071
545
1895
1814
5856
3803
4451
2317
3268
4592
3668
723
9490
4437
3724
7800
6153
2513
8808
3729
6187
1303
5678
6343
5340
4111
6390
1201
5317
9279
8303
8770
2259
4463
7819
482
8992
5149
2079
4702
6273
1770
6955
6167
6903
5378
7752
860
6745
9705
6111
7754
4009
9866
8181
1959
4119
6581
4299
4202
2280
901
7243
4228
7230
3583
7233
4241
1262
1687
3165
5581
1718
9173
1163
4811
7468
3575
386
1761
1832
2044
1950
403
5018
6399
8566
5626
6030
2184
8893
6406
7899
8391
3394
8976
4263
7137
8115
4597
303
903
9782
8542
8334
8822
864
6504
7683
1436
7500
7734
1009
372
3889
6983
5126
1884
3952
1927
9650
9752
4652
3921
3698
9451
4850
5861
6994
9800
2323
3110
4321
4750
1208
36
7667
3981
8049
2783
4011
8428
6420
9545
3892
7375
9022
1868
2044
632
7712
4225
8152
2315
4254
5651
686
7612
6471
513
7216
4223
2867
8158
6474
773
7135
8266
8212
8242
578
5950
8441
9688
1900
6102
2615
9462
1507
3323
3589
7951
3658
4630
4969
3189
3738
4985
4660
334
2271
7985
6242
9848
2440
2186
657
4307
9926
7461
3318
5206
2083
5894
4135
3527
5633
5591
8640
2115
8598
5796
8303
1611
2781
1683
6295
9947
1052
6378
3091
1217
281
9140
8003
4631
7451
7453
1798
2478
787
9881
5816
6157
5186
8466
1989
3633
2786
1860
9616
3898
120
9665
189
5540
7176
9497
9380
1483
1304
9191
6645
2127
8860
7312
8949
9426
1349
1537
2338
389
8213
8858
3632
3769
656
8944
6809
1448
2816
563
400
3993
932
6758
1004
8832
2238
7504
9588
4137
8358
6623
5627
6684
5938
3262
2402
3045
50
1142
938
7621
7072
669
2475
8734
2588
2461
5333
5817
4414
1868
8520
9538
9517
519
7976
8988
5763
1661
6410
2192
549
1419
6169
6318
4056
7663
4914
2455
9017
6339
714
7473
5060
6400
7953
92
200
8666
1185
5796
94
2015
4736
6942
635
6881
9614
1782
4760
5328
4342
3745
9750
6014
7134
6977
2702
3248
8337
1775
3825
9992
500
7004
3014
6062
1005
2849
9019
9904
8807
8862
2478
7074
5240
5941
6393
1302
4657
5719
9967
406
3277
126
6092
4524
1883
2267
860
5200
1815
6641
1993
6566
5680
4043
7368
3785
7975
7111
1396
2855
6287
3562
693
6144
2795
5834
6977
6895
6230
6794
1239
6529
3483
5274
3370
6163
4623
985
5562
6822
2783
6733
5064
2179
581
767
2039
1185
8003
8076
5954
8077
3354
1079
2270
2380
4077
5671
6106
9557
1590
6794
7348
6108
5519
7858
6835
5283
624
16
8521
6833
2351
5043
2041
7377
2404
6852
8035
3948
3546
3626
4232
6782
3475
5327
942
4761
400
4745
6748
8623
6796
1604
6684
897
8207
8911
3406
9541
3728
2263
6692
9611
4381
30
781
2874
5147
1507
2275
8056
6425
1325
2280
3602
9774
6509
3390
7586
3223
1120
2758
6451
1726
9696
3597
6260
6449
7547
5470
3674
6133
4919
5823
2495
2358
8334
2275
7340
386
5737
9531
7055
1800
581
690
319
4275
6872
7362
7769
5028
9598
4391
1153
4457
4904
1153
4527
2802
6302
2243
5584
6854
8124
3279
679
7195
4283
3861
8141
1288
3610
4341
5615
464
1384
2734
1170
7605
728
5462
9595
9071
2652
9648
5416
425
431
9953
9737
1895
7763
5589
4519
4865
4199
3227
2879
1359
5391
1686
9850
7021
7583
1854
2181
2395
3011
6196
3149
3149
5354
6766
5457
220
5682
1023
5768
1171
4289
6486
4450
5737
248
6307
587
5125
1920
0
2443
626
579
7344
5898
6575
4915
8557
9946
7517
1698
6453
6817
2417
9508
4321
6889
8365
7107
5312
2495
7730
1894
3647
3753
5454
7268
7194
3167
1444
7279
4492
2729
7991
4012
830
4541
4361
4550
3490
1496
7061
3330
9211
3129
2303
2327
3763
1133
5686
4289
6294
4140
1467
4828
7453
7468
6991
2891
9621
9402
3428
2020
9936
5456
455
5248
7194
7566
3320
128
4619
2319
2803
9574
47
94
3056
2594
7201
6042
3222
3370
4000
1870
7408
850
4946
9003
8640
5936
8559
8366
3841
8553
7009
8407
7781
4930
9601
4103
3587
9754
5207
7215
8408
6382
4284
1275
6401
3510
228
7419
8808
6765
6987
715
3008
5341
7408
3307
357
6573
4573
1108
6751
3340
8309
1701
9672
1068
1402
1422
6544
9968
2361
99
3
2519
8527
2005
4981
1624
1126
6229
3734
8765
4432
163
3058
5751
4217
7138
2868
8028
4566
3086
9144
233
529
3411
9412
5708
2815
9204
7755
2715
607
2174
7826
2257
9964
3434
6573
1302
5930
9668
6131
7066
8446
935
6339
29
9927
1136
9083
833
9895
2266
6820
6848
9100
666
723
4025
2059
9103
3387
3042
3744
5603
9
1909
1723
6713
9079
3157
1822
2952
9011
956
5071
6225
5642
3725
2845
4172
5240
7156
4772
6805
7139
3396
6499
2427
2838
4925
3038
3810
1012
3203
7447
7127
5728
3626
7737
6130
51
7004
8600
1785
9998
6908
1109
4175
8821
2298
7068
7371
1984
2630
39
1250
7930
5880
4034
5081
7372
8416
2276
7810
5227
8051
6401
9441
5621
2435
6981
2766
2975
9751
7448
8666
6764
1759
2848
1460
4187
6654
8036
9631
2011
4507
9180
2854
4991
587
2920
8152
4113
7852
1457
5102
8201
2747
557
401
4648
163
6117
7647
2989
9484
7502
6775
4924
3624
3148
5396
586
6245
6513
1284
8954
8956
2363
6936
4254
1707
8504
1067
3638
4416
7332
6486
1736
2493
5921
5478
8158
7401
1962
9332
6701
7714
244
7375
2953
4292
3930
5377
9516
3515
6008
8336
1188
745
9011
5129
4164
1574
8789
8333
2595
713
9195
9292
8385
1651
3585
5582
1933
4406
810
2052
931
9614
3761
1370
5856
5929
1563
7249
8507
7683
9264
1969
1036
484
230
4891
1808
2442
4217
5030
9519
2767
6271
6293
2687
485
1467
6079
4635
962
4653
6548
8162
3522
4301
297
7013
2988
8654
8112
3098
6573
6770
7476
3198
8067
4273
8664
2925
8060
946
4947
6818
12
693
9312
3730
2533
673
8116
4915
5403
7733
5636
6878
9470
5392
9452
729
7864
2615
9184
8153
4632
257
5167
7516
9671
5402
7851
6115
4750
2919
7223
7318
1006
9622
1233
4155
8536
2089
4971
5191
70
5691
6866
7124
3566
1618
4871
2501
8271
9005
7030
5945
5854
3690
2957
4532
4074
5064
4886
6760
5165
3890
2180
9570
8395
2228
4539
6489
2382
3789
4424
503
1803
6360
9969
8226
8871
9470
6451
2988
4396
4511
3850
1533
8912
6871
5951
1121
5370
9428
5374
5301
1829
522
7570
9711
5126
7798
595
3594
1463
1900
1693
8099
8177
306
2280
6359
1504
3994
6812
5463
8329
3424
4039
8433
3061
9081
1264
8731
2295
8246
6263
7566
1369
6657
4953
3032
3884
7275
6313
9240
7330
1861
6037
2109
8253
9242
3056
2624
2114
7210
3516
4438
1647
8719
1015
5459
5272
7422
3465
3206
4187
2973
3677
6940
1361
4143
4111
6171
8158
1812
957
8365
1340
2520
5635
144
7698
9064
1216
4239
3448
9394
7210
8416
645
3417
5334
4862
4826
5983
5873
8041
4227
7021
9556
282
7653
4260
5899
1535
8629
8181
181
9083
1140
2998
2119
8928
5766
2737
5936
9385
124
9056
2245
2734
9330
4609
6993
2637
3952
6879
7791
2738
2028
590
5339
5203
5801
8057
956
4587
6499
3322
483
1994
989
9176
7738
7279
1292
5900
3437
2460
2467
5601
8736
3672
6475
3230
1252
2996
4203
6871
4009
7454
8016
1843
7316
9355
6829
2948
735
8247
5504
3777
3494
8950
3377
5657
7412
1789
6112
2337
4415
9167
5220
5221
8175
1880
7341
2490
3448
96
1163
1345
421
1693
8609
8550
316
9068
399
3915
8545
1908
6605
1630
6156
7596
8522
2371
929
446
3343
4305
8923
5096
2867
7632
4448
4031
4043
5392
9995
3311
3256
6827
715
3871
486
4039
3010
8655
6919
7634
1258
2035
8240
9084
3920
8722
8823
8030
6783
6982
482
3056
3454
1
5844
9917
2088
8496
4723
2104
948
2760
5454
7555
4171
2027
5698
1712
9491
6840
8171
3106
9755
9426
1155
1071
1555
113
1782
6239
3141
363
8651
7625
5438
6839
23
5057
2022
7942
209
9609
9453
4639
9556
434
7651
3927
3982
5148
6360
6332
6181
5834
6512
4544
9313
1037
1970
1975
4751
7813
6292
659
5799
1769
8095
2224
2780
7643
4317
1958
5643
8083
240
6422
3617
6216
7429
84
4157
6706
6623
1837
171
6166
2282
9241
5299
1865
3301
3522
3869
134
6263
2922
1510
378
6320
7345
332
5399
7391
7085
4352
9853
1316
1711
2445
2666
8750
6418
3335
8788
643
353
4
4583
7810
7692
8926
4029
4797
2760
5574
6082
7393
4082
6135
2166
1118
2490
6864
9973
1441
4962
4273
9760
7559
3262
5940
1726
8221
1521
7193
4327
4286
9472
9787
7528
2030
201
5505
6746
4963
7695
4372
4026
1577
6454
9621
4622
5139
4593
4425
5428
7176
4919
8080
8841
7384
9840
149
9724
8797
5074
4006
3838
2313
7019
9902
6055
5322
6403
3747
9441
94
2935
5959
8610
780
3469
5056
8862
5510
6447
1069
8702
3997
9894
4750
4523
9426
9440
3133
6458
3533
3068
3942
5880
6389
4257
1291
3494
4620
9352
1283
1651
9155
4810
64
5739
2520
2056
158
7616
6123
6147
3629
6414
502
6054
7542
4087
7248
4097
6279
4733
2345
6678
4543
7074
5608
8898
8039
6486
9509
8414
4417
1463
1835
6093
5357
5807
7426
100
7298
6722
3081
9178
3740
3358
8724
4212
9340
8007
1055
6859
2154
2328
7436
4487
9332
9211
9486
2488
1232
9432
2845
289
9313
4370
4504
491
6692
7823
6831
4946
187
6336
2361
8893
4148
9697
5451
3094
7380
8145
2628
3550
2991
2393
8336
6354
9369
775
6069
3900
1933
1593
3439
7256
3279
7467
9601
758
4733
2650
8586
7501
6380
8804
364
8858
4176
2228
4284
8057
1992
1205
6503
9632
3574
924
2864
4233
6869
8526
5724
1827
8390
4439
7961
7564
6019
7098
5449
1232
744
8947
8787
8094
2008
7543
5223
3680
1218
6281
2058
2593
4811
9808
4830
8675
5472
8675
4919
7942
1950
8539
1398
5991
7489
886
7527
4477
9184
1853
9293
5848
7003
4565
8483
6911
2615
7265
3112
9767
484
7157
748
3136
8595
5473
2097
2456
611
1196
6771
6669
6756
1416
799
9332
6514
6925
3257
1583
5519
2876
5652
8928
1097
172
6400
2460
1171
36
140
4753
7700
7866
8449
1610
5297
6474
2774
367
5758
6240
7481
5736
7636
2972
8480
4918
4120
5083
4563
553
5178
1482
7513
36
1879
1997
4252
7016
4812
6445
6121
8229
9876
9243
9328
1089
6217
3105
5521
768
8888
1178
4914
6288
2844
2402
9735
4704
8847
2080
235
5043
7970
2323
2345
4145
6431
9303
3955
5852
5235
9265
3188
6976
6667
10000
1570
2808
5269
1356
9393
2833
5620
284
7901
9163
9730
1316
4808
6195
6574
3903
4779
1465
2926
201
7897
1014
2961
7417
1900
5338
8955
7564
8982
3567
1250
5004
3021
6903
3629
4031
8091
2617
8303
6252
9648
6920
2570
4631
2627
9183
6424
3827
4293
9767
1477
4964
2499
4625
4710
4057
8431
635
7026
7151
9580
7536
1157
9566
7464
9717
7153
7357
5254
5016
1908
347
7857
8584
7607
8838
1479
8261
9311
3973
7833
6489
3432
5902
1108
3692
3783
9365
3312
7321
519
2082
2840
8959
4563
5796
9775
1593
2540
1027
7914
9083
3003
1946
1251
1061
384
3493
9914
4850
4801
8372
2226
4329
3186
5105
4630
3747
6533
1620
4784
854
2204
1840
2027
4401
9926
345
8757
1114
1392
9313
6580
2287
3344
5118
5669
5008
6534
8034
6816
9505
8790
8355
6527
245
8760
2498
3547
9622
6280
4061
5897
819
9217
8239
9082
5910
8306
5681
7703
4511
1074
9008
5311
3742
58
1271
8234
5892
1811
8982
7591
6724
748
5929
8774
7674
4891
3076
4843
6392
2656
3218
1954
5180
1703
2724
603
5356
400
2329
2913
424
8788
6657
6523
2866
7443
4147
6763
6417
221
4637
2198
4012
4702
7893
466
1315
168
5874
7582
3390
9565
861
2969
3984
9458
8372
6856
1133
8095
2719
323
8040
8362
1002
8601
3439
5385
606
8827
4040
7778
6049
4809
1244
3490
4814
3494
7734
5014
6338
2948
3190
1647
8441
4570
5391
8786
9085
776
9978
1164
6130
802
4013
3744
8611
2942
5853
6010
3615
2971
2290
2350
8783
1967
3509
4399
9228
5094
9576
1719
8188
3111
6458
6043
3348
1024
5893
3412
2644
6356
8393
4308
7584
7405
2828
5937
8712
3993
84
8676
7769
6195
6776
4037
7522
1008
4923
6806
4158
611
3348
8692
8131
9265
4983
5451
1936
1595
8524
6533
9166
7426
298
2847
7566
6183
7289
7645
4182
2178
124
4141
2992
8810
1416
1990
8999
9776
4304
4512
3351
282
8130
3445
9910
851
707
2352
8941
1806
6890
2814
3319
2829
7807
7652
5914
5248
9495
7513
6773
2408
1458
7490
3739
1558
1478
130
7652
3795
9978
6576
2631
5581
9497
585
3378
1362
5789
3633
5183
3977
8734
2606
7296
2460
711
6883
8826
3923
2979
2318
7056
1013
6120
2286
4489
7297
4596
2305
5033
9652
5643
7516
3840
6477
3789
3776
642
5234
4220
1479
3143
7325
900
9051
211
1255
7976
6051
3983
5358
8558
7809
5160
2971
3414
898
9275
5033
387
6045
919
2427
1299
7567
61
8047
682
6817
2184
1583
6738
1214
115
5096
5665
7118
5772
9520
6850
8130
9157
5170
4650
8170
7675
9208
7484
4570
1459
2166
2517
3408
2687
6552
5284
9956
3608
3696
5886
2133
6676
3139
924
7942
5940
5593
272
9164
2227
3518
7442
4388
4491
4575
5634
1449
1777
7863
1578
7834
4622
5162
9956
3645
2578
2312
4163
2277
3506
3574
180
5813
2745
3266
2610
2018
8758
2195
2127
3198
6540
6546
7615
9521
2018
6488
5690
7795
74
1997
4613
8623
9341
8383
5894
7227
3790
8045
1233
7410
2511
4494
9964
3799
4855
1742
1501
5029
8564
4882
3073
9539
4712
1293
4746
1365
2535
5343
5384
9210
1576
7177
4378
8332
4466
3354
6523
6041
4555
419
1540
4116
2623
4780
4737
9517
5902
3490
6956
6919
3240
5273
1153
6390
9460
5067
6196
1348
8324
5638
4281
750
2571
4845
4719
2137
3586
5973
5938
6628
6926
3591
4667
9692
5810
2763
8755
7240
7521
6404
7270
3556
4893
4968
2546
5488
4888
4206
3426
9101
3540
2377
3867
1804
991
3044
6606
7713
2723
7124
8922
5793
9216
7741
3096
8327
700
4301
4413
8556
778
437
4925
9437
17
3168
7785
5325
6578
2121
7531
8260
80
3573
6971
5309
4639
5745
7728
9617
1388
2367
3154
201
8552
5358
8801
5215
3708
5879
8366
1711
4667
2571
136
2773
2745
1411
216
2442
7252
6738
0
1985
9791
3991
1550
1107
3855
1884
8361
1829
3737
2207
6055
1794
8311
1003
5674
3551
9980
4723
8698
3847
451
4715
2310
6772
5864
3565
9513
9735
60
1032
8330
7363
2441
9237
6057
5952
268
4667
9635
7438
2322
4818
2311
1531
1875
8989
8100
2023
5307
9357
2276
9568
28
6787
3956
6537
9224
1464
4268
2712
7888
4554
1121
184
8624
3258
592
712
586
524
3923
9078
1783
564
5729
3471
4920
4889
7953
7299
6591
1753
3209
5176
9010
6431
9892
7477
2257
1265
2049
6433
5046
6267
2403
418
7287
3003
1503
3172
9115
3517
2152
4320
9621
6008
4493
4610
2343
7544
1800
9020
4097
5604
4901
4309
4589
4412
2438
2889
4823
300
5795
7530
3640
8430
5592
5926
2550
4174
1307
9207
5299
3869
2445
8500
6318
677
6889
3388
3376
6848
6450
8513
7097
1043
3282
7771
8060
6974
1355
5529
8931
4543
4635
595
1408
1683
1697
9059
8003
511
9528
1410
2604
5773
4001
5752
3981
1885
4357
9939
3527
3292
9766
5158
2728
4578
9234
456
5668
6267
7367
9002
3682
962
3052
7523
5115
8798
5888
8450
67
247
8630
9676
3168
4485
4345
7856
8274
5824
1650
6732
7528
6349
7407
1574
3067
1719
2700
6640
9425
1635
3538
8967
5365
6089
4519
5694
7110
3519
53
9441
4027
9639
9249
3424
8772
9732
8764
1528
6010
8108
6928
3124
2149
8198
9031
984
48
2647
1668
3979
4172
2714
4763
5591
8491
29
8731
3633
8919
6938
4121
2851
4892
1967
7155
7544
8603
3319
2856
2489
4301
1819
5850
1374
4221
2836
6930
6123
5079
9411
3781
1334
1492
3899
6333
3612
4538
6466
2923
5490
2549
9335
9971
9036
6452
4524
2628
9682
4011
5289
11
6893
9135
8752
7814
928
5435
976
6772
9857
4400
254
3282
5544
545
3894
8828
6801
4046
6163
2586
8741
7555
5230
1863
3153
4801
6726
2914
4104
7250
5149
1049
6187
87
4816
3340
5313
5933
2404
7223
3932
1585
6273
8361
7226
5512
2651
9672
744
7668
9159
9601
6369
4137
3004
2382
9531
4772
2104
4962
7161
8149
351
9530
7068
8288
7267
8965
8448
6036
5044
4833
5727
3522
6064
2483
383
4399
3911
5676
9579
1925
8850
4553
849
8653
4403
6375
3622
1762
2488
5533
2476
1114
9321
4615
7849
4046
482
6621
5618
7826
4456
3211
1830
2839
3602
2385
521
4288
9424
4233
3942
5379
659
1780
7591
5701
3576
4462
6581
8947
8847
3486
1541
2951
487
462
5694
402
7235
7594
6573
6688
2513
4549
7854
1797
1660
5863
6046
1277
7877
9983
9009
6114
9628
8335
4244
1339
7634
5707
3761
8441
1535
4717
9033
3101
3735
9619
1941
2039
5489
7277
691
287
2517
8599
6022
6031
5647
153
2925
4085
8616
189
1580
7320
9934
42
7265
8731
9426
3138
9781
5596
977
921
1530
3897
1803
1730
9828
9402
5567
7515
2460
2103
6713
855
1481
6699
440
986
4601
7029
2855
9500
6080
5056
2711
2971
635
2130
9104
4900
9829
283
7535
7733
4130
8409
3216
7466
3857
5954
7455
4238
4370
4740
4389
5375
5768
597
8
2298
6700
3574
3310
5177
7594
4589
3218
1853
7929
415
2640
6772
7979
2878
1059
758
2259
4261
1544
7853
6201
971
6256
3036
8517
3184
8653
672
9983
4816
3166
3383
5260
5465
673
1988
6763
2458
7000
9155
541
2677
4094
9780
3033
8443
6766
2134
9503
9511
9587
8567
4176
8820
1690
3736
7497
241
8636
222
2746
1121
6077
3513
1446
5102
2264
7771
8318
7974
1818
1240
6692
2017
2765
1054
8556
5662
2367
4250
550
8704
5132
9091
76
6873
6377
1410
4036
7135
5281
8403
1516
2588
9523
4721
9642
5432
2489
7428
5522
8235
3727
7892
5085
9255
9099
539
4669
4430
5722
4638
4015
7058
8177
1732
3204
3836
417
1982
5423
1914
8561
52
6801
884
4180
8353
5682
3022
7112
9639
8202
9380
5223
4164
6916
3718
8957
8434
6032
1015
3539
5245
1839
2096
283
9252
4085
3951
3030
2832
9969
1168
7070
6994
8952
7844
8471
2905
5682
1279
3846
2896
7263
6515
600
921
7897
7310
244
8646
4988
9466
841
4077
4143
690
8695
1773
3076
5925
3371
5277
6976
3736
9150
4524
5594
496
8935
438
2982
5551
8998
4031
8067
192
3794
5884
5002
2750
5351
135
4224
8289
4229
3989
8582
9657
8416
3730
5487
9907
9351
5761
3659
2260
8325
5355
471
8594
4571
3317
2748
1329
9423
9714
8790
1269
2252
7350
5314
3005
8624
8458
7027
5483
3734
3277
8655
4879
5159
9112
4333
3138
7754
1529
7824
1899
5564
9170
3598
333
3423
6758
1373
4848
9457
4579
6519
6185
8538
3955
3797
5735
7210
1282
6108
5889
7800
129
9421
2608
9737
1436
7525
4544
130
2783
2833
9688
7753
5417
7463
4908
8280
1975
6764
592
1327
9920
5376
945
8506
7080
4352
8094
4672
3732
8359
9107
8854
6304
9290
737
1691
2721
8083
5399
6110
1863
1253
6329
9415
7140
1126
8231
8374
8395
8316
5417
6034
4019
5326
2869
8674
8217
6428
8577
7994
9134
8686
5518
8430
8976
1320
28
5370
5527
2638
4228
5112
702
4580
8764
4298
1432
1552
759
414
9272
5123
39
2946
6458
794
2405
1377
155
6040
7614
8006
6411
3779
183
8677
4411
6490
3955
504
5272
8364
2150
4980
6660
9066
9706
8706
262
8959
7107
3095
4544
5507
4213
3065
3749
5674
3280
7684
7891
8338
8407
5242
7792
5396
7278
8964
9166
2864
1241
1994
2985
3593
6707
2601
8066
9021
9144
6769
4125
7254
6207
191
934
2594
1624
2086
9743
2266
9562
5207
2257
8721
5055
7544
7249
1973
7576
9524
5120
6326
4338
8862
9849
2182
3551
6440
8738
2939
2098
4013
935
6297
4433
6006
4152
8193
7316
7419
8894
5697
1945
8847
9230
5719
2822
7429
6813
8151
3770
7042
7538
5692
3861
8939
4685
8491
7127
2952
5687
1685
1344
1841
1842
5911
8185
2309
9853
8292
5051
1516
7885
5136
7019
6346
8974
6371
7056
7351
8100
6527
7226
9249
1422
5916
6227
3360
5285
8757
9698
2194
8438
2464
8636
6506
8674
5413
5958
7564
6530
8316
4262
8660
9417
4249
6663
6822
9159
6079
3177
3222
642
7006
4060
8327
3621
1570
2995
8418
3469
3564
6876
474
8572
9638
7437
7818
3833
3342
6641
6728
8476
6879
2883
2956
7127
2963
6302
6681
5891
7475
907
8389
7209
1900
59
1798
6598
64
3004
4866
2226
3307
7985
6817
2645
3560
7971
7582
9485
8694
4631
6881
3537
7183
9470
8883
8210
7506
5048
5235
1093
3434
3759
3319
9797
7784
4520
6689
5758
9188
8001
155
4892
9838
6734
6741
6798
7402
2624
3294
4415
6216
8182
1689
7248
2478
7073
516
9148
2395
581
1419
7647
5175
7089
2655
4928
9210
4475
5960
2665
7969
5772
640
6773
6785
8928
8141
5561
1383
5717
7718
3499
8407
5875
5064
8972
3092
9077
1431
4629
9833
2270
5359
2810
2337
8499
8162
3778
7371
5474
4650
5117
271
8789
7353
3798
8181
4506
3580
8553
6101
1559
9807
5629
9330
3886
3062
7484
7581
5011
7163
2483
6779
9363
6849
9703
6871
4108
2210
8327
8602
2005
5591
5102
5700
1331
2958
2950
1177
2303
9395
6863
3425
5636
3990
7772
8471
8862
9634
8685
836
7258
6707
8181
4458
8446
551
2041
6814
2550
1938
2921
3302
5304
5252
8017
5294
3578
403
9848
3906
4581
7984
966
9547
1736
3225
8383
5783
6367
9775
1127
8047
7448
3825
7454
1488
1203
7374
6190
9024
5585
2585
1051
8945
3146
4721
4949
9867
6872
6931
2450
2084
1609
9489
212
3422
4399
2675
9021
4233
7092
618
3580
5678
6621
1058
832
4226
7174
7242
3860
9987
5011
2374
6877
6068
8382
6223
7872
1411
7576
8800
365
3261
3755
7552
7201
2277
5427
9928
3095
3545
8924
9714
5202
7429
4275
4742
3321
6305
9760
4231
4958
6208
4890
7627
2944
387
5665
9169
3510
585
3725
7491
8052
8002
17
6885
901
7718
503
7544
5304
1914
4045
7407
8060
9968
9145
3321
1268
4874
3069
1241
5709
6842
6819
5797
9479
8883
5474
6462
6775
8323
1975
6952
7578
4018
6778
5916
9522
9865
3051
6963
4773
7243
5732
8805
7455
6399
707
353
1506
9365
7170
6104
3230
8571
6677
1288
5730
2928
3281
5686
3648
1097
7548
2322
1905
2684
5983
4533
5558
6246
3441
2900
8290
8355
397
1576
1681
9030
8209
4954
1337
3325
823
384
8314
1353
6675
6121
1156
3903
