2730
0
-2900
7471
9667
6882
-7578
7033
4896
2275
2452
2673
8232
2273
-9092
2403
9048
-5748
-3668
-6483
5958
-4578
6859
7511
-764
-4261
3969
962
-9523
-6227
7016
9013
3199
5377
1987
-6719
4315
1136
-1389
6598
-8584
5249
-3590
6217
5142
8970
-204
8377
-1548
-7181
-6144
-7793
9943
4032
-439
-5834
7054
782
3
-743
9332
8921
-9532
497
1979
-8606
-388
4817
6519
-2713
1134
6640
8949
7148
-7386
-5368
-2466
-8686
-5554
7415
8310
-2543
-9649
277
-7728
2846
-3863
-8038
302
6655
-3253
-520
1141
4368
-5100
9459
5286
2706
-1699
1551
8655
-645
4194
-1737
-1603
-3098
-4566
8649
4842
666
1899
9432
-1471
-3155
162
-8888
1963
-1927
6390
-3491
6898
-4116
-3163
-360
-7363
-2562
-5485
-2970
4646
8105
2792
-6298
4002
1276
-5597
-1692
-4325
8083
3354
4427
9397
-2091
-952
-5118
-1611
4965
-5293
-3504
6513
-1315
-5760
-4065
9318
5229
5981
4305
1408
6723
6734
8557
-818
-5621
-9596
9470
-3547
8933
-4324
-9581
1506
7474
1542
5214
-9924
6578
-5801
3426
-6592
-9615
-9855
-6554
-3863
756
-4422
3401
1832
1927
5052
-4438
-9067
5050
-7369
9534
4778
-9014
-3291
6064
5671
7628
2463
2788
3450
-7413
-5626
8466
-8536
-2940
5905
-1483
-9677
2695
-9147
4074
3951
-6289
5884
7965
690
9515
7878
-7001
-4449
9548
6072
-7797
6745
628
-5277
-2458
1049
-3159
2860
-6439
8291
8319
-6012
107
8930
6805
-1856
7580
2915
-1136
9878
6001
6914
-7571
-1467
5287
3760
-7637
1815
-5491
-61
-1572
2182
-6093
6064
3727
5952
-8004
-8078
-3218
5819
328
8078
1470
6693
-6019
4408
-900
-936
-1485
6653
-1318
7497
9432
-9680
-4498
3597
4028
-3734
1768
-6494
-3003
-7246
2211
5089
1556
6629
738
-718
-351
-1351
-9819
-6112
-5111
8381
3137
-6104
-2194
-1259
942
3944
-599
-6513
-7293
-7469
-5006
384
6826
-6462
749
-2892
-1112
5525
-5630
9302
-741
4856
-7810
1995
475
3788
2734
9940
-8859
-1926
-1666
7414
-6255
8087
-549
2048
-7867
8746
-689
9942
2252
-3490
7859
-5991
-9700
-644
1664
-4843
5650
7323
-9167
9195
-781
-9708
372
-3373
9997
-5842
-8573
1972
-5736
-4409
-8516
-2907
-5160
9452
-2314
2376
7926
-1434
2633
-9872
-6286
8308
-2169
6735
-4527
-7759
-3211
3395
5716
2976
2157
-4389
2324
7075
552
9645
4555
9177
-8524
-9833
-9075
-4659
5629
-8402
6938
3343
9019
-9713
7241
1138
-612
9496
-8890
-9925
-4112
3508
9387
-1211
7491
7946
4794
-1463
-4553
-8893
-9705
5111
6069
-6014
127
-7299
-3175
4242
-3743
-8764
-840
5407
-4064
-5973
-8364
-5171
-3790
-6329
-2233
4369
-5887
-6545
9249
4032
3124
8622
7639
-1497
-5624
-1851
-8154
1171
-7945
-7916
218
9026
3781
2539
5472
221
4757
-2972
-5167
8578
1423
135
7330
-1042
-9576
4315
-7370
-9834
3209
2525
4347
-3027
-5839
-9044
1231
1764
-9470
-7540
2235
-5610
-6954
-1185
1893
-5775
-1356
2188
6884
4376
-4011
-9156
-3269
1381
3935
-2649
-5393
8306
6870
-8106
8925
4167
666
454
3912
-5604
5135
4725
-5840
2440
8316
8007
-845
-208
472
449
-5959
74
2753
4181
-5990
2507
-1556
-4591
-1101
-3894
-2520
6052
9070
-1100
5427
2170
-4860
2993
484
-8573
6827
-8838
7384
3319
-2887
6466
2841
8717
-7966
2994
2400
8157
3609
-9419
-3305
-1228
-2278
1485
5392
1828
-5736
-4837
1725
6125
8333
3739
-6035
5188
9572
-1906
-3820
9145
8180
4665
-8695
6988
-6485
-3273
-2411
3975
-8
9588
-272
8894
-5540
291
8536
2813
9258
2032
2759
-2752
5115
5862
-565
-2464
-7466
-1507
125
-2305
-8730
8004
-4965
-7369
-4077
9223
8783
8155
-8783
5427
6980
6427
228
3893
4974
708
9358
-647
4732
-2911
-6693
-9497
2695
345
-7246
-4625
-3653
5535
2985
8137
88
1211
1615
8846
-6476
-9360
-6044
4804
-9676
-4979
179
3276
-4015
9943
-5969
-8428
-2312
-7342
-3743
-1152
-70
3546
757
-5523
-591
-3753
9358
8564
-9414
9595
-4382
4366
-407
5679
9066
-1032
8757
-8449
5214
-8121
2457
-5728
8646
8079
5226
8116
1661
4618
-3682
-6677
1858
-8397
525
-8439
4300
8259
8949
-6735
8284
6543
-7005
-1342
-4399
-3171
-7379
2265
-8973
2628
-7711
6597
-4771
1897
4160
3308
-6925
4815
3862
6775
-181
6173
3637
-3745
6299
324
-7116
420
2147
6282
6566
2085
-5486
5569
-7649
6320
7428
2567
-2621
1252
-7301
8722
-8980
4780
-9786
1828
-4080
-1611
-116
5674
4316
-1683
-290
5598
4512
724
6876
3347
2299
6318
-9368
-7764
-5994
-6252
-3056
-1826
-684
-9181
-2524
2527
136
7897
3250
2510
-266
1502
9200
7097
9256
6945
4516
-1738
-7658
6561
7076
-9165
-5539
7679
5564
-5012
8224
-93
-4554
5429
9525
9070
7786
-615
-8949
-6790
-8757
3851
-4770
-9327
1087
-887
4169
8986
342
7812
5169
-6009
-7809
-7804
5987
3277
5454
3541
-8965
1341
-5213
2850
1138
-154
-7339
-6206
-9134
-922
7624
-890
-4745
-4547
9080
1523
-9603
-2082
4566
-1659
1133
9160
8039
-320
6551
4201
-8086
-7408
4156
-6477
2950
-8980
5965
-9958
4084
-849
-4460
9660
7831
9298
-9924
-4323
-6184
2875
6642
2106
1405
1395
-2359
6961
9863
-6670
3011
679
2688
2832
-7121
-29
3749
3977
-1351
3785
-2168
6254
7254
1856
-6830
-277
-6986
7796
5293
-7167
-6267
-1327
1465
2620
-9192
-4794
8069
9308
-7998
8670
5028
8706
8970
-5917
6851
-3947
-2850
8656
9852
-7752
-2460
-6755
4525
-9886
6511
4984
0
8804
797
-9342
1923
1808
378
-2611
-2314
6597
3289
-497
-3408
8390
-2953
-3023
3201
-9687
7268
-76
708
9973
-6848
7660
-9877
-444
4807
-4715
6242
-4815
272
-5298
1368
-1090
9026
1682
-419
7661
1985
-6646
6808
9628
149
9659
-466
-1994
3720
-5993
-6239
115
-8276
-3920
-2424
5462
-3848
-8482
5359
2636
-3046
37
3323
7079
-2593
-9523
9344
4183
-7641
5935
2688
-1082
1340
-554
9440
6211
-2562
-796
9213
-2895
-2084
9880
-5701
4163
4591
4033
-984
3513
1344
1646
-4698
-4147
-3094
-1898
5458
-3486
-2310
100
312
-7024
-162
4164
4800
9810
-8276
6007
5223
-62
-9391
6359
90
791
-7759
320
-4668
855
7934
1022
4788
7677
-4172
-6776
1560
-4902
-2118
6342
784
-8409
5522
2203
9084
3136
4608
-4626
1991
7683
-9453
5415
1322
1847
-8438
-9691
3364
-1523
-3131
4449
5759
-1015
-3330
-9137
5927
-9214
-2638
-5340
4597
5879
6872
8470
-4049
5593
2082
4150
-4760
5999
-2608
-3773
-702
1037
1724
-4552
-5290
-9633
-8769
-4368
-8817
-965
-5061
8257
7814
-107
2641
2612
-6428
-3208
-2352
1647
-2443
7523
8490
2253
-8893
-76
374
3939
-8332
-156
-8096
-2998
6145
-7416
7749
-7945
2398
6866
9074
-1830
4505
-5838
-2823
-690
6481
-5146
442
4786
-6916
-9445
-8678
-7944
-5298
9740
323
2879
-7936
-1290
369
3099
3645
-9255
8299
9072
9596
7124
-263
3610
3803
7025
-7075
-4126
8496
-5031
-8981
3622
-9199
-87
-2205
937
9723
6259
2624
534
-3562
4326
5384
9305
-2483
8692
-7935
-1249
-9914
-1186
1648
-5637
-6610
-9012
4966
8033
-1366
7274
-4588
-8452
3607
9308
-8831
-5998
-8035
3827
2389
2671
-2052
-3214
1331
-3187
5880
9133
-9700
-6127
4138
3050
4252
4587
9770
4863
-5332
4370
-237
6517
1650
7536
-6880
-2142
492
2559
2511
4644
3885
874
65
-112
-1209
-7518
-9505
416
-368
-6267
2567
-2049
9904
-6226
-3395
2297
1768
5118
6560
1999
-6509
2526
5223
-1712
-3076
7285
3025
594
-1444
4375
8615
-9144
-4260
-6156
-1361
-1613
8985
836
-3841
6866
5568
645
323
2982
-4083
7441
-9151
-739
-4306
7044
-1829
2021
2587
235
8129
-7754
-8035
-3336
-7686
-1721
9480
-150
-6904
9350
3401
6279
2931
7698
1267
-3205
-3611
-7933
-4433
6887
498
-7931
-3193
1279
-3841
3034
9906
-5281
6833
-4820
7391
2281
4462
-8289
-5283
5408
1479
3144
6907
-6848
-868
-4456
4069
-5349
-4050
-5092
4849
-9629
1223
-3925
9774
1189
3763
8168
-146
9623
-2931
-7238
5974
9349
-9078
6903
420
-5024
9962
5815
-5701
9660
-4687
-3486
-5485
-1255
5016
5491
762
826
-7119
-1500
-6276
9294
6726
-4566
6831
6834
-1650
8042
8008
-9321
3325
5207
-5575
4826
-7271
8300
-5303
8894
-3208
3396
4445
-5655
9705
-5265
-7337
9741
7451
6830
2212
-6685
3809
-3337
3509
8313
8070
-7477
-6328
7127
-6383
193
4529
2274
-6150
-4715
-1187
8565
-2593
9253
2282
2542
3966
-8001
-6036
-88
5068
5171
9776
-1748
-9573
-6834
9175
-4537
-5184
6769
-2340
-7958
1622
-6790
-4727
-128
9641
-9363
8004
1123
7831
1030
7726
9067
2060
-5215
-8801
-6367
-7130
-1311
5744
-5949
9295
-2356
6888
-3384
-1386
-548
-8679
-1516
7021
1179
5802
4642
-648
242
4492
-9080
3558
-4901
2676
8908
5441
6737
-9819
-8227
8110
-6899
-2569
7426
2117
5464
7953
-1696
-3880
-4744
-9325
6847
6764
-3298
7916
-3203
-3796
2946
9939
5956
3137
-1200
-3315
6415
8737
3666
-3594
-2054
4497
-9306
5709
7925
-9669
1694
-1987
-9106
1778
3140
1051
-3083
2116
8680
-8126
8658
-5073
-1310
3120
2897
-1363
-5260
-7268
5610
-1028
5179
-3915
2851
-9673
-9810
-7304
1452
-8129
-8305
9118
-7663
-7154
-3243
-1370
-48
-9637
-113
2876
-4277
5838
-4478
-5687
-5961
-3570
2400
4375
4744
5863
1839
-7945
8779
-3360
-2351
3688
-4739
216
-8897
-8828
-2678
-1338
-9130
-5939
-9291
9018
-9645
-3298
315
6062
1242
274
-8045
5994
-933
2875
9050
842
6282
4449
-9188
1208
-1467
-6276
-1929
4175
8169
-8943
1251
3199
-6732
-3890
4042
634
9592
6542
724
-2723
6963
4520
1689
204
8793
-1622
5368
1573
-6812
3131
9360
1636
9054
-2446
6969
-651
-4630
-2467
-2956
-6939
-8178
-6667
6861
-8702
4774
-8879
243
-3536
1587
-5020
-2126
9651
-4404
-1098
5440
-105
7266
-3668
1641
-7652
1105
6268
-836
-7127
846
6788
9433
-1249
756
9375
-1645
-4792
-2366
-2381
1062
7730
1526
372
2014
-974
-7018
8200
-5726
8737
8361
3627
6187
-2310
3522
5258
558
-4162
8586
3815
6503
-1855
5401
-990
-3888
3470
8064
5176
2206
-8289
-6764
9907
-1398
-5028
-3248
-8174
-1628
8048
7310
8440
-168
-3471
7736
-86
-5479
6452
-8929
5439
-8061
3870
723
5603
8091
-1554
-6855
-7681
-1157
-1924
-2380
8215
6472
8962
8940
1273
-6864
-4393
-8128
6421
-7792
2064
1605
-6966
-9350
-5366
4862
-3970
-4454
-6443
7424
-5305
-2267
-8851
-5845
-6024
-6914
-6464
1342
7204
-6276
2114
6937
-8003
5965
7333
-6295
9729
8642
-391
5590
2902
9333
-859
-7855
-2634
4903
-5697
6322
-1562
8013
1863
7118
1022
8434
-6654
-5070
3552
-961
2295
-6670
-138
-5609
6226
-9766
1225
-9504
2302
8500
-7297
8115
-8520
-728
-789
1419
9865
9503
-8585
2905
8462
-8809
-6464
-9181
4741
-5325
-3248
6106
-2425
-3605
3430
9374
3370
-8
9445
-6045
2793
-9783
-3781
9533
-659
3162
214
-133
9338
-6694
4165
712
-3801
-6030
4168
7235
-660
-5401
-1006
-8390
1611
-5826
7724
9697
-5914
-3193
-5989
7988
7276
8742
5798
1603
-1017
9000
3175
-6034
1236
-2241
9213
1224
-9002
5123
-7736
361
5030
-980
-7844
7370
3231
3558
-5137
-8340
-5137
-240
-3643
148
6801
-238
3122
6099
8919
-3093
-8281
-4235
1170
-2984
2444
8754
-1001
2934
-6590
8345
-5731
2895
355
5528
6127
-5030
5948
-598
7812
-5906
-4745
-6043
-7555
-7348
3279
5225
1604
-9904
-9680
-550
-4962
2581
-8082
817
8482
-8104
-2437
-9720
1544
2533
-1354
-2273
-3988
4095
1446
-4337
-683
9772
8491
-5577
9518
-3959
-7026
7070
9342
-3805
-1344
3064
-761
-8081
1233
-6580
-9073
6668
-3967
1383
-3417
2105
-7005
-3728
-1845
-4928
-9836
-4439
7998
-1325
3277
-7994
8169
-6472
8471
-4169
6402
-2674
1977
5339
2115
-124
-6433
7386
2639
2462
7703
4777
-7812
2902
-3604
-4820
6885
3662
-4524
-9911
4537
-8741
-3719
-1471
3730
-647
2633
5003
9536
-7580
4682
9484
-3172
-5949
3782
9903
-2376
-4311
188
-8256
-5851
3864
-4948
-7599
-8292
-3126
-4305
-4386
5339
7261
8748
-5663
5989
9598
3665
-3345
-4595
-3072
2743
-6580
-5202
501
1994
-5763
374
144
-4604
2066
-407
-9559
1722
-5497
-9085
-8625
9332
-5163
4561
-5853
2013
3673
-5917
-3058
9918
1968
-3316
8379
-7390
-7244
-3608
-7305
-3745
7222
-81
763
347
-5202
-5946
9384
-7095
9899
-173
-3745
485
-4423
112
5500
-7973
-8906
2625
-7702
7872
-2363
1901
3663
8433
9978
-5218
7204
-289
-948
5554
1426
2346
6179
9521
8360
6158
8380
1873
-3541
-2226
1198
-1820
-114
-1325
-3594
-7889
-5978
-2761
-3476
-1217
-7100
-7330
-9357
3928
-4385
7403
4822
3055
-7050
-4802
4438
-2640
6640
9821
-8339
-1983
9197
-7849
1183
-9047
2745
-4868
6283
4334
3748
-1820
2837
5535
8349
-3301
1147
5263
-2847
-38
8867
-124
8695
7152
6237
3949
-2091
8371
3689
3362
-8246
3870
-9349
5802
4021
-9600
-448
-7211
1404
4379
9902
7733
8634
1230
2338
-3142
-5496
6571
-1597
6936
325
-8033
4029
653
-1689
2746
6637
-897
-1280
-1335
-4154
-8079
7649
-6771
-3544
-1196
-553
-9530
-9299
-3358
-9800
-4526
-1105
-921
6102
-2716
3303
-4787
5076
-9060
3303
822
8479
2799
-7717
4637
382
-1523
-1146
-4407
1172
-9139
-4972
4443
-7785
-8171
4301
-2232
-337
7359
3727
-5167
8166
3337
1821
-1380
5748
-6756
9157
-6081
-9891
-4041
-8544
-6940
3433
-1873
-2561
6770
-6590
-3729
-1880
4730
-7804
-2682
-1562
-2243
-6516
-4379
8625
809
-9851
2333
2123
-6060
-4769
5643
2905
-60
6966
-1374
-4244
4379
-9130
-4545
-7875
-5939
2751
1309
1146
3869
-936
3134
3622
8209
6197
2448
-2379
2100
-5708
8892
9176
3095
-615
7881
-7932
4970
-5283
-1299
7525
-8218
-664
9186
5935
-6572
5661
-4038
9271
-3920
4301
8272
-6891
8131
-2886
7016
-2985
-9287
-6361
9509
9844
-136
9797
27
-8900
1541
-7766
-7790
9463
-6516
3491
-2221
-9843
-9426
-5242
9386
-1728
5143
-6090
-2725
2085
-7610
1786
9624
-9610
8793
3385
-2072
6845
3351
3480
2650
7850
-6734
2231
1445
-6831
4696
-9321
203
-76
-6681
-6812
3687
8482
-9369
4493
4499
9579
-8559
-1973
4400
-9426
4869
-8953
9076
7196
-6357
-6931
6388
8608
-96
3166
-1470
8116
-6464
-2530
2622
2228
7654
-705
-3139
-1615
-8238
6461
2125
587
-5932
513
-2748
7632
3873
2832
669
-1148
4123
850
7173
3141
-8115
-5741
3899
-3727
4782
3738
-8857
-4709
7931
1964
10000
2434
9329
-3427
-1031
4366
-2560
9978
-5600
-4459
466
3223
-1337
-3613
3821
-6822
-8788
4559
-1281
-4848
9632
6392
6638
-4363
3192
-8125
9786
-3878
393
-1559
5927
7387
5684
-156
-9111
5789
1150
4752
-7802
7357
4146
934
-5423
9889
7148
-9166
9370
-1379
-2523
-7216
4616
-5237
-8108
2753
7198
-2408
-833
43
-1338
-5607
-4837
5239
970
2056
7475
-496
-7281
-911
4044
-5518
-2941
-255
930
-8960
-2447
-9806
-6303
-8849
-8908
-6687
8400
2264
-7295
2165
-3201
-4434
-8782
5652
-4762
625
8220
-5126
-3375
-230
7662
-2602
-7243
5815
-911
3956
-4493
-834
-7467
3786
-3552
-4853
-5527
-4858
-4466
7984
-9690
2840
1810
34
-1461
-2174
8306
8286
2119
6639
1405
4825
-724
1633
6810
9001
-9956
-6667
4260
4527
1018
7016
270
5238
346
5451
-8264
-2765
-9614
8242
-2239
-7769
5624
4225
5189
9880
-2534
-4693
-3983
537
2809
-3668
-1440
4509
6919
8571
1884
136
8924
-4562
-6455
672
2148
-485
-8945
876
1517
-7790
-2682
-9022
-4476
5801
8705
-9338
5077
-9104
-8966
433
1756
-3363
-7887
501
-2498
-4893
-2340
-5250
-6395
-3335
6026
-3204
-6768
9932
2382
-7509
8588
7794
-7276
9034
3385
6420
-5975
-644
-3881
9441
-6498
-4395
2932
9682
-9957
-8766
391
4477
-5755
-8981
-3768
-7782
3389
8309
4663
1684
9006
9108
4190
7180
7353
4305
678
-6637
4719
3863
-4593
-8367
4981
-7814
-3215
-105
7885
1122
-1695
-2204
-9028
2735
1337
9297
-9581
3201
2546
9851
3683
-3049
-1609
9352
-8763
-2524
2024
375
7313
7630
4547
8640
4930
-7683
-655
-2999
7765
3446
-5165
-9678
-7290
1805
-3689
-4315
-8537
8669
-6975
6694
795
1028
7358
4877
2384
5825
605
430
122
-4967
-6264
6217
6778
-1089
6309
6735
-478
4968
-7779
-3060
220
-3022
-9153
3122
7873
-6640
2690
-1791
5040
6171
-484
-6768
-3646
9546
6764
-9939
-4009
6387
4821
7707
-2183
-6858
-9765
-3315
-6325
2765
-8427
-1078
-7513
9863
-7242
-7436
-8540
-4971
-128
7540
-5433
833
-5430
4105
-1135
89
8819
-9782
7835
-8504
-7059
-6909
-4102
-2791
-1390
-4131
7021
-6006
-1436
-1478
8939
-7146
1464
-2485
822
-6621
6992
-2296
1555
5454
-3719
7082
9085
3639
6350
-7999
-5560
-9408
7274
