9328
1
-831
6262
9911
-4459
9782
-6982
-2856
4427
-5764
-1226
754
586
-7229
8599
5956
3376
6793
-2434
8947
5778
5499
9328
-7
2104
-2565
537
2621
-4760
7885
8430
-9086
-3759
-8299
1278
8247
-7676
-7218
-9012
-7775
-4912
423
7426
-114
749
-3493
-2395
6827
-1920
-4491
-7545
-999
-7550
627
-1860
7490
-1072
2499
-1917
382
-2375
-8391
5740
708
3262
-1477
7645
-7143
-4080
6446
1566
-9896
2378
-2784
-3531
-3210
-7198
-9003
-3117
8865
4753
-3354
-7306
-4729
-2358
-8244
-2351
4186
-1638
-2264
9049
1940
-8411
9095
1378
585
2397
-6982
-5673
-7764
3395
1818
1364
-3194
8681
-8709
-8646
-4392
3032
8119
-4564
3335
7460
-9445
2936
-2340
-1476
8365
-776
-6881
-972
7916
-7111
7981
-9192
-5686
-7686
-9262
-9885
-9390
7097
6477
2402
478
-4912
-9884
4278
2296
7836
8697
-2503
-6450
5861
-3175
7473
5845
-6193
2533
-2878
-6758
4771
9961
-5690
-7358
3988
3918
8059
-9159
-3240
620
-3024
-552
6182
5152
3499
-5768
2966
2103
-831
903
2452
-550
-6912
-6096
9897
-689
7017
5465
-2960
6530
-395
774
4130
5006
7365
2239
-6237
8620
-8300
-9182
1521
4379
2212
-6499
7796
1008
-8827
9679
416
2007
7760
5321
6163
8457
3791
-4847
-2616
8623
-8250
3886
-396
-6840
-2093
-8557
-1097
8707
3983
3657
8386
6237
-4755
5001
-1272
-5826
9450
3632
-2111
4235
7192
-5382
-583
-3949
-7403
-863
-3427
6413
-6231
239
-1598
4224
-5402
7614
7559
5611
-3218
5682
8794
-9088
8129
-7049
8999
4908
4997
-9839
-3067
-6634
-5837
7497
6783
-1239
-8696
342
-1551
3865
-9959
9206
-873
3897
9535
4633
-9456
-9683
5249
-9577
-3657
716
2910
324
-1110
-2610
-3497
5202
-472
-8480
-7465
-7979
8097
-4452
3545
1041
-7566
-3235
-6291
5338
-5396
-9904
-6054
4953
7006
755
-9864
-644
-4510
-73
-5093
-7507
7553
2724
-3116
3342
-6310
-8647
-9302
-4880
-5200
6150
-6674
-1002
-6447
-9718
-9345
-4292
-6643
3862
-8410
9706
-9203
9060
-207
9077
-3581
8200
-1205
-6812
-3285
-537
5656
349
-2565
-9685
9658
-8779
-4054
5885
-9709
-1177
-9772
440
7200
-1312
5614
-6580
8341
1040
3823
-6641
-4055
-4083
-1356
9781
-2998
6415
1005
-6067
4360
-2817
8886
8517
-7699
6431
1599
6031
8665
-3322
3765
3071
-306
2823
2891
1067
-2279
-7551
8705
734
-8610
-1198
-4834
-9533
-8553
-9165
9523
9155
4713
1095
-1369
-6189
4135
7041
7018
-3419
1704
-6504
8458
6682
1187
9299
-9955
1424
-9639
-9916
6015
9664
-214
1082
2493
-8103
-416
1832
-1868
-339
7160
-2291
5002
8483
-6508
-3521
4409
8202
-4420
7245
1359
9979
7938
-5845
-9959
-7047
2800
6751
1156
-369
4824
-3345
-8101
7367
-6995
-85
3159
2160
1515
-3455
208
6568
-4385
8196
-2767
9361
6298
3762
-7702
-7273
6203
-7170
-4261
-6667
-1140
7529
5914
5471
9758
1756
-4261
3286
-9030
385
-1821
-7666
1322
-3852
255
8246
-277
-8305
5652
-5538
2528
-1660
-941
-2573
532
-6773
6335
-4925
-5760
9969
8851
-7814
-1191
8793
-8960
6592
-3784
4255
-4398
-1262
-7880
-1148
6644
-6644
6166
8213
-1582
6424
-3371
-4274
5271
-6241
-6247
3511
72
6192
-1908
-2044
-2811
9081
-7654
-8567
9690
-7416
9384
-5484
-970
3461
5907
318
-1332
-9909
8006
9155
3318
-3688
-8255
7120
-4697
5847
-5077
3724
-5415
8417
5807
3292
5649
-511
7184
-2053
-1459
6800
2443
1213
8686
-1267
-6713
1208
8456
-498
6865
7533
4543
4299
-3674
-641
-1684
-5295
5816
6589
-7687
-5854
-9647
4917
1838
1237
-6169
3047
-2692
774
-9245
6903
-8813
-8302
-9413
8691
-3290
-7432
4168
3302
-7987
4048
7005
4370
1265
-8461
-2215
-7948
4716
-2931
-4273
5729
-3750
-8906
8358
7329
-7294
7041
9188
-5959
2025
770
8732
-6936
9523
7394
9389
9875
4010
-3421
7582
2739
3002
-1356
-5477
7747
-4587
-524
2174
-6253
-5277
-6997
-2843
-6084
5872
2891
2439
209
-9469
7659
6939
-6404
-6173
2104
-8596
898
-9319
3760
-2256
-5392
4572
-4606
-2130
-878
-4323
3302
-8095
-5778
358
8837
2561
9785
-1596
-6934
-3946
2060
-8794
-5008
-3594
8042
2385
-9876
-3149
9475
105
-3891
-7496
-9322
-8584
1558
9085
3184
9802
8229
-1364
3298
-1543
1091
-106
8566
238
-8662
-5932
-5229
9682
-3380
2431
-7968
4933
3906
3060
5071
9287
-6222
3275
-3264
-7708
1953
-2254
5384
6653
-5113
-5924
-6582
8796
-6632
-7527
8251
-6577
2281
-3696
-722
-3517
6677
-4963
1298
-1163
5286
-9987
-5645
-1484
-8989
4654
-2218
1871
-5638
-1629
5467
-1001
9245
9811
-5295
-6066
-5061
-4327
-171
-5214
-1728
-318
125
659
-1762
-8756
-8652
-9328
2383
-8011
-680
1150
-2087
7570
-8955
-7096
9305
-932
-2623
4180
4506
9644
-8125
7000
-2985
7843
5123
-8793
2495
919
6482
9812
5849
4255
7959
-2411
8284
-5744
1288
-8059
-4604
4042
3984
6819
5787
8113
-1597
8210
-3869
4247
8385
-8614
-9473
4305
-7691
7975
9236
7782
-7682
-8791
-2319
6599
2346
-2862
-7059
-490
4786
-1821
-6217
-352
383
-8988
-2838
6095
5764
9270
6727
5014
8022
-3685
9689
-1029
2348
3251
-8913
5697
3851
-4256
-53
6558
-3198
-6700
-8763
3083
809
-7112
-678
-9421
38
-1315
6292
-8559
-1889
3321
1523
9176
-434
-1636
-8107
-3542
8765
9265
7011
-8984
-1750
6361
-6606
9706
3165
6411
-9832
3063
4789
-3303
7087
-843
3943
2341
-498
-6249
-5254
6716
-214
2320
-3928
-2432
2311
1361
-8362
8974
-476
-9003
-9909
9796
548
-1362
6141
-6935
9597
6812
-3966
2633
-2829
9163
1493
3905
-3446
9643
2711
2160
6212
-2440
3902
8380
6110
9136
8137
495
-2133
-4410
-8383
7182
-6106
-5723
-1727
3772
-1364
1763
-5723
6727
975
3273
9197
6587
-8119
-8603
-4094
-6654
2789
3336
-7252
8088
-2491
-6974
-2843
7228
9187
5950
-2018
-659
-8507
-4187
4651
-2576
-6621
6428
1427
399
9985
4257
4918
-9553
-9389
5565
-6912
6708
-3425
-176
557
-3248
-8684
4052
-4835
-1144
4031
9206
-1753
-9778
1213
4294
6583
-7319
-7116
-2129
8813
8886
8756
2844
2031
5421
7374
-956
1059
7537
9230
7692
-2323
-6630
-7134
9484
8127
8835
1324
-4552
-2550
7844
-4253
9731
2407
2395
-1394
-4341
-2161
-9160
7850
5027
-9649
5315
-3821
-1640
-7968
-3226
-3775
-3761
7741
-5864
3259
7003
-5888
-5204
8541
155
9425
5314
-7462
-9117
-1591
-9229
-564
-2319
-1324
-5760
7927
-9561
-2546
-1937
-4468
7612
-8452
-6550
-799
6566
-495
2087
-6042
-5605
-1733
982
-4677
-7124
-6038
-4412
-8708
3708
7792
-8427
943
-4560
-3747
-6315
7386
-3773
-5452
6429
7493
-204
962
7343
-9325
-8866
374
5450
-9321
7059
-7143
6692
-2860
6249
-684
2962
973
-5822
7500
-4088
9894
1271
8813
9526
16
4413
-3438
4560
-2470
2663
8052
4683
8224
4808
5444
7519
-932
5465
-2545
8723
-5612
7685
-9338
-6108
-8722
3647
2887
7684
-8419
91
-621
-5761
8276
3328
5486
-8845
-3105
9224
3478
-1257
-9490
-456
-4572
878
-886
-7576
6587
-7396
6069
3066
2992
2570
1246
-2234
5371
530
-3945
-6813
2288
3402
3868
-1329
-8541
2832
8453
-9578
-3244
-3481
-1794
5863
1558
2895
-8740
-7127
8740
3735
5417
2949
-2669
6797
-6753
9263
-3107
9939
-3632
-3740
-2278
-3597
4219
-3227
-3637
-6418
6062
-7590
8794
2430
4610
3179
3500
-9252
-7689
-3292
-3780
8858
8195
-8982
-494
-489
-1854
-4786
6350
8723
4249
-5721
3297
-6201
-2040
918
-3185
9875
2834
8502
-7010
-340
2020
8852
-7122
-7605
9565
9048
-2457
7258
5239
-3009
-509
-370
-4460
9329
5779
-2881
-6262
3224
3839
9067
5809
402
2901
7260
-5715
4742
1388
-1790
-5263
1748
-7575
-2731
833
8508
5038
4382
-7058
7800
-1475
831
9197
-9556
5565
8969
4609
2962
-4211
-3262
7985
2407
-844
5068
672
-1255
3830
-9200
-441
3107
4042
5493
-1632
7289
3445
-9316
9265
9254
-2872
-2544
8969
6911
4113
8535
8446
-8290
-6756
-7568
-7636
6009
2327
-6366
-7503
6410
-2903
-2535
5527
5855
4293
-2469
4700
4610
4153
-8716
-7854
-4355
4486
-5297
6663
-7372
1888
-8145
-1572
4038
6623
6133
8108
-3089
2930
-2049
4697
972
3263
-3538
-9316
6258
-9074
-3440
-8380
9986
731
-6384
-5133
1679
-5528
7291
8186
-4088
5186
6031
7129
7645
-5903
2666
-4763
-9614
-7227
-4528
6712
1192
-1360
9835
5265
6752
-6704
-9239
6351
5528
440
-9538
-4217
9417
-9542
5900
1331
-753
3151
-8539
-5335
3452
9080
80
2587
245
2984
-2430
5035
9117
-2245
1704
9953
-1389
-2308
4347
8788
281
-1832
3426
2247
5529
-390
-8862
565
2386
671
-8654
-1191
3785
-3116
4424
3320
-6625
-9264
-398
675
9009
-3689
-2908
2621
-2342
1541
-8309
4272
9166
653
-7054
4339
9005
-189
816
9482
2002
-4223
789
-6656
2797
-863
-2287
4483
-2147
-6519
9103
-6947
-6090
-8826
-8348
-8996
4620
-3780
197
-8226
-3545
8489
-2761
-969
4387
-3404
-8475
-8072
1056
9491
-3675
466
-6455
82
-8985
1239
2503
5684
181
-6820
98
5930
-3426
9238
6508
-6902
194
-9267
-8493
8643
-2057
-2019
-1010
7302
-8761
-8509
-7633
2834
8793
-6739
9566
6628
9607
866
-4327
-4468
6315
1703
8890
5536
-8797
-7040
-8054
3790
4649
1595
-6474
-8655
-1459
5823
3869
3145
-4008
1601
8373
-5718
-3460
2181
-7366
4261
959
7274
7005
8409
1748
3235
5978
2844
3629
4299
-56
8515
-6319
4321
-22
237
3949
-7154
-2297
8278
-8996
9442
-3489
2250
-7942
-4157
746
339
-8138
-8648
2881
-7135
1245
-4599
-7762
9023
4637
-6732
-9206
6329
-7703
-2506
-1182
3359
601
6453
-9000
-2561
8083
-3886
-8649
-4076
2088
4426
-6422
-1964
-162
-4157
6743
3782
-5105
-3238
8224
-8367
5997
-7189
7803
1247
7307
-8400
4987
5770
-3027
8414
-826
4755
9609
4057
5092
9991
9377
-2352
6044
9149
-361
5244
-2589
-6559
8797
4280
8797
-1766
7652
-1989
1915
-1563
5886
-984
-279
7566
-2226
-1318
-2584
1524
8690
4765
-8434
9742
2784
5507
3801
514
-2083
-7342
2782
1772
8480
-6329
-3755
4549
-2572
-1356
4364
6311
4058
6034
4451
-1981
-575
-4674
-1593
4296
4425
3800
-1621
8632
2989
2064
5652
699
1674
8739
5637
-844
9809
-2785
8198
8784
-7269
4699
1183
9865
3739
-540
2177
-362
4785
5803
-2207
3910
1970
-3497
-629
8531
-3845
-5467
9194
4745
-925
9106
1839
4173
7816
-8468
6590
-4153
-5807
-283
-4396
3730
2411
8258
7183
3151
6382
1056
7874
-5289
9714
-2793
-7137
-198
-5281
7258
5327
6121
-4908
5496
4864
1919
6552
-5025
-5487
-4344
-6754
7729
-7440
7724
4852
912
3162
5573
7491
-6146
-3860
-4479
2718
-8718
-3641
-15
-8945
-4325
7213
-9030
-6299
-2806
2512
-4968
-2023
-8290
6405
-3416
3516
8523
608
-6608
-4209
647
-491
-5479
-8448
-2316
5688
1315
8304
7446
-9732
-5804
5863
8931
-5192
5511
-460
-4802
6836
-5795
-470
-3948
2265
-1764
3899
-2293
-7312
9235
7020
-1583
-4436
13
4007
-9042
-2697
3340
846
-409
-4551
-5982
7687
2290
-8997
-1768
1739
-5716
700
-9373
-7814
-3389
-2235
-1444
-2517
-9589
5157
-4169
-5159
-6883
-8866
-8551
1782
865
7251
-4119
-1086
5618
1112
-47
6197
-8721
2858
-3949
8424
9499
4778
-4776
5884
7051
4872
3766
8548
-1879
-8678
9842
-5762
-1747
6656
-1725
5814
6563
-4986
-2470
5559
471
6942
-9556
2884
-2866
7491
8134
-1969
4246
2341
-4797
7481
-6082
-55
2674
397
4325
8521
3062
2312
-5581
-1755
8864
6668
1064
-1720
4496
-2311
-8065
-1390
3132
5353
-873
7908
-9465
-7646
9630
-2278
3722
3193
-7579
1163
-5408
6876
456
3622
7305
4771
4600
-919
-2927
-8380
155
-3517
1302
6165
-8655
9884
2143
7442
-5932
2786
-2282
8390
-6480
-2109
-1614
-1567
-5037
-9067
-9394
5618
-6365
6103
-8885
522
2249
8294
-5911
2565
7314
3667
-6509
-5587
-4156
8997
4242
-9528
-778
-8101
-6402
1315
-4260
-8951
-1527
-9607
-255
9596
9794
1925
9360
6972
1182
1097
-2722
-5675
7630
-2528
2536
-3197
58
-2766
7031
2005
8263
-8090
-4075
488
-3914
8569
1994
-1709
7132
-4533
-5995
1288
-4809
9334
-282
9739
4095
-6745
-2833
3372
9242
-7159
-7913
-7859
6889
9781
8144
1799
-2462
8732
-136
9575
7915
-2456
5375
-1605
-1717
5161
8791
8035
7304
-3120
7636
3894
9818
-1229
-574
-6410
-280
-5205
6486
4988
-2756
4123
9677
9400
-7643
-1849
4408
-1096
6723
-65
-252
3025
8359
134
-2592
1561
7910
-5765
3381
-900
-3367
5045
-628
-6698
-2322
-2511
2756
-3409
-2409
6739
-6130
9537
1070
8587
-7198
-2697
563
-1949
6940
-7614
-9995
-2313
2624
-1656
4795
4643
613
9366
-6275
-2035
5562
8375
-9180
9703
7141
-2324
394
-6433
7746
-1450
-7723
4555
-7764
-7472
909
4890
-1690
1701
7570
-7171
-2410
-3483
-4277
1446
4267
2762
-6877
4510
2416
8515
5060
-6185
-9691
8578
-321
-3884
-1817
-3044
-1565
878
-8416
1627
6590
2363
-3560
-3459
-8503
9541
-3084
-6361
-8557
-6535
-5471
3913
2970
334
-115
9895
1078
8840
839
1028
2448
-8180
-5714
6064
-3087
-6472
-5046
-2826
4739
7671
4454
9061
7909
6251
-5253
9082
1534
1532
7458
-7418
-7606
-3718
-9993
-4951
848
5517
2205
-4830
-1251
3772
3470
9191
-5794
1296
7112
1823
-1452
-6785
-8254
-8400
346
7821
5011
6212
-6304
4949
5070
-7250
2643
-4349
2826
-7608
7011
9422
3283
-2313
3372
1783
-6365
7952
2872
-4275
3352
4046
-9233
-1265
727
-6089
5827
-491
-237
8465
3783
-4556
4887
7416
-5442
-6841
5635
-6528
3723
-5029
944
-5985
9857
7250
6500
-7449
7213
-1395
4679
-3040
8415
6836
-5916
-8121
-8287
3195
-5468
324
-2812
-9382
2386
-5187
-697
-4937
6843
4500
-4400
9081
5606
4394
8237
-6413
9993
-2547
-3355
-8702
-3072
9262
-3589
-9090
5370
-5581
-3170
-5169
-8096
9409
7471
-4614
9331
-889
-8764
-7357
-2805
901
9851
-615
-1271
2812
-4472
-3770
-6082
1087
1731
-9967
3367
5527
-1160
9306
7469
1506
1547
-2676
1029
-6538
-9051
806
-6009
1009
-2539
-3464
3890
-3294
-7895
-2106
386
3061
970
-675
-4064
6947
8966
5077
7782
-8758
-4921
5101
3938
4951
-9154
-4743
4720
-1699
5172
-2517
-8537
-6553
-1565
378
-1763
2176
-5169
-3118
5521
-3269
5513
-4781
-9011
2591
-1274
586
-9503
7900
9554
469
-5102
8959
-1762
-599
-8744
-5605
-9547
-4502
-4261
4079
-1248
5063
8652
9719
-9888
8595
9722
-7912
6656
-6676
-46
-4065
-399
9936
8098
2254
2314
-5877
936
-6129
319
8294
-1322
2469
-99
2391
7577
9142
7398
6408
9380
8016
-521
-2870
1878
9566
7835
-813
6649
1773
-9173
-3039
-5423
-9773
2379
-88
5171
7349
-3101
-3387
6392
3171
5389
-3242
7966
-6082
7884
1308
-6377
-1834
7184
-8766
-8163
4209
-904
7601
-6272
-1838
-6790
1095
6518
4256
4119
9440
2553
7661
-3614
-1897
8372
7343
-222
-2656
-2758
1980
-8455
2141
-6405
4992
4212
5210
-8919
-4531
-1065
8476
-8114
8377
-6966
6145
-8405
-3752
-3980
-6007
6931
636
-7945
2245
-3755
4727
-4988
-4856
-3456
-3776
-8022
1517
2160
8918
-3638
-4501
1330
-4533
-6399
-296
7591
7426
7404
-1920
3546
2227
-5885
9218
2227
-9616
4775
2342
-1901
-1158
-992
525
6466
-1639
-3192
2176
-2493
6252
4355
1244
-9435
8735
-1070
-4118
-194
-39
-3537
-2709
-2746
3144
6943
8570
1666
9120
3303
-7416
-7877
-7021
-9842
5867
7879
3675
-366
3390
-5877
-3697
-7302
175
9045
7510
5798
-2454
-7000
-5220
3681
-9883
9392
9963
-4315
-2832
7905
4114
-3728
3746
5130
-4818
-6016
1357
-7693
9038
-2704
-3226
-8122
-8011
-856
-678
9404
-5426
2482
72
1193
3956
-6803
1733
-2700
2555
-2190
-3032
3353
4450
6944
-6334
4133
4676
-8387
107
3970
6080
-6873
-772
-3914
-6928
6426
-1724
8288
3655
4537
5870
-2964
-287
-5603
-4557
7182
8071
9021
-4954
-6016
880
4046
-9312
-6511
-5515
-4917
9573
6736
-7033
2273
-6405
-5865
8582
-1647
5043
118
4054
-3333
590
-1956
7852
7356
-3611
-4193
3673
-5151
-5855
1327
-7731
-1056
-4751
6513
5049
7008
-620
-8477
-8441
-2107
3792
4977
-988
-5390
2877
-9139
-9473
7877
-4862
3249
-5318
-9839
-8573
6013
-4844
9419
6957
-7156
-8539
-3380
-4444
-5284
-1703
6536
-3283
-2894
2904
-1307
-8843
4825
-5437
561
-4070
-9050
1083
-8686
-6817
2336
972
-5188
4875
-6364
-3020
7590
-3080
-5508
1835
-9405
-964
5661
9383
6585
5162
5748
4536
-4342
-4910
-5918
6895
-8049
2523
-7693
4034
2431
63
7907
-3424
3442
5225
7769
-4496
6947
-1034
4039
7547
2869
-4730
-9418
6427
-5767
-5104
3443
-5155
-4492
8723
3996
7741
9164
-2078
6420
3391
1497
-2804
-2791
-7631
-2545
8176
-7760
2417
1702
-5503
-5255
9578
7469
653
5367
8820
4109
-3966
5031
5676
1076
1519
-7862
9087
4536
-8767
2784
8506
-5313
-8080
8364
309
5198
-7174
-8973
1100
5371
-1584
-8153
4950
6909
6337
-5696
9713
-6144
-7846
5618
-1618
2619
-6108
5988
1690
7243
-6726
-2988
2801
6608
7685
-5841
2326
-1443
4231
-4347
-5771
-8979
-8121
-2667
7686
-5717
-2065
2916
-8422
9250
9701
2641
-7073
-7268
-899
357
7912
-4018
3052
8493
-3692
6351
4984
8772
-5388
-4864
2917
8867
-2811
6445
1686
-4885
7326
-2635
7654
-7730
8178
-659
6268
7221
-7529
-6706
-1462
-5924
-1613
-4787
4928
3575
9910
3593
-5295
-1736
4054
7463
1946
5683
3894
3990
2220
-3192
4099
-8722
6086
8611
-5072
7160
4345
9528
706
-7241
-772
-458
4991
5832
-4509
-5990
6582
-1150
-2475
-9579
3592
3486
4430
9585
9456
-6941
9138
8484
-7449
-8088
7672
-7168
1416
8072
-5839
8123
990
9847
1053
899
4025
2351
2019
3930
-8298
2087
5971
492
2593
-2730
4177
-6964
-6098
5173
5192
9564
5465
9307
-3487
-1137
-8929
-9933
-4063
7674
8315
-2104
-5552
-6142
192
8024
8090
7058
-297
1494
-3495
-4499
-9559
6624
5312
5081
-2182
8384
-8159
109
6129
6530
-3813
-4746
-3318
2711
-300
2047
4697
5145
3085
4415
-5146
-1922
1895
3362
-3457
2838
-1008
-3708
7210
-7184
-3553
-7903
2623
-424
-2688
-3163
-308
-8891
-3812
-5869
-8811
7483
9808
-1949
8693
-8561
-3125
6998
-387
-445
2935
-2042
9594
-4036
2031
7536
3879
4649
-900
2762
7678
-9767
-7497
3331
-85
-1139
8041
2988
7657
80
1875
2115
4968
-8091
4986
-5802
-6220
5508
-8516
5482
5824
1537
490
-5928
5714
-8319
1631
-5196
3724
-1320
4137
-2887
-5235
-2729
-2261
6693
-7924
-9568
6220
7875
9270
-6437
8427
-3394
7280
-1764
7380
725
-2868
5101
4178
1188
-6095
3014
-8305
-3857
-1050
-2317
3786
-6905
7490
-1615
8678
-8301
-5571
5021
-8788
8220
4031
3232
-5601
-2320
-9924
-7922
-887
9514
3720
-118
7764
-6531
2684
-7157
6782
2923
1459
-6172
-1632
5853
1434
-7605
9637
5912
-6173
-9811
-4856
-8453
1174
2037
-8
-605
-3603
-5961
-4544
5552
-3993
-3712
108
-3118
-3289
1365
2240
-9744
-7071
8283
9407
2759
6941
-2472
-1948
6712
9761
-5054
-7167
-1219
7394
9245
3684
-2848
7461
2352
2414
-6291
7279
-8932
7053
-265
2821
3221
2232
-6107
-3947
8168
148
-5193
-7332
-7503
9471
8504
7273
3765
-3588
1670
-7043
6256
-2027
-8635
-4772
9798
-2295
1019
-854
-2443
-7084
-3053
7331
-29
-6019
-8568
5415
5732
-659
-7767
4796
5562
8485
7737
-8504
-1376
-7608
-3699
-3735
8991
7857
-1181
2212
381
-7461
9159
-1800
2914
9824
-5490
8947
-780
-2779
-2094
8262
3842
-4512
-1413
-3802
-71
-6950
1963
129
6683
-3168
-7217
5644
1099
-2044
-7624
-7764
4656
-2021
5778
6538
-6825
8485
-614
-6075
3760
-6138
8354
7278
7366
1859
-9979
-9842
-19
-7690
8021
2768
8409
9429
-4150
5769
9353
6637
6939
-528
2474
7713
2372
-5564
8358
4318
-8982
115
9773
-1807
1074
-8691
-4137
2004
-1743
5681
-5487
3094
-8306
-50
9437
6269
4972
6478
7507
3631
-5382
4884
1202
-851
3118
-9734
-8068
7750
-625
-9668
4549
7502
-1704
-1838
-6425
6857
4173
8438
-5033
-5756
-5894
8674
-6374
-9512
3322
-9645
-7886
2514
5793
5405
-5071
-3001
-6275
-9608
-5632
-3953
7517
6442
2442
7166
-2222
2610
7800
3865
-8689
3306
1588
1146
4625
-8853
8718
5291
1969
-2754
-7319
389
-1352
8349
-4452
-8646
3800
-8760
2712
6565
-2977
1797
7407
9004
-4893
4281
-8740
2488
-6101
9670
-5725
5331
-5695
7801
-6554
-6707
4256
-3957
-4983
4616
8572
-7573
-8089
2852
-4402
-3771
-6576
3646
-8810
-5264
9782
-7657
2532
-1861
7665
-5626
-386
7649
-960
5718
4087
2871
4453
-5772
8336
-9828
72
5505
4637
6388
2284
7813
-4416
3591
266
9149
8318
4145
3657
-1815
7921
3913
-6788
3609
-1847
-2448
-3288
6516
4431
-6726
6113
-1214
9047
5682
-7510
-139
9872
-1079
2965
-2586
6344
1029
6233
-1606
-9776
3436
-8643
-1820
7797
-8589
-4978
9670
-6980
-1669
-6434
5229
6903
-3912
-9268
9763
-8329
108
-8193
-4852
6497
-4209
-2263
2555
-4279
1589
-8027
378
4433
5444
-407
-3524
9073
6978
8364
4750
-5519
3583
8371
-5417
-415
-7917
6136
3104
4221
-6783
1825
6800
-6652
199
1083
227
-8741
3309
9711
-7257
-6596
4294
4692
9750
-1210
5242
4963
-2473
1680
5306
-7258
7814
-1724
1462
6169
5804
-2208
6969
-8584
4484
7143
-9200
-5840
3638
-4939
-9421
-6965
-2418
8051
-1545
-5016
2679
4012
7195
6402
8232
7858
-119
1833
5589
8734
-7070
1267
9895
-5297
225
2620
1797
-1716
4718
1020
513
5603
3012
-481
-5600
1950
-2287
-8134
-3590
-4101
9279
5078
-9143
-6971
2605
-946
-6207
-7635
-7205
-9035
-5237
5143
-6552
4007
4794
1250
-6820
7440
6018
9336
-7949
7991
9028
3907
-3650
-2966
-7533
6834
6535
-5200
4947
9489
-4390
4873
-6232
-2297
9924
9961
5583
-2854
-7673
-8991
4721
-9477
9292
1713
-6193
-9782
1042
7048
9389
-190
6838
-4345
-8762
-2717
-9936
3447
-837
4510
3848
-482
2973
-3415
3614
-2678
5536
-2732
-4456
1
-1738
7157
-4285
9584
-8677
2063
8055
3868
1481
-1515
-4892
-3047
-1436
-4673
-751
-9940
-6588
-6142
-9751
196
6244
7681
-2009
2694
6656
3627
-1136
7436
-8662
-3916
-3871
5484
-5062
-1523
-2984
-4713
8473
4928
-3816
-1030
-298
8329
-5115
-2205
-6035
-7195
-8837
6327
-8204
-7087
9846
2700
9110
-6735
-2851
2561
-2973
-9115
2985
8836
8842
6714
-3009
-6201
-2085
-8881
9132
-6112
-5774
-2640
-2134
3874
-837
9573
9899
-894
1046
4029
-1973
-2595
2147
-8266
-5564
4458
-7693
3028
-9679
2916
-8326
2169
6267
-1469
-1095
-2995
-2231
4432
-741
1935
2331
-7125
-3
-4111
-2792
-6567
-8259
4128
1871
-1749
-8669
-6447
1464
6367
-8477
188
-9244
9639
4366
-8230
-4285
9088
-2799
-5735
-1257
-4626
-6566
-7811
1438
-2764
3458
-7539
-7381
2235
5029
613
3154
6537
4279
564
-2737
-6995
1319
699
4721
7745
-3731
3853
7817
2213
-3252
6447
-8374
3137
-2494
-7185
3941
5371
2220
6424
-115
-15
9736
-837
6413
-1305
-4671
-1306
-4269
4196
-3244
3035
4108
-2217
9886
-5628
-195
789
4288
-961
-2921
-7810
7396
-3917
-1109
-1576
4964
-4686
9158
4652
-2772
-7260
2990
-8641
1897
9401
-6637
-9951
-3427
-5182
-6260
1198
-9830
4413
-9183
-2990
-8939
5118
8096
-5750
-9405
4776
257
4722
5371
7850
-540
-5898
3095
-4970
-9759
-7343
729
6795
7527
-1797
-4911
1954
7032
-416
-7243
2777
837
1375
-3383
-3707
-6206
8453
2375
-3277
-346
-7811
-1579
1646
6787
-6318
-6153
7722
6769
3880
-5937
2722
-3667
3467
-3465
2872
-737
440
-6432
-886
-6751
-712
5241
4028
-5831
1716
-4433
6175
-9880
1231
9705
1687
-9583
-587
8990
315
-8533
-254
9219
3649
-3028
26
4363
3233
844
2736
-3574
-4028
-3185
-7572
8939
5251
-2327
3403
-9323
7808
-6935
1187
-4828
5312
6196
9891
-3726
1411
1820
-5407
-2670
-3319
2953
9104
8438
-6605
798
-1986
-8052
-2244
5740
-4638
-1843
-535
5001
8742
4849
5404
-7039
4597
-2953
-2560
-8391
5048
-4613
2683
6507
-3019
8124
1273
-5462
7301
2894
-3068
-3551
5879
-7255
4496
-7382
2612
4630
7465
-291
-4416
5551
-9325
4335
-1313
5265
7699
3102
-4530
-7888
-468
-9298
6854
9275
-978
2887
1029
5761
-2038
-681
-8483
-6797
5374
1060
-2927
1805
3157
8454
555
6515
-9294
2312
9545
-6048
7136
-5347
-3064
-175
-966
2128
-4076
6994
5
-1277
614
9302
8458
-7013
-7803
6702
-9867
-8457
9434
-454
5558
-9049
-2263
-2435
5847
7715
9332
-6824
-6296
-8361
-6217
-2798
-1000
9503
2205
-5906
8508
6129
1262
-1003
4166
8792
-6875
-6033
-9505
-8576
-9742
-3231
7025
-4296
-6947
-8725
-56
6503
-4303
-1843
8348
-2711
-4714
-112
-2902
4792
-7142
-7056
1265
-9323
834
5321
7775
5786
4982
547
4233
-6526
2378
-5728
-3342
-6701
4390
2700
-5337
1378
5755
371
4622
-4591
-9508
9599
-7817
-7762
2051
6229
5431
-8269
-3128
-4926
149
4692
7356
-7310
-3316
-5707
-1856
-8989
-5614
2250
-7424
7047
-2650
-3698
1689
6864
1486
-2301
632
2625
-3334
1271
3949
5125
-5877
-7492
5349
-426
821
4647
-4420
6797
2439
9558
-1939
-8625
9518
4328
8317
-1751
1741
7682
1712
-5279
1954
-3801
3888
-589
815
5996
-1213
-375
-9148
-6293
8605
-5615
3702
501
-2181
-3177
-2086
-2824
6314
1904
5073
-8222
7512
6557
-6602
4941
-4687
6302
4712
4371
6001
-6318
8946
3204
5860
3897
8533
-9258
-2468
1448
1834
5961
8734
8126
3609
9000
2220
1648
4327
6248
-673
-7936
-8038
3428
-132
4676
3019
9828
8448
6668
342
9691
-2448
6082
9083
4598
7313
8549
-7853
4339
-9005
2140
-7141
6643
-4339
4650
-8276
7940
-1409
-4495
1396
-235
-7042
6992
5328
-1155
-2576
5812
2426
-6930
5831
-7843
7924
4583
-6211
9303
3946
-8035
6059
-8495
9391
6805
4246
665
4992
5627
6924
1444
3521
1386
2448
-6913
-5820
8655
9838
-7844
-1692
-1925
-24
-4941
-9070
-436
3961
3781
-7968
1023
7465
3326
2804
-4660
-2930
-6723
3361
-8978
-1108
-6817
-74
811
-9046
-2050
-3639
7615
8139
5405
-597
4588
-7193
5969
-7451
-4267
-8887
-3872
5890
-9755
-9072
-7582
6195
-6773
-6230
-8634
-6950
3798
4198
4556
-635
-8748
-9507
7562
-7486
-4882
-3467
4410
8771
-4523
-3021
4163
9449
5010
-1227
-1662
1298
-361
-4828
-9325
-8952
-3705
-9864
-8284
9212
380
-7419
2235
1040
-4325
-6485
-809
9845
2094
2345
1403
4663
-2710
-6286
-7976
3475
6662
6464
2691
-8435
-381
-7443
-1609
4379
-2132
-245
2578
9571
1852
-6448
-8189
-3327
-4348
5262
9297
-9710
9441
-9491
585
4967
-7432
9437
3057
8683
-8676
-4947
-9548
-6757
604
-4809
-87
-5210
-5074
-5085
-736
-4924
-8904
-710
3637
-6743
775
-3722
5071
-3725
-9387
-1610
-7233
4006
-8118
-709
-9394
-400
-3370
-7005
317
2207
-132
-4716
-975
321
-7233
-1319
6887
-4714
-6430
-9010
558
6821
-8763
912
4750
8529
-2369
7978
-8650
592
-7772
-3038
-89
-8063
-7184
-6850
-1128
-5913
2457
-2775
4109
-5426
-150
852
2563
3227
-7218
-2533
-8749
1428
-3236
602
4692
9380
3132
4360
6184
-9526
-1109
2860
4185
-6851
-9946
8679
-6994
2413
-7560
6156
4344
-6466
-810
-9072
593
3956
-5244
-4545
-9049
9599
903
-753
7929
-415
1019
6379
9827
-7721
1107
4105
-5170
-26
-8360
-5614
-3040
4216
-4525
9775
4580
-6485
6641
-4411
2565
7339
-2123
-2346
5253
-2335
-7485
-8920
-5060
-3604
-8917
372
6815
4368
4479
4283
-6098
3596
9844
9
-9922
6441
6257
3402
-4667
-2956
-6925
-1988
-4987
8830
5328
1693
-2004
-808
8207
6272
-4018
4895
2663
658
9588
5469
-7931
-8875
-5467
-3591
-1400
8973
6900
-6212
2066
-8847
-1735
1956
8070
-3296
9635
4627
-1103
-2826
-4772
-3999
-1217
-7127
-4561
-3963
-9087
7725
4431
458
6263
-9623
1368
-2137
-7660
-606
8538
5763
7160
7961
-3491
6922
-6289
-1928
-4565
2266
-6038
5479
4970
9378
640
-4361
575
5901
2007
3220
-2947
4405
3673
-2322
4320
-759
6701
4867
3028
528
-4510
-1018
3077
-4560
6403
-6817
2497
-2302
-9891
4528
-6937
8579
6693
7691
-8595
-3583
-9833
8650
4052
7772
105
3398
4900
3176
-9886
-4640
-8202
-7568
-3792
-8670
-7737
7940
-3811
6998
2730
-3574
7715
39
5308
-8963
4050
5890
4689
4803
-3443
-2964
4895
7104
-4854
-969
-4478
-6292
2773
-289
5128
5887
-6455
1211
-1570
-7098
-4246
1399
-13
-4491
6868
-31
-3870
-5166
6439
-4815
-2524
4219
4894
9059
-4968
-303
7281
8052
-7172
-3372
6400
8645
-6636
-1204
9720
7250
-3659
-5214
-6657
-240
-3408
-5401
856
-5795
7013
5126
3363
-3687
-4848
2443
4306
-1833
-790
-9687
-2747
-2826
5103
-1792
-4954
4488
2477
9826
-7703
2499
810
5153
1492
498
9358
6508
-5594
2691
4574
7617
-761
3487
4773
-1295
2467
-7812
-129
3476
4114
8519
741
9042
7176
6752
-8902
-8551
-2923
9228
-4028
2201
-3578
-6311
-8652
-3019
2983
-9639
-8035
-7107
9158
47
126
-642
-759
-11
-4481
7177
-2349
3231
5964
6016
-5097
-717
9942
2115
-3510
-9951
1430
-2821
-4680
1995
6935
-9588
-5395
-1816
514
-6853
-8997
1830
-942
-5231
5191
9222
4159
7832
299
-2504
-9000
-7535
1181
-4201
8004
-8063
8203
3397
-2723
-7723
8103
1003
3669
-8872
223
7212
-3901
5813
-4468
-6042
5452
-4191
-2156
9541
2851
1702
7332
5405
8808
-765
8376
5933
-6236
-4569
4659
-9043
-9558
7994
-5964
-3304
-8333
-1823
3115
7169
-9647
-4107
-518
-6715
7102
5631
-2976
4671
-500
6564
-8935
5096
-3564
4684
3832
3372
677
8937
765
-6281
9662
-1556
-1539
5195
-7764
1114
-2739
9127
-4174
-6444
2158
7913
-3511
-6643
9379
-936
1638
1473
2485
6192
-4600
9500
5821
-167
9821
-1987
6747
4936
-2770
2811
-9061
-7326
-9555
-7208
-3494
7991
8624
3967
-1520
4393
3264
4456
9982
-5166
1575
9667
2296
8983
-8960
-9953
-377
63
-2232
-3247
6179
-8733
1018
790
8140
9233
-7542
-2232
7234
-3555
1013
4561
3403
-5789
-8995
4889
8950
-9914
-8512
8318
-2566
9391
3999
3594
3943
-8210
7916
-1547
-7024
8460
3857
-2032
3412
-3917
8084
6749
883
-9509
-6404
552
3721
6533
-848
9149
3378
3874
5450
-7703
-6631
5257
188
6896
3564
-1414
-6784
-8559
2303
-947
2380
6125
-2916
-9211
3622
8238
-983
-754
4265
-7
1350
8452
1063
6685
4778
-9713
-6382
-9469
-6161
7129
-9850
5183
374
7064
6702
-4524
-8250
-4864
-7007
-6471
5349
126
9858
7815
383
-3714
-9875
-2319
-3086
937
-4347
6876
3027
6176
3122
-6033
5134
8772
-9615
3224
4341
6176
-8074
-8769
299
-9550
-3242
6006
-8784
-2581
-8639
606
491
1129
2738
-2888
-1385
6669
5451
-9050
893
6644
7366
6766
6090
-9527
8032
9028
7921
-6825
-2628
-207
-1369
4816
-9534
4275
2295
-4142
-4370
3931
4577
-182
-2661
5587
1899
2465
8473
325
2203
5712
5623
6170
-1610
6900
-5764
-6124
-5091
-6862
1463
-9703
7981
8700
1782
-9601
-3977
8481
-7929
7466
690
-2795
7787
6160
-8199
-6853
-5897
-6631
-8789
2412
5638
5230
5740
-6525
8175
-3001
-1391
7278
1920
-3192
1914
-4483
-6047
-6093
1146
6800
-9750
5793
9762
-715
7072
-8309
-9451
-2976
-1991
-5521
3115
2598
-4496
-8094
-400
6481
-6356
-1566
7439
-5661
1641
-9918
7830
8874
-7440
9303
1053
5503
7422
-2093
-9681
-9203
1127
7228
-7177
6635
6875
-7429
-7932
-971
-5889
3698
9465
-6551
7760
8470
4795
-7677
-6999
7470
1002
3645
-9721
-3916
-8369
4478
-8018
8122
6501
-5172
9874
-4462
3829
-5109
-336
-293
3194
-6473
9519
4633
5034
-5305
5
-4938
-919
8844
-9716
5076
-2608
-243
645
-8611
9052
8815
4299
-1232
-6833
9886
2891
5724
7909
-3724
-8687
-9746
8414
-6802
-6533
-1796
6607
-6242
3281
-9762
9061
6545
2872
-9830
5509
-803
-1738
4869
-2661
-3419
2481
1977
1695
-5015
-7514
-8948
9596
-2240
8864
-9158
1467
9520
-6750
-4710
-5157
-1619
103
900
-6496
-4137
6804
1482
-866
-2348
1519
-625
8504
178
-2391
9978
6471
8606
-2750
-2322
3544
9550
5172
3762
236
2526
8361
8460
2227
1181
13
2751
-2224
7462
-9060
-8305
-5397
-7354
4217
3345
-8682
-9070
9925
404
4175
5732
5334
8772
511
1471
-4191
-7854
-8464
-2434
2697
5622
864
7303
43
9829
1311
3896
5953
-8122
3988
9606
-846
-667
-7718
114
5390
8999
1626
-9898
-8683
-9602
-7240
-9201
-729
9808
1407
2726
1931
8890
-8234
896
3445
-794
3238
6492
-7396
1955
-5684
-569
2141
9862
-1670
-4849
2721
3424
9001
-9973
2915
1150
6266
-1354
-2363
1512
-2003
-5240
-5839
1307
-1804
4286
4136
8152
9503
-7153
-2457
2215
-5421
488
-4595
-2336
6402
-8293
3595
483
-2523
2411
-3117
9255
730
8572
8568
-9931
-1008
5700
9390
7705
7812
5944
-8745
-4899
-1115
-8339
-6949
751
-5560
9252
8075
-9151
-4796
-9883
7084
4915
-3642
-4536
6609
5177
-9728
809
-1960
-8111
2876
-6753
-266
2416
-1301
8572
-7487
-4233
-2761
6156
5838
8146
3776
8775
-263
4585
-6751
8337
5170
-2830
6248
-7926
-3392
7767
7040
93
-7522
3601
4285
-7857
-3415
2958
178
-947
5739
9081
-3971
-6324
-7414
-120
-2069
-6702
8804
6225
-5711
-6265
9129
1934
9984
-1351
-1363
5732
-1745
-3459
-9078
7897
-387
5949
-6964
2919
-4667
-7528
-131
925
799
1401
7583
-3909
7317
-2585
3452
756
-664
-1987
-7784
5561
-9030
1792
-8933
-383
2317
8933
5663
-4846
8556
4456
9742
5044
3189
7076
-9487
-5670
-4671
-9012
4586
7148
6380
3668
-7719
6988
-4589
883
-6487
8229
2621
-4000
7761
-339
2827
5859
307
-7738
5667
5771
5138
-9083
2561
-6034
-8678
-5773
2985
-318
-5131
7410
-3432
8734
5962
-6100
-5290
7113
2748
-6119
3080
-9299
3613
-8181
-3885
5154
-3569
-8084
7867
355
8572
2456
-2340
2956
3665
7188
-67
5160
5375
-4157
-8191
-2096
564
9868
-1685
-4552
-5362
6191
-6116
-4843
-7528
1207
-5480
-1424
-4923
-6368
6793
-679
7541
-6532
-2718
9357
-1040
9728
188
4433
6217
6414
6882
6905
2824
-2082
-7833
4662
-3112
-5457
5539
-3849
-5324
-9607
2857
6985
-1791
-8824
-1135
-2863
5598
-8815
-6714
-5157
-139
-7939
1800
9946
-4531
-6140
8988
-6491
-3449
-368
-1328
-8895
4566
2334
7245
-4471
-9696
7017
-9138
-9548
-8183
5025
8780
-822
-6912
7700
-9245
8304
-5457
3603
6975
-2278
-2669
-6489
-3859
5987
-2920
9627
6357
-8073
2902
-1192
6902
7054
-9937
198
5703
4023
-1237
6522
5995
-4210
6821
-5134
9442
9570
2708
-7426
6514
4452
5807
8284
581
4643
7433
-5085
326
-3311
-6249
1902
2465
747
-4811
7858
-8241
-7581
389
2253
4231
7661
-7829
-5232
4446
-4953
3237
-7237
2250
4308
9709
8976
-2169
3281
-1417
9841
-64
-4556
-9866
4803
-2055
-1180
-4079
329
-9781
-8966
-4487
6476
-7862
2416
8790
-2985
2607
-922
-1181
-4902
1527
5789
8555
3163
-556
1122
8771
-2829
-3712
-2033
6329
3393
-1235
-3306
8326
1362
664
-7025
-7227
-9735
454
-4155
8391
5187
6376
-764
-9563
-1591
-1771
-7107
3023
3944
-9368
-522
3801
9667
-3145
1547
-6392
8805
5671
1547
-4682
-4017
-8296
-5612
-1888
-7210
4945
-2023
1893
-5199
-1218
8282
3384
7006
-5777
-8736
4769
2157
-2786
5211
-9806
512
6381
-9366
-6678
7247
4736
-5915
-2048
39
-1796
-1749
8198
2243
9971
-2938
4246
-357
1067
-6070
3843
3233
4339
-4
-3521
8061
9372
249
9747
7346
-9806
-9600
5147
2240
3957
8174
-6603
7418
-2555
7224
5136
3039
9611
5784
1431
-1175
9905
1036
374
-7722
3799
9950
-4171
-6942
8612
-7737
9665
8979
-204
-4116
-950
-9483
-2422
9093
3989
-3384
5969
-6190
-4348
3746
-8035
3267
5362
-847
5721
9635
-9507
-4912
-8617
-4967
-9386
9479
7689
-1639
6019
-2066
9486
7366
891
-2936
-3104
330
9260
1340
7186
-2636
350
7516
2106
-8691
2530
-5343
-4664
-8896
6768
-6649
-8944
-9974
3671
-3150
-2514
-2331
-8549
9539
4593
-4566
5714
-5872
5450
-3786
3829
2588
5114
7514
-105
-1963
-4497
-7878
-6897
-8013
8286
-1696
-1518
1534
-6626
-2946
-8543
8837
-8068
-3499
7738
-4690
4299
-1284
-6761
-7826
1405
-9370
7271
9923
-4270
-2922
-3584
-548
-151
-1290
-1896
-1737
6250
-2754
122
-9354
-4351
-351
1158
758
1151
285
7354
4099
-8897
6288
4731
1000
-6431
-7765
-7033
3805
-8489
849
6387
-6688
4946
3272
5796
3230
6451
-1673
5150
589
6806
9856
8113
7711
5100
360
-4568
1726
-9370
8167
-3365
-4983
1009
7114
-1034
8238
2219
1828
3915
-7736
8534
7645
407
9782
-9264
-5006
4851
-4056
3840
-2204
-3304
-8117
-9189
-690
7039
7203
-4825
-3534
7655
1745
-171
-3469
-8896
2135
376
4391
-2358
3416
3363
-2395
-3070
-3220
6996
-3575
4421
1598
6866
6304
-1911
3101
9225
1268
8449
-3125
3411
5527
8487
6158
-3744
-2458
-1169
-655
-1177
7708
-3009
3770
2480
-6183
-1703
6204
-6335
-4726
-1577
-3737
-3630
-4612
-6637
-4424
5628
6285
-2528
-1020
763
4393
-5365
3004
1869
9534
4963
7543
9184
6045
-6404
2913
-4283
3744
3382
-6569
2753
-1754
-2765
-9110
-5518
-2084
932
-2801
5879
6870
-398
271
8026
9969
646
1234
8799
7907
3135
-9719
354
-9034
4112
-2173
5498
4846
-1933
6545
416
-3317
6797
2981
4520
2453
775
8402
-6498
-3841
-7729
6907
-1088
-4247
8318
-7570
4657
-6688
-7803
4788
2360
2826
-6442
2146
-8446
-651
-5036
-9778
6365
5814
-3645
5005
-988
-1346
-5230
-5374
7484
-4038
-4090
5505
5357
-5795
-3925
7569
1503
4274
7488
4074
152
-8781
-7965
7631
2423
-8504
7889
6094
-8953
-9266
1857
5033
-2744
2874
1111
-7446
-9851
9777
-5340
3433
-8632
-6818
7388
-738
6866
5628
5584
-4075
-2708
-3297
-5515
5446
7611
-3935
-1043
-7802
7052
6073
2206
-1773
6883
3103
8891
4144
6581
4743
7273
-8099
-4591
3194
-5120
3021
8845
-8428
-5184
5119
-610
-3018
-4986
9282
5105
-8760
3814
-2280
-2930
-7949
-4579
7776
-3206
2574
3587
2958
8379
1430
9361
-4403
3533
8171
9841
-4020
-9747
3092
5603
-9177
464
3190
2368
7851
33
7183
-4828
-1820
-6963
1053
-5745
4481
-1943
-2709
-2753
3012
-9971
8075
5088
-7122
-161
-3490
7413
3397
3703
-7158
8667
-9580
2130
3998
-655
-6228
-9223
-4173
-1127
4231
9030
1133
-4786
-107
8240
3064
-1353
1865
-9968
5753
-7862
4128
-2120
5544
8759
2198
6825
5850
-883
6563
178
-890
4230
-2770
1400
-7565
2756
421
-3796
7934
-9519
7423
-9968
6825
9324
4961
2707
946
-2424
-6299
555
-7216
-2582
6648
-3937
-1263
-9396
-3027
9985
6672
-9399
5628
-7153
-2516
-3455
9604
-6051
-8672
-8050
-7525
4460
-6019
5005
-3276
-4389
-372
-1126
-334
8400
-5608
560
-2019
3602
-4142
5747
-2938
9909
2558
759
9810
3906
7698
-7196
8913
-9364
-4471
4173
-7431
-5190
194
8932
-1493
-9373
4221
8470
3062
-3431
-2627
-762
7599
-6735
-542
2543
-7743
-5888
-6550
-2489
4714
-5667
-379
2051
-9276
-5813
2591
-3435
-5409
-7865
-1202
-8781
-1565
-9774
4497
9780
-6961
-7404
-4279
-5079
-6537
1468
-8915
7805
-3624
1897
-7650
4043
9324
436
3867
3817
4977
-9229
2789
5195
-8153
-3406
-6394
-6274
8699
1414
5959
-9270
-1336
-5039
-1241
-3806
-815
9432
5973
5725
-1154
5700
-294
1393
6216
-9660
7092
-1712
1098
6366
-801
-7059
4190
5878
-1387
9283
3921
1377
5734
9921
-270
-8824
-8609
-3076
-1873
-1396
-6323
-9719
5452
4075
-8153
9532
-8861
-2667
-8062
3312
-2856
6937
-9568
5047
-4777
7814
-676
-5147
-6167
5484
5572
7946
-1097
-7738
-9121
4437
7578
-7933
2823
9245
9490
-811
-4156
4836
-9461
-8543
-9966
1351
-9399
1800
-9141
5026
7373
-4710
-360
-1123
-9304
-2193
-226
-2225
7688
-7938
-6665
-1231
3843
3022
9035
-9539
-355
-70
-8449
-7955
5744
1608
-8804
1327
7144
4835
7704
-2968
4984
7773
5506
9158
-1876
-160
-3727
5517
1259
-8129
-3160
8659
3767
-4047
7513
-8077
6881
3178
23
-9102
-2749
-1007
2094
2
-9225
-2762
-8173
-9799
7881
-7997
4689
9390
-2117
4914
-7490
8161
3585
-9067
5945
-8531
5518
-9387
8152
2663
-6008
71
9098
-2847
-4289
2892
-2620
6319
4127
-2087
7808
-2512
-4616
-1443
7614
-1112
7495
-1030
3128
1247
2371
7599
9029
-4730
-449
9024
-6076
2132
6535
-5134
-9504
-3584
3075
-1548
5208
331
5099
2813
8394
-2485
-6465
5736
-3885
4180
9858
-853
7143
6059
6717
8811
-120
-3673
4931
4893
-3355
-125
-2965
253
1335
6142
-9223
-523
4381
3192
-6309
6968
4784
6695
1906
412
-6558
-7197
-2116
-1891
33
-456
-5354
-4700
-1556
-4753
4126
4312
-4087
-1518
2133
2795
-3401
-5611
4288
4992
-3978
-4927
6786
1645
-4968
-4244
-4259
-8256
6007
-9751
1916
9211
-8587
4410
-4160
1940
-707
7557
-2171
2495
-6966
-695
-266
-6876
-7069
-4941
-1913
-8827
9182
-4481
-3143
-5226
5589
6128
-2783
9593
-4514
2512
-130
9491
251
-271
2665
-4555
7183
-1316
-584
6400
-5809
8310
-4839
7999
6423
2762
8553
-9157
199
8473
6469
8307
3885
7272
881
5552
3841
-8856
-7848
8639
7769
4702
9285
-7837
6879
2442
8065
-3300
7303
-4857
2805
9155
2371
6709
-9255
1993
-8504
6899
-7238
-1656
-2645
-3129
-1755
5050
-4787
-4475
-9168
6005
405
-3262
400
-6111
-2539
5644
7792
2813
-4804
-1428
-2803
3093
-2408
-1499
5584
-6000
-5462
-4484
492
-9925
-3342
-7637
-5355
7651
4722
6861
-4969
4996
-8248
1947
-3053
1210
7765
6881
-7751
-7906
-1555
-878
5801
-2736
48
-5308
-3239
2167
9513
9781
4420
9025
-3501
3068
-3765
-2176
7900
-8352
-8342
2185
4843
3292
-9765
9262
-9538
-6034
914
1004
-8382
-7078
-1882
-7981
-918
2807
8422
1494
-8405
-6002
9779
-3744
1064
5677
-3500
-6649
-9409
-2474
-7376
2329
-447
-1043
8811
-3938
8912
9361
4396
-1610
-3103
6371
9155
7461
5095
427
8123
8040
-4903
5042
-738
-7816
5687
-7494
-5535
-5944
6959
2715
3122
3921
4636
-8145
-6843
-1753
-4220
-460
-7483
7953
8889
3977
6358
-7755
-5614
4573
-3915
-6184
4244
4782
-8947
-3553
-989
1604
950
-9942
6590
-7224
-9503
1962
7225
3480
-5730
-4004
6281
2363
2509
7658
9153
7463
-1405
2588
-9739
7542
-2673
-2877
2681
2634
-2620
-3391
-1727
6682
7518
-850
-6595
752
3944
5895
-4923
-2905
5248
9773
3615
6690
-8934
2055
4398
-9626
-4424
3036
1044
-8184
2277
-6882
3679
-4388
7298
-9807
-1216
3673
-4418
-5181
6909
6389
-4887
5915
-8854
-2514
-9380
-7308
-6948
-688
-4896
929
5044
3643
6875
1147
-6380
4216
-6191
1761
-2369
3750
-6854
-4101
8062
-6037
-2600
3134
7212
6547
-8528
-1621
-3607
7430
4286
2552
-7261
-449
-4140
-2385
5832
5449
-643
-5149
-5135
-4841
8986
-5138
3032
4823
-6441
5015
2179
-5684
-148
-8267
919
-6323
-9059
-2048
-5110
7888
-4318
-7053
-8642
-7283
5085
8185
-7063
6534
-8143
-9791
149
-3823
-4096
5107
8361
-3487
8924
8414
-7405
-8004
6833
-8227
5460
4150
5273
-3359
5744
5547
-7641
-939
9706
5072
1519
5921
9117
-9667
-7339
6465
4529
-779
8024
-5323
2502
-7296
6339
-2680
1641
-1574
-61
5559
4161
5658
-2431
2711
7456
-5532
5832
-939
3473
-5089
-2306
6043
-8235
4681
4700
-4113
4110
-7079
3544
-2096
-8982
2161
-4090
-2424
3141
-794
-618
-7622
-759
4729
-9943
2580
9222
-6111
-8318
9108
9704
8070
3380
-6776
824
3576
-5575
3052
-6092
3462
-1865
7024
2591
4215
1829
5187
7466
2852
-2048
840
4381
-7544
6113
153
9197
-2490
-2953
9647
7805
-6513
-5521
4225
8967
4319
-975
-5525
-8701
5222
-8287
-4260
-3373
4339
-4804
8908
-7804
2280
-4551
6458
4789
1121
5086
-4420
-6670
-7427
4227
-2249
-667
6721
7945
5401
-7975
-6467
9366
9927
-8162
2855
48
-4582
-1142
-25
5048
-2782
9834
-7771
9448
-3408
-4896
3102
3392
2743
-2803
3817
-5426
9295
5632
-5177
-79
-1641
1194
-226
-3134
-7893
-3645
5813
6131
8032
7631
-8999
8300
-4136
4266
-6157
7488
5556
-3589
9703
-9393
-5259
-3146
-5157
1255
4440
2692
-6124
7638
9839
4608
7796
1026
-3221
-6646
-6470
1706
3798
-1698
9768
-1950
1618
3093
6156
-1650
1478
670
3723
3027
-157
-1222
3703
-8675
79
-5824
2622
6500
-3381
7145
3532
-7258
1506
-7429
-3729
9611
5791
-8959
-4381
6310
4989
1121
-5232
4627
-7419
3154
3010
-5475
-4830
-3313
-4491
-1738
-7450
-3393
-9423
6925
-9047
2880
4984
-9308
-669
8363
-3919
4190
-4897
8332
1396
-1021
-3393
-5986
6904
4343
-1571
1589
1071
-8305
4656
-5761
-9840
1326
-6636
-583
-8994
6074
6103
8577
-9440
4322
-1514
-2966
744
9037
-4794
-6314
-6605
4239
-6657
5925
3461
6158
2911
-3152
1236
8290
9488
183
5253
5092
-7809
8085
4766
304
6509
9810
-776
-8171
-3371
-1858
1798
6752
-245
2367
219
-4140
-5905
5559
7059
-8062
-7545
-9246
-2780
6453
-5605
-1855
-7363
1350
5685
7928
2412
5508
9090
8728
-5346
-6865
7126
590
-3131
9743
-2795
6001
1146
-1424
-2151
7082
-5813
3198
7114
2779
-9663
-8787
-551
-8261
7270
-9649
9432
2761
-6531
-3885
-3244
-9495
1510
9439
4004
-9520
-9611
-4269
5061
7129
38
-9113
-2889
-9934
3797
8673
-2853
-5644
-7767
-820
-1671
-922
-9462
3106
-8865
-741
1122
-251
1740
3647
17
-7659
-2222
8585
-476
8553
8351
9150
-4251
-2116
-512
4656
-6955
3768
-9242
1105
-1036
4198
-4595
-1951
4043
2439
-7057
5189
-2253
839
-953
3670
-6187
6831
6387
-4663
-98
-8787
-2369
7180
1852
-5418
-6772
-275
4963
5799
-5068
6386
209
3487
9109
-7184
3214
-301
-6134
-1870
-7627
-3368
-8826
-1599
3534
6484
-6758
974
1824
7162
-2253
9216
-6229
6491
7448
9584
-579
868
8252
2714
-1602
487
-9856
38
4018
6935
4504
-905
-8637
-3241
6224
-2469
1351
-6790
8276
9249
3925
6342
-2584
-7422
-3901
-4447
-6321
9867
6703
8759
8586
8181
-803
3137
8098
810
-791
8767
9849
-2179
-4001
-4672
3082
5547
-9262
-7329
-71
3598
4073
-1988
-194
9677
3035
2841
-8832
475
-9746
-4065
8933
7174
7294
-4778
-360
4253
-1798
-284
-8053
-9808
-7097
-4783
-6735
-9678
9006
9394
8727
9145
4920
-606
6083
370
2467
8663
-1665
-4788
-6416
-8382
-7151
-6269
6223
-6845
8198
992
4451
-1479
-2945
-6928
-8520
8179
-9631
-6865
-3260
7320
9528
8973
-8838
-9075
-7526
2112
7701
-3864
-1290
-5809
9508
5242
-133
-2373
3007
2549
4857
-5179
640
-3539
-4874
-3658
9930
8310
3236
5344
1444
-2635
-3601
2012
8959
-9929
3613
7685
8432
5769
7700
7281
3491
-6511
1960
-9625
-4361
347
5059
-3534
-5753
-8713
-5272
-9964
-4405
7048
5058
-9386
-4957
939
67
-6818
7808
-3700
-732
9522
-6567
7109
-3465
-7910
-3985
8783
6902
-8942
-9035
5488
-7307
9339
1286
4098
9760
6716
-3103
5331
-7606
5878
1957
1348
5926
-2666
3432
8016
-5669
2203
-3917
9835
637
-4326
1285
6698
-425
3345
6800
9993
-2237
-5512
-7871
-8585
-3295
6032
-4963
1892
7266
-2998
5503
7723
-8747
9954
-5558
-4116
-8581
8372
-5758
9386
-1368
2757
-188
-5515
7734
1342
7381
-2178
6199
5085
-2753
-3660
-8517
7521
-647
6998
-5608
-1486
-9057
9706
-7347
-3415
9
4430
-6937
-7564
7687
7298
-3191
-4162
-1965
-4060
8549
-5339
-1484
2991
-9549
-8236
-5486
-2322
3884
3466
7980
8904
-3886
4084
-7765
-7023
-9585
156
-8241
2998
6911
-7560
-9156
-5205
1948
-6465
8500
-7085
30
7573
4518
9579
-5516
-7400
307
-7638
-4960
-3347
-8729
-4501
6674
-6825
-2781
-958
1141
-7448
5419
8215
624
3524
8692
-9458
727
939
504
-4368
-2568
471
-5879
6237
-5307
2832
-8823
1375
-1507
-5930
6933
3233
9499
6115
-5538
7789
-9917
-7235
-6681
-3443
-678
-9284
-8961
3457
-2719
-4493
-1317
-5326
-8998
5419
5319
5295
1446
-7635
-8620
7011
8508
-8865
-3463
5186
3105
7662
3310
-5602
641
3118
5774
-4787
6551
5543
2716
1988
-8189
7403
-4543
-3285
2997
-2278
-5087
-460
-1505
9605
6505
2893
-5127
1255
8644
-9049
4965
172
4262
-9978
-4901
-1508
-145
-728
-6459
6953
-8376
4429
8572
-3159
-858
9274
-1245
-7282
-3652
2241
3460
7947
-5260
-7033
5819
-9895
2553
2375
3890
-9533
1022
-927
-6430
-4471
-7155
1085
7410
-1803
-9623
-8068
5931
1001
3331
-8340
1746
-1292
1304
-5152
-2545
7816
-9094
-4714
8521
8881
3880
-9129
-8015
-6978
-4873
-5221
3260
-1395
-1809
3311
3545
3224
-1573
8170
4551
-406
9900
3698
-4951
7825
3489
8220
-2574
7194
8652
-9304
-977
5485
129
3130
-4545
292
-7919
8234
8469
-8016
5866
9726
9466
-4534
4695
6432
-1286
5690
-874
7891
-2000
6401
-6107
-4626
-3555
-4957
-8426
-1318
-2008
-2115
3575
-6147
5082
-6997
-2575
-6830
-134
7723
3017
268
6032
-8577
-347
-7194
-2198
-1399
-2611
4665
-189
7341
-4200
-6809
-3101
-8754
-4142
-6205
-8230
2268
4142
-4518
8132
7462
-5427
-4042
-7168
5272
5915
-7084
2411
3549
5555
765
5516
7048
-3671
-8849
-5615
6369
-7299
-297
-9939
-5473
-7347
-6651
7687
-695
6786
9621
-5048
5325
-6132
-5776
-7872
-7955
8416
-6340
3662
-4240
8126
5091
-5190
4917
8050
-9562
7882
-1534
7818
678
7776
-5477
2020
7892
-2966
-1907
3350
-3160
4280
-2418
207
561
-9646
3748
-8061
9169
-5910
7782
-1026
5060
-3755
8993
-6577
-8305
-2873
-7303
645
-7067
7966
1088
-8322
-6337
-2444
-9195
-2419
818
7072
7584
-1660
2936
7599
-7474
1375
-8179
825
-3988
-8616
-7966
7207
8392
-9638
-2712
5591
-8703
6648
3382
4070
2996
-8073
-4678
4091
5027
6422
27
5102
-7471
-1226
8475
-593
8756
-8165
-9095
3473
-9849
8746
7028
-8068
9018
-208
530
4218
-5284
-2761
5891
7350
-2667
273
7825
-6408
5060
3170
5034
-9747
-7109
-1105
535
-6775
7617
8615
-5982
-1963
55
8279
-3118
-7674
509
6613
-3148
6834
-692
-7981
-7076
6566
3862
-2044
-5474
-372
621
7381
9582
-759
9495
8405
-9220
5446
-7524
-694
-4350
3194
-5232
6828
-9999
749
-3508
5089
-1280
2136
5808
8806
5296
-6762
9984
3654
573
-315
4385
917
-7725
-5771
5523
-1031
-2187
5210
-9646
-8065
-2395
9985
-3737
7493
-4887
-2096
6303
3173
-2073
-6461
-6077
-864
-7507
-534
-2941
-9482
9410
7840
-609
-9875
-6911
9394
6165
-2544
-6917
-8439
9137
-5402
8350
-6296
79
3405
-2726
-8197
4819
-9089
5767
1438
-9694
-941
-8318
-3037
8021
-491
9132
-6127
7385
412
2860
1382
-8791
-4074
-8696
-9912
-6149
-3774
462
-1677
-5582
9555
-3729
4363
-8432
-7661
4695
2794
-1593
5195
-7795
-9566
6835
4869
450
109
8859
-6180
7455
-6969
7881
3207
-2591
-1522
-7618
9607
6671
3771
496
-5243
65
-1819
8992
-8700
-7667
-7708
7172
8396
3940
7675
4145
-1771
5931
3466
-2989
-8138
-9346
8942
-1794
-5913
2035
4260
-1387
2595
-1898
1556
-9716
2187
-5870
-8649
-1261
-2006
-4422
4930
1565
8432
-4622
-9226
1435
6822
-5137
6407
-7651
7813
-849
-7783
7889
8573
-7171
9826
3110
-2893
-6062
-4448
5130
4686
-5584
2137
5751
-81
2700
476
3646
-4766
8680
-8674
7176
-2158
-3687
-5010
-8719
1638
5889
4359
9499
-8041
7263
9832
8545
7601
3971
3136
-5499
2802
8273
9770
9521
6919
-7563
646
-3774
7817
-1249
9183
3547
-4983
-4303
-8873
-2066
5119
-77
-3818
7909
-6212
-9343
-4870
9905
-1041
-7830
6505
9688
-2145
3505
3181
5667
-6104
-9942
-4902
-9304
9131
-2506
-2461
-7014
-8692
2291
-4433
585
923
-974
3563
3969
9703
-255
7862
2253
6579
-6325
7936
6451
-635
-587
1725
-6531
6737
6312
3266
1216
8174
9621
-1816
-9911
8413
-590
-8510
6990
-7177
-7884
-8696
889
-6343
-4973
-8430
1965
-9840
2957
3321
5898
3672
-1188
-776
8200
-1142
-8219
8473
7255
8308
1932
-2693
1551
-1151
-5436
-1968
7367
9633
5947
-3096
2791
-6580
-2764
5326
-714
8444
7324
-3545
2057
7120
-4167
7101
-9309
6311
-1882
75
9580
9383
-9617
9220
5595
1076
-8967
-3024
-4258
6640
6594
-853
-4244
9533
3253
-197
5023
-6142
-6421
-2985
-3279
-1325
-5224
-7322
-1644
-555
6279
-7384
2579
3590
49
-7607
6967
230
-1892
9063
-963
-1500
2516
-6059
-6370
570
5470
-1980
74
-2665
7584
8085
-3696
3849
-2286
2799
6269
-1585
9654
-5873
1321
-4195
1268
6571
6292
7023
-529
-5499
4225
9006
-5789
6994
-4239
-722
-4025
5464
-3567
9886
-2129
9970
-1731
-831
445
-2391
7198
3124
3143
2556
1720
6625
-3549
-3377
2773
-5793
8856
-9458
-2727
9665
2895
9535
286
2808
6528
-9065
4883
-9341
-8096
-9989
-6874
-720
8865
-2375
-4481
-9047
-8300
-6377
6356
-1373
3052
-4791
6841
-5834
4936
4003
-9562
-4008
-2726
6538
7732
385
-4417
-3567
-3391
-2581
8759
5593
2348
-136
-3008
5610
-6838
-5128
-1817
3820
7342
-3829
7666
4878
3947
-2464
1691
-2899
-3902
-8974
2681
-3176
-5037
5852
720
5027
-1800
4904
-943
-6431
-1638
-29
9610
9479
8259
9274
4398
7088
-406
-4956
7998
1395
-6725
6041
-6481
-8176
5371
-7377
-6158
7243
-6597
-6012
-8393
-2682
2549
-4820
-2429
-3215
-8830
1185
-544
-1357
4143
-2600
-1983
2378
8895
7533
-6543
3073
-28
8855
5864
5572
65
3012
-2421
-7752
4593
6581
7822
-4804
-850
-6519
-6993
-4697
472
9269
1754
-6703
-2756
7537
-3605
-5243
6932
-82
3336
-9173
9681
-2792
-276
-9067
-2693
-9385
-8452
-5655
5424
6302
7042
6243
-1090
111
-1269
-5517
-6129
9992
1848
-7547
-5739
4744
6998
-3844
8120
5892
2261
2507
6597
-1183
5620
7544
-9942
-5284
-8153
-833
3928
3466
-4966
-1226
-8592
-4702
-6751
9536
-7447
-8424
-77
4050
9847
8633
3359
4662
8039
-2391
5899
583
2314
-3
9805
-2504
4976
8033
-5429
-5009
-3740
-3016
-6649
5638
-3678
-1797
5446
1183
6867
-9527
3760
959
-6822
9819
850
2873
-4405
-6925
-4288
3540
-2185
92
3668
1840
8856
-8497
-6686
-285
8941
5340
-3695
4196
-7075
-7227
326
-6645
-9953
-1859
-243
-5763
866
5447
2164
-1391
-1510
-2619
8936
-3272
7567
-2152
7005
-622
-5958
3200
7571
9874
-169
6498
6742
-7931
-3332
-6970
-8618
1114
-8810
823
5068
-4582
-1264
-2221
-3674
-2830
-6169
-7585
7450
303
-3182
8517
-5933
8815
8076
8219
3035
-9785
9785
1204
185
7183
2230
-4369
-9281
-5357
-3887
-7732
7607
-3271
-255
5145
-8982
-9365
-1186
3367
-5734
-2635
-3313
6324
8229
-1090
9116
-1764
-4307
9656
4426
6702
5560
-2280
316
-1151
-2549
2947
-7031
-9857
9924
-619
-1672
-5472
6
5737
-4432
9906
9027
-3502
8392
-6106
-9231
8642
6162
5499
-8049
8538
6650
-8155
9969
-1636
-6156
-8244
-6116
5223
-996
9425
-8990
-6560
8610
1975
3249
-9425
6683
-3714
396
-7222
4432
1266
7824
3918
-2341
-4133
-7230
-1664
8876
6892
3917
-7022
-3676
38
-1220
-7838
7350
2868
4489
-7638
3463
-4780
-5435
5479
-9966
6460
-2673
6639
2079
9045
-9288
8547
-6558
9241
1426
8834
-5789
-6150
9503
8531
8280
9059
-3950
2466
-6671
2739
-717
6337
-8157
4805
9143
8180
-5811
-5297
-5279
3589
5832
6934
4141
-4707
3497
-9928
-3692
2702
-2386
-2812
-5475
-5077
-3936
-9267
-7173
-8550
2332
7745
-9913
1756
1093
-5965
-7632
-6241
-7806
-2500
-5826
-6332
-2578
-1256
-7765
1729
2011
4254
-1890
3169
6585
6821
6087
1414
302
1811
2354
7242
9259
-2401
-940
607
3022
-388
6805
2138
-2926
-6817
-140
8049
-2672
-1070
-3835
-8362
424
-9719
-9137
-7673
8381
-8119
-8073
5243
-7164
2312
-1615
-4924
3742
-3392
-4239
-4083
-9388
6710
8202
399
-167
8513
-1573
-3640
1787
1653
8803
-7828
-1460
-3452
-1837
5717
-1839
3672
3821
-2903
743
6144
-3406
9577
-2660
688
-6019
-7531
-7847
188
1570
1971
-1739
-9962
-7534
-4991
-7580
-4518
6353
7265
4367
2505
-9654
-609
7471
3531
7151
-697
8239
272
5153
-5526
893
-6695
1026
-4950
1431
9627
-7993
4232
8968
8391
2801
-7679
4414
-7816
2517
5390
-1731
-8570
-5826
8405
7283
5880
1631
30
-4102
-7856
6760
7056
6279
-474
-6793
-6324
5836
-3767
-2449
-5669
-3618
1314
2752
-8850
-70
6210
-4262
3636
-6005
-6345
-4387
9964
-8739
-8756
-3529
1886
-8455
8556
-5827
951
9734
-8775
-3037
-8538
8160
-3867
2876
-2699
2415
6232
1591
-3121
410
8031
5595
7417
6881
3412
513
-6895
5529
2856
-8848
2785
211
-2301
6982
-9685
-169
-2506
1431
8650
1441
-7188
-1098
-6462
8360
-8165
-5580
-4300
-3225
-8660
-3166
8757
-8033
9622
2947
4351
8433
4079
2685
-1923
-9260
-8189
7216
3500
9182
3456
4894
-2196
-1156
-2155
-6925
-9887
7420
6351
3811
7347
-8557
8323
7650
119
-2431
8128
-435
-26
9910
-4105
-6428
-2197
-7609
6550
-6288
-3391
-3061
5373
-6823
-2465
3879
-8553
7435
4625
-5738
3097
9342
4142
1746
-5723
3979
-1660
5341
3232
4485
3355
875
-7815
5251
-6894
154
9253
8093
-3534
6889
-9102
-9804
239
-3842
7515
-6743
-7030
6179
3709
-6732
1391
9402
-8281
1454
5922
979
-231
-7818
-3429
9268
2197
-2468
-5232
-1784
-8506
-2630
-1087
7430
-4647
-561
6054
9309
8482
-1791
-1816
-4005
3544
-9790
-1922
-8745
3074
-4730
-55
4933
2548
-5072
-788
6290
-7079
6681
-8080
1844
5704
-2715
8820
7612
-9370
1868
-9112
-438
-7761
-3174
1766
4597
5994
8630
-8931
6544
-8579
3539
-2774
6002
-6422
3292
-7248
7429
-4431
5933
4970
