3830
1
9370
3356
5079
5984
6857
6430
1905
4791
3895
2927
3070
8598
5162
3061
2862
5466
7217
5640
1635
1710
5665
9805
2726
4037
3188
459
4510
3608
1663
9499
5377
9821
2334
8125
3920
9826
4831
7309
8222
3248
5508
3716
1439
5015
5919
7819
2082
4352
7059
4083
5809
6949
8076
6124
1092
6299
3975
186
999
5648
8687
1230
9420
6399
7457
3211
4963
9561
4564
676
685
3980
8754
4687
3488
2356
6103
3743
7121
7501
8309
9653
8617
546
8185
710
9466
2412
2215
4635
7544
2744
3882
4713
9879
9734
2191
7275
3794
5212
3897
3365
6834
1809
7339
2957
4708
7140
9689
2899
1459
3099
462
8497
4299
4731
2070
2042
2857
926
7203
301
1258
8520
3728
4828
7746
8343
4281
7444
9237
1288
3340
29
1844
2937
8038
7240
1918
1810
5649
5214
6428
5733
22
7693
1439
1614
3102
4561
4566
4398
8279
2590
9592
6347
5126
3038
2557
4693
6137
2245
3605
1482
5458
1005
383
2666
3085
2561
3354
3633
1955
9843
8860
8615
1109
6612
9636
1607
9982
717
5431
2603
552
9117
5487
513
9389
8989
8746
4583
5091
6978
9241
5631
6298
9519
1545
8499
9728
8599
9073
2545
4284
7501
1606
3760
586
2204
4474
8131
6106
172
4720
4838
6204
3110
913
1786
1186
7669
1755
2045
8324
6564
500
5190
4747
9918
617
4586
5472
2682
9646
8312
713
1567
5308
6891
4612
1816
4815
122
1183
6010
7981
6964
3962
2775
4726
9267
1553
7277
5699
8491
3736
729
1414
1899
850
5636
9973
8659
388
9204
3328
9401
184
6702
863
9474
6931
5861
794
9828
1464
586
5264
7262
6331
9227
4707
1656
2876
9216
521
2517
2509
1288
2462
1441
4729
5530
6272
7897
2641
6887
5146
5905
3652
5316
3372
8373
5510
7576
3086
3862
1107
9604
3079
4471
2435
8610
4930
9339
3319
8972
5612
2910
7713
89
7521
3155
6188
6672
72
538
8147
9966
4673
8250
3572
4721
740
8852
5322
2432
2823
7844
5537
975
2924
4418
3734
1722
8222
8309
6678
4805
6066
6988
7405
6885
7306
3431
1620
6758
933
5100
2195
171
228
6066
8028
5809
136
7000
9083
708
2083
1187
368
3498
6870
7935
8592
9164
1163
4259
4071
3163
6865
937
5499
6490
1197
5310
4540
4546
4479
2401
1685
2731
2119
9910
3719
3823
3331
161
6107
6328
5488
207
9653
7309
6675
9404
3550
9275
948
2570
1577
8229
8196
1119
9452
2524
3760
4799
8926
9307
1712
878
6356
4043
7947
1032
1913
5800
8903
9235
8126
1899
8425
8867
28
5195
7828
54
2279
7158
9175
4488
2568
8826
5719
99
537
1341
5001
8823
3820
4860
1127
842
2622
3414
1511
631
1500
805
4668
186
5950
7455
7647
5361
7105
3378
7934
9514
2599
329
7092
5475
8618
62
3709
4290
5375
7943
4493
884
1033
9540
7210
1103
7052
5261
6329
4262
745
3261
3437
4343
3487
890
6564
2404
7883
4125
2428
4448
8758
4299
1943
9724
3509
7527
3283
298
8330
9002
1134
5882
2238
9951
4617
1251
8312
6940
8959
8855
9414
8867
2258
2362
4425
3864
9664
9845
3388
4327
8370
1708
2708
3743
3941
143
112
6867
917
6149
1285
4879
3584
6512
9800
3135
7855
4891
8374
3411
2535
957
5464
1616
4716
7572
2522
2286
6077
6687
4639
5466
2417
1894
6019
6537
5565
3393
6000
7216
1998
2675
2298
3153
7113
1934
5187
2254
4190
4780
6829
4869
5287
3257
4792
9169
6023
6142
7905
2440
7371
4985
2651
9437
7914
5213
1335
1683
2594
2268
8669
1955
2916
7716
7528
2067
595
9849
620
3371
1177
4773
1072
3035
889
6983
6483
5238
4907
3909
2988
7745
4879
3003
629
6855
6522
5105
8239
4295
6354
8070
9761
315
150
4738
5290
7777
2807
8549
3517
7649
211
2761
2578
2194
5677
4697
1375
507
9634
4136
593
7161
1192
411
5354
8891
8417
4178
6804
7820
3648
3764
6100
5997
8758
7753
8981
5188
107
4707
241
4546
2950
3602
6460
4826
7893
7326
2560
8442
7696
8872
4316
6215
2390
9366
3675
8495
1680
2383
22
5925
7905
7451
8203
6655
4168
6005
1830
5675
682
5540
8083
9390
779
800
1242
1741
1926
9864
2775
9992
2303
9828
1972
4117
2168
2737
498
9793
7071
2016
8973
696
4103
2867
2761
990
4125
5171
75
2497
8818
1187
9052
6509
5438
7253
9296
9483
5976
2004
2883
9789
7123
8233
7221
7449
6932
6297
8955
9905
9316
1012
4055
5619
6317
125
6476
6667
5568
9058
8710
1161
9095
9656
6225
2957
5818
2725
1595
4384
6325
223
9814
6105
9167
4273
4179
3543
1019
1287
1002
6135
4086
6133
7716
5183
2909
8165
1310
7286
9823
1069
8766
2306
1895
5056
615
4627
6377
1208
423
6860
3742
5087
3631
5351
7226
2867
3037
3322
5295
5625
23
5376
1871
1144
2338
5559
7830
4069
9327
606
4948
5661
6868
6246
2595
8000
6500
4531
4555
4170
117
4044
2897
3524
8003
530
9555
9649
7573
9812
7527
284
2423
7451
247
8933
9042
8969
8228
1109
8910
2908
8710
5729
7551
4748
2017
7419
4846
4190
1147
6906
7460
3865
4508
8258
6945
3274
9071
9418
7208
5436
7950
5273
4291
3106
5389
9015
930
3867
6867
9263
3109
6577
326
2496
691
9039
2538
849
6353
6600
9197
5659
7602
2306
7726
433
2052
1741
4365
6636
3783
3750
9271
3464
8353
3056
3180
6766
6074
749
6121
2906
6940
4653
2025
795
771
4628
9466
7515
589
6924
1951
3021
6600
3365
8802
5454
596
949
1134
8209
9038
1928
7211
4020
1335
5536
7396
5778
1070
6645
3016
4403
1829
5300
7524
4329
6084
8229
7433
2702
3060
2489
6213
4852
6361
4090
4034
1726
7539
1214
7958
8771
199
6292
8725
6258
2216
5934
4478
8342
1922
389
1742
9205
5089
4798
3347
7532
999
192
7200
9956
756
7857
4442
575
5359
8575
6048
2583
7978
1921
7875
8818
9649
852
54
8126
5486
2613
1365
3897
5499
4336
1240
8192
7182
6471
5670
928
6875
7631
2709
9406
9950
9798
9745
2994
3481
6131
3701
6317
98
7541
4921
5676
5052
2601
3889
3347
1762
7124
3025
6078
1861
1041
1070
5383
5654
5772
1986
1104
1040
684
8768
4025
4946
8928
373
9980
5870
9297
9388
1196
8264
5081
7273
4267
9310
276
4307
2881
7984
2570
8942
4041
7213
4352
1996
2898
6106
9379
7813
1656
5870
1739
4799
158
7922
3779
7254
917
2713
6861
3700
1946
9943
9605
3961
9482
3547
4589
6894
1344
3981
4118
9873
2800
7087
3772
2150
9834
8274
9671
8591
7285
6875
1698
9695
876
5935
1640
3792
1997
9911
2351
9591
6502
3802
3582
3489
7836
5420
694
6232
3531
3360
1617
8112
1651
596
986
8812
7767
4842
8060
7
513
9295
3260
458
8946
8407
2391
1092
5161
2270
1089
3390
6872
3566
2830
5370
2007
8532
9367
5900
3851
4576
153
7572
8223
6512
3014
2105
5681
2765
739
563
5230
6195
2206
9424
8551
9237
4250
5581
6986
6312
9875
8535
7807
107
2616
8368
7417
9101
4373
7371
1822
9122
5950
7342
368
1983
8719
2709
5206
1388
9048
9856
3877
5617
4346
5758
5471
8773
5906
940
7561
4886
8845
2143
9895
6335
5730
1560
8298
2548
4308
4660
8554
2339
1156
8733
7838
9124
2413
9827
9475
2000
4377
7461
7400
6057
944
471
4272
4555
3280
9908
5751
6639
2038
5397
2705
6664
9334
8273
1739
9032
677
8778
2679
1768
7008
2314
5638
5847
191
8924
967
4153
3789
6906
2640
3982
1350
8255
2874
4814
8222
3608
5432
3816
9235
5657
127
8020
8894
8544
6132
1545
3909
1797
3661
2416
6747
6561
1806
8940
3678
3503
4548
5972
3693
5048
1752
3524
8736
1459
9822
8238
4529
9970
7684
1436
5370
8621
725
2115
9365
8558
9032
4683
3251
6163
2326
7744
8675
6555
6046
4990
406
2188
1950
144
8311
6878
2294
6120
6503
5669
337
9603
8395
1817
7755
7824
62
8205
1570
4874
9229
272
6716
9450
7515
8318
3721
5805
7424
8956
6398
8567
4172
1545
1351
1111
2710
2680
5076
1525
852
8189
2478
9006
4288
7429
1119
7417
6190
4182
6763
2194
5305
2006
2439
746
5116
9368
7054
2344
6333
2469
6105
8302
6574
4745
2399
1778
5038
1267
4177
5424
7782
2799
5092
6782
1266
801
7386
606
1824
973
8563
9700
391
5119
380
6724
4653
3484
1275
2856
7848
4062
2935
4127
7052
6775
5223
2437
9279
1491
9194
897
3646
7449
1818
7694
2720
1608
607
9901
5790
9909
8565
9793
5562
7780
2115
6820
7122
6655
465
6438
64
5918
2684
873
1058
4674
9843
4122
3477
5757
6523
1872
418
7088
6294
4389
5813
5996
1956
5268
9099
7653
3756
9111
13
9496
6493
4989
5309
6650
823
8421
1624
7243
3118
9355
7559
2517
4612
4609
3428
6949
8709
8032
5945
4214
8864
3580
4061
3735
9031
497
266
2435
5653
9445
1942
5557
4657
585
3325
4365
3521
5568
7477
2642
5922
665
569
303
4147
5859
3794
2845
113
7789
3212
7312
6626
6320
3903
988
1317
2970
3076
5523
5817
5236
7562
157
488
5473
6662
1140
8399
8912
5642
8370
4911
6707
436
9064
2321
9312
5433
4506
6371
5647
9575
8029
8853
2149
4202
1947
1743
6944
5240
2001
3024
367
2182
6395
8902
7066
9514
6785
6882
3125
6461
5358
8937
9312
7378
2514
79
729
8577
9803
2491
4275
7539
9293
7751
8256
2101
4426
2721
101
8069
9348
1791
5144
8307
7251
4031
2499
8371
5987
7481
8187
9189
501
4156
1544
1661
5901
2669
7534
2134
3926
8110
2112
9093
7861
9442
7509
2432
7719
4264
5201
1782
4707
1814
1666
1054
1454
2473
9990
5031
5598
1068
929
9626
1041
8350
7817
6739
5903
5605
7828
4999
2960
3460
2032
6257
9545
6434
4705
4129
1952
4641
9956
1457
2772
5248
9138
9885
5802
5408
5751
2781
2356
1742
3192
9868
8779
8352
2852
5264
8795
2542
9647
9270
4150
5287
2796
9806
6716
5087
6851
2267
2997
4255
7069
8907
727
4498
2703
6038
1662
7565
3475
5243
784
9257
227
2295
5771
4946
1777
5619
8864
4512
970
2400
4863
3288
1088
3048
5891
4484
1638
3511
8041
3506
4905
3376
9057
9955
3006
7523
8353
6441
9466
3774
7472
226
8630
1239
8009
1712
9962
469
8531
855
3319
3805
5288
8996
6908
8053
4146
8888
4641
4699
7455
5984
3787
244
8470
7081
5369
5751
8168
6132
8231
8996
3708
832
7094
1576
5924
7736
4290
590
8589
5524
7363
589
2351
1575
1386
4677
182
3059
8104
9719
6913
2012
4292
1566
3325
5233
9723
9032
6370
4216
578
5460
1276
9276
4220
8175
1031
3951
4088
4419
4252
1273
7893
5012
7295
9314
1647
9626
8048
2134
56
1141
5531
9687
5548
4550
8954
71
2138
3875
782
5884
5409
7094
1106
4951
4741
7541
5718
3476
6338
9037
6659
6026
2424
9970
5394
7480
6732
15
4673
2012
7468
1279
6604
3010
530
8581
2810
2370
9515
8094
939
591
3331
479
4142
1567
2653
3050
6215
7653
5594
8614
3984
1331
8535
1628
7708
7957
6504
5816
2256
8378
9911
2995
5713
1717
6833
323
7935
6790
1509
9938
6952
3793
6530
3658
5443
4307
6491
4519
1757
6174
6305
3169
3719
1208
9497
943
2205
983
5493
9555
2142
9068
7001
5266
657
7799
7100
6987
7752
5186
9644
2950
2528
5874
8711
7632
7730
3481
9046
8103
5481
2981
7354
794
4681
6629
9430
9035
2168
7027
3700
7654
5395
3584
3732
8403
2396
1562
177
5431
2489
5957
3599
9285
6956
933
7042
7388
6388
2646
5830
6583
7956
163
9291
6751
7883
6616
7577
6990
2553
2988
6015
198
3529
4329
758
5570
2220
1055
9258
8608
1550
302
1473
9029
3023
7938
6349
7616
3204
4921
910
5231
4492
6701
612
6943
8023
2059
6780
6487
109
1099
3343
5726
2342
4212
9072
9992
5997
7703
2466
6217
3026
8561
8203
9273
3313
8430
3062
5693
8395
6824
9482
7920
4901
1770
1507
7715
2468
8227
1685
1783
2552
1525
2990
8075
3428
7289
150
2127
1471
7787
9316
7700
2791
2581
5146
368
9715
4512
3232
7053
3024
2458
8807
5296
4738
3620
9366
9415
9793
3247
5071
3997
2838
1435
2681
771
8520
3609
1848
4743
637
901
3862
6450
1826
1593
143
5674
7056
9243
2803
6355
2309
937
1807
5324
51
1611
9707
6391
656
3027
870
244
2702
5331
5641
5285
8991
9925
6290
7460
173
6164
5231
2911
132
508
1399
2328
2511
5214
766
8780
798
2866
9574
7706
9275
192
9255
7384
3247
2484
6769
4483
1483
9933
6424
9788
3397
3008
4099
3794
3149
1381
8449
5038
3399
9859
9142
5086
2933
7087
8307
3030
396
7048
2667
4191
9860
7654
4042
2741
55
1447
4363
2096
2190
973
2731
2807
5204
1651
8037
3613
4971
1806
6607
5821
4885
9503
2798
4311
3219
9847
3941
4585
2325
7979
148
2035
1335
9312
8327
5222
3677
1063
1542
6506
5950
9709
2302
6924
9138
6898
8895
6963
9556
1188
3454
1020
2592
6818
6084
6936
7334
4785
5696
504
4985
5137
5127
8204
3810
4704
2506
8943
9515
5623
9364
4791
1343
7162
7147
6260
9116
107
1272
8952
1375
9959
5328
9563
7237
358
2451
5274
9619
8974
970
5602
2477
7178
5293
7471
9689
4425
5004
2913
3104
367
7433
2390
2737
6607
9052
9206
983
5768
7518
477
9837
1045
8306
510
9
877
7314
6358
672
2514
7560
5448
6068
1294
4705
1048
6305
1177
250
7726
3224
602
4338
7342
1449
401
8582
378
9452
8772
5042
6432
801
378
3869
2781
2062
6762
7042
8045
8832
6057
274
1484
6605
7848
6676
7118
7351
8757
5602
1123
9402
9767
8346
7978
687
2208
3617
8709
7087
561
3053
1932
9733
3590
733
6555
3051
1704
3944
5687
3997
600
9184
1850
1871
4452
7528
508
9557
3563
1691
6790
8125
8719
6504
2609
5811
9404
5094
2245
4826
6481
4567
9259
8653
4460
2623
4108
3029
8906
6967
9124
8146
7989
5776
844
8078
4810
5609
6001
6294
2814
6799
6508
3377
9046
6641
2498
587
3401
758
1668
7789
8144
8868
7802
556
5560
4924
3307
6347
8323
2823
3753
5731
519
9950
8011
935
976
4281
844
1615
8405
6690
4427
1403
7374
4008
6692
9277
408
8983
2105
5312
2961
2761
2464
9036
1846
9923
4115
7262
6472
8661
990
4111
9400
3901
8241
1173
1903
2341
6719
3931
7142
8895
7903
3430
585
4472
2276
1255
777
6061
5705
7164
6104
8545
8887
584
4241
7931
8587
2985
7463
2692
8138
149
2115
2798
3709
4539
7613
3255
3012
682
1023
7220
333
4634
8403
8078
6648
459
8177
5014
7581
7191
3217
2579
203
1398
368
3270
661
6341
2005
1712
1722
3698
8161
8092
3511
2584
3489
9176
1368
1798
3444
1526
3760
501
6367
1810
5435
4824
412
2192
6252
903
3247
9048
4667
5871
4927
1169
2840
9701
5052
6193
6629
480
1228
7407
3059
7134
6512
2553
3452
3415
7683
748
1942
978
3601
2475
5486
6246
5001
7608
6393
3571
6971
9640
8963
3683
7018
1572
8179
6247
8647
8933
6030
1928
2310
532
3817
8708
155
8949
9311
1604
7600
1236
936
4666
2037
1076
6175
9351
9388
1421
255
9004
5280
1486
1087
8253
2291
1669
9225
4088
5088
9320
2373
1201
6637
988
978
5892
128
2751
2083
7973
5396
332
8427
4107
6729
1628
9219
7535
6888
2992
2461
3372
914
2145
3450
9658
3616
3427
6651
2402
2496
1631
8251
5799
5124
106
5953
7523
9731
6310
7182
9460
2416
8282
2998
711
964
8932
428
4089
309
5256
9817
2226
59
9630
5891
4810
5104
6229
7407
798
5041
4198
6965
1637
7262
8038
7645
8509
6799
7526
3687
2870
4382
6520
5347
8715
9040
1729
7239
916
4497
3559
7768
4184
9460
6967
7921
7096
9574
2152
3421
2304
4546
310
1376
2589
1923
6677
6990
28
3891
954
9648
9084
1575
8122
9489
6527
7593
4917
1274
60
4988
311
8130
9313
1172
457
4011
4683
127
8395
7164
4241
3279
6523
7400
4033
3736
3781
990
3898
3987
1220
4212
2745
3225
7094
6030
8560
5855
6977
4643
343
3898
3810
8646
3774
6230
3456
8080
6945
155
2451
6774
7164
3949
167
8741
1585
4835
5259
269
3032
8625
9231
4588
3387
2452
6079
6498
2529
287
8673
307
4223
6647
2383
143
8868
6594
9195
2125
5361
1294
7766
2767
2124
9710
6559
1257
5011
3423
8646
7949
3517
8495
7419
4873
5934
722
7653
4699
4079
4770
8536
7017
5850
3686
5596
4420
3704
6943
6933
6697
7972
2014
3208
6195
4405
9000
1758
2659
80
3760
6007
2931
4789
7658
7998
6375
403
7214
1338
3050
3452
1221
3963
3333
4306
5108
1789
217
3717
1584
9949
1929
2428
7747
5833
4674
9561
4558
5899
8408
9841
8284
3124
1080
9395
8881
9216
2358
3038
4750
3464
3691
6547
8869
7970
4440
5099
6438
845
6296
3874
4154
8923
6829
2199
5527
7147
5370
5161
7022
6036
174
6415
6673
3369
7891
9046
1550
4037
30
3729
6270
1126
4026
4574
5268
5460
6099
8030
4676
6541
4222
8285
1515
3370
7688
136
1923
7456
3848
4879
5268
71
9203
318
3362
9611
8913
2944
9191
1934
6160
3941
4071
937
6361
5749
3558
8918
1376
2377
3029
1757
6789
9962
7442
8925
3659
9533
1700
1738
375
5010
5404
4356
9963
3863
967
5427
5924
4244
4998
8136
7499
8300
4069
9105
6446
1906
7115
3554
4486
7468
6138
874
2323
1627
5191
3958
7906
53
2040
1169
9184
6710
7540
3692
3288
1592
6527
7432
5990
6062
5670
8588
2781
2123
6417
1623
8376
8175
544
4416
2495
3385
8188
6013
8349
8486
7329
3030
6466
5627
4029
6208
9880
6
8413
2133
9381
7097
1039
1994
903
9097
4640
9369
7325
8162
9587
2340
6378
4854
6842
5432
2675
6789
6534
5395
9234
7236
4648
5077
2660
973
7030
7320
8445
167
2839
3795
8399
5182
5132
5370
4756
3446
865
7363
5932
7657
4904
2952
4135
8547
5955
1980
9467
1562
1710
7185
3342
2495
2272
1991
875
6345
7186
8267
7818
8824
9964
9308
8564
9402
2108
8231
5980
2237
6191
1730
5274
2091
844
6596
9137
5072
5688
37
4971
477
5726
5212
3415
7241
8834
3869
8890
2754
5375
951
6367
2620
2966
3395
9682
2389
6399
6922
5710
7018
28
8776
3247
3428
4216
6894
2521
3815
166
788
8109
1977
1019
3472
8604
7905
2421
8599
527
3628
3346
9796
3028
1507
2425
5991
7963
8134
1191
6436
2755
9979
1358
5219
3667
4858
3765
6707
4190
8464
1610
5903
6614
5119
3175
2019
259
5281
2667
7656
4078
526
5069
6042
6370
6721
3732
3583
1571
5553
9336
4914
9307
7135
1447
6797
3427
9089
7828
3332
9158
7369
7458
1627
3909
2254
3517
5600
787
5012
5626
1921
2318
5769
7369
5839
9295
6188
8556
8672
2032
6702
7679
3138
428
7869
8669
9596
2658
6015
9985
4913
6774
8660
1757
8898
1023
9481
6245
6914
2264
1978
448
3783
7780
871
7476
1064
6134
9093
548
7170
8714
7354
9496
4107
9393
151
3009
3026
7467
437
2401
1191
9228
7193
3303
4613
2805
3928
8418
3677
2754
6898
5893
4028
1339
1687
4386
9743
6195
4433
2591
1944
2262
238
3006
7755
7527
3981
2166
7176
4685
8659
297
4494
2701
2243
8635
8627
75
3283
2326
670
3746
239
5711
2186
8843
5155
7830
8147
708
9374
3390
7808
3463
127
4271
5502
2804
7009
919
3950
3008
4183
8181
2445
5549
7691
2764
7000
1415
9703
8155
8075
7176
2615
2318
3202
570
4805
9120
1336
640
7169
8232
953
143
9299
1292
2600
4465
6085
9321
1356
9735
6839
2574
1192
6286
7677
420
777
1221
6101
4785
1271
6786
9683
6520
7576
7362
6449
8739
6841
1803
2004
6336
1082
2327
5458
1896
6207
5969
6269
883
3692
1637
1680
8698
8309
4527
2084
9150
7253
7708
7525
5912
4517
1747
3103
4652
5848
9771
9923
3411
5950
3133
8351
4768
7177
4176
7491
8854
3788
8427
4175
3037
5440
992
1146
3865
1205
5596
462
3973
3914
860
826
8896
5379
1483
4201
5880
7215
1628
5499
1375
4579
9260
8405
450
8596
5417
264
7612
540
1010
6389
8786
9594
4487
1284
7173
5029
4022
1910
5024
7750
7019
348
3095
9854
4694
9098
6537
5077
8840
6838
5656
398
2954
2420
27
6324
4589
2302
6120
6454
3413
581
4150
9851
8015
3692
5930
8754
287
4200
9804
3462
278
9788
6610
3061
1833
2776
5496
8645
7479
6487
2729
1945
5387
2862
5715
7444
7686
1526
2108
9408
6529
4895
9642
200
7703
5484
1139
7525
8520
9071
4259
615
6977
4384
6733
2549
4048
4681
9195
1885
1108
8249
5305
5825
9237
6191
9972
7562
2765
2895
9701
3989
9053
4191
9775
7557
364
1485
6476
5350
833
3094
940
5875
8717
4005
3227
6481
287
7956
6847
8362
4809
8996
9953
6274
9183
9465
3898
5048
7096
4336
2765
2543
7886
2388
4210
5284
3234
9264
9802
4907
3865
2072
5163
7557
2491
315
6793
2952
6586
4250
3771
5840
7564
2045
5582
5840
1511
2389
5517
4853
6728
6653
278
1788
8404
4816
6025
8537
6450
2986
5034
7086
9569
7213
2746
5294
4911
5083
8069
8506
2951
9917
8798
1171
3272
2294
7493
189
6674
2571
2157
6727
3837
3965
1131
1820
2177
1129
5373
9135
79
6044
1596
7092
1911
5612
3790
816
3852
2993
7900
8531
155
136
4012
1341
3467
4921
389
7810
1767
287
6171
833
573
3700
8985
3367
3272
5238
7254
2618
1563
714
5481
5503
1434
5565
2977
4031
190
9708
7139
4640
410
6960
6426
2604
6551
8866
4998
6675
294
121
9402
2980
8505
6608
1718
4428
9800
4902
8009
2653
6110
1222
6475
6359
6813
994
6257
8762
2098
2149
2166
9720
6930
1246
9658
6137
5843
7882
4108
1896
9235
7848
9092
8778
3015
4862
5515
15
9337
3434
9023
3476
7488
8128
9429
8556
291
4514
1372
6967
339
6653
8980
219
5150
2943
413
4832
5797
8331
6559
1378
3798
563
9464
1809
1421
4499
5010
6957
267
6818
5390
2409
3402
2462
1726
2797
5143
3454
7199
6841
1090
1593
9968
9109
7632
4600
6671
1542
7802
6029
6498
1939
140
4636
8760
1845
1449
8528
3432
6346
5547
6252
413
3095
9474
5759
9025
4977
3211
2550
8732
6816
6628
8053
9780
6268
3182
4061
6554
762
2041
753
7551
3723
3298
633
8110
7869
7283
7498
99
7874
763
9231
4917
8869
3152
