2812
0
-1857
-1027
-730
3036
7827
-5411
-8415
3018
-5592
-7749
-9378
-128
5041
548
-3317
-2811
6956
-1391
-3166
-4692
-9704
7266
-4038
9734
-2361
-8059
9443
-9649
1078
8477
6477
-6426
-2461
-9151
-2126
2834
-7585
2968
-2631
-8321
-6843
-7850
8955
-1813
757
-2537
1002
889
-3850
-8042
-7145
-8676
-3525
6978
7691
2155
-642
-9798
9010
-9657
2721
-2662
-3104
3417
-1295
2979
-4707
2340
-7878
-8179
-5422
8242
-4482
-8370
-8017
210
5079
6085
4644
5369
6391
-2429
-1718
-847
-7660
1074
-2517
3612
5493
5725
-4082
2174
7883
-4181
1489
-2376
1268
-2580
268
2111
-700
4741
9685
-3028
-6928
1795
-6023
-7164
6706
2389
-7380
-4329
4921
-616
-9262
-6375
3238
4825
8931
7197
6027
313
-8554
-7260
-2100
7037
2084
1154
6587
2556
-4452
-957
6546
-720
432
5606
5992
-6063
8283
3234
-9943
-7956
813
4895
9501
-155
-585
8360
-5511
51
-2820
-9532
-6373
-8605
4573
3854
-8717
5134
-9292
-4071
9011
9015
-3917
9902
-3612
7072
555
7819
1673
-5175
-6912
9554
-4476
-8808
1433
9871
-8075
-3500
-7946
-6190
-3542
-2679
-8837
-7644
1526
-4096
-7622
-7038
6590
-7919
5505
8064
4592
7312
-1221
2484
-9108
7762
7733
-1018
8008
-8746
3894
7710
-2695
1467
-4972
9901
-7461
-2521
-1484
1912
-2362
-6601
-8773
-369
7491
-6724
-8730
-8159
-8021
-7286
4811
-5344
7201
-3793
-2175
-9736
-8519
-9798
-9295
8358
9809
-8910
1688
-5594
7544
-4524
-5697
-65
6941
3502
-6264
9433
-480
1126
-4232
-8391
-1838
-7915
-5359
2923
6634
-1518
2118
-5980
-6327
6036
9027
8970
5100
-8424
-1463
2012
1932
578
-9369
7220
-2808
-1245
-175
-7932
378
8900
3154
7406
3857
-4068
-3508
956
9023
4568
3473
-5929
3997
-1344
-3392
-5416
-4466
1012
-4467
-5320
8040
-2818
-6306
5973
-140
-9648
3254
-8349
1324
-5146
-2879
2086
-1808
-783
-6442
4262
8475
-1747
-1690
-7915
-4607
5374
-7210
-5098
-1080
-7873
-1185
-324
-3261
-5916
-5836
5177
5680
-732
-9119
7800
7966
-2172
9008
405
2174
-3669
71
6930
-564
-8645
-1074
-6772
1697
-4267
-714
-2783
5691
-5147
-7660
-4896
7330
-4437
973
-9514
-3238
2846
-6372
7192
-4160
9653
-8941
5810
7152
1383
496
2673
-8065
9478
3619
1432
1719
6729
-8447
-8319
1435
3414
-2281
-1261
3333
-3830
9919
-3393
7836
236
-6414
4268
-854
2972
3058
8761
-7577
3112
937
-3493
4664
-5353
673
-3384
-8277
-5258
-7032
-9165
-8940
5006
-8011
1707
-7164
-6077
-6951
-8415
-8815
-349
-2593
7353
7982
9693
9918
-7731
-6765
-1033
7134
8765
-4263
-9241
-1367
-1078
7281
-4161
-9646
-8953
-423
-2714
-6274
2506
7363
-7586
-904
-9403
7368
-1576
-8708
7018
-4772
312
-590
6754
9438
-4920
-2308
-587
9010
-4322
-2744
3148
-2043
-1110
-8555
-2731
-1289
7397
6564
-5396
2138
-4357
8788
-5450
-7932
1246
-8713
6421
-1690
-1805
-2744
-846
-2121
-2553
-4629
2931
9676
8340
-298
-4357
182
623
6421
-8344
-5725
8826
9238
-1401
3929
168
8376
3531
-2569
-4077
-9114
-3207
-3900
6463
4689
-7606
5547
5300
6762
9357
-1968
3296
-5556
7617
1086
-2386
-9258
2378
1851
5409
5831
-8226
604
4163
-1742
3967
678
-3377
8758
1829
6799
-9353
-4832
-5075
7866
3126
-5240
8793
-7390
-5839
-4325
-8610
-8441
8854
-5227
7847
6079
3378
7631
-3180
1431
-7012
-7774
-931
-3054
2226
2747
-756
-5529
-4712
-7600
-9680
-9107
4166
2597
-613
2874
-3261
-4147
-2509
-7771
-7101
7493
-6021
1058
-9965
3743
7556
-3121
-1089
3631
-166
843
-889
3992
-1197
828
2506
-8591
-4109
2506
757
6811
7665
-8400
7322
9873
2721
605
-8226
2931
-8349
2214
2311
-1010
-7750
-7173
8249
904
-8461
-8097
3267
2207
-8193
9135
-8639
-6780
-6073
-2292
107
-9010
6369
-5888
-4356
7316
2640
2169
4772
8935
9289
5700
-1076
-9848
6640
-3830
-8536
8271
-3910
-6735
8626
4380
4516
-1278
-6401
-2664
752
-5361
-1325
-1767
2792
-9758
-9162
1097
-9226
2653
-1850
3704
-644
-5391
8276
-3645
9542
3607
6055
-2727
-8763
2658
6756
5150
-2571
9165
1207
748
1253
-2051
-1553
5513
9301
5528
-862
6152
5881
1615
-6446
-4563
1215
-836
8688
-6524
5465
-1550
-5558
-7887
-2654
8751
3233
-2210
5998
-3464
9009
8582
8215
-4267
8485
6875
5435
-8830
4985
-2663
-9139
7388
2974
8797
-8390
-7930
-5733
5515
-2442
2800
-764
1376
-9876
-4817
2671
2581
8502
-5130
-7326
-516
-9354
-9219
1537
-9112
410
-7773
-7205
-2708
3999
-9446
-3535
-3658
-1649
8706
3973
3267
-3345
-7226
2756
9220
698
3162
2749
-841
5080
-9110
-1607
-3217
1518
-4172
-4326
-5370
2635
-5940
-3819
4110
9902
-8596
341
4092
-6967
-9572
-8773
2202
8131
-4457
3565
-7077
626
9001
-9281
5021
1419
3737
-4020
-5268
5057
-4385
-6225
9550
6218
8638
4178
2122
-8604
585
3291
-817
6624
-6925
8436
8954
-6217
5769
-9098
-6366
282
3441
7912
-1810
42
-2212
9319
-4751
-6368
-5330
6088
-1561
-8836
410
1253
1877
-2197
-3671
908
-2546
-6122
-9576
-7905
3943
-649
7964
4992
3925
472
7969
1661
6143
-4302
-3480
335
3565
-1918
-4839
-4567
3046
-3242
1660
-5418
7186
-7651
-9539
-8319
1668
-5006
6719
-3216
-807
-2358
1381
-5931
4261
5642
6919
3435
6998
-1008
-191
-9325
-2634
4184
2764
1287
-9646
-5106
-398
521
-9833
-6308
1668
-1575
6956
-1381
4611
-2172
7166
1067
-363
-5669
-3410
-6555
8083
-452
7234
2834
-8722
-5656
-8623
-5981
-6246
2643
3154
-2716
-216
2234
-2728
3536
-7406
5196
854
-6061
-2606
1142
-1037
-9606
-748
-2633
2606
6832
-9455
-339
2680
4574
1341
-6419
4357
7986
4196
-9626
-6536
4663
-1425
-1047
-6600
-1307
-6996
1108
6306
5399
5236
9167
-5331
1014
4294
-6106
-2550
5885
-3307
4004
-9924
5130
-9917
6711
2506
-8231
257
5912
777
-6058
-5264
-2801
-4606
9916
2848
1042
3531
5495
-4310
8746
-3003
3231
-286
5099
-1299
3701
3923
-1419
996
3176
-7880
-6329
-1727
1613
-1184
7771
-2254
-8954
418
7318
4647
2411
7123
2262
3518
1254
-2353
6564
-5771
2895
9970
-1956
-7197
7994
-5639
-2940
9742
-9447
4011
-7181
-3604
8974
-9278
8641
904
-7290
-6991
-5342
-6057
-9723
-2029
7641
745
5046
-547
1933
2494
-7651
1915
-8805
-5152
-8919
4570
-2743
-322
8784
2727
-6597
7672
6853
-73
-9510
4239
4181
9780
-4675
-2923
-4880
-6124
-5300
-6486
1655
-2542
6824
9595
-1705
-4203
-7562
9382
2901
-2488
9796
-9786
-9034
-7226
-1966
6006
9757
-3871
-3747
2433
-2091
-4643
-1808
-8771
5838
1063
-3117
2884
-859
-8906
5263
-1307
7507
-6304
1660
3660
8955
-7851
4723
2655
-6972
7846
4087
-1944
-164
9023
157
-5319
9173
-4103
-9466
-9090
-7401
-728
6699
8101
84
4045
-5221
9600
6809
-7563
-2994
-4850
-336
-252
-7740
-9391
7751
-9187
-31
4590
-8477
4780
2771
-7435
-308
22
-3173
390
-9557
5739
-6990
-3796
3104
-2317
-9282
-9743
-8518
1074
8291
8621
-3734
-6933
8300
-8490
-6153
9872
-8382
7241
-8519
3387
-1941
-2389
-4247
-5789
9671
-684
2119
2074
-4300
5972
-6442
-1349
-7867
948
-6181
4325
5369
3711
-1652
9868
9925
3655
-5478
2204
-1344
-4575
-9049
9698
6869
7963
-7022
-476
-9165
127
-3806
2165
7836
7123
-8495
6511
-2877
7496
9962
-4978
903
-1037
-5289
-5643
-2957
-6651
7960
-4410
1120
3032
-9462
-50
-3583
-2828
376
-5753
9650
-7493
3245
-3665
-3652
-7772
-3346
6191
6141
-2784
3067
8568
-4363
-6884
3588
-9675
-955
6978
-5837
9029
-5134
8071
5514
9931
5315
-1330
7249
1970
7587
4172
7492
-5546
4594
-8497
2715
-6246
3478
-9922
1020
-1443
-5356
4491
-8058
7681
8732
6573
9383
-5907
7180
-2083
9230
-39
-7256
-3432
-7339
-3723
2034
4500
-8841
2670
540
3833
-6390
1753
9701
-1214
8180
-7272
7220
547
7
-7980
6365
-8739
-4709
-872
1212
3059
-5393
-9216
-3705
-3389
9785
9864
-2065
-1158
171
-5306
-2083
5313
-104
1763
-5004
3684
6501
-8641
-6551
6366
-7631
-8491
-2489
9017
8227
-9559
-1892
-917
6111
-6982
-3367
9502
-8605
9912
-9046
4981
816
6981
319
3587
-5972
7264
4714
-8569
699
4401
-2737
1407
359
110
940
-8490
-4575
5465
-4881
8884
8753
-8671
-528
959
9367
-9900
-5600
-252
3175
3858
7426
-2369
1504
-4949
6359
-5377
-8681
8162
2332
4408
-4135
8007
5981
3891
-6676
-2842
1127
-3699
8831
602
-5868
-9349
8775
1749
9153
-6400
-545
1656
5469
-4152
5535
6376
2719
3087
3455
813
2190
8952
-698
-7526
360
-7730
-8042
-8465
-3974
-6562
2560
2050
-1896
-7148
-2819
2000
7004
-4753
-9385
-1170
8297
9738
-3280
1662
-5771
-9962
6008
2149
-3881
8468
-7278
-201
-7055
4818
-1622
3246
-5815
-295
-9954
3106
-2177
-2432
-9455
4044
9877
-692
3918
6252
-6012
956
-9895
5628
-3775
4372
1896
1837
-2372
2486
-7221
6445
2982
-4855
-4789
-9971
5589
-4049
2812
-2427
2275
-9629
6105
6838
6765
9297
3683
-9470
-2124
-6603
8588
2146
-2579
-411
4976
7569
5868
-3011
-5665
1496
-8379
6116
8612
9053
5284
-9179
7085
9273
4768
3935
-3150
-1138
-8686
4182
-7915
9430
-7621
3282
9944
-7172
-3656
989
-2676
1194
8941
-7822
-6142
-1798
-31
267
-3283
7634
-5995
7638
-5099
4274
-8252
1471
3351
6882
-7971
-6426
-971
-2284
9036
4766
9488
6765
2471
3531
3032
-8827
2445
176
-1525
-6789
-1368
-2160
7525
-9077
-5131
-2138
2113
2235
7465
-2487
-4590
1277
-5619
5877
-885
-9785
7637
1360
4125
7970
-5682
105
-1157
-6508
-6278
4444
3360
5648
-8798
4869
4058
-6535
-9619
-1588
-6131
4657
8841
-5625
-1764
-6297
4515
14
-7651
9019
-9738
9110
-4514
-1217
5388
-1883
8872
-6561
-7207
-9418
-9209
-9130
6282
-9013
7097
-2732
-958
543
-1130
5289
-5013
-3889
5778
-7225
6564
-1481
6029
2746
-943
1899
-6148
1083
-8941
-7511
7129
-8138
5919
-9861
5715
8983
-190
3662
-634
6376
2732
7217
4625
8955
-2634
9246
1974
6199
5621
-8898
7129
-7411
-7901
-5532
-1679
-2881
1499
-7340
7259
8249
4495
-3768
-2977
-7491
5930
4714
6164
-6101
-7461
4026
-350
-5111
1679
-1921
9151
2886
2047
-8300
-5621
7638
-6253
9645
-1694
-9468
-5442
-7467
6304
-8009
-8060
-2878
7168
-9696
-3314
7155
9020
962
-770
-2244
-5002
-3046
73
2353
-8986
5286
6851
-9741
8283
21
-5867
6540
-8971
1849
49
-2233
404
6328
-3180
1943
1029
-475
-2405
-750
224
-5975
912
5084
-698
458
-3434
6117
-1767
3131
-9180
-8037
-4812
-5472
1599
4262
8858
-7716
3648
-3309
6737
8820
-256
-2994
5585
-7986
-1336
1006
-7853
-5592
2431
-4308
6631
-3940
-4729
-7856
2512
-65
-9957
4881
-6462
7979
4167
-9812
-9415
-8446
5632
1143
4156
2814
-9128
-1008
-4833
2269
-5443
-8516
-5263
4516
-1547
-9299
5087
7863
1000
5051
-2693
4417
-4935
8775
-9393
-3834
-5962
-2154
-227
3353
-9205
1774
-9174
-879
-3280
-44
-445
-7157
7282
-1254
-9856
8225
-8560
-2638
-9726
7568
7072
-4228
-3512
-3242
-3364
-5212
-792
-8956
9848
-6259
3329
3106
-7894
9692
-5952
-3179
9913
-3921
5706
1345
3204
-7652
-3956
6509
3817
9
-1754
-3332
-5368
-7176
2434
-106
-2246
-6677
-4030
4318
3587
-714
-242
-2164
7866
-9211
-2640
966
4550
6322
-133
1446
-1489
-5808
-1577
-256
-5585
-7459
8603
-391
8073
-8482
-3759
1858
4879
1896
2477
-984
-1091
1334
4422
9400
7279
-87
9225
-1210
2511
-5078
459
4099
2402
7969
-8925
-2328
8916
3364
5802
73
6061
-9764
2941
1937
-344
6589
9017
-3729
-2397
-4045
-6239
3739
2075
-4502
-7150
-3142
6261
-7770
5468
7489
9337
-952
-889
3114
259
-2518
2202
2906
8869
-3887
-3367
5092
8765
-4006
-632
9599
2324
-7672
8665
-8882
-1150
8836
9439
2872
-5552
3326
-6666
-5881
8255
6491
-7271
-948
-7652
-8478
3113
-1457
-367
-8357
-3411
-2705
9158
2178
6384
2867
8720
-4801
-3068
-6942
-5346
9899
2007
-1635
-7921
-9283
-7036
-9132
-2479
3718
25
7624
8065
607
5561
5915
-3924
-4796
-9452
-7159
2057
-5500
4408
-7843
-712
8610
8076
-7838
-6464
-4770
4505
-7978
7439
-8443
1464
-3380
2276
-824
-1604
6838
8931
-3316
4123
-4669
-5755
2762
3074
6905
5177
5308
-2175
-4127
5848
3750
7558
-8581
3200
-356
7953
4039
8306
-5110
5115
2824
-7164
4888
-8258
-3154
9292
6454
7110
2013
9828
-4820
9457
1151
-8618
3317
8113
-5577
6195
5274
8521
-6848
-8046
8567
6328
-4124
-9021
3246
9106
-991
-9622
2279
1609
-8245
-3128
-6810
-4224
-200
-1709
6687
-5797
-984
-6066
2150
5770
-7400
-9437
5743
955
-4303
-4703
3373
-4956
7525
4975
-1715
629
-9810
-3566
3450
-1206
-5288
172
-2777
-3254
-9695
-9339
4083
-1954
-9621
-2003
-8928
5246
-7684
6986
6086
5067
723
5031
-1831
-6712
-8766
8451
4053
5108
1419
6288
5915
6774
4250
-1697
2092
-479
-2372
-4670
2615
-2268
5765
6502
-5657
-9736
-2188
-3531
-7620
-9953
7057
-9848
-5112
-1581
2860
827
8651
-9801
-2249
8148
5179
6126
-3152
876
8901
8906
-5999
-4692
-8334
4244
-6335
2104
3748
918
-6302
-1868
-7874
-1453
-6406
-8971
-1435
-2784
8954
-7686
-9105
-7749
-550
-8750
-1662
-2241
4745
-6076
8922
-1569
2626
3139
-7226
-4074
5224
6865
-3164
5997
-6955
-6665
-6633
4865
3476
-6942
-1376
-9829
-5386
5416
-6195
-2936
7618
-9801
-4962
-7766
9312
7999
-1735
7586
568
-2847
606
-5070
-5222
287
6895
1679
7221
6406
-117
-5614
-3981
8198
669
7337
6797
2704
7134
7414
6129
-1606
-3391
-6542
-1026
-4666
7440
4945
-3958
-6890
-7035
-8778
639
-6861
6817
4074
1759
-7217
3426
-4013
4427
555
-433
-3217
-1502
8051
-5651
9140
9997
8339
3562
5811
-2791
8739
3263
5538
-7520
-5289
-8394
-8134
2585
-5477
2030
-3168
7353
6161
7627
-8575
4664
-2544
9747
-5087
-10
-6441
-8220
-2225
2050
5424
1316
9004
-2742
-9062
36
-317
-3438
-8134
7041
-3703
6713
-6331
197
6574
-6839
3079
-229
-2414
-2609
7444
7954
4290
-6575
-4673
-963
-417
-9160
9410
22
2565
3360
-369
1309
9288
4010
3490
-6848
-4952
3151
-2235
-9106
3261
-5834
5908
-3884
5395
-9663
-4070
3759
3349
-248
-9191
-8917
8570
8141
184
-915
-35
-166
4089
5398
-7429
3825
1663
-1018
8504
-3645
-6064
4801
5859
-8086
-9580
-6485
2501
367
3033
-3825
4028
-1567
2834
-1242
-6004
850
-5604
-4851
3355
-2478
-762
96
3626
-1417
-5877
6777
-9234
-1492
939
-887
-5834
-6522
-6908
-7968
9574
1734
-8362
8008
3689
-4491
9067
5219
-9345
-1984
7830
8737
5460
6855
7294
-3261
-6873
4072
-3846
-7745
7646
-2638
-9619
-8175
-56
-6748
4353
-8829
1498
79
-1970
7051
6775
5832
-2490
-2321
4474
-3596
4480
8837
-4771
4360
-4901
-6285
-6828
-5960
7539
7377
8545
4358
9083
349
-5961
-3524
2012
-5903
-3393
-7144
4317
-4485
970
-9595
-1294
6319
3231
8598
-573
5158
-2082
-2583
7426
5550
610
6550
-4268
9478
3339
6905
-1712
6980
-6635
49
9663
4989
1
9923
-2411
8911
1101
8595
-3826
1544
-689
5733
3778
-3770
1761
4223
-3417
4268
800
-9595
-8944
8847
-9970
-6534
-2403
-4052
-8356
-8869
9066
9097
-5309
277
1570
5816
-8659
2072
7188
1782
5361
9247
-7370
3232
-1911
6860
8847
-7746
9700
-5989
-1769
1587
7716
-9757
9644
-4112
-4348
2488
8500
1862
982
3245
8982
9614
973
-4146
-1371
-8744
1179
5060
1360
-5509
-7196
4992
-2293
-7893
5831
4114
2824
-7224
-2865
1491
-1118
-5722
-7018
6267
-7003
-2382
-3548
-7209
9929
3781
-6962
-9378
-2621
2823
-1062
-4295
3844
-8802
4810
6259
-2952
-7782
4762
-8744
4553
-6203
-3346
9530
-6543
-95
215
-51
-7671
-7441
3182
-7105
5815
-469
1918
-4148
-9738
7082
-3642
8047
-8386
-8032
-1290
5026
-1859
5542
-4064
956
4339
8958
1177
6506
1790
3220
-2436
-1721
9012
3317
5428
2206
-4772
7709
4307
-6394
-3621
-603
-3626
2775
4660
-6361
-2886
5139
6091
-1009
5380
3978
-460
6318
5071
-6387
9827
6929
-797
4277
9161
-5010
-4266
-7334
4473
374
-3278
-3732
-5975
-8553
6982
3692
5219
-1265
-6367
6851
5927
7228
-6636
1326
3943
-6774
-7799
1392
6995
5853
-1853
694
-6702
-25
-7419
-7382
-9203
-4143
4273
-3252
4218
4927
1597
6347
-3055
-6622
-7777
3491
-3337
-2567
-13
-2780
4741
-7236
8392
993
-1142
-5612
-7869
-6558
4014
-3389
-6539
-8534
8051
2850
160
7228
-2557
-7490
-6284
-52
8906
5456
9314
6280
-5883
4691
-1329
4555
4188
7465
-8160
9635
1073
5547
-3820
1961
-993
4024
-5373
-730
6276
-5278
6023
-2268
-6856
2706
-4908
8838
-2020
5759
-3907
-6880
7495
2513
-15
-2416
6840
9882
-2330
266
-3967
8115
-5362
8565
-5050
-5723
-953
-7101
-7817
3908
984
-1520
-3813
-6342
3944
8694
7669
-7235
6290
8925
-2692
-9765
3402
-1739
4023
-3256
8043
2530
4016
5322
-2569
5767
6929
2858
6979
-1915
-5199
-3909
6637
8028
-8824
-9507
7466
-8114
9348
522
-902
-2244
-4607
-6759
7945
-5250
1861
-7679
8868
6070
-7207
5928
-8386
-763
1958
-6974
-7642
9096
-5823
8698
-5421
-3595
-1961
4173
-2553
4390
8422
-2710
-1978
-7975
2546
9110
1507
3456
-9986
8900
-8604
5356
1505
7927
-7593
8702
-5892
4046
-2026
-7871
-4767
-5743
2924
