2649
1
498
7521
4358
7785
6011
1052
2884
1371
3520
2804
8116
3887
8137
79
3069
7500
2102
1658
1884
9934
4142
1120
5521
588
8913
9908
700
9647
9433
7190
8620
4800
30
7521
5188
704
154
143
7657
2754
3992
8799
999
5002
3835
3276
5289
2249
8540
7890
9694
1771
3526
1392
5918
4418
8897
3363
1849
3158
7132
8606
3321
1172
6507
1696
6560
2012
7736
5269
832
4856
7011
7058
4595
5987
1652
5590
2469
6419
410
1518
2348
9133
7260
8936
5841
2858
9213
2717
9174
2566
6723
1430
3684
7652
8662
1284
2435
2102
9886
7786
9576
4654
7747
5552
1914
7210
9615
9664
9686
652
5333
2891
74
5696
809
3720
7774
645
4883
3617
5337
6216
5725
2397
8507
3105
8463
8792
402
9420
8542
418
6530
1635
3735
6409
4999
5316
597
4601
9923
5200
2850
2049
2262
5569
515
9307
4288
7367
6426
661
5326
4330
8160
7904
3558
2559
5724
2622
1222
9833
1674
6900
5673
6512
3890
2598
3618
7974
3666
872
9191
7884
9934
7107
9342
7377
959
7575
9466
2490
5585
8762
7196
3598
7281
5517
9203
2255
8464
6668
9459
5815
6009
9655
514
1516
2777
368
7965
953
7262
645
1716
9508
6197
3764
6817
5387
8305
8782
5402
6285
1107
7933
3026
3853
428
5118
1085
9223
3902
4418
3132
335
6621
8373
4710
7308
9140
374
475
3004
5134
957
3600
8582
699
4217
1032
7420
8531
5587
9809
6685
7778
5573
202
5175
127
3377
1688
4997
1727
6932
6657
9494
601
815
5247
2624
5246
2783
4445
7388
5083
7667
513
9481
4520
9960
2246
8260
9192
6366
5772
5734
7585
5459
4519
9123
1554
9297
4492
7156
4112
784
6319
4572
879
3733
9309
7035
7564
8319
3375
9863
9026
6540
2082
7560
8684
6295
65
9173
7951
6715
4748
5195
5974
8256
6587
3119
1713
8579
6336
5076
4032
7409
9257
3019
610
4860
4274
9624
4152
9436
8293
8253
7834
6779
4641
4475
6324
8016
5135
9227
6822
1519
8917
69
5647
5905
5415
1379
27
5376
112
1911
860
9978
6302
1035
5464
2825
5318
9641
3564
1065
9045
8311
105
6643
7925
5874
6882
4666
2120
441
58
4441
2007
9236
4733
7842
6174
6476
6078
8650
3435
2714
8629
2446
1555
8817
7440
7156
8444
6549
6679
8082
9576
3214
9688
9938
1528
5886
8766
2549
213
8723
5549
3238
2595
5918
934
9477
33
4244
2499
579
9329
760
1338
5163
2721
8350
928
5973
6611
8299
1967
2420
8578
5829
5910
5483
9074
4447
3477
130
6913
1306
5150
1686
4801
3648
5041
1597
3387
8046
5677
1643
3828
3895
9476
6951
1031
605
8675
6126
7377
7508
7519
295
1835
5365
2624
2485
5317
2444
5427
684
9494
2019
4316
6872
8013
1416
8304
1756
3997
4130
8067
3734
604
8597
4396
7423
2213
3353
1502
3462
7920
1810
3682
623
7550
6436
4230
3225
6314
3301
2687
1327
4323
5857
3428
2522
8316
5815
1259
602
6081
4405
1457
7575
7692
1755
8577
7856
2149
789
9369
6020
3705
4420
7504
1783
1803
7006
1929
349
1978
8860
7428
7161
6503
4671
1036
6829
7177
2352
4181
3666
3638
8430
8472
7713
6589
192
2938
4367
2675
4884
9756
6075
3606
8776
8091
2361
5800
7756
5934
67
8703
4160
446
562
1145
6732
3935
5937
4650
8090
1592
2346
11
6638
3634
975
296
4283
6850
7872
5008
3410
3001
2971
4028
3184
9107
1966
4324
1367
1808
1214
797
1892
3690
878
8679
1745
6123
1696
1901
6116
5542
6781
820
1930
2492
1594
4965
9010
9710
37
3454
5382
6114
8312
2621
8691
1651
4037
2655
8463
2106
3503
8842
8692
1474
6563
6730
4248
4519
888
6614
8170
2720
5746
1356
3463
2374
9867
3617
2945
2390
7277
2956
6605
2353
5402
7122
7027
8573
7008
7491
5380
9499
5479
140
8487
3715
5903
931
228
8641
5122
7207
3679
9745
368
5611
1781
3452
9753
5039
6188
8570
3495
3777
9293
8568
2742
4182
6936
3135
4606
3046
3151
2037
6899
6370
438
8822
5385
9963
9014
3716
4256
6587
6606
9206
769
392
4733
8925
2291
1998
2604
5602
2120
3397
900
4648
103
7830
8748
7013
94
691
4940
1695
5495
9126
4511
4396
7765
7777
5872
4809
7458
8858
6418
6709
6367
2207
438
9927
1750
6395
9512
8224
2608
5120
2394
6461
1461
3080
8739
6930
1380
4985
2529
7464
6550
288
8823
6084
9181
1720
8231
3349
3358
4653
6130
7894
4442
4435
8323
7052
6013
4876
1537
2360
8328
6116
3152
2082
2406
1274
1260
9555
9249
3621
7344
5497
1131
8944
2801
4007
5657
8641
5061
8292
636
4746
2205
4381
9403
1500
3580
2088
8411
8410
6223
3543
8519
6339
3790
5653
9160
7684
5605
6862
6242
4290
4587
7915
1502
3949
5462
448
3615
1022
8292
5889
5921
1371
6959
9493
2239
4113
3318
6442
8039
7691
7648
3011
2727
1645
8259
5069
6352
5858
8830
2766
7969
1113
6885
5383
8049
859
4058
1866
4413
7025
468
3481
8072
9995
4134
7974
9518
9561
5667
6224
4359
9720
3342
5695
408
7247
5687
1578
6372
7469
9942
6280
1947
2170
5328
1694
5964
997
7576
3701
6777
5621
5080
2423
549
3483
8451
3084
1625
6184
6292
6699
3445
5274
54
9010
5409
9921
4115
6090
7400
4104
591
9369
3851
8274
5282
6598
5077
9118
6418
4757
9585
6317
326
2021
9626
8575
4068
6740
2960
5690
3171
9127
7031
8805
6732
6126
2880
2078
6387
1932
9321
7539
9471
9288
3699
5126
4534
1770
5729
4956
6765
571
4118
2477
5406
1954
5295
9391
6449
6609
5630
1704
855
6500
3919
7660
5750
4420
2490
7865
760
9939
6980
9261
5965
6641
9757
4025
5116
638
9100
4228
6514
9214
9393
2758
1672
5289
3197
1286
9725
8995
9287
5832
7164
4679
6648
5291
1737
2867
7219
4350
4401
4331
2136
7509
7538
3759
3997
2555
61
126
9525
1194
7135
1385
7038
9634
416
6932
1505
6964
4074
8636
525
6151
2470
6601
1314
7272
8388
9274
3858
8489
7424
2264
4896
3503
9119
457
9271
307
6557
6300
8180
9584
8163
6779
1114
2179
6069
1331
8987
2285
9039
2332
669
6093
8836
6927
2735
6743
3623
643
8127
7306
4928
1711
9647
4025
7303
6647
7551
807
4773
4885
1109
4520
5152
5286
5878
8187
1735
5927
8166
9851
7294
4076
5691
8536
3578
7613
3479
2923
964
7432
9891
5855
9796
9114
6830
2683
1373
3645
5036
3303
1733
1841
7957
6031
3593
359
9003
2582
7770
9952
9654
9052
1556
9265
6507
1455
1368
8723
7216
2939
6045
1244
5397
1838
2177
529
622
8822
7520
8737
3
9887
7542
3163
8858
328
5892
4163
43
1349
1780
946
3468
5389
5866
5407
2393
7527
3313
5732
2090
4595
9937
3932
2376
9062
1704
986
6555
3605
7494
5105
4348
9911
9192
7191
9932
3907
4681
1310
4771
6504
5328
2012
9325
1728
3417
7885
6150
5827
3176
5324
5501
6055
5610
4298
2019
9728
5717
8062
1147
4628
1643
9440
7309
2547
8920
5083
1471
1731
4264
6733
8942
5400
6669
2669
5926
9583
4144
2063
1774
5506
3306
1642
415
6284
2026
7232
2190
3968
8694
3300
8996
8654
1185
9475
885
2940
9169
5983
989
920
1937
3421
6410
6850
5301
3419
3155
9092
7733
1432
8386
301
7052
18
4766
8718
7017
8143
969
3374
6291
5252
1279
7919
2638
3661
5438
1864
5567
4865
3302
3061
1802
9203
6903
3229
7698
3541
976
7349
7292
627
656
5789
3802
9324
4138
6513
2867
4851
7041
1366
6072
9537
1388
7848
4321
5669
8260
1428
3476
9074
882
338
2721
7302
3746
5617
8241
6381
248
2480
2341
7109
1974
9796
2839
5954
6748
2310
4311
9565
4534
6405
6464
9359
8387
7154
7571
6376
1197
5451
6548
3142
8373
1211
8896
5305
1485
2183
9061
5349
1654
2000
579
1482
1760
594
7058
4862
9737
1029
5299
5935
2470
1876
2618
5679
8823
5863
7417
4269
1304
7030
9801
2455
8759
8710
7272
4594
628
9175
8722
7711
2799
836
2449
5982
4085
149
3561
5131
96
5621
7074
9523
4426
9232
9727
1139
6393
3007
5730
5280
6221
8082
389
9626
5897
2796
5896
6437
1438
8946
87
9239
8091
1843
4824
5809
4540
5662
3132
2192
6362
834
2793
5105
6709
7347
2549
8750
4108
2653
4816
5288
1851
4533
1997
6115
5312
5665
1592
5429
7663
1799
2621
7259
5850
1517
2881
9297
2207
8076
4147
1523
6378
595
5673
3129
2718
220
2103
8314
1399
7558
9085
618
1821
9723
2111
7424
2692
1241
9355
6396
7300
6357
4315
3795
4158
1940
2065
1223
5716
7093
7870
7759
6405
7069
906
6679
2835
449
6717
6463
9474
8006
3437
8756
3456
5806
706
5460
2408
9326
8055
570
95
1341
3177
1666
9495
747
26
3806
3641
4808
2473
2405
258
6897
6585
4927
8678
3639
4633
6570
4055
7956
1211
8164
2722
9285
8502
7880
8781
5910
7530
3866
8657
9344
5813
372
7443
8605
5540
3650
5442
679
8413
3904
6238
8060
4265
2118
5956
8741
5971
1095
6390
3224
6324
8480
5339
4721
456
2950
9756
5762
1530
9913
7821
2907
2147
8117
4504
5413
7057
8025
1210
3823
717
6608
103
13
7321
9339
2472
7516
2942
2747
9100
1309
5595
833
4568
5706
9004
9778
4222
5518
669
395
9239
8192
7612
1911
6143
9204
5361
2779
4877
9743
6650
8334
5948
543
4133
8998
2015
8374
8960
7205
4059
885
7185
4069
3933
2980
1184
7231
6701
6059
418
2606
7999
131
5336
6647
4399
320
5142
8043
1156
5449
234
8631
6951
1950
5940
3785
4772
9773
4643
3186
7448
2695
5978
2898
4753
402
8604
3010
2575
9956
2288
1482
1349
1604
8335
1295
3094
3008
1293
3523
8843
8417
3550
9176
4537
794
2814
1820
7841
5978
5457
5203
8511
6986
2668
3002
7643
4677
9352
5141
2108
9482
9600
4354
6620
8402
6173
2950
4296
8725
8245
5716
3313
1150
8078
4550
8592
5308
9777
9587
1273
1144
105
3581
119
1071
2443
2844
4463
4480
5299
5284
6943
5923
4887
3789
3342
6107
9417
3930
1107
6447
7384
4681
7913
7622
9888
377
8010
3098
8430
180
7304
5350
5660
1048
544
5404
7615
4738
397
3340
5471
5964
6324
3282
9784
1052
1334
9713
9011
7033
9735
1389
1414
7677
1660
7289
8279
2750
6892
8924
6438
4659
4110
1117
8242
8201
4257
5007
2218
9463
8339
4335
7628
2211
9670
9582
4557
6357
1694
6534
1062
3134
5977
531
195
4060
5921
1011
6698
3675
5923
548
885
765
9900
6482
6786
287
2272
1249
2124
0
7023
6277
2581
7993
4812
4245
6298
1452
7949
1542
8403
8309
4015
7344
5932
4725
499
2661
4059
7355
471
5155
1425
5423
4405
5308
6313
3197
8272
7536
1594
7590
1127
3695
8013
6696
4003
8398
296
8330
1727
4267
872
9957
1264
2104
6187
9281
4943
3397
908
1532
2121
1717
7911
6188
1740
4663
6011
3527
7678
6020
2617
2091
5667
322
5680
272
3586
787
7819
9456
1104
6901
9305
5354
3752
2390
3008
4379
5983
6647
7946
3337
3203
8829
6390
8532
2312
6114
1366
7541
3230
9977
1279
3666
1301
5120
3673
1498
3343
9127
2139
807
7951
4152
7868
2806
6380
3743
99
5761
1571
688
954
4214
1877
2709
9304
3383
9805
9955
2083
5265
3569
7233
2981
6583
9497
2156
8234
5472
2419
8954
6100
1970
2296
7300
7349
5441
9782
3048
5240
1862
4823
6841
4425
1702
9845
2007
8744
4875
5357
4730
2687
9823
516
720
9861
8878
7446
5707
7364
2395
2981
6235
9727
4714
9510
3900
6940
4768
2110
547
2829
8469
7830
2329
6012
3506
4133
1657
2107
3037
4262
1000
8092
7369
4325
7998
7679
5149
7823
8483
8803
3519
4723
3193
9085
3256
5235
1210
2879
15
296
729
1177
9874
9526
4705
1028
9543
9071
8546
941
6131
3522
404
6060
7986
6314
5029
1668
577
2078
6379
4494
77
9787
1916
5063
9259
2016
369
4313
8860
1669
3089
6521
9584
9657
2095
3355
715
8953
6097
7965
4807
7500
969
9502
4814
6338
6967
722
1290
681
6399
9452
9099
5691
6649
8783
6659
1617
8647
9291
5480
998
8508
9668
7488
1809
4300
8724
5451
8338
5262
3710
7076
4583
1506
3884
6713
5589
4903
311
1744
8164
9252
2146
3953
5545
3374
5910
7242
9514
5602
5948
7838
4505
9970
6757
2311
747
4735
5761
7947
2898
7492
9861
9191
688
5593
5827
203
3114
8869
4611
2696
2637
8601
629
6571
6444
9901
4504
2096
4226
6165
2626
730
6099
8716
2077
4330
9261
2508
2247
6215
4350
6117
513
4631
8730
2642
2201
769
7738
5234
7809
4716
1347
4027
5326
5922
6501
4775
4170
8115
9636
1405
9148
5858
6554
7049
7410
3745
431
6370
6935
1482
5547
9737
853
5876
4065
1471
5566
6987
3605
7361
8969
4106
841
9393
955
8599
5373
5113
1627
7456
5109
2500
7264
6973
8860
953
1240
3119
2958
4187
5151
2033
9920
3898
1823
6196
2351
2391
2387
5311
7596
3052
2564
4236
4600
4191
8966
1624
6473
486
4620
5885
8553
6
1788
3089
3810
7213
1073
1707
234
5442
7020
3882
5388
9775
434
2631
4546
204
2607
6717
1708
2846
2470
8657
5358
8352
1566
8256
2079
1711
9140
4531
2462
6504
9993
587
5719
990
9739
8810
3036
8358
7757
5113
9521
9552
6349
541
7121
7166
2940
5917
4256
133
2335
3801
7832
5303
1502
9298
8574
535
2070
8315
2054
2918
8518
1795
1559
5615
6037
1320
4061
9592
7576
6269
6455
1564
2292
5135
7451
8460
1705
153
7177
728
7616
1700
1556
4849
2151
1423
9782
7218
2684
5481
969
3659
5576
9257
3577
7577
6388
7154
977
1905
4623
4360
9770
3938
3299
2934
9672
6087
2203
3085
7022
7666
5371
1690
674
363
3031
3069
6699
1745
7898
4562
2966
1167
2847
8276
7677
1349
8616
2518
8669
9548
1817
6775
4768
5634
3846
830
2936
3730
3403
6187
8448
8643
8446
1318
5805
8590
2684
9310
975
3003
1023
1384
6312
8000
8376
9783
339
4962
8110
3785
6515
1795
8527
872
3074
8987
7981
8448
9871
2590
7151
1837
6549
3861
7699
3879
7167
9466
7322
617
6562
4288
3014
8009
3978
3169
6248
3682
6190
8800
1942
8220
4436
5603
7080
6622
5332
3740
1249
6260
4383
7825
2243
8114
7611
1881
3137
2052
6252
4030
6920
7732
6464
4762
5230
8772
7590
5889
2437
2199
1876
6885
9929
7786
9512
9306
5372
131
8184
339
6523
9335
1003
2546
7630
5162
9414
1406
608
1019
9901
4389
8447
1375
4697
989
6176
1173
3134
5582
7131
2435
7180
6083
5130
2155
6036
1974
3090
7110
2617
5751
5969
2791
3137
8715
6678
8444
1792
9212
3592
4846
3668
4002
2919
2038
171
446
5372
9938
5211
7660
9801
8356
8148
8847
5280
1838
8186
7578
5977
3751
3357
7290
9284
4227
9042
28
6472
7498
9435
5095
1798
5934
584
9902
1461
5709
2833
8850
5297
3642
7659
5509
6978
6601
1493
8222
6474
6719
7242
5980
6311
708
4461
8950
1547
5099
2320
5543
7990
9089
6597
659
3539
2902
7544
80
1558
8449
962
1376
304
1209
8403
4396
9639
7275
9610
8005
3956
477
2666
2121
2098
1604
5857
2555
8566
1578
1993
2900
8835
6337
7395
2257
5513
9503
7478
1831
6884
6882
2959
5830
8964
6731
6433
9179
3413
3010
3262
4693
2895
1894
7552
4847
5391
3881
9933
152
934
8872
119
9579
3812
9666
5672
4483
5478
8507
9767
1624
1265
4631
2596
8618
6922
7303
1246
77
7847
8680
5134
3692
4960
230
