3829
1
-362
8330
6622
-8591
3957
4696
-414
6519
-3414
-8437
4482
-6699
3722
7121
2162
-1637
6269
-6353
-1368
-3151
9238
-9055
1791
-6658
-9658
-3276
2113
8349
-4712
-2388
-4317
-1054
7654
-4932
4119
-2084
4418
267
-7179
3357
-1492
-3828
7327
4358
-1671
-5225
-330
849
-7003
8000
-7758
8135
-5003
1700
-3105
-7277
-4908
5041
8793
-8045
-2619
3735
-2018
-5353
-1772
-5328
6782
-8949
3489
-6480
9305
4868
6586
-6697
-7879
3224
-940
-9552
9824
1420
2724
1901
7642
-4184
1596
5737
1428
-5467
4838
9422
-8708
-9535
728
5654
9098
7307
-2956
855
-7398
-6678
-8859
-8017
-1505
-635
-2191
-3837
-2839
-3464
1847
5387
-7797
-8094
5935
-2405
-3725
7213
-4291
-5953
9362
-7177
1366
6716
943
6155
-7843
-9497
721
-8971
-9143
6529
4396
-9346
-7966
-1580
-674
2971
-1170
6225
-7375
-9546
-3899
-1495
7552
6429
6065
6448
-806
-2843
-5022
-6213
-790
4174
3665
699
6225
3834
-8548
6492
6363
8456
5278
-3510
-2397
5555
-3613
-8834
6038
-641
5973
7286
4335
9905
4649
-9130
1119
-5290
-877
-2151
5217
-6315
4955
-280
1770
-2917
-8157
1927
8716
7150
9603
-5674
3463
-3716
-2644
5213
9868
-499
3957
-9478
-8264
5090
-3581
3752
-3662
1927
-3038
8782
-5900
-2471
-6066
-8320
-8781
5376
-4599
-7652
-6
-4407
-193
-273
2464
3590
7107
206
9376
-1738
-2126
-6700
-7079
4864
3043
-7577
957
1840
-5259
-7405
875
-2394
-8988
-2416
8313
-935
9125
-5479
-7362
-4640
-3317
2746
8487
-9020
5440
-120
2880
-3024
-7344
1415
-4540
-683
8656
3429
8445
7077
-7367
9483
-6756
3456
3682
-3973
7479
7064
-8634
-9827
-3409
7049
-6659
1070
-7914
-3134
-720
4978
4411
-9584
2347
888
-2741
-1281
2665
7047
5145
1351
-1528
-2426
-3416
-3974
4405
2515
-6998
-4760
-4295
-1109
-2172
165
2972
-3087
-7854
1039
-7902
-3364
-9675
-8525
3585
2214
-1640
-413
-2076
-2861
5156
8157
9498
9141
-1516
2724
9122
-2376
-5172
-7711
5130
-5258
-9551
-4921
-5181
6676
7413
-8532
5262
6199
-5236
-7941
-9298
-9467
-232
8823
-2191
-2696
96
1939
5853
-5855
-2712
277
4186
9314
-1208
5773
3463
9674
2558
407
1558
-3085
5054
4636
-5472
-672
-1735
1304
-7230
-761
7234
-6116
-8565
-6549
-5410
-4398
-9143
9887
-6962
-6499
1673
-1210
-5360
8537
1672
-2836
-8431
-3893
-3526
-4789
6410
-6469
7997
376
9908
-6503
1672
2836
-9866
-1655
-9316
-7717
-8067
2455
-795
1576
-4578
1754
-7194
9389
-9577
-1082
-1240
-8017
-5810
2531
1442
-4915
8520
-5958
6837
8888
-9724
7294
8721
9763
7074
-5800
-3734
-4462
5770
7842
8390
-2099
1328
-5091
3377
-4092
8879
2159
-5117
8930
-3032
2495
-8742
-9034
7439
499
351
-1919
-6119
-231
-1339
-955
-662
-6120
8603
-1750
9217
-7287
7955
-7655
6729
6901
8611
-4167
8695
3116
-6184
-3053
7122
-3281
-4505
3473
5742
9192
-6564
4446
6874
8396
-9319
9123
-7743
-4947
-4057
7488
-3786
7763
-6804
2192
-6115
9059
5273
-7652
-3400
7004
4334
4597
8912
1859
-724
4327
-3316
-4592
-8675
7486
-55
-7307
5860
-5010
1932
1072
-8496
-1402
7433
-298
3812
-2573
-4084
-7929
741
3132
-2137
-2936
7890
-1384
-2248
8604
3937
2702
-3330
4214
1207
-7401
-1726
-8503
2688
-5910
-8891
-3936
8933
4268
-176
5539
-8844
4447
2267
-9260
-9925
2445
-1753
-4749
-8512
835
-4415
2662
3003
3542
6368
-8366
-9836
-9669
7745
3854
1739
-7822
-3979
1091
-1887
-9173
-3600
6213
-9079
5680
-2655
7605
-2307
9322
-3891
-5576
-6412
-294
-6389
3596
7707
-5665
4600
-7290
-3445
-2147
-4854
5570
2105
-7640
-8341
-3576
504
-7384
4525
2673
6482
5541
4923
-9095
7344
2703
-209
-3058
-4018
1717
-1324
5823
-6073
-5495
3182
-1239
3680
6195
-5942
5853
2996
-9370
2504
9834
2912
4231
181
-7025
5114
9441
9407
-1919
1839
-3246
9647
-8858
9876
331
-3383
-8912
-1195
3539
1769
5760
7604
-2056
-6984
-3727
-591
-6936
7576
-8001
5053
3840
865
4760
8330
3418
-9602
2650
4834
6673
-3324
1432
8325
2810
9123
-7747
-351
9439
518
5767
3490
-4240
-2355
348
6848
8843
-4253
950
2483
-5082
6503
8185
1533
3848
1172
-6424
2179
3126
6861
-116
-3671
-9183
5058
-6457
5964
-9147
9121
4817
-2246
4017
1893
2335
5812
-5303
-9595
4744
943
-896
2741
-2955
-6965
5672
-1053
-6106
5375
6277
-3636
-5215
2119
-7235
-8976
-9660
-5827
1477
8985
3257
8367
3769
-7351
-2960
9724
-1003
-1645
-7393
-7302
-5623
7634
7623
455
1087
-5408
4385
-5670
6031
-4661
-2653
8734
9368
-4656
-9300
3074
1981
-7539
8642
110
7712
3010
-2217
3061
1596
-1273
-8390
-349
9042
-6802
5416
-3245
5094
8239
1750
-9336
1879
3204
-9916
-8030
1101
-4970
-69
7588
1899
-1851
1216
2518
-3234
1207
9844
-6105
635
4631
-7261
4618
5614
-4081
-5786
-2801
1906
2162
3688
-8323
4292
-984
5418
9731
4344
-4187
2242
-8507
-652
-4483
-2313
-5365
-13
-7684
1564
-4610
8365
-9696
-4353
4203
-3187
-2972
-5451
-4159
-2332
2892
-5177
1394
-8697
3425
-6453
-1211
-5204
-6732
-5316
-8091
6441
4636
1930
-4846
7501
-4672
3536
9309
3659
-5019
3902
-9000
-246
934
-1384
734
6547
-7830
-4238
-2392
2628
8509
-9229
8114
-2064
130
-9105
-6635
2443
-8138
-2174
8268
-3866
-8446
6953
-9436
-1773
-7279
-4811
7158
-2268
-3386
-9724
6512
5480
-9806
6171
-1775
7097
1900
5306
1876
-213
5399
-7805
-9887
-2750
4437
-3745
-798
2124
-6709
-5486
-6667
-5915
-9788
-2408
-698
7311
-6799
8500
-7859
-9283
6410
-9243
5614
-9920
1731
-5032
-1251
-4127
-3982
9956
-5412
7900
1521
-352
9781
4408
-4574
1330
-7364
3123
5816
-8475
-8252
-9181
453
1391
-9000
-2746
2475
-7242
-3190
7380
-2911
1041
9648
8038
6208
-3168
-688
8110
-3777
9389
5907
1422
-9356
1155
-2477
-819
-5798
7195
-5407
8481
-2238
368
1468
6226
-9778
2102
3153
-4367
-3125
1337
-8734
-5521
5836
1548
533
-6384
-5904
-3477
5161
2152
-9736
3606
3868
-2781
-7588
4921
-5402
4353
2349
8729
-1617
-988
1313
-1030
4218
4944
-1736
-7951
-674
-5564
6455
1379
-4058
7426
-1742
-7016
-9931
9461
6545
309
1343
3506
-5348
-8741
3021
7131
-9932
-3973
-751
-4079
-7033
-9
6212
-5522
-2919
7076
-7681
732
-2723
5799
5386
-4834
5377
3999
1570
102
-4198
-7746
-5336
-902
-2789
-4068
5636
5521
4104
-7047
5084
-7637
1003
-4108
2905
5563
-2239
-6809
9509
3974
7663
-1267
3647
-5589
-3422
-8136
-3299
-135
4827
-4081
-4347
-26
5418
5959
3884
4290
-8008
-5522
-8668
2397
-8421
-2733
-9070
613
-4850
7005
-6286
7626
7035
6951
2291
-935
-332
-3601
4460
-7006
-4626
-6286
-6995
-4120
9856
3806
-7846
8837
3302
-4089
8342
2383
6951
7032
-8178
-576
7947
5513
7338
257
5112
5473
1355
1386
-7485
6944
4293
-4079
-4399
4729
1571
-3446
-537
2485
-7071
-5293
-7099
-8560
1136
-8090
8993
2948
-4023
1065
-1070
4039
881
1937
3736
7577
-9573
4868
-1389
3373
304
9964
-34
9052
7663
-4646
5921
4813
8261
5702
-728
-7857
-8541
-7903
6346
-189
9085
-3826
-6411
-520
-269
-3945
-4489
8426
-5839
-4841
6321
-146
-1689
4940
-9064
6209
-149
-6983
1098
-2508
-4986
-6527
-3302
1003
1511
7567
-5799
-8951
2098
5580
7862
8769
8839
-8758
1458
-8188
9579
4038
5783
2316
519
1920
1928
2253
5601
9645
5534
4829
8470
5900
4707
1642
-1156
4960
2440
-4253
-8025
2555
3444
-6846
-9786
-4419
6236
-84
7083
-2094
-351
7287
9373
-8814
2189
621
-8322
-9863
6915
4988
-4728
728
-3641
5041
-8987
-2730
-3262
672
5551
-8349
-1946
-2746
-860
5183
4746
-7782
-5568
2176
-5280
-6039
-9955
1720
6819
309
-7843
-2247
9619
-1253
-3828
-9951
861
-1019
5067
-8846
9898
6447
2006
-4825
6278
-5545
-7431
-2284
-7125
3196
7629
769
3842
8722
-5938
6549
-6530
5093
-9179
-5131
6404
4773
-5185
6721
-9258
6102
1609
-5458
7648
5868
615
-8052
2938
-7683
3522
1888
-4608
-5038
3195
-8852
4070
3478
-2338
9006
-4130
-1384
-2473
-2877
406
4153
-4966
7136
-7975
2597
9691
161
2295
7050
-2231
8749
6959
-2043
5418
-8160
-6121
-2370
7776
9510
5526
6553
7451
3425
5156
9197
9277
-9414
8000
7365
2862
-4724
-765
4985
-8180
-557
-2404
7882
6833
9721
7967
8637
6757
-2960
2093
-5041
8125
-2092
443
-2400
-2634
5181
5649
-1232
-3802
-2365
6605
-720
-8785
6298
80
-8281
-9131
520
4803
-3556
4486
8090
-1509
-2127
-2886
8930
-7570
255
4912
5076
9410
-3114
6204
2224
9919
-6999
2693
1449
-9996
9311
-1161
9591
8357
6005
-8903
556
3918
570
-6106
-7255
-2435
-7010
-8070
2214
8921
2899
3756
-2337
5041
-5124
-6275
7860
-1199
-6777
7633
6405
6914
2525
5117
7622
-1305
-4114
-3214
6906
114
-8908
5809
-9208
-71
-5914
-8664
-5767
8353
-407
-3213
1048
-1920
4842
8272
-8343
119
-5201
-9001
418
5142
-5236
-5603
-1154
-1366
-4126
-1564
-3749
-1689
-5761
-4032
-3735
7216
1094
-2491
-4553
-7613
8698
-2725
-5958
1569
-6262
7054
6216
-986
-6977
-742
-9547
3761
7953
961
-4622
-4991
4323
6153
-4260
5837
-7071
2283
-4147
6983
-6976
5333
7163
-7767
9340
-9290
5860
7594
-5264
-7135
5457
-4694
-3116
-1958
32
3646
4461
5532
-3382
4492
-15
5077
1430
7428
-5928
-4407
-6889
-1845
3119
-5240
-6308
2043
8517
3287
6428
5628
-2264
-7822
-4419
1406
-3892
4435
7965
8061
-9937
8071
-7519
-7590
3352
2705
-1758
6231
8335
-776
8241
-4961
-3592
-4606
3272
-5136
-9687
-8375
64
-28
-6234
-126
-7399
195
6389
1798
1487
-8276
-9409
2055
8966
995
-2200
-5019
-6434
7042
-3032
6904
-6588
-5735
3240
343
6876
-5468
4402
278
-3560
119
779
-7674
-8953
5603
-2086
8448
-8644
4699
-4782
-6323
-4881
-1140
7601
5457
4633
3451
-5264
4890
-3401
5896
-2710
-7411
116
3802
1582
7278
-4225
1404
-5605
2474
2370
-2026
3281
-2453
1152
7923
-7444
-7176
1691
-6677
349
440
-2614
8543
-4935
-5248
1433
-1958
-3090
8222
-4656
-6229
850
-6369
-1686
6128
7538
2105
-3912
9344
3686
-1860
-4679
8675
8373
-7926
-4771
-2296
-7082
-2233
-5731
-8223
3458
-9440
8669
4985
7949
-4667
-5165
8343
-8997
8538
-9149
-4387
-7550
-8874
4024
6470
-2468
8537
91
486
-8823
9728
2231
-3074
1174
-7012
5856
-4841
5096
5841
-3711
4644
-1052
-9499
-2334
-7378
-9856
237
9397
178
9617
-7030
-8195
-822
-5682
5392
-169
4581
-9423
-5491
-3886
-6703
4682
6911
5455
-2729
-1740
-6018
3124
-3317
-3974
9762
1335
-7192
-1946
-7239
-4971
-4419
-747
2500
8798
-3577
1616
-2818
-7930
770
-4475
-6954
1392
-7868
-9079
-8549
-6066
-9529
6394
3016
2856
-6831
7163
-532
-9794
-3103
4573
9631
-3913
-4994
-5393
3308
1828
9494
6016
-1821
-4469
6413
1616
-1906
-127
8264
-6159
-2201
9173
7005
2478
210
7801
-9673
5230
-4486
9273
-60
-9732
-239
3647
-5531
-2163
-4418
5175
1711
-8709
-5844
-3652
-8582
-8718
8516
1860
-9221
-5056
7393
1580
1530
4534
-4030
7625
-1438
-5044
7036
-8895
1850
-4734
1587
351
8702
1145
4096
-7994
-8686
-2632
4216
-3818
-4713
9354
5865
-6858
9203
-7094
402
3480
-3925
1299
-3291
1227
9466
-463
2869
600
-3449
-2408
-613
-1874
5961
-625
6850
3937
6075
-1411
-2416
3512
-2824
7246
1895
-566
6341
-6910
1511
2582
-3142
-1858
-7671
1275
-853
-769
-4331
7475
3240
-8564
2362
5933
375
-3589
7973
5719
9930
-7502
-299
-7485
-2320
-3192
3535
866
-6239
4023
-1032
-4475
-8977
139
7433
-6221
-4001
6632
8726
-3822
1992
4042
3453
-5100
3782
7718
-1195
-1571
5598
2162
8849
-3542
3606
9661
-6827
1822
-2653
-9824
-3219
-7147
-3432
6314
-8986
-5298
4901
-7515
1041
3929
-4050
-3769
-1441
2921
-6886
-3460
-868
-207
1406
7624
1329
-557
9103
7929
-7460
2650
-9404
180
6404
2625
2114
416
4679
1530
-3757
-6862
151
5040
-7828
-2885
-6607
424
-1783
8694
9665
-5512
5930
-2235
-6479
1700
-2706
-861
-6417
1905
5639
-4584
-6164
7975
2131
5742
-1012
8396
6971
-1803
3855
-6974
-3767
-8662
-58
-2202
-8804
-8730
-2326
1983
-9852
1099
-541
2665
-8876
-9237
-5856
8159
3393
-1379
637
-9906
9783
-8325
-6062
7820
1482
129
-6307
-5977
-4670
-7631
9364
-3623
4425
4331
-812
8835
-3342
-1325
40
7076
-6895
-4163
-9705
-3460
245
2856
-8521
6578
902
-4141
-6387
-1066
1235
-3235
393
-7234
-9679
8948
-7823
7000
9839
-2922
9904
-8153
644
8403
-6963
-640
-7089
8286
545
-7700
-7463
-724
1841
9691
3456
-7097
6735
-6391
9937
4263
6378
-2488
-5643
-965
6872
8370
-3304
1752
-6305
1738
5530
1591
-880
4201
7109
2827
4905
-3553
-2269
1106
349
9218
-5084
6228
-2884
-6663
-7213
6157
-7202
5261
9429
-9061
1408
4060
-4653
-9379
9116
-7392
4459
9979
3483
-3519
8883
9388
992
7795
1276
-879
6526
-7334
1423
7546
-993
-8552
5147
-8490
1353
-4319
-3997
5587
7285
-7206
2515
-5302
-9696
-1518
8620
2259
-6781
8610
3460
-9220
-3601
-8593
-4063
3242
991
204
9923
6379
7426
5375
-7345
-4250
8426
6785
6355
2902
-8370
8517
-846
5118
7481
3525
7874
-7773
7178
7907
2703
7577
-3424
8438
380
1924
-780
6733
-6009
-2877
-4733
2001
-9134
-6881
-9199
-3121
7624
-357
5995
6018
-7022
8785
9614
-5498
-3565
-4819
-7284
1253
-7779
-8362
-1406
-1505
-1932
3126
-8364
-4157
-4437
-5587
8835
-4753
-776
5204
-6330
1834
-4259
-3791
8322
-8167
-2088
-1691
8853
-85
-4748
7906
-3222
-6950
9022
-6267
1480
4187
-9767
8257
3601
-6178
-5695
7387
7620
-6652
9130
7653
-8654
-5194
7441
573
-5433
9693
1337
-5643
8889
8646
-7883
9601
-5266
5749
-5194
9738
-4843
9971
9419
-9263
-1941
439
1695
3789
1283
6728
-4341
308
8981
-2498
-6024
359
9415
-3804
9137
-503
-6944
-2779
9121
8668
7364
-637
-7106
3958
-3289
8719
-6079
-2610
-5940
8511
-7531
-913
7642
-9030
-4132
-1425
2724
545
-5349
6938
8312
4274
1898
-9298
9027
-154
-4851
8404
6137
5060
-3619
7325
-8991
264
2976
9673
1114
-3426
1092
-4034
-1035
-7044
-185
5883
5534
1317
-606
1941
26
-38
-8887
-4054
1926
-778
-1498
-5923
298
-178
9140
3985
7220
-27
-9420
-3455
8820
-2118
-6584
4484
9644
-4474
3402
-2053
410
-8579
9082
432
8555
-8565
9792
-1423
418
3418
-4610
-5254
-3677
-8534
-8719
3612
5541
9000
3459
5051
7181
-3921
-6050
-3301
7322
-5800
3318
-6372
-4181
1330
3508
-7441
-38
-1579
9530
-5836
-5496
-5762
-2876
-2179
-2859
4971
-3439
-6062
-1614
3545
5732
6847
-8479
-5751
-7471
-5866
6482
9766
2172
4961
5369
1193
8737
3759
1486
-1479
-239
821
-7194
8261
4233
-1188
-8418
2958
-2711
567
-1709
-8023
-5828
4044
-6692
6617
-9029
-4653
-5568
-7073
3765
9995
6232
8449
9120
7228
-774
1145
2123
-4074
9833
9867
-500
2802
4572
-7187
9320
6409
7234
7190
4354
5551
-9245
-3993
3800
-3533
-3807
3022
-5498
2824
3108
8409
1197
-2770
-2468
-597
-8601
469
2151
-1670
7138
7177
-6720
-2734
-1037
-2137
8935
5846
4186
-4828
-4517
7136
-4214
7342
-6953
-2677
-9312
-2066
5322
-3721
-6960
511
5606
-2344
583
-546
-1906
-4470
7771
4550
8293
2376
-2486
-5641
4000
2070
-2368
1357
145
-1858
4027
-3834
9114
494
6972
2764
-2871
-2760
-5829
9751
452
309
-4278
-6525
1529
2470
-2752
-4410
2300
-7179
6866
1100
-9247
2935
233
-907
-594
857
6933
8625
7543
-4781
5828
-3020
7739
2698
-6937
5816
1615
-6639
-2942
-7235
-5577
9571
-7225
-3862
-4747
1348
-814
8157
-1423
-4277
6632
-1975
5958
1788
-5328
-4354
-1818
2967
-883
-2634
2172
-5023
-5201
-483
6236
8753
-970
6750
4390
-3036
5982
6496
8384
-2020
-2918
2535
-7041
-9581
5540
2028
-7289
2195
-2604
-8854
8490
7147
1874
8251
2662
7974
-1206
-4048
717
-3611
916
-9785
-8150
-5892
2732
-2599
-421
7998
-4315
3903
7942
-6036
3815
8763
-5650
773
5732
6411
-5381
-5717
4296
9668
9542
1508
6727
783
-9060
3322
-6009
7155
3396
-377
-8079
-3632
6449
-8050
-3105
-7940
1895
-7438
-5615
-7386
997
6374
5098
4827
8625
-4013
-9754
-2049
-618
-8359
6010
-6157
-6543
6901
-7526
686
1684
-4013
-2511
5175
-4198
6548
4739
6848
-7178
-447
-8718
-7179
5354
9480
5520
317
-1528
-6974
7118
-7801
-8593
1327
1824
4300
8951
-2321
-2148
6829
6793
-8767
-8913
-9671
4749
-3358
8556
6826
-6030
-5536
4082
-3928
-4711
1132
-1267
-3488
1246
-3054
-9538
7032
-6239
5772
5664
-581
-5825
-8577
5938
5217
3290
4637
5023
-2771
4746
8343
4654
-5999
-4081
-3276
-7770
-7291
4164
-8237
-542
827
-8011
9678
-8722
4119
-5076
-9606
-7730
3038
1958
4318
-222
-4412
7949
-4422
-5683
3259
-8042
-551
-4882
-9914
6378
-2737
279
7061
3191
414
-9752
1122
1648
-814
6915
823
-3403
6351
9221
9894
3778
-580
-5245
6761
-4728
-5017
272
-6097
-2743
-4942
3069
-5443
-8187
5699
-6285
-8564
-5066
6255
-348
6976
-6583
-8308
6404
-1187
-1915
-5746
-5033
5047
-1941
-9297
6640
-3518
5348
1004
8892
-7806
-3358
6113
-3830
7541
2706
2077
-9350
1578
7695
4050
5030
5476
-6248
-366
-4623
1198
-3467
-6650
7377
-7040
-895
3530
-5617
-4090
-4066
-2350
-1549
768
1132
1571
-8882
-1933
-9401
-7657
1689
2587
8674
-1142
-7751
-915
-7594
-5007
-1984
-1139
3189
-3568
169
9979
-4070
-4409
-2406
-86
6579
749
1389
5232
-260
2091
9792
6140
-100
4278
-2637
8509
9373
-4289
-1470
549
-246
65
-1427
-8251
-4117
7712
-4830
-4469
5984
3685
8162
-2459
-613
7835
3416
3226
8383
8511
5635
8348
-1978
8045
1566
1650
5608
776
6506
-2854
933
-4314
-4048
-899
5009
-1521
6796
178
5477
-4469
1241
7353
3152
9814
1147
-7621
4912
-832
-6344
-9059
4063
-4521
7273
6131
-1585
5773
9113
-6465
4155
-2800
-3447
-2743
-4175
-4274
5915
6013
2875
-6090
6574
-1491
-3298
779
-5512
-9222
-6338
5212
4897
-4826
8341
-2427
9426
8599
5561
-608
864
-9729
9191
-8794
-9395
8778
5869
-9487
8794
1145
-965
2971
5883
7340
-5882
-4226
987
677
419
5317
-5958
-8436
-532
-1950
-314
106
-7185
-6282
-8810
7268
-3351
-1426
8962
3262
4949
3665
4287
-5109
6988
8594
-8012
5005
5605
-6092
8889
2404
-9031
3632
8781
8819
-223
-1099
8134
1579
-4144
-5329
-1722
-2206
2129
3835
5827
-2775
-2784
8201
2861
323
-1100
-7709
8442
6278
-5156
-6376
-4547
-3895
6396
-9303
-2703
34
5282
8484
-6083
-317
-5944
-1462
-8634
1756
-1439
138
3067
-6557
-2534
-6512
7336
-9167
5725
2747
2716
5805
754
-8152
-2657
4977
-2544
-1627
-4332
-6179
-5271
-7126
-4082
544
8753
-4907
-4234
9105
-1985
7554
6622
5305
-8186
8896
-4510
-6667
195
-7723
-6098
-7128
4992
1273
-3222
-2724
7333
3370
7347
2738
-3897
-637
4188
3045
-1848
-233
565
-2381
-9581
-1785
-6964
-8222
-494
605
-5608
-2194
1053
5642
-1394
3215
5610
-182
1233
-549
4278
-624
5684
-5118
1913
7510
1671
-4662
6918
4840
-3524
1102
-8582
-8949
-6006
7345
-606
1753
-1464
7620
2062
6663
-6405
-2376
-8823
-4605
9530
353
-9774
-5797
3643
-959
-4611
-4885
7763
-7128
-6774
-2933
-6354
1317
9531
6704
-6737
5247
4502
1336
7255
6576
-9496
7562
1208
-7493
1918
-6084
-7885
7719
-8275
-5019
-83
-3837
8634
-6604
-6019
-1633
-2325
7606
6429
6929
4615
-2346
4644
-327
2327
-1851
3863
-9053
-3732
468
-9789
-2900
-5105
9408
8574
-8338
-6482
3811
53
-6192
-697
-1353
-1721
-1775
8722
-5211
-7858
6594
-249
2163
1014
-7464
-3074
2762
7059
872
9979
-2000
-2840
8631
-9629
7387
6933
7311
-5116
-1659
-727
1064
3121
8312
7643
-1649
7204
-5456
-3486
1768
-4245
3926
-9539
-8029
-6890
-6246
-962
7624
-2975
7509
-8560
-8782
8377
9803
-4450
364
-8699
-6090
5451
8767
-3840
9511
5674
6037
5416
2163
-2676
-5257
5101
4353
6939
-910
4094
9217
9881
-2707
-4291
-8775
4374
-3293
6317
-7971
7935
-9729
3042
-3863
-7247
6792
5978
8909
-2494
8352
4785
6274
9576
7232
-5783
9288
8625
3987
-1339
-5698
-3023
801
6885
-1085
-4874
-3411
-4577
-5863
-9239
4653
5856
-8871
9642
-3362
4316
4054
8590
5019
-9956
5697
-2120
6707
-7317
-2124
-9206
-4100
3110
-7821
1679
-5162
912
6223
1383
6190
5081
7564
-5280
-6699
-6050
-6851
-2963
-8483
-9566
-4930
4797
7807
-6264
-9994
-8443
-3403
-1374
8990
-7394
-7357
6231
4937
-7245
8932
-6726
2054
-8862
2236
2745
9721
-6408
-790
2522
9791
-5636
-354
7153
4358
-9400
375
-7734
7073
4855
9260
-6742
7646
5151
336
-4030
-5685
6248
-7897
-3803
-6770
1467
6011
-3906
-337
1777
2811
9069
-8476
-3941
200
3526
6781
2702
9417
6199
3851
-5516
-4806
1278
-9134
-438
616
-3362
-2611
9903
1982
9469
-1834
8325
1193
-5610
-7839
-5539
-6273
4376
-4146
-3549
-4521
1235
9552
-8291
8014
3522
2545
6533
2424
-3073
92
-2821
-1612
-6584
-3414
-6057
-4996
-6682
-1494
8793
-7004
7803
-1752
6547
6238
-7335
-7596
4454
7985
6189
5667
7983
-3027
4817
2143
7230
7818
4189
7866
3038
-538
7724
-5170
-9609
7209
989
-9337
-754
-2802
-4291
-6665
-7107
-9026
-6634
6655
-6657
6110
-7594
-1502
-5430
5184
614
9325
-6205
-3007
622
-5991
5495
1393
9781
2721
-3978
-4726
8626
1107
-9623
-2320
7337
554
-4804
-8400
4778
-404
-4676
-6271
708
9673
418
3507
2710
-5204
-2577
-3171
9495
9643
3858
7702
-4952
-3522
-3125
-2505
6938
2701
-6809
4476
-1735
-2204
6778
8034
3467
-9726
-7608
892
-2372
5026
8202
8878
-3289
-4882
8272
9800
2311
-3150
-4126
8468
440
-2998
2771
-4147
-5325
-3695
6281
7382
-5231
-1903
-2767
1133
-8567
2377
-7384
-8337
-5391
4703
-4943
6960
-2886
-8511
-9028
-3958
-5930
-748
-8777
-6584
-2488
-8562
-7466
5252
743
8238
8005
8657
4197
-8677
6334
265
13
-3498
-5758
6884
-8297
-6851
-3368
-2295
2191
-3618
-554
2875
-9600
4629
8953
-8598
-9960
803
7459
-5889
331
-1454
-7440
-2710
9993
-9535
1747
-4324
-1977
1723
2683
-502
-1806
8824
-7405
1379
9854
-1734
116
5987
-1413
7141
-7164
-675
154
4424
3154
-8233
-1364
-6024
-4363
9648
7292
-4157
649
-4752
7251
-4086
-5659
1715
-5293
-1940
-7221
-4012
2545
1613
-3104
-4475
8344
4883
-3554
-3975
-5891
9479
-692
-2449
-9350
-7076
-5512
1489
7454
-4238
-4734
8769
5131
-6270
5734
1259
405
1207
-9354
3793
-8531
4776
-4919
3244
2892
9046
-6791
5121
44
-6916
348
1227
-8150
-479
9613
5791
1124
4243
-7676
3948
-8387
3550
-8040
738
-5403
1705
4007
5857
-5939
483
-4709
7339
5423
2774
9200
-7802
-7133
4805
8818
-1808
4482
-705
-4079
-1132
9603
1804
6301
-5309
2221
-6703
-8026
8653
487
4996
-3567
-7325
2163
-5979
-8836
-3407
4949
6722
521
-5393
-7841
2252
-948
3742
4794
-966
724
8700
-9087
1404
3640
9176
-3797
1019
2950
-1443
-8762
2696
567
-2557
9908
274
-1867
-1975
9826
-4025
725
6911
-3167
-9535
-7574
3863
7839
-4066
4537
6766
-9370
5063
8537
3131
-5386
-5424
5267
7252
-9309
-9455
-7993
-9152
5108
-5592
4803
6022
4412
7673
3994
6027
6581
-8028
-4945
-5586
7707
639
-7476
8381
6278
-5327
7231
1918
-8598
8449
-9763
9060
-2947
-3627
-7671
3640
7907
-9583
-4990
9978
9178
-1769
8927
-5989
8452
5931
3971
457
9729
