5888
0
5311
891
728
200
4046
2693
9276
6951
8820
4318
1534
3694
1237
7067
9462
8702
9333
1801
4861
2376
5830
7534
7837
8023
2371
4957
8066
9869
8662
9029
5490
1519
7087
510
1148
5310
65
6710
1934
3469
3743
3142
8051
8656
3303
7662
9831
6560
8819
2831
5113
3296
3775
9866
6412
1450
2423
7489
2414
3161
8322
1587
8867
2720
9366
2142
4966
456
628
4088
524
6739
3218
8173
9498
2771
6884
7377
609
9816
6796
1356
6171
851
5073
201
9266
7467
7719
6108
1729
234
7812
1696
1292
6526
2337
4170
4885
5579
6699
2255
3615
6832
1008
3093
2737
3515
813
9836
3961
5138
7827
2837
7917
1893
1905
3865
9838
2181
4127
4772
9215
1025
5595
8412
7343
1156
9293
8334
9452
5943
7025
3592
7058
6177
2666
7022
279
1163
1873
5678
3631
4306
9759
9245
5202
7958
2235
6433
8623
184
8215
9393
6829
2906
8422
4810
796
3693
556
4387
2152
6528
6690
4138
9829
1112
377
3042
4974
3417
7642
9324
187
4456
1759
5234
9347
5542
8193
8581
6801
8804
1039
6310
5047
6693
4128
449
924
9140
7835
8730
7086
6997
5837
569
7016
9003
8356
1110
9274
7066
4608
8066
3751
5859
389
5418
1200
208
1496
1252
1868
6669
1195
4121
6654
7145
3563
7084
5807
4784
4683
219
7293
2791
719
4070
2679
12
1604
292
4465
948
5437
8068
4023
5785
2035
7663
5702
8015
8076
6586
9843
8581
360
6122
9172
6897
7689
1424
7339
8438
4211
2595
3211
5311
5931
9088
7492
284
1874
8438
8636
9695
6006
3260
3465
7733
8733
8154
6680
9384
6386
8305
9081
8767
4539
9171
8472
4375
1748
2293
3769
8573
2689
6606
6510
4261
6613
4849
2436
3009
8942
5667
333
5757
4003
1427
2466
1556
2238
6236
4971
1199
3834
6555
1618
3479
4876
6060
192
8948
618
705
1952
8397
364
3030
5763
6608
8498
5709
4389
9740
8351
9648
5678
5177
3492
9561
6106
8054
5704
7984
5672
8408
3172
2107
1191
3448
7765
3166
6662
3267
8025
393
7975
1650
1445
8546
8745
9912
2661
9551
2296
4497
4483
6555
3837
844
3660
2923
547
6967
9722
3305
7075
9776
4080
6722
5849
3640
9262
6802
5026
1704
8679
4822
6574
6750
4047
7728
778
9792
9341
841
2493
1857
8741
3638
1518
6406
782
1753
8008
2509
4694
7117
836
1367
368
9484
1188
188
8577
7736
4649
9261
4475
1031
9589
6642
6495
1077
809
521
3112
3195
587
9278
8028
997
3612
9193
3222
318
9478
7859
2200
9022
958
2455
993
2846
5400
5066
8396
9059
1931
8087
674
8118
266
509
1844
1927
3991
3823
2183
1439
4400
6711
3053
6055
7579
8778
1239
2494
3219
2800
331
9758
6674
8622
401
9602
7993
6280
9640
8567
7879
7763
6400
3441
458
2813
9017
157
4565
4408
5379
1463
3217
7343
8665
875
4670
4619
7908
6045
1280
2627
8656
1831
657
6008
4726
7684
5649
5323
9758
1316
6363
9264
8778
2864
9308
3799
31
967
4387
1622
1706
5417
3377
5182
2241
6961
2474
9860
3734
783
1053
7565
4929
344
4884
7776
1719
5885
8194
4594
3794
5897
1560
8096
7035
8046
4229
7208
3866
578
7592
9232
3080
1580
2729
2943
9986
651
3335
3854
4414
5626
8086
6789
2448
1108
8353
2403
9775
7794
9560
1059
45
9977
3274
9948
3074
3054
7475
3132
9527
3748
6767
9305
7697
5881
5660
6576
3749
2977
1450
2482
8205
9705
2195
1382
5737
1428
6039
8038
3687
7161
3093
8670
9473
6230
168
4622
5428
1431
8970
6854
6136
6660
8101
9503
5229
1170
2066
3247
6424
3317
6704
8641
2847
1247
7676
1222
8703
1398
8741
2263
3658
5074
6754
3258
7816
8394
2154
132
3805
4775
1274
299
7744
8436
2395
9274
9860
2780
9373
1371
2219
4626
8635
6876
7250
1556
6853
4552
5424
1697
2167
3700
3249
123
5011
4952
2418
100
6548
9937
883
809
3310
9814
1085
3826
435
1832
4780
5019
6430
3660
8185
2214
4320
6218
6173
8862
4830
8563
4464
4517
4893
2073
8304
8578
484
5111
7238
6278
3763
2968
2946
7615
8438
4609
4557
9446
152
3353
8691
5561
5353
7223
1615
4796
7796
195
5188
6480
6456
5753
821
4972
6621
5188
7090
3954
985
1768
5495
8130
7739
9882
7273
6036
2767
1148
1966
1073
279
7073
7794
6419
2800
7060
9326
6757
1211
7354
7767
7160
4026
2668
8900
3713
3929
9076
882
5267
8999
2505
6776
2617
8769
1603
465
2328
2505
1816
244
1400
3075
1451
5243
2353
6126
1368
6762
8584
8990
7768
1424
1144
1415
3011
7970
309
5028
1600
969
6037
6960
2832
8446
8043
8938
1992
8055
5207
4907
1922
1160
5870
7538
7671
4342
6386
1375
7115
9209
9982
4925
3994
142
4952
1721
4970
8916
7244
5159
3124
9409
4481
9364
1842
9770
9798
2414
5535
4713
5528
7255
7691
1486
7889
3373
7010
8737
1662
3298
1793
3099
6160
2572
2624
9610
654
5156
9095
7004
4058
9598
4639
6794
808
8910
9742
6258
3946
9518
7466
4356
7401
5340
1379
570
7704
7417
3366
660
897
5494
6684
6575
7882
8446
828
6698
951
5323
6611
6273
6972
3988
7825
5508
3316
6463
798
4572
6541
7347
4770
3526
3920
6810
8346
598
7129
5190
3441
469
8662
8136
9363
1661
7947
2563
3778
3575
5804
3125
5450
747
2294
3655
6252
4241
3455
4793
9477
7948
6722
5093
6116
6369
5708
9356
5596
1775
2338
4431
8637
5358
692
7766
8258
2180
6330
8792
3161
6430
5758
8085
1991
743
9793
7441
9235
5237
627
5676
2041
5805
1295
1205
2622
9527
8875
6518
9590
1219
2363
8878
1219
7535
3375
6547
1945
1373
3729
4671
3488
5658
5853
8209
7652
2210
7601
5490
9024
9874
4486
4329
8579
9936
8516
2753
3484
9061
7346
427
2291
661
8369
8357
5827
3042
4851
8233
2776
6308
8255
9089
8899
1476
1728
1771
3830
4716
865
7535
5385
666
6714
6489
2097
5142
3592
8639
772
8719
991
7462
382
6840
8124
1900
9184
6324
6886
8416
247
2674
8817
8119
7789
8255
5880
9619
9853
965
4501
1973
9325
8588
2214
9026
134
8502
8183
7133
5599
4997
3765
7260
6254
731
7923
6791
9653
2077
3994
7264
8646
4590
2248
432
2272
6436
7343
9296
5148
8936
7786
876
1121
6401
6464
5778
8193
8696
1208
9690
6886
855
210
8936
368
7250
2037
7477
6392
2652
1844
3351
4783
30
362
8256
8698
590
6403
6846
8518
1775
2942
9572
114
5269
4305
6986
9554
3616
3670
5890
3036
3409
187
3162
8025
2706
3922
7465
2291
2627
3172
9569
7907
7134
1890
7881
9847
909
680
476
7380
8341
8546
1444
3264
9610
4778
6850
5445
9478
2646
6549
5005
3966
8024
5573
584
8116
826
2842
7788
3431
9193
4150
7707
9301
2023
9488
203
4024
5287
766
8137
8744
7183
2210
5351
1129
6850
6862
4343
9548
1923
1476
4325
1846
8963
9696
5850
5135
8724
1060
9263
1763
886
4613
9255
3033
3566
5208
8320
5519
957
2934
8223
4372
7505
6574
8470
602
8701
3745
9027
4524
9483
6682
5056
4353
7028
9132
1550
5447
346
9182
7452
7126
1393
955
9550
7692
1280
9454
8472
3428
1583
7497
8984
8987
9047
1737
59
5567
8042
896
5526
5472
3107
6866
3803
7249
8663
6345
2241
8514
240
5981
1362
6825
6389
5788
4753
2966
2385
758
3237
2995
7833
9811
345
2435
527
6845
4611
2851
665
8503
4905
7698
7850
8841
9558
1571
5152
6593
3193
7394
1806
5398
3760
9735
9179
6163
3197
3632
3126
9558
3027
7997
5313
7325
6934
5691
7785
6580
5233
3072
7259
2046
5308
3434
3495
4745
8683
1344
2896
9838
2643
2624
4085
8240
31
7974
2145
3289
3422
9538
2504
3172
6361
8091
2248
218
9285
8159
7158
8901
4131
5527
4845
6188
7599
2813
9934
5893
4159
7182
4975
2860
5440
9272
8357
9308
9665
6228
2731
5276
6593
546
1766
8404
5809
5969
5668
3206
114
3158
6363
912
1445
3875
9608
1700
1500
5055
8908
6201
9156
1239
1867
3725
8280
3874
35
256
191
9798
6255
6441
6760
7085
4124
5754
3800
104
6858
8886
7600
3679
4799
8952
6399
4748
2006
4106
6933
1527
464
6581
9532
9482
2753
9544
6495
6913
7168
6581
329
1202
2636
4604
6158
459
5862
2357
8372
7000
389
8249
755
3119
6690
2755
5018
9941
1921
2443
9344
6987
1800
5973
1860
9822
5452
5818
6095
2502
9732
7064
1341
5460
1376
8192
2432
3834
1436
2244
5607
4837
2713
1019
7996
2478
6346
1169
8055
3464
5379
6004
7268
5293
3831
5088
2153
3024
2378
1476
9073
1404
8048
6121
2514
4191
6025
5632
2423
176
9785
6824
6452
3435
7453
7236
9121
9859
5016
7059
3737
1526
1489
1457
6880
7196
1111
624
6215
8938
8587
8378
3
582
1666
6488
3546
6900
8945
1286
3123
5664
1500
196
7187
5636
7187
9940
7621
629
7988
2442
1422
1101
3800
9656
1803
1692
2962
506
9652
5427
9658
1498
3713
3064
5387
5809
5604
7712
4926
9200
2474
3799
1813
7137
8393
1779
3536
1958
9446
3252
6624
1404
5683
924
8684
3778
576
6806
2332
2271
4914
1415
9255
7226
7906
1983
8436
6675
577
4109
9832
8863
472
3267
9219
6226
9002
6936
6692
1467
1747
4873
257
7908
5333
7572
9311
7226
8163
4505
9908
1586
9998
1531
1236
6387
1400
3731
2825
8844
7734
3267
6621
8476
8096
920
2639
5745
4147
878
5892
9349
1627
3222
350
3628
3970
8061
6507
4777
2751
1109
9439
1179
4075
5489
3093
9214
5367
7431
4766
9439
8815
1060
7666
3482
6381
1219
7336
3634
4129
7582
3418
7565
3999
8831
5326
7016
3451
197
3005
4489
4408
9655
8807
1599
2251
5776
1055
5158
6848
3307
6335
6820
6713
4157
2076
1772
8958
5870
1766
5854
3496
1464
2960
1045
2302
9356
842
7388
9699
3398
9806
384
5525
408
5631
3910
2459
868
8024
908
4385
6750
9150
9041
8515
299
8022
8685
4601
4370
3311
164
8273
4226
8555
5835
725
6263
3857
2359
2129
6553
3322
9255
1779
4222
4849
3296
3547
2669
8458
1407
9060
6633
8085
3183
1629
7954
1693
4980
4136
2081
6158
9495
9459
9334
5785
8907
4810
7835
5280
8939
5047
4832
7678
4477
4769
6972
1284
7640
2150
8400
8233
2411
8677
7430
4409
2456
1641
7708
9018
1484
136
3438
5837
7753
6456
1580
3220
5476
1251
9747
9346
1057
3511
7519
6868
2528
9645
2596
3476
7333
5863
9272
39
6490
1479
6103
8825
1847
85
3241
6904
7952
2438
4764
2127
9560
6645
2848
1741
3388
4601
8523
3570
7783
403
1807
8287
8091
3464
4868
1302
3965
8749
6389
8706
9618
1031
7533
7038
4236
9683
7179
2621
408
6139
2787
5544
2730
1375
9767
8146
4146
3373
4753
7466
4814
942
4845
8990
1238
8011
4477
2192
8258
1759
6738
478
6897
3285
3
2732
9815
6175
4938
330
7307
8453
9571
4467
4813
7336
2481
5320
5675
914
2484
3494
7010
588
6799
9709
5582
3938
930
3361
7857
3516
9770
5581
712
7773
5887
9654
6037
4845
6802
3953
9856
9001
2689
2024
2418
8502
4423
8051
2714
9312
7289
244
5098
5618
5099
8437
523
5929
3506
5305
4351
3536
7926
3323
7803
981
7007
9370
2682
4511
7770
3777
2340
8093
595
9781
7719
4723
6601
7536
5861
7332
5551
7999
4348
1669
7282
2778
3906
35
3685
459
6694
8521
6415
5836
74
2172
4860
5085
7968
4132
7257
814
4404
1030
6948
6130
8835
4744
7765
5081
1940
4907
563
7708
6727
2132
8275
2429
9345
2540
9655
1299
661
9587
5081
6712
306
438
7766
2905
1634
7026
9442
4861
2459
2871
2232
5915
6370
636
7878
2659
9567
950
9060
6385
5932
9221
5648
8704
1696
9931
3571
8380
7408
7269
9273
6075
1300
3962
7151
3063
2511
3879
9881
2691
1984
3734
2189
6150
3233
9870
2803
962
1929
8421
5355
1980
2615
5791
7375
7730
328
9122
4371
1394
4159
6591
2159
5426
9927
1863
5546
27
6327
1547
2557
1286
9807
5962
9292
184
4859
4603
5212
9426
8070
8511
7771
156
9092
9922
2532
8784
3322
4692
2700
7820
702
487
1577
8186
8235
6747
5097
2359
315
6191
4598
1325
4165
3004
5587
4527
5719
590
712
2765
9805
1619
1681
2057
657
6395
5456
7534
5026
246
3470
218
5592
1145
2878
1529
7811
5216
5255
4384
5400
2250
8180
7541
6239
4950
8830
6660
9644
9223
7356
8281
2612
8250
3239
713
1273
3637
4458
7858
899
7462
1221
4437
6979
6004
9720
4480
4753
7705
3205
1622
4348
7409
2348
3222
9540
9346
8699
824
868
4421
3023
9111
6558
9072
3894
3818
8901
3515
3290
4135
4583
56
9780
3030
2072
9929
8448
2062
3443
7442
7645
9920
4869
5872
4615
9317
6181
3464
309
2462
9167
6561
4962
2039
8722
4469
8294
8289
7642
4978
4558
282
6164
1760
6853
8974
804
732
7732
2191
8258
5566
5238
1780
3200
4674
3797
1759
7630
2495
2463
7232
7154
8384
2489
9924
685
3364
3534
3173
9385
4974
7799
4212
9549
9951
9415
2520
4264
5306
8306
9487
5855
152
2190
3537
813
1415
5776
8814
8879
7723
7002
831
292
3032
9288
7149
1162
4890
6211
6794
3108
8903
7696
1897
9614
4195
7536
5928
8992
9308
2698
9543
4589
7337
4223
3875
7229
4556
4870
6119
3109
3722
3653
1880
9970
1747
823
6401
6140
902
4516
3964
6860
3031
4104
4713
2317
9452
9479
9104
156
5936
2803
7522
5674
9920
7155
5255
518
8333
3644
6431
5903
7925
5551
4005
1662
9953
425
5845
9105
1146
4065
6215
8922
4719
5666
1327
5266
297
8466
7052
7370
2960
5689
1960
240
8270
722
135
5714
976
6202
1098
6235
8858
7848
8051
2118
8750
2402
2334
8111
2186
8400
2794
7276
8131
3042
3339
2285
2495
8531
5325
1700
1708
2822
5610
3187
8569
8691
9329
458
2196
8695
9191
4879
3356
8235
3486
3445
9649
2695
9946
2955
3616
3517
7932
7135
124
1218
3299
9034
755
3391
5280
7399
3595
7378
2653
2090
8435
4574
6405
9170
9755
3850
333
8836
1133
7329
816
7105
6272
6858
9136
2733
9007
2245
3361
7504
6338
9194
4183
8253
8990
1246
3477
5799
4048
2523
8284
5531
1536
4639
2306
2061
643
849
829
5352
4102
5677
6474
4079
5753
1398
1642
9403
7752
9549
1133
8038
8420
7971
2952
6768
2125
6932
1806
6567
1167
497
6913
7786
8520
3831
1883
2488
8051
7643
2061
7776
6155
8085
6637
5869
5627
486
8791
3670
6308
9940
1466
4683
2376
3369
8537
6905
7647
1615
2553
311
7900
6987
1482
138
963
7951
5911
5183
8302
4911
8479
6965
5866
410
9
1640
3202
2347
8982
3341
4011
5
5035
3207
5720
393
5701
7455
4472
455
7945
1421
3395
8259
327
272
7480
912
1134
9023
9431
6781
9068
4629
9131
2081
4779
3672
462
6314
5189
9804
2297
9131
7494
3838
2331
2056
3791
8380
9785
7793
9837
1909
4573
2905
6933
394
4697
6198
3804
5172
4271
3223
4464
3996
5741
2456
6514
4295
4741
9104
997
6579
1623
3377
2992
5692
1961
2418
2076
167
7242
256
7322
2503
9821
1195
5239
337
8866
2338
855
3473
3909
9350
8040
249
6846
4820
8087
2065
7148
4773
4358
7529
8839
19
1910
6887
333
6304
8875
7453
9036
187
6417
9660
4990
6577
2061
7988
3098
749
1814
9364
3677
1648
2872
938
2047
6617
2061
5904
6162
7217
6442
6040
310
3953
6547
7797
9835
6334
8914
8891
9918
9766
2360
4557
6736
8407
1780
7027
5287
6211
587
1168
860
5096
5579
8971
4246
9235
9643
3081
4906
9351
1398
3257
8812
9192
1015
2013
2820
4644
1849
4640
3894
8846
7718
740
8232
8362
2331
5960
9346
4946
1581
6140
6574
3775
7136
1546
2521
7922
5909
1989
3056
7407
241
9911
7021
5341
9458
9788
6863
5946
8712
7955
355
749
9253
9505
9103
5606
9768
1252
9513
6487
8246
4491
9458
4182
5790
6416
8096
5714
9227
1451
7429
4816
8036
6475
4346
49
5002
1226
468
8693
4683
8973
186
8740
6135
3959
7878
5482
9279
6730
3208
6855
9295
3484
5838
55
4104
2012
4512
1716
9679
3354
25
8592
7913
7390
56
2981
4254
5275
2219
508
390
4307
5689
8656
1043
6627
3136
1597
3732
6614
3028
9180
7300
2422
4110
2405
7630
714
5086
552
260
9737
5109
5305
5333
8418
4373
1249
4544
7977
3884
392
5403
6210
8504
6512
5095
6379
3715
5176
1363
7376
5936
3780
4466
5786
9379
7656
6033
5326
6766
6094
2451
8262
7135
8080
4006
2134
6732
5383
2323
5284
8475
7967
7266
8229
2071
7008
3597
4980
1061
1947
4111
1815
7581
2920
229
3270
5994
4968
5572
5585
3440
7864
7101
5105
1409
2065
892
3024
6123
6671
5057
7019
4959
1749
8332
2802
4551
2435
743
8039
8245
9952
631
2739
9336
3996
6567
1354
1956
1073
8483
4630
858
9196
5492
8799
5563
9821
7593
7665
9581
8690
9899
3200
2683
2884
2339
2757
9331
1594
6121
6140
8339
5116
2028
3902
7741
5984
5975
4942
1431
9049
8019
8237
6693
1771
2467
6860
8934
9702
9835
5406
8533
2486
490
9794
3044
7197
1170
9704
3028
5473
413
5041
8326
2622
23
7935
2545
7016
8721
9905
2803
6503
6235
8985
434
5464
4039
5078
4473
2332
9929
6273
4211
897
5544
9786
887
3074
632
2702
9831
6457
2141
7948
539
4360
2000
35
1426
1324
7721
6760
110
9088
7502
5572
4979
1397
1210
8494
3703
759
1664
8328
4838
191
4063
4757
1409
3256
5939
5591
5689
1051
5081
5774
7728
2965
3774
8072
9866
8678
9454
1949
2299
7146
2682
1117
6122
8640
1284
5397
1416
9949
3226
5278
7190
7108
6304
8417
6707
8977
8253
9685
1878
3620
1908
8806
2407
1682
3619
3676
1244
2848
2732
7663
4746
7304
6749
2776
4154
7896
2556
3111
7435
5492
2519
6363
2016
4033
6591
1253
1209
4691
4726
1894
8983
5164
1217
9970
5761
8349
4953
1168
8804
4524
7040
6592
8450
2189
1754
3117
4433
586
3550
3821
545
1418
2396
7720
9676
4264
7873
1066
9012
311
2323
776
6020
1935
6570
9021
8903
7494
8727
8202
5940
4248
2390
2266
7662
6165
4907
5477
9979
5
5698
1263
6481
7142
3290
6692
9639
5170
25
706
5079
2232
4858
1815
2815
1205
2384
1013
9406
8978
2093
7110
4887
2735
724
6037
2375
8377
7421
2415
7838
8712
6416
4831
2283
7685
1090
633
8659
2757
867
3574
5877
8532
3267
5481
5308
2499
5296
7991
5561
6008
9582
3492
9132
4078
1752
5984
2026
7895
7285
8877
3049
4315
1232
6009
6074
9330
150
4813
8709
3688
4070
1932
7934
2821
5384
84
9636
284
2915
5874
1963
6173
5757
3958
8267
9895
6441
4345
6925
1194
9149
6454
4942
6437
5356
7529
892
4628
2869
1757
2557
3569
3000
1668
9977
7333
1117
9663
8362
1505
669
4592
7834
8694
7459
9029
4935
457
3668
1608
4867
8885
9828
7864
488
820
1893
1900
6847
348
2487
292
1120
8104
7555
1024
5104
8501
5164
9221
9298
9091
4579
6799
6105
3533
4230
4890
3340
5947
1606
6886
4741
8878
6877
4339
6780
575
3467
9647
2451
1205
5530
8206
5063
8051
8422
1049
7987
1524
4243
3672
1934
3742
8582
8755
4193
1367
9429
6690
6078
2253
3078
6813
2737
1670
4702
8211
2731
7377
9639
4301
4835
1558
9577
7481
8853
9970
8538
8611
1582
5498
66
9255
8453
9619
3449
1671
6511
8543
8117
1084
2418
4392
4859
7636
2226
5083
3961
110
9819
73
5602
3482
1717
4117
2089
4933
6027
3983
2888
2895
126
3212
4637
144
2147
7972
158
9079
7889
9065
8116
2674
2067
1697
3011
9444
5423
738
4771
2997
4410
5823
4365
4969
9670
1796
5986
2723
9302
2704
8797
6843
8756
9882
9942
4767
8905
3317
7476
1484
7069
3918
6048
5322
9418
3647
6154
5975
3217
9248
7942
5068
4169
5102
6816
6661
2554
8009
3621
9778
8473
3522
4207
8551
3946
40
818
6092
9976
3057
2147
1255
7068
2378
8744
4282
8779
4818
252
7620
7579
6760
1449
4707
402
1751
3594
5821
4623
3472
4703
8879
9798
9660
7149
3970
9417
1271
3024
5666
8292
8660
3773
5761
1142
5600
1082
6340
4539
9071
6323
8125
7905
1369
9629
1070
821
1313
1863
7120
7169
5250
2022
8641
8613
7998
8892
380
2362
3781
5186
5401
4735
5748
8478
5311
2597
5709
7077
684
9570
1997
1875
525
2121
5845
2875
8419
2488
9595
5856
7373
1306
5884
8299
1842
6867
9232
691
1883
2381
6955
8714
3865
9307
6973
2366
3354
1486
1469
4178
357
3822
3809
1969
540
5032
3583
446
3667
8847
7588
7566
600
7663
3292
3973
7995
8504
4327
215
9073
411
1183
2235
1373
2752
4910
9893
4587
8236
8454
4631
2934
8971
5632
8833
337
62
4057
858
7483
3476
9680
3847
5782
4375
8969
5443
9590
9468
5340
3667
1846
7699
3652
6431
8745
6719
3612
9212
6126
1450
1745
6584
2917
1393
489
5575
552
237
39
9921
9735
6713
597
200
1450
4630
5743
6246
5977
5229
9155
2270
4846
9266
2705
6669
4162
8106
1750
1407
6123
9987
8194
9565
6224
4968
9826
3495
6532
1880
6737
3593
9547
2025
4173
6627
6550
6171
1993
6900
1133
9446
1246
2387
1911
6019
7678
5450
1441
5389
6682
68
3229
4297
8174
9273
6538
8633
8286
4223
6324
494
3846
8913
7932
1140
1092
7742
7095
45
8869
7235
1354
2025
6141
9756
6096
6065
1225
6075
1915
7868
9935
5658
9033
1408
3247
8770
1400
9980
6862
4991
7660
6973
7909
9204
7532
5507
6425
9466
2062
7347
3264
686
7420
5737
2479
3073
224
1800
158
6816
5482
2741
2647
3502
1203
8927
184
1899
8110
5922
5771
2073
4800
9784
4140
8146
7778
9762
7762
939
5730
8951
6510
6695
9313
7091
4786
3105
4714
7132
903
5687
3309
3775
6535
6715
9352
9183
410
9060
2697
762
8948
3598
1559
4389
1858
4468
9362
1442
2613
9115
1062
3247
3050
594
19
2659
9054
1194
2045
8467
9953
2171
7794
5150
9173
2626
1040
7446
7846
1436
5024
7655
2389
3551
9752
1669
3791
3733
266
368
884
4576
2896
7993
5484
5601
6777
6767
4465
9704
1700
1582
248
9725
7663
5049
3617
7171
327
8384
4507
9984
7388
918
2990
7594
3
1219
4396
8448
7743
3009
1109
6040
1487
1638
6443
7768
4432
4756
9046
2273
2658
2284
3625
2640
7440
9586
9131
2604
9428
4837
7156
3544
6724
6922
410
9839
1180
5877
6134
3614
8856
5408
3397
7268
6972
3230
3822
8350
7679
4332
5251
5928
272
9050
7005
4174
1582
9507
3594
6558
166
8336
5616
2675
938
4388
1274
2287
4279
1566
6828
9910
3578
6043
8832
9428
1895
3079
4556
2369
1266
3964
8309
7502
2207
5699
9780
2890
6634
8823
3871
5055
7543
7895
1357
8830
6078
9648
9529
9773
8572
5468
2878
5332
5835
6233
9190
3691
3629
8426
5401
3859
9062
113
1273
8467
4558
1492
3214
8545
391
6008
5259
2085
2389
4972
5409
8407
7804
6579
5280
8128
1500
1591
7927
8920
2035
5987
3058
4168
1469
351
2045
609
5420
496
3422
7676
4948
8806
8458
5806
5852
5934
4754
6215
8630
1340
1414
4962
1658
7151
7571
8865
8096
8734
3075
7078
6929
1982
6291
2879
71
6239
2665
6539
192
4783
643
3651
1409
8370
4427
9438
1767
7873
6967
1967
8503
8201
2257
467
4112
1770
1892
1242
3335
2544
3698
7647
6694
1632
1882
7999
3099
870
580
972
400
3368
5001
2648
5530
9412
7721
3172
9740
8958
6809
2760
5123
833
6903
8771
8108
5795
6574
149
8647
7455
8396
5438
5218
4767
5397
511
3913
644
2719
1997
1039
2408
5724
9973
2903
5623
4383
2195
6809
7019
5816
5214
5296
7457
4607
1532
9142
7152
7767
2779
4555
9266
3042
2810
804
4407
7101
4720
9079
345
55
7579
7987
4763
867
343
8241
3104
6754
2166
1869
3606
366
2293
6942
2744
4950
7781
4096
6211
6323
7808
1622
2225
3976
9606
1179
7064
4829
2982
6270
1446
4679
3413
285
1279
3805
719
6818
3333
4011
2829
7755
2085
1473
8529
7791
5123
9294
6866
8730
1544
3379
5221
5630
1749
6581
4604
2899
2620
6882
1938
9989
8576
96
8798
9650
4574
8030
2510
220
3752
2044
756
1659
3934
1280
650
222
1978
772
9498
4894
6102
3046
7043
5261
3961
9450
5184
360
3192
7937
4061
4808
3829
5212
8556
8141
9126
2836
2266
3055
8752
2590
6425
6726
9503
2775
5850
181
6845
4389
5094
9144
5315
5221
7988
8751
3999
2153
1291
1189
9075
2906
3422
1909
7920
2286
2801
6789
2173
1700
5096
9214
866
1675
6638
1505
1104
2241
7838
5994
8238
3490
5172
5503
6662
6285
2126
9135
8934
1323
4855
2315
3
8507
5559
3441
9242
1325
171
645
4773
819
4034
9451
9460
9813
3599
3775
8317
6495
6529
7885
7724
5663
7548
3516
5348
7966
1091
4489
2027
2633
8201
8831
1737
9240
3657
9132
4756
7533
3561
471
9135
8586
2774
5035
6136
2212
4469
452
5207
730
7520
2712
1511
398
2429
5894
4367
6282
1033
5714
4158
5285
9110
7803
1761
1299
9193
5030
8041
6758
2656
3538
9348
4700
5851
9928
6618
577
5236
2916
915
5953
6176
7759
1620
8319
757
9752
908
5417
6235
8039
8385
5638
5730
1645
7662
9001
6388
9891
1421
6331
545
425
4386
1232
3468
390
6453
5947
6289
3873
9823
1696
8304
9689
1888
873
2763
9137
1026
8123
3199
5976
9256
4419
5058
1975
7915
2713
6984
7242
6479
7381
9450
5972
7231
3878
943
5876
496
4117
1376
3893
34
7698
6050
529
2285
5462
4834
735
721
242
5053
7559
834
3977
6254
8000
3172
1088
6758
1722
9489
8768
118
2426
7649
9499
6402
881
6422
3339
4471
1194
9837
8603
2528
9459
6751
3553
7010
5065
1140
5975
1657
7578
3327
2968
1049
2090
2489
9105
8050
9155
8141
2592
8318
2377
5111
1410
8904
6567
9829
4995
670
424
4561
1788
7900
5179
1561
9147
6084
1887
7887
5215
9698
5235
2676
9966
9089
2822
9642
577
9050
1020
6199
463
581
8652
5265
444
7770
3284
7803
3992
1075
9404
5518
9198
965
6506
7281
5319
9471
4425
3245
8862
2028
2917
3133
6361
9499
1476
1914
8744
4832
5168
5610
6289
6027
5310
7711
5308
6503
2954
9279
7600
9522
8403
6964
3246
1574
3906
570
4800
7029
1616
3931
9974
1652
4500
1316
6563
2830
1095
3915
4248
9083
7493
9319
7921
9532
1152
8057
4536
953
3601
1025
3400
6679
6301
3999
1497
4542
5367
3168
5984
3307
9759
9051
4825
657
3496
2731
6238
1854
1105
6876
3680
9042
7982
7014
595
1101
6098
5394
6526
9428
1637
8525
6224
9104
8808
1810
718
9546
9847
815
8440
7360
856
9542
8473
1302
3092
7919
7993
4371
1469
8776
9168
9677
4504
5783
4244
4179
1061
4972
5707
7175
6161
2183
5812
7110
2344
8184
4003
9875
5690
3051
2867
6258
4738
2428
9554
3663
1827
2849
8245
5765
8966
7110
3697
733
5045
3095
4804
4223
371
6883
6883
5006
1603
547
6039
9412
4589
1980
1627
4251
3534
7858
4394
487
8279
4684
1651
5586
4749
9679
4627
8368
8850
101
3063
7518
1493
8594
2937
1630
4262
4436
8704
9738
5383
543
9594
9854
336
2946
5947
4432
4736
2073
3061
4551
2091
4753
3092
7319
5287
1499
8488
8202
3608
861
5669
5997
6210
8163
3944
4712
8291
3765
8779
6137
4667
5674
5937
1084
197
10
539
6640
1256
2991
6265
3179
3835
6133
1155
6448
7033
2705
5145
2283
8739
2917
6194
9292
7515
822
882
9219
9523
751
9865
2974
6059
236
7446
6553
8560
1873
5767
5656
1680
5659
885
5778
1439
6180
3931
6482
7609
3411
9617
706
3784
6206
8176
5729
4088
6594
3806
8332
3565
2577
6853
4869
602
4794
9506
4742
3095
419
2628
5582
9805
3851
5935
9917
9453
2319
791
9853
7896
6911
9399
5020
5912
5140
8184
4303
9841
8095
9142
9216
3697
87
9678
5193
5101
4850
8995
2058
7116
1978
8135
2473
9305
2816
923
1815
6629
5440
6447
2348
9211
7122
737
6876
6802
6713
2148
8149
1386
476
361
5892
9811
4806
3273
7329
7558
7911
6042
159
4469
3660
2007
3549
2319
935
9109
1653
4399
8634
2524
484
9962
7343
4269
2829
1137
1701
9106
7420
7328
4311
8161
2015
5520
2283
1703
8482
4170
2752
9307
3220
8794
7815
7434
4238
2567
5568
417
1564
6822
7609
4944
1849
2561
2077
8009
7091
6607
8180
4609
975
455
7112
9460
2204
6417
9164
949
4147
4896
2038
3466
884
4806
3435
5851
9952
2288
8399
8134
6651
1640
4934
7634
1652
7796
1932
2340
4847
6990
7449
9278
6780
1000
5506
7170
3436
9783
8178
1588
9283
8277
7131
5714
9186
6512
630
4529
148
1320
9906
9189
7294
4556
5895
7353
4717
7416
4250
7076
1177
9121
7823
996
8146
1848
7666
6370
9958
9862
9136
434
2228
4139
5032
9185
2610
3990
4422
6771
2641
2505
7953
5108
5990
130
6163
8421
2591
3409
6786
3797
5573
4202
9095
3631
6754
7709
8014
3086
570
4909
2719
9541
2312
3600
4271
9305
6855
5670
9098
4136
2979
2075
8075
3693
868
3756
3130
7669
8497
7964
6844
6582
2675
8881
8984
2328
8941
6374
8946
8522
7626
3266
4426
7577
8542
9447
5125
3143
4437
219
5069
8720
6300
1095
3834
4728
3944
2207
7268
6794
331
5050
1369
8489
80
6407
6248
647
2842
850
9803
5816
4887
8185
5281
7382
1730
5847
2471
3030
231
7569
2508
551
615
2627
3801
1787
6938
4354
9339
9654
9080
6728
7232
7272
6269
5104
401
8037
8551
2706
3680
6724
6924
9433
4284
9125
5022
1628
1575
4458
342
3415
5373
6091
3325
3579
7748
464
3459
9663
3257
8146
2421
7150
2591
1869
2997
7357
8435
8177
1801
5921
8634
7155
9497
6837
6204
8734
8326
5649
5300
768
5608
7495
8252
4077
9561
9997
2873
1059
2806
3077
8196
546
5309
8363
8686
1349
2340
2228
9219
2965
1624
5098
3069
6214
4142
4222
5553
7260
4816
2046
9620
5340
2698
2355
651
1283
5366
2349
1362
8999
9686
7500
4675
3123
8562
9889
6499
3022
8145
7508
4802
8425
9436
1745
7459
6915
6501
6362
8301
2493
3032
4870
2965
7098
5030
9436
3483
5283
8683
8311
6517
4449
8658
7277
4577
5345
4671
2481
6204
3174
6199
5572
2119
8616
2368
7419
837
6511
2660
4488
3545
1634
6186
8385
2751
7753
9349
8989
1886
6908
2170
9705
4314
6787
2031
6287
1849
2470
3847
2603
2251
7269
3319
4558
38
2232
7083
9369
1956
5990
6978
656
813
1309
8867
8224
4755
9316
215
3645
2630
5088
6241
1557
2631
2493
1691
6648
3217
2404
6055
8369
1886
9205
4352
6599
3694
413
9128
8291
4359
2332
6458
6459
3989
561
7309
4241
4813
8125
6196
7202
7944
2584
4080
2482
7815
5143
8368
3160
8422
6964
8579
700
4564
9716
364
919
8563
2465
7460
2943
4247
4794
8427
5111
4928
213
8947
3525
2457
8898
8905
1526
1742
5431
7593
4473
5968
6542
1679
203
3318
3001
8071
4286
779
8456
7002
2764
9371
8483
7518
2412
6375
9574
8286
5822
7204
9168
1323
9591
1358
1447
5343
6210
4348
2104
3102
8946
986
3774
8165
387
2945
2243
8248
947
8822
8134
6882
3990
756
8424
8421
7675
7711
480
8340
2804
8919
6470
5313
4413
9058
3231
1367
7965
5870
7439
8919
9844
54
4984
3514
231
5268
2956
8548
3265
8692
2942
1188
5996
4700
6199
3691
2452
241
7291
7250
572
3681
6391
1560
9131
4306
2359
2088
93
405
5590
9497
6848
8555
5098
4265
1117
8763
9017
9852
9706
9317
6452
8826
8696
9945
9872
3058
3610
8465
2141
167
9780
4650
5702
6963
5207
6093
8424
8047
320
3336
2823
849
4154
4484
4015
1042
4209
3670
5383
1192
5916
5811
5888
6448
4003
8797
7692
9680
8043
1406
9212
4996
3608
5424
4292
9292
43
8486
6440
281
8981
4374
6694
451
4610
764
8616
3130
1914
4213
2692
1951
7589
6333
9223
4786
9822
4439
9964
1439
1024
711
617
6051
1586
5995
108
3101
2887
3846
2902
8962
5276
425
484
411
2022
6696
8097
9679
7666
3195
4652
5716
2638
3691
1107
2948
8363
3236
3288
7517
9445
1492
9187
3768
4295
48
7100
8867
9912
8999
9978
6185
8107
741
8123
3319
4192
9556
4925
4209
6936
9142
2429
1306
6684
8902
6843
6052
5246
8045
9239
4003
3220
8218
4385
1911
1422
4949
8009
1245
2230
9132
8990
7886
4526
7169
1556
2964
5633
1097
2142
2230
7669
4606
2822
3818
6734
46
6703
8261
8018
9322
6421
3711
4378
1230
4004
9170
8146
1367
9121
4343
8655
4567
9574
3678
1828
7536
2184
9895
8146
595
3974
9989
6249
9343
7141
8961
4001
7481
5586
1031
3315
5523
2781
9533
9595
655
9206
4829
8011
8480
7775
2277
4884
8643
6957
8601
964
1292
1015
3423
6245
8396
2111
1770
8561
6192
4212
9740
2451
9593
9561
9617
1741
6818
4702
9754
4967
1693
878
8893
1693
4105
1597
8627
2352
9655
1462
4503
7706
5699
940
1851
1528
4599
3576
3079
2682
4497
8297
3729
445
2573
2385
3877
5671
1899
5636
6241
1936
725
3112
9287
5345
3991
8511
3462
6793
8381
6645
681
2365
2713
8820
1908
9004
6991
5227
1152
215
5424
7266
6482
6833
2103
4278
6440
664
3422
9706
1858
5263
5084
6690
4298
1145
7075
6334
132
9243
5579
2665
3375
642
9149
3522
8517
3976
1572
7817
1568
4556
4886
8843
3913
7754
9617
3479
627
4834
3182
9879
8073
1923
3824
9884
9626
8206
1849
2571
9869
8770
1469
675
6487
8858
6351
3834
2192
7325
8097
7921
1523
2766
9003
7743
6498
3270
9073
4515
2172
7312
8029
7991
1522
5425
2526
9731
6442
6064
4268
3072
2670
2367
8798
3631
9213
3160
1436
8551
2408
2965
6835
6304
609
7911
159
2425
4337
932
3774
478
755
4951
6627
5588
3829
8003
3707
9015
2234
7580
3175
6985
1661
7959
7354
577
2855
4437
1581
4562
3586
4703
8876
2618
7470
1936
9455
1562
2005
1436
6018
6674
905
3986
9297
1255
9007
1546
10
1403
8886
7986
2210
7210
264
5620
1356
9486
5451
5669
1583
3625
6972
6829
675
9073
9128
3089
4880
9882
6692
9256
3845
6747
9350
3611
63
8066
2044
56
1496
7513
5485
6964
677
6415
4341
290
3512
351
5448
5685
3369
454
2971
2201
4168
2634
3495
4209
6770
