6171
0
4812
5393
4113
2000
9129
3317
5485
6948
8424
5184
2865
5323
5351
8904
6900
9974
3946
8280
48
5875
7781
5800
3307
3711
7015
4581
6571
574
2943
6181
4149
2365
1945
9116
5994
499
8142
2769
8968
8978
5320
1193
6759
9055
6266
2805
3078
3294
4686
2897
7983
4711
2993
7817
6536
6589
6306
5416
461
2525
8151
648
3650
3036
8502
2504
9039
5857
5648
664
4712
8992
6851
4393
1960
6076
9505
3719
1081
2615
1332
5215
5840
2708
7405
6419
8131
3239
1103
240
8815
3420
8553
2563
60
4685
9263
3814
2237
2831
3026
3805
3941
2323
1427
4781
8929
5828
7226
1649
9433
3718
7220
5253
2873
7812
9190
814
4398
1136
5361
2985
4218
8505
9967
3835
8662
8081
5610
5107
7962
3188
1635
5986
7262
315
9825
61
9827
7922
5306
879
8580
6688
4549
5196
3309
4945
8222
186
2520
6763
516
4543
744
8693
4134
1390
6251
1668
8467
8251
5734
9741
8635
2204
3576
4387
1459
5667
6701
1619
7619
2105
5516
38
271
5419
1014
685
6835
437
2681
7873
2331
3111
950
5019
2933
4882
6813
8812
6852
3151
5475
21
8483
2989
9255
2680
7025
6258
4984
5222
5796
8500
5133
1861
9117
4399
1554
5037
1027
8616
2496
209
3416
8901
2085
2532
8213
9769
8249
7283
9211
7084
8596
4103
6979
7949
8714
1299
920
8615
1670
5200
4838
6906
2278
2878
1322
475
6848
7054
8106
9474
5023
9642
9117
1328
7396
9784
6967
4427
5103
9512
441
2550
5409
1242
4684
2750
6557
8974
5611
5920
7181
5954
3623
8859
5422
8504
895
2770
425
6893
6815
3478
692
2568
3259
3095
3482
5206
4486
4613
9456
7245
3650
9471
1102
2451
9924
9857
7090
1687
8622
1699
8751
6290
8475
6294
1250
1422
9085
2111
1866
1251
290
5810
1988
1651
9897
4228
5639
3289
5023
1840
3914
3857
8046
8657
758
8817
3745
6884
5202
4965
2516
8531
5445
3702
1725
2457
5770
895
549
3465
1081
2313
2544
9311
4250
1145
2072
4697
5754
7438
6118
7905
3834
8267
5428
4938
4935
5626
6448
4588
1041
5266
1802
6609
8051
8486
701
7185
7864
610
2395
5979
6434
469
3248
8434
8545
8346
5912
8216
6325
8935
3474
2596
6418
5488
8518
8349
2154
8421
4945
1761
8129
2799
9119
9659
3984
6587
2146
3886
4408
1406
2353
8053
3584
9580
4205
9798
3434
3173
8698
492
7135
3289
7949
9327
9670
2205
3813
9264
1482
9575
5938
1846
98
9640
5599
6436
3973
7585
5378
1970
8582
6320
559
3858
1218
1389
8445
6381
552
4199
1403
1718
300
7952
2313
8239
7986
7840
9865
763
5742
5967
7317
3012
6105
3459
2703
4712
5842
9047
9358
8097
5968
1506
176
1135
250
9167
7701
132
8482
8637
4902
3061
9757
7646
655
5746
1350
5323
9558
2294
9003
2004
5408
6856
7235
1993
4923
3775
8074
5863
1673
7538
6556
7767
9846
9896
2374
517
8844
9904
6121
1451
947
7887
9580
5599
6303
4681
2916
791
988
2745
3281
3349
7514
7039
9100
3221
8095
7267
7642
4618
8433
3474
4863
5071
4158
1109
3583
1131
8312
3117
5117
5570
8375
7345
4576
8387
5946
9410
6114
7404
5262
9460
9994
819
7881
1522
7666
2123
5180
3990
1441
4841
2773
3719
163
9337
9765
4158
4414
2240
7706
3520
437
7041
1039
2861
174
3965
8750
8203
3461
5581
2760
9972
4404
3225
4248
7263
2224
376
1507
6244
5506
3439
8624
7971
1984
8127
8980
2807
9387
117
554
3447
74
8709
8117
5118
9231
485
1107
3699
1386
7765
772
1914
4599
4743
267
7413
826
5330
5527
9715
1417
2892
9410
6017
6903
7773
8255
6307
4514
2575
2329
317
7350
5848
7831
5684
2713
5677
526
7781
8575
4399
4327
5171
1401
1847
4793
575
9704
7139
9315
2231
9218
7438
2533
1645
9752
545
3021
2139
7791
5122
8559
9836
4822
2134
401
8583
8164
7152
392
7282
1600
2173
9105
8879
3919
2855
9721
2783
856
3042
5348
1211
3189
1723
421
6068
8179
1679
6976
9603
1187
2872
2376
2559
9544
98
4744
823
5460
1121
2269
6665
6289
5110
1256
2374
8907
831
1165
1352
251
1797
918
8732
1533
3241
3626
5391
2772
5362
7913
8333
9415
1048
2828
2932
1291
94
9675
1429
3380
6754
7989
5119
684
1071
436
5349
3746
8832
5665
1971
6172
7704
8250
4639
1811
6409
6046
3559
3345
8402
6389
6539
6424
9268
5858
1037
5351
4871
1643
4281
8081
8680
9860
8985
5721
4910
6396
7730
9780
6030
2870
2256
2039
9824
543
8165
5427
3134
9375
4517
8698
4751
6584
9909
938
7259
4939
7341
3826
1662
8014
3710
2960
6135
8314
7968
6358
9167
3992
7003
2803
29
5835
1698
3726
3257
3338
34
1984
3284
5235
50
7045
5141
8326
9662
9206
9233
9325
5410
2924
1836
2805
6837
3453
3870
8891
3678
2353
2700
4472
2296
5661
7201
413
6392
3338
4045
3790
4281
7020
2618
6427
7330
9497
4683
7868
5738
2506
8632
9615
314
8040
6546
9394
5825
76
9473
183
5869
3194
1080
8800
7310
2538
4251
6814
9541
9659
2749
6212
1288
2833
2564
6565
8099
9183
142
693
7964
3962
317
4359
6746
4443
9257
1625
7400
4740
8880
7994
3280
3495
670
9439
8929
4596
4866
2691
1146
4683
108
6521
4650
3270
309
7068
9243
4722
7115
9143
4358
4352
8151
9390
2856
2346
5984
4095
5575
8751
9107
2851
2848
1269
9459
2765
5810
438
4606
2704
6177
144
5070
7042
1141
9346
6367
3813
7973
3481
3123
1756
1786
4205
5098
3420
5605
9132
3654
1914
6015
368
2067
1914
6421
4144
1860
5478
730
7235
7079
2166
1614
8417
7306
9987
4507
6737
7447
2260
759
5364
786
8598
9846
9027
4531
1035
6785
6071
221
8328
601
4246
5996
3498
2034
347
6996
3802
7286
8441
6989
8428
7831
2448
9341
592
3679
5971
3445
9411
1360
4872
2650
6623
638
5879
2582
340
4628
8242
5180
7344
2025
6922
8376
6482
1567
8544
563
6554
9571
1785
1038
3655
9912
6749
765
2327
4280
8373
9415
2681
2912
3863
5695
7815
7200
6737
6324
7371
4662
748
3596
123
8612
7260
5889
9362
8099
9550
7721
2569
2626
9027
6293
6519
9382
9121
4679
4986
2604
6068
1780
2832
3523
2988
7496
6440
9214
7632
7276
546
3497
8605
3586
6974
6107
9691
7775
3723
7231
5475
3856
1755
8275
9384
4185
2328
2462
7060
6252
675
70
2962
1233
629
1532
9322
7750
6682
3449
9109
9198
6815
5169
2742
6455
9248
3580
738
8951
2126
5472
9526
1251
9847
7535
3565
4351
6336
3255
5039
2720
5736
3936
1203
7085
6939
5
5131
189
5425
8710
7585
400
6077
2684
6776
5283
3178
1976
5752
4822
7563
1499
1007
884
2326
1436
574
93
7061
8927
2082
2657
1674
947
3029
6771
5204
9795
8265
5493
6758
514
8084
4985
4449
8065
7421
8866
1832
2342
112
3925
2867
6897
1823
389
42
6664
1718
8258
1143
4972
8156
993
9720
9795
8896
3241
5342
1119
2396
2867
9714
6811
7187
3116
3800
4877
1047
4039
7038
2753
1466
5147
4220
9594
120
3938
3811
7470
6505
317
7940
6801
6622
1406
1498
4234
4424
1102
9910
2504
8492
898
592
4082
5064
9177
1911
1728
6993
5478
8542
2900
376
5130
2442
4788
1028
6903
4716
4082
6263
1921
7950
7806
9446
9964
8606
8949
5210
94
52
1492
5808
9100
9099
1244
915
8479
3807
4720
7425
7706
9033
5838
4292
1485
4028
4713
5063
220
4706
2788
5386
3450
4983
3954
2010
9925
6992
7157
4571
3022
3922
8090
755
863
9804
7943
2678
5674
2411
7644
8212
7834
7258
4297
3876
2781
9820
2927
3377
2261
1313
906
8077
5729
4167
4141
1177
2434
1958
216
124
8804
4270
3532
7038
7106
187
4774
5292
5853
2868
928
3872
5507
3393
287
9898
4445
1715
2869
4731
1309
1981
5061
573
6868
7118
2297
8893
1727
2981
9101
6162
3083
1901
7343
67
1810
7176
9866
3923
2207
8341
4433
8564
3881
5188
1744
7634
7555
8812
5720
778
6567
5507
1315
7060
5434
1105
8907
820
7728
3833
1385
7007
2354
198
7715
119
7888
2070
6031
9528
5872
9338
8112
2147
2252
1159
6805
8270
742
2435
936
9514
762
3602
6477
157
3691
5406
2883
7425
2405
6591
2075
4462
8115
4613
1328
4917
9626
9709
3860
8180
4070
213
9891
1917
3406
9408
991
4543
9387
5328
2766
5303
378
5266
7779
9773
7185
3836
8995
1144
3012
1180
8853
9520
8923
7690
4079
7364
6328
1687
7139
6732
8107
992
3568
8559
667
7961
8461
5148
6872
9472
3845
8585
486
5964
8591
8158
1141
4913
6791
2980
9078
8542
6468
797
2543
263
1734
4146
6904
5872
7181
5780
4090
6132
1622
1221
7372
8589
4879
6785
6241
4867
1948
7062
1397
575
240
3625
2296
2339
213
8413
4451
2407
4494
9705
7522
3384
6277
2370
6675
5847
3875
9767
8541
6733
6171
5132
9418
552
1890
5465
574
7759
4183
8831
733
7986
8221
3142
7038
4105
3861
5347
6314
8811
7191
4207
1298
815
3114
1632
5049
9958
8336
3869
8174
5066
4015
4836
1101
3475
5934
3351
1617
5849
7650
6110
1730
7276
9524
6753
8433
6130
2069
8276
7956
716
8520
9935
6887
4190
3817
1206
5133
1260
9382
9162
7958
6148
7673
2195
1267
5793
6414
3057
3676
8756
8201
9998
9900
7992
3263
3787
3681
1923
4554
5571
3796
9220
9759
5229
8151
6251
3514
9327
4081
7864
6207
2756
2281
8647
6708
8916
8977
3712
8996
2488
9923
3412
4775
7345
4780
8879
687
1449
2280
4480
7674
2075
6796
3588
6149
1810
513
7495
7552
3790
8494
3889
7825
4646
7005
3578
9175
3943
6243
3247
1799
1180
980
5727
231
1334
5788
3104
1152
6321
3104
5002
5986
5937
9489
8576
9544
5733
1037
2129
5828
136
3563
3159
5245
3705
7534
783
5600
7401
4534
8218
4029
9371
2573
7748
4657
1914
6560
1604
2098
6244
5868
2931
251
4096
7771
276
4539
9877
6308
4819
6867
4523
8355
5611
21
620
5661
9030
1422
6685
241
7736
8723
5182
9816
5144
6512
1099
9647
4439
7942
9216
9850
5130
6539
6046
2170
1712
328
5092
5235
1287
6996
2656
4634
3784
5475
4770
3334
258
3469
5024
4929
6322
3366
7620
3646
8758
8277
8500
8053
2083
4735
9623
7577
9603
1492
5397
7262
8639
2913
6406
9527
9402
954
9100
1192
8861
5999
7539
9166
6333
7902
1333
8450
1199
105
6720
3992
6424
5812
5532
2295
4230
1152
2568
8964
5244
8075
1995
4126
1746
5325
4998
1201
5863
226
6395
4598
1500
1735
2649
3341
4706
4746
3736
5059
9202
4070
5624
1213
1802
8025
7993
5722
8232
592
9055
8730
9604
8018
1874
2752
3104
3482
7946
866
206
7452
3036
7277
845
1771
1549
3221
530
4757
3172
905
78
4193
8070
5539
768
4610
601
8051
5428
351
5976
3877
8970
7950
2757
2714
6371
673
881
1188
9708
9660
9083
8189
5833
539
8789
7397
649
3681
9480
420
1902
9264
9263
2807
7244
4861
5964
6390
2029
4926
1005
621
3585
1167
4251
1361
5698
4377
8696
7111
9090
5937
4990
1727
3010
4611
917
5298
7214
5768
861
5420
3160
1759
5928
9544
2349
7640
9743
2030
3277
8305
3575
5132
8791
4378
4894
395
5658
5095
7428
7373
2967
2114
2904
5765
9491
8176
7535
28
1250
6239
20
7258
3793
8876
3246
7224
9121
6452
1693
5894
7262
9759
6536
2478
2262
9402
5739
6886
5607
1144
4452
6369
322
4065
7922
1333
6821
3335
1123
4765
7943
7631
6506
1505
8756
6313
6094
9522
2456
4093
644
3071
2530
7030
4573
703
1299
4282
7970
7242
717
7742
1580
6173
4252
8585
9655
8589
8979
167
4840
7244
1180
9201
9887
241
2982
5812
3187
6114
5014
9083
7673
3420
9821
7891
5013
2311
1831
1053
7922
9844
6888
8310
1302
8904
4340
3615
4372
4936
7499
8679
6611
6112
7184
7429
2195
2245
9849
5461
6600
5747
9889
8359
3985
1284
7203
2360
2983
8307
8531
5733
4560
8692
61
4830
4373
3100
3018
8055
2855
6183
4154
8345
6013
188
4903
8888
5202
9814
9875
7185
9675
2244
744
3285
5938
1103
253
8162
9427
4641
5418
2092
8689
1200
995
9786
1253
2335
2742
8015
1522
8859
10000
3446
4540
8278
2650
764
8815
7454
9693
685
6932
1312
7245
9325
4931
3467
9667
160
2285
4325
8501
923
4395
246
8492
844
8094
1525
923
3390
94
5458
5546
3463
6641
7726
4995
5947
8231
3445
5998
1685
4415
2884
71
5861
9316
2351
2740
1596
602
9546
5754
7532
9439
3787
9964
7590
1679
1586
8107
7723
5098
9304
526
3229
761
1876
2175
9517
5817
3715
667
4631
436
8498
3590
2605
9608
6333
6753
9128
6810
2742
7333
2344
6255
650
8069
7562
945
2842
2714
5733
3673
3315
7040
2555
1298
2894
2659
9116
3594
8150
5000
5127
7849
6118
8239
7917
9048
5901
7199
1838
5644
9728
8113
2249
5789
4852
4552
150
4660
4736
3181
5083
4259
215
7511
6874
8513
3790
7809
4063
5697
86
9286
6510
5125
4731
8524
9246
2935
914
2953
5402
820
6472
9687
9399
7309
5335
6790
2779
9995
7209
5818
2673
4199
6514
2615
2763
1880
4466
7133
6912
7907
2960
3570
9055
8583
4285
8108
6841
4198
203
6689
268
8040
2200
1159
6647
9427
8108
5238
7111
3625
9384
7367
3794
508
8673
2115
5148
6720
1808
6534
9850
6330
1269
779
5098
7129
3180
4628
3848
1412
7232
1032
4482
9046
3003
6239
5126
6591
8338
1441
3826
6499
1673
2989
7405
2198
5888
2593
8094
6687
7196
1779
7392
5969
7639
1620
363
4354
3663
7985
4358
8494
8339
3665
6934
6319
6071
4647
5348
7628
5140
6003
1835
6556
178
5442
9704
2504
4286
2177
4780
4261
1153
9149
9734
4168
6450
3464
767
8680
4588
2799
838
9392
3578
5340
6774
8059
749
380
5049
7476
2702
6046
2063
9714
4223
7624
8310
6511
8424
9393
86
7385
4732
1967
6028
2926
1169
8147
1713
542
9054
8873
5833
7664
3638
1359
5126
7323
207
3884
459
1668
2308
3275
980
6141
6751
2561
544
1867
555
6605
181
489
3950
3917
9691
8385
6822
8615
593
5337
6010
2344
7929
6075
1804
9130
9390
4614
4859
5606
977
241
1488
6790
4183
2091
6347
1418
147
6672
3746
9076
6734
1940
9725
5915
3800
3199
1300
1840
7591
4541
2015
528
6466
7805
4385
4336
8244
5833
6010
5498
4700
1438
2803
2520
6811
8047
3500
6397
3741
5440
6139
9190
604
8199
172
1822
2457
5142
1525
9807
8470
4772
1846
4474
1765
7838
2636
6202
4597
6057
6113
5609
883
9624
9736
4841
1281
1661
5493
4707
9634
8426
200
9922
3099
971
5589
6430
3029
5426
9871
9302
2269
9746
725
6972
978
3556
6943
4777
5640
1214
3447
3888
7636
8103
3770
1803
5551
8952
1308
6850
576
4096
3230
4556
1459
6583
1174
4372
9556
5700
5560
1441
1563
5841
7123
7601
6580
5080
9452
8299
3196
7968
9497
8138
3605
1173
5541
8940
535
8998
700
6468
1713
7343
6503
9
9153
2750
1711
4826
3780
9715
6768
2318
1891
9452
485
8559
942
4121
3579
6416
8160
8383
1969
5642
5187
9222
742
9665
781
2614
8779
1612
8929
7994
8248
605
6160
7023
5801
1656
9979
1543
8064
7896
1392
8498
3459
7162
3849
4830
3676
4455
2349
9810
1958
80
4217
8414
5134
7399
1538
6926
325
5645
8726
5578
3068
332
2091
4746
8614
2813
8699
5800
857
9170
8411
5330
9254
8524
6201
929
1376
9376
5372
6243
743
5197
2552
7067
7720
94
8505
2094
1695
1211
2958
7552
3282
9871
3597
3540
1404
2864
1345
9030
9803
5773
1077
2375
707
6495
4311
1882
7558
479
339
9706
3840
5478
6815
2960
4232
3230
8698
1646
4644
5026
2328
8115
4024
1230
1575
956
8865
8062
9383
4567
8962
446
9764
7054
468
7941
2538
5380
3854
1726
969
5926
8008
7627
2140
6457
7786
8868
5897
7176
6080
9652
4532
8415
3137
3062
134
3027
6232
1284
2690
9539
5691
4232
772
4497
2059
2513
2593
2481
8876
2602
341
1598
1904
5079
7246
1146
5789
5884
1093
7828
6846
2433
1586
1099
5910
7505
1904
2676
2801
494
6821
1605
5753
3627
9463
2427
3376
736
8947
9537
6158
1138
977
4186
5079
1743
3004
1305
1186
9827
8632
8113
7542
8139
1079
7247
9766
4444
9110
902
8816
9788
9646
4038
7706
4307
2355
3417
1218
2068
287
3104
3453
9052
3703
2099
7872
9474
2298
1534
4675
9972
9249
4394
1271
9639
9259
3331
6573
416
3629
4643
645
2451
4167
2296
856
9761
9915
7129
6537
3319
8840
5278
1885
9244
6351
746
1657
3604
8747
102
2004
1317
9006
7529
4904
4422
1191
9759
3368
23
8620
91
9771
8261
7541
4979
9292
4949
9463
5277
3775
2445
8365
8282
2473
1726
2633
5907
1522
8761
4948
8115
8741
5903
1089
1270
141
3845
8890
1448
5646
3413
2487
5576
1683
5202
3769
7038
9920
5574
3601
6012
7846
5293
8962
3266
672
121
6582
3122
4677
1138
8537
3185
1023
2570
9169
5517
1012
8559
9802
6403
3953
457
3540
7077
7629
756
6785
2829
2906
8866
7019
2964
4234
1189
3270
9254
6452
821
1590
1681
9841
7232
4361
920
1320
5117
9766
2850
2563
5065
5032
6918
8846
5826
3121
3828
5891
364
8450
8339
6954
5542
7215
1968
3550
6472
6041
4246
6989
602
5822
8237
3920
4006
2521
640
2246
4423
6329
2924
2755
7314
9910
1016
3133
9398
6556
7131
5054
3245
2858
559
5071
5019
8448
19
4892
2308
8152
5134
5678
4534
6975
9824
6430
5727
1745
3167
6908
8532
5768
8548
3569
9454
6009
9225
1658
4587
7355
36
9106
1116
8816
1175
999
2817
1829
9071
167
6874
624
6571
5121
5422
7551
8183
6599
2642
7647
5440
1277
812
3614
1873
6958
9905
1716
4959
9448
1426
50
3092
8147
6398
7383
5841
4017
5301
3509
5563
1754
1630
8686
4346
7906
1236
2531
6838
6948
5071
4801
8
5872
5582
5496
6633
6939
4338
8229
5439
979
2477
899
5579
4899
5128
8740
3338
5094
3765
9807
2098
969
8885
6410
8403
1442
2443
6044
2
8373
3189
4792
516
2464
7455
7663
6473
40
7657
2836
5833
2013
7324
803
8609
9672
5484
5128
4239
7011
1484
3054
3937
6546
9629
69
4302
8989
2778
1860
4739
3502
9474
5489
8834
5473
3935
7203
1071
7641
5225
29
9049
5454
1733
2835
9388
8128
7603
3236
8228
5631
8461
2713
9302
9193
3535
8442
25
7275
3425
7886
5968
797
4438
5776
5017
6425
8356
1697
1064
3965
5950
8803
1001
7363
3928
489
6245
4525
3075
5239
1867
1243
9974
2718
9763
728
8601
5350
8478
6135
2914
4067
3510
3118
3434
1592
7194
8469
8213
1517
1456
5403
9534
3297
3149
8696
4687
4241
3276
5071
2208
3532
6990
6023
3672
5137
9263
8161
4353
8938
6632
6345
7221
1658
6165
4265
1180
7807
9669
6428
8375
5367
2580
7418
2027
5886
2021
8199
6229
1068
5885
8997
6303
6491
477
1057
183
8385
1263
3742
7449
7580
5598
71
8456
3819
6338
7169
7904
9117
9629
9282
715
9388
9485
7017
2509
2021
3721
522
1348
8119
4018
1898
1824
5406
762
6765
7563
7432
2734
4535
7644
5376
2744
3307
9717
7504
5095
9933
2813
201
8106
3654
2917
7230
9224
7706
2241
6488
2130
8630
1017
1017
2136
73
8253
4428
3226
2897
3957
87
5000
4059
7893
600
3092
2216
7018
7779
5893
1680
1794
3969
6217
4782
904
8096
6590
798
2433
8222
874
7755
4412
3699
5822
2694
6360
9970
5940
7707
9287
3188
2958
7681
3749
8408
5697
179
7928
1483
9521
861
2095
7783
1852
5848
6700
9739
6395
1503
2323
2119
943
1743
5788
3207
9563
3074
324
3495
9240
1389
5384
5286
4550
2233
1871
8370
6631
4284
6242
1374
8976
6866
7497
732
2153
5347
3436
6983
754
5990
7629
1220
7912
7400
8099
2706
577
5202
7536
7786
3464
6610
8543
250
1710
5564
2019
8470
1113
8262
3757
9614
571
6846
4234
4296
6879
5639
7427
6489
4853
4152
3392
1082
6792
3408
1077
8630
1278
9478
2279
4312
6173
652
8041
6975
3749
1513
4884
7249
3476
8674
5056
3637
8973
3368
9450
1689
7045
6568
2335
7672
1629
3140
8848
9161
286
8826
8212
4806
6113
2839
1405
759
8826
2145
671
8545
3152
7481
9077
6300
2579
2038
3245
6651
6766
1465
8507
9608
9623
9249
9148
1940
2418
2164
2345
8082
2975
6013
2301
5725
5649
5264
9429
9589
263
1304
2407
3360
3781
3679
6247
2974
3297
6129
8969
9143
1618
304
8513
765
8073
8536
9589
4177
5890
9518
7252
3205
6244
6317
8927
8403
6581
8601
4326
9479
3371
9403
4345
2544
8172
1578
2506
8563
260
9850
4327
9745
523
1670
4198
3342
5930
1022
8280
101
9210
4721
417
2018
5229
8051
4332
7837
7285
9709
5812
4740
8092
1815
3965
5485
1718
6312
9151
8509
5164
5499
8994
8249
1262
1231
524
4650
4650
5390
8207
7
7871
7094
4626
6200
3035
1359
210
3172
9752
3436
1843
5636
122
2797
9142
3276
8877
2028
553
5351
5658
2460
7718
9827
9175
5753
7639
1108
7199
3820
9000
8563
712
5168
5684
1932
5674
9068
7137
4089
900
691
4671
6466
5827
2325
1711
3844
5439
9848
6174
9973
6396
3375
9204
1571
2936
1938
2490
1247
3191
9356
6723
5965
6661
7383
4960
5410
8308
4182
755
7093
4314
557
1378
1006
450
9959
8722
3662
6503
6883
2808
469
7866
7617
1744
4441
2965
2953
7890
835
399
8345
9691
6341
436
6141
2229
5667
4354
1720
4735
2962
9621
4921
8059
4691
6704
64
4854
9464
7615
5960
2764
1205
4624
5704
555
4591
1655
6919
64
8548
5974
865
3533
5531
5048
5071
2932
4638
1766
6806
4743
1963
3917
774
3374
9968
6511
7828
9385
537
8755
2035
1258
5747
9546
2156
6065
7095
9792
8636
845
6923
4269
9063
5830
980
9642
7244
5336
7836
6970
5010
605
679
4415
2440
9630
2546
3468
8796
7515
2351
7081
998
614
1007
5755
6969
1091
1730
5502
8662
8487
8640
3964
5163
9597
5184
81
3846
8816
5598
1125
8591
967
8038
9274
1277
5878
2865
5880
8874
6276
1431
2278
3751
8002
8912
591
9541
3392
7164
7437
699
3746
8501
8802
9834
3580
6564
7860
409
3672
7979
9822
9389
903
3637
7108
187
9182
1455
6805
3647
2855
550
6391
2070
777
2051
5155
1509
1795
7061
8602
6057
477
3584
108
2784
672
7924
7027
4366
1551
5041
4336
2061
5397
265
4713
6793
2310
8860
497
6924
881
4839
7092
3518
7047
1407
2647
9613
2391
4058
7173
5533
9684
8718
5602
4804
3844
9097
6405
809
5028
9369
2281
7919
3170
8203
2699
9197
5909
8854
722
2089
3506
3606
2615
3587
9878
2639
2140
5421
1942
2996
1800
4052
5836
7620
4295
330
6829
2809
1124
8929
6119
1324
1442
1881
1969
6416
4332
4157
6286
9794
2487
2252
3789
2161
5844
4073
559
6658
1724
8003
2208
6480
1231
4699
4495
1076
8016
6489
92
4190
3210
5465
5738
4112
5974
6719
6463
5205
5739
4022
7343
8054
1676
5790
4835
5024
4999
7058
9216
647
4770
7180
3055
7496
8541
1724
882
1331
7439
662
8822
1959
5548
7556
2598
4285
4699
9155
6203
2227
4962
5103
3069
9088
4783
3377
6276
2941
3065
1069
1811
8172
3851
9151
3151
8192
6183
1931
6491
9795
3407
4637
8132
9060
4167
3547
4053
1698
8947
9591
3427
6810
8293
3560
5404
3136
8255
3514
1438
8504
6026
5324
2020
3221
4777
4501
7829
7193
6555
5676
5476
1353
4135
1258
7481
8579
9811
5896
6660
1425
4403
1649
9169
3471
7866
556
906
2353
5001
1480
3442
8932
7200
2478
2011
1543
8346
276
5964
8910
9032
6417
1440
5111
9518
2959
2058
6078
403
9821
5261
302
3118
4383
5684
7143
7043
633
7710
7746
6935
7224
752
7340
6005
7852
3340
2794
5237
3815
2892
5610
9535
4548
7300
3400
9212
8274
7383
375
6088
513
9981
6962
4328
8274
8274
6777
1244
6447
2507
1605
1482
9439
4626
9354
1200
1974
9899
2088
8940
9340
2040
8523
2786
1911
5070
7121
3434
4643
1075
7305
9771
6054
4606
5406
2433
7530
3286
8436
1826
5439
6859
3864
9566
7145
2758
2409
553
4219
8366
3785
6714
6586
9208
8291
9510
2519
4660
8424
632
268
6142
8341
576
4725
2254
4646
8785
1564
3205
7269
3953
3204
9327
1501
8677
2970
5801
6180
3404
853
6730
1217
9548
3023
2917
5376
93
5683
7910
9164
4664
4466
3580
7264
1103
2103
4320
8616
7968
4752
1161
1497
1669
4893
5231
1810
4582
4442
9839
4240
8714
8421
6543
9299
9705
4072
3400
3543
8082
8776
5585
1302
1419
4160
3150
2402
5953
1666
5447
4236
224
3029
7028
2256
4875
2178
2491
9742
4713
3892
1691
8244
5169
28
3951
2358
5055
4743
6181
7656
5035
9313
8074
1894
9672
9641
1539
9351
8998
5959
5828
6936
7946
3488
362
6571
6744
1315
3540
7506
2809
6096
3534
2925
7645
330
8129
4757
3276
731
6374
2226
6053
9058
743
1393
1054
9889
6951
9240
745
4599
5045
4741
630
9136
6672
1927
1590
5962
1896
3427
189
8383
2829
150
2725
4914
9232
2373
2632
7615
9835
1973
4899
63
1604
896
5472
6857
6026
7752
204
37
8962
9597
6278
4737
7673
6029
4569
7403
3792
9880
8203
297
8174
4246
9199
8007
3574
3509
5276
6621
4454
717
117
7730
3703
4103
3171
1203
9579
7422
8049
7252
719
6175
4520
6937
6701
3400
9590
7762
9244
8589
5408
1834
916
3450
6629
3596
7345
1825
4765
9635
8326
1765
1534
8378
238
7083
2880
4258
6729
7502
4456
3393
4130
1585
1634
4607
1684
2496
8443
844
8053
4886
6784
480
9180
2497
1608
3541
8340
6581
6592
5403
3607
5661
1548
4100
7760
193
6171
9840
9150
5484
5709
4262
5793
3801
1687
355
3701
1841
3547
4929
3758
814
8807
3595
1138
5451
9877
9173
1217
3727
197
9179
8254
5492
381
1816
7066
4092
9132
3039
334
9721
3109
2177
3286
8414
9755
414
8367
7027
5317
1920
9259
3476
7966
5391
447
974
8413
421
1954
1381
5541
4685
3901
6600
1435
393
1171
300
693
3729
6970
8544
9201
5285
3285
5377
4725
5138
1203
1721
9735
471
7307
2474
2793
9040
1943
7685
5853
6966
8574
6425
6688
7805
7987
7568
5783
2621
8293
5363
9122
816
1697
3951
6585
1645
5282
302
4008
106
6156
9593
7546
365
2419
7383
5579
4672
6801
7972
9808
515
3749
8507
8072
1973
5405
2036
7066
5745
7935
9061
404
4601
1965
439
6041
2275
5745
8566
7896
4321
4306
3420
4839
2590
6317
1631
9429
4382
7435
5706
7039
1469
9637
5778
660
4301
5921
7972
8114
7075
2487
7836
7642
9417
2597
9198
3538
9719
9016
5911
179
5298
8819
4914
5077
9975
3571
3677
7186
8215
6272
9597
8050
7206
8918
8312
8387
2088
5684
7258
6868
1983
2565
2067
4286
4099
2310
1701
4073
325
2267
3993
8078
892
534
7410
1479
8025
7351
1155
9217
3665
5735
2436
7839
2565
3802
5161
3361
1817
3319
1824
3153
174
2660
1417
585
3053
6801
4223
4618
5741
1130
8226
9383
8474
5679
7506
1419
3505
8052
5949
4056
7726
5256
3650
5753
9363
6778
6939
9938
1836
7787
9976
7829
5892
6536
5313
7724
4986
7049
2705
9022
8996
541
1022
4808
9956
6091
2539
3582
3157
6144
1508
834
1519
4659
96
4812
7656
5720
5031
489
2509
3898
7746
6601
9306
7922
2162
7330
3171
3212
5165
9205
6829
2605
9294
4908
277
7498
1577
8715
5936
8270
896
3923
2774
3932
240
8723
4677
9475
6881
4065
1806
8339
4918
6994
2362
7815
498
763
9955
7773
2862
8717
8006
538
1808
3385
9163
2411
6171
6397
318
1458
9737
5981
7183
1425
2278
5421
2996
7611
7894
9710
4317
4359
5801
4321
8284
8790
9782
6970
9353
4516
1391
4607
4897
531
3068
3879
6238
5953
7574
6297
6179
8826
1756
5026
968
569
1131
4940
9272
8585
9951
5875
8022
1764
3837
2177
2497
2577
4990
6834
1847
7517
159
4586
5724
3913
6073
4632
2220
1272
8012
1599
1082
1965
9765
8878
3739
8613
6979
760
965
2644
4756
3069
803
3181
7342
4299
973
7541
3210
567
7216
327
2679
5808
7404
5499
3938
7372
6908
2546
1125
7546
6855
8477
4866
2459
5952
8527
2107
6754
3057
5009
7109
9234
3149
359
3317
5054
7684
6735
3343
996
200
996
6469
9354
2561
892
7655
4825
2707
8173
4363
9322
6602
6770
15
5017
7393
4207
8206
8948
8150
9153
992
430
5085
833
5438
1708
7300
6739
7780
6559
6823
6608
5973
236
3734
1989
6466
9859
4530
9098
6193
2176
4294
349
4828
2733
2249
5751
364
8205
6136
2678
4682
4689
1754
1495
1969
7395
2989
1711
4832
6500
4888
7270
5442
1248
1232
3390
3475
7434
6490
7271
9157
252
9519
6021
8217
6328
9476
8252
9868
4698
2320
3765
6130
4144
103
4163
7445
9249
8572
5811
5005
2108
265
1334
5938
1494
7519
2231
1273
1178
4647
8973
7653
5413
7047
6382
8423
2325
757
5815
4293
2247
5072
3806
428
3370
7859
2907
5913
2416
6051
1563
5999
9742
5523
7695
2526
8772
917
4083
9394
762
3026
6795
3649
3943
516
1771
6979
1693
8312
7599
3037
5355
1543
6806
7589
9705
1178
4622
5642
6887
6726
8386
4580
417
9032
2782
4560
594
7484
7529
8499
1825
1991
380
451
5613
2625
3779
7479
6968
1166
2795
5758
7518
312
1210
2868
4580
6809
1972
5292
2377
2995
618
5660
8309
778
9646
4562
2615
1119
1977
3515
6965
462
2238
9163
6209
7442
2854
2764
6354
4775
7741
6896
2359
6800
5949
6055
4920
8957
8860
2644
4669
1319
4642
7813
8514
2794
4087
3504
1797
1905
8825
2174
3088
79
8423
7195
5233
5942
3521
7698
3772
1950
5256
7886
2985
4513
670
754
107
4173
4668
4764
2140
5550
8932
4575
5556
993
7250
6768
2918
6850
3199
1725
7886
430
2940
1068
3612
6464
5593
1134
6329
8490
4033
5180
7212
7151
8694
171
3074
1453
1252
1239
2209
9993
6470
5035
7125
1549
4440
3813
9677
9245
1747
4989
6641
9163
3874
4720
5699
4609
8524
518
2227
9685
4547
8875
42
8005
8343
8515
9761
898
7872
6830
7691
4705
6380
7395
4804
7350
7055
9107
1735
2281
9111
6710
5506
8847
9076
2398
6454
4052
5995
9075
616
1659
6814
3262
8146
2684
2821
2710
9637
8053
6116
8971
6691
4296
1231
4976
5478
8852
5488
6416
153
4141
8862
8577
3875
3873
5724
9554
9178
8192
8381
9390
9540
6374
1849
8758
3692
6973
4
6526
3718
6181
1899
9206
7144
291
6069
2073
8817
1700
2938
7924
7719
2815
937
3053
3627
9226
1196
2114
7110
1172
5572
7314
7603
5508
6351
2055
8814
7181
7869
324
7885
923
2588
269
9556
3040
8792
9148
4766
2708
6744
5985
3578
5033
9086
2775
9338
4121
9992
823
7670
3283
1218
394
8717
6857
2703
911
838
2607
3917
5233
3563
5562
7559
4550
2631
2883
2495
7760
9185
1781
9936
6535
7636
4296
4164
2382
3358
998
106
8213
7485
2066
4462
3853
2924
3234
3180
582
6889
4349
9712
7233
3302
3754
6788
4743
1507
391
8907
9851
4370
5883
7123
1299
6557
6457
9228
9218
6450
5497
5313
3204
2077
5844
1997
9185
8730
1370
5004
3104
9893
2158
5677
4744
496
4528
1797
7637
8177
5709
2215
9792
2527
3136
2
3530
6055
8761
4946
997
310
1205
8562
5303
6412
2963
4417
7821
1662
6612
1214
4881
5761
8799
1408
7473
4489
3568
4842
6286
7848
6076
4752
3049
8544
2784
1654
4187
31
6922
8953
7532
5609
59
5170
8997
3922
6535
9635
4890
5424
6626
6618
9739
9079
8666
5632
4046
407
2952
8358
5054
4709
3516
6313
9524
4262
7942
6094
3479
7162
2233
9749
1147
90
9850
4204
676
7888
437
8392
4130
7141
763
6701
9794
6081
6546
9942
4474
7466
9498
1941
1450
599
4071
7103
3398
744
6055
1049
6166
7819
3932
1080
8743
3625
9166
3770
9671
5040
1740
2618
8184
9878
2587
3999
9221
1679
1899
9749
6826
7520
8842
678
7500
9643
7308
7370
5847
89
9687
2438
536
7840
7274
8907
9833
9082
7935
9404
5325
1445
5719
6555
2040
4166
1933
127
1873
7145
7015
9149
2031
6291
5490
7653
2887
3302
2513
7453
186
5427
2899
962
5874
8598
7420
244
3691
6827
3278
5728
4334
4902
48
6356
7968
6025
5093
6337
2164
9577
7435
6154
585
900
9729
2627
2493
994
512
6726
5465
4749
3141
4579
9943
4640
2535
1173
3022
3046
631
8595
5141
6040
5315
976
7531
221
7967
2828
8881
429
3890
7428
4315
3118
2547
8967
3137
6027
3291
3291
26
4408
6078
6019
7390
7528
6653
4737
7243
2464
2144
6146
7297
164
8651
6181
9238
101
8666
8636
9349
3518
355
7625
545
5052
8062
486
4960
6516
3798
2843
6958
7190
9049
76
7190
9805
3895
5843
7542
1088
569
641
6722
8270
5036
2554
8889
1321
8317
3661
9605
3791
8183
6791
460
5356
8432
2489
9862
7965
1021
1988
4656
7383
8296
8271
2265
3667
4790
5368
908
7536
9830
8660
7486
3713
7571
6039
9705
1135
8361
3660
8402
3504
9825
7218
450
4356
5492
3273
4637
6041
377
6497
5640
9168
6121
9870
3287
7593
7546
7537
2882
913
5416
7867
5204
2156
5544
618
9029
9916
7707
8812
6930
1057
3035
1807
8570
138
1519
588
8349
2866
6350
2675
1550
5971
7665
2669
7448
9274
626
3565
5648
9759
5674
2429
9346
1959
1716
6986
9945
4849
2399
5640
3005
7589
6612
2213
7808
2767
6627
2813
389
9289
372
4392
8450
4477
7730
1550
74
4876
8859
381
4669
5215
9180
4112
9303
1071
5544
5046
6349
885
876
4827
2994
8453
9008
3345
7745
9421
9739
160
8072
2658
2843
4592
1297
6044
3171
5738
6435
9278
452
5747
5405
3810
132
4669
3556
6110
7456
4462
5436
7925
2973
5126
4681
7737
9336
474
9642
8104
1929
2709
8731
420
1637
3384
5201
9266
4436
3157
6346
9553
2941
600
80
8150
228
2669
7669
9373
7471
8720
5507
7396
4797
6367
2147
7716
1062
4234
2719
2538
3927
3998
6180
588
4832
4292
4099
2768
2699
4207
3929
9118
8286
9144
7217
9874
739
1464
6861
1080
5829
8213
8531
787
1051
4234
8764
4449
5330
8813
3509
5685
2444
7715
9842
603
2436
7028
7776
5155
4169
9489
7906
2786
3168
9104
2337
8539
9945
2228
9675
349
3218
7683
9858
4694
8782
9345
826
6195
2553
8315
4609
6416
3447
4510
7464
9494
7232
787
2564
7081
5367
4243
3706
6017
6915
4182
7062
9569
1490
809
8204
5472
4372
6166
8472
8953
3018
6887
5328
4910
4491
4552
4494
2076
5089
5309
9157
8927
6039
5829
702
9674
1801
3096
5485
7352
1066
2603
4122
1186
9966
1854
4149
2839
7090
9914
9232
8198
3224
1797
6503
9545
6230
6506
9632
3062
6865
158
1588
3263
7269
9666
6629
2302
3870
2158
2714
2959
4860
5382
4975
6145
9343
2844
5525
9350
9654
7703
9258
1324
7641
476
3595
1970
6884
5230
2922
3710
8206
1088
9841
1302
8157
134
6143
8531
9428
9688
6840
1892
6271
9567
2444
281
3212
3914
7065
5084
8414
281
4678
3424
3776
3919
5488
3462
8978
6832
276
6604
3574
2860
1697
3089
3651
3570
6481
709
8525
1221
4723
3027
8701
1233
5200
7131
515
4287
4520
5573
7161
1922
499
7202
4451
1178
2462
5826
2819
1965
9615
5808
455
8114
4388
979
6122
7723
7631
4557
6199
2511
2080
8093
93
9472
3926
8986
1252
6561
4452
9335
4748
3443
3693
4642
9744
5101
3629
6156
5407
4227
7861
4771
728
4341
1724
6212
7460
6713
1519
2289
399
5820
2432
11
540
3119
4166
3075
703
4018
6890
6303
1596
3879
76
3165
2384
4649
9831
6128
8341
2556
4848
9580
2907
4324
4869
6405
8377
247
9635
4659
8950
9189
3478
9310
7061
6389
7871
2641
7597
662
9152
3675
9780
8149
2599
6184
4993
2541
178
8422
