6269
0
9623
2182
8957
5338
7633
5457
3260
3795
2584
3459
4225
413
6073
4015
9810
1449
2222
273
7098
3372
8485
5461
8385
5857
4580
4695
2618
1391
9676
6058
4981
7889
7158
8326
9372
4346
1805
3302
1410
5453
8469
4640
6601
4299
5762
4696
955
6542
5184
8604
7935
3285
1694
4616
5491
1654
6750
7939
3594
1426
9385
2831
1132
7419
3894
2082
4019
2073
4447
4272
6390
7062
6055
2229
6479
9248
4937
4351
3281
6259
9466
7100
2555
6417
4220
4110
2153
4537
3258
8510
2454
4052
948
6656
5574
8471
978
3829
2792
45
6448
3668
7568
9645
204
3958
328
1777
3137
679
1700
3160
4012
3134
118
5455
8848
3056
5918
8061
9211
8945
3244
1000
8350
2967
3616
5591
5279
9732
8128
634
7334
2698
8282
524
1045
3799
9985
8133
4381
152
9792
9053
5251
3256
4978
2827
6386
1541
1190
8696
4289
3928
9669
8327
1212
1859
3690
3540
4285
5226
6318
9520
4063
9844
9592
7505
4956
8180
5654
4540
7431
5634
7357
1862
7626
9453
8791
4134
2410
6845
1882
3754
4923
5844
7895
1187
7954
7012
5312
1655
5944
2153
4375
677
5679
339
5349
2414
4867
3008
6747
1671
5517
5958
1798
7362
9463
5200
3800
8894
9054
2157
2732
6276
9758
854
6275
9627
8460
3427
2291
5439
7022
2094
1001
8120
4205
6022
5590
1228
8943
8271
530
1364
7812
1435
1027
6922
9354
6004
3707
661
88
3450
5140
7421
5045
689
1470
7416
1182
3833
4974
9099
948
34
1125
7058
9911
6353
4998
2635
4022
2053
5462
3030
8736
2154
5999
3556
1122
4064
6954
3823
75
1016
2501
1821
5217
3654
1380
5301
7016
9285
8561
5103
9510
5185
7715
7466
8059
846
7478
9301
3031
4360
3095
9565
4548
2927
6712
7815
7698
9754
5422
7201
1718
2790
4803
9281
5378
4777
1338
4926
9471
1752
9373
4779
2175
2598
3182
4918
6005
1775
3762
3329
450
1809
1981
2505
35
8319
279
6170
9910
6441
408
4598
3876
7956
4429
4393
5009
4310
6152
6682
394
8370
828
5947
9139
5228
8209
1865
8112
3133
3846
5741
6066
227
7973
8985
2660
99
5094
239
4215
2938
2113
2777
2150
5529
2109
5505
4603
7124
7042
5667
5496
6615
1716
9431
8994
1488
2456
5616
2161
3687
1339
8120
9793
1153
9741
624
8276
8952
1309
8886
9834
3931
6212
4084
2215
413
4852
789
7745
938
8342
2393
9195
1370
8737
1823
552
2009
1143
4365
715
952
4008
2644
8990
9863
9430
9919
3859
629
8182
5355
1527
7270
1953
7515
4126
103
1302
9305
713
2012
6883
9008
2735
7617
3284
3622
4352
3465
9033
9504
6123
3070
477
3409
2999
9566
6882
5224
2094
8961
3629
5495
1981
6731
7312
452
1403
8532
9794
3976
7535
8226
5559
5547
1479
9028
5373
774
6336
1839
6105
3701
6780
5254
3002
3628
3102
1454
2798
5187
4897
976
7106
8170
3870
5797
488
4485
1088
8031
3272
7708
7924
5550
2699
8311
8980
4071
6727
9932
9369
3465
9573
7615
5511
4245
7355
300
731
1536
1978
6310
987
343
9128
5552
1927
7361
9560
4563
8106
286
6631
209
4634
6156
2648
4445
7583
1889
5965
3765
8341
6465
3141
7417
8964
7341
2327
837
7267
1079
6546
6456
739
2632
4624
3311
9889
752
7512
5533
4968
5160
1136
2342
1051
7210
4780
7958
757
6717
7792
3162
4222
6176
4466
8062
9408
204
9328
1159
3774
2446
1450
3924
5785
2904
1299
9718
2617
3045
5351
16
8647
757
579
750
62
3380
4250
9549
4391
9612
3539
449
2538
1819
2908
8406
9420
2442
215
3458
8745
5620
6851
8530
4971
9667
1373
4331
2878
5837
258
4587
6895
1192
6672
756
3729
4957
6664
7372
7478
8708
9831
2906
3115
2380
7752
6975
6595
3326
8072
7132
7457
9852
5098
7706
8832
7030
2699
8216
7156
8516
590
9324
955
3459
5988
8313
4955
1402
2106
9304
9839
4661
6334
5393
8950
807
187
5283
7102
9761
4068
2367
4840
5710
9783
6090
8072
6659
6636
9905
5516
8183
5930
7305
1360
6445
6566
7208
8354
2819
3425
2962
5171
2844
6678
4080
4585
5526
675
1591
9257
6694
4739
779
8846
6090
9202
7063
3363
5464
2037
1385
2769
9733
4435
7834
8074
5403
2606
5851
7924
1518
8735
1241
6424
6827
564
0
4527
3003
2449
9586
8905
1155
4760
9662
62
3917
6620
810
441
3997
7419
778
2344
645
1096
7650
5675
8887
7593
786
9149
1057
6024
7475
9011
61
6545
7358
8788
7781
6749
2124
7932
3485
9888
7990
1856
3325
3399
8839
986
6101
1260
7878
7732
4178
1777
5760
3746
492
8748
2299
9981
683
9031
2744
8898
8175
4686
1730
8754
9497
1591
1757
509
7149
1873
2776
6450
8744
6880
1335
4926
6457
3220
5498
6630
7172
789
7189
5962
9179
6083
2088
8329
7347
2932
8275
3249
6114
4112
4279
7605
3394
9230
2968
9842
2017
4539
9180
3415
2882
4006
3239
1074
549
6266
9232
6396
906
2172
8747
593
8063
5006
4379
3993
2033
8382
1524
7005
3705
8541
3580
2659
7178
5776
6159
3408
6052
246
8764
309
7816
1084
6195
5346
7346
4238
3508
7870
5044
5937
6041
8328
4295
5330
9061
112
9018
2084
623
4403
3392
345
2191
7598
4775
8969
3390
4133
2239
6108
2587
9420
4767
8692
8137
2864
1705
1822
9370
6106
575
8648
1427
4590
9313
6924
6759
3011
6254
7063
8106
5338
2805
5323
5565
8799
3386
219
6704
207
7148
5119
9
5824
7404
824
9579
3801
7325
9028
4678
6637
1167
3067
3454
5732
2045
5354
5135
5833
3585
9564
9629
9032
6500
5596
5316
6771
8967
248
7094
7496
4438
1559
8395
4672
6572
9201
2155
6295
4714
294
8162
1285
4224
2187
5470
2368
226
7458
7259
1545
2144
8353
3939
2815
7732
2647
9312
2846
997
2288
2576
2516
5421
766
1327
1431
4873
5810
3454
6219
4497
651
6178
7862
3840
138
566
3699
5231
1580
6233
1317
6276
2593
7966
3316
833
4561
1705
7439
7131
3540
4242
7611
9242
1578
4027
7145
561
6401
4022
2064
4310
7227
2714
6991
5073
9328
1311
3563
4855
1640
4974
5264
2570
5126
9658
7970
1334
9131
6656
8039
6606
7282
3815
1166
9951
4530
2501
4836
7174
9060
2072
5792
2002
5384
2191
1920
2567
5838
6406
3688
8243
8562
1284
4242
2754
4403
4432
219
9638
2807
4201
871
1576
3888
3448
724
6665
3052
7953
2348
978
5878
30
5330
2839
6502
9895
6649
1614
3102
8558
2271
1473
2883
911
3372
9696
9635
6567
4579
2973
3500
2641
6247
1997
6954
4506
1433
109
5880
1589
4461
5811
9307
3230
5345
2815
1376
1906
8065
2732
7557
4515
9263
3230
9934
4239
8275
7243
6194
9876
8265
8019
1891
8895
4210
4855
4983
264
8904
6172
4540
1219
5491
6361
6132
256
4839
6258
8920
6596
2047
3937
4394
2568
5292
8663
2137
2369
2830
3120
1230
3877
3000
1153
6829
5571
3150
1425
9759
2036
3643
5680
7189
6241
9672
1737
6332
4123
3299
4304
2515
99
4325
3845
6242
8059
8931
3262
5412
36
6190
8128
2872
8866
9776
3452
6060
1185
8265
1522
4717
5447
1480
9036
9225
6305
7994
4526
2566
4735
355
1676
7079
256
6887
9220
8870
8112
6822
8331
9453
3862
1451
7614
5970
4616
7821
1689
3608
3006
2478
3331
9748
9587
6177
131
1736
7059
3660
2969
5289
2072
1113
2141
4143
7212
907
6213
515
5734
3094
1026
6534
8600
33
7093
7120
2967
9835
1987
211
9040
558
7917
1331
1283
7353
1867
7562
3358
5620
8759
6953
5598
5669
8214
5537
5791
8459
7715
3731
4173
7254
5381
6434
8883
611
7791
6623
6930
7824
8212
3000
1812
2666
7856
392
7587
9399
4387
566
8766
9346
680
4579
5993
3158
2606
5656
2220
7776
9159
995
4000
4112
39
2358
3360
5980
3817
6855
8984
8681
3365
7670
5806
9270
9053
2919
119
9762
9839
4779
4978
2313
5360
2480
350
5587
7739
9843
2260
839
7770
5316
4754
5975
6498
2145
7791
2105
6783
2474
4778
5957
3895
7868
3147
3368
3464
2035
9976
9840
4209
2460
8953
8537
3743
7255
1660
4814
9281
8455
2310
1671
8939
6812
4832
9192
190
6699
9763
3936
2402
4451
1694
9552
8612
4595
2095
3538
115
5465
9912
7236
7438
6666
9681
7626
6698
1590
1445
1861
7124
6581
7962
2196
8699
8819
215
7329
6001
3143
9502
6186
5345
5908
6655
5946
7995
6715
6061
6404
6739
7318
1795
4709
1811
9042
8508
4298
9241
1166
1063
3202
8378
4046
5260
5204
9089
961
2288
2529
1778
1738
8737
9449
5178
2092
1474
6586
1141
6626
2143
3475
9547
4103
7768
2857
9584
1656
6561
7672
5938
5640
23
2827
4654
7786
3048
6139
2282
192
2815
5437
8252
9202
2419
4946
7075
2513
2717
584
4018
1245
5549
1399
6463
2891
7581
5142
9831
7310
4352
4430
1678
5791
1505
6679
574
3244
4562
9190
7263
6102
3646
2775
3170
8521
2712
8316
9850
3567
4303
9379
379
9041
8308
7007
5627
7745
3794
5936
9929
7108
5168
1764
1734
407
7612
1125
7557
4650
2875
9409
8122
741
3050
4338
6736
4665
4920
7129
4717
9483
7438
9697
7550
7076
8826
6115
3906
9559
6977
4052
6904
1738
9337
7018
7053
6962
3969
3173
5868
5427
3628
1045
7700
6971
4427
7727
2858
6079
1668
9920
1773
834
2569
7534
8534
638
6358
6734
5928
4002
8817
5159
8684
9697
4901
2613
6032
4173
6731
1340
7592
5196
984
2056
633
7557
6777
741
3281
4445
3924
4007
1694
3202
206
9134
8659
6256
1139
7037
3030
4226
8408
838
453
7990
5818
7645
4986
7581
1021
1697
2217
8102
3520
335
4558
524
4749
1622
2312
2582
8731
5189
6196
796
8564
4663
7804
631
1288
6727
9963
9566
6224
7869
2814
6903
2399
7551
7304
4049
9852
4182
4310
908
940
9536
7949
7206
3522
6429
3291
1704
5032
3684
7504
5220
308
8
6057
8969
2807
5686
4351
134
1577
5517
3300
6213
1990
7049
6663
1659
8496
1673
4780
3741
7975
1291
7754
5647
2459
6105
8121
5856
3696
6072
1992
9570
748
9785
9033
2313
4844
6025
1780
5058
691
8941
2069
8980
5920
9956
7566
7771
3182
1387
5855
2133
4427
332
3025
9607
900
8709
7550
2903
6892
2295
7726
4955
1679
6762
8014
5832
3129
4214
7078
6577
209
6947
4486
5554
4127
8367
3605
4857
9762
9677
6204
4558
6624
6005
9442
3704
8825
9763
9175
7787
5459
6255
4456
4894
3845
9876
3747
8660
3384
1236
3540
7617
342
7088
3554
9904
4708
2352
7419
4175
5581
2207
8873
2813
1759
9553
2153
3262
7939
6885
8730
6807
7507
9754
270
1549
5006
6787
5211
5880
1320
2195
9938
6245
9789
3352
9506
2400
8517
651
510
8909
1746
1776
1609
7400
5415
529
2613
7158
2588
6933
9119
3630
4296
1832
5490
7540
1710
9036
4679
964
6486
719
7873
135
9768
2194
258
7050
1468
3200
4743
7067
6715
6682
5402
7645
1201
6817
4309
3083
6672
7659
9722
7009
2896
9364
9113
6008
6919
6383
3413
3144
6585
9012
1582
3411
2411
958
6111
6003
7975
6838
8790
1522
710
3445
3691
7991
4322
3272
2708
6367
5165
559
9193
9020
2140
3439
775
7980
1077
9347
9612
5826
8878
2350
3773
7655
5361
2054
5054
1185
8054
990
9158
3152
6444
3060
2056
3527
4273
5303
568
254
5473
6517
6832
6376
7900
9555
298
1384
7839
7842
2057
3388
5375
9059
4388
4369
2062
7220
8492
8956
6208
3831
7532
7731
832
4593
7241
5064
574
5292
7121
9697
6018
1503
5217
4351
3279
9766
8836
9969
2246
4815
6595
9499
430
1577
5111
8340
8774
9427
8985
5006
8894
9778
2103
1450
3809
6557
2422
3473
922
3028
8034
8853
7861
4008
7164
2722
3407
387
7697
9809
3375
8237
1915
5506
4929
4975
5417
3248
708
5687
7487
7758
4644
6597
1671
1474
8599
8323
6691
6437
5865
3535
4216
5235
7806
8799
6773
2913
5773
5166
504
6765
6111
5681
1180
1420
8974
3692
6427
9529
609
2310
1826
5173
5107
1913
1595
6056
6637
5858
1109
5977
3157
3867
5974
6075
4666
500
8043
7988
4833
2134
164
6284
9030
3821
4712
4835
5741
3605
3481
3166
1090
8191
7881
8696
395
6098
7009
3276
9081
3230
1474
3041
2069
5326
7005
4795
9646
6426
6309
2961
4114
4161
8414
6512
4337
3766
8729
8201
5457
4893
3960
1421
9140
4938
6860
1714
5954
8381
1798
7553
5222
5601
4490
3395
714
2588
6318
2652
7686
2821
4468
9875
6794
4763
4976
5462
16
1907
8553
4275
1862
4974
7930
4686
1810
853
2477
2837
8515
7717
6754
1249
925
571
1583
9467
53
8779
8508
8092
4819
9493
7506
7324
784
8433
6678
2330
9391
6519
2897
7174
4553
9736
2459
1773
499
881
9478
6640
7965
530
5489
9242
2858
5866
4238
1712
4932
5414
4714
5665
1971
2677
36
7400
4904
7067
380
1912
2975
6201
3008
2776
4801
8783
6133
5499
1630
4366
1714
6282
8630
6312
2585
362
455
7690
7075
7084
4113
2579
9486
9194
955
441
9043
1255
3341
7791
7991
1751
9854
7572
2020
5901
4384
8330
4301
4784
731
5815
2551
3400
8607
7376
1492
9378
5586
1886
9982
2083
8582
93
1207
6872
6575
7517
2858
9232
2363
6860
2532
2842
652
3594
5478
3542
6482
8929
8611
4080
6433
98
5884
5331
7424
8823
3145
434
183
208
3446
4359
1667
6733
4646
7598
2445
5252
9063
9611
6364
8053
7676
3629
8841
4213
9184
4847
374
9707
8134
7544
9717
5080
2459
1644
2351
5806
8128
2550
6206
9119
8953
3546
9619
4342
4852
5120
2882
3832
5533
3225
1832
4271
989
9524
8897
113
7521
3048
9285
9698
7763
6683
2268
6831
5353
320
4989
6665
3731
5051
5611
7762
7
2100
4331
3002
6908
2759
3748
8752
2484
5728
409
4086
1339
6400
6141
1983
6577
8533
3370
151
4003
8528
4255
170
36
7717
3583
855
4184
5222
9530
2048
4672
7633
4558
5679
3565
8649
3869
8518
142
300
7255
2638
9986
8498
6964
7244
7724
6904
4130
4569
7431
6877
4579
8543
6166
4388
1716
1102
4302
3984
4588
16
8274
7168
2604
6290
121
1927
6777
3990
9924
2976
3278
712
811
9468
9808
7901
4716
2904
5122
1400
7081
1335
4895
4045
1252
8194
4482
1485
7421
5812
5054
9118
1821
3675
6800
2228
2150
4612
7375
5507
8310
9086
2359
1416
3494
1601
6463
6119
4713
4230
1686
9230
8057
3980
1553
4354
2323
1231
2912
1018
8262
824
3867
1312
5392
19
8352
1031
9758
5035
6999
8839
4895
5682
7617
9520
7805
697
7741
4202
2753
4267
5138
8392
4614
4725
7682
7222
2624
9846
9944
911
8483
7007
6419
8511
9278
5154
155
8289
2176
7436
7727
359
701
5684
1589
203
2195
642
5866
6029
9461
6613
3013
5365
2671
3464
4298
6904
2922
3169
1575
3501
7575
9059
769
779
1311
104
694
8527
2075
8620
3924
6777
9526
3514
8326
5287
4303
9771
4721
2424
8352
9805
3109
5492
6408
9136
6300
6054
6568
9324
4711
8202
1921
9028
7470
8254
7679
1672
4552
2728
7724
2640
4188
7690
9099
7403
3391
5587
2446
352
1262
6596
9291
6340
9276
8326
8116
4103
3425
1237
7888
2413
619
7839
6153
8359
4779
888
9831
7101
5249
6500
3748
9660
922
2913
1346
831
3381
3402
2163
6875
5425
3259
6272
6657
5090
5174
8505
1148
8359
8042
8132
5944
1918
9954
9082
5296
8397
9052
6114
2815
9592
7397
7640
4949
5430
7115
456
2077
1008
2234
3627
4877
7311
2382
1185
2836
3194
4985
3962
2628
7958
9659
458
4607
3774
5130
3807
4280
1467
5553
1535
7534
9209
465
8137
2086
1422
8022
6126
8942
5418
6245
9503
4050
5052
258
5196
1578
7554
9579
3493
323
4569
2974
1323
1493
2813
3019
6985
6308
4015
9323
4442
7971
5515
1807
5683
2108
1912
7922
9700
9724
8906
2143
3495
7741
3244
6706
907
724
173
2481
5847
3317
1353
9572
5456
9624
3403
3143
1966
7438
3038
8456
1275
5284
3383
9289
496
3263
8001
9444
9920
4139
1657
2091
7478
6268
8865
1822
4273
4974
3422
3391
6942
8644
4705
3976
7662
5695
5236
8805
6541
7081
8599
8166
590
6061
3894
4063
8934
4973
4417
2445
5155
9478
5219
1611
8624
1359
351
547
4689
359
3485
6054
522
630
2759
1110
3040
1047
6658
6166
6489
4888
4015
2826
6302
4738
6799
3737
4952
2855
2704
81
8445
8612
2653
5473
6688
1413
6608
2213
7139
8965
268
8095
1802
5504
195
6125
783
9039
8590
654
711
2902
3292
6962
9488
6486
4425
217
9239
1417
8691
8036
6995
2662
8071
6065
686
3614
5495
4124
8320
1440
4894
3125
6983
2343
455
8207
5688
3436
8434
7457
4409
1408
3271
2482
9545
306
4033
5832
2218
9146
7447
189
4767
7786
1946
6122
4802
3242
7804
6120
5898
6248
8119
5608
5632
8343
8951
4885
352
7372
3888
3655
4615
1458
1054
6767
4354
4922
543
9834
3018
2180
467
1173
113
5812
4650
3627
4419
606
6328
257
304
9256
7868
9759
21
1831
6280
4193
8832
222
7648
5060
3224
7893
7829
1943
6656
9088
9425
9545
5832
8035
2946
9937
6888
8984
7989
5354
1494
7166
1207
8076
1095
6704
9439
1883
5850
7241
4438
4700
5857
9372
7933
1903
5360
3691
4075
7313
6963
2842
490
5854
4943
5512
8723
440
3410
2096
5016
8801
2316
6917
6847
3780
8486
9506
372
5000
7499
8507
8962
8361
964
4943
2211
5565
4688
7804
1324
2146
9773
9438
2779
5304
2379
4567
9071
6041
3526
4953
7401
2913
5217
8648
4400
6850
7690
3662
1620
7237
6148
2915
3267
8848
8253
4873
8502
7324
4878
5372
8440
705
3075
9194
1565
8093
9852
7259
8920
9673
8018
6435
2970
3640
5148
2009
228
3027
7438
7817
3858
8817
1430
8668
2929
1635
2656
8736
2661
5606
4427
4177
7807
5738
1739
2182
4717
1914
7977
9480
6750
6900
637
2280
5271
8744
5383
9384
9502
206
8405
4619
1952
8077
1396
2228
1046
7226
5362
5825
7397
5241
1514
601
1052
4819
8871
9196
2051
5524
1020
1266
5770
8234
8288
1373
8127
3585
1211
3316
3202
1439
7310
8471
1460
8325
6589
2937
1593
7079
1204
7568
3329
9740
3997
1252
9108
6501
1486
5697
2702
9260
5431
3784
3789
4291
8768
7080
6543
3086
3185
7827
1102
8789
9443
4667
783
5831
6485
2931
5510
9594
1507
524
3990
7609
4988
9487
335
7980
7915
1766
991
1217
4008
2685
6201
6459
434
4712
2411
9879
5553
1826
3106
1671
7929
2697
4178
7996
3344
5910
4416
8609
3678
9746
2733
5940
9203
1859
6766
6999
8603
3672
8210
2884
644
3756
4770
2063
3891
6937
4139
6578
474
789
9816
4851
7390
6257
9285
6916
8558
1319
6539
8464
8364
3770
6169
9282
7445
388
8249
4595
9234
4687
4997
1541
3050
8246
6536
5093
9601
8960
9448
633
3279
7220
2201
4495
8367
6679
5895
8741
3996
9878
2666
2090
7530
678
1292
6634
4895
9148
1236
8637
6786
9375
5597
9453
3112
8116
6487
1827
4537
2026
3094
7992
9741
9544
3257
3746
5976
113
2174
3440
8527
2532
6116
6426
1570
9644
2253
4523
7457
6239
7465
8499
3384
3878
5702
1935
9152
7974
9696
8537
6862
8029
5316
5695
5462
6241
1888
7641
2179
1103
8216
6426
4071
9227
9139
4475
9106
8415
4475
6318
4140
2663
3386
2553
8898
1091
5539
4771
4671
9177
3941
6753
745
6848
2715
7402
9255
6846
2785
2668
7005
280
9993
7112
4126
3054
8896
3321
596
4243
7459
7364
5661
2758
1605
3112
465
2303
8044
6410
1121
9797
2554
7952
7539
2616
6944
6549
5852
9241
1650
1144
2120
6171
6688
4042
3565
9090
2423
5031
5658
1025
1728
721
568
2528
2694
7260
3181
2726
5124
8339
915
4942
5739
1203
2881
9486
4612
107
8397
1055
7583
1392
6225
5939
6145
7200
9351
9923
2311
9587
1917
7682
4107
3643
2246
9579
7077
4755
7034
4468
246
874
4639
6521
5396
4897
1664
3341
2490
5435
3260
4679
7817
6060
1886
9774
3929
8486
8309
329
7820
9548
7087
6240
7117
4714
3342
5518
6724
4987
1777
4276
8341
8724
4358
3537
9806
5762
7542
9634
3853
9944
7876
5784
2628
7040
8578
146
7336
7254
6062
4341
9838
1855
4880
3370
8363
539
4224
8511
3914
755
376
6380
9614
5906
9958
9116
4320
6609
2169
7546
8903
9290
6844
6363
6349
2843
8243
2434
7868
5619
3539
6345
5248
2804
4421
5631
1953
7847
5164
118
150
2
9952
7167
3115
1626
2730
1847
997
9224
6259
8523
9955
6675
6213
9215
5900
4700
36
2947
9830
5793
5133
3154
8131
6939
4652
4613
9804
7812
9146
5372
8122
8800
9785
4087
7012
3542
6803
11
5078
6760
9313
9346
3213
1486
2856
783
6494
5033
6795
3195
3613
5460
103
3328
5825
7945
2478
6210
1531
722
4584
2909
6623
4135
2110
3197
8937
8331
3162
7118
2463
2886
2677
5190
9157
2685
1571
407
5696
8743
2951
7879
3162
5578
9939
6684
2343
6791
9424
5793
7084
3022
9805
8848
3201
1375
1332
4029
6920
8463
4704
5989
9220
4929
8909
9604
8063
5945
5441
6035
4936
9555
7262
4937
6816
2056
3159
4125
8569
5409
9631
4803
5784
3356
2783
8518
9019
5607
6789
1897
7153
7856
7805
7293
5266
9027
2259
3980
6685
9206
5889
7231
1111
9790
5581
4256
3186
9890
5891
2581
594
5151
6241
693
3004
3270
2217
5851
5848
1742
9388
8453
5564
8199
4511
9940
3642
6832
3153
4368
6179
8689
1340
2105
9625
6581
1050
8820
1107
6566
5337
6732
5980
9074
9156
8274
4213
6627
7515
3361
6674
8935
2467
6333
1693
7629
8673
1611
1616
2308
7547
4303
7466
6302
3066
8389
1438
7227
3014
3979
4802
2473
6864
4658
1009
5894
3631
56
1681
7689
7284
7404
2712
1020
8997
4696
1147
8927
5528
944
9293
7213
4417
1749
4621
7105
76
4547
9102
2783
5956
3458
3128
3395
3861
4430
2709
6019
599
1379
3584
1504
9750
605
9154
4511
341
1557
5374
967
6845
5285
4783
4666
990
2125
6852
8561
616
3316
2025
1905
4620
4211
8969
8318
8153
4783
151
9039
3104
1786
479
6189
7474
5882
3856
9072
3933
646
8566
7395
8626
9303
4641
736
9362
9204
3268
5717
1915
4512
589
6110
4761
5217
4517
329
9196
1795
4606
4564
2675
7623
7846
9491
4818
963
7210
2952
9297
3512
5952
3485
3579
6369
8010
5463
184
8852
3160
1338
1142
1552
6349
8453
5237
6230
124
1619
2790
6869
5090
4786
5961
9038
7989
1045
2870
2037
9133
2053
5859
1330
3644
9503
7892
2295
3357
1519
1488
4530
4272
5475
4493
4004
4866
6853
7181
6220
4927
4068
467
5794
7417
2554
6790
4190
9823
9833
6811
3599
5708
5408
972
7334
8362
4548
9248
969
8073
1575
1159
5693
9645
1050
3830
6902
9271
1618
714
1747
1917
375
9755
7178
4156
9077
7322
3854
9601
6098
4637
9966
5426
4062
7370
6892
2526
8092
3095
3094
8196
4056
1873
7751
1992
3726
4463
6717
3020
4143
7188
1767
2246
9117
8018
2534
2110
4331
982
4821
1599
2134
7287
6580
8374
8255
9116
9303
9494
8308
7305
8000
3325
7978
9940
5822
8876
2170
2577
4136
8674
3519
8345
7380
2378
7402
2812
3549
4337
123
8098
2814
789
6740
399
5947
8207
6744
6276
2764
1590
7821
7559
9027
8188
4752
2217
8604
2624
2556
410
1034
4015
9777
2004
748
397
7997
5987
3898
9897
5831
6018
2830
3717
1113
4986
3711
4094
7276
4280
9923
2578
2047
996
8337
4501
6859
2198
1571
6725
6797
8172
2140
6033
2159
8839
2265
2214
3763
3980
7318
8203
4979
9690
9129
9136
9824
6760
8101
9010
4042
3121
8630
5048
4626
1011
5018
9194
5902
9696
8386
220
8729
1737
8655
2355
8202
2206
9814
106
7488
3969
6985
474
448
5040
4557
4306
4460
914
7970
5573
3009
5220
9386
6392
3576
2250
992
6551
5216
3552
359
3482
8195
9866
1132
8051
7498
8770
4768
6725
9567
9513
9253
3683
5277
1660
5279
9508
7054
7036
3427
9120
3383
3563
849
677
4213
2937
8419
9523
7870
7666
9630
2055
5710
2275
2710
5444
2575
667
3462
7572
4282
9306
6041
768
9667
5302
8747
8532
7580
3838
5846
9946
1348
2600
3089
7578
7036
8667
1706
62
1831
6804
5147
8678
9904
700
858
34
26
9501
7865
9610
7787
4319
5050
7825
1433
9565
7211
8704
7448
2892
8497
8063
1558
6339
323
939
4704
3452
308
1512
432
2128
8664
6621
730
9544
4649
8700
2751
5137
5084
1350
3478
4126
2509
5894
9921
8651
5215
6883
8250
4934
7058
3898
4586
1497
4984
1115
7752
6174
3347
7728
9361
9590
9460
1792
8650
5510
52
7956
1312
3587
2673
1698
5101
1908
4520
5768
910
2338
5680
1032
7354
9187
2730
7943
156
3233
9752
9202
3684
6476
1586
1545
8758
2592
4230
2031
192
188
2851
1113
9063
1094
6261
8295
4276
4129
5620
5189
8277
4560
8067
898
5204
938
8837
6622
9696
4070
6167
5382
3140
1975
1050
6229
5921
7531
2954
6413
2346
5229
8974
8635
642
9384
9278
1912
3570
2680
1379
5440
3192
1813
2251
4328
1008
63
4431
4661
6960
5188
5573
89
7649
529
2428
5192
427
6065
768
1853
3179
5570
490
2039
1275
2119
6474
6707
5464
5979
8984
4574
2802
6421
2042
3077
6707
9862
1319
4606
8451
2920
5608
1147
4847
6329
4632
8808
8837
9687
162
3565
2728
1178
8658
3469
7115
1527
1705
9366
8797
3423
2050
5716
2575
4064
5968
1982
8027
972
3676
5234
7822
3747
7730
5381
8823
8032
157
7694
8230
6220
3614
9766
6716
2184
2524
6521
6416
3023
3354
4695
5021
6535
9159
1772
8145
902
8596
7763
664
4827
4934
8893
3570
8816
7432
2772
2395
6302
7440
5908
17
4472
3555
8176
703
810
6070
8181
3071
7813
4635
5966
6124
9244
3924
9018
7289
3629
988
4536
4080
3383
7944
125
4656
1895
2550
8650
2406
9065
473
4066
9217
7214
8845
510
5932
4685
1016
2955
1241
7680
3372
5082
9386
1105
6570
4357
3761
5375
5305
7038
8280
2938
6381
8094
8446
3504
9535
6457
8441
6914
2723
4255
1233
8974
8272
3169
1222
3503
8715
7646
1125
4653
2584
4939
7440
8778
4414
3697
260
3076
8343
8575
2918
7615
5203
7324
781
5067
6288
4402
1220
4196
9544
1034
9546
5740
3677
7296
4949
8003
1167
5520
4117
2171
7529
8073
4054
8735
1016
2264
7717
2197
1439
2670
1915
8601
7175
1244
5395
4661
9571
6785
5536
1848
6611
8203
2844
740
4508
8547
5916
5368
4545
9225
1533
5453
4775
4696
92
8330
1720
2988
8462
2341
730
4776
1007
3077
2212
4139
3759
9122
2285
2231
9406
6634
7810
1596
3926
4467
1271
983
3161
9689
8728
5248
1679
86
6186
1079
7527
6066
270
3707
5471
1422
7689
1901
2463
1860
679
1504
8255
8628
2888
704
5619
8882
7237
1181
6600
7375
4589
421
8167
3766
5004
861
9517
1196
8278
9583
3606
1640
3851
5432
6649
526
7120
731
8846
8417
8527
3384
3878
3263
4456
5301
464
4202
1345
4368
8893
1217
7334
7673
2255
6228
8407
8279
8224
8601
8129
4978
684
5451
1085
8883
2024
3943
855
4580
2465
9982
8556
5921
3629
9812
5087
1664
9698
167
3522
8909
2612
8924
5708
9797
9870
6334
2965
2794
800
6883
6784
8185
976
1306
8966
531
1194
2742
9679
9497
6171
6060
4002
5842
9625
4481
5501
8722
334
1715
8038
6054
4435
7746
8316
1182
6859
3594
6165
6936
7324
8023
8396
7536
5806
8797
6237
5172
2356
6204
315
2371
4346
2928
8793
5056
6311
5179
5442
8057
3761
8231
1373
6955
6000
5260
8426
5330
3428
9764
3220
582
2924
7260
3545
6541
4762
5517
3598
8767
9131
7076
1057
6802
6034
390
1794
4371
3729
367
5324
5495
3207
9078
9121
817
4314
9209
4011
9158
5488
6705
5654
2313
7897
2889
5066
5555
7579
4634
7348
8296
9269
913
7188
3189
699
7628
1313
855
8833
5113
2974
4628
9685
6007
6360
1208
6701
6936
5431
3986
8282
8951
4736
5459
7447
1221
6457
5891
9468
4670
2141
9738
3752
2999
3644
2954
2392
1823
6423
1771
2139
113
4613
2409
7678
4416
7263
1921
5016
4294
2193
9388
8713
2631
5749
8719
5806
1418
5549
3111
6218
7433
9298
8470
1579
4160
9327
6854
2973
2183
8917
245
3609
3687
1387
1231
5893
4932
7676
2560
9570
7638
1846
1533
7971
691
3888
8769
8518
6902
1585
4152
5026
2545
3804
6650
5434
5146
932
7746
2948
9070
7993
8793
2457
7989
7863
5752
2496
3479
8214
437
7235
5221
7378
3815
9767
6733
9124
5011
711
3181
1431
2943
1196
2500
7040
2315
7939
2074
534
3940
12
9870
2656
1793
6592
3511
5185
8736
4335
8133
2909
2011
9524
2170
6809
6341
6322
4629
4897
5191
4304
986
1725
785
8656
6638
2647
6663
304
2674
2971
5090
8123
4200
1879
9851
7603
3649
8519
5304
8763
5603
8547
7121
9348
9810
4090
5541
2426
8346
1809
1860
3156
3719
5150
8584
3403
814
310
6678
9499
4352
5807
5016
6168
4191
4559
2235
875
3577
4077
6379
7644
415
8361
1767
6500
5982
9127
9860
9608
7521
2461
1114
5816
3980
2447
2647
3913
2725
6351
915
2178
7870
2521
2761
6515
8910
3587
5652
7886
8560
4723
1888
4901
301
4225
2650
5481
843
7337
1934
9220
357
6801
2056
7857
5286
6907
4866
7804
3333
389
6864
7752
7127
6966
3511
3065
7458
6098
1250
5675
2326
8342
2226
1413
4542
3808
4000
3314
7135
6541
2076
5530
3407
492
3433
212
4431
1299
2136
8003
2401
5240
8288
2691
5047
3262
1815
5001
1837
8446
9464
6423
5083
4716
714
7201
9127
4105
6272
2644
1083
9344
6079
1546
4387
7907
4359
8273
9374
5491
7331
2033
7974
7381
3038
9064
7743
9076
9066
4964
5135
2097
3571
4564
9731
7260
2341
7270
591
1149
2406
7679
2696
5163
1602
701
8751
8627
2578
8091
8852
8802
4134
1592
456
7164
1308
1424
969
3180
1204
5655
1286
3587
2515
9138
1605
183
5925
1761
5965
5805
4349
7990
5557
3339
5254
2818
1630
3049
2722
7730
7165
7340
7672
4688
3773
9576
3821
4663
6416
3035
5305
3404
3120
1130
5999
5581
602
3873
1702
9175
7912
8496
2985
2084
6724
5967
2567
9216
3369
5962
506
2686
7201
4283
6366
5757
8188
5856
1663
329
5852
4683
3185
9063
1068
5658
7241
6541
8546
2821
4136
5182
5344
6614
5602
8864
291
6908
9031
9503
8053
3037
5311
3790
1270
5857
6700
8988
4112
5143
8180
1143
2721
9544
8698
3983
8576
6330
4335
2893
6092
6556
3870
8007
8541
6380
6646
5617
6289
273
659
7375
1510
6960
9068
8466
4839
8587
1455
7206
3657
3573
2443
6196
8241
8812
5111
7612
8465
5566
3598
2438
7028
5621
6535
1549
5163
1330
9451
5540
125
5680
8384
9989
4962
3054
5106
163
8906
5336
3170
7772
876
2706
1764
6110
7237
8397
9838
6938
6288
6620
2219
5387
2754
2044
245
4413
5904
4248
4293
4726
4326
7368
6810
5573
6813
1325
1231
6967
7262
2032
1725
7793
2615
304
1170
8336
5800
1330
1954
6530
4140
2020
2004
9053
7252
8341
7425
5244
4362
4080
9087
1093
5083
6086
2844
6870
4503
2159
7824
1400
7487
7618
1379
9248
1317
7435
3583
9396
6886
8691
9074
7765
5611
268
6433
9966
3997
5491
1009
8817
6069
2509
234
222
620
3038
7963
2706
9847
5527
9512
3300
7899
9455
9877
332
3675
5339
5878
2609
2518
9668
6498
9351
1977
7182
8443
6451
3387
440
87
9173
6366
2133
5372
6856
7400
3874
9094
2890
6252
9985
8618
3858
8500
5128
8001
5492
8258
2579
7661
1520
8945
6221
5262
4603
2880
2493
8370
815
5432
5577
3420
2157
8533
1385
3245
1596
4710
890
2934
4762
8588
2841
4617
2117
9292
9722
7695
1768
3996
3713
7826
3181
9022
5060
3998
840
2501
9619
273
7699
2902
659
3865
408
8223
2275
3554
9790
5508
9753
4346
2290
3290
4244
5630
8846
2230
9830
2762
1536
9749
7113
5114
2878
8617
9985
6419
7966
603
6170
1130
7325
2744
727
9542
6323
156
8280
9112
8383
286
9918
7963
3057
3385
5167
9455
4094
1267
6125
3798
1341
5544
164
3296
1927
695
8012
1104
5215
7987
295
467
2154
7906
8249
3136
9746
2092
628
4496
5806
9268
8388
3224
1708
7342
104
6703
2887
7300
1599
7933
5011
1570
1350
3705
244
5387
4521
8549
7544
6594
4013
3836
4583
877
1254
4804
1211
6517
4727
5891
9218
4814
32
9246
326
2097
4247
1515
349
2666
157
7214
3855
9020
4924
9656
8726
2481
4109
8102
1925
7899
9242
6584
4051
8075
2928
2834
2005
3102
9165
3341
5970
2094
6806
5563
9974
1727
2404
4156
8373
3057
1589
4599
1959
9471
1736
5811
7778
8663
8162
6726
8667
5943
9887
5641
386
2131
7770
5484
796
7283
9053
3504
8181
5715
5788
1860
7172
8321
4790
7631
651
1546
5892
1734
5603
778
9391
1878
1401
5830
265
5605
4737
65
9437
4407
6038
7715
6575
6666
7701
9909
9140
1940
6020
2722
6319
2607
8494
5939
8259
4979
4935
9855
3124
4853
9838
8662
1965
8175
9517
6347
693
1686
7929
4928
6654
662
4295
4656
8366
7908
3165
876
9628
8118
9295
3766
1869
9728
6942
6878
3124
9115
8567
4634
4151
2592
7629
1562
4229
7393
8284
1621
9391
8535
8004
2775
7648
7958
6178
7486
856
9810
1036
6559
3455
8865
2271
1843
9178
3686
4736
6781
2283
6735
8947
169
2114
6204
7538
5523
6388
9558
7051
9254
5550
392
8309
5561
6206
3017
7944
8481
9192
7270
3299
3261
4498
3606
7664
4618
4322
2168
7399
9407
3880
1046
2782
3235
2683
3951
9430
8838
1021
8093
1081
3092
667
7459
5340
14
2030
9397
8984
8287
8369
8889
1917
9529
7199
2187
7090
4300
8605
5464
5002
5405
4861
4407
7261
3541
7486
3764
6486
6029
3590
3441
8138
1663
9208
2962
5009
3425
3583
2781
8545
2065
7482
612
7681
5990
8190
1784
8311
7986
2419
7792
5383
5269
7148
8881
6122
4122
3556
6696
2586
2854
1590
709
1807
9256
7757
1418
8458
6980
1273
4416
953
7214
3114
8233
8870
7534
1086
7277
1031
2089
4160
28
1400
2034
7044
2521
519
3844
1495
6406
5186
6879
1042
384
1584
6170
7213
680
3229
6977
4318
729
3657
3151
9553
8686
8661
7038
4849
983
2866
853
6723
1699
40
3037
1430
8575
5359
920
4298
2611
5068
1804
3399
6881
4010
5462
3635
959
6094
5648
5814
6981
1263
4491
9263
2145
516
3367
3473
8121
2691
9435
8492
7054
1130
1362
4932
7674
1248
1392
8040
3146
1531
3945
8907
3603
3762
4045
8330
2540
6880
2530
6671
2028
8987
5206
1331
8972
7748
9631
4629
8540
8381
1842
8538
926
4781
1227
383
6343
1550
605
8268
5238
7174
9749
3142
7209
7603
2976
4530
6086
6647
8506
1753
615
4834
4461
6815
476
2687
6925
8470
1277
3117
3090
1663
479
9924
2414
4472
9832
6985
6572
5054
2753
540
8785
5806
1604
4199
9617
1109
9628
2827
5383
2261
977
4656
2340
2959
9298
7425
5395
5630
5409
8546
2147
4933
5577
2584
9453
3212
6792
6493
1395
4500
2878
498
7779
9917
1070
8296
1142
1800
1433
3699
8001
3546
9456
3256
5636
7597
4355
3133
4318
956
4269
1525
6338
729
7490
2644
3761
2607
3464
2756
1857
3099
8255
9617
4289
6444
1172
1469
4509
3556
26
6193
3598
9894
4566
1869
7279
6785
4029
6310
2642
1333
1866
824
9618
9598
9256
3390
1501
8073
7001
8578
163
3906
3419
4970
6957
8368
658
7718
5084
1566
1170
7042
8731
5179
273
8432
1496
2342
5876
5797
2862
5953
7965
7972
9762
6140
5334
1435
5587
1390
3621
7801
8192
1101
9843
6982
1754
3082
685
9853
5167
5295
7330
7896
7113
8939
6819
5874
5371
7047
1344
5507
5977
271
9385
6928
7602
1326
4341
3697
7704
9419
4962
5668
2904
5692
6486
3574
1846
2882
9322
7421
7860
4549
9373
8036
2284
3124
6338
443
1202
6682
1369
3075
2307
4722
2515
3647
4111
6871
2043
6989
2074
1069
8379
9563
5272
9959
1183
9379
4575
8769
6559
1770
2052
1153
8406
8394
992
6726
4946
4101
9423
6530
7498
3967
2879
6149
1326
3624
5920
9321
3392
6965
3490
1122
3402
4165
7422
956
912
935
3341
1113
5533
9533
2339
567
5497
9451
8433
6403
1491
7248
2007
7881
2238
7070
5502
68
7222
8096
519
9764
3297
520
9742
6364
4478
1924
6279
6820
3189
1409
1793
7676
7951
7424
894
9540
1453
8216
9557
1879
1036
120
2679
5570
7529
314
2422
1503
1
1577
7505
2892
5563
9585
8183
81
4647
7525
