4786
1
3837
6996
1768
1847
2477
8200
4158
2150
5499
2281
6247
2521
5851
9357
1129
7749
7631
6425
5904
4105
7598
2557
1412
5198
5768
6336
2634
1010
5859
3723
8307
5619
7675
7085
7325
2518
1046
6979
808
9245
9560
3180
9525
8702
8376
3532
1789
9679
8800
2400
4468
8558
120
6964
1554
270
3615
5316
7194
2717
1027
5587
1536
3036
155
3038
4180
7878
6480
3269
9351
2915
2620
2047
1998
7523
8438
9474
8121
7805
1387
1106
7121
5213
219
6782
6135
5873
2949
4790
8452
3829
7887
2544
4158
8728
6607
8016
2467
8846
6796
5127
3948
1859
2436
5551
1620
4292
7727
4866
6748
7820
4462
1438
3837
5045
549
5856
6081
1541
6073
2040
273
6265
8907
9000
5496
1139
1387
6029
3644
3449
4707
8101
7052
6077
8958
1573
7228
6843
4210
3169
8009
3941
1428
7549
6588
6734
9425
9975
5515
4891
3884
4342
972
1584
6024
1773
4071
3188
4001
9576
6170
2975
7727
208
5897
6931
1981
3006
400
4910
7661
1647
680
9808
9817
1327
1107
3245
873
8579
1468
698
5210
2867
99
6144
8040
2647
1077
2382
3939
8793
7809
6980
365
6237
1055
767
8580
7218
7286
3470
8915
3611
1221
1377
6674
3400
1630
8728
4650
9648
5232
3985
9315
4455
3855
7670
1618
8185
7238
1425
2704
6641
6153
1262
5846
4848
4342
7634
4167
1624
5161
857
2445
3945
1729
8273
4945
368
7212
6303
7958
2429
6587
5342
3230
8890
9293
2011
3802
1263
7551
9146
2049
1244
9810
286
3942
4697
3995
391
6488
6654
9933
3
1648
5684
4445
8713
6350
1509
2925
7339
7954
7964
2750
6252
1306
6563
7274
2298
6266
2289
7881
5563
314
9653
8369
4405
414
2474
574
3908
5512
7462
6521
1152
8066
9253
6800
3417
7938
9313
8105
3899
6593
9611
9133
9565
3633
5627
181
5454
9280
9507
5074
4070
9586
1055
4013
6073
5039
3482
8080
5544
6551
403
5262
8183
7973
4188
2955
1497
7146
8573
8951
4892
6441
5940
9470
502
4982
4650
9579
9623
8474
8791
3318
5677
4261
6659
8301
5386
9348
2469
1900
6529
7443
1579
9402
5459
3137
8857
2140
9359
5860
4177
5316
3004
7394
9923
9218
2144
9265
7530
6295
3767
8507
5225
1909
5897
37
2817
4950
2188
1358
7505
655
4659
2208
8486
5752
5864
3022
732
3178
5148
910
73
6481
269
9959
4950
1530
7586
9242
4662
6573
632
6425
4292
8730
4805
6107
6585
6804
6134
2951
2053
4929
7769
8830
9112
9810
5909
8885
1126
5499
731
185
6862
9853
9217
299
4666
1767
6390
6178
6148
8723
3256
5674
2285
426
9330
5711
6258
6967
9707
1347
1824
7466
7870
54
7381
7896
3204
9247
7355
2500
6330
7081
5298
3092
659
256
8306
6945
2752
3329
6670
3730
8435
4146
177
1211
6522
2558
6493
4887
1120
9333
8796
4577
2549
8943
6468
9451
8182
1355
2143
713
5720
9174
4863
2908
7092
653
5979
1820
5202
3011
6281
4527
5854
4605
7168
6742
1492
3807
517
5952
318
4692
1937
8733
1
8501
9087
7497
9198
9589
1806
5135
6274
8435
7634
7283
8122
2693
5062
7457
5218
7385
8780
1126
6666
4739
5231
6825
3553
4523
5841
4847
9607
6009
9278
4672
8799
1562
6640
261
3583
5736
1100
5975
182
4186
1087
9717
1957
1115
5033
315
8983
1889
62
3392
6344
7541
3133
7651
8801
5055
2456
5322
955
1971
6423
327
955
3105
828
116
9553
733
902
7549
57
6766
1808
4350
8376
1561
6603
1990
8519
7657
7193
4860
135
1973
3677
5896
1449
1171
9818
6449
1826
3642
2679
4311
898
8041
1826
3697
1345
3508
4057
3279
2881
1043
2414
4805
128
3518
7724
6040
7405
8471
3770
8834
1625
1843
1850
3966
764
9201
7967
8200
796
6926
2546
4132
9381
3327
680
7090
8214
5480
1051
5819
8023
1905
9069
7800
2646
7465
2134
9679
426
1644
8186
1025
3141
3599
8581
6924
6820
4653
7522
1263
741
7439
7869
2330
8641
4489
7189
7433
190
2466
2334
8021
6614
3707
9579
9216
4117
3143
5666
7728
8638
3961
8674
745
923
123
9627
3201
8696
9670
119
937
4901
961
8673
3502
4657
6139
8356
1285
8661
3866
7893
9621
6537
7148
728
5032
6796
1344
2372
9296
9996
9471
9629
3745
6661
1473
840
995
3413
3611
6993
1642
4850
2850
1567
318
6554
1372
9311
123
1951
1774
6516
6354
8882
9050
847
4644
9464
4331
7152
7428
7389
5091
187
2457
316
1081
6090
5273
8664
3096
8307
6770
97
7286
7264
99
4897
8433
2386
9809
7187
6442
3300
1104
329
1181
1054
7208
6511
7259
7297
2429
7480
4627
9779
6910
829
4746
2308
7667
9918
6053
3446
7510
4254
4389
5818
8166
233
7760
2534
8613
4118
8181
3563
5019
3936
4900
8024
1052
9996
9460
4911
2106
7576
3618
1304
9041
6788
2902
7357
1770
5511
3581
791
5656
6282
9259
9645
4526
5889
8181
8794
2912
5710
2058
8414
1536
8695
6093
5652
5139
9352
2123
4958
8122
3971
2844
286
6203
4390
6336
5751
5384
9275
340
4098
6649
8307
6090
4212
8316
6433
3459
8533
3113
1298
6676
2055
5482
9386
4330
3637
8106
8805
4221
1866
2423
1577
8275
8076
1397
8650
2840
9088
4989
1272
2338
2503
3954
9381
2083
6101
8193
7644
5999
9162
9681
1966
7005
6063
6435
1356
7532
6961
1388
1308
9073
2593
3306
181
1427
9270
2175
701
1963
6173
9079
8381
902
4263
8206
5559
4671
7813
7516
7002
6796
6546
3026
5131
8174
4682
2756
40
1332
6178
755
2117
795
2365
2251
963
1328
3439
3835
175
3562
7479
6963
2049
7415
7250
4353
2055
8562
3905
4082
5904
9812
7564
3703
1439
3302
9026
5296
8414
3396
9343
9499
9835
8857
4847
8157
1281
1692
6528
5168
113
1879
990
3448
1859
8907
9362
5975
1342
479
297
6766
8482
9957
1452
9008
1594
8745
6578
226
6689
2008
3034
1158
6924
8049
8066
6664
3308
9965
5710
8425
9794
4466
1849
4230
749
4651
7537
6275
5437
2846
1545
1477
4003
6262
342
3950
4325
9689
7945
7562
5554
8114
829
7321
1764
7808
368
2127
2790
3775
5835
182
5165
7368
8562
2128
7815
7236
9347
506
6403
6754
2842
8199
9454
4741
4501
2990
7978
7032
1966
1673
1884
4100
8533
6693
826
1792
8857
8114
9122
1012
5445
2477
8136
8739
7876
5037
5709
3516
1970
340
2293
4475
9603
1888
3917
9056
5980
5759
1448
3171
837
8318
4216
6541
5040
2182
577
6003
3536
8907
9133
2808
6266
961
6404
8795
9543
5105
1674
2612
4995
9465
6941
6712
9428
8233
8975
4901
688
1503
9124
4706
5252
63
6666
4282
3093
6079
7209
5880
7889
2710
2244
7331
7237
6838
3889
4828
2367
3931
5403
144
2537
2270
9502
9067
8921
2833
9636
649
2215
422
9306
3810
5256
4673
9846
1931
2839
487
4725
793
3733
2426
1716
1750
5659
686
7697
1159
2350
1557
6694
1211
6055
6211
5384
5814
4369
8092
1546
7222
5133
2633
9610
3621
7716
6012
9739
5230
2420
7625
6577
5447
770
7694
9141
4321
655
9229
2163
4156
4182
5576
9332
9053
6817
3155
4306
6727
5038
7832
3265
3140
3684
4464
775
2242
7509
9506
100
9280
5813
757
3605
1421
7346
9103
6112
1310
5242
904
4489
7094
109
5324
192
1186
4877
1895
8600
1844
6175
9257
5865
2036
6753
877
2713
6669
5189
7825
9385
8153
9620
4478
8336
9608
6594
1639
3538
8738
6567
3107
4234
2531
886
9693
765
3562
2805
8755
3265
4043
3368
4204
9934
5585
6020
7869
9562
208
722
7167
4891
966
9296
7777
6092
9567
9469
6766
7708
117
1452
4811
165
5038
8770
196
8511
4645
4094
8761
3709
5631
3684
54
9046
899
2222
8839
6336
9771
4674
7781
4439
2572
4387
6941
4181
4881
3481
1987
3435
7509
2564
6079
6567
4812
5353
7536
5923
6121
4411
5133
709
4100
5045
9331
9407
6169
3660
6340
4679
5820
6439
5888
2599
6418
6779
834
5169
242
6255
1587
536
5360
1295
9759
2356
6169
5545
9086
9917
5342
2088
2062
5140
2030
193
1847
1682
5537
48
7845
443
6917
5061
8573
9669
5909
6192
5089
7394
633
160
7978
7955
2044
6025
430
1613
3360
3270
2558
4391
5529
7200
8082
3513
8752
3268
2504
124
2993
469
5387
1453
2842
5045
5834
5334
9042
1886
4972
686
9561
2622
2335
922
6844
4368
8136
8331
1954
6309
2871
6287
1538
9632
8923
6997
5253
4280
4220
5593
6694
5003
3138
564
9160
4031
231
891
7977
6139
8603
7195
3305
8904
4591
5571
4083
7926
6939
6349
669
3997
2988
4066
9523
525
552
2145
2
174
2725
5623
9857
5072
9252
6587
5056
5803
878
2368
6369
664
2025
3605
2291
5059
9538
6672
5118
8723
2184
4352
3259
3166
3591
1993
9016
5785
3203
173
7228
9171
250
1291
2713
5909
373
3162
8983
6754
6988
1909
2088
2416
6985
1596
7798
2174
6627
6860
6216
2807
8980
8427
337
8730
1306
3452
1424
4390
986
8777
3981
1118
7444
8892
8812
6246
1686
6947
2736
8470
9607
6425
295
6333
5054
4928
2550
5673
5014
5407
8627
8614
8330
2487
1925
6016
4306
9303
3584
817
431
8171
90
8785
2612
9090
4305
3958
9692
2723
4234
6017
6236
6683
9447
950
2723
4552
1090
8646
1735
2468
7135
8648
1198
653
9855
3914
5083
5799
6822
2924
8743
3619
5020
744
3374
8694
6284
29
9911
2625
7582
2128
1496
703
5953
1137
7978
1667
2165
1000
7674
2126
6409
5883
5512
7243
3960
7765
5953
1353
2839
8971
4476
29
1625
7679
9328
3997
9651
9172
4233
4667
3160
6296
4850
9230
9034
1666
4367
2229
4377
5177
6405
3961
8055
2510
924
8632
7944
3168
9666
1372
9968
3135
806
7306
6420
1121
8346
7525
9557
5932
5442
9064
937
2288
6832
9846
4005
4733
3846
7242
3368
6964
8196
684
8483
3229
7618
1002
8213
7019
7780
744
2786
1650
8484
1747
4629
8337
4158
6466
4377
3693
4824
723
1519
3308
8356
6892
1321
4705
1315
5753
289
4432
4670
7296
7568
7362
2504
7412
7700
3643
1861
8489
9341
2514
206
7318
9361
8441
2375
2934
4644
3332
479
7708
1732
599
7606
2349
8337
3644
9448
5053
9025
7432
5922
2673
8872
370
3791
8968
9683
7358
5533
9430
7896
8056
2213
2753
4758
4056
1591
3204
2614
7688
8431
5827
9818
4900
3300
457
5116
9140
3019
8358
9441
9933
3489
2014
5732
4100
7536
3816
1363
6427
2816
7012
380
4034
8582
4165
9531
4621
3714
1771
5499
5161
5536
846
4227
6904
1609
7074
7319
7212
6482
6404
3727
6736
5948
6318
3725
3211
9810
4853
197
3621
3586
4557
7035
1194
2315
9012
6640
36
1405
7804
4370
753
7104
6777
9487
2138
2391
867
6431
6472
1922
9583
1789
5412
1038
6125
8153
2668
872
1034
1063
8174
8933
6545
8058
7870
1388
7074
2422
2228
1327
5658
2983
9465
7883
2446
4895
3033
2973
1948
6451
8391
3135
8811
6593
9769
2761
7203
1797
5195
1809
630
5942
9085
9703
5534
6041
7673
1485
8230
3192
3971
4618
8066
4421
5409
7090
8789
8013
564
9925
1644
4062
6106
6746
516
2168
1834
7555
2509
586
758
5880
1070
7741
8770
3873
6267
3061
8059
9730
5510
5594
3683
3490
7791
8758
5557
5428
2480
6484
6548
2607
3556
3237
3026
112
5843
2217
8707
4374
4794
6592
5467
7632
851
75
3699
7214
4890
7307
7038
1288
2628
2862
7653
6670
5906
5250
1535
8362
5787
1937
4270
6512
7470
8198
1428
3679
7034
7104
1128
9110
162
6899
7506
2518
9485
2781
3722
2090
8446
1066
7849
9069
3370
9372
1470
2418
3970
3884
9081
5487
9589
1010
2262
6818
9172
1147
4114
8281
480
8900
2542
2011
6760
1554
3774
9372
2512
5291
2063
7375
5245
1625
9544
3391
5760
8370
2183
1439
131
2772
6112
5632
1638
1737
8085
6429
5968
67
4208
6
3689
2198
7612
2171
2289
9294
9431
5791
4981
854
7409
1353
4277
9404
441
8906
9991
1572
3463
5864
7975
1996
4102
5977
1764
7466
8261
6265
8842
5145
3267
4505
7192
4601
4464
3211
3251
7241
3755
5357
9538
6738
6824
6384
2689
1894
5094
1867
4706
4165
8338
3199
8047
8803
9521
8458
6861
6861
553
8364
1763
4417
5706
8482
6769
1786
6878
1054
1978
8284
715
9650
6530
3995
3258
4332
3906
8190
2482
6616
2445
886
9172
4027
8755
4882
4118
8127
1982
488
5648
7623
1978
4501
2145
3894
8499
716
6813
3282
9748
5816
923
5128
1797
2708
3402
4639
8384
5001
6122
8694
922
873
9685
5721
5957
5613
3665
5493
6476
3696
2037
1665
9054
1668
2138
3177
9178
3867
9231
6393
4288
447
5719
1467
2208
1621
4312
3667
9323
9063
1914
8969
5287
5310
6930
5029
8951
8629
8764
7607
1411
4206
9031
5850
171
3543
8843
3953
3514
3208
3494
3173
7968
8764
8309
3629
1193
4623
1258
1548
3346
6176
9849
5694
6564
7894
4136
8083
7477
8687
2354
9578
4291
8640
4425
7500
7621
8037
3192
8197
7671
1955
2136
8304
3036
3923
8723
8029
5759
5671
8999
7028
9865
5277
6775
357
7863
4768
3906
2982
5537
211
1607
4846
3315
1400
8478
1797
2139
4718
4150
32
8158
5581
3516
8234
6505
8877
9714
9514
7189
4444
2324
1597
3176
349
3580
8016
3146
5393
3575
8778
9566
5675
1199
1813
703
8892
1714
7064
906
725
9825
1699
5104
6032
4115
9446
8740
762
1679
2166
2354
7237
6214
1547
3460
9244
8637
804
658
138
6394
3717
1042
331
879
8925
7263
9041
9805
8390
8458
8792
5329
1957
1856
1645
5456
6097
7808
448
494
9045
9447
6991
8069
2777
4267
6516
8416
9482
210
1988
5323
1693
467
6978
2883
7862
8335
9066
7205
763
7135
3114
641
464
9098
6716
1507
3047
5733
3457
5491
1296
6972
2306
6267
488
6599
5925
5025
7645
6765
4241
4223
7496
1617
8859
5754
9114
3878
1366
215
259
2781
3445
4061
5466
6893
4504
9870
2533
3338
4230
2999
9061
3040
9113
1686
6032
7244
433
3068
6128
4844
2269
6739
7200
75
8819
2967
531
9560
207
5447
2658
3863
1607
4284
1205
2683
8059
8264
2859
2389
6465
8036
2267
7172
652
2057
189
4938
7690
5796
9409
4538
5632
1805
7615
3858
3498
2879
3435
4959
3636
8824
8894
1576
1059
8427
8250
1791
7146
3676
8607
9804
6899
4840
1340
8658
9263
845
6579
2171
3198
5938
3445
9255
3608
5972
5686
2290
7171
4714
6404
7940
2960
4120
7496
2372
8410
9700
59
7518
7303
7586
5952
9496
8266
2474
2644
1944
2072
86
6826
8193
6743
9830
2479
4522
9770
1255
479
9943
3847
313
1011
4258
2790
8872
7621
5110
3426
769
5303
6631
83
998
2169
1155
3750
3066
3437
9005
7188
812
9350
1937
6355
9003
276
460
6867
3374
8401
2256
4207
2325
3979
4801
2775
7039
7198
9501
8778
1906
3931
4367
6687
8095
8334
2166
4702
9193
6042
6071
36
7259
201
2409
2794
4184
2808
1408
9386
4868
4505
8337
1478
5170
5271
1203
2443
8053
8933
5059
6358
6838
3254
5676
2270
6837
7403
2057
2518
8489
8307
5669
4239
8277
5927
9698
3299
6091
560
3058
6215
7523
9646
8842
131
4894
1142
3571
3978
8608
471
2662
254
3751
9865
227
8647
1505
963
212
6854
3668
2623
1147
9651
421
5581
7776
691
6231
1008
7724
7509
4941
1852
2721
8435
9946
9125
217
48
4471
2406
4885
7029
2754
1202
4250
9086
9218
199
1703
2750
9233
6007
8812
2383
584
9138
7588
8693
7092
9719
3787
6690
2137
7594
2648
7520
4266
7137
7741
2566
3438
6933
9020
4578
3417
5640
5441
3835
2798
1087
8672
6361
6129
7458
8929
4030
8670
5260
284
9620
8872
7911
347
2375
7797
905
4179
2666
1900
9971
7099
3326
6698
8148
5064
9654
1810
2471
1210
5837
2604
807
328
2136
5980
8591
6473
7094
1590
180
1606
2856
8807
7731
6273
4775
4274
8243
9964
4158
8841
5581
1316
2370
6312
1808
3634
8415
1657
5304
5433
6612
3413
190
2605
6405
2004
7863
8861
4402
5923
325
7231
8852
1095
9225
8316
1733
5369
815
8342
6779
1640
8917
6351
5273
1614
5487
3933
1130
9986
5667
1469
6
3878
9754
9219
1181
5311
9982
8369
2265
3329
3532
2906
2160
1294
9222
6424
8030
1443
8382
3957
4216
6717
4031
6992
4328
4973
3412
9483
6210
359
4870
66
6799
3603
612
286
7493
1218
9980
9400
1851
8044
3785
2182
9113
8066
3087
4971
5788
3419
9564
5632
1617
5404
2476
2352
2009
1353
2733
4994
8189
4624
968
5633
6820
7726
4220
3167
599
8452
9258
9097
3533
4726
6925
1993
3185
7124
2556
4265
91
9337
4201
1474
1945
3518
966
5700
4529
1242
5540
5580
704
5601
1434
6127
9295
292
5607
1765
51
9343
348
2181
1275
6878
9132
7378
5165
3046
6863
7622
8512
9201
4126
176
7712
2270
5478
8030
4056
7193
29
1876
1767
2753
5795
6634
8586
4266
8411
3104
4738
482
1874
684
7176
8508
5478
6638
4718
2170
7819
5900
8408
3755
5835
1701
2046
8419
4511
3702
7905
7683
5417
6046
3949
7726
9182
7612
4161
2616
5283
984
2993
1666
5233
5868
8789
4607
8221
1648
8155
1083
3083
3196
8357
794
4325
1419
4485
2780
2341
704
6977
5341
1343
6102
55
9079
5857
6495
1282
6130
1137
4190
3830
8085
5193
7364
2412
3406
5263
1145
4209
3672
6068
8075
8256
1520
2001
4358
2755
1180
3123
3008
8466
7472
2200
2792
8244
4007
3677
9499
5570
9675
1506
4899
6600
8012
1707
5298
5786
7286
855
544
3534
7375
7184
543
8041
2587
1565
1325
7212
8217
8533
8521
3043
867
1686
8881
7639
1677
2960
7331
4292
3155
1905
4826
9023
753
9699
226
6309
3776
4206
6237
1637
1044
4755
6200
6895
519
4953
6067
1725
7894
9166
5970
4059
1241
4291
7038
9775
8282
2031
6113
2054
3601
1714
5518
1491
4842
9504
5987
572
80
9253
4142
3060
6975
8664
7177
1005
241
1299
6046
8219
5249
2559
9324
1677
3216
313
5661
3699
9801
2490
2076
4926
5148
4089
6283
986
5030
1017
7224
6123
8275
7679
2842
7283
2093
1827
1276
4332
3999
1985
215
4860
4059
6586
5307
3663
2970
432
9782
8558
735
4841
4028
2406
860
5224
5310
8779
9004
5337
7570
2254
2826
244
1873
2973
5341
3770
4342
301
8992
8816
7016
1756
8261
6600
9157
9439
4665
1899
3601
3178
7291
703
2744
6666
2032
3007
7644
609
5853
118
574
2424
1451
6119
9695
1447
1816
7059
1552
6137
732
6248
3523
2543
1538
714
1204
6114
7397
7911
6005
9082
8371
7005
6793
7263
775
4005
6392
128
775
4820
6299
7019
1070
6471
5610
6421
1055
306
5642
6178
5424
2544
7668
3174
6215
9502
7854
2522
8663
4929
8499
7673
7905
8239
5305
8333
442
7226
4405
3197
5331
6962
7763
6835
9439
8410
1124
2545
3483
608
8563
8397
1567
908
4610
8078
7997
1491
3575
7725
5830
2466
2868
8340
7863
8430
9892
6392
6275
3916
9928
7844
7571
7164
9847
8659
3297
8264
374
8677
6920
1537
4883
6089
982
3618
7559
795
1609
4583
8212
8906
8986
1051
4750
7374
4390
7531
2611
5145
3033
2282
6257
1000
2913
1501
4719
9775
142
948
157
202
3479
320
2628
6325
5600
8251
5696
7301
9671
9855
4235
1183
5122
1766
1167
3094
4326
7721
7662
616
2365
4957
1631
8490
114
2922
8495
399
5423
4331
7675
3746
9604
9929
3378
728
1804
470
1941
2732
5356
9779
4051
1377
1178
8477
3322
6674
7840
7268
392
949
1234
290
6925
9851
7535
6067
3006
6587
9945
5813
660
958
343
3340
8327
4760
1186
2580
1754
3670
6099
370
5859
3725
457
7986
8567
39
8220
4496
6891
8334
9091
8303
6469
9115
1013
8456
4022
5933
6133
5563
3871
1782
50
5684
5177
6129
7247
4109
3480
2086
6629
226
6886
771
3785
7319
5376
8588
6801
4840
3153
4898
5467
3339
859
6788
9764
2069
984
6231
3895
1564
215
1421
9530
4608
719
6052
1506
2435
8320
9655
5607
7022
6388
7148
2804
8801
8460
4909
309
2017
6448
1856
7579
5698
5735
7203
4510
9368
3458
9661
9893
153
5040
1063
1207
6450
5501
7350
9830
7233
7592
3507
2756
3816
5689
3031
1733
9002
4042
1709
8152
222
5936
4687
3205
9080
1796
8863
8382
743
6942
1832
1044
3900
1694
5601
5683
4670
3492
281
5491
932
4398
9672
9221
6629
1795
1193
5907
7692
7078
431
2133
5587
1903
6025
248
3210
8966
560
8317
6044
8174
3610
8288
5400
5268
4173
9286
6947
8236
8356
7095
5065
5379
7546
3449
2424
8705
1952
1979
2872
9398
4184
6635
1452
8067
1155
4594
3429
8918
4972
8655
4577
2034
2305
2166
5487
1177
9458
3980
8406
5855
4234
382
2089
9449
6734
2095
7862
5748
7826
941
3830
4503
1103
4148
5472
8165
1106
1323
3907
9679
5515
8410
9342
4885
7354
9997
8590
5434
5180
1287
8010
6812
1958
7885
2774
7251
5118
9107
5265
8076
2207
1981
5496
3604
9936
2907
244
6480
5035
9071
2141
6885
9482
2298
4153
2740
7551
3824
944
7497
577
7985
2991
3779
861
8857
1599
3717
3822
8107
8268
5239
2377
2270
4726
325
4568
9071
3156
8905
6642
6160
8855
4725
8126
5859
9667
1543
9946
7944
901
3996
1919
2383
8094
1166
5535
8503
7336
8591
498
2145
4649
2286
2391
5995
2333
3106
7400
9368
4641
710
1490
5880
3098
8272
9018
2465
5869
2770
1469
6871
277
8813
6991
1752
4652
7627
7602
8771
8418
6577
3650
1178
9956
9480
539
9487
2825
9367
5499
1456
8544
7095
1762
8724
5304
4614
1813
4529
3290
2255
4456
2076
5002
7388
6897
3907
65
9149
7269
5537
3985
805
1202
6719
1666
8227
4087
7973
3993
193
7858
6386
3497
3418
2836
4548
5308
2651
9229
8544
3734
5110
1816
4703
428
2430
7845
2200
6352
5436
1560
6742
7827
1638
5641
2112
5752
6132
7396
3111
8277
2550
5079
9153
4325
7087
6066
1447
1459
4335
4996
1283
2872
2094
7152
8027
7526
2758
8600
3795
3172
8342
6368
6344
7254
7789
4086
4642
8768
1172
2930
4186
8422
9931
8119
1896
3709
3277
933
4160
6327
3963
6549
2585
3650
2234
6705
8763
7853
1370
4909
7336
389
7458
1221
9975
7924
5455
3428
8363
7697
1379
9308
6053
4432
3351
2978
7238
5100
7234
9157
4390
3087
5645
9036
3864
106
6138
2311
6971
2338
5856
7875
676
7488
7723
275
5015
171
7394
256
6394
9586
8260
6278
1688
9614
9670
4336
2948
2013
3820
1301
795
4368
2058
4627
5035
9306
9235
9986
7773
9935
3549
5031
1548
4278
9440
7719
5105
6055
1979
5662
2583
9627
3609
9281
4481
1079
9710
8257
1773
9469
5942
8314
3436
3137
4412
5938
2905
1339
5977
1773
1328
4373
6979
9439
451
8663
2452
1140
301
9115
353
3427
709
3954
6607
1624
958
4395
272
6188
873
7556
7300
8796
6743
4279
6372
7751
286
3195
7056
1575
4217
8055
9200
2638
4984
4737
876
8567
6359
6408
3528
4371
6495
4418
5563
5147
3361
9567
5202
9873
7045
2780
7762
1355
9960
7033
7590
3905
9241
32
9758
7381
9319
5296
7050
5737
2509
9195
5440
6224
2198
3643
9147
700
7709
5553
9373
1757
7018
7908
3018
821
8079
6662
9773
5499
3185
2836
2489
6782
6506
3235
5898
3847
4890
955
2223
5722
9287
8230
4632
4071
8194
764
5237
6593
2777
3887
2244
7584
5566
6876
6363
6233
1051
2401
6113
1795
9413
5705
841
5195
8297
470
9565
6949
8419
7935
1061
18
6215
2480
7182
4719
304
9801
1804
6031
482
508
9299
9095
605
729
1966
2074
1439
8429
4937
8577
9423
5237
2152
4191
6210
1394
1269
5833
9567
882
7391
5213
671
8291
9469
7417
6045
5527
1111
1627
9473
8310
3845
2448
2600
6709
2218
19
4028
1325
1050
4145
975
7015
462
4964
1638
7110
3486
1669
8331
5433
9974
9442
4332
6798
5365
3221
8899
7573
2821
5831
2304
7389
1137
6322
7877
6434
7722
5307
7695
7139
8408
1902
5512
3579
1374
7724
1310
2473
5515
4312
8874
2987
2295
5979
198
1803
3515
2042
3808
8511
4671
166
6658
2697
9632
1529
2341
8644
316
3239
4364
3026
7753
1189
5505
9460
832
2382
3186
7846
479
2767
1894
7817
4441
830
250
9764
8332
3941
8507
5428
5775
3663
7388
6090
9148
2677
4009
5376
3571
5459
5317
1664
6977
3604
2875
1694
3337
1845
8527
3200
7399
7967
5921
5721
4789
2752
2224
104
4567
2333
4894
3573
8919
6453
2584
8877
5613
7257
3740
4604
7198
1473
6866
9147
1726
4657
928
7494
8847
8814
9729
9084
5227
2011
343
361
4766
3690
6011
9418
7697
5618
7352
2018
3991
1739
8433
4444
3736
3075
8225
4463
6978
4486
3042
4821
861
8776
1573
2871
4160
333
211
4449
1286
3435
3425
6626
5117
672
4595
6202
2888
995
7147
5453
1188
4753
6768
4458
2235
9595
4800
7399
6574
4157
5865
6180
8681
1512
5143
4166
4569
9276
1226
3437
8301
82
8229
3668
386
3513
632
1963
2807
3341
4727
6473
7270
5641
6813
3867
6056
1143
7257
9975
7845
1057
5303
3988
1304
2752
4088
2727
7590
8908
9687
3860
797
6769
6077
1031
8178
190
408
9255
7324
2622
2163
358
4870
6843
4277
4528
8360
8173
6498
9668
6143
5445
3169
8788
5251
9471
4991
8142
7605
1245
4894
7792
5619
1714
8792
6815
9948
2455
7109
3189
6483
6336
1020
3062
1055
2795
888
501
867
4148
1302
4821
1448
343
817
9777
302
3919
140
2330
22
6824
7578
9446
635
3288
1737
2752
7255
2926
2696
1141
7793
9649
1326
6834
3865
3134
5953
1612
8902
213
5824
166
3952
9287
1241
2922
760
2449
5268
1846
1562
8828
2103
7846
9385
9217
653
6806
2793
7565
3234
2391
8149
6388
7971
9645
9176
3625
2198
9790
4930
108
2895
6307
9635
900
3357
2202
4797
9094
8310
8780
578
3371
7601
2134
1580
8731
6309
2089
4772
2887
1682
87
1270
5034
9932
6124
2174
1719
6160
3512
7723
952
4753
85
5124
8776
6126
9843
35
1866
6298
868
9518
9871
3080
4600
8371
7901
5326
1164
1634
8631
2505
5569
2243
3283
4980
7780
4154
4751
2193
8477
4608
983
7617
2134
9030
5912
5378
1633
7987
6104
9396
4262
1425
4019
7668
4503
3064
6601
5747
5112
1156
5377
7324
5732
9890
4093
2389
1494
3877
1006
554
6747
7494
2613
177
6858
779
4508
7039
2700
7323
2917
983
8073
875
8518
5573
8560
2754
7951
3047
9060
1481
2588
7044
5689
8638
9994
5956
2582
5096
6989
2591
2070
9404
9003
3672
9174
8579
1641
6603
1607
3245
2250
6377
9660
4556
9772
357
1831
6842
3381
5535
6180
6376
5512
9429
782
2980
4070
8441
526
1372
8768
5315
8028
9146
8984
8208
4637
3756
6074
662
9042
2751
7342
815
9786
8159
8793
6794
454
9253
4768
8245
8859
5965
5383
9718
9794
9825
2968
2373
5316
9631
3431
2063
1703
806
9260
3844
3475
3015
6486
1348
389
8719
4405
4606
7160
7691
228
4852
3054
2062
7954
9027
5551
7411
4978
5438
7357
8103
5024
6057
450
3187
8080
4113
6357
3784
6645
7140
4287
4450
2691
2288
9718
2422
7949
8441
9456
3964
8225
3217
642
9989
4521
5710
5687
3712
2882
6884
5713
6772
695
6626
601
7836
8586
9413
4756
9259
9168
6902
9053
9541
449
1001
3821
4857
9761
3401
6724
5581
3743
3010
8546
498
5824
1234
9198
1077
6848
2533
3786
9922
4792
1840
5652
3591
5550
384
6041
7066
2049
4806
2762
124
225
2237
4575
4051
6784
7794
1838
520
6906
1789
9637
8732
5603
5231
5770
7758
2881
2675
9601
4378
3676
7715
874
4019
5265
4698
6589
942
1076
1240
3037
2572
9228
9268
3086
4775
538
205
705
2998
1795
3347
7488
3319
9159
144
1674
939
6605
8933
773
4568
8918
2692
3084
2082
5617
1630
502
983
4488
8599
7431
8978
7852
3249
