4764
1
8964
4681
1799
76
5691
7317
7092
9969
1540
9858
1978
2168
351
2386
2933
9355
8456
3817
6222
5156
8060
5717
3961
5094
7153
9564
731
6559
1983
8019
7867
8887
5109
3896
4912
3930
5737
2229
1781
7927
2006
2833
2563
8300
1876
5821
7947
9531
6960
6306
3263
7309
4327
4225
5953
6685
6499
4712
4369
4030
5345
3841
7878
2804
3563
498
1364
4202
2938
7826
4463
6015
1884
9960
1243
5200
8998
7844
6926
4379
6235
642
619
9706
9361
4851
207
5481
2744
7169
7135
5618
5340
3014
2601
4917
5763
6798
4616
9259
4879
4326
4170
4217
4365
4508
9551
9981
6509
7115
608
4215
7554
169
5720
2781
617
1394
3276
1320
8399
4842
1556
8951
9455
1831
2132
8212
7938
675
2997
4930
6549
6610
3747
6164
4414
9592
1399
445
8623
8966
2184
3915
5137
6215
2089
7275
566
36
1029
8234
9901
3549
1434
7128
6143
106
7727
9383
1997
1068
97
3724
9474
3515
6122
6926
1833
6428
2213
244
8841
5609
3989
8029
4348
8123
6791
9315
6109
5140
3733
6823
2041
1607
9398
8850
7666
573
9768
3963
9706
2244
7108
2057
6414
4880
7276
6987
7936
2534
6269
6328
3980
5265
4816
4433
498
9633
6755
6181
6004
8554
8571
67
1705
4902
9022
8570
2980
7523
2338
6160
4561
8281
9396
3147
1844
1544
4613
8090
8012
2338
5699
4382
2689
5904
7619
6543
8852
9647
6306
9121
1245
7131
7610
7298
2555
6260
3669
6784
1976
8635
7652
5183
2402
9367
196
6610
3331
3742
8426
5753
2155
8728
5425
2290
5810
7259
6319
5290
6566
2409
4277
4860
7488
6459
3642
1600
7914
1964
6802
4227
7963
2238
2937
4002
8412
3218
2538
1093
475
5951
8391
5568
3039
3317
2841
2038
2414
6767
5150
8781
7617
3709
900
2734
4909
3246
3547
8131
5544
9669
7942
5482
800
9837
1326
5642
747
8026
1818
6145
127
9070
6405
5659
2245
5313
3872
9095
9654
4410
1427
9743
5544
6858
1616
6572
8096
8857
5766
8463
5819
3984
6101
4686
4205
1393
498
2152
5958
5410
7813
8852
2207
750
1310
1496
421
6869
5058
5968
198
54
4204
4836
8517
2243
1803
7823
4211
6719
5932
4255
5687
2881
3306
734
8354
158
2814
214
6431
8821
5670
4471
6257
4245
6298
4027
9870
6508
8128
8981
1159
7342
971
6855
6166
555
1290
5824
39
5067
5734
4171
1014
528
4176
1063
3159
2339
541
7010
1677
891
367
2751
6371
7760
2963
1160
4165
9605
1374
6918
1801
9669
1270
4164
3553
5867
3428
7180
6817
9016
747
3438
2303
2775
434
6959
500
8352
6440
7499
5
8987
7488
3491
2633
6200
3267
5762
2647
4096
4395
8538
6165
4039
9638
3443
7472
1992
3566
7928
8575
9140
2125
7711
1412
8299
4075
8848
603
6969
8695
8238
5747
924
6495
5852
7214
7118
5196
7375
2354
1521
9905
9837
3289
1316
7774
8056
5813
8462
9145
9532
3327
9284
2285
974
3757
7552
6294
8718
5561
6741
2853
3544
3987
1520
1546
1844
6154
2489
9278
1861
9359
933
4408
7373
746
8575
4057
1271
8746
3652
918
3615
2546
7670
8088
4860
367
7897
6915
1876
4520
8176
882
1224
2479
6006
3255
9931
8856
6516
6439
4819
7864
6207
6305
6523
5854
9610
4520
8133
8000
2186
8645
6146
9275
6773
6812
4403
7355
557
2301
6870
5352
8632
3155
8915
3799
3680
1593
5714
5449
3137
5501
2924
8348
4166
1392
6298
2583
4777
4432
4316
4054
8510
338
7103
7877
453
3374
2837
1153
2952
9950
5383
6660
3540
6339
1081
8220
3255
2669
5604
4386
2841
744
4084
4612
8062
7146
5169
8245
6474
3888
3420
5939
6113
8041
5587
1134
2790
5040
4432
5116
9540
9406
7562
4687
7815
7903
3479
1017
1791
7144
5996
3889
2700
8387
3601
9548
3995
5296
3959
9394
6543
1654
51
677
6433
7808
3366
9620
566
7285
4084
5163
7339
6864
2793
2029
9690
5096
6147
6780
4235
1486
5535
8517
4330
1853
6938
9933
9491
5570
1427
6857
5861
9011
8800
5252
5816
6943
7081
7356
5540
9390
5481
5794
3932
6065
2707
3963
4165
6581
3321
2986
2460
3465
1740
859
9434
9317
7533
2768
8411
3818
7618
6988
6421
5822
4585
437
9923
8688
3980
6753
6350
2358
2615
5090
2805
3788
801
2052
3871
2474
8191
7146
9416
510
2785
2578
2665
3324
1711
2387
983
9870
8032
1866
5380
2734
4116
7112
8411
5747
8289
6141
1003
5413
1263
7680
7000
482
3568
3813
8078
2245
5230
2063
5716
5079
5816
9428
6782
7775
5157
9821
4456
4116
2934
7188
2325
2688
9213
8769
4719
3757
6777
2154
3580
6065
3071
1621
4374
4136
8599
8910
1934
2601
6115
1503
5358
4451
7484
3149
5639
9845
3553
7635
4687
3562
1061
2942
9699
3315
2250
9303
6076
4409
842
2880
4237
5189
2376
3707
1698
1120
6863
4005
336
5264
393
1365
4143
7757
3495
8651
2420
8095
2423
1756
9115
837
5666
748
49
43
9030
2084
4783
4481
9780
248
7593
166
6454
8032
9241
1100
3463
3728
6895
1807
4814
5514
2954
7734
171
9489
9776
140
5758
2922
8227
8876
9642
2427
6615
6172
8520
9750
4536
3847
7668
4496
4511
9628
736
9726
8997
8154
8910
602
8317
8097
651
284
2239
662
9741
955
4181
9867
7327
6379
6903
9221
563
9525
3199
8886
2741
5767
5943
2876
9302
9527
2063
969
4289
9586
1421
98
9779
357
2109
8203
6833
6459
5495
6688
7250
3998
7226
1919
4773
9684
6928
5052
7128
6649
2809
7630
7959
1570
9744
5583
5458
2824
9076
6744
6543
6815
3139
5328
7287
5508
9868
7173
7353
8909
7682
7619
5581
5917
9859
5437
910
8288
3250
101
3702
7012
3449
5749
8243
8612
2827
4083
1020
4877
7593
3973
4875
2729
2549
9259
6929
6920
9737
4764
8384
9639
3606
900
8881
2898
9647
7683
4791
4067
9870
6836
8704
5412
2677
280
8569
2875
2766
885
6859
7690
5153
8471
5901
8612
7781
7803
5309
3122
4279
1355
7930
7283
5168
1367
1540
1839
6372
1864
6659
328
9708
7220
8917
6666
868
3789
5060
6670
9590
487
5585
9840
3245
8304
9010
933
1278
2900
1314
5319
3191
8502
4654
1025
4845
6533
5535
5762
821
4721
8090
8239
3268
8603
8461
5912
8345
2656
5682
2149
9326
9237
9276
4033
8013
1317
4504
7644
4958
9901
5247
9243
8857
5435
749
8836
2866
653
3232
334
3128
8056
9233
8742
9342
7696
7729
5604
1177
134
7411
4040
5628
5322
5808
1193
6324
4064
9612
7078
3093
7774
2921
9113
6287
2577
8970
8447
9173
9888
9169
4075
830
3122
4363
5208
1016
7924
2224
3058
8175
8885
7770
8024
6465
3086
8106
9151
892
152
9472
9030
7144
9751
1575
8785
7977
9204
966
8298
9755
3388
2575
7099
2932
3921
708
3484
7412
1549
4462
3860
8993
8635
6773
2384
8060
6745
3338
1155
8505
9676
211
5615
5102
2052
1640
4999
357
8222
8001
9877
5781
1653
5137
7111
5394
9790
4365
8204
4795
2939
2561
8154
2821
1677
1318
3924
3867
9145
691
4965
2597
8196
6600
3377
4715
5716
7796
5789
6668
4094
3237
3146
8074
4185
5007
8185
1473
8988
9675
8573
9410
148
2082
8064
3280
4136
8395
9264
5398
531
1301
3693
7126
2479
5331
8207
213
7524
4823
9569
8424
4177
8110
3503
6045
7127
3632
3394
2152
7748
4399
4597
6814
2065
2150
2551
7297
7726
2378
4465
8102
8309
9722
5351
4104
8942
4647
1429
4254
673
1898
9518
3258
6786
4558
8117
7536
3320
9552
6329
363
1065
1434
8661
3377
8907
4340
9182
5296
8260
6094
1702
2486
6172
8643
4464
1173
8595
5888
6032
6797
329
7729
1441
767
117
2130
8746
7253
6959
6104
8583
8071
9608
4068
7356
2520
7930
8067
4256
1279
2859
6957
6768
1249
6392
4235
8163
6245
8705
7228
449
592
9915
822
7146
9411
2615
5168
8773
7487
9538
1422
9385
2104
2016
1373
26
9640
8803
5055
7995
2558
1304
6770
7755
431
5851
9149
237
3071
2285
9720
212
198
2630
9732
5699
2421
4643
1905
1126
7995
5784
5085
9492
9070
8290
8806
6805
6087
4813
4584
5432
8184
6727
5481
1025
1319
4662
9051
7774
6411
3688
298
4624
49
3040
7243
8011
4704
2488
2887
5682
9974
6556
6959
4851
6835
7539
2905
4553
2556
1074
1043
4417
4220
9673
2778
1356
1564
5337
5313
5800
7338
1859
9881
4676
9314
5818
1025
7171
9718
946
6103
4515
6919
7338
7806
3433
7611
636
1404
7447
6667
6161
5388
9867
9363
9443
5756
2067
5429
23
4858
415
9256
4797
8915
621
4634
6674
8164
5202
4605
8442
5298
4236
1650
25
2624
6170
2749
4730
8172
3328
9860
8182
1739
6566
2800
1231
6257
2456
6919
2827
9332
9920
8097
1672
9521
1056
8905
5499
8988
3721
348
7643
8926
7796
8581
3458
6904
4429
1069
3380
5972
1351
3686
8371
637
6955
6272
4070
1539
3509
9619
5889
3859
4697
832
7787
9454
1538
6878
6278
7510
8689
4730
1147
2386
5679
577
4132
9084
8786
2625
3583
6881
3049
8224
1878
73
382
8149
8578
3665
3588
5506
4966
2332
2624
4210
293
8239
9351
4229
8690
6095
7170
4559
2637
880
8245
8949
1798
9130
1607
9197
6795
2692
6712
8925
6532
1225
7681
2915
1435
8039
3776
653
8211
8353
164
8867
7010
1566
9942
9691
9363
367
3411
7956
5319
9458
7963
9651
8123
691
1604
7620
7097
8933
7201
1121
5721
7694
6161
4502
13
2394
6102
8142
5215
1649
9941
8666
585
7556
2218
7352
315
4311
453
2611
9892
7830
605
5765
358
6014
3184
1454
9695
7480
8640
1919
5401
228
4935
5936
9080
9993
6833
8617
3457
4116
4754
8346
1020
4496
9440
2237
7849
3733
1725
8659
2882
5168
5995
9208
5237
927
2775
1989
683
2116
3433
7757
7052
7973
1535
2808
1587
5341
1016
9209
151
6940
222
603
5905
5851
416
7135
2238
334
8246
8161
9046
8128
7358
4749
281
4235
2456
4412
6079
9379
3864
9470
5457
4330
5099
9016
4212
8537
9908
3217
4019
4111
3039
2229
3234
953
6045
4679
3610
4342
8341
8480
9736
8533
2311
5268
1839
6798
5288
6121
5500
2304
2590
3297
8281
2309
6472
8644
3497
324
3232
9240
8827
9176
3782
4346
1925
8157
1379
6946
9369
6994
5242
2309
3748
1664
2180
144
418
4599
2721
6408
9504
7524
8184
4506
957
6398
2082
1812
4291
8777
3930
6998
3358
3280
2569
3620
2256
2378
646
7506
244
1833
8868
8846
1313
9642
6892
4788
8885
7438
8758
5365
5205
4926
9620
4740
9342
5672
1685
9017
8859
6710
6454
6192
2124
9792
9232
199
3902
497
116
1855
3271
2493
1099
3214
6430
1570
4251
4961
4445
3754
1496
5063
1568
2113
4011
8634
6963
5010
422
4250
2859
5420
3583
4105
9934
2736
1324
3925
2662
5853
4299
5953
3006
6613
7265
5112
6073
6103
5767
4628
8533
4670
434
4265
5417
6084
8392
9717
7313
133
873
2818
6426
3807
1030
4688
180
7878
4555
8168
5918
1761
1123
7339
8303
5174
3268
5409
1794
6202
7205
206
744
723
6450
584
4113
3425
9102
512
3250
5012
5738
2208
2996
1593
2158
2655
1107
7612
2005
3691
8995
5974
8814
6379
8276
1213
3011
5639
2091
1605
3179
8735
8173
6792
7868
4456
965
1360
7357
7792
2044
4472
3464
6469
4815
9570
7751
5017
1545
4466
318
5434
3369
8577
5267
5181
522
3923
1072
5889
3678
6130
6598
5546
4486
9974
6211
4409
6669
9697
8171
4407
6847
6887
9059
2136
8723
8915
7456
6089
806
5062
8929
3897
2431
1213
3915
175
7368
7404
2752
9122
3844
2213
6790
2534
3796
172
8287
5071
1338
3675
7073
5513
4223
4522
1774
7859
3542
2687
8782
5583
7967
8240
2099
3166
6724
8206
9497
9747
8636
2643
2832
2302
2334
124
2689
4624
5759
3583
2949
1064
501
6905
1524
2635
89
7117
4513
144
6181
1882
8561
744
4368
4754
13
7185
3282
8748
2485
4908
4869
8073
2693
5996
3076
5289
7321
4569
2103
6766
9242
5256
8929
7409
1538
5851
6484
830
1244
4371
7134
2698
8005
5287
2611
4248
9085
6609
6715
9104
8556
5160
6905
6971
6718
5805
7662
6697
3228
9088
8812
6543
7850
9805
3877
5316
6842
5661
1756
5308
5803
4648
4704
584
2754
5599
7328
6723
872
5411
7631
8720
9656
4108
7599
7418
1627
7769
4749
9075
968
4570
9836
5196
6595
0
7965
5466
5561
1267
5731
1496
1178
6927
8759
2024
5624
3508
3791
4489
8135
8869
5163
5902
7459
5153
3248
4875
2243
909
7250
4917
4108
5642
3722
2770
5310
2779
4108
2307
8625
2857
5087
4798
1318
6708
1938
7198
6300
3103
8856
2887
3052
6126
8633
5778
3280
6141
6892
8283
3086
4536
8199
9870
7490
3232
690
9378
713
178
623
5353
2092
4217
2055
7410
6461
7226
4708
1705
643
8626
7944
8842
8322
6498
4174
4714
201
1110
3594
4121
6820
7866
2137
1171
6609
800
8349
4454
7325
2478
7332
5291
3115
5041
5119
90
1268
8095
6671
1972
7336
8151
3513
9412
8761
6731
5462
1989
867
5687
1494
4233
444
6738
448
4477
7152
2187
3676
4575
9874
8488
491
8523
8039
3306
5880
4965
9305
3319
6907
8083
5179
8208
4579
4860
5985
5455
1835
5373
7956
6024
1399
8690
4753
3922
1619
6564
7631
1407
2988
3122
7612
7708
9970
9584
3357
7706
6019
5478
4210
9948
6343
9330
7261
9436
6088
6580
2319
9709
5660
5605
3873
1069
6442
2309
6723
491
3074
924
8306
6108
7755
8663
7516
446
7778
6342
94
1963
1583
4430
1947
8232
3443
5949
1245
2503
6334
5695
601
4908
780
7359
3234
7299
6059
7331
308
2218
4414
1658
9825
2862
7913
5142
8643
5602
9570
9032
22
5998
4737
9318
6848
5839
2206
8774
901
2294
2013
3636
9766
1170
1049
6560
6783
4876
2311
5951
6841
9999
9863
9230
8420
3667
9168
5056
656
8217
9128
9049
454
2243
5486
7499
1010
5993
5475
6984
9853
7074
8408
2741
5899
5311
669
687
4811
9647
4302
471
3847
327
4490
7308
3530
6396
1914
6210
864
5477
4577
667
9239
7153
9580
7077
2662
9790
218
2464
8918
9993
6879
7119
551
7517
6550
8699
3664
9036
7033
3667
5564
3266
1506
4796
1422
8070
2330
6610
2629
3378
432
3599
4408
7640
1833
9784
9305
5963
4787
7093
447
3300
7471
6117
4919
4608
5458
3300
5211
2412
9266
544
5469
9973
541
4004
8072
9441
6326
215
880
7369
7638
890
9010
7987
6898
9814
6065
2341
4343
6451
8853
6725
624
7955
2729
1964
5332
2134
9321
4647
9887
7293
6027
7581
9541
8075
6219
8291
1808
5831
4010
5238
5702
7963
6667
6186
5409
6085
7436
1478
5065
3148
8866
4198
9929
1579
5537
6569
180
5490
3254
8125
5086
8322
9748
4910
9606
1934
8273
2594
34
166
51
5952
7899
963
4873
4798
2901
6079
1780
1748
7154
6089
9080
585
7482
1398
7539
9904
676
500
9516
8692
2249
6881
14
9718
6874
1576
1654
6788
229
8584
7914
5128
2761
5414
9515
7927
3178
5915
8577
3373
9996
4850
2
4792
1550
9020
980
3547
166
7228
5027
9538
2988
3365
452
9902
5098
1801
6631
7493
520
6510
4752
1266
7287
229
5859
7217
1562
2001
7854
9822
1957
8941
2210
5420
199
2563
1183
9548
4575
2321
6491
1758
715
3993
4140
5509
9272
4343
5739
4447
3072
2137
5910
9104
4087
3928
2137
8750
9526
8698
76
316
5779
5132
9803
1203
9135
2643
8986
2522
156
9654
6745
5375
2371
5367
7186
5959
7762
3409
410
4322
6429
1608
3360
2203
5868
9867
9036
6487
6702
6546
3298
5125
234
9630
4529
9326
3705
5341
1992
4362
15
5941
1011
6511
2045
6570
8681
2811
4313
1680
6687
5857
4559
3249
5687
7604
1294
3682
7727
852
4711
7373
2372
8829
2731
6617
3048
9605
2528
2973
3130
3299
3371
278
5170
4421
374
8155
8662
3848
9364
381
5266
1434
2178
1215
7180
9805
3803
483
10
4410
7909
3295
5491
6074
8035
9195
7803
3549
9715
3657
8912
4940
2825
7145
4711
2290
7205
7452
6137
8664
6774
3613
8870
946
4054
573
1138
6034
4375
9575
8474
7251
1838
3603
1249
3123
2752
8761
7952
9535
8929
5936
5095
4474
6443
9164
6125
9363
5906
8009
6652
575
4378
1123
8692
9759
4870
1324
9564
9579
3486
6051
5248
8436
3231
7953
6003
2415
7496
8581
184
3894
9814
3691
3165
5749
3232
970
3254
9053
3828
9855
3232
7995
8886
7668
5289
5992
3128
2642
4824
4403
5982
2735
6656
5972
3071
6562
1783
4766
3610
3625
674
6236
8346
7339
9740
4909
2823
2844
8983
2423
7454
6209
6065
7950
72
4526
8820
620
2361
3957
5699
4214
5511
8481
1096
9222
6580
917
4227
9955
6788
4831
841
9981
2121
493
1382
2854
7668
4324
2325
2338
4663
5439
1135
1820
4079
9205
7834
1429
7780
4701
9028
5794
621
7135
2574
9008
668
4585
5821
8818
9837
3819
2315
2608
6578
1667
5506
8508
7632
9744
6384
1161
4055
4817
9074
3409
6553
5970
4054
524
3904
1514
3973
3753
3855
1248
6689
9002
1582
6021
1134
1465
888
1109
9268
7783
2640
1383
4013
6814
8732
8284
2318
7856
4125
7614
8258
3354
5758
5699
9793
356
161
124
7154
919
393
3798
2124
4855
281
9914
3582
7025
4216
5195
9582
6880
1684
2978
4540
7690
2250
6165
3871
5120
4220
4569
6648
6601
353
1620
988
4014
6608
8729
4597
3399
1756
8160
6545
9729
4538
1725
1611
7963
5625
3537
4743
5467
1724
1988
3849
4860
8798
4604
9666
7947
1088
1420
4891
6069
4652
2838
4535
8799
8980
2213
294
8379
3330
129
9978
653
5618
2283
5508
4264
5633
7079
4406
5891
4222
448
4964
3830
6338
1497
2072
5442
5434
1309
40
2289
6902
7021
4162
804
9416
1570
6468
4012
4994
2298
5833
9466
3558
1598
7769
6652
9281
1969
4136
2354
5484
7892
272
7709
9014
4196
2070
5175
2168
7895
5203
5548
4349
4414
4377
6823
1894
8000
1906
1997
6867
3749
282
6599
4651
4073
4074
140
3505
8333
7176
8820
2506
1485
5162
8149
4417
4945
642
8089
3705
6663
5895
2860
4612
2471
8212
4781
5538
4996
6428
984
1013
1187
5831
6348
221
1332
2888
8507
120
7863
5880
7498
1531
4361
369
4625
7475
1708
6767
2545
5768
1559
3495
412
8675
768
2027
7259
2820
1147
9055
5888
522
7587
9445
3278
325
7547
3983
8324
3425
8275
5433
9934
3645
3525
9791
9819
7387
5444
7009
2392
3333
4704
3345
9656
6842
6793
2273
9614
1177
4628
9512
1650
8671
4867
2794
8813
7168
2286
7268
6761
8255
5578
830
3161
9097
9434
6507
3939
6689
2250
9272
258
2290
3712
333
5099
7624
4110
4039
8951
2243
724
6312
4999
6758
1222
1026
8708
780
6204
6202
4475
1325
7906
6518
6617
7675
6321
3949
1245
2490
5437
6778
1096
5370
5903
6260
2490
2702
1813
1070
7236
781
2511
6507
2729
8662
7057
8848
3424
224
9019
3100
352
5883
7904
4892
5402
433
9377
5700
6019
7400
7047
4361
3492
8028
9796
9923
583
2037
7903
9435
8287
4605
3555
4708
2241
3250
5787
4639
3022
5773
9704
9810
8349
323
2227
5559
9374
3272
6604
1237
2016
138
3405
5680
4574
4040
6809
6436
9479
779
6927
8012
6799
2534
1090
2071
8210
4509
5675
1554
6014
4647
2419
9262
5191
5404
1047
6904
7937
2199
2947
4997
5256
7096
230
936
2793
4548
9093
7298
5514
3831
8691
2075
4922
5573
8349
3459
2462
4329
7446
5731
701
9881
4054
4353
2758
9016
2942
913
6313
4016
5924
3658
6207
4776
7377
4279
6053
5903
9838
6484
2831
4066
734
3554
1547
5111
1855
8106
1907
7372
8686
9791
2764
8209
9803
6572
9040
3786
5668
4502
544
9303
4802
1886
5332
9388
2550
8298
2582
1276
3472
9077
9632
7587
8754
1032
4347
889
367
8508
6276
2186
7697
7669
499
1018
8267
1503
4034
1316
7870
8975
9055
7042
5812
8901
8518
7741
2940
5334
7387
6773
3451
6947
2932
7765
4666
68
7998
4823
6565
7785
715
807
7123
8098
4151
2921
9043
911
2318
2208
9013
4791
7029
3280
5581
1599
635
6885
2314
9629
8051
7739
8997
6332
2843
2809
9462
2326
2256
2165
1796
7929
2229
5693
3093
2261
8378
3563
7617
2255
1076
2179
8360
192
8160
1294
4868
3406
4824
7468
1461
3454
6822
9441
6365
5906
4686
7115
3822
4417
8117
9314
6616
8771
239
846
3486
263
361
5506
277
7812
9975
2711
9376
2514
3736
2043
9685
2566
6318
235
5353
7121
4191
1869
9832
2025
5829
7586
1380
4661
1112
9749
2340
2918
9590
557
8333
748
810
9526
3945
3925
767
3074
2148
135
2683
2997
9291
966
8089
254
569
8115
15
8511
2007
1004
7825
4493
1883
4321
4281
5138
589
7845
760
4587
7970
8521
3983
2284
4915
5943
5309
5783
7304
3508
2700
8938
4480
5188
3487
1970
5185
4578
1358
2881
5096
842
4390
8369
8367
8543
4650
9450
8780
842
9162
2047
4078
2945
3134
8032
1673
2352
2461
8705
5702
5856
8364
5927
9141
6508
6408
1777
8617
5988
3341
4952
2013
5582
237
300
6863
2812
7812
5436
2047
106
2743
3088
7341
5604
3423
6827
2299
4850
143
7507
444
7843
8512
8324
3184
9933
3296
183
5164
4774
5407
1963
9851
1507
8152
2954
898
214
1679
474
5989
890
5150
7006
3941
8480
6280
6460
9299
7619
5885
7443
3078
5839
5345
8678
6092
1965
6734
4377
8383
3171
2734
1646
8017
7858
7706
1520
4808
9022
2387
9544
8466
3552
6295
2767
6877
6426
5756
9612
9248
7562
4925
3355
487
9592
5409
8159
1136
240
9494
5228
7574
3120
8725
8508
271
4081
2816
4345
1461
4979
5490
6501
5685
2025
9407
5296
6123
4781
2017
3397
3248
3965
8544
385
6515
1829
1573
8818
476
8069
6462
1025
5767
6682
4055
5276
8227
7266
4730
5694
4019
3431
1826
6501
3678
2586
6683
7305
9423
240
796
4452
2287
8965
944
6585
3204
6969
8338
6504
4799
1743
8561
8984
4552
2272
9762
6633
1877
1287
6653
5260
1372
5672
3726
455
3105
3000
9192
3839
7063
4846
9111
7836
1400
3415
932
2618
4286
3300
1341
625
5522
1459
3871
679
1993
179
1688
1726
3476
8483
4041
9888
4439
6958
4721
4146
8128
7161
2026
4293
3773
9810
3761
5207
8564
9392
3392
3098
6030
7714
9739
8971
9097
6664
2962
6065
5742
9997
3845
6067
1374
7026
4240
4430
4766
7693
8833
2413
4343
2790
3381
1245
6618
5346
228
296
7755
9071
1331
8922
7546
3733
4115
3006
2948
5244
5799
7555
3827
614
5638
9428
4188
4779
3340
6200
3520
7568
9507
8864
9041
108
4475
3682
2959
9249
7451
4426
4640
9153
3713
9581
8831
1656
2968
8618
3546
479
3739
749
3785
6327
9801
6086
7807
4327
8969
3447
490
7071
4746
4002
6884
9051
5006
8878
9845
9630
5625
8920
7279
6440
4354
8480
1891
6406
3693
9545
6306
9753
7168
8469
7344
4645
2033
4604
3177
2980
2023
6976
3030
5833
1214
9099
7580
2760
1744
682
8121
7089
4147
7122
8587
6073
2084
2776
7483
5291
9614
5340
634
6006
3574
1308
9400
2427
8556
1413
4034
8335
6449
3954
6729
4979
3156
9915
4285
493
1966
938
7183
7055
1948
6299
5743
3627
516
5950
8598
5537
8620
5262
6935
4643
8966
3082
8926
4893
253
738
4175
1802
7440
8062
7093
5583
6642
2640
8380
6638
8793
8546
3293
2544
1873
3187
635
22
5334
6742
4430
5055
2185
7695
5819
6563
2031
4786
5647
4613
1079
6960
7539
2170
1287
7052
9541
6177
4562
7779
1702
4389
4722
9087
7125
1040
1990
7269
7840
1638
4566
2385
5542
4386
8852
7640
5566
9608
249
8975
8689
6507
701
6245
9934
2159
9023
6020
6704
24
6453
3942
6968
4221
1698
8413
57
5944
3150
3872
3845
2741
4912
5351
3721
131
1632
7027
4299
3122
9933
7121
1568
3195
1667
1442
2696
270
1905
6883
6396
708
9738
4267
3265
5626
5536
7337
2818
1948
412
6192
5219
6321
5156
3972
6105
3233
6033
3964
9911
6704
6128
287
265
9520
7776
1055
5661
905
3499
111
3556
7523
8336
3694
9906
7126
5740
534
4695
5696
4361
6847
7531
5847
8311
5412
4310
157
2090
8461
6987
4513
9492
287
3362
5758
4709
9053
5026
711
7246
6741
1259
4476
4296
8384
6880
6504
7036
1895
5657
4724
7562
3324
4594
4131
7409
8903
5240
2910
6878
5913
8359
7551
5958
5687
9867
4876
5817
9465
4994
9145
4636
3972
7986
8914
6145
6779
4045
9388
3741
6973
2795
4666
4620
3992
4337
6060
1685
8333
8169
7092
2676
7173
2790
1029
9894
346
1029
8347
4383
7670
3048
3367
1405
2143
6758
251
438
6712
4229
2114
2827
6552
3847
1648
6257
2555
5150
9876
2034
3855
2827
3705
6770
9323
7197
1156
1113
4033
1368
2342
9060
1033
8588
8877
519
4279
8482
4217
65
8714
1607
3547
6243
1486
9564
6264
8403
3842
6748
6031
3921
6511
1139
7581
8370
3714
7280
128
7868
2675
6695
1468
7326
3595
9055
6012
1471
5
1639
6549
6839
3903
1574
3265
391
5527
9594
6109
423
2263
1386
5752
7853
3886
4743
6123
5197
9469
80
1837
5977
7614
3072
9321
46
2154
6961
3467
3226
1039
6636
3499
840
7241
816
4607
261
67
1635
6621
9841
6333
7946
7019
6753
8084
8606
1609
6866
7255
3382
2763
3167
701
6570
3171
1054
1803
8725
2908
2394
2166
34
1857
3517
6146
5501
8017
6618
1576
3165
8825
6523
5715
3890
8273
8254
933
1
4371
8696
1688
1468
4791
8707
1438
5579
9261
3560
277
2462
5054
2070
9957
6580
1275
1275
5531
5530
4642
3422
7670
5555
8178
3502
1321
1510
4182
2755
3904
417
2807
659
3181
2348
1082
7075
9797
6125
1434
1161
4368
8341
2001
216
2220
9940
8926
400
4416
9670
877
1525
123
9525
913
1693
2049
5476
3980
5050
1278
2900
4312
3025
7750
3385
3994
6649
6956
94
5204
5913
9854
9172
9464
81
5082
1352
1878
7052
5004
3166
1417
8195
8860
1517
4068
8499
4598
6220
8850
2966
1791
4630
794
8395
1858
9611
7218
1466
5883
2051
5258
868
5894
9262
9948
2307
442
4363
5192
7531
6441
8635
2746
5303
9097
6210
4518
6310
9238
182
9187
6542
6709
1879
9940
6293
6829
7925
7260
8039
8784
6798
4131
2261
4445
5465
1203
8483
7326
3469
8333
2364
6043
9729
8111
7756
3545
498
8138
3582
6695
325
289
3624
3171
1692
2182
1955
1576
4673
3993
3292
3783
296
9090
1264
2859
3093
8220
9835
6790
6224
6422
3320
1957
3708
2550
8455
53
1564
2063
8364
9272
7022
8833
5845
9409
4957
4637
6233
6350
8697
567
8551
2071
2821
6036
4834
4426
8783
5056
3963
5739
2475
2732
585
1603
7348
4145
1619
2469
9214
893
4450
6237
4529
7136
8397
2156
2930
8364
7
1408
5437
8484
4853
5915
7052
2188
9697
3065
2626
2115
2342
6
7063
1590
6931
5633
5435
3993
9817
8670
3115
4569
3425
4090
8202
2532
6703
1528
5392
9685
8811
8219
1582
8772
7510
4029
4342
4172
8839
5942
2481
8601
6046
5243
5147
2071
2094
5298
2411
8078
9975
7659
3419
1672
8037
1704
2566
6206
5304
4177
7366
4019
6192
4912
3950
4244
6667
9328
1396
8751
8903
8707
9204
3232
7128
4343
4371
9781
6520
9077
2555
6706
3267
5957
8293
5457
1850
2591
8547
7745
7545
3409
3675
3772
435
2558
7373
1203
2594
1149
9798
3894
1935
6554
8675
2405
6678
8837
21
8382
323
2992
3889
2864
6776
979
8775
3656
877
4622
97
5744
3550
2051
4898
995
3191
350
6483
544
6330
3142
5200
3942
5533
7608
9669
3291
1635
208
5778
1757
4701
1811
9446
6109
8893
3723
7744
6630
4049
8024
7279
3801
4739
1425
1834
3447
5029
4565
7522
9167
9544
1077
8929
6151
2005
9588
132
