3307
1
8671
8647
-6767
-6342
-1719
9376
8953
-6124
5844
-4300
8006
-5758
-1246
3671
-5158
-8772
-1546
3721
-4820
-7059
9302
-6674
3357
4360
4927
-1575
-2017
-8761
2361
-6310
2375
8743
-6074
-2299
-1146
-897
-8181
2428
-1036
-740
-7345
5461
-4610
6350
-6665
-7639
-7260
303
5400
-2239
-4819
-1587
-5562
1659
4517
-8243
5029
8789
8274
5280
3674
-2091
-9475
4706
-6438
580
-7665
-5970
3275
-1384
-9853
-7271
-8100
-9580
-8637
9730
8230
-9419
-8602
-7512
-4499
5756
4621
-9666
-6686
-4466
-8535
3661
-3252
2818
-853
-6341
5444
-7383
1063
-8209
-4964
-1605
-5374
2634
278
-5133
1444
4610
9407
5260
-7810
-5023
-9776
4819
2007
-402
6703
-5391
5709
-3898
-2628
415
8773
-2611
6214
-7007
7855
-2760
5208
-186
-40
8242
9421
2327
8297
1931
636
7176
7085
-3794
-4707
-4790
-6723
501
6377
5581
6893
-7376
8642
4365
2158
-7304
2573
-4411
9166
6096
-7371
6990
-2049
-2319
4573
-1176
6501
5108
2618
-4134
-118
6691
-6172
-8920
3644
402
-7156
6869
-3382
-3789
972
3967
-7296
1473
9556
2267
-427
2992
1431
4053
-5617
7376
-2497
1781
464
7971
6386
-8249
6533
-387
6221
6190
6498
7240
9182
3685
8654
-7302
579
-92
2332
8256
5296
4791
8940
3576
-6427
-2882
6669
-5777
4654
-7617
7620
-8652
-5111
5348
-2754
5866
5290
-1148
4313
6756
1525
8321
-5915
-8421
-8705
5885
-8825
-8757
-7363
1171
2146
-203
1073
-4765
-8774
-4114
-6683
4963
5411
2067
8976
-8107
-7016
-3677
3900
-5147
-6697
-958
-3577
-1328
-1910
-3608
-4173
7965
-2791
-9121
-1426
3575
-283
1879
3429
307
9548
-196
-4683
-8045
2496
-1983
-3076
6806
-5284
8737
8092
9449
3094
6621
-4105
8084
-6491
8216
5917
7936
7577
686
-78
-9342
-8588
-4725
-9538
-643
-8743
7732
52
-1998
-489
9836
8108
9039
1944
-2534
9712
-5010
1129
-746
4331
-7415
9390
-6414
-9890
8952
6705
-2922
-6167
4113
9306
823
46
9674
-7077
-669
2494
-1560
-2296
6414
-3739
-8970
-8163
565
-5391
-3576
-330
-8850
-8718
-8455
8351
-8541
5070
-4939
-8084
9359
3258
5881
3104
1789
-5484
-614
1072
9623
8563
6387
-8330
-3065
900
-4507
-3441
-1960
2337
5935
2879
224
-4886
-5033
5475
-7325
8450
-6998
4288
-4906
714
-9664
-5003
-3221
4459
41
6774
-8838
-4049
-9888
-7439
-8848
-6200
773
-8439
7910
9090
-5356
-5345
-2998
322
6998
5485
-1689
-7681
-8837
3656
-1841
6290
1697
8545
4492
357
2187
423
8785
-756
-816
-3685
8793
-3341
-3912
1482
2597
5626
8744
2230
2474
-3225
-1103
2033
2746
-5458
-6412
-3722
3145
-3913
5958
9724
-5526
9557
7486
2903
-2313
1017
-4291
-9334
-1482
-2092
-6193
8573
-2965
-1086
-2250
6364
-6967
7611
-1343
-845
-2473
-7032
-8124
-9720
8184
3280
-5955
260
-7173
-7814
-3237
1375
-2789
5866
1643
-8961
6334
5526
5363
-2796
5426
2087
203
-8190
7621
-9109
-4655
4390
-9903
-6913
-4364
9013
-8338
1954
8578
-7523
8370
6938
-7093
2985
-2087
4141
-6165
-7289
-744
9202
588
-1796
-5976
7875
-5793
6742
8539
5944
9337
5794
3355
8756
-5321
7158
-9976
7047
9761
-7347
-7898
-9917
4185
4119
-1843
-9352
-4780
6148
-5784
-4241
-8060
-3770
8775
-8057
6841
-7447
-1056
8551
-4335
4061
690
1207
2109
8046
3508
9860
-1109
-113
-9929
7549
1325
3526
600
3774
5745
-6604
-1640
-580
5882
8505
-9099
7979
5447
7923
9261
100
-4453
-8605
6282
2472
-7141
-6355
841
-885
7895
-1203
2238
-7577
-2683
6014
-8064
1692
-1886
7010
9319
-3562
-3961
-9005
532
2619
-1309
-4393
9356
-9517
9451
-5773
-5131
4365
425
-7684
-7131
9070
8990
2846
3162
8381
9104
2654
-231
6430
-6455
-3993
-2727
7295
7149
7099
-5131
-7175
265
4812
-6186
-1551
-348
-3450
340
6495
-2264
-6560
4219
9381
-2615
-7226
2249
-8138
9789
-8679
-5049
3104
-9977
7564
-4240
-1839
-8427
5879
-3839
-4843
-9815
-3281
8480
-208
3010
7831
-4100
6087
-3381
-5254
-5010
8399
-3685
8348
7933
-8743
1783
-6226
5139
-4540
2432
-6452
6828
3443
7002
-9053
-5462
-7223
-5527
-8154
8515
-9554
-5433
72
-4908
-9931
8823
-269
4122
-6982
-2242
278
-1933
-1456
-8389
6595
-9436
1492
583
1340
4346
7352
4605
6923
-3516
-332
-3552
6065
8726
1065
-9049
-8521
7666
3340
-8042
8881
8867
-5997
4754
-8814
-4722
5543
7979
-9952
3972
-4725
8553
-2228
8823
-3609
-974
8913
-1015
3056
2675
9208
-5459
-364
-57
5727
-6913
2026
4485
291
4423
-5410
5898
1390
1818
-7321
9832
6775
3816
-9510
5100
2452
9742
7224
-3164
403
8878
5356
7188
-3912
-6684
746
914
1436
8195
4366
6673
4217
1433
7759
6348
-9209
8679
1333
248
-5045
508
1676
5266
3071
-9185
-8880
-8679
4142
-7207
6640
-3224
-3199
-5731
528
-8015
4840
-7137
-7427
3262
1168
2648
3368
-3374
7783
1112
-7374
-6585
2647
9196
-1389
2809
-8217
9615
-4255
3769
-6126
-4129
-4455
-9352
-1934
9845
-3275
1089
-5647
4988
-6617
2475
9662
-8748
5026
8336
6272
-2126
-6326
-7578
3496
-5239
8793
2128
-651
-1249
3866
-6430
-7607
7984
6572
-6098
-1865
-115
3411
3863
6913
-8108
-7020
1589
-1811
-1432
394
-1891
6328
9951
-6850
-3918
-7972
5234
-7768
3812
-5825
3901
1644
-6270
4452
-4563
-3199
-2739
-5712
-2786
378
3817
-9669
5839
-593
-314
81
5252
-10
-8429
2041
9558
2072
8801
4505
9000
7944
-8583
7303
2417
699
-1055
-12
-499
-3670
840
-7793
-5934
4160
-5845
-4651
5644
-8498
297
-7572
-1304
-923
7603
-3888
-7801
3624
6423
2336
4508
-3677
-9209
-4322
-3301
8647
-1062
-2826
-3403
-7472
-2896
-1874
-9866
-3082
-7720
2179
-2464
-7187
1631
7134
3118
-5831
-4648
-7136
-1552
1580
9595
-7678
-7190
-7981
-6966
-8176
128
7144
-4739
-1223
84
-3498
2399
-4433
9384
-9435
-8905
-9289
5825
806
5397
2560
9578
-3832
6946
-968
-8068
218
-4369
-8948
-8127
2586
-5367
4210
-8931
9329
6581
4137
-276
-7165
47
-3578
2209
-5019
6096
449
-5551
-8538
5424
2880
7843
8891
-2065
-4563
-3647
-6234
-3661
4736
-3396
-9275
1826
4670
3148
-5079
-908
1426
4006
2616
8517
-7282
2046
-174
1940
1045
-9603
228
3773
-3027
1066
-8088
3100
2671
-8035
-4420
-7299
6029
9590
2707
-7211
3131
710
-1177
1981
-3191
36
-8875
2032
-7099
2025
-2976
-7188
-4830
-8954
3950
-5475
1586
-3552
-854
8227
2228
2282
6998
-5987
2609
-573
-9357
4387
1608
-4214
-1889
3912
-3529
-9356
-1024
561
-8086
-5526
-8240
-357
-6711
2155
-7031
4189
4153
-4142
3699
-1469
1848
-6891
-5249
2151
5057
9553
456
-423
-590
-5379
-4090
-9822
-4430
5080
-7207
5419
-2582
-4425
-4817
4002
8161
-8061
8436
-5657
-2986
-7075
6411
3557
-6316
-8392
-2691
-7497
-2959
-5336
3216
8640
-687
-640
-9286
3557
-7910
529
5001
-102
8816
5551
270
1492
-8417
6872
-9345
8606
-1705
-4269
-6426
1971
3147
-5247
-9142
8169
1114
-7842
-2532
4547
-9898
-1064
-6759
-4705
2721
-3375
7538
2745
3094
4181
-1472
845
5917
-1843
4792
4057
-7163
-2825
-6295
7194
88
-7416
6864
-9399
6980
6370
3891
3895
-3937
-7011
-2862
5762
-2196
-3197
-3197
-1451
7365
3391
1426
-7792
8618
1264
5616
-88
-3484
-554
-9910
-7639
-5610
6522
-6122
-3985
-2645
9301
4367
-9739
7025
2161
3644
7048
8737
7975
9548
-3863
-3479
-2911
2748
-6209
-2644
9994
-4933
-9421
1275
9760
-2673
8955
5788
6202
-4009
-2080
-5130
3395
-2404
-6038
-5920
1847
3642
-2430
-720
3615
-2478
-9334
-4939
6373
-1383
-1470
6509
-1252
7242
-8937
9082
633
-7300
-4230
5268
-2018
-6425
1624
-8520
629
4006
-8194
-4811
5400
3004
-214
5850
-4068
-9921
9882
2452
6575
2800
9835
-901
3408
1294
-8707
8531
1730
9383
8293
-3365
-9924
-7927
-5372
1012
2017
-656
-635
-8949
731
-4157
7534
5702
-4904
1100
-301
1443
1419
-9667
-6291
4160
2371
5442
-8381
-5356
3046
-7993
-8626
-1029
-8336
-1573
4502
2557
530
-4007
-2543
-2162
7183
1005
-6775
5647
-6405
-3623
-1395
9073
1619
-5722
-1958
-5526
897
-3704
9957
2570
-5545
-3675
-8809
3361
-4658
3733
-751
-1225
933
8672
6454
-6807
7874
-6448
7803
-5257
-9262
-9297
6224
-8114
8649
1642
-9015
6478
-5739
4660
-9410
6169
-7770
9910
4787
8383
8313
-750
-8777
6824
-4932
2171
903
4399
9044
4682
-3275
5537
7568
-257
8713
1194
2747
-8212
-1934
2491
9060
6839
-9884
-7252
9487
-2255
3300
410
-2480
5718
-9116
-1818
-8198
9871
-2430
-4727
-3424
-1277
4043
7713
-7009
-5302
-9434
-6756
633
783
4818
-5143
-1188
8250
509
3211
7532
-3618
9992
-5342
5354
8980
3757
-2147
-2394
2476
9745
105
-5319
-8213
-7095
-7831
7501
-4357
4732
3016
6287
8893
6282
-9573
-2021
-3222
-2752
-3173
5727
-6329
3673
4133
-6871
-2882
-6145
-8104
-7840
2126
6010
1223
-6312
2857
-971
-1086
867
1708
2256
-6479
8312
7537
-9766
4206
4342
39
-5359
-5913
7779
5188
6982
669
4803
9797
-9870
-4106
-2124
-667
8227
6767
5393
-4684
-88
-8153
5977
-8090
-6713
-6837
-6654
5135
-173
-4541
-1445
-3720
-2320
-3997
8049
8648
768
774
1985
-1991
5801
9176
-2631
-8523
1395
6809
-9339
-1845
6535
1039
6245
4357
-9852
8829
-5370
5935
-7251
-4638
-4418
5410
7837
9151
-8666
9697
-3710
1921
-6177
-9341
-8511
-5512
-386
1053
-684
2700
5304
-5952
-3723
7694
-640
-1086
7925
-3973
-8570
1310
3488
-4885
-4462
-9954
733
2811
9928
-1379
-8795
3343
-3525
-1644
-3778
-5477
-5301
6647
-9251
9500
-799
-1908
9129
2917
7113
8865
3854
4966
-4115
514
5681
4907
-1698
-8073
-2310
6624
3717
-6671
-7025
-9593
-7616
9035
2764
-6660
3614
7797
-5099
-9843
-8284
4820
1035
-8516
2334
-2363
5490
4716
2053
-6673
-1960
-1208
-6301
626
-7341
6512
-8229
-7044
4194
-6913
-5173
-7770
-776
-8245
7373
-4217
7339
4797
-7510
-346
-1810
-2595
5526
-892
-8239
-2056
9510
-8417
4909
8937
-434
-8194
9598
-4454
3447
-2875
3877
5391
6415
-5604
2176
9277
-5804
451
4032
-3925
-8873
-2010
4201
8779
-4481
2336
-1518
-716
-9555
-8435
-9256
-1338
-1739
4622
380
-8262
-8719
-1177
-5674
-5164
-141
4406
2555
-9
754
8007
-5908
1566
-591
-7902
1133
5371
8210
-7512
-339
371
-8239
2200
-4068
-5561
5191
-5171
7319
-7344
-6724
-1662
9198
-6583
9720
8265
-8775
8335
-7083
1295
1727
-8624
-736
-5046
-4669
-5405
6688
782
4125
-4160
-8161
-6612
1948
-1406
4087
-472
8889
-5689
4689
5723
5521
5380
-815
-8300
-2673
-7553
9239
-4891
2570
-8806
-298
5101
4999
2916
-8762
-8415
773
7305
-5698
3645
-8197
3671
6814
5844
-4678
-9779
-9676
-6040
-4776
2057
-612
-939
-1646
8802
-8822
-9350
8149
-9401
-1575
-1680
9739
-1213
-4064
-6636
-1436
1038
5781
-5879
1973
4283
-7775
-3053
-3163
3950
5421
-9114
-3292
-8046
-678
1429
9137
2319
-269
-2168
2300
6400
-1278
4636
-7454
-6468
7731
2625
5577
-3388
5136
-6232
7868
-1603
5966
-4723
-4657
-8926
-812
3954
5429
2692
-261
2480
-5563
3559
4863
9190
-4789
-8142
-3839
-786
-8583
-365
489
2071
-7357
6480
-224
-8488
4876
996
2272
-8838
-6207
1320
-7327
-5048
-5165
-867
5287
-3305
4593
2936
-3932
7695
-9296
-1514
-301
-418
-4801
-6444
-282
-9013
8309
8240
-5267
-330
5587
4308
-9225
9124
-4452
-8583
3450
2365
978
7437
8599
5932
7780
3495
-3939
-8366
-7945
3268
-5771
-6923
1233
-6540
1247
3321
-2304
2601
-5542
1240
-5292
-7681
5540
-8190
9891
-2113
2533
-4004
-1025
8959
-3138
-2127
1074
-1676
2116
2097
3413
9030
7286
8715
-1248
3401
-2319
-3979
-4581
-6386
-6112
-885
327
8358
1647
6895
5051
6395
-5472
4127
-9933
-6595
-5729
4803
-5585
-2375
1535
5349
-8879
9713
-2252
1822
8950
-3385
1957
-1094
3628
7318
2029
-897
1008
8451
8141
-9188
-8459
1293
1785
5101
2182
3985
2364
9912
-9882
-4941
5728
1997
5324
9100
47
4408
-2315
-3321
3391
-3433
1116
-4591
1770
-4714
5400
7985
-2645
1937
-6394
-8108
3590
9922
2382
-3340
3791
-4132
7190
928
-4222
-1621
-3445
-8845
2459
9434
-1571
-4876
4597
673
308
5535
-7900
-5839
3649
-881
8893
-8031
-6532
-1247
7081
-4846
1921
-6488
-1236
-3973
6121
8815
9276
-4872
6080
2823
-9876
4973
4567
5227
8589
3035
635
-3955
-9145
-98
-718
-196
-8838
-5391
9639
-5631
-7477
8158
5554
-9471
8976
2952
-7270
-7759
9457
8151
-1661
-5815
-1129
1083
-5767
8705
8680
-2906
-7877
169
3601
-897
3569
-2145
-8917
-3101
-5647
-80
-6924
58
5323
-1292
1418
9886
5207
7674
8833
8876
7180
-7286
-6607
9543
923
9463
-7318
7519
4243
5900
-4818
3887
-6239
2781
-9294
6884
3852
7041
-4077
-7860
-2473
-5553
-2755
5397
-6766
-4691
4214
3849
-5301
-5771
7390
8224
7793
-5110
-3165
-1196
-3597
9633
2016
5840
1596
8272
-8123
1855
1591
-3684
5639
-9147
-8340
-2619
9028
-8269
-424
3357
1509
8016
5927
6894
1527
9740
-2726
8950
236
7824
5901
6057
-7155
-6876
-8251
3138
-5182
694
-9234
6340
5320
2312
-3112
-7685
1165
3872
-4881
-1026
3469
6424
-4332
-4396
123
817
3592
8248
5873
-1325
-6947
6491
-5944
7898
9578
4734
9835
-2741
1599
8281
-9996
7614
-1678
-30
-9693
-271
-1586
-5123
7465
-80
-8767
-4312
-6185
-7879
1284
-2416
160
1924
-6066
6963
2119
1598
-3921
-8502
6065
-8874
5351
-4543
7088
-4570
3885
8659
137
2234
469
9500
2108
-5119
-5230
-1846
-9364
-5749
1242
8064
-3445
4907
-9136
-9621
-5205
5490
-7784
2818
-2476
6731
-4500
-852
6536
-9513
5043
7328
4794
3709
598
-3322
-6791
8842
8529
-9634
2275
6365
2725
-2487
-6543
-8298
6505
-3213
1310
-7456
7607
1085
-3738
-807
467
9166
-3713
-6121
8049
3744
9589
-5960
-5139
9992
7296
2269
7265
1775
-5179
-6727
-8491
2611
6250
-8265
-9468
3256
-2556
884
2782
-3492
-9739
-9928
-2678
9739
-7529
2563
-9385
-2808
9714
8735
-137
-7969
-8303
2470
-5014
-1206
-6856
3927
-447
-2111
3763
-3097
6392
2949
3041
2245
1791
-2746
9564
-1015
-9900
7458
-1165
3457
-5509
5215
-9352
-7416
6158
-8431
-7480
-7722
-7133
6586
-8466
-8153
2006
4207
-9856
6349
7110
3033
3279
1118
-2393
7570
2335
5293
-6012
-3506
-1453
-6043
-860
-990
5235
-471
-576
-4875
7929
-637
-6402
-9848
1382
4634
4185
9939
-6920
9716
-6043
-5663
-9298
-5227
-4133
8711
6913
-2365
2444
313
6120
1434
-2078
189
4306
9129
-8537
3119
-6033
6038
5734
7775
218
-2208
-176
-2139
1475
-5542
-6438
5854
-5987
-4333
-4874
6601
-6248
1642
5894
9063
3920
2613
-3473
4619
-1345
-1549
1907
3371
2998
-575
-1261
-1940
690
-2317
5756
-4391
-2873
-9003
-7271
-1596
-4124
5653
-1073
2030
-6232
9920
-7513
401
7996
5689
3853
-1241
2470
-8716
-8762
9412
8723
-298
-9585
962
-4512
4338
4270
1237
680
-3971
-4798
-165
1527
3597
-768
8519
-242
-1348
-1659
-1566
-1269
-984
9103
9962
3018
4231
-8783
-1570
5108
-9662
1441
-4437
-8765
-7211
-3448
-7359
6798
-315
-6887
7903
8911
-6337
-5736
6425
5877
-8650
-4005
-139
3098
3220
-2506
2328
-1172
9185
-7201
-9110
7247
7932
-5632
-2169
274
2431
-5821
4551
-8867
-9928
-7942
6468
9802
-2902
-7131
4257
2287
-9787
5454
8766
-6005
-7863
-9805
-2552
8948
-2969
2244
3853
-6333
2856
-5573
-9511
7683
1218
-2021
6058
-1304
6247
3582
8630
2219
281
-2533
3647
-5918
-6786
8796
7701
5332
-8854
9537
-2074
9413
-5512
4217
-5885
2829
-240
4552
3974
5873
-4932
2539
2657
-2039
531
-368
-1133
-9004
9266
3510
2362
2009
7109
7142
-9866
-6590
-196
8045
7140
-4040
5047
-5324
2321
-877
6563
8793
-3706
-6312
-6912
-773
6181
6024
-5323
1398
-1235
-4621
1808
5239
3087
7705
9294
2612
8242
-7510
4262
5220
4596
-4890
2521
-2662
3568
-6048
7271
5304
366
-5195
8735
-9608
3220
-3337
-2515
6853
1506
-5690
7456
851
-5420
1621
4519
2639
580
3133
-5181
-1445
-280
4977
2918
-2716
-6800
5828
-6072
3604
-1546
5927
-5524
-4126
-1996
6825
-3564
-4923
-7814
-9049
1903
6782
1137
-3922
-3366
-4318
-5924
-5172
3535
300
7562
5234
-2582
-8199
-4531
-181
-3508
-2905
6263
1089
9339
5885
965
-8399
9674
-7348
1284
-8506
6053
-6363
2291
-9746
8141
2810
1318
-5509
626
-2256
8191
9309
-1180
-7146
9486
1088
3717
-6767
3144
6192
7714
1532
6927
1638
-2032
2203
-627
-1589
-7214
-9003
-5696
1917
820
5626
7705
-5585
-8499
-7379
-7008
-9158
3739
117
1937
-9604
-9892
-1591
-328
7035
-5513
-6394
5647
-1577
3438
1864
-1489
1375
-4238
-3388
-8532
6709
-9683
-4371
-9571
2862
7643
1340
-1058
2514
-1509
2596
-1945
9740
3017
6257
7963
-7681
4684
-8058
3711
2332
-8889
-7419
1649
-9922
134
1468
-1658
-7972
-8943
-1647
-7873
-3681
-5321
-8917
4020
-6645
-8217
-9265
-4498
2743
5520
-4074
-7679
-1669
9211
-7252
3836
-6398
9338
-7459
-1671
-2894
1734
-3143
4361
3634
8032
-8505
-3124
-5393
-4450
-9132
3919
-8999
6704
2881
4998
-9990
7974
4976
-3018
-4734
2400
-3466
1524
-4706
-1808
-1210
7077
2331
-1921
9277
-3114
4944
-6016
-2868
5856
7151
8281
-5749
5423
-7176
6599
-1849
7696
-8794
3939
7390
6477
1494
-8152
2991
1704
4428
4237
393
4751
-5292
-6957
9810
9675
-3421
-7368
5548
6112
1627
6924
8291
9065
-3346
8569
-5430
-8052
-2486
5104
2588
7437
1123
3482
-4293
-2911
-2026
-6960
-6907
-6311
2308
-5022
8556
-6277
8719
-8133
-1184
4746
-8507
7151
-1885
-7458
7493
-2696
-8163
-2769
-4907
5341
6177
-279
-9266
5794
3830
-6247
-960
6353
-8235
-7551
-5042
2012
-3489
9863
7712
3032
2879
-362
5729
2415
2610
3046
1709
9221
-960
6267
6000
-5628
7291
2293
8551
3547
3625
-1194
4710
-8886
-5398
3740
704
7265
-3690
7830
-2402
-2639
-6814
1429
898
-3725
1003
-4151
6696
-1667
-7215
2596
-4833
-446
-1136
-1368
-1892
7021
-9323
4206
5755
-9093
-3251
-4326
-7693
-4095
9901
767
3321
-2920
2678
-7838
6441
-3490
-4661
1208
-1228
-4318
-8512
-1831
-775
6124
4293
339
6491
2949
-2223
-3159
1878
2227
6083
1174
-7732
-4420
81
-1136
232
9080
8812
5124
-626
5630
5806
-3041
-7965
-6417
4288
1992
-2221
-4599
6775
-2798
9097
-2009
592
-2081
8789
3087
-6691
-9898
-8646
2867
5616
-3268
9240
-8867
4571
-1832
326
4678
3729
-4414
-5941
9381
193
2295
3561
-1529
-7028
1070
7034
-1339
-6293
3877
9866
8982
1140
-7145
3715
1723
8022
7600
504
1633
3887
4163
4713
1080
8781
962
1589
-2135
2131
-4586
-2074
-1670
3163
-3358
-4027
-5079
-3070
-6519
-8282
8869
8635
5066
-4463
6823
-2363
5236
3976
2842
1645
-829
-9126
9846
7376
-2039
3507
2701
-5284
-4769
181
-4390
-2423
-8397
-5896
-2257
-5052
6382
4292
8833
-8979
-4429
-4844
-4669
-3351
-6577
-5225
-8034
9741
6064
-6268
760
-4532
-1767
4225
6822
1494
6578
2282
-7994
826
-7473
5360
4000
-9035
-2864
-2373
6156
-5509
461
-5874
1432
159
1633
8857
3564
5550
315
9642
-1087
-1768
-4132
4376
-5349
-4623
8427
7538
-561
-2486
3555
-5691
-2839
2130
-3858
-6757
-1252
-1728
7198
7820
-6132
-4797
2231
-6993
716
-1097
4969
-3701
1279
9690
-2894
5271
-625
-2875
-7878
-4116
9398
-3370
-5499
8606
2153
-1182
-8316
-4240
-1525
379
-5247
-2585
-6604
-7760
3727
-1990
-9327
529
-9213
-7269
-1713
5515
-3010
7303
-5160
6191
-5154
-6487
8230
-8326
1333
-8503
-9901
-9913
8060
-5832
-433
-1038
9560
-9503
5186
-9668
2908
6064
8482
-7800
-3073
-2543
3791
-6385
-372
1029
-4091
5469
-9657
8978
9552
-9719
1516
-4155
6455
7753
9285
-5145
3231
2345
7041
9500
-928
-2305
5336
-1007
-977
9256
-8528
9453
7995
6309
7820
-8795
6635
6195
-8698
-9431
-5522
-8676
9483
-8089
-1637
9735
4655
2758
3806
8443
-8873
9050
-3601
7772
-4518
1534
1887
-4247
8604
9054
-5874
-8062
-1422
9173
-7157
-9804
9559
-9285
-5782
6407
3666
2918
990
3377
4500
-2003
4452
-6162
-453
9369
3857
105
4256
3299
-4382
5260
5918
-6859
9489
1167
916
-4351
8153
3488
3087
3631
-3722
657
4574
1016
9736
4346
4707
7819
5364
5239
1163
1835
9718
875
-8180
