817
1
7466
2013
7598
365
4787
244
9305
8865
6917
1048
5559
1999
8816
7417
7013
4505
7813
9803
6782
145
322
309
7290
666
4700
8806
8066
1905
1605
9965
1611
8222
7381
9631
3159
6287
2465
664
5245
3288
1941
7436
7787
2106
2655
8152
9281
5576
6674
1754
3254
3822
1953
6008
457
451
9514
6009
4030
6318
2932
6842
1892
4348
1197
5799
2157
4533
8805
5205
7999
9244
2341
3035
4336
9612
5036
131
289
3084
953
7645
6874
6462
4231
1443
194
5950
5740
7417
8851
4418
3236
2247
6728
3151
5941
338
8800
5718
8295
1556
3638
476
1728
390
3298
5353
1714
8636
8178
1367
2947
1973
6355
9587
4516
1745
4513
8014
7375
7222
44
2766
9319
2663
224
462
8944
9255
267
9208
1917
6683
1327
8481
6884
3872
6475
213
9594
6994
592
2067
4449
3373
877
6835
4055
3781
5369
2255
9099
7109
9751
7441
5951
3446
538
9418
3534
2050
6146
217
9092
318
5281
7861
8608
9292
8366
4906
9321
9612
9414
8826
5144
7957
2505
7615
8453
1313
3920
743
6334
6321
1824
3468
2149
243
1317
1744
7726
904
4815
5389
3577
2186
3206
8023
3306
1541
6974
5852
5615
8055
6305
1829
500
7656
8244
3177
5361
6284
1663
9419
1219
2112
6624
6982
3454
4122
2733
7207
7045
600
1771
7485
841
8149
2910
2037
7475
63
4234
620
4250
5410
6222
5870
5861
9907
5716
3434
7376
5762
3992
2607
6272
4075
7603
9010
9268
633
6354
7392
4684
8309
6316
9162
3950
7596
2434
7780
2814
8061
5389
4795
5432
7784
3055
8839
3861
7465
7833
2111
3245
6833
705
1499
7301
5766
8774
9841
8351
6189
22
3628
4132
8140
5354
7638
34
9013
3815
855
1773
5810
5427
4203
3946
4004
4815
8183
4595
216
3123
622
9655
8171
2178
2081
5483
7303
2812
855
3954
5651
136
8174
3078
5362
9933
2854
4578
5672
48
9912
5766
7126
9722
6252
2558
5547
1883
7938
3632
6138
4145
7786
9693
7444
25
7952
4469
3701
8523
8991
3430
1308
6027
2826
4272
5140
201
8717
668
8173
9692
7775
5447
232
9321
7820
158
9030
3574
9312
7424
2215
1137
4764
363
9075
514
4460
4812
3429
2087
5157
4072
8651
2718
8810
5284
8686
3545
5199
8497
1946
811
7517
1734
1838
6872
7054
6915
2322
2601
643
4118
1883
5660
4395
3131
741
2881
7163
9699
2850
4405
6880
8955
7787
783
2191
4081
457
9132
10
8048
2761
1658
7519
3329
6228
6065
7930
2972
2904
1819
7330
5251
4067
1276
2564
3039
9210
2682
7239
3180
5537
5067
8513
8851
9468
4068
3214
7397
9596
267
3846
4562
416
3517
1019
2491
8328
115
221
3424
8460
7659
1664
4308
9066
4447
8738
1881
3595
1896
6351
8739
1898
8079
4317
9793
9399
8461
2429
5178
7873
1115
8658
9771
9007
4342
8874
8616
8335
2207
5006
3066
1167
7537
9186
375
2971
9359
3620
3984
6774
3036
2842
7267
3877
3799
8831
5047
7801
7675
1983
2322
5944
2928
8836
1784
8682
3834
2563
6154
6130
4647
3305
5226
2560
4758
9193
9285
2469
8161
7488
425
5940
7557
3374
4067
6723
5018
6989
9402
3411
5995
6163
8228
7577
2489
447
5303
2077
2118
5907
1366
8825
8902
7530
5120
1725
5783
6366
4642
5900
5087
4083
2101
1146
4636
7637
2394
4950
2595
8097
4167
107
3966
5205
6749
4602
8413
5903
4364
8884
2036
9268
3724
7681
9140
7887
4101
5231
4770
8913
116
2769
5153
5821
3240
176
9298
2000
3334
3792
4936
4373
2515
8941
9854
4197
6891
2618
7040
6881
1147
6373
5056
2996
4598
224
2544
6532
4945
3810
2027
4110
1885
4322
7409
6620
3723
8480
6581
4771
7752
8701
7653
9161
6225
5102
389
7625
4998
8278
5077
3039
3562
5237
3091
28
3247
2759
2908
1907
8232
4265
1028
3778
1541
8015
2376
1977
1545
3387
73
2639
6355
8048
7528
1847
2021
6023
759
7195
6220
9086
2326
2621
894
623
2530
6026
6467
297
9476
8372
4784
5062
2322
2057
3164
6155
692
8405
9046
7513
5665
7014
1498
2092
8588
7793
8070
4328
95
6768
2144
8966
1096
5938
4589
1503
4663
9528
8709
5278
2165
9614
6529
2024
1063
2446
8924
8067
5142
5810
2628
9975
2602
9769
2617
5788
1643
448
9477
6566
2598
7836
4715
3386
5310
7404
4146
713
3670
1100
305
5326
6992
3314
787
3115
3832
4674
7939
7118
188
5428
6199
4952
3159
1109
9741
8015
92
7435
6440
6560
7316
6159
9539
3369
9927
2019
2027
7702
1968
9719
6135
9403
9963
2100
206
6123
260
2292
6742
5432
7441
2207
6139
7144
1819
1295
1525
5144
7917
8795
8588
1056
6713
1429
7571
6928
7878
8601
6110
7907
298
7521
2790
593
8141
9574
7449
7507
6598
8532
2875
