6443
1
6558
2898
2033
6867
9888
545
153
3203
4104
4822
2848
8074
7768
6301
4184
4267
7107
4383
6463
442
7339
7775
8944
3011
8234
4914
4072
3602
5606
3089
8418
8616
1890
8705
4096
9732
2960
7904
2583
3060
9567
5039
4551
3591
5666
7389
7041
6055
5973
6436
3126
4664
9854
1850
2732
5393
9319
6353
4312
9791
3649
7780
2894
9416
9469
4309
5266
2160
1696
4226
8083
7861
891
411
7075
920
6070
6015
406
8541
8362
5467
3280
2392
7476
1289
8356
333
9619
4938
8409
274
1662
3196
1014
4905
9078
5057
9686
8870
1697
6699
2379
5979
1380
3636
4469
593
1612
458
9199
1694
7195
9930
7666
4008
4846
5956
3852
9114
6032
9755
9304
8017
2068
4020
7883
8709
1920
9507
6166
1285
6530
923
3216
2750
7265
8977
8523
3001
2402
3088
9944
9155
383
9169
8654
4227
5160
6030
4045
8330
9875
9532
6423
1514
8979
4535
4835
922
7297
744
5976
1518
6648
55
4447
8549
262
6836
6696
139
7257
1751
3362
8922
2356
5438
5937
1845
6922
8353
1469
558
7678
6617
3710
9745
6961
9370
4069
6813
4325
520
1706
2353
1804
4236
1685
451
7383
8810
5635
6203
400
12
4998
3213
2137
5575
753
5071
7002
4948
5613
3025
7382
1938
4584
1992
5458
4257
1594
4398
1314
3278
6106
9181
2156
9162
1631
4950
9440
8753
1273
7986
1966
555
7736
1397
2008
5745
997
9159
4567
3066
133
3986
2068
7824
9994
7839
6116
990
9040
4017
6292
5998
8559
4336
3725
8102
439
2975
7567
4574
7452
9806
9974
5134
2372
1912
8302
1932
9364
7961
3657
4630
2968
6172
4369
2369
7843
8032
3100
6472
8420
4135
6269
6126
1535
8326
8342
2624
387
7784
4732
9475
136
1134
7059
7808
9204
7344
9152
9385
1188
2550
5151
9053
5235
5185
5726
8476
8606
7214
7206
3148
6576
4250
3367
2758
814
4974
2231
9458
6480
1854
9035
6752
4850
4536
8173
7495
4368
1016
8861
9445
1845
5458
3135
2758
7881
8496
1102
8965
8325
4352
7444
7004
2882
6218
4702
5284
305
2631
6515
4626
7138
4317
6935
295
3010
7556
293
3221
5626
8233
1276
5070
8421
7367
739
7384
7105
4446
1851
8385
3751
3233
5856
6082
8105
6610
3250
6652
1428
331
2903
4363
2045
4464
4707
8823
8787
6439
1125
293
5550
8410
7341
294
5917
6538
5943
9579
4125
9373
2376
6295
6275
9882
2279
1878
999
6490
2456
2071
550
9791
2966
3864
6308
1454
792
7029
2871
4455
7002
5434
7965
8836
8735
4024
1034
9683
4634
7765
5082
7232
3497
3202
2303
8503
4003
337
3036
4638
6806
2951
6496
8847
7608
8549
1235
3948
9507
4237
6984
9610
5183
6458
9841
6070
7202
1506
9522
2989
7790
9390
5337
3744
4998
8423
1945
1784
4306
3122
2062
5460
8854
2482
7452
7927
8025
5000
9192
5630
1304
9230
1536
6746
6752
6795
6474
5055
2998
3563
7118
8786
3064
6369
1563
1465
5029
3556
6531
488
1664
2041
5947
1455
3464
3514
4472
5303
5988
7114
4498
6996
3828
2308
6828
4164
7696
8639
233
1926
1894
2978
7871
7923
9139
5879
2200
7867
2076
1388
4896
9768
582
8626
2004
3946
9383
956
9272
1726
6832
2280
4326
6000
794
2523
2738
8345
3451
5739
3650
4712
3976
2446
386
3662
5921
9932
1208
9351
5728
1815
8006
2660
3824
2471
6014
353
4782
2215
820
7066
5901
2460
7535
5356
7501
1207
3607
2517
1896
1163
2978
112
1717
6745
9539
3285
3084
9185
3760
1622
9950
5781
4948
9098
2213
641
1942
9005
5854
9313
542
3827
9129
8992
1794
8126
1690
5519
4505
7693
8437
4898
3738
8828
2249
9690
1591
719
1214
7203
7589
2048
1447
4241
9456
1756
7149
2642
8982
7907
4079
5053
1815
2678
9828
7209
8835
6158
7279
1987
3260
4860
6825
2415
2
1932
6581
4708
5969
6567
7966
4984
6674
2009
1855
7708
8861
736
5190
3078
5090
9732
5958
5133
5404
2464
115
2661
3641
9893
4467
7267
1935
4443
9381
3885
3412
7925
3510
9981
3814
4008
2870
8402
8705
6644
8660
7991
9396
1268
7902
3508
6346
632
4186
6558
8905
4474
8004
9
7978
9433
7307
8524
7534
8740
3965
2324
4841
2260
1342
3280
6458
8632
7204
5359
4861
3110
40
1791
5789
4875
5137
6888
4009
5333
5695
4406
557
5258
4599
2877
6530
6141
4484
3685
3053
7256
6570
3210
8553
4158
2284
2061
7628
5766
8070
2850
5641
3409
1182
9706
7594
1132
6346
2011
4224
5333
1445
8093
283
5172
1246
9966
6541
9575
4888
2201
8722
2455
6772
1497
3656
6638
8535
7837
5751
5215
8502
3848
371
9816
8026
5430
9042
5388
4383
8048
4473
932
8387
1643
3457
3920
7998
8887
8862
441
3407
7114
2087
7763
5265
2442
1085
6814
4297
7549
9076
7525
7635
3484
1541
6073
9028
8383
7340
9642
3032
3841
5009
8037
5701
8887
3888
3191
7109
4866
7787
1258
9691
8636
9721
62
9525
8462
6628
7167
4715
8122
5326
5894
4364
1882
8717
4871
9918
7639
4838
245
7756
9966
7749
3135
5906
1305
77
2252
4210
3275
7499
7864
6926
1909
3947
1151
407
4740
445
9232
781
1435
9958
1960
9532
1869
2955
7003
1701
9899
6216
8115
4826
4877
6256
3376
906
9532
8132
4313
2270
6052
4066
3069
1671
9026
2575
7594
931
1981
4421
7498
5526
474
3736
5315
5504
6774
3464
5298
9719
671
4183
3377
1412
4973
6209
2767
3682
6001
8816
2721
2272
9671
4938
1749
1447
7683
7198
6968
4141
1195
3995
2285
7803
8033
3016
1631
5774
147
5307
4737
936
9399
3364
3678
678
5750
8870
4415
3635
4016
3966
3968
7815
9543
1996
9203
6483
4962
7263
4120
9695
93
3850
4421
2573
7510
6340
6158
247
9713
7386
1955
529
3487
9075
3750
39
5809
19
3649
6459
2645
1224
7520
5620
3566
4194
9685
3017
1843
6812
8378
8888
8303
7826
7836
1870
5905
1066
7856
6998
3398
2389
3463
8026
3651
5451
405
1637
7549
4325
8454
6848
3302
1179
8627
4310
7815
5467
9983
5175
5861
2757
6530
5820
6873
52
5299
7920
7535
6316
6871
3337
4782
4946
8231
5237
478
9995
1307
9905
2820
2632
1406
8185
7401
8760
6421
8739
9657
9224
670
9445
2865
3294
479
4314
8309
3703
6975
7363
7138
7354
2264
4834
1606
1447
2855
878
1162
576
9813
7801
6593
3575
3248
2746
9272
7901
7820
6813
1477
5523
6091
4773
2898
5937
1081
4459
4127
9669
834
5603
4231
2949
3455
4921
5488
8867
3180
6761
5849
8223
1089
5807
9794
2333
7279
8609
7849
6392
7488
227
3293
8185
8447
1535
6679
2589
6654
3505
732
388
7996
8347
3217
4384
7466
142
584
7361
3830
9491
367
6148
6351
9976
6066
3212
2381
5832
5653
1528
6021
2424
9780
1111
7028
1168
9258
6249
6301
805
7218
4923
4090
3419
3665
8328
9787
5502
3346
1527
2687
5205
5987
8000
6955
5450
6345
2090
9691
4112
2046
6514
8888
3890
2924
5260
6596
5066
1351
7235
3130
2219
9443
2664
734
700
9904
3992
9362
2269
1190
8956
7007
4043
4484
4028
8433
7060
4641
8147
5467
3046
3779
8390
8452
6328
8396
6744
4008
6733
6364
7735
2589
9814
3242
9048
5014
150
9632
1103
3738
8198
6016
685
1731
465
5348
6483
5423
522
3016
1666
9513
4354
9534
9550
9018
5911
5477
4019
877
7588
5254
8179
3000
4937
1546
7560
4176
688
9162
137
4291
1567
4654
8235
4703
7206
8283
6788
6683
1402
2394
4730
9568
2525
2415
5347
1396
8888
7017
6666
6691
4925
6968
4443
1353
1464
3978
4599
8464
7958
4593
2357
4126
5974
7658
4929
2796
4329
8052
2849
7839
4845
7071
7193
1582
4862
4709
6692
543
6618
6125
510
6247
6590
636
8160
3545
7071
9686
5206
2988
222
2578
5909
0
6280
5451
8356
8409
396
2567
9400
1260
2909
7984
9712
4469
5354
5253
6588
6733
3177
4190
5630
1804
4352
8933
3746
5488
6269
5473
6497
181
6579
2622
9709
553
8276
953
2652
1108
822
4398
203
5280
8985
5249
9562
1031
183
3487
8932
7880
3050
7032
50
8644
2341
9366
1232
2470
1128
529
467
1771
3132
8153
3635
1873
5404
727
5650
4299
8319
1155
3727
1294
9549
5258
3008
6820
9595
2701
2501
3385
8822
7298
3879
1880
7226
2726
3927
3644
1414
2200
1619
4089
9148
8757
7205
7764
2784
5104
5323
4906
2645
7111
787
2775
1446
6142
4066
5553
3423
8875
7287
6288
6479
3837
3586
1786
3575
5575
4317
5660
259
2830
2289
2138
1833
496
9902
2037
1618
5943
6551
6600
7260
8216
9759
585
4449
8980
711
6498
1839
9073
9413
9223
8281
4586
9681
4693
118
4611
9552
4490
152
9710
7801
4873
7921
8967
2041
289
7238
2616
9868
452
9156
8685
7272
1004
7748
2833
9526
102
9230
8254
6868
1940
7548
7411
84
964
4654
7769
3344
3451
4002
7165
5327
7553
845
8372
9053
1807
4754
793
1868
8369
4891
1608
7947
7956
4931
2371
1175
7351
1936
6386
8364
6121
9039
721
9698
5394
8338
4674
8178
7627
9682
8739
4946
6459
7245
5234
3439
8493
5666
4440
913
4287
9121
8704
5143
372
5258
7075
5785
9284
7102
9593
2338
6666
4720
3517
739
7961
3667
2766
2984
1891
2480
8970
4932
1554
3327
5395
8050
8330
3244
8811
8248
710
910
5693
6835
554
6304
4599
6639
7518
3961
6193
7
6009
7200
1249
1872
6136
9751
2355
3803
2293
5038
319
3903
3540
1645
3549
6980
1566
6923
835
8580
1453
2491
6048
5134
7796
3712
3142
9926
1593
1252
3259
7649
5483
393
7397
4953
7607
1491
3723
5146
7978
6224
2081
5851
2852
1731
6109
7342
7657
8649
2855
2546
4236
1587
315
7971
3672
5808
9157
5424
8407
4716
7681
9322
8918
9984
790
9905
4044
4335
9439
9641
4742
4743
3152
7332
9035
4953
5355
8214
2386
6525
4159
8362
9806
116
5162
8643
5891
3053
4966
6056
6364
7445
7395
1052
1266
7449
3126
1504
9685
582
5489
2581
800
571
8724
8770
15
3097
1563
6222
5861
7572
6978
7938
5396
5620
3826
5822
6002
336
9481
8047
4195
5915
1342
7750
1002
8463
4380
7484
3348
1980
5891
628
1014
2818
6090
8161
2907
8018
2113
2750
9552
6189
2151
1716
247
3718
7139
9217
7544
5953
7311
1110
9021
229
35
7885
7107
1770
5277
8036
6265
9883
6386
9756
292
942
2906
4174
1353
3150
660
7472
2277
4756
4400
2083
6940
8828
7810
6632
5863
7893
1893
2848
3775
2685
2955
8772
1573
4939
1059
8510
587
7805
6023
8054
7279
2656
6621
9212
2535
3429
4287
6587
269
1849
1951
8716
585
2397
2738
7143
1970
4524
6334
1716
8168
2940
2207
4092
6019
9288
6649
2022
7029
266
3370
1820
9646
4882
4864
2391
2658
8977
7378
1069
6846
9962
9934
6212
8110
8489
3661
9141
4170
1208
3995
5221
3886
9496
4992
7492
7230
4264
7994
1706
1868
8395
9626
6605
4900
8359
926
5368
5721
5867
159
6869
9780
6894
6972
5821
9184
3613
9029
8155
8626
8253
7196
45
9790
3948
5795
2388
8448
261
3167
3341
692
5956
3878
9342
7601
5030
6709
8487
8385
1967
1437
5304
8053
5232
6875
1620
9583
3676
8871
6533
5604
8129
9141
7902
596
735
580
2065
9877
579
9267
2947
6629
7515
8402
1485
3413
271
8569
3680
8965
9862
2500
7754
2450
7573
1551
6527
3921
7760
4542
9340
6684
2306
2588
7330
8686
8485
5759
2581
4819
8278
7978
3349
3655
4461
1922
9003
7690
7344
833
2380
7984
8372
4669
3128
9497
1612
3987
90
8515
5808
1981
2155
7652
2518
6645
9737
3263
9140
5699
136
9146
4482
2585
69
9113
6537
8002
4012
2323
4047
6628
990
1831
1149
6236
7661
2856
3400
8466
1037
97
825
9857
5504
500
6016
5206
9269
2969
3175
3482
466
8423
352
9544
4818
3641
9413
8396
5094
3324
1392
7606
1498
4345
9243
9469
6461
9806
4695
2247
191
1014
8246
4707
364
7682
2541
1202
5765
6307
3106
9050
3021
9047
4792
5672
4858
2745
3700
7839
4275
8465
274
6373
6240
9357
8700
5842
1008
4733
187
7058
9979
6128
243
8662
2516
9955
6666
3736
4089
3102
5322
6869
9055
283
8827
2877
4554
568
4250
4119
2807
6183
5636
5434
6419
594
1097
6395
9403
6546
8917
7169
4748
1716
6716
2962
3547
5687
8803
4013
3471
4639
8472
1659
7211
7569
8329
1753
1255
718
9690
8933
8756
5076
8674
832
7697
1599
5773
5711
5327
8715
1428
8337
4097
8561
2725
4196
8126
8633
6564
6367
8452
5000
8587
1265
4204
7458
2734
6451
1037
653
7104
9690
1303
6155
4489
8594
2723
1124
6677
188
1420
2640
2397
2385
3822
7497
1494
3874
6667
2891
6547
1149
8010
3122
6447
4111
7040
1273
9070
2681
4656
5387
2978
2694
3157
7143
5073
7485
2145
7085
9162
8478
1164
9062
3767
4756
1375
7895
3807
416
5630
2220
782
5313
5936
5382
2524
5836
7809
8027
4799
7210
3672
4585
4420
2246
6320
7669
1564
1930
5991
754
5296
465
4400
8584
1518
4080
1557
1107
3212
1005
2371
4753
3407
5243
5796
9601
1206
8141
9898
718
3294
5977
1879
4807
2715
805
1614
48
2958
7897
676
846
7158
5834
7728
6431
2885
6200
848
4215
1230
7900
9216
3695
128
5960
6094
9095
6398
4323
5931
4099
663
2134
9554
7603
4551
6163
9352
508
2520
4984
5985
5835
7630
5512
6690
2004
3266
1643
6948
3203
1801
4443
844
2767
9423
1363
7021
2864
5459
3006
5770
566
3074
6363
7013
6434
5234
3437
7639
8598
1367
8222
6354
5791
4677
9355
7155
765
9710
7084
1456
6835
6372
6183
7122
8640
3284
3020
4471
9884
9959
4612
480
3934
9289
9405
5834
4578
7579
7251
5491
5537
3451
1200
4491
7850
2231
1421
626
865
3402
5813
6624
9762
949
8601
8893
1777
8166
6998
2430
2213
224
8318
7668
2659
8500
1962
5532
830
3409
3937
3458
5360
5228
5186
7574
7688
9889
136
7846
3052
2497
7878
7823
248
2325
3103
2921
7089
2783
870
9666
5275
8076
2511
1813
4747
8763
2202
8940
3849
8648
3265
9972
3858
4016
4427
3481
8984
5125
3120
7447
8581
5714
1532
2012
9773
7922
5557
9689
9195
3835
985
4230
524
7754
8056
7231
2180
4288
2441
2811
4865
4774
7395
2481
7146
7706
1985
5233
7049
5429
8666
2575
1157
1450
494
6852
5531
5121
9329
322
8674
4684
4224
6772
2288
9532
8075
2034
1057
8215
2425
245
1604
2128
3698
8513
2529
1144
5211
7204
6443
9827
8713
5619
5405
5312
8246
1436
728
5141
1935
6220
8283
5928
7164
4468
7938
2266
3218
8611
6277
9002
7477
8483
7026
2966
6443
3243
2776
4548
7594
3578
6647
9100
3698
9439
5009
1512
7550
5932
5763
4138
7806
1960
4654
3074
6296
4818
6229
5602
2390
4732
4875
576
4894
5388
3945
6191
8773
8572
3668
7495
8428
8209
7279
9049
7087
7768
6575
9290
2668
3968
1948
1916
2241
3999
3225
6368
2091
3798
9504
598
6970
1864
4688
6593
8969
263
9094
6673
1823
1928
3293
9311
1016
19
5763
5724
8183
4723
2959
4598
6087
4801
2040
7449
7221
8512
5469
1771
4595
1683
2030
4120
2795
9650
2819
5994
2329
3192
8812
7092
8236
5480
2460
9632
7941
366
2872
2816
9746
1732
8726
5391
5096
4205
6488
8880
870
9992
6189
6618
9261
9214
3403
3258
430
5336
7112
1643
1761
2125
2849
6801
1962
109
1461
3006
818
577
2348
1092
9538
5152
6596
1511
1641
2987
1108
9381
4105
3056
4210
295
6293
2408
2077
8763
7759
5569
2778
4742
5424
719
1043
9242
1341
7857
9051
9652
1494
2167
7717
2784
3578
2461
5864
9035
6038
9426
8491
3263
734
9804
761
5513
5657
3201
9154
3105
5316
4473
7048
1811
1987
4166
1919
1150
7704
2062
605
9691
2958
3572
718
7818
1324
1857
2501
5476
2107
5784
1685
9372
3829
6594
6682
4071
1231
7912
5834
1561
2711
6068
2345
9746
8886
3375
2872
1835
8377
1104
1378
290
556
6867
5701
1438
5390
7265
8805
9678
7228
4399
4873
1794
1462
1959
8677
6046
1804
3567
197
8944
5663
8960
2945
7997
7271
425
1238
7842
1885
3333
2910
5546
2130
9166
9219
525
8474
3228
1432
445
4455
637
2453
8585
5299
2210
6063
1237
6998
514
1896
4023
494
623
4974
7495
6149
9871
5330
1253
414
4725
996
1246
4408
4684
6417
9493
2481
5100
7869
6534
9648
627
1082
4079
6390
7764
3222
4515
5749
3831
8423
7888
7156
2213
6308
6090
8699
9863
689
2355
54
5913
7004
4011
4123
7830
9758
7616
6046
3149
1726
6629
4134
306
323
5968
6160
216
9860
489
9020
2681
8435
9373
2124
425
3675
9578
4176
914
3500
360
6095
7846
777
5453
9001
2544
9122
6458
9840
2399
4955
6940
3461
1356
1909
1767
7704
7851
4685
6026
9552
8715
1092
4996
7608
7676
8320
318
6049
6361
3893
4552
8732
7583
7826
5953
7168
6702
5331
5664
7816
1884
9533
3926
6064
536
554
1036
1123
4609
3268
4348
9788
5176
2017
5550
7636
6496
3740
8206
6089
9783
2863
5947
7320
4388
1691
4459
5190
5315
5678
7800
8193
901
987
5484
5133
2030
1930
1498
2361
3774
4148
1064
2828
8535
6305
3805
2742
7710
2696
1875
601
7321
8449
760
4358
8679
2515
5060
4745
2163
2135
9037
9877
3122
5657
1288
8950
1753
8893
1440
2825
5526
2538
1633
6544
5744
5346
770
465
3495
6160
9977
9288
5502
8987
4614
572
886
6971
885
6105
1093
9286
508
7364
9914
2542
1535
1894
9892
9791
9748
7073
9268
7750
9847
7112
5658
2288
6111
7820
1203
579
2922
6613
5418
5829
2278
1684
8508
1337
4111
7973
2242
4596
3746
8698
7044
8633
9465
593
4467
2234
1377
1791
5773
3418
2732
1176
5152
8555
1267
9578
1805
3207
1992
3760
7795
4859
355
1245
1125
7028
2289
5266
5836
7627
763
193
7975
8194
3373
8078
6042
2918
9630
6821
423
2132
2883
770
3659
6163
5751
1843
6069
8035
6747
3296
3852
2237
2526
9442
5779
2086
4003
1006
3131
2373
3539
6906
2434
4242
9910
3648
8190
540
9629
771
101
3827
6122
3692
1184
8194
2287
3161
1389
3837
311
9354
2949
7725
4791
199
5416
333
8270
2260
7623
2046
6517
3027
9735
2528
8224
5224
9520
106
3245
6562
2451
8351
8572
6436
6079
5296
5844
4003
83
5139
6711
3634
9997
5371
9010
6897
6821
4943
1771
2972
69
9268
1656
9859
9718
9870
4261
4787
636
7029
3281
8020
5066
5694
8592
2756
3405
1343
7531
7965
4149
2131
4318
3399
3451
2324
9313
942
4212
9273
1874
3223
9023
2386
6813
9724
1900
8182
493
1918
5632
1570
6686
2428
2811
159
2448
4521
3028
6594
5490
1572
7157
1153
8605
8618
2241
2610
8144
4432
5674
6796
5092
5706
408
6858
3015
7410
6952
7062
2866
8634
7580
5418
5063
9620
1564
7869
7066
7452
8586
8644
2388
7475
3592
4205
2240
4215
2450
8701
2725
7714
9080
8127
6967
691
4480
7753
3184
2165
9553
3829
903
7134
9611
2405
8810
2999
4173
2146
8028
2854
2293
7548
149
8206
6132
5665
8616
5590
6927
9525
5652
336
4602
1019
9736
4564
5339
5885
6386
2052
6975
5678
1110
5237
233
6793
430
1747
9065
6450
5517
397
713
3724
1474
5703
5462
465
807
3314
7230
99
8292
1569
4423
4713
9602
6509
7875
61
733
6809
6280
8336
5076
3209
368
8844
7132
1223
532
8916
7070
7110
3282
450
224
4030
7629
8080
1732
3314
4258
1639
3864
7198
7947
1118
1547
3868
9170
2789
5387
9975
8348
2316
5531
2752
2269
9943
6071
9523
5512
9983
2357
6538
7788
8807
4156
1421
6096
9451
9159
3978
5886
5998
5584
4835
3208
5877
9441
3860
9555
3678
4928
9811
3374
5379
1876
9148
158
2496
7360
135
1263
8623
7348
1923
2652
5760
5385
7599
1327
4009
8280
1612
3470
2167
4936
9368
3460
2054
957
5160
51
7530
3462
2669
5699
7599
3244
5909
7288
9841
792
6882
6221
5308
3470
7560
1503
8763
3358
9188
8247
1031
7202
131
5747
167
4153
4916
1982
8307
2065
8605
2530
6161
1565
1225
501
5299
6794
2361
5439
6646
1501
8571
9386
4642
611
8304
1765
2691
7450
6687
1491
8350
2260
1134
6276
6970
4773
5150
8754
6774
6228
7761
3588
9065
8567
4486
577
2561
8153
6644
5171
7647
6927
6395
8813
4565
30
6118
837
7818
5163
4952
2323
2755
4276
6652
384
7554
1575
697
8620
6880
2753
9962
7045
7375
9108
6408
8028
106
8639
9218
9098
6677
2759
7995
1455
9747
2313
2470
125
8462
2437
909
1852
862
2230
8293
2640
8493
18
140
5079
3202
7811
5065
8710
3982
9945
9837
1963
5802
8694
739
8715
384
705
6549
5373
4039
8036
2928
4129
2563
6138
204
9449
5899
3909
6847
2360
2480
4184
381
6476
2794
4168
4947
2000
5681
3234
8975
2553
5399
5240
5359
1319
7584
7929
8453
4924
6109
6977
5363
2640
3173
8188
5921
5365
2748
5581
9861
1864
3902
9042
5855
3158
1602
8361
7954
8740
5947
1149
2453
4265
824
4669
5228
2176
5899
4433
9960
524
6988
5816
9025
7151
1456
6029
5334
1444
483
9670
7960
5932
6799
1092
6130
6897
1969
9493
130
386
3729
8190
1637
9130
5998
6618
5819
447
3757
5831
4212
1473
8497
1086
1981
5474
8806
4743
4641
8536
3309
6127
8763
2460
9047
6251
1114
1665
6628
4667
5978
4687
5075
73
9284
9833
3586
7909
2509
194
9267
8024
9083
4976
4206
1818
3983
5666
467
5002
8303
8572
657
5407
7865
4103
5005
4730
822
3994
6822
1880
8337
8580
5540
5364
9034
8104
6376
8399
4319
77
3290
4502
3582
4853
8640
5322
5579
351
9013
8928
3340
9349
9063
8075
8052
1130
7722
5075
4878
580
8257
5194
3842
9396
7837
3135
7451
7171
3903
7839
520
8626
5724
5631
2803
401
6085
3362
7123
1866
8755
4113
1060
4348
5771
1743
1771
4803
4845
6391
6551
6558
2618
2975
2574
7313
5805
4344
4804
7872
834
3709
408
1459
7960
5227
2642
6518
7228
4567
6180
1358
202
8676
2444
4335
1887
6818
9750
5344
8212
7180
9349
761
553
2559
7797
2109
5693
9147
4783
7411
5672
6949
3715
7482
8340
7753
5769
3456
6455
7212
2344
9179
8440
809
2123
444
858
2022
6711
6022
9281
7712
2218
2199
4133
9090
1678
9635
584
1280
9122
7972
8353
6310
2088
9515
219
1220
3578
8821
7990
4897
8950
3311
2275
8846
1613
8946
6984
9595
9360
9436
3040
91
5078
2566
4771
5584
1460
6098
1917
2620
5269
1642
7097
9998
5732
9056
2486
4096
5647
6580
2737
319
772
442
368
4839
7779
7295
3055
6431
5812
1644
6890
2557
2651
3771
7936
5637
4452
4605
8152
8891
9982
6713
1213
3751
5887
2248
8838
2734
2967
9363
6836
7236
7086
7230
281
3225
3362
5398
8392
7727
9032
2395
1131
3200
1467
5813
2729
5360
8449
1859
9588
3006
7639
5070
4362
6210
4625
2206
7126
5804
9364
56
8238
6073
668
6512
4807
9
5151
5928
8129
9130
3467
3812
4949
1813
1186
7024
1629
7590
1298
3905
2761
4273
8653
1439
3055
4634
2862
8466
2536
3126
4838
9873
3040
3387
8274
7554
2308
5647
9980
9791
7259
2090
6957
9243
7462
8098
6431
7714
6036
8082
8964
1852
5863
2627
1199
9807
7855
8690
935
1494
3767
6591
9745
1294
7143
8266
671
544
9757
5050
1564
5798
7705
3324
6793
5020
7104
9624
1788
1681
1160
3615
6615
7732
4678
752
7208
2164
7175
338
8729
7523
9129
307
5783
3649
2841
1321
6339
9256
2433
9758
8667
7388
5613
2406
1931
558
2172
7289
4963
5252
3173
3292
7904
40
5498
6152
2441
5914
320
7494
7462
4590
8910
1975
4793
7317
3193
3400
1558
1872
4932
3375
6065
2705
2988
5188
277
6465
2480
8351
9820
9166
2013
5928
2637
5064
2202
6198
2159
1692
7483
3669
6721
695
6739
2003
7698
8172
9235
5411
6542
8776
6898
6084
9536
1615
5521
5102
8188
9229
409
6108
216
612
8312
806
1429
9344
7455
9422
9229
8482
5947
8644
198
4100
9431
7824
4571
7370
9474
8468
2429
3351
8311
9752
8761
5959
8262
5678
8393
6927
5834
8356
2480
5260
2734
9609
7273
3650
9816
1737
5758
8650
7847
5154
7303
4083
4252
558
2997
5084
3329
5855
7278
8183
8277
8869
7087
1268
5573
2947
6251
4812
6851
9179
9832
918
4332
6334
9381
9352
2140
7582
5481
3643
1229
2421
2347
1811
7753
3518
5676
6222
1869
2229
1255
3650
1212
6115
7788
696
4947
6737
577
849
2036
4719
7250
8797
4721
1844
8824
1074
4944
5863
1392
3814
4615
9491
7791
5022
5372
1640
3587
5364
7156
6580
5422
9564
400
5420
9739
8343
9226
8667
2455
565
9803
3528
47
7993
87
2188
5543
7023
2389
6204
9771
7688
623
9126
6942
1875
122
1455
7162
6559
9768
9236
5424
1722
5355
6075
4482
1867
2305
9255
5134
374
5949
8837
2375
6162
8054
4914
9966
6859
7393
9004
1344
4826
2702
9297
3933
1903
2330
4341
9310
2140
6632
5777
6501
3439
5791
5621
7738
5497
7865
6408
9246
2717
9805
8654
9546
634
5335
1291
2790
1213
3117
5145
3125
2888
8691
4486
9921
4732
382
3979
9937
4049
7614
8910
9857
865
7400
1425
8592
8577
9842
3165
677
5901
6295
5117
3752
6256
66
5117
7232
8818
7139
9803
9612
4791
7186
8725
3583
4618
8493
2261
6786
9916
6744
7761
5288
3728
1157
6339
9917
5327
2394
6699
2364
80
9154
4676
5552
9386
8452
5404
6651
7277
5305
9844
8772
544
2395
4946
9336
4517
241
7280
1116
7934
5488
6422
7891
6534
5201
507
7125
5631
6408
1257
1826
5444
2935
9574
4406
7855
7666
3388
5293
3620
5587
9932
5491
4716
7626
3089
7078
6904
8799
882
3987
2332
339
7524
4961
9822
1061
8478
6620
8800
221
5270
9915
1627
9890
1349
1542
7761
5826
1672
7870
4892
8581
5917
1091
3215
9198
7067
2184
7672
1876
726
3670
1980
4971
6582
808
6222
5527
8787
4972
7693
9107
5042
2345
9726
6900
881
9295
644
6847
7624
1284
2321
8219
9116
2838
5674
8231
5427
6514
2846
398
8516
5536
9450
572
7118
3879
6773
8428
2391
1873
7117
3798
5540
8237
9114
6330
2664
7300
6065
8726
3033
8672
7672
2874
1036
4828
5502
3456
3325
6381
9661
1237
1730
3683
5722
278
1523
6172
5596
559
2286
6111
2918
6191
7956
5119
1709
519
1627
9197
7460
1856
2482
9833
6574
2196
5427
8380
6954
4372
3618
8879
9680
8788
8260
6570
4393
5233
2584
3435
4923
4741
4727
351
3551
7737
3993
4856
9363
4777
9300
3894
2934
977
632
6096
825
7208
6073
1307
3569
6594
3437
2039
1578
8697
5572
4458
1845
1150
1478
5730
819
626
4119
7528
6662
9435
7409
4536
1150
9052
5789
5697
6185
6173
3441
6256
2297
5004
3714
3273
4431
925
9002
7535
7980
2056
834
237
6249
703
1644
6688
4563
4383
3738
2558
593
4209
6003
9246
7735
9826
3697
9437
9604
4697
5669
7796
930
3081
6217
857
1358
8994
1361
4426
742
2462
8588
6269
6093
534
1295
7404
1898
9178
768
2407
2643
3258
8813
5614
7267
5509
2325
5114
4101
9817
7304
9525
9579
9231
3185
9779
3973
5146
3497
7727
1088
5954
7084
9987
7568
8507
3839
9667
3886
5879
1698
8477
5631
7916
8165
7067
4100
8290
3526
4440
4070
9950
3468
507
4479
3247
4998
9842
8307
2430
5468
8716
5861
4730
251
2250
4022
349
9430
523
4508
9892
5642
1218
1853
4349
4695
128
2642
4145
1758
3223
8042
1701
8574
7182
4243
835
4390
1190
6068
8892
5020
2517
2542
8939
8005
8756
3313
1902
4496
9125
7195
5426
1083
6978
7250
4211
4001
6868
2786
493
1355
9225
4076
5994
6240
8626
6107
9520
9978
8643
4197
7758
4558
3624
6581
7729
4454
9743
2952
8379
711
7847
8414
3245
2572
3731
1865
6102
8567
6480
6857
8069
3024
8500
1781
6143
6422
4127
1426
8294
243
5783
4242
3297
4052
4131
5746
3270
6951
5850
3667
5893
117
7558
2654
5510
4132
3552
3284
1557
1050
386
2541
2100
2482
2411
7790
167
2132
1171
2351
5824
8876
1056
5780
3381
7847
8967
596
2029
3861
2767
6918
4256
6659
8579
5672
8821
4065
8217
5171
7592
6847
6043
5052
5998
1335
2392
5706
7289
515
3750
3093
1722
4402
1184
4663
2082
4107
655
4307
3036
7998
9191
6311
9277
6815
4230
6827
5955
6569
4685
1371
9969
892
1541
359
1629
5773
8621
3397
148
56
7026
5621
7596
4374
1726
2722
2915
8015
7341
1207
2821
7164
8313
5588
5973
2167
2823
9762
7916
2163
1685
6241
7083
3626
627
1539
3851
5634
7967
3778
9453
4529
885
2674
4837
1629
7138
2390
2615
848
4000
3301
613
3160
8357
594
1647
1646
4620
1658
780
757
9118
3700
7100
6424
4664
7399
8325
7666
9435
9977
4777
2728
5797
2784
7793
9587
437
7283
1784
9359
2089
3569
2244
3801
8208
3561
8097
4404
2208
1220
7849
7480
8230
3201
832
4808
866
4516
8389
3138
596
2536
5136
6930
1405
9259
174
345
2014
8767
4969
2079
2086
5551
1955
4269
6424
2509
9705
9926
9796
5403
8477
1921
3040
4364
9541
7143
122
7700
5352
927
6606
1667
4633
8918
2247
245
3923
9831
7094
5358
1058
8224
2849
8719
8981
1286
1718
8158
9792
7257
3175
528
715
1323
8326
5160
1371
2601
8907
4293
7257
9588
3193
5454
8168
6293
8670
3882
1862
6020
2181
7503
9169
2792
1976
4423
6292
7020
2342
7170
9410
6280
5319
5984
5549
6428
5540
9405
5295
2972
6623
8784
5960
927
4537
4136
6712
4612
1378
7832
1422
7338
2065
2772
2092
8487
9142
3709
5743
7959
2667
1157
1841
8150
6295
3345
5291
3502
5901
2988
9661
2211
3
3846
589
337
722
5523
5669
8520
6489
2874
7477
3447
4248
8235
2020
2231
7014
3433
2823
3189
9694
7098
1027
2410
4410
594
7035
1009
6636
1850
8658
7355
8400
6462
3128
3882
8119
5526
6948
4643
8156
2985
6135
7938
3672
3169
9828
6391
7250
8759
2125
3798
8826
6986
1731
6078
9657
2317
7419
3791
4027
4050
9997
2448
7509
1845
7731
8364
2730
9188
5208
1324
2278
3829
2401
7090
7245
7996
5799
7609
8696
4645
3405
8802
8983
1143
8029
3822
8693
4280
9199
4817
2240
8579
2200
1144
6475
4471
7827
9358
375
8618
8732
9039
5799
9152
4061
7221
1646
8956
7817
2401
4063
3207
3873
785
2177
6593
3184
5025
5355
233
64
3335
9175
1940
9388
3214
6322
338
9360
5986
9024
1865
1176
1993
6453
9399
8464
3784
6375
3626
2909
7795
7775
2720
6572
7246
68
4103
5487
13
2796
5497
5747
7746
5730
3660
1259
9852
4141
8615
6019
1224
585
5546
5128
149
7941
5869
585
6308
4736
1654
245
1241
285
5245
4355
2895
8203
5530
957
1885
469
8957
1963
9868
4262
571
7809
2211
3432
2731
9478
8711
1933
2499
5354
376
5840
2988
7651
2966
7194
4576
5304
7505
630
6023
4498
7057
4720
9540
7635
4308
227
7460
2961
2356
1011
7953
4589
4521
6560
1303
7609
1330
8422
9310
6761
4051
5028
3315
2570
5583
1525
9275
650
4737
3559
7562
4305
4832
7481
6905
922
6466
7798
6007
643
5
2452
3586
9587
1835
9718
7968
6641
4031
7188
6440
6205
130
9915
9966
3229
1210
6322
247
8925
4843
324
7591
9124
430
2563
562
8919
387
2057
8132
9005
4440
8932
9832
1584
2731
3879
6802
5238
6177
929
3386
4406
4796
1061
9411
1238
3858
4424
8819
6376
3195
9154
8329
5594
7998
5087
2824
6897
8235
5599
8630
4012
2387
973
8140
4370
4376
4620
5500
4140
5957
5814
7417
255
9434
3011
9953
1807
6432
4898
2852
4832
9851
5471
7925
6245
5717
9758
9490
7899
111
9068
9783
206
2834
663
1229
9360
7142
1850
3605
7726
9888
7458
2190
8540
7125
2732
7543
9170
3455
343
8419
2208
297
2643
8182
1945
4768
9795
5592
7161
8669
2513
9043
3426
1623
4698
3120
8204
4242
6425
8125
8166
6291
1596
7177
7109
7049
7339
2753
4435
7594
4904
5826
1113
5067
9431
5693
6147
2040
2511
2988
1599
8585
8027
5284
9620
520
4573
7389
1314
8524
7630
5837
8711
8093
7893
1977
3565
3275
5270
3936
8790
2993
2098
9257
3706
4214
509
5281
9997
2688
3745
8294
9092
667
5838
2461
2550
1453
3606
815
3129
2549
98
6942
555
7259
9528
7846
3746
5269
7177
2407
5887
7102
5081
8147
6089
6687
1140
7772
9045
2866
4142
912
7000
7676
5471
4345
3738
9188
1933
8334
5346
2429
7563
9520
3574
2613
126
2407
8698
7155
3576
9472
3395
1177
4208
1084
5651
9977
7981
6981
7821
6321
5513
8644
8594
8067
4965
2538
3082
3067
1767
4087
7850
2392
9181
1998
4956
6527
3461
665
4940
4393
7344
4140
912
3185
2897
490
9796
8204
5334
6352
7202
6768
2773
3737
9634
6751
2397
6566
6808
8149
6104
9411
1524
8865
6158
6391
4222
1325
406
1164
7781
1328
5586
4641
9465
5599
4654
6446
9344
1536
9088
3360
5689
8042
5179
4559
4010
3236
6974
8630
754
8829
9494
2215
6650
4333
258
763
1074
7267
4598
1970
1161
257
1349
3952
2301
5035
5392
6556
1063
878
6792
2867
6201
1561
6718
5868
6505
2057
9006
9050
8118
4090
6862
7322
7361
3045
946
5846
1327
5343
5442
9053
8080
278
8436
208
5035
9226
5213
2724
7910
5808
7335
5967
7948
8769
7848
6983
5379
4833
9143
8091
5520
5318
2996
1861
1469
7618
7293
1377
3660
9925
4789
6894
1035
5139
661
5456
1469
1328
779
8818
2750
2517
4108
2614
3065
5025
8095
4766
3880
8632
4553
4027
527
3585
5795
2044
7571
6019
1976
3094
2250
7717
790
5085
4937
7271
7429
120
424
9262
5442
2018
7414
515
4009
7675
7476
4284
6127
7308
6384
6383
5755
8463
3893
3426
7241
2068
2306
9393
8688
5120
5410
6196
326
9144
4461
9022
2028
2991
8813
7447
3663
8597
712
8585
7547
2775
8034
7522
9161
9393
4132
4122
220
7290
147
9668
540
3913
1837
3439
9308
697
4809
8659
2993
5110
1056
5541
737
6657
7313
7889
3314
7118
5785
2570
5254
5401
7913
5330
6727
7510
6519
8116
5141
1239
885
1735
1745
2170
3625
9662
1895
7077
8031
8817
1740
9566
9289
4952
1843
1016
40
6696
4273
4765
7061
3496
8265
4240
1001
5653
4013
1484
3356
7929
6567
3061
7461
8211
8971
8757
9808
7278
3443
2662
2421
1457
2922
1807
5191
1240
4821
6053
460
8272
3694
6368
8759
3856
508
1714
2426
570
3249
6700
4570
8413
1252
8908
4872
5992
5007
2662
4861
5498
8078
1668
5394
322
7788
8881
8829
9555
32
2219
4388
4585
780
4702
2361
6063
3866
903
3343
1025
5510
5386
2467
307
8700
4354
3672
9023
3151
9499
8434
7399
8882
9965
4868
7972
4998
9428
7886
8463
7468
9863
4103
6901
3627
7401
7548
3602
6552
3160
6409
5486
6991
8133
2656
7125
6040
7670
2556
6059
3023
7280
5125
1393
2646
7418
711
1455
239
3697
2861
1022
3491
4663
5962
9653
6495
4314
2575
2754
5505
2929
8624
8685
8594
4820
8796
4355
7182
432
7230
169
714
3494
4743
3249
5806
59
3452
8360
7998
1788
8283
3490
478
5764
8187
3416
1929
9752
5336
7060
3661
2335
4046
9924
2546
7337
5626
8337
7860
4979
4540
952
5584
902
4001
7676
5047
1623
8804
982
7225
6972
6074
429
8667
3280
1856
1362
2302
3745
3862
5346
7608
9304
7272
5024
6900
1049
9273
2301
2569
228
2133
3342
9636
7095
3558
1790
5665
1503
642
101
7663
8815
5754
3803
283
4449
7386
5259
7700
4759
3585
2498
6381
7432
9090
3619
8933
4467
17
774
575
6559
4190
6579
7790
2723
878
4092
2000
5655
7767
4506
1367
2241
3663
8885
4366
4527
1223
648
7645
801
656
3041
1551
2315
9329
2163
3975
7022
5364
7474
9964
3989
9011
8889
3362
691
2356
3168
6866
2060
7791
7352
8055
9238
4116
2766
2044
3236
4075
1507
3932
6377
365
4883
8380
894
4144
2533
2025
6576
5422
6264
6652
1735
72
8007
7544
6907
2646
9738
2026
8054
9235
9837
2503
7847
1036
5028
8891
137
8825
4280
8033
4718
8106
5902
1222
4389
4335
9960
7551
7955
672
9495
9191
8349
9728
4263
4861
1592
9392
2059
8885
2753
6700
497
6316
7093
5140
8590
789
8385
9536
974
9798
9220
3945
7917
1349
7420
6573
1914
3952
1507
8809
7790
373
7338
9686
6999
3602
1911
4238
4740
2104
7025
951
8965
3876
4908
255
8122
549
1173
4156
804
1461
6684
3784
287
1050
8823
9794
4432
8447
5665
8109
8043
7038
5254
224
3423
5223
2349
6246
769
891
9176
9226
7221
9894
7399
456
7550
91
6926
5727
1723
725
8257
9236
4402
913
4343
7524
5617
1514
4319
9147
1769
2790
6328
9347
1574
7647
3820
705
5725
7648
6927
7312
9010
1010
6991
7697
7070
2018
6203
2638
7814
5560
3451
5760
7992
5860
7052
1999
4351
23
3113
4521
8312
6065
8156
3969
849
3494
4276
5951
6648
7929
4371
423
8497
8593
2487
4765
4745
8081
3720
4743
9037
2865
1757
1196
4715
8997
2701
9687
7614
6533
1606
4289
8671
2025
1169
422
8812
8947
5943
6586
596
8334
6533
1757
7945
2897
2220
1209
5039
6426
1629
5139
6384
4766
386
8292
525
8560
2578
6155
2001
1181
4205
4618
6468
3904
6120
9316
5229
5514
7741
126
3633
3243
150
9484
855
5611
2115
7663
7001
7792
1378
256
6135
4824
4524
9832
7790
240
8759
7522
1941
724
9343
7233
5136
1687
6229
6038
2882
3806
6575
5661
7560
668
8909
937
6570
9735
2946
