2344
0
-6988
-4122
-6384
-7749
-6924
3420
-412
-8828
-5131
-2460
-1563
-1656
-4196
-8132
-7310
9801
7038
-9436
8178
-4207
-6355
-2738
9813
-1236
-5740
1937
1368
-1216
2754
7933
9668
220
7189
9012
9914
3678
-4271
-3714
-1951
9478
6507
-2746
-6348
-9893
-4556
-2414
-4434
816
-2131
-6365
-9326
4132
-4184
8140
-4985
232
-2742
-5699
-6494
-2263
1642
334
4751
-309
-3155
9508
-5690
-8183
1203
9959
-9646
2828
5925
-7989
1872
8838
6097
8254
-3271
-7527
-2508
-9110
6005
-5623
-5754
7063
-5859
9964
2393
4980
5114
-7732
-3505
-3537
991
-1084
5157
-3848
-8596
6878
2811
-9555
-2766
7172
-3699
-5041
-1805
2683
3774
8663
9720
-8143
6100
7390
-8705
3879
4203
-519
8820
-2377
1203
-8585
1133
-9506
-3000
-2106
7467
-9095
8633
3295
-6744
9442
6372
5393
-733
3026
-6111
218
-7774
4697
1128
-6871
1299
-8710
5251
429
3495
1709
-1335
-841
-4415
-1519
-4102
2407
-6074
-6953
9329
421
-2066
-8158
4639
-1960
-6675
-9598
-7998
-2534
-1120
700
-2999
3835
1850
-5377
-8101
-6814
-2018
-544
6828
-8069
-5371
4224
-237
-4095
-5586
-8770
-3843
-932
2970
3156
-1408
6742
-9813
-3738
6636
-1920
6369
-7806
-6095
5154
9402
-6476
4233
6113
2373
6737
6824
1456
-4327
9335
-6275
8286
5279
-347
-6967
-5525
1989
-1569
-4060
4485
-9294
-4272
-5804
623
5917
-146
-5771
-3650
-1948
9557
-8339
9927
9912
-8103
7873
9585
-1917
-9156
5225
-1047
7598
-8616
-8669
7626
4708
5760
8413
-696
167
-1645
-1281
9029
3491
-5517
-8010
4378
-4876
-8824
2900
5295
-7383
-3770
2839
7664
6399
-9798
-7500
-1981
6282
-580
-9903
4655
-7103
110
-1289
-8223
2651
6815
3283
5697
3205
9337
-4922
-1824
8355
4373
8827
-293
-3342
6573
-8812
3951
6909
-6531
-5759
9606
8539
9369
-4461
-895
7612
6256
4596
-8819
5760
-5450
695
1086
-7880
-9956
8421
-7755
4860
7215
-7446
5957
7830
-8145
-4434
-314
4862
5033
-8870
9382
-9627
8635
-8161
3962
-8809
2343
6305
-9591
-3424
-1688
2175
7524
-8269
475
-2910
-2563
3824
1074
-2535
-1271
-1827
-2346
-2137
-4909
-7064
658
4754
3881
5211
1829
-9170
-2788
5393
9688
3736
9948
7038
7218
4865
-5528
650
-2119
-4233
-4212
-2000
8044
2288
-3099
-8839
-651
4639
-3718
-2847
-8038
-1612
-1968
-8913
-6174
4224
-7674
-4007
-2171
-4128
3158
6563
2670
-4729
3397
-3333
-4008
-3589
-1723
-9508
9825
-2549
-4993
6768
-17
-8239
-1819
3405
-8753
3987
8406
-5659
-3817
-3481
-5858
5070
-1401
-8252
2998
9175
4068
-515
-572
-4720
-5541
7665
-3410
-9541
-9616
-2364
-4973
-6556
-5065
2812
9115
-7526
-1367
2334
-5617
7087
-1459
-433
-225
-6626
-7958
-5389
1023
-6208
4816
96
1106
-472
-6469
1528
73
8911
-2626
3164
4250
-5486
-1746
-6644
4597
8229
7270
-6693
-3724
8572
-3334
-2555
2542
-5250
-6828
9034
-2263
-4169
-4548
6121
-78
-822
8387
1770
8025
4105
-6984
-641
-2928
-731
-3802
-5468
5786
5753
-5305
-562
-9419
3582
-8796
-9467
-7100
6854
5440
-55
-3257
-4093
-4736
-4610
-613
2555
6238
9951
-5450
-3236
8364
-1548
2161
-9206
1795
-5318
1231
789
2028
1473
-4131
1589
819
-627
-463
3757
5177
6777
-3339
-466
1482
-4257
-7886
-1838
3952
8546
549
-5076
-870
9826
-1252
-3727
7971
-3009
-4655
5409
-7591
-8701
5378
-5209
8243
-6843
6021
8917
-1643
2514
-9226
4617
-7586
8413
-2202
-6760
-4450
6686
3667
8384
-6171
7168
-440
-800
2861
4167
1947
-4289
8203
5514
4423
-8445
-2422
2125
9297
-282
-2544
-9104
9871
9187
1269
-1045
8635
-77
-7183
-4647
-2276
5485
-5556
1858
-7412
2713
6982
2600
2804
-4360
-556
-1458
2215
-9663
1483
2113
-1035
-12
-5357
-3289
-4006
2111
4879
2608
-4278
389
6668
-8648
-3884
-7387
-3130
2043
8951
3670
-9358
-3394
-6119
-5202
-4301
2530
-4762
6043
-9233
-4709
-2654
-8239
-9756
-857
4415
-3904
-7582
9717
-2866
7985
1978
8520
2996
3838
7885
-719
8870
7083
352
2189
-4781
3099
-2306
-3590
5191
1243
-2025
4222
538
6762
4271
-938
-1398
6089
-2481
1370
-7137
-9314
-7248
-1390
6732
-191
-2475
-930
-9547
9390
-4308
-8113
6651
4307
4492
3744
-2667
6874
7001
7039
3680
-5869
6674
6879
5972
9273
-5269
-4890
-5794
4732
-4427
4263
9299
-3292
-6319
-9387
-5786
-1723
-4556
-8728
-8173
4760
3101
3004
8376
7194
-5455
2987
6393
-6996
-1674
-5004
-758
4074
-9874
-6959
9612
-3271
827
-4892
6910
-7655
3804
-8605
-8430
-2822
5159
5132
1608
-1668
-8192
-5118
2657
-5939
2532
-818
5060
3876
-572
4995
-7559
8079
-1614
-5941
4460
-1439
4290
8543
-7241
4070
-3307
-1028
-9818
1527
1596
-1349
-9889
4300
-4365
3508
-3991
5545
8496
2738
9372
7101
-3023
1014
-1019
1123
-5271
-711
7653
6782
2677
4520
-6237
2720
8329
6990
-9942
4744
-8917
-9746
-6227
4857
-7321
9775
3824
-7392
-418
-1373
-5348
6326
-3968
9128
2779
4414
-9972
8267
-9171
-7638
8535
-4474
-6191
9636
-288
-2277
-7218
-246
-6496
4081
4295
6081
-348
1801
-5613
9078
9260
-4196
9409
-2024
-9697
-1862
1135
-9002
-1767
-1844
3881
6229
-1587
1106
-576
-9614
1574
8268
-8304
8076
-4014
5874
9132
2005
3207
1716
2687
4400
-2927
2344
5295
-8088
-5514
-9353
2973
-7497
-6304
2338
4979
9845
6859
8818
-3801
5369
-6585
2297
7885
-3320
9622
4520
7958
-8844
-8401
-695
-6339
8809
6304
5980
5688
4195
-9334
4108
-461
-8777
3231
-7833
-8869
2767
-6743
5076
3832
-6267
-2816
4352
4400
3139
-3686
8442
5847
8454
3763
-3418
9736
-4745
-4469
-3283
-3014
-4736
-7955
-6148
577
-9915
-3630
8867
-7743
4971
-9481
1391
-7666
-1914
-1129
486
5307
4046
2771
7819
3027
7147
2856
2908
-1347
-1772
2772
6604
4763
-7502
-1589
5536
671
7484
4975
-1563
1051
-5223
7016
-7476
-1409
1807
1854
2604
-302
6665
-1632
-4141
2411
-3498
-7685
9514
4442
5706
9066
-3221
1552
9874
-4872
-1410
7482
6659
1403
9386
366
2136
820
7068
-3524
-5234
-1756
2672
-6452
3686
2885
5486
2916
-9628
-4026
-3269
-1789
-5433
-6227
-5466
4585
6464
776
7980
-6053
528
9767
14
9218
9279
185
7587
-5289
-3796
-5540
-7277
3470
8028
-1207
-5179
-9132
-5259
-5346
479
1067
-5294
684
6122
8936
-6549
-5678
-7607
3045
-1590
5154
6382
8640
4578
105
4997
4159
8001
9090
1976
5969
-7739
-7756
-85
6363
-8063
-6229
8290
-8579
-3510
5516
1543
-2277
-1466
-5996
-5631
-6811
-1262
7582
-1932
3729
-6748
8527
3807
8181
-6149
-1113
-9944
-6535
-2120
-6361
-8785
-1377
-2969
-1222
3088
8849
-6577
9675
8687
5722
6859
-38
-6434
-5121
-2939
-7144
7373
-3632
8615
4064
8820
-8024
4709
3847
-4263
7534
-6992
-3516
-6880
5792
4584
-4253
9642
-4466
8906
-9604
-2353
1464
608
1925
-7134
-9446
-1713
-7918
7800
-6778
-4082
3480
-5889
4437
-9214
-5787
-2669
6873
682
-3748
5489
4095
4545
1160
-58
1486
-4356
-8770
8712
-1008
-4882
-9104
-2980
-2536
-7627
6564
2522
9651
5385
7191
4805
-1228
-8985
-4967
3062
7858
-9002
7796
-5699
3917
-1883
8422
6286
3213
3618
5787
4232
3483
-5219
-4239
7155
899
-5302
947
-6665
9260
3180
-3905
-6843
4935
-9348
-68
6128
7470
6923
-3434
4786
5599
2736
-1839
1884
-6304
-5749
-4281
-1958
-2375
3936
3042
406
-7946
-6486
-7790
-9956
1451
-6022
615
-7019
8105
-349
3935
2405
-6685
3037
2170
-2539
7487
5301
5230
-6184
498
3791
3410
-2130
60
-9451
6475
-1461
-8663
-5008
7963
7952
9273
8270
1940
-5640
-8468
-903
5859
-3571
1757
1690
-8106
-2940
4013
-5459
3737
8606
-9967
-1239
7785
9827
6767
1580
2180
-2713
-9535
-3572
-2903
-6714
-8746
-1822
-1175
-2815
-6122
9737
-6291
-7703
-971
977
-2883
-7726
8785
5400
-2384
-9198
-6746
-7120
8309
-1937
-5893
8780
6958
3950
-4811
8953
-5613
-8092
-6218
-9327
-3376
9927
8994
6261
5244
-5919
-4051
7307
2140
2959
8246
9453
3994
7153
6726
-4155
-2487
-2912
-9506
-3459
1701
9572
-6165
-2311
1827
-6159
2713
-3173
6163
-8745
-9167
8064
-4364
-5919
3885
-9884
-9199
4277
4771
-499
-541
-6477
-2229
6075
-99
8276
396
302
8785
4339
-7483
-6316
-5665
2309
-6749
-1058
-5805
-4385
-1159
-4432
8635
9151
-1842
8280
-2611
-4010
-8841
2268
-1772
12
-2415
-9405
2003
-4951
6584
-5223
-3507
-5
-2116
-5433
-4466
955
-8341
-1920
6683
-6373
5785
-5388
6612
2478
-859
-9609
987
-5760
746
-3613
-78
-6698
-6096
795
6798
9888
2695
-1399
-6331
2510
-5948
1625
522
-2135
8923
-7295
1078
-7149
6229
3172
7007
1932
-5991
-7475
3559
6248
-5686
8023
9958
2819
4161
-1899
3558
847
-8484
-2611
-4229
919
-4246
699
-4594
8295
7650
4729
3565
-231
7904
-5342
726
2264
2184
529
-5226
6971
-4664
155
-8670
2554
4853
-3226
-4273
-5055
8300
2950
-6829
-8434
1366
-4322
7731
-5026
-2478
9276
-9969
4476
5319
6697
8276
-9120
1329
5899
-7574
-8825
1676
8592
816
984
-7362
8636
3921
-4646
7468
-2145
9650
-4232
-6398
-4630
1363
-9261
-5199
-2622
-3487
593
-5179
-6394
3354
-6326
-3049
-9254
-7190
5683
6571
423
-191
-1796
3758
-7285
-5957
6376
-1023
3002
-517
-104
2552
6590
-3193
8939
-6078
-8454
-8120
-5536
9455
7429
6724
7203
-6133
-6776
-6673
1362
-6970
5328
-383
-243
-7687
3035
4184
-4750
-3838
-6609
9910
-7512
125
3567
1290
-7463
2478
4635
7797
-6140
935
-7408
6858
4311
-506
-2630
8649
4864
-7352
1302
-7977
4591
-7170
1296
4498
-2706
8711
3366
-6930
1625
-5728
-8715
6716
-9934
-2498
-6737
-2136
9902
5977
-2482
-43
9258
-9684
-9432
6243
-5120
-9666
6433
7264
-5473
-5683
1495
-238
6951
9765
-3672
-5341
5843
4376
7056
7433
8715
4099
9834
5704
7393
-9932
3068
-2771
7089
-1628
9128
-819
-4525
-147
210
-2738
4623
9522
8903
173
3118
8354
2728
-9436
-6827
-7925
377
4841
5794
1960
-459
6582
8902
575
-3633
2802
4797
5744
9123
-1568
4978
-6158
-1779
-6194
-7593
-2557
8771
-6949
4355
-9931
6800
2767
8535
-2818
-598
-7005
-6362
-4419
-1212
-8685
-5012
-4009
1859
-47
-183
2690
847
898
9594
6589
4312
2443
6321
2255
9236
5341
5814
-9748
-1834
1463
-106
-5409
-4755
5923
-9723
-1335
-3898
-3987
-4937
-5829
-2872
-4458
6503
749
-7806
2295
-7176
-6361
7903
-2558
-4089
7820
8070
8056
5045
-9460
992
4382
2997
-4958
6408
-7495
-9194
8473
-4687
5477
8159
-335
-5
-1807
-8371
-2256
-4983
5851
-6038
8951
-9155
-1154
6950
-4795
-2844
-3978
-9452
-9873
-3495
3251
-3825
7510
6280
-4618
-6575
9201
9906
1096
-5303
-973
-6719
9420
-6590
1728
8658
5933
-8152
8087
-4779
-6376
-5349
-962
-3076
-2039
2132
-8831
2801
-3411
925
3056
-2007
-9020
-3909
8402
4477
-1057
6885
320
-6362
6147
5960
4550
-6865
7621
-7558
-6324
-207
1234
9555
7894
3123
2217
-5403
8246
619
2068
1403
-5707
7567
-2431
-3670
-9813
6885
-5030
-7879
4627
-1819
-424
1496
-7332
-3577
3437
-978
6459
-9678
-4885
6178
8069
4673
5868
-9672
-5995
-5302
-4196
-3461
-4494
-7496
-4594
331
2961
1750
6575
-9619
6583
-540
-1021
1866
4217
3116
9842
8264
-6235
9555
1126
-9301
2262
6712
-955
4466
-4987
-654
6000
9805
-568
-3897
5087
-1487
4814
4303
-2684
1682
6409
9886
8156
1359
5937
-8687
-8514
-1665
-4719
1895
7907
2098
-7139
6623
-8828
7626
4471
3382
7448
-442
8101
-4990
-4444
5514
-4460
895
-1858
-6445
-2132
-8936
8307
-2846
-116
-266
-331
-4706
-8157
7933
6014
8854
-389
7355
9000
-821
-6946
9853
-3079
-6945
7815
-1357
3405
-9450
-6273
1691
-1097
-5197
8435
-168
7758
-9741
-5747
6320
-9723
-4446
5471
-5393
-6528
971
6817
2890
-3527
-9775
7509
-5044
3802
-9145
-1048
5851
-6733
447
8245
-5256
-1912
4452
-6433
8231
-1983
-4272
-2626
5768
5408
-7594
-7248
-4933
-2360
7099
426
-5709
-5089
6699
-6307
3299
-6395
6780
9503
2909
-7422
7193
-7071
-9550
-6329
9133
4309
-4892
-8391
-9593
2204
-9184
5318
-4559
-732
9451
8437
-2910
-9887
2124
5291
-1730
8401
-8172
-7697
8173
-9988
-8600
-3891
3851
3400
3374
7313
-8024
-2395
-7378
-1393
-8518
-1562
2854
-349
-2280
-8627
-7283
-6693
9309
-8784
-657
-6190
5455
7258
9362
-8391
-7214
-8453
-7188
9970
-5449
7927
6166
-3274
4222
6662
9558
9476
-867
-2250
3909
314
62
-1685
-8946
-457
-2552
2419
2022
-3117
-6246
-3312
4504
4576
1101
-8842
-1986
-8037
-2195
-5309
-7873
-3629
781
-6642
-8250
2182
9361
-7902
7272
-8317
-27
6641
-2397
-6754
7637
3590
744
-2749
-3204
-3540
3082
-7680
-3602
6784
-5738
-7201
-982
125
1746
8096
-8777
4590
-9470
-3642
5799
-5726
7547
-1979
-6000
-2542
-132
-4134
8350
-7432
-1230
3229
-7537
-578
-7042
-8504
-1389
-9931
-2775
-1536
-551
-427
5202
4321
4952
-248
1577
-9690
-8685
6935
6485
-9156
-9116
-1142
-8672
-4034
-6756
-6839
913
-2742
-1569
-9237
-1886
-9783
-5171
3091
-3587
-672
2968
6504
-5667
-2167
1831
-3926
6137
101
510
-4115
8729
9602
5084
-8166
-3925
8119
-1629
4392
-3334
-1013
9890
-1540
-6194
256
-3890
-6399
-1349
4321
-4986
-189
-6757
12
-3633
7552
-637
5715
7102
6856
885
-7924
8126
9777
3897
-8355
-595
-5144
-1893
3598
4277
1106
1800
-4522
7921
-1723
-2570
4010
25
-9398
-7017
-2772
-8095
7982
-7342
8350
848
3862
5207
-8612
-4624
-3291
2173
4225
6869
5789
-3922
5248
5930
3062
-7898
-3942
-820
397
-6084
-4644
1630
3944
-9103
-8130
-6127
-9635
5912
3010
-3865
-2135
-6024
3089
-3193
8706
-448
-2901
-9930
-5443
7566
-7585
7714
-2950
-8510
862
7400
6990
3642
-9500
7017
2674
841
6148
-1667
1018
4348
-289
-6450
8864
-389
-8491
-80
-4489
6033
-4006
1127
-7957
1172
6230
2187
9993
7308
-5491
2529
-4451
-7615
7648
7999
-7693
2641
9174
9293
-9272
-5345
148
-2803
86
-4680
-498
-2771
-2317
6941
501
2157
6334
296
2697
-3086
1891
3245
-9244
2277
-1173
-9277
-2306
-5604
4432
-8511
-517
-4730
1119
-9780
-7710
-5673
7129
2896
9952
-33
-93
-4385
-6148
-4371
1133
3322
-3132
9744
-2161
-22
2126
2390
2622
3275
-7561
3148
-9584
9428
-2950
-2859
-4060
2198
-2516
5255
-7014
560
8624
6220
-4842
-1663
-4684
-6002
-8132
-6319
6073
691
-2688
8930
9983
