6378
0
-6226
9345
9023
-2559
7809
1851
-7408
645
6371
4627
5087
6708
1176
3119
57
4844
-2061
-8664
-5456
-1410
-1468
-9198
-3440
8688
-6232
515
-6974
4522
8579
-2502
330
9947
660
-645
-902
-1649
-5444
-9191
-70
9512
-9201
5494
-3742
-5820
-8395
-3155
-2894
3695
-2741
-7503
-3537
906
-8525
3389
3447
-1836
6016
1513
5269
-9460
-7381
-3886
-9388
4252
9300
7213
4003
8320
5139
-7376
-2344
7642
40
7457
-5258
-1524
-9314
3859
687
8977
959
-1633
8287
-7289
-8728
-9571
-5437
8825
5368
3061
7960
-1179
419
3429
-2930
-1964
2200
-9836
1750
696
529
-8517
-8844
4535
3175
1000
-9431
-2373
-415
-45
7920
7944
7844
-6840
-2575
-3282
-5790
344
8870
1774
-600
4010
1728
4722
-209
-1187
6556
-9670
8233
7711
-55
-7903
-3533
4243
-3857
4467
7663
4661
8850
-9003
-256
-6859
-3699
5879
4008
-4865
949
-4256
-6006
2893
508
-7469
6663
-8694
-9168
5079
-6547
-8110
5102
-2432
326
696
-1872
8816
6990
-2785
1524
1679
-4713
3037
-9529
1822
883
-6622
8822
5577
1860
-3443
3193
8260
2661
-5862
649
-9483
3802
5926
9843
-8489
-3722
-6254
-7875
4024
9485
9440
9268
-8039
8351
9659
5287
2402
-9530
-8212
6815
-5203
6435
3765
1267
6753
5353
-8914
-2318
-2302
9824
2521
2703
7039
-8756
-1511
-912
-2109
-7586
-8959
-4081
-4753
-8878
-7803
-7612
-2796
-6885
-2125
-2797
2885
-3085
-4488
-2983
1720
2771
3815
-5107
-8337
-6348
6176
-709
-1824
-2163
-1345
-1620
1728
-695
-1692
8244
7077
4891
-4742
-246
1955
-9272
6336
-2665
8710
-9636
-3589
3343
2990
-927
-3898
1571
-4993
-7669
-82
-4816
8653
4957
2450
-5661
7185
7423
-524
3385
-5868
-3721
863
-629
6517
-5164
241
-6968
2868
-8991
-2720
9282
4148
7813
-9014
2433
-2013
9014
5845
-9802
7801
-6608
-7805
-3411
2554
122
-8454
2119
9442
-1854
5335
5296
4205
-7956
6756
5258
5067
-7320
1835
2195
-4037
7201
-9612
-3989
-6161
9642
2946
5710
2510
-9687
5462
-999
-5687
-3438
2105
-973
-6697
-2416
-6690
6483
-7558
-1363
-5489
3571
-7528
-5900
2614
-9079
-1861
4034
2028
1337
4110
-8131
3995
-5765
-7778
7993
-8023
-2245
-4528
2842
-7783
-3875
-3322
3604
-6846
-6162
-4732
5326
-6054
-8790
-6125
-6903
-9738
3358
-6288
-7968
-3653
6262
1771
6385
-3425
2281
8403
6751
-7805
-455
9090
884
2452
-5419
-2866
3397
2608
6217
-5196
2855
-4495
9544
-2534
-8347
1893
-488
-3879
8665
6007
-5165
2822
-6775
-8784
-1708
-8709
7687
4233
-6212
-4755
-1149
7229
-415
-4845
733
4072
-9725
4861
-2928
-1914
-540
-8163
2454
-7844
-9510
710
-8676
724
-9681
-4946
9312
2988
4775
9409
234
-7052
-1631
9233
654
7182
1920
-4814
49
-1403
906
-8482
5880
-7849
-1079
7721
7147
2879
-9657
8447
3314
-3697
4257
-5206
-2109
-8026
6713
875
-2370
-925
3479
6463
-6816
2420
7834
-5455
8946
-1033
-9446
-1883
-6967
-8995
-627
488
5567
-411
577
-7318
-458
1679
6223
5628
9377
-1186
625
9781
-3804
-7548
7315
4143
-1235
-8281
8179
-761
-465
-3426
-2709
1329
3351
9836
-3953
3230
519
-7424
-2909
6315
8549
-8440
-1201
1488
7104
-9947
2579
-7875
-3614
4330
-4154
8117
-4206
-6683
-1397
-534
5684
-3160
-5753
-5638
-1489
-2506
2101
-254
5062
-4482
-7961
-5534
4172
1471
-7528
1330
4182
5624
2076
6972
8322
228
-6707
-9316
5715
-5110
7300
3691
-1685
9224
5567
-709
-5181
-4054
-4312
3811
-8165
-453
3503
-9539
5223
774
7423
-3484
-2196
9114
7064
145
-5797
-1449
-6193
-7320
6561
-8294
6150
-6415
286
8040
9030
8032
5132
-9141
2490
-1033
9606
-9971
6456
-6245
-9550
-5064
-6152
22
3747
3302
5839
4532
5391
-3342
-6660
-1405
3062
5745
8513
-3582
5102
-8099
5890
9818
-7640
-6262
7084
-6269
-2059
5185
-3195
-8551
-3166
-8951
7183
6845
-1805
6647
-5104
4090
5136
-275
1578
8037
7990
9332
7847
5323
554
2652
7567
-6369
2345
7274
-9036
-2611
-3619
-7482
-4102
8696
6215
-1764
-9508
-1346
979
-5726
3869
-8776
-7920
-1566
-6838
-2506
8535
-4550
-4101
6519
137
6276
9486
-5314
8313
6893
5010
1731
-1679
-6447
-5197
9529
-7921
3515
-747
7795
6164
8106
3333
3911
-3115
-1048
9014
7461
-2267
-2488
9599
-3086
3575
6496
2620
-5058
870
5872
-1316
1911
-9756
7527
6497
3098
1201
-5396
-4152
2412
2666
8357
5191
4965
7934
2924
-2521
-7612
-1739
-6573
-4321
4204
2721
-3345
8495
-7563
6647
6235
-2929
8466
3880
-5970
5250
-3393
5008
3943
6421
-7486
-7467
-1731
2832
-7071
-7454
-2344
6551
-3941
-4112
9549
-390
-4647
9063
-8978
1031
1206
3102
-4991
-1434
8455
2106
2970
6855
1819
2648
5412
4628
8190
4474
8961
-6799
2826
-1000
2822
2514
6029
-7159
1685
2729
-429
-2988
-2557
4495
7967
3701
-8954
-2048
9525
-6262
-1722
-7923
8740
1541
-3292
-4965
7524
-7158
6814
6215
4590
5164
-6189
3373
-4271
9583
-2303
6092
6689
4215
-6810
-7518
-1973
2858
7478
1178
3066
-1603
-7109
9084
7025
-9883
7795
4540
-2093
9188
-1775
-6541
3678
-8039
-7175
2907
1791
1031
7849
1464
-4572
7551
-65
-3556
-6881
5801
-7353
-3359
-4646
-8703
6061
9632
-1827
4354
4413
-1377
-5208
3703
2381
2003
1902
6626
9549
-2000
-976
-9115
6168
-8561
2942
-528
-8405
1580
-5812
7562
-5875
8992
7434
-5986
5305
2640
-8232
2907
1575
5047
-1146
-3585
2309
-7099
-1738
2074
1669
6807
-801
6641
3242
-9434
-1022
-5936
2298
2295
-658
9324
5796
-5296
-879
-12
-9850
7096
6157
-5854
2286
9429
5187
4647
9256
4139
-1476
5514
-873
-2849
7018
993
-6036
-6417
4743
1164
2361
1157
6256
6251
-4583
5735
4690
-8726
8581
-2143
-6635
1712
-5342
-6030
5083
6256
-3254
-7754
-5703
-1411
1235
-9852
9162
4328
1992
-9195
6893
9001
2660
-5144
-5327
-6765
-4677
-2662
3806
3446
-5863
9358
7397
7652
-2461
5635
-2973
-9652
9039
7039
5004
6683
5635
6272
8478
-3951
1401
5525
-8920
-6249
-4396
-3845
10000
-221
-4744
-1095
-662
6486
6233
-6646
-10000
-1397
6497
-9821
-202
-2452
-9517
-2354
-2962
579
-7890
-5638
5003
2452
7144
-3568
-2089
-502
-8221
1382
5066
4345
4622
-1569
3174
-7309
5274
2068
-3439
-4192
-4505
6505
3166
9643
694
1121
-6386
-8880
3085
3442
-1672
6256
1933
4614
-4042
8719
3517
-9215
6259
-8105
4322
2212
-3148
-2522
8139
-3395
-3321
-5820
-1106
-4182
2472
5652
3527
-4606
5683
2603
5073
3865
-3237
5866
-9109
4845
-8854
-1845
-3474
545
6765
-917
-7560
-7274
2739
2087
-5255
-8390
-9404
2664
-2373
-3111
2780
4525
814
-7792
-1573
9632
-7507
8431
-9238
4203
-3361
504
-9083
4108
-9637
-782
7647
-6683
109
7163
519
9896
2334
4522
-1400
-6522
9697
-2871
-1255
8458
1090
-8076
-3514
8831
-8631
-3365
-8658
3256
-8853
-7471
9062
6693
-6489
4082
7547
-1220
-7779
2608
-4529
-5804
7586
818
3167
8530
6316
-5223
-3496
-2233
-556
4380
-2846
9476
7390
-2404
-7365
2424
-3557
-9104
-318
4970
-8869
-9210
-6420
-3755
-8929
4052
-119
3071
-9654
3160
4988
-3583
3619
831
4417
7982
524
-7922
97
-7610
1345
8149
3040
263
3824
3448
-6022
-2659
2057
-4469
1032
6311
9898
-4183
-5178
-3323
8963
-9628
7620
3436
1875
-9406
-1257
-689
8888
6227
-6806
-5713
6713
-4486
-7607
6348
-4520
8481
-7778
1318
-6862
3886
9896
-2769
-1539
-85
8624
-1372
9780
-3770
7504
-3923
-9975
9802
8349
9696
-9299
9260
-7525
5386
-1809
6305
-5515
8006
-4033
-2109
1064
-393
-7554
8176
291
8803
-3532
-3872
4332
6228
685
3185
3546
-4004
-5211
6894
-2012
1959
-5462
-9536
-227
4860
8861
-7570
817
-1741
6066
-9687
652
4983
-7020
-8019
-480
7415
7146
-7485
4119
-449
-398
-1652
381
-9523
-9192
5512
-130
5415
-154
-1880
8963
-277
-2718
-4046
-8394
-3658
-7546
-9598
1344
9102
-3876
-606
7776
1665
-6455
540
-5961
-8338
3955
9322
-6793
-8168
3951
1168
-1880
6007
-2138
-6460
794
1162
-6744
-8616
-5195
-3907
3289
-6699
7205
-9586
-5155
6738
-7289
-7775
7694
2776
5809
2932
1645
8075
-1997
-1627
-6651
1564
-7316
469
194
-4452
2621
5009
-199
-491
6660
2807
1374
-4888
5227
-425
5316
5293
-4377
-5964
2826
-4228
1056
6922
-2084
112
-742
-6384
4249
1431
2780
-1030
-6521
4200
-3055
-2169
5148
9416
-7175
-2936
1309
9238
4824
-6715
4712
6251
9980
-5080
3307
-4456
4066
-9782
4688
-5311
-1417
-5115
-3517
3532
6485
-4836
-3557
142
2973
-5922
2509
5460
-948
7602
-4487
1279
-9520
-8617
-1573
-2066
9035
-1357
230
-5197
1133
8161
-8169
-483
310
-1654
3585
-7583
4596
-6978
2522
1186
-2747
8232
-2391
5027
-9939
1679
8464
-8223
-1619
-1293
256
8305
-9196
6885
6942
9829
3694
-5432
6024
-8819
8869
-2657
2716
-6008
1460
-5160
5195
4028
-7771
5706
9943
3806
-1365
-4254
-7180
-245
-5967
-3707
2799
5256
9144
-8453
4373
7859
54
-2080
-1647
-2613
5195
-6196
-181
1804
1835
-8843
-1548
-584
8411
9204
-5151
1923
8155
-4675
-2537
1670
4750
-5445
-4691
2032
-1976
-8226
7027
646
6699
8676
6899
-1242
-5989
-8373
-7243
2593
-4505
-7692
-6293
-8324
-6330
4114
-1633
-6737
-8598
6099
767
-4471
-4350
-1777
-4014
-8280
-7428
127
-7184
-7967
-8344
-8522
2100
8170
3993
4293
-5744
4161
9161
-629
-7643
-7475
-3606
668
6472
-6090
-609
-954
-4872
-4270
1200
-9361
-8513
2270
4880
-311
-2587
9183
1961
1019
1528
-5882
6935
-2001
3178
7403
-3350
-1581
-6900
-9331
-4758
5072
7467
-4138
3403
-3510
5606
-4757
-3463
-3718
-334
-7109
-2144
116
-3715
2727
9120
-6379
-8798
9359
-2891
-5634
-7868
4916
-3121
8644
5628
6677
3230
5033
-8474
6150
8752
8345
-2680
-4109
4777
1908
-9303
-2679
4633
7181
-7012
6369
6551
-8457
-1725
-6076
-248
5365
9172
5802
-7629
-321
4425
1191
1974
6355
6117
7253
5876
9686
4156
-4860
3300
-3836
-6210
8195
-6885
-3476
-58
-3327
-5058
-4433
1261
4971
-4645
-1795
-7826
-7239
5308
-2599
8605
-861
5600
8234
-7374
-8497
6466
5286
3353
-9032
6181
2247
425
-5447
5110
132
-987
-8854
-4039
-8807
-1210
4841
-3273
2897
4793
7651
-9828
6014
6823
-8472
4282
-8121
-8713
-4600
-8742
7216
-3773
708
-9239
738
-7673
3285
5478
-1555
-2051
4729
2879
-5984
6343
1501
2011
4668
3452
-3920
-2188
-7959
1010
235
-6057
6887
-8030
-3929
130
7075
987
-2568
-6183
4478
2384
-3192
-206
-22
8791
-5307
-9030
-6966
3839
3336
9850
629
-9207
-4127
-1243
1439
230
2522
2364
-4931
-5556
9265
-3774
-9911
9322
-9659
2364
4908
8121
4386
9258
2557
2933
-2566
2395
2082
9160
-6589
-1403
-1492
3496
-6440
-2416
2623
4223
-420
-5258
-4340
7246
-3121
7509
2007
-7419
4281
-9151
-4820
2922
-5814
-3185
3434
5203
-1340
8889
-1919
-8756
-2822
-5917
702
3184
-585
-6553
8329
2336
3905
4454
9731
3675
-1404
-6553
-2911
6301
-951
-7786
-4663
-2889
3550
227
4899
9105
-8571
-8626
1489
-7022
-3666
1804
-9409
-9805
5909
-3702
-8319
-7605
7941
895
5401
-498
2103
-9689
-4964
-8135
3460
-2956
-7068
5528
-5744
-5539
-3338
-372
4965
-9349
-1214
1272
3970
3056
-4678
5426
9875
8138
-6506
-8559
-8206
2827
4785
7819
-1608
5586
-5102
-7942
-3661
9550
8099
-2423
7691
3458
-4733
-1930
226
-6304
6634
7549
4870
-6254
4324
6590
4666
-9554
4346
7090
8172
-5087
1467
-6745
-4991
-5662
-9068
296
9185
-1459
8994
-9415
1177
7027
3191
6810
2967
535
8592
-5779
-1950
9688
-6424
-1546
3625
-9084
-3555
8446
4836
4982
-3203
1144
-9635
7909
-825
577
-2614
-3285
-6063
-9963
-3620
7169
-4277
6824
-7295
-4201
469
-2391
-7529
7033
-797
6631
5962
3630
-5279
6754
-269
5251
-9650
9292
-2187
8420
1791
-5917
-3074
4734
2895
411
-8382
-6922
9129
4509
2506
-1986
3466
-9331
-5308
1106
-5615
8216
9136
-4375
-6721
9411
7540
-3660
-7091
6049
9061
-6389
732
6642
9520
-8860
-5183
9830
5607
-9030
1149
2428
-8664
5970
-8002
7380
-1339
-6499
7870
-7187
9247
-2791
3344
-8271
-1129
7612
5516
-3977
-8073
-9448
2565
-9312
9234
-2862
-7767
762
-7676
-4549
5433
-7916
-2638
-8727
7544
-3326
-4210
-5148
7894
-6747
-7046
-8909
2254
-9369
-7732
2891
-5367
-9951
-8610
686
9893
8174
7306
-59
7201
-8057
3140
9554
-240
2072
7172
-5166
1239
-227
5950
-2602
141
-2000
5181
-5452
5560
2882
-3807
-9820
8128
9039
5936
-9941
4197
8270
9919
-4317
-3174
-8022
-4417
-8699
-766
-432
9422
-8277
1400
9752
7585
-4235
4658
-3720
-9276
1939
7922
-4207
4227
-5082
-2896
7979
1438
4567
-1868
7958
-1497
-3677
9565
-6696
-8681
2042
4795
147
-5362
1382
-6687
-8392
3946
8348
-9981
4889
2016
7503
-3358
2597
8448
-5229
4960
3501
-7846
-3591
-1602
7660
-6201
1498
9934
8339
1161
8530
-312
6581
435
-5272
419
-7793
-8971
-574
6894
6173
-5022
-3575
-1694
4472
-4285
-1941
2090
-3678
300
1988
-2003
-7369
1203
1342
7368
-4804
-9693
4268
868
7637
7468
-7212
6922
-4569
2361
5728
-1751
9012
-3905
3957
-160
1189
-1081
2452
2974
-5910
7704
-6711
-3769
8544
-7948
-6693
1950
3377
-651
7421
263
-1096
-2173
-2930
-3033
7757
9398
-895
2948
-6825
8666
8154
9761
6373
714
8094
2268
-6903
328
8313
-7186
9630
9869
-232
9110
-2930
-396
-6688
-4887
340
2584
8134
-811
-9623
-2660
8481
-2669
3105
-7576
-8227
5073
-6798
-54
-106
2549
179
-4380
-5612
3146
4177
-9808
5199
-5475
4947
9319
-3964
6185
-3273
2786
7308
6043
8234
2218
-5105
-9639
6275
2724
-6826
-5601
-602
4855
5882
-8287
3084
-6206
1043
458
2026
-8475
-3955
-3631
8721
7993
6764
-1498
-1738
-2755
-5551
-5774
-3066
8264
-5616
4645
2231
9275
6963
-254
6404
5420
-3691
4962
3058
5410
-477
9466
1184
2461
-808
-1524
3000
6916
623
7865
3964
-7476
71
3518
9142
3365
8636
3897
-8166
-9377
1964
6365
8903
6248
5936
-8389
1645
-7645
-8912
-2158
4688
310
6032
3128
-6551
9820
1549
-6983
-7637
3379
1625
9142
-6115
-6337
6679
9224
7955
-7173
-4984
-147
-9668
-9284
4846
832
3453
4823
4173
-1452
-3956
-8182
-4503
-3810
-2829
-6804
-1855
-4307
9659
8175
549
1139
6487
3748
-6870
2629
-3465
3673
9509
8649
3686
-9850
-3166
-50
4837
9238
-2711
-7554
6451
4073
1343
4837
-6742
-6493
-3048
-1524
9880
1221
975
1183
530
-6630
-3748
4043
334
1247
-9718
1349
-2325
-8876
-8370
5405
7139
-2321
4040
8951
-4424
-9025
-4915
-8487
447
-8676
9995
-4790
8983
4387
-903
9761
-9239
686
4155
8876
-5336
2309
1195
-691
-9261
-5664
6544
-3573
5150
-5953
-4210
-7555
7334
9473
4278
-3943
-5463
-9329
8581
1602
-8884
-874
7827
-1596
-3817
8126
92
8160
4890
-9707
9322
-70
-9083
-8383
-7861
89
-285
3654
1778
9012
8151
-1237
-8948
754
-1557
-6213
-3888
4814
7227
-3826
-2242
-9314
1096
-1343
8982
9754
3224
2030
764
-1620
5951
-6711
-4524
8813
505
6718
417
-6368
963
-3790
914
1048
-8583
-2401
-1958
-9828
-5228
-9072
2815
-4030
-1656
6706
5731
539
-8913
6383
6476
810
3554
-126
-6653
5441
-5640
-7043
-5699
-932
8190
4062
7791
6522
6124
-1858
3896
2958
-7990
-5829
-8789
4209
8339
-4757
-8649
7134
2108
-75
-390
871
-1941
-8084
844
5749
6739
6272
-713
2822
1902
-5794
9
2868
-8563
-2500
-2879
-4788
-1707
5783
5649
-6138
-9956
-7835
-7075
9652
2621
-853
4985
8421
-4300
6551
5797
2665
9398
-8131
6852
7605
6712
-1184
-1517
-3093
-1528
-7220
-2349
-3282
-914
-158
-1313
7805
-8341
4363
-1592
156
-1220
203
4792
8650
-9097
1337
-4937
6421
-268
1164
7925
-1295
878
8824
5549
-4601
8241
3760
-5261
-5912
-7133
-3174
-339
1388
-7536
8405
-2674
8685
-1943
-6963
2554
-3992
220
7842
-6903
-5934
2168
-4568
-8615
4281
-8373
9208
-7490
9281
-5271
-2743
5871
-7930
7931
-2300
-2283
-5621
1781
9290
4770
6160
1988
9352
3855
-1089
550
-9360
3948
-9976
-7866
-2144
842
5535
-461
-9368
4669
-9922
-3569
-4901
9505
-8308
-6818
-9382
2866
4772
5699
-4376
8725
-8020
702
-2271
3451
-8264
-9469
-127
-7293
-1071
3038
9600
-9168
7276
-4908
5404
-5960
-671
6077
-6391
3061
-5372
-679
735
-7014
-7902
-6903
-8714
-5832
4301
3468
-4326
-1768
-3445
-9561
650
1285
-1775
-4813
-953
-8635
2453
-3189
741
-6496
-6631
2638
7004
-6348
2327
-2316
3408
-7762
4509
4670
-1462
9466
-6984
9986
-3
2247
9836
1533
9673
3429
-3888
4093
3177
9473
3269
4414
7993
-8988
9562
-6752
-6085
340
-536
3397
5443
1988
5389
5035
5174
5114
-5624
-4530
-1852
-1484
2818
7631
-940
1460
9507
6557
2294
128
-3597
-6546
3193
3432
5462
4992
1112
-7419
-8402
-4563
1792
-8861
5643
-3046
5669
2027
4852
-5527
-5454
3716
-9973
5186
9781
2836
6851
4921
-3984
-9864
-8776
-3178
-5592
5769
-2041
2925
7595
3217
-8956
4088
-4130
7929
4250
8754
-9827
-9576
-6109
9460
-878
5743
8332
9349
1522
5517
-1043
9928
-2802
4991
8192
-7844
-8056
-8013
-8207
177
3277
-4628
-4014
-534
6708
3322
-5245
7814
-5382
5992
-1293
-9583
-5365
-724
8639
-6556
-2327
9934
6258
-9191
-8446
9530
4184
-988
-1359
2226
9537
-9649
-9874
-5063
7090
-8181
3912
-2212
2950
7301
-6101
-1380
6629
-1795
-8717
-9917
6469
-8423
7284
-396
-4140
5482
7031
-2366
-9817
-3748
5781
5900
-8130
6903
-7887
9997
-1748
-4153
-9763
-1450
-7955
-8842
-8342
314
2150
-4934
-5122
-1633
6275
4043
-7454
8410
7585
8903
-7224
-1384
-9513
-9217
343
6005
-9514
2406
-9059
-392
-2726
-7147
6855
6626
2506
-9584
528
-4843
1156
-7552
7540
2892
-6733
8496
-2028
8398
-4537
-3737
4652
5925
242
6158
6804
-1501
356
7630
-2260
1078
9275
7264
-1995
-1341
4008
-3523
3042
5167
2391
-9422
-5332
-3909
-6415
6906
4933
-9580
-6591
5609
8707
-1570
9643
-1541
-603
2948
-9945
-5539
3960
9285
4491
-8197
8832
-6949
4442
-8075
-1562
-5311
8054
-6066
-5607
-1254
-2613
-1871
2055
-3314
414
7170
-4203
4371
-2395
-5312
9662
5915
3610
5539
-3055
9404
7194
3099
-47
4660
-8938
3309
-6528
6068
-436
-91
-9026
5690
-52
-5674
2937
-9631
-8235
-6586
-5799
2641
7899
9040
585
-9412
-5323
-5925
2770
-1193
1716
-6955
466
3395
-4787
2671
6030
-1742
-116
-4110
-5313
-143
-9397
-6700
-2261
2799
-1156
5742
1489
-7377
7295
3908
8513
-9941
-1879
9900
111
6004
931
-1803
6808
1479
8963
4389
314
-9538
-474
2118
-3133
-3761
-5969
1348
-6256
-7253
-4668
7143
-111
2936
9780
5983
8706
4153
9382
-9615
8868
-966
1679
3038
8034
1406
-4057
-5197
-7353
4417
-2958
2627
-403
1551
1161
6446
-9476
3645
-5297
-1256
-2976
8006
-9497
3632
-9128
-5857
4928
6965
3898
-7715
6607
-4969
2616
-8785
5947
3056
728
-1527
4836
7611
-7331
-9879
1983
-9697
9764
5828
-6038
-6173
2482
3438
-6466
-4784
1886
2643
6015
-7573
2287
2605
-687
3285
1102
-4713
-6903
-5252
-9765
917
6818
7253
-8945
-358
400
685
-1543
-4992
2258
125
6605
5134
8250
-4807
954
6750
4773
5877
5617
-5055
-2074
161
-9042
-6542
1865
9536
8804
-1306
-2039
-8730
3583
217
-7242
5000
-798
9241
-7835
-4475
-988
-5579
-8753
-6616
2821
5154
-3513
-3305
-1154
-2946
9652
-5414
9409
7090
-1374
4964
3470
-8312
-2396
8412
-9531
-8148
5612
121
-6367
9467
-5899
-9022
-9724
-6536
2850
-9989
1003
2417
-9101
3938
-6017
-570
8526
6917
-1479
2962
-660
4869
7307
-5877
-6319
7619
-5280
6601
-1435
8770
-2519
-3810
7541
3855
944
31
-4602
3138
-5053
-6017
-496
-2171
-4931
-177
7651
4084
7546
-8589
-1986
2173
-3648
-2179
6841
-8926
7812
1860
5415
-986
-2865
-3628
578
3785
-4925
-5572
8966
-2353
1199
158
7665
-1783
4562
-2481
711
-9482
-990
-6239
-783
-8436
-3816
7409
7889
6803
7319
-9984
4727
-6864
8525
3432
-8382
5185
-3458
-6493
-8448
7814
2936
6876
-1066
4357
7430
7356
-950
-7432
600
-6471
5663
9011
-1338
-6257
-1871
-8663
2468
-2019
3967
472
-5240
160
4957
1077
-1472
201
-5628
-5162
-8194
-7677
-4758
-9759
3352
-4518
-3015
7934
9645
-1075
1013
484
2187
755
-6215
-3030
-334
-6574
-5918
-3236
9616
3824
2591
-6648
-3714
366
-2549
657
-1188
-7827
-4685
-897
-6946
2456
-7200
6815
835
775
-7388
-1156
7609
-5046
9223
-8166
-8236
8482
-6115
-6838
7974
9962
-2556
-4366
8617
8366
-2667
85
5612
4265
-3639
8082
-917
6726
-4092
691
5216
5917
-8719
4155
1854
4121
-8812
-2071
8907
-9769
7773
-2382
1226
976
-3161
-9863
-1971
2981
-7447
-7233
2853
2447
3193
-7155
551
-6949
-2221
25
2050
5238
-2808
5546
-1212
6577
-4632
-906
1431
2839
7417
-1288
-1183
-1930
5589
4783
-7527
-6790
5355
-814
-5496
9234
3030
2311
-3390
6579
9409
-1475
7809
4572
7048
-2544
8895
-9650
5032
-6963
8962
3433
339
-3166
-8267
-8219
6680
8717
8861
4707
-9155
2004
-8675
316
-6451
6247
7017
2577
689
-9209
9561
4534
-4923
7892
-1686
6935
1861
-3276
4550
3518
-14
6309
7231
-1095
8966
6366
2526
7543
-6609
-9784
5499
496
3738
155
-5657
8117
3994
-1854
5459
9517
-8880
-5544
9923
-371
-3902
1065
-8545
-9136
-4729
9031
-5133
4724
3583
3079
-4443
9273
9101
5426
8206
-8260
4437
-1930
2695
5136
5169
-7905
-729
7729
3799
-3718
9514
-574
-2317
1939
-8348
-6422
-2025
-6136
-3609
-49
7942
5728
-9501
3912
-529
4731
1093
-1188
7356
4053
5484
-659
8216
5948
5763
7072
1150
-4440
-5758
5882
-5410
-8454
-5814
8515
-8348
5932
1269
9148
-5849
9625
-4589
4630
-7390
-9887
-3871
-2037
5026
-6276
752
-485
686
5708
-1555
1289
5456
6190
-4901
-2108
-806
-1996
2875
641
-8118
4788
4837
-6509
-789
7227
-5161
594
-5776
-2465
2232
-438
-8411
-85
9872
-1889
-6303
6298
1003
-3759
7426
309
-9260
6783
4056
5352
3303
-9178
-4794
-7921
4713
4181
6614
-7793
-9368
3965
-2924
4918
1663
5999
-9837
6445
1025
3378
9182
6528
-514
8227
1000
-2451
190
1461
4118
-3976
9798
-1670
3786
-9934
3142
4025
568
207
9979
-6611
-8517
-5329
6839
-8988
-2279
6221
-916
3324
4212
5834
-1602
1654
9820
-4835
-9540
3175
-4701
-2503
1709
2234
734
5513
786
5305
888
1606
-2277
5400
3573
7421
8304
-7784
-5666
7688
5917
1027
8588
-2102
-9579
-5923
1602
4200
8223
-6162
8508
-4036
7713
1893
363
5349
678
-1103
-2827
-2435
5510
6358
3182
5342
2409
-3530
1763
-226
4817
5582
9485
-9067
7614
-7523
1536
-6249
-8915
-334
-6849
-1257
6635
-4290
766
-2448
-8809
-257
7960
-4943
-8110
9044
-6370
-2959
9668
3890
-751
-9742
1925
-8648
-8387
9092
-9371
8870
9069
-538
-648
-7693
-5816
9132
3368
-4988
4275
6906
-4946
3541
7727
4267
-9398
-4696
623
7823
3522
-4497
-910
-2708
-599
2581
-1888
8724
-3377
367
7392
5154
7263
-8410
-495
-6971
-9618
5607
2865
-1024
-4557
-6345
6965
2386
1952
-682
-3430
8054
7606
-9616
1336
-851
9896
-149
1532
-6994
6989
-5663
-6869
-7232
165
-920
4650
-1209
-9334
-2953
-1613
-5031
-9292
7090
-8501
-3210
-3612
442
-2798
-866
6564
-4641
4216
7952
-9994
-7069
8213
-7401
-5030
4731
-1185
-4613
-179
-9272
-1636
1553
7381
6968
4609
1709
-8899
382
-2541
9873
-6917
-7888
4475
9968
-2945
5868
-5136
7784
-7192
-7636
-4313
2935
-9631
5477
2539
4152
-6255
-7257
5154
-7450
1163
-6818
-2905
-5876
-2352
-5228
-4928
5525
-1552
7269
2743
9603
4666
3760
-7429
2250
-9405
-4863
627
-5529
-8104
227
-2045
5813
-2573
-1764
1328
5285
1303
-463
4587
8055
9060
4078
-9201
5850
-730
4212
-3844
-1397
3894
7881
-5867
-154
-7222
32
-972
-6239
-6776
2724
8654
2000
-7344
-7804
9199
-7999
-2501
1420
2902
4915
4221
9499
614
8790
-5995
-9253
2298
5239
-946
1815
7442
3455
5048
4703
8629
454
6085
127
1156
5583
2375
-7883
646
249
5676
1507
-6676
2984
-8806
2514
4916
-16
-6704
-4690
-1642
-1541
-6012
5514
8597
2045
8389
8586
-5000
-1585
-7920
4371
8717
3278
-4961
7277
2639
6977
3930
-463
4310
-48
-3673
-7397
-8620
3427
-6332
-5678
-3346
4767
-5627
-8664
-5161
550
-289
5893
-6411
3396
-3136
-6276
5457
2252
-1016
6883
-9152
-4426
-6995
2821
-1472
1419
-361
4243
-1188
6549
8300
4883
-6869
819
-9083
6149
2363
9855
-5515
-8462
-9230
9213
1418
-6749
3743
-359
-5484
-8215
1030
-9018
-5907
4213
-9326
8369
-1591
-3819
-2571
-467
-7628
-7694
-6968
8324
-6001
-9266
1514
-7015
7600
275
8332
3069
-3318
213
9507
6948
3478
-787
1161
-3526
-9121
-5277
-5494
-6651
5457
-4821
-2642
2221
-3026
-7764
2031
-3217
-5800
-79
-6999
-6926
2312
-1819
4435
-983
2127
-874
2859
-779
50
8769
-5518
-4286
2232
4023
5251
4388
-8846
-6549
9096
-1465
2961
-6396
8582
-9376
5897
-8614
9207
6477
8870
8643
-6852
-3463
-1053
1971
-4514
1210
-7081
-2684
-6247
-613
3043
8361
-8607
4363
2914
594
7713
8854
1955
7751
-8195
-8897
-3735
698
4346
1023
-5076
8718
3547
647
3350
7083
4487
2226
7004
7648
-2653
-5205
2420
-7480
-4670
-3174
8341
-6788
-2037
5221
6803
8878
-8645
2307
-235
-7805
-6328
8302
2709
5908
3577
7013
-9383
9715
-7590
1548
5699
-7193
3941
-7392
-4706
758
-6451
-6620
1443
-689
5867
-2963
-679
3605
8615
-99
-3468
330
9117
-920
3987
767
-782
1401
-4317
-6389
-3462
-8900
-1058
-2064
3436
5959
2270
7153
1136
3740
530
-7746
9863
-7168
-5880
7303
9865
-4570
-509
-39
-2515
1000
-1260
6622
8744
-5539
4108
3958
5321
-7397
-1393
9155
-5405
-7070
-6685
-9963
5577
-7302
-4901
3214
-1158
7986
5044
7428
2671
-5533
7568
-4308
-7111
-1543
-2925
4061
1183
-8212
8706
5355
-1574
-9707
-2879
-4499
-5218
3721
9494
-9580
-9791
-9751
1155
-9591
-302
-4786
6840
-2564
-6269
-562
3005
7469
-7901
-848
-6178
-3469
-3019
2288
2113
2041
-1426
189
1447
4681
-3747
-8085
8549
-6737
-3773
-7680
-9585
-7974
-1727
7013
5371
-1555
5053
-8529
4231
5880
5207
6488
4273
8887
2204
139
-610
8240
1795
-9342
-6779
7740
-9212
-9059
8345
-3090
9924
-1668
-7174
-7168
-1440
-3052
-3737
-9807
5007
-170
-1500
-9804
-4056
8107
5624
8773
-5074
3281
8872
7584
-4936
5818
-1551
-844
5090
-6607
-3270
8599
-5911
678
1680
9018
-3781
-8819
-4138
-8283
-1419
9687
-7168
3421
-9978
4033
4025
1386
4693
7959
-6805
-6012
-1828
5806
-2834
9500
-5410
369
-8600
-9422
-3833
-3684
450
-4335
1951
-3006
9179
8917
5258
7142
-3992
-4798
2896
169
-4348
51
-8463
5628
-983
9123
1486
-4518
-5992
-7040
2111
8834
1399
744
-9023
-6910
1744
9607
-705
-4570
6705
8596
-5290
-5937
8192
617
-5462
-8512
8502
6487
-7642
-1251
-8593
-8054
-1317
-5345
-7328
-5637
8295
5174
1126
2750
6549
3614
-2628
-8573
9734
-9905
-2557
4435
1481
8041
2257
6636
-8444
6812
4939
-3057
-9394
-6972
7750
7237
-3759
-3648
-4877
877
9246
-727
844
-1991
2297
604
9746
-9795
-1654
9561
-8096
-921
9507
-7373
-4558
1137
9641
9803
-2176
-1086
-5587
9377
5432
-1875
6070
3999
2337
-9725
2706
-9575
-8407
-1255
944
-935
-1853
-7615
3591
4215
3796
-2048
-3744
-376
-5732
1430
587
-2137
-3715
-3891
-4159
-2738
4817
6023
-67
2803
-4472
7083
4561
4726
-2574
-3803
-6304
9198
7264
4896
4998
3200
4246
-5163
-2970
4650
6921
-7265
3127
-9634
2144
3356
8369
-4499
6036
9335
5882
-1475
-1547
3358
-7079
-2800
653
-8182
-4730
5421
-3842
8832
-8754
7066
4890
-5291
-2124
9995
960
1502
4221
853
640
1441
2207
-3892
-4889
-5130
1888
7650
-2993
-1367
7847
-5532
8133
-4228
-116
4239
-8015
3046
3028
6363
6669
-5161
-1690
3065
6660
-1679
9928
8200
-9134
6903
-4562
6108
-6946
364
7108
-7273
7183
-621
9364
7033
1040
-8423
6918
-3936
-3071
9781
-4006
-5585
-5186
7071
9091
8081
2946
-4971
-233
8074
-9124
-7617
-4049
-7475
8217
3803
2509
-8790
-1269
7796
8529
-2593
2922
-9628
-7301
-7791
-9814
-6071
-3945
-1520
784
1719
2585
9299
-6260
566
-7259
1639
8709
7440
8579
-4622
-8113
5397
9058
-7311
2700
8005
8490
935
8096
-5964
6938
6504
-93
-2073
9259
-2273
-4285
-5248
-1890
3101
-3708
4239
9235
-1861
-2017
-7179
-6479
-93
-9318
-9220
4689
-3372
1083
5356
649
-7474
2849
-2144
2391
82
8185
7804
-628
-2370
9272
-3863
7228
3315
-3334
7931
-6875
3789
-8440
-9214
6248
4604
8891
1518
-6458
5594
394
4395
1379
-4657
-4269
-7584
1153
7610
2929
36
-964
6692
-2796
212
1702
3398
-5152
2652
-584
6258
7063
-9847
-4622
-1029
-6713
-1113
-5986
-4371
2310
4637
-451
5086
6162
-2399
3640
-4846
4161
1727
-5866
-5678
7759
8419
1824
-2759
9129
-1431
9053
3946
-6015
-4094
5857
4620
-1195
5146
-7875
4051
682
9715
2075
-2436
-9357
-2332
-7820
-9183
745
-8000
2795
-2148
-4402
8236
4292
3427
-4509
5951
-8268
-7834
-4537
5799
7846
-3946
-9047
-3112
-6776
2367
3174
-3466
-8169
-4844
-392
-3645
-8488
1047
-6944
-2583
140
8306
6395
-8900
-5411
-6277
-5877
765
7592
6624
2083
-2499
-2557
7682
-2492
-555
-5170
-2703
172
-9085
-288
9657
138
-8559
9082
-9276
2052
-6089
-7432
-2250
3931
9031
-9461
-9371
5859
6381
-9875
-5493
-7618
1514
-6298
9421
1239
-3253
4405
4832
6144
-6003
4943
-8903
-5590
9537
-5105
-4612
9370
4056
-5306
-4326
-562
-9810
6652
-7758
3136
6437
5990
528
-9556
8992
3063
2864
-3454
-1736
-6068
4591
8785
6255
4894
-9415
-2399
-393
5026
-5141
3117
-3232
-7381
-3703
-7548
-4346
-6430
-7424
7047
-116
1643
3813
-5783
-9003
-1338
2274
-9042
2296
-4468
-5221
560
2001
-7389
-2111
-4899
6015
-2255
1944
6288
-1495
-5949
-8017
1884
-8970
-3748
-7313
-5501
-4848
8870
-9216
1366
-225
-6646
9470
-7356
6286
9799
-2299
-570
4849
5116
-5417
6066
-9371
-7690
2326
3501
9821
-5424
6997
7538
-4419
-3568
-8091
-8647
-7357
2964
-4473
7607
-6147
-298
1521
9750
8572
4722
2650
-421
-4981
-4429
-6538
-3324
-8323
-7494
-8379
-6345
7374
2519
-8803
-6658
2796
-1818
9580
-1004
-5018
2061
692
205
-9399
-5018
-392
-2971
2762
5576
5858
-275
509
3499
7233
1952
9655
-5160
6061
5290
2721
-9328
6641
-5000
8712
-9850
289
-588
-8460
-5436
-7735
5465
2118
-9397
2593
1118
-754
-3450
2020
9438
-802
-4280
-5659
6507
-7494
-1781
6379
1470
9170
-7560
-5982
5983
3955
-9103
4647
1651
-9747
-7446
1212
9707
1050
-4771
9626
2535
2522
-9161
-3557
8354
8030
-2766
3867
-6810
3830
-1118
-80
5977
-6850
5911
8085
7817
3926
-4533
200
-3292
-655
-5262
1395
4058
-1193
8683
3502
-4447
-6737
5712
-3310
2617
-2443
2118
-1597
8441
5628
-3241
-8567
9005
-2556
7402
-8401
-1085
9508
45
-8116
3037
-9031
5717
-7757
5052
-9872
1639
-8859
2838
755
3246
6120
6816
-4968
-8858
9811
-6432
5790
4566
-3439
-3047
2105
6152
-4286
9618
-6674
-7389
-8901
-4161
-3367
-5330
8568
2586
4813
5530
-5293
-2079
-667
-4804
-4845
6960
2098
-6464
9455
5996
563
7917
-4931
-8880
-4613
-1586
-9122
293
373
4588
-70
9804
5082
-5799
-6101
8495
-258
9544
-1062
-5884
857
3218
6030
6074
-9843
-4807
6959
1905
8553
8107
9192
-4784
4615
-2157
-1876
8258
8624
-9666
-9549
-1869
7109
5892
4399
-1531
-1981
7615
-649
829
9374
-6737
-2965
-7654
975
-7841
1920
6133
-2587
1542
-6774
8419
6656
-577
-4808
9226
-2474
-2398
-3360
7657
3533
6829
1351
-6600
-3553
9946
-1095
-4203
5709
-1542
-3053
1235
-7780
8179
705
2429
-5586
-2189
8764
4425
-6138
5880
-8030
-4003
797
-3550
8034
8847
-6065
-9054
6743
-3150
-9835
4175
1611
3266
-8185
-9127
9177
820
-948
-9742
527
4319
3945
499
5759
5664
-9580
-6510
7740
3974
4825
6417
6324
8788
2408
1714
-4536
-5047
-1104
2562
3794
-5379
-5952
2563
-7972
7086
684
684
-4706
-7744
9449
4338
-3873
-6558
-6568
-8732
-5869
2769
-1043
7627
1937
2002
9126
4658
7930
-7469
-8636
-9440
-419
-7067
-326
6629
-3979
8153
5152
2718
1061
-1915
-291
-139
2617
366
-9271
-7677
-2290
9586
-9462
3570
-3148
4253
-8414
-7299
1692
-9625
-6300
-4597
1807
386
283
1184
2792
823
-9154
-9930
2716
3105
5465
214
-2606
9988
-7107
7208
-6475
2539
-9770
-2509
-1077
8141
8293
-8899
-3996
-9151
-3138
-6175
3802
5984
3428
-6170
-3351
2062
-358
4561
8201
3167
-9634
5903
9464
-9742
-499
6822
-5477
7674
-4847
-6143
8826
-3140
-3161
-6324
-5911
-7772
-2124
-4809
-4036
-9257
1929
-1808
-2427
8847
7933
-4383
248
-2428
5668
-9077
-7005
7922
1961
9158
607
8168
2249
-2297
2696
-2217
7431
-2353
-3668
-1131
1942
-8677
9295
6352
6207
620
-6229
-969
1349
9481
-7130
5573
-611
-7460
7004
-1273
-2569
1424
2257
3319
-1912
-2214
-1232
-7733
-4654
373
3468
-9657
6357
-3965
9149
3778
-632
8444
-1623
6015
4545
-561
-5516
-9849
-6123
8737
-1988
4751
3304
4940
6682
-967
-1970
8519
-8209
8801
-5975
-3042
8727
-4802
650
-7637
-266
-2093
422
4740
-1019
-6504
9253
2649
346
-5142
-3309
3297
-4479
8533
-283
2295
6215
9782
3972
-2820
1075
-3876
8786
-1254
2359
2392
-1603
982
5454
-3502
2516
-804
8132
-4887
-5734
8207
-2962
-9024
358
211
-3778
-3170
5791
-7492
-2342
-7588
-1265
9530
5161
-4482
6926
-2617
-8157
-2755
9091
814
4244
6631
1113
7244
-4624
-2577
7448
-2355
7175
8095
6087
8503
-710
-4284
386
-9217
-6252
2591
1078
6710
-1750
-7509
3187
4547
-6449
4745
-8391
1219
2903
-5507
3323
8638
6877
-2500
7703
1175
-9852
1528
5374
5185
5989
-2051
682
-1230
-9738
7577
-8138
-5217
2957
-4111
-6982
3036
-6500
3844
-9514
-369
-2554
-2320
-4920
2377
1734
3539
-5900
8918
-8220
-2838
-4543
1040
7371
3030
1128
9016
-6114
4555
-2666
-9023
-1607
6819
-8446
-4649
4785
5507
-6609
6204
-9375
-1382
388
-7335
38
-4522
9097
364
-4848
5151
5942
-889
-5473
-2254
-4723
5995
9827
-5593
4879
5402
-5124
-5812
7742
8845
-5877
7714
1646
4559
-4739
-2501
-2669
-2352
8237
-1575
-8880
-6733
9856
-3716
-6504
3389
7348
-4855
3417
4142
3968
6898
4437
8488
1192
8616
-1462
-3853
-9568
-3980
3109
8047
-5835
-2742
-335
360
-6339
9385
-2993
-7546
-3746
-2876
8133
-5252
8373
-4479
-5925
-1217
-7354
-1193
-7558
-6280
-9937
5233
-5115
8260
-1929
-6128
4408
-5971
-8237
7579
2111
6065
-4624
-4823
-3362
-9691
817
3057
5181
4769
7818
-644
-2327
5576
5671
3377
5947
-4869
6219
9527
9070
8415
-5485
-78
-613
-4785
-5607
-2845
5952
2268
-4170
4180
7046
-1968
-2506
-8852
-2982
-35
-5088
-6033
-8322
-9569
3516
-9702
8742
1948
-2281
8056
9112
-7497
-8713
-7367
3058
-4142
-6732
3803
380
4151
-787
4915
5285
1154
7531
1473
9120
-6789
-2214
6716
-433
-8792
-362
9271
2320
-9714
3663
-2259
8831
2461
8536
-1038
-1794
9761
-6831
2005
2092
7566
-1252
399
-7041
9945
2083
9397
-8934
9366
4643
668
-2378
-4003
-8280
-2353
8741
9771
3330
6124
-4282
4767
-2103
4617
8308
2037
-4892
-4717
7655
3919
9134
-8679
1081
1384
-9331
7289
7309
-3493
9950
-2379
-8876
-1330
2669
465
-1226
5174
7187
-4723
1547
-6670
-2873
-8173
8116
2289
-3672
-3137
-5595
3781
-27
-7922
5421
-2862
3016
-4528
4494
4839
-1951
-3259
-1887
-7444
-6435
-8642
337
-385
-7176
-7356
-77
386
285
494
-5094
-5708
2229
-813
596
2068
-8509
2726
-7900
-5181
2840
-7042
4887
9784
-5567
2756
-384
-1139
-3828
5810
7605
5481
5317
2593
5304
-8336
1839
826
4600
-4337
-5366
9449
-148
3347
-1949
2114
2494
-1318
2991
6796
-6375
-96
-2905
9403
1493
5853
6548
-5501
-2980
-1280
4907
-5997
6972
5297
-9990
7378
6735
4243
-9200
-5113
380
1439
7975
8755
538
4062
-8574
-6892
-9146
-7693
-6849
-3162
-9556
7331
-7669
4842
-6807
-9286
-3059
3382
-2655
-7006
7858
2327
6849
2772
-3917
-3760
-3036
9283
6594
4365
7469
-2455
-2335
3790
3742
1427
6853
3047
510
9075
8519
1709
-3235
-5599
2955
7897
617
-8118
-2780
-1315
-1756
5317
3197
-2773
3416
-2766
-9506
-9597
8423
3556
-3137
-7819
5502
4692
-9474
5135
-2262
7720
-618
1220
566
-7696
-1210
1770
6580
2955
-5545
-334
3293
-1736
-8003
-1445
-5415
-9942
-7892
6493
215
4161
4319
7374
-1581
-3226
-7902
-7443
-3923
-5217
7997
8578
-5365
-3043
-6730
-7965
9343
2165
7068
-3131
-1664
5430
228
-5114
-9307
-8557
-2
-7549
8417
5102
459
-8448
-8586
9387
3281
2497
1147
2368
-7182
-5381
162
-5608
8
4310
7898
-8960
-850
-2154
-5554
-4396
-9573
-780
-8195
-1937
6341
1328
53
-3566
-334
-3803
-2148
7638
-3652
2794
-4056
-544
-9012
-8767
-8627
2004
8936
-7999
2889
-1259
3692
-7837
-7922
-62
8515
825
548
3091
9312
7179
1498
-6238
2078
-5575
-276
-3929
8088
4264
-3127
-895
-5156
7524
9470
9254
5519
-3482
3203
7050
9533
4121
4254
-7621
-2235
-8131
8572
-4185
8237
5089
-2481
827
-1829
3909
8077
-1525
-7976
-8567
-1041
-5203
-657
5724
2674
-7368
5932
5484
-3243
-9866
-1678
1117
4263
-9206
7910
5623
-5010
6024
9915
-2428
-7053
5521
-505
-4241
-6188
-9096
3421
9757
3634
5804
-427
-1151
-3055
562
-4333
1772
2414
-5662
8981
-6386
-9018
-8588
-7300
1598
-7358
-6830
-943
-9328
8632
8391
792
-4518
-2652
5528
-1736
-7547
9740
4880
4924
5304
9889
-9386
6957
-3570
-1467
8253
-7693
-8171
1924
33
4738
4437
-4770
-3503
-1057
-7316
-6345
6586
3873
-9830
-179
-5797
7448
-5851
-6443
6544
5748
-587
5047
5824
492
5058
5840
-8906
-6421
388
5558
82
8353
-320
-8765
-9113
4346
4119
-5316
1288
-8118
-7756
4617
7779
-132
8442
888
6834
5397
8574
2013
5800
9588
5410
-4185
-4999
-2491
7895
-7524
-232
-350
477
-800
3406
4573
3569
-3179
2341
2378
-8858
8399
3650
-1878
-2299
4419
-249
-4800
5268
1592
-5524
-6912
-5760
-9557
1850
221
2666
-7700
-9315
-3868
4588
-6122
3678
-2414
-9016
4657
-4047
-3148
-1883
-7827
-2226
1035
2964
8488
-8078
-4159
632
-2489
-3263
2273
-600
1321
3285
-2902
-3001
2169
-5894
-1616
-2751
338
-8609
8974
-1273
-7488
-3276
-4911
2872
2541
5042
-4134
9911
7075
8290
-1408
3342
-6020
-6686
2279
3976
-4633
-4350
-156
6490
5044
4544
-2198
-2806
878
6411
7393
-6846
6318
-5299
-6698
-7270
8021
6496
-6126
-6894
928
8850
6213
-8339
391
-3561
-8353
1526
-4296
-4871
-6322
4478
6275
-5308
-6372
3303
5006
-4759
-3458
-2389
9015
-3917
-739
9888
-6595
8047
-2695
9023
-5942
6895
9560
642
-9952
-2697
7146
-3965
-5705
-5267
1727
8862
-7465
8221
-5601
3289
1610
-4862
7136
-5256
-627
2519
-3440
3056
-2812
-6289
2225
-7181
9627
-1183
2014
