3384
0
2049
1287
255
5677
490
2794
4291
2287
3566
1045
4390
3150
2938
981
4618
4117
7031
1635
8417
5816
7816
61
8158
3533
3942
1537
3399
1272
2344
7113
5351
3273
8045
5287
764
607
2244
618
268
1100
7727
2187
8554
1874
8583
5831
511
5236
2029
1371
1054
7878
6858
3407
3459
6453
4658
1628
6000
5034
5268
712
4328
7086
8030
81
9060
2056
857
1244
7463
9219
8640
8969
1026
6982
2739
1720
2547
7016
1095
7839
1634
5912
7642
4444
2801
6398
4939
2067
7573
2216
8409
7073
7578
5925
339
8249
1458
6116
2681
563
4514
4958
1736
9527
6744
3762
9432
5928
6456
8864
171
3756
2021
3216
595
6388
5172
6794
1985
5774
4620
4412
1633
8614
3961
8189
3591
7858
5615
862
9189
4708
543
8585
1780
2997
8382
5538
2963
7658
9536
6403
2868
1543
5132
7807
5162
3817
4156
5092
4518
2071
8701
9589
2664
105
7869
8349
1499
3679
7560
1604
2870
1233
6104
7086
9749
9159
2157
7983
618
2676
3653
4613
8873
8034
8712
2076
4910
6284
1591
2642
5515
2287
1419
7151
7940
553
9650
4033
5109
241
6459
9076
399
1111
5043
7119
268
6478
4587
5931
588
4887
5147
237
4958
8665
2766
7741
950
922
6049
169
9854
1972
2060
6233
2659
6959
7099
994
9739
8687
164
1781
499
7688
3101
4065
6406
24
9976
165
253
8384
616
2000
3341
1906
2817
2385
2242
3212
2005
5675
9141
7085
7744
1388
6632
6148
6976
7178
7882
8086
5786
5270
5207
616
9540
7981
864
9868
2385
4017
6411
4483
813
4636
3208
8958
1316
5151
7661
7585
3418
4152
4594
2526
660
3202
5556
2610
8509
5192
656
9151
9844
8836
5874
6153
7630
6001
6461
5961
6391
4022
3847
5741
4899
1283
2075
4574
2326
6294
8028
237
3405
3781
85
116
6024
91
9661
9291
7185
9151
1315
554
9248
1692
6383
5613
1081
2823
7033
710
1215
4650
7890
8026
158
5656
2039
7227
5236
6574
8659
34
2526
3967
9968
5186
7734
9058
8672
5300
5289
4842
457
5421
3170
2312
7008
6676
5320
3471
4269
1288
4946
6722
5879
2092
4382
2207
9949
8058
4707
3042
8267
1794
8820
8237
2768
4054
462
2621
8145
4930
1437
2648
6645
5576
3606
2130
7135
6110
2642
6918
3118
3785
8262
3203
4721
9279
4477
8981
9824
5956
2585
611
4433
4199
7205
776
9366
7180
1517
1891
9842
7859
1682
8732
2690
9688
3878
7036
4608
4453
1766
9737
5473
4395
2712
65
1223
7177
1270
9536
6284
1456
4414
4175
9039
3298
6636
4576
4189
5634
3289
2099
5511
947
5950
5678
4773
4982
5414
7497
7593
5132
8161
1190
6298
6752
1565
5594
4961
8842
1913
45
7945
7686
4282
9881
2137
9901
920
4728
1519
8593
8303
2096
3732
8490
4506
2266
1638
7622
8449
6204
283
2593
5779
2277
2614
3946
879
66
7401
9699
1857
5843
6178
7210
9756
4000
6521
2248
8335
4829
8213
7267
8699
3482
5908
4104
3708
2978
4661
9570
4787
3466
7964
4704
3952
157
3776
8860
2703
6688
3787
710
6946
7033
4453
8656
4170
8074
4773
4524
9168
5580
5658
7753
2423
8336
880
2663
2315
8511
6461
7092
6555
7923
1766
2424
2876
5491
8179
7359
748
642
1957
115
3416
5895
558
6707
5543
6078
2442
5277
1658
9358
2278
969
5145
8554
3965
4261
3959
4610
2406
8678
2305
2546
1981
5199
9935
8792
5949
9400
9307
7464
6396
6641
8213
5294
1942
5128
1948
8954
8283
2098
6388
5216
419
6971
7662
9013
8314
1474
3384
2859
4352
7683
9892
4167
1199
5737
1044
2738
6689
644
5696
1684
7094
563
8414
610
3660
9609
5616
6746
2743
8777
258
888
4437
9089
4363
362
4005
1039
7069
4480
2378
9722
5193
771
3131
9830
9595
7195
8708
3401
1392
7008
7395
5648
6594
6987
3849
924
1844
2642
8587
4248
2073
3053
1376
8259
7308
1495
2014
9245
1584
5337
8309
7784
6174
4532
9078
6017
6241
2811
7573
2039
7243
4389
2308
697
7046
2809
8431
4091
1089
7422
9357
1155
2424
3287
4038
7729
8043
5815
4964
9948
9671
5378
5442
6369
5579
7921
1763
2178
4493
6037
2223
397
7043
7951
4983
9896
4251
5267
8204
6899
5542
4161
1765
6080
9415
8177
7823
4255
5143
8279
3424
4963
1211
8429
4852
6160
6732
9944
6859
3274
5562
1711
4989
4787
76
1056
4766
7248
3741
2444
6765
5976
642
1856
6943
5708
1195
9359
7150
8023
1459
929
4163
4270
8280
4768
5826
8329
6925
1725
3639
5462
6139
4219
3166
506
3993
1848
5080
8523
8255
9490
5439
9939
1382
9205
1383
2117
6429
260
1033
9452
8003
3351
8353
495
7492
1509
2670
7995
1995
9223
7857
809
7088
3416
4206
531
6538
9090
3593
8876
5258
3114
9344
2930
4568
2582
1765
8841
1761
4630
5635
2660
5406
4771
3448
7410
566
1845
1320
2382
7149
1968
6438
2360
2419
5430
1827
1434
5014
7580
3242
2852
4303
2479
4121
3208
3405
8243
5112
7065
714
5765
9108
7072
3026
8364
2065
1560
2612
5538
7331
8386
6998
5039
3548
6536
1889
3653
6972
1077
2462
7112
8365
6054
7112
7155
2558
9723
6298
2854
1566
6495
1293
350
3620
3900
3787
3171
5250
8411
8281
2719
844
8531
5180
8399
9862
9547
7600
6640
1579
4929
9712
9478
7720
7655
8239
5419
1912
5331
7845
7293
8101
5300
7699
7570
2115
8291
2087
3390
1030
5
9495
2356
3970
7976
7790
6846
9088
6768
6584
1603
4508
1481
2550
9369
1755
2067
7753
1768
9683
1942
2950
6694
8538
9647
543
2276
480
1797
7837
8249
2509
2633
871
359
2067
5017
7345
5416
3558
5958
8652
3082
7132
8324
1289
2040
2945
5061
3043
5682
3502
2442
3742
5855
6159
8904
9841
6544
3167
2830
858
9974
4447
2287
7454
1081
4556
7147
5288
4855
524
8372
9097
3953
4789
702
1783
786
3238
5289
6997
1229
2245
559
4786
6917
7563
7962
7532
5111
1166
7464
4983
744
6591
9331
8253
373
3939
2371
8003
6150
9085
5964
6574
1987
9085
1020
826
8646
8953
9771
9642
79
529
5847
8709
1478
1242
6652
3188
1202
4669
1235
9325
2266
9515
7959
8337
834
9216
3780
3754
7096
3459
9912
249
5303
23
7581
4715
9976
9713
1205
7303
7953
6544
7128
5018
1644
7008
2078
4124
4705
5594
4759
3531
3336
9961
1128
1901
2322
3863
5465
725
5255
5792
4887
403
8712
7682
9102
7811
6144
2051
3085
7588
7918
6923
1374
7690
3763
8274
7542
2529
6267
6148
9571
1676
3373
7301
2293
6942
4457
2706
292
936
9443
8358
9261
7595
9698
2647
7629
4168
4238
8674
8273
3510
6475
5145
82
2012
6270
1121
6428
1155
5689
8382
8269
6142
1810
6905
5090
5865
7922
5546
8663
8802
759
637
298
8771
8963
9634
3201
9069
1431
5893
1368
2036
6739
1340
1723
6026
3304
9673
2977
2919
5342
2686
4024
4464
3082
5543
6494
4745
3743
7537
6057
323
9941
5452
7380
5555
5652
9574
8181
3499
9084
6425
8387
1571
8952
1642
7612
5528
6205
5933
9925
1226
9418
8304
7394
8863
2703
734
3783
3242
8372
4680
1161
8083
4679
5964
5065
6285
2227
2993
9347
3947
3873
7641
4519
466
4788
3374
258
9626
2427
3980
9991
6166
9949
1472
6459
3987
1239
6313
4134
4538
7280
2305
7983
7366
9686
8278
6667
899
9950
3517
573
7730
6485
5299
4720
3027
5520
8042
5365
5823
6944
638
9299
4703
1820
4000
9400
8533
7870
814
5563
9486
898
9902
5053
3455
8647
4912
6463
665
9915
8167
1076
9371
5522
6683
9427
1430
5274
5537
6771
660
7303
1549
4676
9801
7343
4058
6567
6127
504
8165
8490
9701
622
557
6642
3882
2980
5788
6507
7828
9277
4401
5932
395
1872
5592
1193
4275
566
6452
4549
5810
9153
9051
2422
9181
5187
2327
3131
3366
2986
7879
3220
4190
7550
7551
6946
3881
5533
4296
7129
8968
152
4610
341
5296
3999
10000
5789
507
9070
3772
7216
8035
9647
5565
3435
283
2906
7619
3173
4949
4439
9838
8124
6039
3183
4002
8076
5050
1510
7691
2916
4276
3445
98
5063
6120
7838
396
2085
5672
9502
9779
8464
6319
8442
9308
683
7597
6912
1698
3101
5580
7430
890
8048
5248
932
5182
1689
3149
8826
9088
3360
7214
7030
4395
3193
2936
6823
8621
8108
6195
7011
6597
5823
2515
3064
5385
1221
1134
3088
2994
3780
7958
9223
3744
7714
4126
5596
8083
8831
2737
3803
4075
3761
8925
192
9780
128
763
4093
8376
5698
3047
5996
3337
640
7929
1528
6399
806
9882
2794
5574
564
9309
1862
3085
2084
432
8310
8998
6073
2763
6425
4184
2030
9762
3173
3232
4998
8559
8044
3364
6880
3066
6922
5915
3308
8686
5780
5266
1258
9918
9514
7506
2145
1205
1244
5871
6261
9826
7532
4642
655
5214
4446
1226
7767
6048
5831
9091
4552
3751
1530
9187
807
3036
9485
9208
1287
3636
1340
30
7373
5506
8873
1053
9953
8591
1718
6843
4571
1714
1367
557
1891
9387
6856
4412
850
8139
4332
9016
8884
2565
3533
9269
545
8119
1276
1076
2633
7513
8195
8583
1235
4299
5400
777
2570
1258
1815
6351
3128
7238
3637
1371
129
9627
3809
4628
2342
8085
9288
2763
6668
1127
1979
8093
7492
3643
7376
7718
6310
5
9426
8057
9377
6172
5496
2048
3703
1204
5679
4093
8319
1721
1666
2914
4806
9377
7473
7391
8363
8245
2136
7287
7645
6529
3927
1123
8341
5893
1996
3766
4994
2524
3309
7947
46
5284
1793
3733
8825
2223
9867
1466
8646
8043
1353
5867
5450
7273
5021
6290
3867
4340
7926
9457
5251
811
2748
5942
3595
2966
7890
6764
1183
6204
6761
3421
5443
3671
1636
564
7873
5789
9224
2347
5314
5747
2644
4061
2056
1604
4287
8333
7505
3742
2621
4583
5158
7307
4810
6410
3931
9024
86
7106
2925
1749
3747
5224
6559
4509
6586
961
8780
6469
7601
2750
222
6726
8110
8485
9425
7411
2102
9142
2714
4749
1122
6914
9081
2902
2583
9244
4223
9838
4865
3205
3781
7348
4776
2959
9317
699
7626
7794
3914
8405
490
4794
1660
60
96
458
9826
8210
5164
7729
5687
3345
4093
5319
8249
4849
6615
3843
5627
939
3770
3942
7818
2007
8394
3611
7244
2089
6
5839
5429
7920
8995
4654
2013
6887
2782
3842
5199
3601
2297
8294
3098
7493
1941
1072
5793
5557
7642
6618
9432
6854
416
9433
1594
8691
226
7159
5232
3337
365
921
2604
3005
6768
6575
7460
7075
6794
6146
3744
7787
3722
3625
1787
2045
6009
3306
5906
7016
4431
5544
3580
1162
5018
9414
9682
9412
3276
6862
7731
1431
2427
1900
5513
4473
3602
8151
1027
6622
9916
1342
8373
3582
5226
3092
9950
9419
8693
7303
7233
2676
284
7228
4492
4449
2873
8369
3697
6185
8516
4609
8886
3601
1108
3165
5133
8491
1125
1732
5091
3270
9332
3075
4981
9151
4076
8136
8710
7034
2885
1447
5523
1680
702
4981
2229
3815
2554
2840
6971
5862
9305
2865
8861
9672
4280
4284
2516
7086
5667
300
8241
883
4541
5179
2139
849
3549
2350
3282
3215
1185
4051
616
4920
1318
3707
8012
4167
599
8576
7373
8561
7933
8534
4210
1672
154
161
551
3166
8343
5377
1024
3121
3282
6130
2776
9945
6374
6450
5416
2140
5859
7127
9777
7825
8310
2215
9510
7486
2751
1758
1527
1822
7606
3251
5207
3483
9315
7547
7659
866
7068
9730
5845
8662
3717
2563
8941
7591
2870
4788
3257
3920
5059
8229
4764
7391
8057
9648
6183
5974
6332
1673
5177
2368
1065
4259
9396
6748
4544
9063
9531
8023
2127
340
363
2827
7439
4810
2371
3274
5912
493
5186
8618
5117
9257
7692
6467
862
7378
8708
5969
3385
9485
9531
8883
678
3444
5919
1063
5994
3681
452
9053
9802
6794
1821
8321
1228
1936
8391
5032
768
1087
5443
719
1423
818
1209
4331
5808
7484
9339
1586
283
5281
6300
9009
2149
493
7557
4483
5661
3488
6805
5239
5720
4661
5055
7227
3463
8905
1473
6159
1909
2849
6637
3091
7772
8874
8215
7088
2561
1567
5427
2998
9247
4259
1034
895
7233
7253
1691
6614
4132
9769
9563
5847
8866
5625
1689
6521
84
9005
2719
5772
7922
2642
2942
8962
4697
7933
2246
1949
8479
7103
6665
4615
6367
30
2818
4149
2177
2847
1717
1833
3552
9697
942
3246
437
4282
9105
8897
8825
727
612
5498
1208
3295
4137
3887
6825
4622
926
6353
9517
9219
1732
7262
5222
7967
5624
3265
931
6340
7934
8252
1564
9564
2302
2813
214
5235
8981
4980
2152
9975
7404
7835
9485
5899
7194
5682
8586
7436
5375
9911
8819
2969
5537
2088
4302
9615
9017
9819
116
9417
4567
7683
77
3214
8617
2956
5894
382
220
1444
1056
1057
9640
9741
2435
378
314
6084
4004
1253
4681
8520
4496
1616
7463
1178
1112
4905
2012
8329
9973
9418
5117
7486
8056
4818
2401
8280
3849
4194
7225
1555
1032
8190
1359
8419
4449
831
9971
1899
1366
9760
873
7810
3738
6799
2554
9668
6406
1483
1491
381
3134
1348
4506
7187
5484
2352
7131
5802
1240
1461
698
7309
8053
2138
7507
9719
6087
9538
2833
917
106
2134
7883
9208
5875
2921
6541
5491
606
9780
6041
6939
160
6674
9884
9071
7364
1612
4339
8377
3502
1547
4677
5481
8053
4435
9489
10
5765
8243
880
3445
2489
7133
6431
6343
1223
8622
3300
6925
3934
3733
323
9808
3005
3775
8053
4415
8006
3815
4216
954
9285
3251
5428
3635
1268
9517
6300
8299
9711
6220
9383
9263
4168
9834
7478
1788
1174
7502
6049
3594
3889
9858
1244
4918
7061
1954
7872
2283
3071
5300
4444
5902
9970
4416
2163
7999
2237
7860
9515
7829
8342
6186
8592
708
638
3813
5345
1908
7670
2355
553
973
9053
1283
2934
8630
4955
3460
4891
58
6981
327
7654
3883
1764
9314
5889
3372
1114
3921
8207
1740
5356
1420
2069
5509
5128
6202
8740
3301
1710
3516
9855
687
1436
63
8829
2986
1572
450
5143
690
9057
627
4077
2323
3568
3818
5817
4765
8020
8950
3669
5197
3999
7599
2297
7598
6083
1107
4422
480
7346
9060
6999
9807
3168
3328
3078
602
7325
5705
3159
6479
3255
2497
8526
3053
7472
6140
9497
6647
1276
1738
22
6527
9022
1842
5382
2122
714
8549
9379
5765
2159
4059
3027
5347
9835
4052
3501
9638
884
7840
954
6240
5027
8546
7169
3845
8911
3351
2282
6457
7157
7416
7756
6475
929
9870
8199
7962
9021
518
9749
5998
3469
9768
6889
8009
6405
820
1285
3055
8609
2969
3752
7697
2513
2698
6358
2919
55
2069
1669
7754
6499
8689
2660
875
460
9427
2255
7990
2476
8695
7288
3220
3289
1393
6895
4662
6049
7365
92
8331
3943
6683
4100
3561
6844
734
6590
1242
8964
4365
3503
1080
1536
1586
7052
2686
4616
2606
822
2436
6558
7804
6398
7436
7586
2610
7382
5030
6341
4424
9931
8249
5200
3031
6236
7467
4018
4025
8984
5307
6095
2086
8701
2330
3440
4986
6223
3937
8553
5092
5698
8098
699
4359
6910
4029
2109
5752
9664
164
9754
6506
1240
1997
6091
6959
5608
5112
921
6788
6358
45
6608
171
4750
2475
7901
4034
8807
7749
4461
5027
2828
703
7931
2265
9119
4680
4662
7479
6348
4643
8846
1968
4280
5832
7094
1114
9346
5466
6209
5472
8964
9184
2797
552
3036
1374
8589
3905
9393
6764
2311
8847
1826
9163
5312
7158
8019
7381
7159
1588
2027
9117
9863
7238
2113
9157
5040
8540
6319
6532
2835
6080
7522
6372
6837
2728
7269
530
2153
6697
3203
1498
6552
6299
8187
370
1563
8048
5873
9147
5657
3204
9121
4942
1453
7185
592
3505
1123
1612
4465
8885
1019
1726
8147
7640
5985
2255
8256
8864
3394
7152
5947
2560
1736
2523
116
6084
3112
3161
7501
4976
418
614
1955
3153
4429
8324
6061
8234
9880
4328
525
1749
5655
9587
9559
3699
5767
7344
6472
3044
9673
2965
1993
4132
700
3324
5824
6730
9336
9638
805
4907
8725
4439
5965
7236
9362
5051
5706
9632
1583
831
5425
5310
4021
1291
6621
2656
513
2660
5980
338
8848
9612
2124
1203
3233
9231
9354
2710
4370
8566
5755
5437
6234
2195
4782
8491
7377
9869
5528
5227
6367
7602
2977
4638
4908
8881
2832
2071
9691
4846
9417
36
4905
1727
9203
5263
2534
9127
8986
784
8241
4164
4742
820
692
9532
8629
9726
7871
4504
8685
9822
3444
3612
8874
5995
9985
5450
9442
7454
9811
3902
4453
5451
4531
9283
743
315
3152
6628
4969
7854
6991
8973
345
8033
7059
6347
3431
5015
6832
685
8939
9139
4933
986
3447
3676
9931
2147
6905
1129
6219
9910
7263
8108
6194
9071
4717
9117
4723
283
1803
1411
3187
5774
3669
5949
3711
2798
5560
1440
7551
9969
1664
7568
5111
374
871
8883
2988
2411
5388
9045
4505
5714
4039
6376
2660
3604
746
4209
5967
7354
2557
6788
9861
7250
9641
8804
5787
9971
3176
4522
1854
6155
5938
6468
2296
6879
4311
8411
5207
6355
1411
1060
2778
1103
3582
8009
7366
3510
9628
8235
4221
9175
1366
5818
1996
2327
6172
7121
3516
7789
9788
4563
9396
6559
1411
5834
2615
6461
1385
8706
6446
7546
7015
7220
2867
9202
1587
8390
5374
9780
8997
3251
5450
601
6967
5601
4561
4614
7701
3813
8714
351
6137
8685
4298
5365
1705
1485
6772
6636
2366
3590
4835
1938
3812
7455
3176
2800
3421
9165
7855
7254
5072
3783
6397
9896
4334
2425
3495
3021
7858
3913
3526
5836
7281
4999
3823
7758
3244
597
9119
5030
8018
9304
1173
1362
191
7257
2146
2138
6685
3066
6360
1981
8720
1532
8525
9875
5093
1439
8964
4416
9832
4130
8811
234
1985
1930
7307
1929
4693
7830
2243
9704
280
1906
7454
6993
1337
4968
4060
1747
2865
5157
2139
4745
645
5732
7141
3465
647
391
5632
5771
9260
15
7388
8591
8744
7177
5309
8026
5124
3377
301
6949
2721
8431
9041
4023
7179
2289
6910
8590
7116
3325
8409
8469
3788
2780
7917
1786
1743
7532
5041
7559
308
5932
8606
8595
865
4896
6529
7069
9488
9552
1228
4948
7766
2075
3171
2855
2302
3640
3643
402
783
8567
7996
8084
9321
2270
5997
8658
2328
7362
7564
4392
4105
9391
4287
3818
4258
9547
7234
4570
5685
4101
5073
6186
2127
2591
4522
1370
3025
6339
6349
4460
4368
1517
8841
7377
2035
7252
8798
4796
8017
7723
696
3237
7837
2189
3285
9741
4803
3637
2493
738
4369
511
3852
6249
6537
5617
6744
3995
5640
5496
6531
4907
9962
1254
1007
4713
5043
3709
2734
6887
9047
4078
3833
2494
9124
1486
1545
8161
7967
3071
7364
2174
2296
4994
9381
4552
2903
2809
3448
7938
9383
5067
1162
890
8948
6534
2372
3845
3031
6770
1756
9333
9882
1643
6587
8205
7378
706
6046
1352
8282
4132
8453
4744
1214
2695
8988
9846
3522
4897
6134
8805
3162
1853
6910
2916
5611
9993
7754
4937
6376
1355
5881
1726
2692
1131
3000
387
6697
5886
2648
2652
234
6668
4718
6704
2896
493
3049
4707
6129
2641
2781
6703
2573
3101
9422
8518
26
3667
1750
4563
5765
5048
6392
4996
5485
506
4252
2603
9251
5860
9806
7339
7655
8704
9213
2474
1699
7106
1242
8978
6175
5120
7735
6808
5609
9684
9993
7491
6950
6142
5951
3391
7706
9844
1797
2795
2726
2019
1863
2604
1825
9724
498
3611
6163
959
8156
7308
5770
4020
8519
3749
4318
6507
6703
4530
6228
5082
839
5098
9896
2477
7656
8215
1756
2065
9749
3322
9355
1406
4155
5938
5758
7886
8421
4226
5972
8430
727
669
2412
3515
8687
4409
4175
3527
2472
390
3399
8509
8099
4834
5727
8469
106
6955
7237
3647
4792
1385
1019
748
7040
7432
8716
3552
8091
8344
9196
3406
5625
1635
5105
2052
9917
9991
1400
3039
4404
