9901
0
7493
7674
3291
7844
4550
9670
9073
1443
2504
3636
1128
5220
6570
8639
7484
7914
2900
6704
3490
1247
7632
7826
5659
1167
1529
8975
6248
5699
8867
5772
4413
9803
2925
8811
4961
698
7547
8443
1873
998
3970
4142
3749
3136
2304
3756
4012
4757
1714
6728
4468
8811
1392
8640
8660
983
9119
8520
4345
8151
9056
3549
4799
3854
2133
2096
7062
2988
7477
8160
2722
61
1017
6894
6466
8595
1514
4985
3426
7318
8592
6332
4513
5075
8273
9280
9770
1009
5900
6832
1792
7782
8921
1812
6390
990
1069
7334
6600
7219
3987
3653
3659
6357
5953
4939
2241
7961
5620
2478
4532
5245
187
6763
2320
3889
8429
4046
4405
9382
6933
6003
5341
3314
753
1805
2108
9673
1563
2434
7949
9792
5247
7970
5226
6155
5281
3826
9899
4868
2115
7094
3881
9914
8905
8666
970
1609
1685
8158
1785
3026
1311
3104
8839
9433
3124
8123
5375
5875
3432
9933
7785
2071
1598
1421
9887
3952
8949
1913
514
295
4528
3786
7620
7106
6332
8259
4005
7811
9734
2835
4276
4165
354
8736
3222
8322
1939
7763
1783
7853
4774
9123
5472
8947
808
9234
5291
3102
6858
5765
9148
1654
9577
1589
7396
2731
2250
8559
278
7875
7477
2167
9403
3214
5600
2414
4377
614
783
2944
5964
9164
8197
9058
6786
2802
7869
4042
1441
312
8840
7720
8088
4445
7411
585
7289
8936
757
6369
6277
5222
6176
1519
7567
8003
3236
2359
8482
954
5614
9982
8798
1782
2738
4590
4312
7931
6648
78
7679
3695
3452
5410
9551
2408
2387
4031
887
519
1622
4945
2505
5392
1831
1332
828
5488
5696
6631
4372
9565
6603
4478
1916
9672
4156
6294
4988
9227
3464
7192
6357
295
8203
4697
4283
704
985
563
1046
5949
6593
5
27
6172
2456
8101
1512
2944
5803
1505
5865
1050
5880
7572
3081
411
6895
6299
748
3398
3391
7195
3643
2995
9627
8128
8064
2887
4379
900
680
7856
8781
2385
1508
2596
6632
7692
8950
9294
3672
5123
5008
8124
1617
3262
5318
8854
5578
4983
9582
4436
4894
5919
621
4826
8509
1356
9127
9203
715
2006
3764
5477
2296
6809
6898
6534
582
5743
6071
4486
3412
1663
7710
9543
779
7591
3879
893
4303
4189
2409
285
6869
5286
1861
3497
6994
2275
345
9616
1296
6815
4597
6894
5185
2050
2903
8703
402
4965
7417
4854
1751
982
6902
7303
4003
157
2895
546
6200
1499
7211
9552
5189
6661
7402
4743
5481
8421
5819
1109
7296
8292
3424
661
7305
6716
287
2239
21
1173
1459
3169
9767
8194
5146
7766
6067
2587
64
5262
8189
9442
9348
8465
4004
6846
4931
8406
2462
2176
2497
7832
6919
9755
6432
4447
116
9404
2493
8306
6567
9431
3836
5510
4864
8655
1880
8660
9342
6064
4762
8834
2700
3632
8798
6389
2766
8162
7845
7418
9671
3568
2628
8306
7639
132
1073
9710
7002
8379
8834
418
8384
9069
2350
6217
480
485
7622
4436
3253
7117
9849
8168
4005
2432
8936
9541
8333
8939
1447
2559
9402
2342
9175
4119
4268
9571
4784
9573
8147
4566
2297
4733
4639
2795
9058
1484
4769
6401
8099
8836
2318
6806
7693
8776
6640
6518
391
6510
3046
2127
3703
9301
2944
4543
7094
4666
2178
8232
2219
4003
2143
4342
7979
7280
5853
3113
5170
1207
9038
9099
5878
8286
6609
6491
6395
7407
3128
301
985
2852
1759
5414
8812
9343
1752
9392
5752
2280
3237
6403
4354
9061
1446
6293
8942
2036
2235
7353
1939
9987
9946
5990
4596
4328
1376
7332
6924
3567
7456
7533
7184
4447
4102
1025
3255
2825
7273
1387
8349
6816
1933
3459
4475
6080
8307
5222
2723
2447
7267
3089
291
4215
5923
7664
4576
7563
6264
440
8737
8814
5136
3621
632
8950
7172
4667
3339
6647
9369
4180
8669
161
398
1485
4086
5107
5263
8045
886
2849
4034
9255
4286
699
2731
3513
5004
8543
7378
5565
1842
8663
5978
2649
1475
4294
3623
495
7351
6488
5890
2169
2532
452
4574
8163
7572
6887
923
7150
2563
7868
3503
8503
432
2702
1343
6690
948
5994
4752
5684
5807
5480
6087
9580
1120
5513
8253
9235
8983
1084
6565
7287
4023
5789
1615
3880
2517
1328
2678
2177
2047
9561
3418
9537
2711
8985
9261
4645
1209
9762
9412
7817
8130
9253
7
9745
3884
7224
2376
7568
2931
6794
5165
8175
2177
4932
6137
5658
5691
647
8212
643
9036
882
1541
3639
5385
7732
9064
2504
7153
6624
4561
7783
1480
1356
2911
3349
5411
2693
1547
611
2545
611
2043
6207
1779
2995
7706
8039
9249
1750
3266
7091
8198
9048
3999
6960
515
5066
4124
1939
1196
9142
7883
3832
5630
9211
2245
508
3211
7416
2766
926
889
8176
1555
2741
5426
2217
3240
2378
3487
7830
9781
8159
4967
7649
8712
2836
8736
9585
9289
1575
6116
4156
7785
2739
935
4169
7712
6798
2477
452
9857
228
1178
8570
1521
5392
3638
3188
5440
6368
7412
5909
9825
7988
9303
5983
3527
2501
70
5537
5902
4621
4313
6390
6794
5847
1705
4546
1626
3849
7869
1552
8718
1082
4328
1745
5729
6442
9293
1354
49
3332
3599
7492
8015
3806
8918
8726
4944
9925
9338
9459
8367
8237
3380
4717
465
2797
8154
515
234
1772
2429
1099
6184
5849
3111
8970
5108
9645
2013
7557
8803
9725
2245
7748
2518
6485
7296
8476
4552
7647
699
7594
6579
8368
5813
2960
1600
2122
1617
5220
6961
2746
1643
1167
1293
2477
4492
6448
9942
2017
2514
9148
9925
3503
311
2045
6910
824
1516
9141
9539
5382
6366
8905
8319
331
3668
6068
594
6199
2505
2891
7093
7063
5646
5730
9013
2083
4193
2758
636
9183
8583
8953
991
1814
9585
1739
888
2956
5888
6035
8733
7772
3144
2697
5048
7894
7112
3365
3647
369
688
1228
8673
903
961
5232
9448
1961
5291
5439
8100
7766
6149
5007
3026
6833
5318
7343
8027
8393
9099
8150
6321
7250
6437
6563
3199
6557
9101
1198
2858
5611
9554
2542
8749
2181
8793
6604
2350
2130
8713
2720
7982
2084
1263
562
7234
5279
5888
1402
4697
1599
6420
1431
5623
715
95
7198
9968
3053
1175
5403
9316
7683
1528
4861
5162
4577
5591
961
9026
8506
5206
6963
5983
8362
5171
152
9206
782
2352
4063
2358
8831
9998
603
1182
3
528
9203
6753
1578
5703
8911
9159
1483
537
9186
2749
7368
7116
9411
5105
1997
6018
9970
9441
7887
6132
2394
894
9897
262
3368
3964
7506
825
4742
3796
2300
2741
4379
9530
7835
7465
4153
4694
5621
1281
6838
517
6964
3086
2485
6343
1124
7091
4276
6081
8543
8566
8348
1617
3683
2732
4911
6421
4780
6006
1403
4697
7068
5897
6750
6299
2322
2768
7942
6474
3434
2280
6262
6925
3360
2885
6961
3012
6656
7743
3735
923
4179
6562
8704
8294
2320
5994
4149
5336
9699
9370
2686
1012
815
9680
4908
8845
3296
3812
8564
4414
6327
3497
5794
6444
1440
6279
6849
2917
1796
3472
1535
3478
6107
1344
3147
3762
4962
6002
7967
3805
8360
3359
184
9269
5009
8479
5787
8638
7867
1983
9091
2927
2655
1017
8250
577
5389
7400
1373
3567
5414
2871
1222
5547
2833
7518
4829
7385
6014
4674
2629
1729
8258
3803
1033
9389
539
4751
276
9679
5559
4017
4923
2735
7529
4710
2571
3831
824
1806
2340
7507
197
2977
2748
3674
8356
9292
2697
1981
820
5437
1463
9585
1767
6618
7960
3150
6238
190
3559
4196
1715
2524
7726
7745
3073
4698
9625
5890
7141
202
6493
6758
2255
4444
3227
282
4343
5046
6788
212
4802
4417
9496
8956
9443
3855
9355
3269
5009
1966
9620
3332
7133
6148
9816
4002
5507
6830
9974
3009
9006
2650
4034
4476
9944
1927
7801
1624
4400
6262
3864
3331
3998
7211
3102
9547
1473
834
438
5474
9318
3725
7649
248
9520
1076
1358
9128
1305
4971
8978
3757
644
7955
9084
7183
8178
2228
6539
1834
5272
6284
1453
8208
5615
1327
4899
5932
263
1942
3815
5539
4509
9214
3442
3504
6718
8227
284
2680
8992
3134
1012
9611
9926
2475
2239
2950
349
714
5126
5402
3525
1670
7967
5003
3555
719
8232
3519
9044
2866
2898
4698
8419
3369
9896
9341
2482
115
3298
8156
7158
4680
8867
8103
5791
5923
8112
9714
2920
3336
9306
8854
3462
2559
4295
710
4374
1855
3781
7433
7705
660
2675
1419
630
3645
1825
2987
204
6973
6543
9293
7372
9292
1425
7641
3118
6317
5419
2932
9415
5264
3813
4638
6194
7539
5204
9161
3937
9884
9225
4299
4519
7227
569
4933
6632
17
8274
1185
769
5602
9650
8476
2883
3271
7714
8422
5468
8145
9591
7951
1949
250
4827
4615
3690
4888
3556
6260
2327
3419
995
4035
5414
4481
1240
1593
8205
5660
6267
9376
4143
9523
6236
9474
3488
5602
783
8609
8264
3252
1093
9787
6203
5811
7485
7054
2476
6591
300
5039
4646
4073
4934
1542
951
6245
1422
118
6399
7360
5577
599
995
7601
9440
4329
6610
6870
7702
8383
4453
6213
7597
6427
121
5951
5454
6503
4347
6449
2382
9421
2447
7112
5441
7607
1528
6393
249
7457
2335
4891
6817
5585
2351
3448
4393
7013
8911
6111
9342
3255
3171
4304
2547
6020
5001
4918
1367
9677
49
2656
4382
2400
3998
1687
4246
9716
6881
9841
7028
5247
5016
2696
3841
5808
8685
7254
6905
5579
5454
6851
8608
5232
7272
3132
255
9644
6215
4110
8580
6680
3990
6696
3145
7261
5533
5674
1396
7510
7140
5829
9701
3109
1363
4209
2996
7924
3900
1763
3080
6333
221
375
2714
5285
3476
7844
5488
8286
1662
3504
8537
1861
8367
478
4308
5090
8322
1324
2842
7484
2999
303
3374
404
8221
756
2671
5116
9903
6019
4843
9796
6531
4772
3157
7190
1871
3216
6634
3666
2294
1611
1788
7754
8626
405
141
6773
4365
9599
5487
6575
6278
8130
3331
9576
1119
2230
7009
9667
5171
5909
1040
9226
2690
9166
4754
5456
6692
7778
8868
6316
3740
8064
2773
2345
1752
4157
9688
9118
7990
8827
3737
9254
3941
7569
2722
8910
7195
8739
4457
2842
2443
9963
1323
6209
1058
9997
5228
1684
8271
1810
9432
1259
7501
9326
9717
7550
4838
7436
248
5238
7855
5748
305
7958
2986
8583
7396
8426
9649
2112
993
1869
9727
1519
1264
9209
6168
9780
3384
9529
6755
6979
4087
4013
9684
8664
4998
6721
3101
2754
939
917
5007
2353
6710
2733
6199
6135
8147
3018
775
9748
1943
4426
2102
2577
8593
4020
9395
6068
2714
1894
8979
5823
5614
1490
5436
6527
1751
8467
174
6885
3996
5596
8718
2163
328
7798
1488
6737
6236
3019
7077
116
8102
3764
6608
367
8090
2969
9821
7968
2952
968
3174
2524
4665
6582
3831
8778
6074
5667
6767
2341
857
9076
8530
1220
1992
3425
5485
8821
3680
7882
5731
3880
1672
4551
2228
3733
2204
6653
4712
2827
382
5805
3484
2473
3675
5445
4500
3426
2684
3095
5725
2053
6869
6444
8165
5182
62
7645
9452
7666
1595
269
4711
8211
9343
4192
6655
4593
4109
8728
8396
1989
9615
6834
2160
8084
2391
8108
4626
660
4435
1500
8450
3799
3164
4296
6514
8122
1251
9948
2249
1395
6806
1393
5281
3372
7211
8668
7124
5204
85
2141
4209
9094
6692
2995
2597
4293
5432
80
8966
3608
3406
2668
9045
7397
6528
5142
849
8490
8139
447
35
6268
2177
2358
3674
2262
3040
4366
5295
9612
2292
823
2675
6232
813
2812
4816
7076
1341
8722
4529
4984
4967
7224
6445
5998
2542
8219
3005
448
8848
9402
1152
9580
212
8225
3592
7843
6880
5635
1449
7635
4511
2860
3505
610
6125
9685
4934
2887
1464
462
5133
7959
6454
982
2993
1443
546
8716
3784
2033
3903
1377
617
6622
8352
3548
8746
44
6505
3373
7316
6462
1051
802
7072
2533
9943
2206
3676
4905
8421
1838
1375
8161
1479
1942
136
2098
4723
2514
2900
5691
6470
5031
7237
6494
7486
9451
617
4178
7356
6535
2304
408
7873
632
8846
9886
9549
602
4453
5723
6663
8741
8591
3264
7551
6390
1996
5952
3258
1798
2751
8311
3243
4073
4132
178
2761
5509
638
9949
3399
9970
6079
7819
8964
9955
9193
2746
933
1137
512
8614
4765
4481
9545
483
9731
6744
5257
3367
369
6943
2324
5274
3690
5901
7376
2562
6630
2451
1364
1688
6555
8351
7892
426
8641
758
7090
3901
7083
8923
7765
2052
6186
6648
1998
374
9872
8775
5822
5563
7256
1633
1131
9599
1284
7412
8861
819
812
2638
408
6742
9488
12
5695
2936
4906
7724
2314
3557
91
767
8428
8819
5817
5551
1390
9222
1185
2117
5291
4032
5691
9504
966
1671
7285
5066
1694
8453
1510
8789
4501
4050
9371
1430
5909
8628
9889
2157
8831
1235
26
683
2530
8904
6916
1551
4978
9569
622
1589
5761
3381
6591
1513
5223
1957
6299
8099
8209
6471
5215
7538
7377
703
5648
9450
4410
8818
1391
9100
1119
7382
9518
1684
4638
3880
2679
4757
4235
2122
3816
2513
1459
3213
9959
7168
7371
8535
5333
3076
9697
7752
2401
748
505
5512
7966
8437
4509
5425
780
7652
1986
9050
93
8548
5416
3674
6313
1091
1888
2271
6405
3953
548
6018
261
7671
7046
1034
1804
7776
2414
1687
4884
6843
6451
4841
1914
9671
8863
6011
9148
5667
6224
5087
3803
6923
358
600
8381
567
4142
4903
2261
7519
4261
7774
6860
1710
671
129
1910
9972
5163
6908
8448
7828
362
4350
6201
9326
9526
742
7054
8647
6499
8964
7772
3322
8055
4697
6367
2518
5861
9005
2809
9096
2014
8372
4820
2365
5733
2857
1309
5546
2584
8360
1117
515
5025
2113
2976
1061
704
2149
8857
7827
4306
5648
7441
7206
6260
533
5665
2550
2679
9138
349
3709
6967
9348
7645
3465
4358
3197
5139
8187
3723
1895
42
2744
1374
9418
9164
9037
3956
6698
8690
2280
5249
9887
4769
1648
8421
4109
7401
5529
4195
646
4402
1769
3943
1727
5562
7094
7092
6724
1305
3313
2831
8760
329
665
5836
1228
5624
6444
5746
9046
1181
4531
6951
6768
5810
6128
9356
952
947
5056
6968
7566
5394
9202
1131
6414
1127
8476
4940
6720
6504
72
8066
9261
6814
966
1044
919
3618
3763
468
9499
6599
1506
409
4921
5483
7535
9447
3908
6190
5880
2607
6581
7291
8434
5240
6934
9880
4750
5923
6036
9391
3332
7866
9874
1067
9774
5008
4496
1210
9043
316
6846
2713
2885
1730
3772
9078
6905
8228
7771
1793
1355
1434
6700
6997
3904
140
4784
4860
7072
9331
7159
4998
9251
4168
1295
5636
600
9442
1378
5345
7534
7710
7325
5104
1842
918
6691
4162
9494
1848
4838
8568
3481
2953
4286
1212
8921
5527
3240
3895
2583
7776
8421
899
9199
7227
1477
5613
8889
3059
155
1524
6941
5354
6532
4667
171
2404
7883
1411
8926
8034
502
7931
713
853
5698
3536
3868
1574
784
2114
767
1929
7012
524
6703
5404
5604
6962
9336
2824
8799
2390
6055
1516
7654
8041
8316
6869
1292
6860
6616
6448
9591
2846
1318
1105
6577
1099
4722
4357
7860
5615
3659
8502
9643
1275
9522
9171
9879
23
293
6127
3784
697
5209
5636
1176
4907
4666
9597
872
2685
3515
4131
5016
9028
2096
2686
2092
2421
7365
7698
9023
78
9453
3345
7337
4302
1181
7508
4265
7209
4280
2084
6420
1735
6508
2492
8381
1733
6914
8498
8284
4792
9704
2453
7570
5968
8864
2701
8268
3315
4541
515
520
3085
8505
1238
8060
3349
5268
6696
5531
7108
1542
4445
5506
9952
4247
3571
4976
5157
5528
1631
1761
5453
7032
3925
9188
5858
706
1498
4725
8694
3688
5346
35
2249
3434
1187
8930
2780
4082
3922
677
1644
6058
885
2097
5345
706
1457
4771
6386
502
9508
5110
5069
2692
3818
3581
5644
6041
5643
6052
889
1431
6545
7200
3165
209
1246
9093
9082
5647
8862
3988
3901
5397
6208
2258
8064
538
5133
9027
392
5207
9028
3477
5919
9522
4225
5495
2548
8007
5974
1227
8249
9970
5794
771
9331
9954
6976
8880
3974
3573
6492
4504
166
2010
4983
6404
9451
1239
1561
4981
9599
2083
1017
406
208
7708
7418
7838
3276
7539
4921
2138
7862
3973
149
8210
271
7014
1958
2333
6550
636
7643
1173
4434
5504
2499
1215
7648
6869
7388
708
2881
4849
5795
9705
4294
7916
5869
1859
5996
406
9569
3217
7782
6477
3482
8337
4328
681
553
4731
6762
3390
9215
4995
837
8313
1459
7063
7754
7587
5210
5843
4432
4214
7807
5417
1322
1957
6723
3899
2100
5944
8166
6911
8691
7515
8498
2725
9191
5636
7622
869
5684
1951
4958
6251
8015
7289
731
1663
9306
23
9336
8007
2081
4944
2277
1109
6417
4830
5339
158
253
1083
8568
3683
2563
3977
9795
8038
2531
4602
1771
4440
9031
2635
2379
7958
8954
6911
6591
9515
9569
345
5115
2784
1902
2775
1908
4817
7689
7356
4285
5943
2923
2620
1952
147
6117
5911
5414
2564
1360
1689
2828
4066
1587
2944
4955
8528
1381
6708
6872
6689
4592
9837
8738
6930
838
1258
3909
7098
2972
1819
4091
9078
8502
4589
268
7963
4515
7702
8051
3188
1324
5940
6875
3839
4308
7822
937
5204
2974
9031
3663
3320
2268
936
4695
9081
4515
4977
3738
9873
3352
2359
2359
2115
3510
4590
4317
5762
5862
1396
5642
21
8402
7176
7307
9876
9591
1811
4993
9129
4429
2620
7319
9923
5210
8612
6913
9809
8311
197
4415
4127
8198
8349
1946
5522
3031
1900
7793
4881
8383
2369
565
409
1398
4987
4359
7527
5731
6107
6164
4029
6756
2388
5890
7158
3134
5786
5984
9547
1309
5330
3737
6095
2365
1901
2791
9705
8468
3032
2671
1605
8738
1047
3007
4760
8378
4832
29
5610
9849
7868
3327
635
4666
8957
4525
3680
1314
9722
6250
7441
164
6711
2576
7432
2975
2036
7320
4423
7143
6202
2830
4236
228
5683
6681
5214
9897
1268
1682
3899
4469
6710
3291
9480
1615
1127
5188
7235
2974
1776
7097
9175
1444
2479
6463
4477
2311
1769
3021
7777
7442
6761
9819
1374
8969
6392
408
5319
6179
8134
9326
9957
9836
7089
1214
1695
3028
7150
2337
4171
3924
9756
9597
7302
5192
3863
3101
5295
1062
2305
6915
1360
4636
6823
2904
5933
783
926
6744
4256
2733
6652
4533
9071
1937
5505
5691
8535
2373
1702
4934
7856
4952
5996
6146
3012
9931
9159
5538
6522
8857
8701
2941
6467
6234
8482
5830
2469
3102
7207
5430
8210
759
6224
8981
6104
4987
8092
1990
2359
5337
5067
4413
8859
932
1522
4038
8023
8400
7896
5798
7094
1587
9770
9423
5815
5275
2647
4017
4589
6467
8361
3315
8811
508
6118
2626
5854
1268
1481
5170
8362
9089
6774
2940
5476
1451
1350
7945
6161
3790
8283
7662
8266
4546
4149
9486
8194
6251
764
9273
7474
8010
3162
3852
8073
8359
523
7444
8351
9284
4097
5725
3743
6810
2613
6215
4002
8276
9773
2636
2647
3542
6359
3056
3311
5130
9350
304
9942
9718
5068
6241
330
9731
2382
786
2809
9777
9316
8314
70
6528
4107
1481
9303
2966
6977
6924
2655
1372
3072
7500
8436
4342
7356
2657
1925
4429
9346
1718
4075
1343
1574
8343
1978
4942
4544
7913
1294
6745
7935
8311
1650
2974
336
2777
3181
9766
8511
2816
4977
7753
7260
1711
3412
3667
1461
900
4433
6575
7104
8740
702
2227
4137
8558
5331
1842
8886
8076
8786
1888
4864
1482
12
2388
1993
7433
981
7499
1797
4407
7419
5533
5661
2646
5457
5673
5558
1837
2649
3505
1536
2606
4390
3187
992
2078
4436
5953
5178
2665
3740
7752
9077
3133
9296
8122
5129
4272
9443
362
6108
9641
8542
4111
9839
6244
5406
8939
446
3274
8344
3958
6555
3295
6631
7923
3390
5001
2505
6967
5719
6139
995
1261
5464
3520
7169
9983
6724
2636
3465
3813
6189
2145
3489
7999
8154
1270
9033
7506
9024
255
3988
5823
5101
1103
7592
4289
9067
5482
2643
7441
29
644
1093
6731
2255
8285
4250
4412
8162
7431
4246
5917
311
6399
1793
3713
5710
5300
7692
2278
6934
3912
8990
2345
1745
2858
7256
116
2469
4695
5735
7685
9849
3826
8735
7660
256
3209
4006
1325
7448
8909
1684
2481
5282
2707
9252
5030
4799
6644
2187
2989
6364
8959
373
419
900
9407
622
9681
1553
3373
5119
4550
992
989
9844
7609
2660
1634
3461
8621
2339
7558
6404
1111
5028
2235
2684
2705
6851
2843
2571
8657
9459
7383
5893
3370
6634
5080
9779
533
6921
7581
9024
769
4119
8699
6049
4608
423
773
6170
9636
6294
1478
4486
5957
3301
4343
8098
1776
5006
6517
5380
1154
5596
2828
3990
7126
2398
2096
7545
9059
9135
7744
9439
8796
7415
3984
3746
6056
5750
9809
2821
5707
498
7305
8318
9429
6830
6526
9739
5912
3465
96
7960
3291
8932
2797
6266
2458
8993
2232
5618
951
3162
931
210
6054
2874
6478
3296
9647
5539
7174
2064
8208
6145
8720
241
4979
3865
8160
4796
3351
5767
2049
9781
1501
39
703
3479
6866
3724
1552
4948
5361
4409
7711
2616
3511
7493
4038
4743
478
2998
4356
5715
1427
7405
35
9544
8517
166
4684
1970
725
5705
8373
8990
3929
8644
7788
2276
5115
14
6630
9999
5652
4197
6882
2033
1072
2522
7305
9085
2717
9126
5348
3541
4459
4894
1059
7602
9986
2219
2119
6745
9244
3165
5377
3847
5671
482
3649
5897
1257
9053
6738
7992
4208
8690
846
8072
6803
9952
2450
9865
6819
9397
2027
5615
8141
1223
575
643
2277
872
9446
5717
341
5903
7116
4112
6661
4368
2434
8639
4120
4229
1476
1492
3693
3846
8951
2444
730
3291
1920
5953
9892
9747
8972
2391
4713
2519
2868
3998
4895
7627
5274
3326
6911
858
6194
8366
7228
7166
5779
819
2210
2790
8141
679
3784
1186
2856
7531
784
1791
3550
2260
182
3449
7773
4546
4063
6097
2821
6905
4431
9436
4733
4419
8745
4429
8961
1632
4194
5966
7977
1638
2061
9775
3886
6935
8029
566
6284
261
6907
7846
3364
1270
6923
9622
7244
2366
8342
5543
322
1244
2054
7149
1352
5803
7009
7415
7365
7582
4066
3393
6129
1575
9189
9263
4045
9765
6393
6798
9644
6102
2392
8726
3448
7732
1376
8313
1644
5361
9636
2251
3869
4192
1599
8121
6841
8054
8329
2655
1749
2238
367
2387
5585
8618
2263
3634
781
1747
2453
5875
9749
4499
1093
8084
3880
6855
3076
167
4579
9113
8870
5021
67
5369
1197
552
1188
1595
3196
762
6780
7501
228
9495
3316
5839
861
9937
9870
7206
1884
5380
7938
7971
2912
5138
3506
2009
5836
9534
8375
6489
8027
9100
4879
8700
2009
4208
8640
3292
1546
7244
3466
8954
6267
8615
3459
4320
1273
3251
4042
4764
2749
394
1639
5240
721
2336
5912
7098
6502
573
7648
2821
2794
9292
7674
4679
1722
1867
8403
1178
2353
3032
3476
241
529
8309
407
1188
5852
6955
5010
168
5633
992
5968
9212
9248
2818
8138
7974
7463
481
1698
4466
2048
9960
4326
100
3422
7951
5524
723
2095
4385
5048
9808
425
6878
179
1260
27
812
1741
6219
1607
2339
9252
2657
7142
3308
1501
4768
4234
3416
5177
591
713
9426
283
3630
2277
713
807
6925
6094
891
9848
8514
3969
838
404
1596
6000
9431
7956
407
1094
4318
9511
1628
1480
8044
1572
4424
9533
7707
325
5388
7354
6148
6641
3305
8450
1477
1731
8601
3864
7476
7448
2553
4696
6071
5349
2527
9299
546
6869
6830
112
2584
3997
87
7588
9350
1586
9271
621
5517
4161
6792
1175
5068
4396
2997
5276
4153
2647
7720
5726
4729
9337
5989
2625
7513
3207
3317
7477
4886
7354
85
1517
2300
1805
370
6504
3304
813
4715
6720
4824
835
7922
5580
1513
8066
6048
8709
2329
7062
2413
2805
355
7759
9288
2749
3256
3892
6113
4582
3368
5339
6878
2768
4813
2726
177
389
2805
1569
2894
6576
3217
7427
9852
3880
8918
3373
873
6661
9691
8155
8822
7984
4318
1587
1354
6902
9196
3839
908
1023
8975
3422
8704
4062
4987
6464
6279
7298
5953
4367
4881
1770
6245
9582
2169
2895
114
7545
2403
7011
8633
6725
2172
9042
8584
1424
2609
1948
9928
2680
5623
6114
4103
4073
904
1468
3753
8163
239
5924
7689
9387
2848
1725
2088
1666
1040
6130
9412
680
2259
8381
3578
5072
2177
3051
5877
7151
1300
4453
5368
910
1883
7911
1391
2246
4933
7925
5476
8860
8043
619
6728
3484
4522
6664
245
3125
6037
675
212
710
8319
421
3471
1475
209
5843
3222
4579
5032
9516
578
3566
2693
2722
2861
3498
3992
4320
7782
8178
6563
8386
316
3711
8155
6958
3444
9379
5599
6750
2351
806
7540
3687
4982
2943
5186
804
3926
9713
7030
9572
402
9179
2331
7175
8203
4663
5285
9097
731
6248
8910
9171
1170
2855
6590
5221
6107
1196
8261
5473
5736
4702
8411
5565
7106
3652
6453
6338
2007
1298
3836
9587
6234
8002
9581
97
4326
7670
104
3002
3127
1166
3796
3297
9460
9422
2073
7363
2572
1118
9050
7387
9049
1105
4116
7849
9960
9114
3204
8730
1545
2932
9270
6428
777
7872
4224
6139
7841
1519
5937
8237
3574
1545
3662
8134
3264
9007
882
6367
4763
2019
7750
1595
2981
9781
3768
6769
3202
1522
4292
5185
3504
2103
400
9463
9196
4479
62
7758
3516
7021
7539
6713
5144
2617
8368
2701
5071
3211
7504
5853
146
4396
5976
8700
6043
6487
985
1886
5600
100
7505
6804
6955
7460
6896
3009
5677
5986
3673
8829
4673
8492
3274
1206
2707
5454
9933
2174
3037
6742
5390
8932
2144
5642
9525
8281
9272
6487
2278
5766
7893
5867
9170
2098
931
8307
2568
6319
4623
5825
4008
9847
5987
6297
2991
9884
3603
2200
5070
956
5378
9346
4502
3197
2029
6249
8610
9548
3581
6065
5405
8933
6232
2363
3557
7734
7918
3548
8123
7928
4344
6229
2923
3040
8910
4433
8573
7019
8239
6244
365
2058
8448
9759
8497
280
3842
5650
4699
304
5716
390
5905
1736
1501
4815
3754
5339
8062
9766
4173
5643
7294
6940
9883
5870
1274
5656
2311
3640
1439
8685
4842
7128
7871
8928
4125
6632
1162
9304
3379
4703
2813
5982
3569
3514
8627
1142
1677
3122
8205
6650
4488
7211
4508
8469
3511
3330
5462
9210
3109
3455
2711
2940
1719
5883
4554
6571
2830
9038
9135
8589
6771
4222
8097
6654
3445
6200
5354
3290
4587
9533
7864
1067
5350
3822
9646
7693
6593
5079
1383
4718
9135
8319
6780
6614
5479
9058
3309
7786
1812
9854
6344
9137
9054
7753
6312
2454
9428
2060
9499
3087
4856
4602
3329
7300
2521
7073
7656
29
1663
1974
4446
8649
9341
4194
3432
7011
8003
8779
4505
5536
8493
9276
8753
6492
4893
440
4259
2706
4609
7139
687
8467
102
7631
6001
8267
5991
6509
1776
1941
1281
8138
3537
5398
9133
6879
520
9934
6256
5911
1408
7135
3473
594
2671
8709
3167
5728
1010
3447
5763
3715
6110
7046
9445
1045
7151
9441
9099
8041
2471
2715
1469
9352
3986
1771
2055
1926
963
1630
1747
578
9584
5191
6452
342
7215
1374
1101
6282
8864
4366
6992
7140
6416
215
8578
5871
6803
2078
3209
7145
2734
1692
8313
9752
7934
8991
9361
4536
6725
954
4949
4482
7740
6143
3137
5896
3574
4159
3294
305
193
3519
2089
460
3759
2563
5022
8939
9264
9747
4431
6980
5713
3396
2867
5493
6115
5653
3219
9729
4495
9785
7539
3098
1236
9775
727
7838
7184
6625
5813
6390
3743
6415
9773
9390
2239
2200
9741
7892
1854
6465
1242
3983
9906
7949
475
8298
3852
8784
9082
3763
4101
5668
887
1249
1052
9745
1901
9846
1214
6794
3566
5524
1240
4001
230
916
2234
8762
4692
9524
7413
2
9405
5030
1078
1488
2392
6763
6309
8483
8583
6765
4069
5512
7331
2044
1363
4270
6860
8354
6910
6075
8875
5589
2141
2368
493
1230
5929
5685
9914
4103
4681
6196
1269
4299
2547
8064
7703
4209
2318
8697
8705
7181
7000
4917
6159
4926
3838
9763
4019
4467
9219
8342
6996
7082
7208
7948
9747
8721
3094
6695
9504
9894
9644
9292
9772
2635
1021
7622
6371
5016
9275
7548
3637
3319
20
2467
2595
8493
6148
4502
3711
6638
2945
9811
7325
4966
3972
6006
9754
3036
8602
3134
8359
1236
3158
7547
4597
6700
4075
2916
7355
1372
7251
8267
6098
1017
5625
244
7310
3089
9246
8278
858
3213
362
1560
8957
550
738
5097
637
3084
6161
7900
2413
941
8889
2840
7188
3183
4363
549
8050
2189
758
6391
8444
8277
575
2613
5351
2211
1593
2369
3320
1154
874
8039
8481
9362
984
9756
2720
5543
9764
6788
6020
9025
2159
2686
2219
4450
6386
8727
1863
1272
4382
5807
7945
3058
5547
3991
2172
9305
3061
21
3422
2980
4381
7197
733
6679
4466
8227
3315
5953
5667
260
6812
8392
2061
8452
5580
2858
5713
4211
8764
5726
6652
3056
3409
7185
5458
4000
782
1830
9080
2899
4933
1763
5894
8718
4372
1969
5048
564
5912
2716
353
9937
2184
6778
6452
5329
9444
5169
319
4265
9182
9978
4118
2587
7546
10
7127
8425
8474
7578
3275
4995
1537
9053
9330
4785
3109
5019
7179
1935
5991
6260
7815
8539
4248
9901
9662
7167
5038
4282
8048
7114
1239
9658
6789
583
3557
4454
4719
364
7942
6110
5721
7435
8866
9484
5697
8915
8676
5555
9825
6301
5690
9564
3159
7979
7222
4213
7694
6738
1460
1632
7542
5715
4335
8086
767
3892
1393
5488
421
3167
397
5521
16
4663
8566
1482
9097
1572
3381
4084
1620
462
8684
5233
4871
2444
1065
3405
3704
3358
142
1706
9161
2413
282
5118
166
5820
5802
4405
1098
5616
9736
8576
1689
2635
4112
3632
9735
2964
7315
4158
9901
9112
2308
5295
6136
4966
2625
7519
286
6240
8166
3470
4881
2624
7898
3793
1804
8473
6255
5036
2873
5552
2632
3212
8921
7191
8124
995
7093
9234
2969
4317
8528
3432
6293
3981
1568
108
1388
3791
533
9717
5446
3383
4228
8771
6161
5887
7806
1998
4304
7741
9718
5077
252
2417
7366
7666
4964
3927
5461
2556
1493
7397
7703
2310
7102
308
1096
9959
5432
3331
2524
1058
5666
1802
3343
5274
3711
2927
8934
2618
3969
1316
2200
5105
9135
5352
2640
1856
5596
7754
2457
7418
3535
9795
7517
5811
285
6302
8867
8823
4481
4634
1819
2159
4860
9652
481
1168
3225
9586
8430
1768
3479
4723
2647
3357
2363
1690
735
472
6226
3496
3393
3835
2530
3692
1123
9515
3572
6618
6890
9552
6350
6127
680
4455
2172
3935
9190
9643
7733
1760
6981
4973
4557
2283
2963
2247
6983
3393
981
6223
3581
4312
7587
6728
2597
9554
5921
4162
3579
2879
3215
6041
5549
4797
4077
8193
9979
7300
9704
1384
8192
1690
3990
1671
163
7375
1342
8541
5157
7418
381
4358
2692
7477
83
8056
2274
233
5325
6488
171
786
3351
216
484
4704
7118
5544
2430
8425
1656
7849
2629
7562
406
7583
5523
5270
8627
2173
690
9801
6746
3653
6558
6636
3333
485
7583
3652
3898
2089
7825
4959
8946
1922
1612
5964
1851
7314
7700
2744
4275
2694
8756
2476
6107
2846
6908
2505
7218
5154
4549
4370
9717
7785
3488
5976
9405
3793
7732
7934
1568
583
1183
8469
4315
7214
1463
2508
4889
801
6732
3801
7630
1469
5842
2696
7604
8942
3363
6950
5105
5923
6025
1581
5797
2017
9280
6798
9014
4898
287
7219
6530
9784
5860
7614
7063
8869
1111
2611
828
1554
7630
5795
9777
3349
6836
1041
4052
6018
2934
9113
3991
5542
4470
4154
9765
7642
2649
6217
6354
7983
1798
6125
5922
3259
5380
5595
5445
4879
6012
4160
245
4218
3182
17
4577
9655
7848
5050
1737
5087
242
7803
4880
9637
6340
370
6581
3568
5675
794
8620
5690
2842
4155
2511
2511
7859
1782
5215
9583
1592
2888
1872
9301
768
5987
4112
3323
6545
2804
6473
4078
1514
7861
3641
2602
3321
847
5357
9832
4867
362
51
2381
1300
1810
7335
8430
9444
9784
5161
9092
5772
2773
4604
45
3203
9661
7299
617
33
9945
3413
435
952
327
1638
4290
8227
2743
9233
698
7253
9094
8045
8162
5358
2234
675
9588
1072
2814
157
985
1494
6631
5275
9760
3577
3291
2355
8057
6303
8983
9311
2354
2808
8051
376
8009
2320
7142
5647
8121
5653
9872
7368
6472
2089
1486
780
6774
5904
2171
830
2308
6682
7863
2982
3078
7711
4428
2698
9803
2179
9755
6429
679
1206
5198
40
1823
3387
2079
5915
2702
6777
7407
5646
6208
2656
594
9357
2375
2660
8365
9446
3094
9328
9441
2121
7307
2092
4274
1212
5049
695
8107
8253
4680
9383
6150
3973
1328
4024
7707
8847
85
8082
6264
584
4732
2595
4005
1508
5132
3537
7367
3506
6262
7381
3031
7901
184
7161
8804
6494
8411
6576
5629
9033
3442
7576
2366
6425
9032
3105
445
2862
9472
1557
6715
4199
332
4270
9740
8766
7832
4083
7446
1019
3580
4239
6865
8157
471
3781
8102
3463
4397
7071
4039
1751
5911
5579
7779
695
8632
9644
6366
1520
9418
1629
9660
2062
9124
9506
251
5488
5691
4860
1646
9113
2882
3379
3275
4503
7943
1925
7732
2402
4288
5529
8479
6794
7128
9556
8029
1066
8784
7206
6469
7898
3011
1244
5418
3560
3201
8656
4497
8401
6545
5770
3608
1979
2821
1190
2366
8070
2223
5801
3468
3881
1445
507
1940
3781
361
8997
8883
3842
7071
6038
3418
4350
4147
2317
6925
316
7616
587
6173
5505
2600
258
2454
2115
3503
2976
6539
4411
7861
2292
1956
5512
8079
7610
2676
6120
4084
2244
6548
4288
4772
6253
6354
4448
2813
3114
4903
8991
6152
5550
2912
2471
8699
2322
7627
4942
98
5796
8078
1532
3418
3704
3643
3213
5841
8533
5067
2105
7290
7095
2089
820
5689
532
8135
3191
9684
2490
1614
2320
2182
7535
6554
9995
8269
9085
996
6241
7518
173
7824
5043
8629
4796
2145
3524
7955
4021
4443
2795
4361
825
6628
7534
664
7396
6255
1394
8138
2189
1295
9170
3922
1902
693
4119
9859
3372
5094
9266
8368
6711
8121
3609
210
4207
5691
1642
8122
1681
7093
1228
872
6232
7868
9261
4342
7231
2354
1936
2105
5401
7496
4394
4252
340
1565
8670
5782
7761
7807
6120
4567
8567
8625
3673
1464
1059
7456
5829
7949
5662
120
9347
9161
5778
637
2585
9117
2221
1691
7820
6514
6142
5280
1630
1275
4828
9046
8592
1535
984
9409
9612
6720
3652
5417
7783
6215
4934
2012
2644
122
2000
3160
3361
6360
7553
8928
4599
8993
6927
8187
8132
2062
5545
2159
7688
7268
8958
4295
3545
287
4605
4201
4714
8182
322
6824
3335
2553
1275
1356
8794
7077
6176
8778
8870
4404
9979
8752
8671
1282
2368
2494
8441
5104
4716
6996
4404
6160
3079
4323
1785
9235
1913
2284
6333
7848
4322
254
7652
9150
9574
2595
7692
468
9706
1325
1954
357
2847
4833
866
1456
6039
6040
1185
2177
4941
758
978
3683
4782
3228
9832
7418
329
6595
2880
426
2485
4749
3794
4243
6652
6440
7327
9776
7208
9564
7586
4297
8941
1626
5801
84
7297
9939
2673
6351
2689
4147
5120
3592
9835
9760
7611
5565
7050
7000
3535
2707
9442
2936
424
2697
7471
5955
3443
5000
4720
7956
2021
9878
1233
5257
4557
8512
5832
1171
6454
4096
9719
6513
6756
3734
9381
6221
7070
8742
5274
8658
4799
1717
2596
1656
6406
5988
9486
6886
9908
9491
2939
8337
2989
2039
3327
3737
463
1146
2601
7028
9869
1368
3828
2733
3802
3152
7448
9050
4621
6279
6348
2100
9651
9503
9052
7129
35
3836
4512
1589
5672
7837
7541
8124
2032
6816
3723
1300
4169
5190
849
7499
6074
2018
768
8365
8621
3041
3937
5774
9890
9573
3507
6173
9288
1081
5932
1454
540
5018
9814
6390
331
6633
3505
9358
1065
1359
6583
4401
33
2010
6564
1612
2452
26
5799
1456
8574
1906
6766
6769
2981
58
8962
3093
7274
5553
8061
7582
6537
6079
2881
314
152
8405
1749
7546
4233
1874
4553
8718
7490
7214
2028
1982
6646
1113
5708
8028
8602
4545
9360
7656
5088
7215
1920
8244
4931
3727
2881
2478
303
7580
8212
6060
1333
85
7469
7189
3623
6242
5643
7027
787
313
5306
3792
730
8497
7193
7313
8312
3652
773
2342
2701
6544
3435
6285
5788
6423
7453
4980
3847
6527
3295
6951
5827
2076
3954
9631
7883
4362
7557
344
3771
3491
9357
6150
1902
6005
1933
5447
8524
9849
6759
6668
6194
7927
5887
5582
8732
4997
6402
1799
5197
5420
9789
2794
4278
6136
8946
9941
8041
4049
2183
4419
1108
5599
6982
2194
8407
170
187
8388
6263
8230
4973
1278
9518
8584
7310
5086
1552
8813
3883
853
3453
6376
6232
9012
1665
7492
4147
7873
404
6627
8956
5854
4265
4060
4225
3129
1614
4124
3333
1919
2655
4970
9896
5873
1214
3800
5788
295
4030
3008
8006
4506
2784
332
5455
5692
5443
6572
662
8083
3151
7052
1380
4236
1171
3232
8189
8118
6394
9250
5000
1905
5210
9928
9644
2437
2207
2175
2631
1580
9379
359
7027
587
6976
8811
3185
1920
8919
5109
5145
9803
3836
4746
8667
4002
4305
8928
9700
681
7962
7854
6008
9707
5891
1247
6968
6409
7427
9612
4461
1991
8807
6951
5462
5206
5834
2151
8350
9273
3033
6881
6447
3116
1708
4553
8415
8411
4146
1710
4909
520
6829
6101
1787
8056
7838
1261
384
4526
6068
5611
7871
9710
4559
392
7820
9837
8477
1269
6637
5399
9683
3622
870
4440
3361
9877
3706
395
3422
4879
2340
7039
8271
7094
3560
602
9750
4203
3748
2391
9785
4903
6277
6058
7086
6378
4766
5687
2516
3660
9843
5061
2099
1744
2138
4408
3205
4747
8282
5380
212
1109
1870
4610
7990
657
2346
1487
927
4046
3351
6870
7872
7963
352
5338
4974
1611
9948
5330
1205
3660
1546
1584
9472
7037
9395
7426
1738
2383
3825
1962
2319
1863
7326
3189
4494
988
6066
1504
1568
1085
1436
979
4642
669
4423
9730
7878
8301
8900
497
2197
2278
1532
5222
3028
2823
6415
2715
3392
6905
8229
5596
3160
3736
1694
6589
2664
8379
3092
6231
5358
2750
5753
3655
1417
2087
3386
2663
9450
5007
9799
2040
2589
6531
7977
9820
9749
7521
8670
379
955
6018
3312
8411
2134
2796
2055
8086
5011
1541
283
152
9355
1530
5700
2538
6295
7225
9662
3360
8132
8406
3695
1728
3836
6718
142
1277
8729
9989
4943
738
3421
9723
7268
3913
4725
98
4127
630
3866
4905
7504
4955
799
7805
2651
8169
4512
7392
3844
6592
1659
7489
2586
9980
6999
7620
1566
2879
7483
8603
1928
6025
8384
7077
2245
7507
813
610
6042
6175
6012
9629
5962
265
437
3367
903
3653
4247
7968
7492
4729
4726
397
538
110
9032
6102
6454
6951
5201
8851
2330
344
760
4735
427
3516
9324
7935
7988
7453
3399
5380
7634
2793
5172
1236
663
1832
3884
6839
4624
8034
4095
9293
386
2070
9714
6600
5802
4136
2638
5960
2000
4720
7682
2486
2269
5601
6386
8610
9236
4666
3848
6048
1263
3578
570
287
4546
7793
4807
6388
293
9756
1470
4870
2469
6507
5003
7780
1490
4284
1802
9419
25
1645
6730
7497
2846
7235
9905
16
5459
5461
255
1599
55
417
2876
4076
4663
6734
424
5260
8519
6400
5411
8733
3494
4074
2443
847
5944
7198
232
9112
2891
3475
7374
2461
7387
7430
9779
1697
6731
5385
6734
7871
9388
3960
4396
2140
890
4318
1084
4504
7204
3710
9263
6224
7903
9404
4448
3255
1411
7179
3674
5502
4519
1698
9041
3991
8352
9501
2296
3787
8148
1533
6789
3321
6258
6846
8774
6813
9657
4507
4953
7513
9777
5521
5468
4834
1303
7296
9737
2939
9211
3567
6162
2015
5118
8365
1828
9426
3942
1972
5538
4694
5185
2978
7545
9071
7267
9710
5213
9434
3490
780
8133
2581
1306
7155
5163
1052
3069
64
8965
9231
9022
8317
9991
9990
5114
2785
674
3186
7270
643
8526
7074
770
267
4877
5819
8611
3792
1455
3130
3130
5975
8611
8513
6757
6391
5887
1911
9165
7720
8864
1054
9101
1155
3646
6326
6116
8576
400
8341
1367
8890
1679
351
1006
3190
9249
8494
2529
8202
1003
7509
7043
5967
1267
1344
1441
1336
4512
4858
7932
9055
9366
799
5765
8250
2254
9087
6618
7821
2149
7996
9790
4556
7930
6230
4731
7184
8547
9390
3783
784
1848
5494
9369
1800
2271
627
6556
4081
1135
9749
6351
8921
5080
6569
1823
8966
8502
5111
9991
7701
4119
1620
2656
3173
5038
6826
7120
4268
4709
7652
630
2417
6742
7938
4449
7294
9021
8425
8534
8127
683
4035
3813
9624
7779
5332
7904
7142
4002
4894
7365
457
7825
1382
5038
3504
7753
7387
1643
8478
6886
8239
4204
5649
4711
1223
1463
4686
4875
2012
1035
4105
5197
3984
7573
7965
8179
4766
1218
150
2066
3627
7303
6511
1162
4990
7689
7037
6232
1012
5358
4977
9741
2306
2002
8485
2969
8774
2631
2264
8431
4783
2714
3535
8591
5104
1393
851
572
8987
3032
9253
9990
2848
42
9641
1208
8254
7887
6359
3204
4024
2354
5439
4210
2432
8305
4764
3839
7532
3453
2360
7601
2110
5964
1110
2296
2941
1750
6785
1866
9294
182
4496
3821
293
1230
9330
9178
1920
3807
8798
3216
8620
4143
1769
6155
8246
6366
5842
4073
1101
8646
5262
7085
1957
6022
685
5194
1192
1601
8576
2754
5125
5431
3228
7841
2367
3877
600
9169
5344
9428
2488
6560
6188
1817
1293
4
6004
4384
2668
679
2310
2689
6216
2231
7942
9712
8976
577
988
3507
6290
8171
6207
6721
8646
963
9513
6573
9106
8931
2167
2718
6083
7662
7255
9146
6106
8481
7402
7018
7135
467
8759
1735
5031
7611
7727
4552
5501
5418
6266
79
6275
2446
256
4640
9984
8990
1761
9680
9801
3618
2877
2087
1695
8239
6733
9432
5918
9782
5322
4195
4084
8210
9362
6788
9888
9403
5827
6867
8092
9335
6896
6100
5683
6829
1051
8617
4220
9367
7717
5046
0
236
5787
4348
9088
9880
8844
2976
1750
4276
4990
5974
5906
3589
6195
6486
9808
2366
3230
8932
5930
4371
5474
593
2020
3304
3033
7395
182
8243
5535
2602
9487
2983
4392
7475
3505
681
4785
3687
3781
9965
9674
1421
677
2431
7600
2845
4956
2147
6571
3912
8840
3269
82
3566
6622
6918
5430
8329
6111
7415
5755
9886
283
4439
9960
7982
9312
1171
720
5110
6360
9949
994
2809
2968
6635
1179
151
7843
9970
9640
7020
1644
8531
3502
3972
4373
1181
2133
770
8311
5097
6433
4908
3606
6417
4430
5487
410
6748
2647
6163
4952
2785
1635
8044
9128
6176
8997
1320
6363
1468
4343
7800
8311
1307
4868
8061
3288
2678
1461
9463
990
7868
1416
7835
110
4822
9002
8862
9282
2529
6014
5912
8512
5316
1452
1482
5657
5541
9513
8866
3021
2633
2741
9939
3044
7773
7118
7671
4747
8135
9229
9555
4004
6298
9824
1768
1262
1199
5162
4662
524
6179
7650
5354
4476
2058
2290
2401
2246
7772
8276
5926
1288
6680
5235
6836
2430
2767
9153
9161
7448
7576
6699
6203
4813
899
1635
5884
9863
2764
3005
8310
3713
5759
1386
9834
2311
9352
1712
4267
6011
5933
7679
6687
8765
2553
9523
9380
1184
47
189
4614
9142
3436
9607
4825
5194
713
5878
3435
1123
7061
1366
8814
2111
4205
6188
8865
6911
4648
3752
2160
6694
2691
6889
4019
7704
7739
7366
8702
8384
5644
1461
8655
8599
2438
361
8572
2728
8329
3727
3074
3488
9897
2320
9109
7688
7172
7411
3144
9815
5490
1647
4718
9488
4603
2826
2584
983
5452
4585
7043
4698
2860
3386
3619
8033
8264
5269
758
5124
5078
8932
2872
1362
1883
4888
4970
5539
8289
2233
360
3198
8471
3975
3225
9585
4110
3129
5641
9585
9374
5426
2144
9231
4853
9657
4260
2993
6947
8315
8652
4612
8812
8281
5061
9660
8554
6242
4240
4213
7920
2180
8581
4789
5914
8951
8713
6692
5182
7909
5797
2921
4652
9247
3053
2845
4515
3911
2782
4516
9126
7009
7066
9449
1026
8138
3434
306
6562
6593
4011
7014
2518
4744
8997
4485
81
3708
9663
8143
3098
534
6669
7354
7289
6514
191
1926
7199
1034
4865
8799
9785
8221
8665
4525
3736
6040
1223
4467
4658
415
7262
4492
8015
75
1782
7224
6839
7370
7474
2231
8236
284
17
1441
3194
6635
9488
8131
2858
2765
5741
4298
4820
6741
8165
3176
3966
2839
3394
8672
3707
6152
5884
9730
6927
1288
6997
5483
8928
5174
4211
3092
8801
158
4641
6134
6180
9912
5224
1601
6226
6748
489
6559
5027
4300
6625
613
625
3722
9508
3488
6615
235
8228
3018
397
5481
5031
8320
2432
561
6437
1320
1609
2210
9692
2586
2679
2244
7378
3727
6498
3459
6549
2703
6056
5226
4288
6183
949
8263
6496
516
4264
5869
2574
7648
3223
3531
2798
3988
4151
2679
2506
1589
3986
1651
8815
9798
3689
8527
2720
4222
2483
9097
5795
7136
2278
1710
9180
6350
6484
9119
9023
8381
2716
3799
2542
9714
7033
6150
2421
1167
1662
1756
1478
1816
6944
4118
7298
4409
8184
7880
9242
3765
7246
5565
8886
3667
5824
792
4599
3563
488
7497
5978
6345
4204
2672
4933
5117
9563
6282
7319
5828
9946
1048
1766
695
5677
1305
6133
3400
5196
7884
1242
6503
3631
1866
3135
1692
6244
5759
8729
5502
1650
153
93
9804
8215
5243
210
2174
528
442
6923
8739
8547
3844
3944
3783
6353
7057
8922
9829
6087
1
3203
7869
3536
1715
649
7148
8738
8221
1403
5979
7097
7087
8829
2577
2134
2382
735
1605
1348
2068
6623
3041
8943
2656
6243
3791
4668
5101
4967
129
4715
3783
3596
1566
3737
9810
2151
6655
885
8447
9334
9848
8012
3992
7121
7718
6710
2230
3650
2516
500
2346
5602
8222
2032
2920
325
4663
9054
3997
8913
9169
7439
8440
9482
9462
967
52
8148
4817
4108
2667
2577
9887
2158
8616
6245
9309
6554
1294
5098
3982
7463
4286
9420
7170
6419
540
6295
3138
4682
8910
3018
6337
7505
4122
9328
8015
4806
9945
6406
7217
1088
6792
5950
6681
3052
9532
8569
8847
5123
2523
3723
3680
1206
9977
2058
566
2512
7131
4615
6101
4697
7205
3524
1888
6324
8710
9746
6053
8094
4002
3725
613
1082
1032
5658
3376
3606
5146
8743
5666
7640
6345
7394
7378
9521
276
214
1730
1150
6464
7993
451
4924
1456
7526
5055
6350
9297
4797
1416
9406
9831
2693
8002
6562
8811
9736
5132
7432
148
9605
1561
273
5504
6234
9346
2280
773
7602
5996
3465
1042
5325
7525
581
3832
7032
6893
5359
133
9933
4485
9530
3170
468
385
3840
317
1928
2849
7288
6560
7028
4471
3185
6543
9776
690
1804
1881
9414
4295
3355
2355
1253
2801
7199
1338
1591
9277
3465
3422
5043
3422
1673
5811
7372
8591
6160
401
8403
3719
559
8277
2219
5107
4822
3572
4285
1940
8284
7845
9848
3856
3143
4113
922
860
1681
7862
2976
6613
7052
6291
788
7395
2921
379
114
8783
259
7078
8389
6657
629
3966
925
5462
9790
5942
9245
1154
5739
7520
7067
6932
15
2831
2955
8830
9871
5880
1286
9870
1125
3811
8994
4010
5415
783
1338
4666
6981
7077
7041
2146
6740
2633
9647
2729
1192
7078
9573
839
1476
5027
2623
8676
1941
4132
3314
3387
3799
8527
9511
8320
2395
7320
8567
8183
2937
3356
2833
8953
9500
1123
543
6062
9119
4139
7044
5962
8922
1378
3542
5748
5507
6291
2521
2346
2730
5668
5142
2797
3168
9815
4967
9876
1194
905
1189
7564
8291
654
4519
2821
7553
8491
7415
9096
6825
9387
825
8522
8551
144
1929
5684
3179
6812
2969
1435
150
7723
3658
6594
8021
2260
9256
5462
1947
7880
9913
3868
7389
8510
3538
1852
1821
5590
7145
1789
717
9487
7350
6548
4418
9471
1424
1390
5473
4489
4160
6040
2992
9922
3776
2077
439
5043
336
4714
5530
6336
4296
8853
7463
1788
8598
6170
6262
1003
4935
2867
5761
2370
9995
9098
5272
8722
3138
4220
9562
6646
3545
1852
3228
764
4138
9256
207
5791
9907
4107
4562
4651
8297
499
8910
719
2633
9926
29
6144
3135
3632
2879
7371
1208
2509
8210
448
9896
4432
8608
2654
7559
486
9882
7489
954
6754
6447
6038
8074
7595
3644
2935
7815
9062
9957
391
8384
2034
617
9711
3283
8108
9117
2616
5325
7994
4243
1838
6317
3351
6747
9009
7038
2335
7094
3088
5020
4813
9892
718
5586
1805
1382
1736
7562
5796
759
1295
2947
9726
7102
5847
5493
876
1447
1312
5056
4218
6982
5599
5939
2527
5862
4127
8015
2549
3252
1418
8683
342
1779
5655
4663
7967
9546
3101
7432
4188
5342
7071
5617
5108
4674
1091
8839
6465
1613
5658
3066
6405
5461
5470
3214
6075
2375
920
7500
7360
4586
2925
3515
9116
7088
5320
2196
2191
9612
9171
6236
7754
6026
7872
7395
6314
7435
7449
8328
9058
1908
4657
7213
8660
1771
4052
4487
2461
7517
7387
7878
6564
7099
8013
1740
7844
7516
6325
406
2697
8695
44
8055
6685
8741
1855
2743
4610
4762
3979
7332
7241
6304
2950
1323
6253
4623
3550
9112
2678
1643
4141
6963
7471
6130
8561
4905
1607
4035
9604
877
2879
7419
7875
4365
3871
2066
2666
2595
8645
8679
2712
1446
4824
1032
8058
1004
1658
6089
6436
3975
4741
1261
9388
7082
9652
6376
9535
3011
3522
1380
6007
975
2251
9740
1068
4891
9973
7368
6701
2212
4607
7920
423
6750
512
2959
4470
9963
1587
2485
5341
2774
5242
8177
965
3209
7809
6063
4042
8525
1204
3437
3129
1511
3494
9976
9027
724
7961
9262
1565
4705
7193
7983
7185
4362
8503
7170
2002
3518
5534
9060
1750
3109
6107
4818
2223
7968
6265
4991
3878
3757
6900
2156
7648
3444
5886
3846
2511
6537
9990
6653
889
7514
5204
1259
4576
3540
9120
7184
7896
9697
4912
9453
1779
2343
1881
2139
6079
597
4787
2063
3246
7190
3103
3511
1987
1002
8570
7044
7809
3737
6598
1251
7101
2801
9177
3623
3902
9861
9676
8499
5993
5369
2471
7924
7792
9273
7089
8856
5087
7514
7579
537
5497
7476
1626
9880
5611
3629
2001
3777
514
5953
8091
6233
6877
7112
8146
6014
15
2723
8679
9192
4810
9538
4427
2203
1432
8749
9677
7586
9331
8238
4734
8055
2330
2527
3928
6150
8445
4924
9176
8934
8631
9526
2604
275
3252
3771
4669
1155
4016
9710
8114
1997
3572
3129
1542
8087
1360
3018
1422
6436
3764
5307
9075
1068
5624
3249
1235
1555
313
7088
2893
2218
3697
6060
2696
2377
6978
8452
7707
9326
960
6095
4566
6524
1502
1153
8840
5980
1749
2611
2440
2003
7825
8044
7770
1195
4694
8409
4955
9492
1866
5980
1862
6127
4711
7619
1378
4128
507
4060
6997
7910
8786
7705
2569
5122
7980
6118
760
4938
8495
9465
2750
1856
1259
9871
7763
964
8138
3210
9843
1770
4190
3567
1781
2057
9844
672
9120
1143
3889
7393
4635
9631
7891
6194
5499
1648
5210
4839
3063
1431
1118
6309
4147
7322
5062
5301
7584
1333
6489
2155
8884
5324
2461
3639
6083
5157
7514
2508
1440
4963
137
9229
1208
6306
2059
6720
6250
1901
4380
2059
7650
1024
1961
4837
2515
5460
3313
8073
6160
3654
8172
4869
8447
8266
5408
4912
5859
5403
1509
5834
4538
4214
5364
7627
28
4619
1022
4796
2448
7354
9090
1400
5216
6487
5266
84
413
5251
1787
6296
3810
9336
157
6452
8659
7095
1439
2746
3932
3242
4670
3107
8359
5599
7218
3897
1250
7452
9886
1280
3562
4977
231
3540
6599
3041
9139
3925
1891
3897
6582
4829
759
3937
7414
1338
177
8556
2817
2695
6303
6297
6133
7361
7469
5648
3659
4861
2641
9525
3553
977
4460
8825
2998
988
305
1498
4538
3864
2318
8516
2195
590
221
1964
9878
8031
5680
277
823
586
5022
3879
9510
7103
6256
6732
8060
9800
8421
9906
3015
7086
1011
5508
7513
5693
2905
7675
9353
7552
9619
7718
2115
1514
52
4742
5396
1626
4432
4377
8347
3731
7025
9019
8835
2169
918
7661
5942
7917
51
7966
5281
5936
574
556
2173
2896
2241
6335
350
7179
9415
7199
5830
4106
6828
2949
9375
3970
7616
6614
4955
3462
2100
6027
1251
183
2586
1076
6977
8328
60
958
8223
5845
5348
9483
8444
9062
7454
310
8667
185
2961
4989
2935
8861
7541
9998
9522
4490
6737
5195
2553
4082
6010
7388
995
5542
1690
2034
7240
3537
3787
176
7281
1762
1250
9082
1315
7636
7361
4617
2527
4759
2870
2081
8243
5242
4242
1675
6763
3516
1308
8000
6219
844
6759
64
4120
4756
9726
6171
6783
2450
6743
4668
5119
303
8984
7604
5247
8962
1385
129
9456
9452
128
6308
6925
1962
9466
4699
7659
4320
4766
2117
1950
1926
9064
2861
984
9962
2912
3297
4051
7920
2230
1338
2072
8792
3944
3872
2104
7726
1048
7257
3962
4764
7740
1241
262
838
138
2647
2193
6195
6367
478
9874
3004
9477
1197
3498
7814
9568
4368
5738
1306
8866
2076
4632
2842
6412
9800
3567
3121
2227
82
1711
7114
3948
9779
3876
31
3403
2039
212
3788
323
3235
9066
478
6556
631
3501
2517
3581
9330
8211
3809
8952
4389
7343
1163
1469
7922
8853
4401
1078
5185
2545
965
7535
4213
6958
8539
4457
9996
4356
1817
4875
5082
4863
8931
1135
1763
9537
8406
2507
7693
5653
1067
2563
4450
6270
9343
4106
9498
2711
9992
2770
6654
5781
3686
4663
3953
9839
3582
9225
4454
4572
5363
2287
8687
2011
9064
8457
9250
9115
3000
4774
5655
9591
4344
4735
9007
5991
7899
8671
4482
9913
7908
9552
511
9332
6520
5301
9737
7198
3240
2661
7985
4282
1036
4069
1563
3209
8467
7987
9488
8867
3955
5978
7703
200
6417
3968
6674
3696
2114
4444
7683
776
4622
9748
3454
3240
6672
312
6526
9636
8110
9875
8456
1886
7491
2248
349
930
6094
9928
2186
5174
5574
418
5545
9707
5415
3739
5959
3438
4923
4424
452
971
620
6874
9086
97
3150
9358
7262
8534
7630
4323
9232
3027
78
633
3027
1350
4866
8770
5931
5021
2844
4489
7368
5169
6682
5750
3083
2347
3442
3662
9809
5358
8971
8542
1522
1695
3669
7607
5183
9915
3262
381
654
451
6128
7800
4254
7346
5073
3617
7285
9572
4022
1908
3580
1920
6027
5933
7517
2041
3350
7883
4713
2895
877
435
5864
3043
388
8291
2023
9593
4609
4614
7493
8832
861
3093
2196
8030
8368
791
3887
3213
9332
5594
3822
4410
8645
6899
8253
6034
5368
1115
4965
8316
22
9560
3818
2498
3432
6323
2639
7297
7159
8640
6318
3415
9626
385
4883
3284
7868
479
2006
5344
6998
685
4110
6455
6537
7397
900
5003
4874
1081
814
3939
3561
4018
5153
6
6602
9484
7301
383
8812
6423
4793
8749
4007
4698
7013
369
3232
4599
3240
3821
98
4721
263
5327
9771
2531
7616
3390
6831
964
8662
8457
7483
5633
9566
4010
2081
3614
852
2076
7234
8892
7241
4207
5352
7275
7902
4512
5367
6653
9588
2749
904
1212
2213
6695
2069
4315
7252
8748
381
3510
5797
8991
3135
4635
1184
7601
7497
7203
3667
1475
2565
1849
3354
5074
1287
6274
8677
539
8961
444
3229
4373
3352
5272
4073
9435
204
2053
1065
1127
8237
9410
7890
9887
2469
4566
9072
5716
9762
1067
85
5680
3964
1096
9688
5802
4559
2169
5812
9203
1982
4422
1492
5962
8714
1750
1647
2720
5821
572
9071
7448
9617
877
1839
9227
797
2272
7781
6539
4564
3988
6837
5469
9330
6569
3109
5158
6789
7317
1770
1729
9469
9405
3598
6798
1093
729
372
1709
3370
5529
1941
8555
9159
3220
7966
653
5331
9780
8799
8557
4442
7492
4425
1496
3298
8391
13
4708
4160
1358
2914
4148
4152
3323
3497
6215
9469
7475
2315
1267
8461
4821
2678
5243
5230
18
7699
5625
4150
1945
73
4010
2753
1607
3171
8861
9491
9209
9214
284
3202
7930
9197
3790
6501
9496
1260
9633
4171
9814
3971
3738
180
7216
9955
5924
4253
2054
7237
9997
952
7506
4637
6660
2256
4864
8060
980
1885
7244
3943
1458
4945
3463
4713
9231
6276
6366
558
2084
6392
3824
429
1890
5924
8438
6084
9367
2796
357
3361
9932
1507
5024
5725
6870
965
8864
3788
4519
533
7462
1133
769
6175
4761
1035
8716
3255
9408
2809
1301
9797
349
8913
6185
1748
2887
2812
2253
759
7256
8809
8983
266
6246
5403
7496
2602
2145
6890
1296
7227
363
2008
5156
4405
8954
9963
1818
2333
3664
625
8447
3297
7440
3944
6635
3933
7525
7265
2509
3026
7380
5315
7917
3670
5787
8362
7544
1297
7695
9741
4043
9258
238
5050
9574
4998
4181
8097
2082
9780
4578
1822
8645
4613
2164
1227
6519
9023
2150
2482
204
9439
6082
845
6501
1082
7790
2677
2943
6063
6814
8925
9164
8264
798
4223
7307
2530
1607
902
7215
8324
9405
4410
1763
1530
3741
6621
4549
2844
4170
7281
9269
4130
6199
2618
1393
4549
6315
2776
2825
4852
3692
3419
2865
8499
519
9690
7706
6918
3591
2556
7079
6255
312
6921
8132
9291
5237
1944
2678
3164
3376
1318
7567
8509
253
7069
7431
4865
1202
8669
3195
8089
6703
1646
397
832
6804
557
9014
5554
8955
8668
5766
3406
8187
6478
8239
9178
9839
2495
5410
3557
5964
6103
5887
546
7257
2307
6663
4280
1683
2449
4936
7823
9932
5983
4992
9506
764
685
5539
6043
9256
6782
8015
5240
5882
1898
8798
6125
8473
1731
5203
2008
800
1244
7055
1180
3847
3900
4897
7648
2612
946
9366
8434
7299
16
8328
6830
9005
7593
6291
5806
8348
8299
6313
6112
588
7823
7579
3963
9588
2344
4549
1970
1096
2643
7013
104
9154
7838
1885
7419
8373
4848
7515
5509
5389
5642
8685
4894
9228
340
3781
2536
7533
4347
7892
5827
2905
9310
6216
5783
2178
4219
7806
5805
5830
9237
4348
6635
1984
2088
5456
6480
9121
7871
8380
9876
6742
2623
1352
7292
1912
6805
5531
5381
2394
2926
