329
1
5682
1498
9611
411
2786
2849
6126
9597
3187
3985
5036
4065
2580
6991
890
5819
1402
6570
9805
103
3710
4716
3331
5782
8449
6830
5785
1649
3470
4715
2446
2616
4133
6941
2168
1248
3018
2229
4433
6372
4587
8383
7083
2259
5275
7620
2082
1705
3661
2922
5679
4947
8223
2923
9070
2752
3718
5367
6410
2949
9034
251
2799
6298
6665
7246
8273
6501
5288
3576
8705
5007
8894
6611
980
7548
339
4660
2181
6871
2637
4364
7187
7395
460
5591
4854
2217
452
7435
8912
2502
7303
9210
4808
3827
3919
6686
6469
988
1620
9663
5736
237
7265
9085
2826
503
304
3049
9625
9478
6805
1295
7909
9867
3677
8616
6433
80
4852
4507
9793
6688
4650
9499
5230
4434
4690
3801
6198
7002
1948
3020
9528
4752
7343
861
4259
3577
8583
4589
9350
9696
1993
6184
742
9316
1433
5943
4099
2937
1999
6269
2856
2994
4051
9212
6472
4903
5713
4617
852
101
6610
212
868
3733
3976
9917
6615
8531
7107
3515
3036
7369
6185
7062
5015
9120
1239
6264
8987
6986
5993
359
3328
8968
7015
7235
7900
2272
8657
5960
8946
6851
1265
6053
8663
3600
2962
6546
3070
7274
2439
6477
1287
3712
2234
1238
7943
6605
4662
5705
481
5762
3741
3438
997
4290
4019
6571
739
8740
6110
3328
8985
3583
5287
1692
6245
1679
7677
9153
365
7380
7413
5808
2395
3868
2067
4522
9227
9065
5833
6566
4147
5911
4271
6247
3679
5362
9093
5132
8083
1759
1198
9063
1385
7011
8508
8391
569
4723
8302
1637
837
7467
3965
7567
1443
2148
4547
7835
4985
8906
9551
7893
9143
855
9329
8686
7608
7783
6081
2971
3850
7213
2132
4816
874
4560
5551
7948
2719
4572
2183
4630
6159
4986
4291
7811
9369
5453
9838
1165
9499
7826
9414
7465
588
6857
1227
5320
338
6494
9716
4875
8598
4337
9491
8435
9988
8322
222
5607
9721
9942
3101
