7523
0
5468
3800
5806
4707
8461
2216
7699
7531
7975
5071
6818
2489
3373
6352
2169
6048
5524
7172
6830
9095
1154
636
325
8596
6785
6852
1366
8292
2891
5546
7793
9391
3816
1455
2152
5656
5593
7894
4106
2887
1617
9688
7730
5497
4770
8868
1282
3224
4488
7085
5791
1151
7740
7990
7600
4261
7787
8134
2435
4421
6057
8806
9199
1317
4758
2125
1609
8490
1575
1958
7705
1421
9655
6268
1060
9192
6951
5166
1251
1599
8715
797
7808
8662
9729
7791
4349
1334
3624
3383
104
23
4673
2042
2551
8623
1
908
9665
22
7389
2783
5794
3768
4570
6106
5130
5262
9028
268
8184
8723
8311
1956
3854
8112
7827
6243
1099
6727
788
4277
6157
2445
9645
7164
923
2073
2409
4983
9341
4480
8550
6797
6627
5909
9561
4250
4831
7791
4988
9390
1672
3109
3980
291
5548
1704
9384
6450
4901
1528
5543
939
964
7705
4731
7687
8672
1882
7596
1155
3319
9281
794
6840
7716
4382
9456
3962
3204
7896
8472
95
4689
142
5781
2421
3337
5212
8666
6575
396
9324
199
1348
4420
6009
9829
3356
1482
7809
2513
688
2661
5818
9289
5688
693
2429
2274
4677
9914
726
4249
6760
1666
9912
5880
8103
6240
1019
5479
5005
2238
3368
7286
6107
9216
4905
9920
9602
7018
4459
8624
6916
4292
6876
5911
8608
8109
7680
1765
6764
558
6269
6118
6068
6809
338
3484
8834
8547
4937
3510
1507
7278
6981
1036
5639
3906
4430
2269
3814
7383
9445
4439
5284
4154
6033
2906
9014
8946
2513
6553
3286
2480
2751
1933
5557
7458
9577
1520
8273
9264
3868
9978
6776
4587
1800
3646
8688
1749
7206
3252
6411
4756
2493
4375
6765
3945
4576
2525
1098
762
6983
65
4185
1359
5350
7156
4534
6553
8794
1967
9119
9030
1658
2134
9193
8332
2241
2082
7017
830
2453
7459
1940
9029
262
5356
6872
8970
8496
3537
3536
602
6379
9385
7817
5309
6326
336
8900
3764
6068
8170
3125
7858
156
43
6723
8921
2220
4285
354
3349
8921
6104
5876
6601
6351
1633
8703
3704
1394
6631
9808
3180
6823
2827
7054
9326
5338
8413
9177
1740
2828
6966
5696
5054
1530
6522
5278
3642
8802
5020
776
1743
6925
868
3832
4680
336
2558
149
6075
8930
1594
8137
5021
7000
1951
1674
1614
7259
3852
9885
2771
5625
1906
8857
9494
4427
9052
5925
6827
3020
7111
574
8278
9835
3299
1446
8059
6686
746
2548
3759
8044
1524
1564
9599
9424
7567
7636
1131
1563
6588
2463
5554
3297
2150
314
836
9993
7769
5659
8634
8277
395
4940
3458
8050
3583
701
109
4369
1621
869
8724
9703
9925
7983
1559
7900
1872
162
5661
9145
4679
5912
5294
1756
544
1334
2440
2604
302
3109
8612
775
4448
2861
9602
4466
6853
5957
3313
9852
9824
6058
8440
462
7874
3036
5104
1495
2382
5701
651
342
421
2862
826
57
4144
2854
1868
7195
9878
8185
7054
7660
9773
8550
902
4265
1376
5225
828
7959
5798
3777
164
9266
93
7292
6141
1184
5832
6859
5153
7451
1021
3680
1528
6586
4455
6207
342
9840
9302
3593
6764
5823
4637
6567
3548
1270
4706
6710
4438
7558
5684
2315
3271
7820
1044
9403
9124
8568
937
3250
4201
9969
9016
4734
3440
5625
1380
4391
8408
8537
3200
4620
1687
8514
3074
36
2940
2715
2110
5524
2767
1266
6950
6723
3065
2785
4656
908
847
6784
2987
6915
3471
1605
4789
4673
3731
6221
42
1742
8532
2240
610
1992
2472
4133
8130
3135
8474
4785
9335
5434
6999
1396
410
2407
7267
765
3526
6739
7362
9080
5994
7134
8766
3805
5664
3437
1795
7478
1989
9485
1354
1008
6761
1492
7029
8940
2327
8109
8801
9541
3940
4170
8242
2629
2830
8871
3225
9730
4888
613
7028
695
6269
2867
8522
8733
4044
422
3139
4456
3669
7266
3692
7540
4870
90
1016
9172
4661
8413
3997
7340
8421
9081
4263
9657
686
8761
1628
8024
2228
8415
2567
3413
1658
9202
6424
2775
7616
3076
4847
4305
9974
3872
913
4128
969
6360
3953
2448
4077
5079
1509
8098
9106
2995
4825
9137
5496
7088
4026
8445
5253
3380
2661
8641
2387
5491
6494
8402
6959
1306
2021
6770
3728
8592
6700
5443
4050
8652
4394
553
3886
5601
6063
9582
7437
1827
16
1078
7696
2148
9250
8088
7288
524
5335
6495
5721
1784
631
1198
3329
3391
8153
4505
9139
8089
6726
5093
9432
5914
1293
8936
6273
3600
1996
6384
7085
901
9109
1192
3622
5639
9125
4420
1889
506
3990
1233
4786
8522
9383
5187
9421
4148
8781
6675
6623
6586
9131
1645
4076
261
9162
2786
4679
2609
8717
7572
6549
9163
3413
8197
8359
2639
8582
4692
2327
7001
4523
9131
98
5405
9634
1733
7758
7818
4689
9585
865
5313
1793
8713
9089
1589
9785
4793
7244
2553
4076
6601
5259
3503
4
9841
8687
5743
826
6754
6958
589
5696
662
9309
6396
7850
3375
3056
7281
1826
4783
5546
7179
8248
8737
3842
6126
7905
285
9860
7587
6444
5552
1713
1211
8934
4139
2087
572
5081
6255
753
1453
6667
5824
2106
7857
8607
6600
5839
5803
248
183
1947
4817
9206
22
9316
7441
6947
2356
8193
1243
8635
1656
3577
4444
3107
3511
2221
8582
2821
8052
619
3126
9673
1016
2519
2827
1417
3199
8337
839
4147
3399
8555
9340
3078
8307
3755
9370
8718
8286
3418
996
5019
7091
6903
5280
2696
1467
7267
8965
5364
6442
6038
9156
199
7073
7331
4834
6932
7539
860
46
448
2814
6545
6336
3748
8974
9968
5278
4235
5608
4927
3116
6191
2365
5672
5111
2790
9913
7254
7596
3040
3408
2321
8218
6050
4839
3318
2047
4426
9666
3030
7103
9928
9781
3866
6408
944
1357
975
4931
6916
4674
8684
3482
8585
7222
9278
5086
2186
8195
5300
4990
3805
1871
8157
8469
2092
6414
2531
4284
1310
5408
9315
5356
3903
3657
5673
1048
4022
7415
7435
6509
8173
4749
4542
8107
9871
4130
2284
3114
1759
6687
967
810
7803
8310
8772
2382
3482
58
9077
7158
1123
9915
1796
3243
9944
7562
2751
1564
2140
7624
1330
9555
8055
735
8213
9952
3639
5428
4690
5072
262
8094
3496
6204
6046
6177
3024
1832
9724
8626
2170
4314
4693
2128
9001
1082
7892
6125
4434
1871
5875
1830
7488
7145
5837
3384
6019
5131
9696
594
4420
5468
3466
2934
1952
4323
9034
5246
717
5103
1082
7511
3778
233
3896
4520
3980
3707
5276
5668
2580
7620
6077
4743
2744
1081
3136
1152
1553
8376
717
3138
522
8270
2210
4180
6983
1395
1047
9012
8873
2274
3357
5031
313
8237
1182
6820
9722
4337
3265
9826
8689
6180
6953
931
3488
8305
2518
647
2872
2200
7446
8241
4556
4038
3550
9828
3546
425
6609
9970
9535
5911
7445
1639
9988
6948
3643
994
592
9336
1960
6325
5714
9817
4043
5711
3751
1073
4955
5967
3507
9363
5071
8636
8918
3962
4263
7086
4508
5615
7835
8761
112
2049
2122
1164
7109
4043
1673
6653
4304
8430
512
8016
1739
6629
2282
1907
7184
8496
8370
9752
1377
2225
6349
934
760
156
6775
6983
1125
8863
3047
4744
2224
7978
1773
6966
1851
1821
9608
6367
2736
8136
1239
2919
709
600
417
9380
7601
3835
6032
699
1994
2188
6903
1607
9805
8414
9006
6865
8302
2582
2808
8198
2553
3373
7731
5873
2231
2563
4294
8218
5840
3321
5412
2712
1946
2079
5495
557
7890
1423
9066
1258
8018
2
3540
2533
793
4961
8889
7992
5290
7315
7444
792
5914
4961
4021
225
5154
9025
1531
7883
658
5559
9380
4582
1769
1770
2677
6130
1267
6339
3712
4653
4687
5706
945
7017
1976
5787
6444
6562
9610
8756
287
8651
1129
7250
3703
1211
3406
591
6654
8233
8723
9510
9338
4778
7829
6099
5057
7495
208
6457
4479
6435
6936
3967
8082
8358
7922
9281
2371
168
5542
3495
4931
7347
1698
8049
3040
7261
2511
419
4845
6152
6555
2640
1462
4972
6070
532
1907
2431
4574
69
5646
5002
5745
9107
3976
986
7688
5478
5530
2642
1722
9576
9319
82
7775
116
7758
6368
7836
3608
275
6859
5533
8811
6016
7894
6895
5895
8246
809
6208
3804
8076
7645
7539
2965
8274
1348
5782
8614
8508
2850
823
8647
4962
7453
8718
7084
4939
6683
8807
1218
7336
8814
315
6771
4045
8237
9542
7886
7111
3020
6148
6384
4530
1426
9843
5708
159
1735
4434
8128
2458
2572
5154
929
6507
1558
9144
9155
8689
5179
2096
7668
2327
3580
7675
4957
4813
5844
4904
8567
4870
5452
4156
3823
5148
888
5933
8424
2387
7633
8347
4044
4644
1026
4815
5102
4979
8290
4992
4299
5268
1999
7507
716
8130
115
7976
9399
4928
300
1378
4818
613
9943
4987
513
6857
2979
6378
8685
18
7820
3206
6376
1026
6203
9188
9613
6964
5931
3858
4518
7031
5064
2698
2921
8616
8903
783
815
3491
1225
3589
4389
271
4259
7593
4392
9876
2306
9241
7819
4277
4584
295
4742
1623
550
8170
4141
1841
7279
6377
7210
2030
1543
8968
9943
8317
1064
4959
8142
9305
7038
7697
4532
2271
9679
6836
3826
5492
4548
5385
6532
2761
7078
4067
8447
819
3045
6653
4527
6788
9640
8126
4879
4166
7778
3118
9983
3221
8966
5119
2754
6283
341
8826
6309
4427
7426
6903
6666
7900
4544
4577
2148
7492
2487
3979
297
7715
1546
2864
3734
366
7044
4351
919
8818
2809
3
4942
2875
1580
4485
1135
5077
3899
5795
5866
9571
553
7001
9290
3583
6872
3044
5520
1285
2054
6710
8147
1749
805
7554
656
6879
7496
3457
5663
37
6355
4579
3508
3775
5976
1662
1124
9070
8337
7386
1131
8944
2867
8461
1741
7514
1178
6680
9776
5214
5334
6907
4912
4727
3462
3804
3107
3879
9751
8316
5972
7566
4591
8544
1641
4047
8153
9669
7981
3083
3571
4755
4598
2321
617
9796
6799
2747
3128
5659
5855
9977
1990
3954
8096
5993
8244
6060
2415
6862
6787
4284
5201
9882
8717
8495
1893
1429
6665
3582
5393
8716
5270
9119
8641
327
8205
7322
4677
9183
2117
4492
8796
2579
7322
6269
3666
4233
9488
9334
211
2519
3138
5138
2781
8323
7111
9316
2748
4459
9858
7048
2078
3709
528
9810
6707
9923
8666
2328
7036
4395
7238
9378
8033
6885
7982
9570
9628
2483
7784
5282
4786
6198
7393
5767
4833
9833
9567
2819
668
2957
3806
4252
6649
2371
4921
6511
3200
6525
780
7944
7424
8491
2697
6429
6307
5703
2061
8456
8465
5998
503
6979
5671
4104
688
4927
3074
2186
7434
467
6912
4379
1926
4733
9324
8636
8152
6855
8863
8309
2771
3511
327
3836
204
9841
2773
4442
9260
2831
392
2496
8870
6408
9787
1902
5344
1261
3713
8649
5342
7784
3591
9576
4417
4355
4457
7077
164
1502
9214
7678
9824
4273
1634
4235
7391
7992
625
2971
1784
3118
8714
7595
6475
228
652
6998
4803
744
8586
2345
1198
1
5459
1740
3277
133
7314
8131
2214
2729
8608
5094
91
8161
8850
1444
6749
7604
6852
2096
6828
9808
72
4078
7331
3603
7110
7409
2629
4775
1596
9710
6223
3860
349
1714
6907
2801
6112
6680
1851
2692
9284
3683
1804
5736
5587
1762
1201
5040
7944
1275
4931
6364
5676
7503
3598
3514
7874
926
5027
4103
2550
533
7494
7380
2460
8027
8920
5873
1861
3927
9920
7915
8752
4749
5815
727
3702
6815
8406
7260
628
7575
3797
8906
6458
7545
3827
9079
9150
4398
3226
5246
8066
5689
4158
3159
7543
6864
3874
8535
2630
6721
6059
8478
1835
9300
4138
5893
3537
2917
65
1975
9881
8436
9841
176
6692
3556
3733
2987
9650
740
6279
6670
7172
689
4151
251
7182
9184
3829
7863
9073
6827
6693
1262
2048
4276
8933
315
5715
6229
69
3091
3854
2972
5453
5783
9848
8962
7703
5760
4107
5458
2948
8634
3625
2154
4928
4439
9738
5754
70
8450
5732
97
3140
6341
4023
6229
2164
2046
236
7069
9441
9985
9276
4737
642
2925
8692
1270
7313
87
2464
2228
2921
7217
4808
2077
9255
649
2148
9752
9565
928
8619
1051
717
8581
4004
7179
1032
7180
3018
838
9548
1581
9371
9472
9026
1365
1329
5904
4330
652
995
5105
535
4614
8938
4748
2792
9070
1517
9115
3976
2193
6936
8212
6951
3607
6808
9111
4060
4929
5958
1539
8337
9670
9625
9218
2116
2606
4735
468
7754
8444
5059
3064
366
8856
839
218
2752
571
7119
8300
3286
8421
2030
8690
5247
5743
1885
610
3584
6524
4820
7719
9585
8450
3629
8288
2567
68
6146
3466
144
7175
6163
2324
4184
8001
9631
6953
1208
4007
5655
8634
5728
3323
7133
6355
58
682
7040
75
1581
1260
4090
2995
1468
9651
6946
9558
4752
7303
6362
1361
5750
353
8197
1834
7792
408
7609
1770
3979
867
2392
6921
2659
7248
1705
3412
133
626
3247
4771
693
5221
1314
4313
2140
1274
4228
4869
7810
2083
3213
3911
6789
6478
2783
1721
5064
8671
1625
571
9599
3743
9879
9825
7016
8814
7161
1730
3891
767
6386
5322
1236
785
8839
2668
9132
5506
6593
4996
1713
1466
2943
9554
4399
2619
8739
77
8640
2333
4425
9956
7168
4916
7696
5662
8753
4583
2934
7528
2425
6606
8025
8409
6797
375
8526
6465
216
8559
9293
7525
9040
4301
3021
1040
2664
4227
5283
5507
1651
3292
9530
4983
286
5815
9795
4017
1797
8189
9298
4681
1636
1180
2976
5627
124
5933
5400
5782
4384
7198
3269
4293
5847
130
8415
8815
4870
858
4739
2842
4466
2874
289
9858
8139
2897
9507
8268
5197
465
5099
2762
8996
9344
1676
6673
3645
9660
9214
9510
2833
5381
8500
4455
3324
3013
5769
648
1497
579
3651
9741
4987
7257
5610
6178
3150
4061
2742
9930
4148
726
209
1787
9610
4719
5665
3503
7734
912
5320
8966
1519
3478
7279
9417
8667
234
903
6898
6088
7302
937
886
7485
6899
1491
9063
1293
577
3750
1459
2422
8673
1364
140
2638
6360
4730
1943
7222
3316
1816
9417
3242
9014
6138
4558
3224
4546
9083
7704
7910
1649
657
2712
3675
2660
3557
3797
7823
7958
3954
4254
4000
1836
6998
7136
5013
3081
7186
6953
4017
4420
1181
5081
8868
5156
8674
9220
9405
687
1290
1871
6139
7646
7914
7456
1068
6955
538
1196
1051
6410
1933
4097
7231
2276
5957
660
4030
5668
6991
6313
4604
1185
7489
3845
4688
9688
323
4305
1641
4580
7735
3089
6270
7032
9211
3223
2746
3936
7159
6402
7327
533
4608
3704
2540
2399
4302
3206
1941
9421
2464
7315
2599
6438
6023
1417
5127
5013
7763
760
8954
9879
9733
4698
7312
8455
3918
263
2750
7464
5452
9420
3112
2611
4912
5467
8557
1653
1201
9534
905
9381
912
7038
353
784
157
6731
3502
4303
8799
9367
8944
5626
6899
6274
322
2929
6267
2188
7049
9167
8640
869
9136
9393
544
635
1420
9529
8215
3405
1377
2880
1606
2985
1547
7369
1092
9943
2520
5971
1083
7754
5750
8199
5188
121
9372
1171
7464
6930
8213
3459
9318
130
5292
7387
2644
4531
6495
7054
2954
4008
3852
7347
270
4230
1837
5628
2991
7552
8639
4915
6058
7472
9795
4545
1325
5349
5524
539
1454
9852
7546
4912
9492
8968
9927
8555
1459
7632
8092
1751
1075
4276
2214
5041
7888
4121
2226
2190
852
4544
1947
4999
6187
8165
191
8394
2765
9639
2217
3331
6024
6208
296
1016
2611
9808
5813
986
761
7487
7833
7043
6989
5607
6012
5601
2869
8497
4214
1369
1651
5359
496
1422
212
1488
600
7640
7757
2346
1454
8406
2097
8094
6959
5750
3192
1130
6711
442
8988
7079
3141
9169
3921
2732
9183
4925
292
2468
6103
4617
1848
1848
7843
2906
6963
7508
1568
8757
796
55
6425
5630
3153
8914
5597
47
4463
7317
9466
31
8760
1072
1438
2672
1852
6580
8736
2600
2228
5173
416
1513
544
4080
3698
3847
6630
7737
3267
7545
6427
1718
1197
4530
4159
4398
5775
9392
5963
9287
8889
3878
1010
1059
9417
9699
5039
9232
4774
7413
2953
5718
9512
1890
5204
243
1790
3909
487
1234
6474
1314
5784
6017
8303
396
5842
2840
5764
9042
9149
683
479
4260
3269
2573
5631
7236
6909
6429
8741
4624
1743
7993
9642
3664
146
8288
7871
8947
5816
4795
5410
8435
6892
898
329
3264
6315
419
4537
3009
1173
5795
8985
7158
1704
6028
616
2230
1793
6259
1175
4023
6530
2189
5891
4079
4091
1781
3923
3831
8764
3099
6609
5703
3593
7883
4924
8329
786
5697
7944
8297
9114
5835
3178
2784
4021
5589
6962
1303
7360
4214
640
1914
8394
5112
3794
3405
22
7433
9843
1884
1609
3082
5237
8190
7677
3790
3464
7022
7020
5165
7253
861
8107
9834
4165
5709
1428
8513
315
3527
439
8414
4541
1912
1248
8779
3184
1598
6789
2131
9905
9480
7648
370
699
6719
5525
2052
4848
2971
6751
5579
4987
8409
6108
9281
6323
425
1753
287
2156
6240
3656
8220
197
7130
7394
4407
3957
6170
8903
9892
4604
4079
3654
6727
2416
2229
3545
9554
7107
1140
4117
1882
1174
1628
6361
348
9203
140
5775
6791
617
8858
3344
754
5785
8893
3401
3609
7758
265
9348
9211
9554
9312
4267
2744
4377
2255
5240
1892
7140
1979
4231
1650
5287
7856
6706
3097
1458
1386
45
5542
1524
5953
1697
5446
6249
901
867
1626
5014
6072
8198
224
764
9234
2214
5126
9849
8215
9893
1816
4479
6867
4489
8265
7008
6701
6249
4489
8465
8400
5687
9908
9086
2279
8829
6780
9474
7402
4284
9451
8105
4874
6675
8330
8648
112
1014
3399
5214
7092
893
5206
2291
246
4658
9270
9274
1166
6579
2969
9060
1133
4601
93
1017
2148
4899
2311
5748
664
6866
4646
581
5413
9716
2646
556
9564
8160
4333
2366
2584
1816
5381
8547
2460
6760
6254
3768
6587
1498
8753
4706
3622
347
5965
4141
9416
7646
2584
2690
5871
9285
7490
4012
7832
7976
6647
9293
8098
7260
7307
1870
4741
7655
4032
2700
7619
9014
9265
3270
9446
7343
7989
2674
9972
210
3107
6341
4503
8951
5676
1266
7326
7683
17
2324
2996
7659
6871
2251
8680
9322
4560
6746
973
3775
938
7325
931
502
8432
6551
2382
8070
7569
6015
8524
5822
114
833
8118
5691
2688
8160
8505
5315
9191
6051
2596
5054
4842
8104
6576
784
3942
6565
5930
3790
4615
771
1433
692
9880
6672
6366
9600
3999
6146
1545
5178
3841
7385
8172
783
1181
157
7914
7166
1608
9660
3134
2763
228
6630
8826
6833
2087
9763
3740
862
4420
7148
3058
1350
7020
1800
72
9361
2233
1091
9018
1896
1939
8702
6936
9941
9961
7205
513
1657
6712
9190
4352
1651
612
4419
5620
5749
866
5378
7661
1534
6063
2783
7043
9758
7455
548
1782
3378
1087
5026
5812
3612
5251
5720
5075
3915
6436
7580
7177
5344
6307
2107
5137
7346
3892
8094
4336
3510
367
1128
6896
9129
9767
195
2219
1709
5964
9737
6800
1147
9564
9014
690
8481
7094
3823
4601
3635
6435
7642
342
6063
8573
5600
5228
8789
8058
3655
2078
2669
840
6804
7221
9189
2668
4924
2107
6553
8978
402
8589
352
2402
8012
2386
7321
6804
5395
2838
5075
5062
6049
168
8239
9762
5852
8077
5171
1674
4455
5079
4245
5109
121
5588
3114
9881
6581
1669
5692
8701
7526
2265
5757
2841
5368
5789
8827
7082
7073
3911
5598
2657
3307
4041
9721
209
4827
8543
4756
1455
5748
7978
6902
1111
8841
8440
9287
6097
1525
6225
7320
1813
3964
553
3334
826
3065
799
5566
1142
7284
1039
7611
6685
4830
502
634
5185
4541
8654
1452
221
204
6727
6806
2935
7930
237
7156
3417
3445
2390
362
2279
9983
337
9830
3317
2348
63
443
9990
3606
3763
6987
7453
793
1993
3356
4361
2078
354
1106
5177
7971
9260
3424
8549
5077
9903
1646
2315
3351
7013
2436
5396
6474
6578
4734
1388
5694
1638
4116
1321
4382
8581
8152
7850
6537
5362
3930
6778
6976
5090
2236
1178
1174
2963
2633
1990
7597
7080
7938
4104
2673
6989
9695
3543
2276
526
3181
5431
444
3322
5389
8517
7678
4447
4051
3141
3709
7614
9660
368
7506
9608
8737
9538
2
5207
405
1958
4910
7446
4582
7747
6384
7921
3282
6525
2709
6536
8890
1129
429
7028
4735
3482
7148
6610
5801
9652
4680
5751
7925
8384
271
1788
8349
9234
9333
7818
2361
7292
8452
5138
2402
3825
6895
3059
702
1135
6927
6287
6850
8187
5891
421
7431
42
8528
5578
377
9089
3440
7817
2808
6774
1492
4023
8022
4618
6544
8109
285
8098
4309
7424
9374
6506
7490
7992
6011
5728
7675
2656
8656
5549
1811
3492
9340
74
8824
5097
4047
8475
6653
6689
322
1436
3447
5148
8561
8455
3769
2452
9223
9994
856
7924
4630
5064
7825
4824
4427
1509
892
427
3584
8246
9383
4701
3151
7973
8185
2777
1599
8501
9798
8365
2828
2214
8814
3887
6345
3905
5396
8597
3787
9320
7152
2043
2577
7917
892
2939
4304
7333
6027
1511
1305
2172
1598
7688
8352
9028
4616
8084
4420
4138
1073
9701
7348
9650
4703
9099
4588
8228
5775
3711
1327
7906
5316
3937
5745
8798
6652
9041
2514
5633
725
2304
877
2137
7700
7204
2827
8957
290
8967
6914
1796
9506
9906
3304
6253
9938
7688
2645
37
9064
4133
5307
4274
6805
901
1596
1179
6745
9048
3556
752
9382
2330
555
2718
7823
1719
7399
1190
6428
6340
3661
1388
8469
9034
1213
4288
9999
2802
6954
7179
3568
1298
7109
9009
2849
9166
29
7434
1029
971
8190
4347
5558
687
8461
6594
5911
165
9802
3191
1305
8290
5466
2095
2313
9576
8202
5365
7054
8819
4051
7475
3324
2393
1241
2988
1113
4462
1563
2390
4534
1212
4176
1253
1986
7256
2993
8550
5274
1034
2239
8961
2549
7475
8749
3639
5659
4358
9640
7446
6782
6924
3219
3751
408
5593
4689
2043
3144
3848
9433
6970
4785
5681
1580
4640
7204
2993
808
6495
9668
1515
5458
5844
5149
1194
2996
7411
5985
7152
3108
3838
7164
182
1169
3224
7173
8413
6761
4386
9155
5746
4208
6028
2764
3098
1852
3834
4943
2186
3413
7052
1671
3349
2788
692
9963
5803
9058
477
7076
5134
4851
7588
9078
5008
2577
7605
4253
8773
5061
1796
9752
898
5972
9939
8000
8540
4579
1442
3435
6982
7619
1627
8838
1281
8285
8727
639
2122
7461
3708
5494
7054
4357
5879
6481
189
9947
9177
4367
4427
9835
9399
4275
6802
2855
7278
2683
6663
7434
7414
2905
2812
6821
5396
7876
8739
9767
3789
9424
4776
1772
9616
240
783
2885
4156
1067
3564
638
7441
761
8435
708
6878
7526
5749
5576
401
8105
7726
5448
7498
8246
5601
5451
5217
1436
1845
9883
6861
3868
6354
8360
6461
2626
9373
6632
9112
7440
2707
6342
5309
2172
636
4997
9131
5386
3027
3660
5985
5020
2316
5570
8327
6305
521
9856
8055
5953
6739
2570
9633
8572
5186
1967
6472
7469
2182
3653
6187
3129
2075
2201
7278
4434
1983
1917
3041
7780
4312
6450
4653
5353
8363
9174
8904
8176
3710
159
3764
2444
8383
381
9556
8706
4345
3602
746
8846
1043
8368
2640
3484
5842
3283
7330
1441
910
5848
3681
5600
9826
5964
5669
814
4365
557
8861
6153
6026
6360
954
2376
7411
8443
390
3826
6548
895
7460
6032
1062
4705
665
3964
1271
5403
4463
8871
32
2273
8812
2483
3126
7261
2629
148
4942
4734
3456
8189
3089
5644
7449
3784
7100
5052
3495
1522
4013
2115
7536
4121
7231
228
1567
5257
5654
7438
7525
6423
1833
3756
8568
1168
9993
5555
8133
1031
5898
8866
59
2195
1505
6802
5046
1855
4844
7899
2033
9718
284
6643
9218
7977
6830
1251
1721
5393
1801
563
7002
422
3421
7071
9511
608
2368
2948
5495
3180
8172
3120
6337
937
4923
9787
4530
4755
8258
291
3123
6988
8726
5988
8058
4667
9949
9639
6555
1374
2113
9327
1683
8893
9389
2595
9817
273
2135
9668
6498
4635
2639
8183
779
2492
2834
1226
8306
5033
1597
1941
9259
3923
822
3890
3787
9636
4372
5969
7105
4652
4294
7863
2781
4371
5281
6691
4530
8342
4825
6673
1436
5704
3849
4972
4150
7710
3143
7713
9870
1145
4291
9083
1935
9273
3838
1637
408
4229
8922
3538
9777
5649
4682
162
6299
6453
342
1407
6201
7123
89
205
1051
8578
1053
1303
9022
8251
1277
7236
7583
8089
9267
4297
5473
5746
1515
100
8331
2026
7468
2408
6891
7614
7143
8566
8179
2470
9342
5849
6090
6478
9828
2198
5643
6717
8394
4804
5723
1844
2013
7281
8684
356
8281
234
2685
1613
7281
7705
9232
1661
9040
8490
9301
5119
7902
8157
3567
5816
9434
5118
1136
71
5290
5780
375
3998
5980
2710
8685
4466
846
8248
5904
6672
8837
987
5575
9586
385
3547
2748
7609
9358
6611
8363
6060
5553
3070
4335
7148
3642
3860
4583
9524
6735
9680
5307
7700
3339
6788
310
4537
367
1560
685
661
1358
2086
9727
3385
5842
6483
324
9864
8432
6802
4866
6193
6193
1082
7620
9085
7342
7151
2344
3997
6977
4593
4911
3169
5731
1329
7569
6243
6099
4047
545
328
9708
1072
8203
9705
4356
4764
7767
9223
3583
4279
131
8926
5855
2190
3759
2671
8559
6146
2465
8348
8487
6652
9361
7703
4362
385
3591
3780
113
3953
2654
4850
118
3632
1234
1235
1720
913
3448
3759
7064
9027
3038
367
8514
5701
3452
2757
1912
80
5797
1712
4500
4652
9793
5895
71
17
5983
398
5981
2838
1018
158
2748
5785
3343
8687
9434
9051
8366
5835
8451
7594
6303
1907
6021
2211
9569
2936
2523
1699
3976
6904
3492
5252
874
5854
9105
5596
5522
124
4468
9398
5558
9710
1652
6688
5741
7469
1354
8624
4498
2051
8793
5733
9105
5728
9953
8412
628
6479
9471
4775
3208
4499
5227
8189
1269
6655
1125
4269
5396
5503
6103
6718
6104
1673
2581
7805
3970
6492
912
6487
1876
6257
1464
4833
6704
3309
2688
1593
80
9315
8285
72
3887
3775
4187
5619
8063
7242
6077
2639
845
4526
7433
8430
4141
3408
5299
1952
3500
6959
1235
8361
8058
5400
736
21
1334
1411
2976
1344
3604
2162
2731
5218
3939
6540
1752
2648
4688
5354
9276
2
942
9813
997
7379
7076
2923
5563
2201
8830
4559
4053
7096
9335
4095
3773
4196
1069
7072
9368
3349
4520
6244
7509
2458
7063
290
8008
7485
7387
747
8744
1698
2089
5522
3218
5803
2237
3248
1586
3283
3136
4095
98
3633
7240
267
9844
5584
6304
1842
660
5035
8865
8770
3952
7337
7459
8146
1860
157
2092
8967
1048
8619
3405
271
4200
4036
1899
988
3611
5428
1129
4686
8268
8736
1416
9375
4657
3984
4875
7975
1892
437
5720
2939
6969
9815
8918
8919
8112
793
4719
6695
3824
3163
9353
7338
3247
6852
6790
1661
877
6801
3580
257
8509
9667
2410
8960
6066
1359
6200
3231
3277
5790
4945
6284
2862
6419
1130
6001
3772
3735
3370
1150
5789
4573
1831
6134
8558
6528
1463
6567
4637
3598
9728
697
2331
4684
1829
5200
8846
988
809
4666
6549
7497
1779
1401
9612
5693
7551
973
9318
3451
9164
3956
4795
6079
3078
2996
1967
1628
383
1700
4128
6434
2932
692
6442
9240
2818
181
509
9626
509
7473
225
7843
329
9738
7051
3577
5387
5312
1513
5514
7563
2497
2670
8114
8461
5744
130
142
3411
7445
2241
7943
2615
835
5760
2530
102
1676
495
2279
3324
1984
8873
3751
4311
8159
9078
1518
5053
743
4021
8828
8773
3443
7657
919
6977
4687
192
5358
5700
4748
6345
1840
4783
7146
410
1374
2376
3304
5147
2038
1861
2377
856
8210
7284
2919
4171
1608
5221
1532
4563
8876
1340
9799
9390
1491
6582
1362
455
5734
4059
4424
6959
1054
8432
5983
4626
6423
4711
65
9992
654
6745
8283
6090
1128
5550
3257
1611
5007
3080
344
3521
699
5692
8351
9134
137
4344
2915
8551
1223
110
2504
8811
9904
79
9239
5259
9766
685
1543
616
454
9177
256
4834
8617
5967
494
2977
6291
2779
7707
5533
8157
3346
5360
575
3557
9201
6967
1563
8191
4544
8846
9055
9640
7387
9282
9088
1289
5897
4009
5003
2825
8736
5482
2194
8681
49
7340
9878
7260
9865
6700
5783
4309
5949
1538
2580
7793
7193
8712
1263
7118
7672
9441
1804
1835
1654
3539
4092
2624
9675
1973
7459
3697
3952
7814
5266
2028
3683
1216
1012
9160
4436
8175
979
5320
1509
5104
545
6368
3984
2903
4912
2488
5952
3331
1798
5734
1069
3789
7590
6653
727
1014
6370
3014
6277
6779
3390
3991
2198
2279
4555
9640
1739
9963
4125
9062
6236
6693
2560
1293
5428
8483
5797
9214
9640
7055
6756
8120
8976
2156
9676
5243
6211
6080
1640
3077
9668
7537
8942
4970
9281
4606
6972
1194
2519
6381
2901
6791
7858
2927
3978
190
4406
1152
5350
6721
5571
6215
8033
5723
7087
4359
9040
4862
2300
1953
303
4414
8433
3823
8154
7389
7665
5461
8105
9494
4470
9959
6025
2835
2447
9244
4770
3000
8874
7832
2419
565
8987
1953
694
8156
9664
5775
2446
2434
1265
7655
5207
3510
3506
9960
6509
8508
5681
2800
3396
1614
3368
588
3699
1155
6566
8159
6878
8689
1186
1450
9524
9820
8369
9190
3977
7145
7587
4865
4079
5357
2016
7036
111
3251
4870
1840
2505
4096
8785
7003
1003
2503
9882
6569
9795
579
8709
707
500
4596
3782
6325
444
4733
3381
754
5187
766
2381
2544
7630
7785
8431
8577
7190
9032
5067
520
297
4432
2265
681
6416
1183
2804
7574
1442
4196
3899
8259
5152
4228
4106
1653
948
9116
433
2748
9942
7598
9832
9394
1260
6309
3914
4985
1945
8794
9182
5103
6117
8695
4345
5222
5830
3593
7860
1838
2948
7078
120
4674
5186
619
7425
6049
7092
5274
6271
3911
1234
9114
73
2553
5983
6554
1430
6779
6808
932
1888
6808
7895
6802
5226
9877
8465
4253
3330
3543
9245
901
830
2356
1506
5023
8644
9532
6082
8562
1890
1824
1180
140
6352
7426
7276
5409
7921
7609
8499
4684
5600
1796
7279
122
7758
8964
4998
6809
1230
8297
3849
473
4223
728
3227
4715
9613
2014
2013
6070
5140
1906
8413
8520
386
7427
8713
545
3315
3622
9504
2769
3354
5427
1599
9388
2205
6402
2599
6502
4592
3178
6674
6689
437
3901
8413
2900
3742
8027
7435
9662
1351
6450
2080
7315
5425
3869
3729
8816
4346
4527
2854
3546
2439
5381
9012
4910
2193
3487
2204
3881
5200
3624
4033
5290
8271
3430
9616
93
4351
7597
6126
5269
132
6893
5232
3902
412
8186
1680
8002
9700
8033
6581
2675
4956
446
4174
7025
522
3651
4410
9136
7989
8308
4736
2940
3693
7401
3997
5110
9287
1439
5188
2284
980
8578
1221
2930
1762
2674
8218
7916
3250
1903
2080
2488
773
7388
3091
8707
6846
2842
2644
7726
32
5934
415
2558
1510
6562
1395
9141
9950
1144
6531
4541
8583
604
1521
5994
7793
3103
2776
8546
6242
3689
6041
3111
3175
1644
5476
1759
221
3912
9434
2564
150
6963
3038
9801
6785
8431
8896
6485
3056
5361
7229
9596
3296
3813
6580
7431
2966
2766
841
9653
3464
2096
7496
1200
5798
5785
6620
9275
8102
3636
9413
8315
6514
4136
3575
9627
896
7870
6359
3812
3569
4871
2508
5988
5041
5156
5972
2831
9683
4634
8081
2136
8018
2120
5472
2673
6702
9150
7546
3846
9588
2433
9152
2939
1196
8002
2775
8848
5892
9420
1056
2341
4278
9786
6369
3559
5455
4411
3140
8433
9982
4336
6834
2698
6551
16
1658
2977
6272
4951
5546
3286
2590
6354
3346
3812
4745
109
1817
5269
9984
6923
8212
2256
4125
306
6027
2219
6826
3210
6807
5111
1493
9187
8779
7428
5501
4343
1153
979
280
3679
8872
5789
5295
6555
9106
2292
9851
5599
5059
3673
2969
4601
7938
5699
7852
9650
8704
6721
5195
9322
8135
1795
3039
3736
5963
7961
5805
7919
6418
7655
2447
1196
5179
4760
1530
2327
4171
5045
4953
1293
5393
1892
9472
5457
4542
8437
4573
8293
814
5561
6516
8327
8863
253
6519
4934
2969
9260
2402
9883
3871
2095
4219
7215
3149
2447
7959
7150
5272
4425
4829
9460
381
2834
6275
1623
3055
9236
5819
23
2622
6427
3723
9250
9747
7238
1071
8771
7347
1947
6459
2300
3480
6
186
8984
9814
4367
3304
7054
7267
3040
2958
2778
796
6996
6096
5931
7477
9404
4574
1493
3506
5709
3940
3964
3111
1495
9912
1076
3273
3816
9906
8448
9985
8214
1955
5355
6225
8824
6445
7114
6848
829
4489
9116
8776
6294
2428
489
1531
7394
5283
103
4604
105
1284
4068
5244
5444
8562
3271
14
3563
2114
3091
2744
9426
9527
1250
6028
1442
9547
6361
3707
3270
1858
4934
189
7864
9014
7743
7426
140
6041
2179
1387
4260
9372
2048
4092
5222
7062
5577
7603
8191
6238
8227
9336
8552
9234
2391
5029
8559
1174
1068
2355
1656
1653
27
6401
3857
3184
4137
6406
1971
9383
6598
8994
4359
6888
6236
9893
9105
9113
4961
1020
3466
6877
7861
9628
3538
9610
3170
7142
8286
8877
8108
2838
6723
4563
9519
7489
3586
9893
1527
4056
3607
2848
8762
742
3803
4642
2859
1386
5196
949
7136
9060
9666
5204
8521
4015
4899
7414
7659
32
8171
4739
1307
6358
4810
6922
7099
414
9750
8291
8985
181
6833
8283
2063
502
8590
7345
9460
8532
6339
1036
6948
5052
6666
4589
8884
5343
7454
1472
7001
3836
5905
2140
4902
6125
3527
3400
1069
2126
4244
7120
4188
3690
5896
8047
8131
953
1136
3513
2520
1395
3159
472
7412
5197
1363
1326
7045
4001
4163
9109
5178
9788
1899
6063
3232
2785
3940
2936
2838
1638
9837
7438
7021
7297
3421
9603
664
6026
6796
9128
4355
4403
4580
1624
251
8953
2204
5407
39
6087
5328
3485
4258
4976
8754
2623
5978
492
220
3810
5953
6394
7493
8217
1157
722
7480
7155
2262
3084
1935
7047
254
7602
1946
6425
7743
6979
2942
4105
9417
4599
2396
974
8101
4184
9040
288
1867
2023
7535
7036
5129
2379
7765
8783
9771
9279
7866
4690
579
2121
3616
3154
6532
222
1279
1709
2867
1505
9342
9012
4862
9716
9308
762
2829
553
3312
2640
9382
8764
1511
1419
1004
2140
6834
6127
6764
5439
7703
6397
5190
1685
4447
6519
2203
6483
4492
52
8295
2638
7268
5143
5727
6937
5929
7858
6613
1523
8728
7306
5344
1092
1365
7816
8561
8012
8448
7663
6887
9132
7821
459
9772
5777
8734
5342
9976
1956
2543
8633
2732
334
7259
7116
1285
5097
5693
755
4761
2617
6552
2160
9582
4133
9459
6550
2724
4631
8878
5084
2184
7721
1416
644
2834
3357
1263
9311
4418
9240
5865
3894
7777
6514
1050
9981
1558
3442
8069
4910
1988
7427
5396
419
2508
7186
7537
4771
6581
8662
2032
968
1256
7918
3148
4259
4555
1310
8728
1938
4884
9429
6794
4827
4999
7485
7441
7996
9654
517
6189
1238
179
5404
3625
6590
9888
3884
4907
5927
8485
4508
9085
2475
9567
8737
5924
3730
5561
3952
7268
8131
5120
7075
9597
1663
401
5418
1208
2097
3763
2106
8836
4144
6305
719
5244
8840
9219
1623
1208
2114
3363
9307
9672
6776
9709
5996
6600
260
4750
8921
7969
7685
9880
4827
2254
9464
807
479
6524
4865
9190
8431
3509
5405
465
4028
3626
256
1659
1331
2563
3180
6594
9590
931
6077
5405
1684
998
340
9683
9173
9832
5264
9643
7032
55
3488
9554
8982
8397
5238
5472
9519
7512
826
9668
8834
9074
9119
5564
971
1470
8718
5859
5794
2087
8554
1459
4252
2128
6366
848
7852
8459
593
3187
1839
5089
4865
5577
3529
4285
9048
9540
4803
1476
4705
9516
955
5238
4926
1823
3786
1321
9573
895
8272
3405
677
7190
495
7361
4234
6600
8235
7264
4384
8153
9664
8002
6224
4895
1503
4817
6522
1312
9364
3750
6887
6437
7738
6039
9865
7478
7842
2646
5354
4944
4985
8866
104
8159
4677
4837
2727
7561
1657
2895
193
8017
5467
80
25
7927
9085
7195
6890
614
2250
5389
1698
2642
1964
5023
2607
9132
9005
5638
6576
8629
6978
7395
6393
6816
2571
3883
8321
2687
6072
1984
8544
4926
6366
1782
3745
4042
2945
5357
5385
8680
3298
3088
2164
3899
9488
4484
83
2561
7056
4867
2599
7612
6254
3889
5238
8931
2100
1516
8956
7946
7916
7233
8217
60
7921
4835
280
4714
8428
9978
289
1422
770
3543
8354
415
1151
4271
2248
9401
2440
9906
2407
5017
2797
9536
9200
2106
1724
4867
7369
9214
7835
4008
8648
4799
5867
4057
6103
496
3493
1195
974
1141
4365
9703
1730
5104
8237
7378
9261
8103
7751
839
1883
2995
1327
3385
7444
9981
5589
4590
2481
7051
3550
6857
258
6336
561
3656
6968
414
8058
7370
8061
5836
3036
3037
7908
5495
2399
3337
6692
3959
752
7232
1506
9413
3415
4588
9566
5349
4942
5619
5524
8873
8226
1333
1293
8676
5868
2425
279
6356
4182
5631
7640
7730
9148
2193
1896
2238
5509
2394
509
2622
5012
2457
1634
9026
731
8677
2540
6540
8735
6586
7015
9227
6669
307
941
7959
2393
2956
4950
2519
6033
5962
9342
4090
6970
654
518
801
9916
7845
2094
2524
9996
8413
4423
3850
7983
9934
4412
1710
8526
6704
8586
3228
3489
6735
9895
5694
8533
8830
8469
9967
9473
983
7156
106
9932
4521
8120
2542
6775
1088
2944
918
5718
8151
2392
8652
6851
2323
2748
1623
3675
129
1948
1358
9844
1408
9707
2588
2771
501
1440
3479
8096
3232
569
8039
7649
6470
2287
1965
9879
8852
6128
9812
7567
4570
2058
4198
3539
1030
9003
5084
9281
535
6356
4590
3421
8932
8030
6757
3940
2611
2592
7302
9238
902
46
5343
3548
3214
2556
1707
5024
4065
7095
3356
4983
95
7380
2888
2105
7192
3907
2228
8666
6283
704
7839
6794
21
4135
4675
957
7066
8994
9019
409
2819
5655
696
6539
3526
5256
4243
3288
3894
6034
1391
2071
4106
2528
5153
38
5918
9931
1898
2903
7368
874
1906
1718
2472
8386
3856
5684
8197
9398
7439
3051
1337
8345
8810
5626
3430
3340
8202
8095
4285
5875
9516
7205
1555
2568
1870
9113
2320
604
8033
3315
5447
5773
8871
6114
2212
9898
3298
7480
5797
9859
7697
5875
3792
1061
3060
7439
6414
3385
1949
1050
8857
3068
9681
2696
5029
1441
6046
3568
3536
4480
3924
4605
9948
4894
926
9646
820
75
2433
4657
2837
6026
7621
1798
323
2219
8611
3357
1673
2979
4887
3797
9398
989
3433
3664
8358
3133
9820
8826
7102
9206
7109
205
2619
4666
9687
7276
1449
7818
387
9950
504
6143
6986
5468
9416
5827
5309
3176
5208
3977
3857
9424
2071
5785
6438
2475
9573
8012
4822
4992
6321
6419
6425
2012
3568
1585
2143
9243
5947
2642
4253
6690
1134
4631
9638
672
4014
9484
3226
3820
8866
3099
9753
8902
1581
7316
1574
5523
8312
5320
2526
5461
5403
3447
2030
3771
1970
9659
3321
1417
8306
2440
8098
5602
5295
5494
9157
5845
9818
2642
353
6015
9083
2238
3722
8719
8747
1672
3639
7168
5031
433
3256
4694
8199
4451
6557
4085
2122
6313
1912
6550
9978
903
9330
5984
749
4813
7730
4824
1250
4325
6377
6174
5210
7106
5666
4295
9116
3012
5383
7449
6627
5523
1479
1532
5139
6705
9260
2300
2154
4423
5137
1116
36
1292
3046
2438
9198
8255
7426
4346
9764
9401
696
5356
2821
6397
3368
1677
579
5824
3846
4123
865
4161
197
8796
7689
7348
5496
1769
4307
9054
7075
1154
8993
460
8277
1835
2986
1411
1169
8621
2647
1936
741
2986
752
7087
6684
6146
6622
4545
53
8642
1909
5973
6878
8574
4977
704
3401
2577
4462
3610
5871
9522
3048
8876
4058
1202
6181
7507
7923
4346
3523
852
6827
8331
6234
8163
425
9527
9189
4485
5319
14
891
5963
8414
7246
5199
1319
2177
5760
4412
4852
2379
6562
3318
1642
2974
73
6043
7601
8259
1147
5896
5675
53
6058
3096
5113
8252
9674
2980
2121
4717
1050
3781
1686
6186
8792
2593
2753
5678
9941
8575
6596
7594
8109
3263
6232
3027
4917
7474
8532
2364
4482
977
5205
3285
8844
1884
8735
9538
7144
5685
6115
4665
849
5960
3811
1808
8416
7717
6490
9958
603
6001
5434
8652
7599
8553
2647
3071
207
8664
7652
2241
9123
9949
5770
4110
6054
7476
9454
7538
8401
9619
9274
2111
2432
1924
5097
3597
729
6635
9364
741
1347
5299
3653
2298
2968
927
9076
9846
3368
1338
2217
8431
6391
4860
2773
4013
9035
1175
8530
6784
693
3240
6898
2553
3932
4472
644
1166
4835
7086
2275
5849
9884
9679
7460
8519
1015
8727
6137
9000
8551
9692
8008
1747
8045
8662
7061
4101
5990
4639
5854
6107
3253
7577
7378
5228
5425
5064
5330
748
8584
5000
2861
2697
8122
3048
51
5822
8763
7214
7237
9879
4610
8931
9427
3820
7606
4804
1563
8166
8789
3043
714
6050
2742
6228
6444
547
3772
5449
225
94
601
7747
8509
1521
2515
6280
5437
1150
6161
1320
449
7399
689
9576
9904
9722
6475
3580
7375
4572
1578
3073
1553
416
9385
9348
8188
8542
8612
5691
335
2957
6047
8135
3509
6008
8787
5797
9150
4829
9529
4535
1617
3019
4291
7669
9450
2738
110
2751
6117
4327
4058
3169
4949
6551
9837
8634
585
1830
2264
8701
3998
9225
478
5846
8961
7736
830
6991
3422
3959
4206
5441
3398
7600
2220
4873
5089
1664
3552
6182
6545
3129
1776
9886
8942
5785
2312
3542
1107
4406
9205
8600
9804
4387
4461
9384
5713
8729
9608
90
5587
1667
1721
1455
8388
8978
1708
3237
8046
267
872
7252
8272
6730
9180
1086
4578
9560
2365
7293
1463
6907
4237
4401
8784
5298
3597
4941
7314
5342
2034
321
3371
8589
8900
5861
5773
4729
9408
8993
3859
8666
5654
33
5883
7787
5137
7620
3882
5687
7450
4241
2578
5805
8107
4098
3070
3857
1668
9883
5393
8729
6221
7930
1822
6338
2312
1044
3592
9602
6018
7419
4188
8644
9219
2423
5945
1924
5681
4934
9230
3402
9507
7880
5176
3986
6068
4589
8393
5345
2069
8258
1316
5511
7837
1153
7939
1728
1059
8694
3016
6057
3509
5587
3146
2031
6813
7478
6795
6437
4127
2271
3628
1213
6968
2524
2459
4499
879
6965
8093
8195
8950
6493
4033
7535
6013
8944
7156
6597
3540
886
5807
4815
2880
3794
8134
4899
9196
3737
9714
516
5105
988
7147
8911
5965
9655
5676
8165
5076
2358
4482
9286
4884
236
7374
2155
9439
2950
4176
3067
5443
786
7852
6702
8230
5706
7644
8284
5318
279
3919
2777
7350
8965
8206
4449
5025
675
1261
1446
6226
7010
8701
3561
597
4129
2991
5620
4502
8878
7007
743
4999
6798
9122
6126
3793
3113
7692
4606
9606
5695
2278
1028
7671
6646
5193
4443
3034
4826
9384
6238
564
6852
2500
7554
7311
8061
4060
657
5193
4129
8729
7385
8830
1976
8272
9500
6183
8555
4746
9417
6018
5860
9620
1235
3985
5970
4581
336
8149
2923
2377
5003
7771
3854
8215
4978
7394
8199
442
6182
9564
4950
3587
7481
8693
5715
9720
7512
27
4449
4395
1175
1668
2203
845
1166
2417
3241
3682
2140
5522
9036
9585
5397
6351
5544
3325
873
9440
7898
2456
897
1527
2285
7852
8427
6715
6876
9837
7920
144
6770
7134
8531
3416
7189
5983
4821
4005
2958
8186
3726
6302
1286
9810
6452
2129
9074
1580
2948
7451
1436
3588
1426
6668
649
8619
4192
2311
7214
6539
1361
4705
5757
9847
7724
4081
3358
7964
5985
8395
188
2919
223
9045
206
74
5249
2678
181
6427
6513
3176
879
5251
2399
6503
4017
4638
6877
4617
3225
4614
2860
5572
2110
4119
1479
8984
3845
8934
5603
3682
7755
6130
5985
6073
3408
6829
7716
6142
3469
6133
7240
9263
3922
9756
1497
6788
1751
6362
5249
9971
5910
8765
9462
5009
9558
1112
5164
67
9724
5975
4901
805
6817
9723
9153
4194
1558
6889
1099
1299
5958
6402
7596
5329
2967
1944
8449
180
3120
1718
