2405
1
172
2074
8820
3301
6255
5672
2932
5272
5429
1156
5713
7040
5414
9869
8086
4516
6517
4550
3517
1933
7175
6273
2441
9690
3033
765
9406
8247
5248
8913
6878
3451
6667
7218
494
4438
9584
5371
2314
3987
4731
1275
8584
4876
9800
4507
2493
1257
3555
5221
3780
53
3741
2069
9272
8223
9763
3353
5645
896
5586
5956
3041
7760
729
6632
5606
708
9317
231
8871
3793
3042
5460
4966
4191
4131
6568
2012
2017
6486
1671
9414
3537
3217
6217
7024
4997
6928
6098
7397
1254
7847
9452
7611
223
8079
22
5125
3175
2290
3997
4036
9897
7106
6293
1795
7496
5642
9412
4269
1807
5199
5319
2672
1601
6670
5639
8537
2806
4346
2418
100
8444
9163
239
2636
350
8201
3314
5737
4321
5808
8212
345
9199
4457
2614
3213
1413
3576
8339
6307
7663
2220
3212
3315
6859
7953
3170
3872
5347
2756
5417
3489
4687
5760
7904
8046
4235
5087
1981
9902
4303
7129
3765
1501
7236
4170
2412
860
1843
9212
746
4619
6548
4291
6889
4056
5520
5040
1967
7055
4648
1248
75
8181
8864
413
8645
1766
7577
9903
5913
3001
2007
1251
5248
3904
1899
7070
5904
7271
3970
2035
6988
610
6867
8307
4480
8647
443
4099
7920
7528
368
2292
1619
5633
4075
7960
7805
9536
6063
714
7189
4980
8466
5095
508
1640
6919
3058
6918
3793
7831
1498
8553
2439
513
1372
3009
5130
4608
4264
1300
2527
7034
1250
9143
4557
2489
8879
9867
7785
9055
7738
7029
1479
7832
6853
7100
2743
6441
2034
8540
9385
9686
3207
9006
8056
5522
4795
3140
7442
8924
5830
900
1684
2682
1474
7325
3791
197
6908
7822
1009
4287
4408
8714
5776
9961
1902
4124
9094
1217
4995
4705
8320
458
6226
5262
4845
2772
6924
1742
35
3047
2497
6153
5899
8849
8328
2190
1598
6332
5666
4142
6324
2071
1539
9391
4402
8270
2613
4582
2733
4246
8929
8987
9779
9827
5214
7984
1595
7796
8448
3993
7249
5722
9671
5399
2912
2622
5521
7936
1802
5183
8808
5688
7504
7828
4195
4345
2331
4940
151
5085
977
6553
8876
9360
1794
6559
2607
7894
3287
4894
2384
3030
6247
5185
9702
595
713
2627
2660
2970
5318
7786
7980
3461
6292
8079
2946
5724
4750
4555
8880
5844
4319
2562
6264
9052
689
9270
9310
9811
4732
6379
267
669
9088
3576
4277
398
9398
6942
6911
7778
454
591
672
1278
9686
9378
1733
7711
629
9353
1658
7889
7111
9628
6400
9110
4333
2421
3251
9220
6956
6680
2098
4682
5875
2111
1235
3335
9710
7811
6903
8001
1026
6051
8203
2163
9371
5071
458
8738
8025
4899
8094
840
581
3224
2227
3990
6746
5753
2856
601
5361
6528
4100
5984
7303
1845
8510
3014
5704
9208
3948
4237
647
1266
7474
4556
1227
225
1779
5876
3554
4405
924
8697
4877
3569
6628
2822
1795
1924
560
5317
8757
1977
2263
3772
809
5617
3508
3090
4897
710
7460
5487
9431
4190
50
6650
9676
9774
1638
4215
6061
9617
5072
2693
9324
1767
3097
3825
9466
5442
9868
9712
4832
4186
4093
9773
2996
5429
6830
42
2372
8679
4562
924
3691
9512
8009
5734
3300
8114
6262
8692
6405
5980
7039
7721
3441
6721
2222
1077
149
5380
7354
2344
283
8423
5248
5010
5447
3044
5955
2109
9262
6838
8548
6021
9978
295
4845
176
990
8411
9073
595
6542
361
2194
2549
8205
6101
6209
1744
6820
9497
9839
8004
8514
4870
6588
7240
6200
8002
5656
3747
9770
1970
1553
5295
1714
6611
6396
6660
3172
7359
7359
4974
1857
5792
6053
7308
3659
8040
7998
5734
5031
4580
7047
5838
4783
7858
6327
6011
5407
5865
6749
7991
6866
9336
2898
9476
5539
1026
5668
5100
5406
321
9020
6667
2670
1324
4202
7244
8049
4475
5197
2150
2092
8533
8896
4494
6388
8905
7727
461
839
4874
893
3780
7962
6160
2573
8881
5562
14
8267
851
7517
9812
1360
9506
4799
4717
1857
2129
4606
4155
3086
4132
2027
4833
4570
5548
6760
8022
8032
5464
5680
1604
3416
7073
3973
9457
622
4893
1122
8729
6408
1685
6007
6651
5967
1873
5632
2583
1959
5865
9495
7121
7333
9107
9183
9249
273
9373
1475
8026
7100
2958
9742
3151
4324
4045
3195
7850
6608
1913
3777
2199
4922
2375
2862
4538
1250
6037
4369
2210
7520
3022
8433
777
466
5451
6205
2862
1637
814
6207
5938
5400
73
3625
1614
642
9765
9594
9315
4174
4193
4274
3706
3379
3467
3952
9741
5296
8095
4423
2452
124
2473
5817
7901
1807
4999
5100
5378
243
8951
1391
7564
519
6770
1125
7745
3532
6884
8450
9001
8633
8879
8592
7936
9550
9972
4859
4577
3038
3787
3041
7739
5088
844
81
8909
3563
5650
3667
1606
9547
2814
7728
3121
2682
5482
330
7517
3330
6491
1431
4689
7250
7121
7602
4805
1760
9325
1785
636
3434
4168
3938
7979
9976
1478
3646
9657
159
6391
2115
3072
7298
2410
8349
6685
7279
7358
2600
9137
808
7516
4251
9531
4567
1487
7371
7200
1303
8995
9971
400
1720
8936
5317
6332
700
8707
3635
9708
7220
3337
2405
240
549
2821
3161
6435
1948
2189
9701
8686
8112
991
3912
2895
2648
846
5360
9651
7496
778
5986
9838
6337
632
8702
4532
10000
4862
6604
2456
5428
3613
9764
1777
7069
5324
335
9303
8080
3376
1280
7926
4137
5869
1514
828
6224
2356
7516
3885
9124
4053
2531
8266
1160
5108
213
2012
2665
3027
3513
5668
3129
6613
6512
6823
9786
4942
4046
476
7189
8246
7635
7223
2257
4546
9548
7693
1642
8287
9982
3207
8472
4773
6359
2999
8596
3010
6019
8396
6479
2299
1213
6455
9798
2654
9499
7771
3412
7000
3781
4145
6502
3174
4202
5169
2150
9626
6576
8466
3827
6350
9588
7818
2063
5871
2080
7817
5777
2284
2536
1208
5596
8200
914
9710
3281
8875
9873
4472
7305
9204
6666
8795
2229
5879
3622
8447
5002
7435
5448
7310
7695
7933
8399
2895
6530
1294
5802
1226
7848
4794
7202
3918
1434
801
3621
8007
4847
4752
5584
9789
3687
8053
5056
3949
1835
3666
4462
4042
5085
6311
2948
1553
2484
6631
7332
8729
3121
2244
2826
6869
765
7958
4573
5970
3458
2329
1482
1603
8530
3128
4593
776
4987
2020
360
1220
3152
559
7671
5385
833
383
769
8732
1463
774
2717
271
6802
1569
4605
6281
3476
5698
2232
8261
7954
4358
1091
5280
3142
4934
3059
1215
6135
9852
2434
1025
8509
2253
4130
6990
8661
777
1261
4118
1431
2133
6849
9193
602
6274
6151
8133
6212
3715
6233
7319
3364
479
991
2242
9334
9632
9512
2010
5674
3900
5709
7786
4768
5560
1125
5958
8085
2557
859
3992
3668
2955
7472
7998
2659
7896
7599
8080
2368
2467
2098
7601
1666
5057
3811
4511
5218
9980
4346
9883
9093
7105
3449
7068
3205
1981
2975
5838
2172
1540
1224
2802
9665
7185
6398
9950
1539
9142
1594
9234
3351
6062
7778
8158
6154
8841
9186
2629
2142
478
7360
6641
916
2145
6175
6542
907
3566
5034
5229
9737
3863
2818
2337
5548
9982
2042
2511
5654
6861
3693
6776
9774
8252
3770
7238
4740
4831
5831
304
6031
3407
7064
7209
263
8450
7377
6100
5226
1807
1354
5927
7990
1910
1183
8369
6683
151
4336
4307
5684
7946
7567
7957
6976
6880
4819
368
7314
900
6193
5074
3825
3006
3686
8788
3198
1790
9221
1952
4609
5822
7842
7333
974
8695
6828
4230
896
6493
159
6534
5492
7265
7166
4013
6998
5985
7103
9352
8134
2062
2970
3581
1045
7424
8559
5196
9939
4395
3955
4891
7791
1875
9929
4803
7208
5750
3871
9154
4837
1100
7979
2834
3264
3085
4543
1838
9541
584
7706
4428
7107
6321
7703
7975
3809
1926
665
8330
3656
4527
5971
2462
374
2670
4182
1915
8088
1068
1556
5310
4545
4237
8872
6703
2489
3178
5650
618
8144
2506
119
9241
3606
7623
7210
956
7035
6339
6646
9805
4211
3266
4550
4550
7150
59
2765
1931
8686
7099
8383
7462
5617
4445
663
3210
2735
3016
5169
5409
3536
2950
3842
8551
1481
9576
3319
8672
9213
7925
9808
7050
5806
8700
1303
3080
5332
8165
6768
4801
9029
1961
3058
4216
9767
5599
5145
9024
5168
2664
8349
7577
2667
237
5547
2344
2432
2007
3051
7056
1859
6149
3044
6029
8043
4777
5336
1293
4163
4936
194
3732
5290
2630
2632
7825
984
6110
5373
4002
9169
6998
9929
2942
155
7477
7761
1526
9392
4353
9321
5870
3103
8360
4728
686
4655
4283
3083
4987
4567
2424
6770
981
6418
8290
5522
2652
2282
1883
5297
7111
208
4203
5139
5280
295
3597
6064
6247
4910
1197
5687
517
3966
7139
6179
911
2134
5711
9184
7157
1596
348
8009
2962
6895
2136
7397
4871
4098
3791
400
6832
8821
9886
994
7718
9148
3293
8649
2060
4358
7167
9161
6423
4890
496
5867
6561
9397
1710
1569
4957
8478
2914
3585
8945
8760
4925
893
9703
7528
4012
4366
4900
1463
8574
6837
6332
1706
4351
8039
3674
3179
5255
7009
9345
3425
7945
9747
8474
261
990
6154
3885
4750
7680
1879
5045
5057
1523
9622
9075
4527
9566
1748
9970
2169
7887
642
3282
6851
1342
2719
1179
6651
1446
1278
5144
9966
4929
5220
9442
481
2868
8734
1686
321
8456
6117
813
3882
1597
3830
2233
6426
2176
5828
4117
2422
4117
5557
1468
5498
2519
9488
9762
1324
3861
19
6096
222
4395
3035
1270
7133
5127
1203
3614
4561
1105
7343
9451
7888
6613
2937
2270
8557
4137
8030
1988
4641
4727
5410
7664
3329
3776
4571
3672
2444
7542
81
76
1187
5749
643
7063
6737
8801
4952
6069
5700
9301
4838
9568
2793
8219
7564
7460
6535
2717
7505
83
8018
2276
9170
221
822
2644
5990
1484
1565
5012
2558
6300
2658
342
5904
2898
4525
2253
6229
4246
6000
3340
9406
2076
2611
5688
6659
3251
4069
4492
4545
6913
5203
4614
3255
3058
7493
4005
2805
9428
4141
808
3036
5148
7208
9618
9501
3819
1345
4538
9671
7288
1766
5332
6095
1725
3126
1008
8558
9386
9502
5294
3700
4259
7366
2061
2066
404
1940
4243
7124
7183
614
5484
9888
9421
5398
5587
759
3482
3967
1619
5948
9893
4393
1564
4209
2886
3914
1114
1556
5041
4901
4842
1540
2576
9478
1722
8242
5242
2784
7277
5050
6839
8328
273
7473
1754
7826
9643
2977
5987
7369
697
567
5579
9045
1684
5849
786
808
4761
2790
3918
6805
2070
4695
6549
3977
4826
8482
1915
6884
2581
5804
6213
1325
4376
6438
3228
3602
6438
1549
4646
1
6740
7708
1534
4877
5056
2886
4287
8181
5278
9048
5353
3554
9826
4551
336
6898
6748
6709
5358
4408
2326
1933
8189
3304
7180
4599
5809
3479
8664
2191
698
8140
2785
1773
6776
5125
2867
5215
4417
2063
1781
6777
145
5571
6784
1190
1628
8844
24
3997
3757
1526
8055
7441
9814
1114
7587
5992
3091
3604
3154
4144
9993
391
8536
623
5178
2280
1850
2844
7413
1548
289
7818
6547
6023
5643
8905
1900
5129
9665
3993
1603
1981
2465
2580
1435
6006
4561
4618
7999
5795
9927
1280
325
7840
4056
3385
3058
9688
3518
1460
2979
4548
6912
9214
6158
80
9095
8177
7693
6840
9500
1296
3483
9657
9946
1652
1762
1917
1493
4100
7963
2752
7261
1349
5775
4152
4027
9050
8516
8321
3424
1203
9539
9413
8290
6756
7382
6404
7745
5794
9186
7421
1196
9548
3144
3298
2035
3514
4253
355
3168
2005
8493
1151
5960
8254
9053
9655
4767
8096
9397
2698
6199
4783
3990
9492
7837
992
6180
8660
9036
7816
7010
1390
7572
5189
5833
4270
1462
8099
3466
9086
8580
2736
9501
4912
1583
9104
5319
8453
804
5686
9947
216
8449
3664
7822
1629
6806
6835
6297
6395
8370
4907
9844
2780
3225
1516
5722
4554
7647
6718
2723
6117
8260
1163
1779
5802
9971
8904
5747
5155
2269
510
6337
6540
2144
3205
8313
6051
5874
1144
3455
9611
4843
7957
2104
7797
7276
67
5563
300
5163
5950
6280
9140
4808
3692
7516
5435
5747
3684
9463
8764
5021
2458
8249
2322
8625
2889
9300
1697
3748
2144
7114
9355
3251
2389
8013
6066
4779
8369
6300
8427
3432
9922
4614
8052
6088
7905
4194
6222
6069
520
7411
8923
7408
1879
4964
4716
4737
5714
3337
9476
4885
7530
6658
1530
7939
8140
5818
6542
4978
7918
192
6846
1894
6898
9699
6799
7226
2127
4105
7859
6943
5266
3126
2636
6667
9325
4637
8365
570
4762
292
6738
78
2206
6541
5039
589
5668
4862
7024
1205
6689
8259
2786
8221
4783
9956
1945
819
8459
9608
945
5905
6995
8049
9544
2290
2563
1081
2436
3954
999
1490
6898
9648
8263
9951
5614
8669
7142
6704
7556
2799
2487
4333
1714
7574
2275
1188
8359
5390
3492
6222
9402
4463
7530
4226
1219
5704
8771
4563
1606
8214
6171
5973
2700
6575
6523
9160
3671
3125
3428
2052
7971
67
1794
4198
9423
9249
9038
3409
8214
9069
7760
47
8634
3484
3990
8631
2668
8899
2
9778
3000
5360
8222
8037
1690
1916
6705
1654
106
9065
825
2173
9261
9899
9252
8142
7868
1586
913
6039
9890
6041
3178
7037
4068
8778
1853
5671
4762
1190
3799
2474
5493
7937
5139
9694
2304
7049
3399
1838
2518
7007
8429
1957
8239
816
1282
7049
8940
4139
3529
5607
7344
2987
9641
3214
1004
2180
6727
7062
76
6607
3308
45
76
350
2537
816
3290
1061
2179
3276
691
1000
1723
1502
8301
2295
6154
7323
4259
2705
1432
1496
3506
9549
3388
6916
1588
7893
7714
9089
5954
2284
2839
7005
5056
4619
2523
1365
3078
43
3753
5402
357
7573
9988
7663
6549
7355
5225
7063
3340
5012
5743
867
6004
6191
7764
9346
4804
608
9711
2427
5422
6232
5475
8331
6405
9009
3876
8596
8108
435
1708
8266
2080
7005
4454
3346
4610
7573
125
8240
5721
3949
8673
9069
5858
7751
7154
6611
5670
9476
5607
4331
2948
6229
749
2792
4636
879
9887
2748
7982
8404
7619
2674
7548
2760
1709
3150
9672
8273
1853
3140
3321
5537
8710
9855
5651
