5935
1
-2406
-5097
30
-1909
-1736
8748
6005
6691
7475
-788
-9958
6235
1810
-4106
-3416
7053
-9216
5392
-9975
9597
7269
-6557
-9524
5969
8402
-9167
5608
111
-302
7894
-282
-3127
-9881
-5171
6934
-3540
5862
6473
-5954
5904
3645
-7611
-2905
-5349
-5811
-5034
-3874
-8974
4865
9211
734
7404
-1916
2807
-5375
8318
8788
4657
-7568
2851
-7830
4969
-3073
178
2384
-6710
-2839
-3642
-7040
9190
-8679
5819
5918
8513
4132
-4351
7663
-2374
317
5147
-837
-5589
-3825
-8953
472
8839
-5227
2868
1459
4443
-889
-1172
-2890
-6914
-3556
7908
-1748
3326
-7024
-4159
-1170
1226
-4161
-1990
-4142
-6954
7684
-1053
3149
-9606
9013
5246
8848
-2953
5292
4080
2276
439
-3008
-4949
277
4252
7581
5109
-9255
1833
9613
1694
-9878
-5698
-7067
3668
7192
5819
-8242
1674
-3949
7577
5840
-5989
370
8360
-3613
4037
4918
9803
-239
4992
1792
8338
1794
-9812
1520
-7716
8301
-111
-4089
-623
-1231
-7560
-665
-3493
5907
-9295
-8935
-388
-1712
9331
-9830
-7803
-3769
-1313
3664
8748
9446
-2706
-8598
-6621
1725
6621
6196
-8373
-1273
4984
-8165
6559
1987
1453
7497
-5322
-9762
-692
4111
152
-3540
7781
6041
2510
-2208
-802
9879
3863
-2814
-5062
-5204
1087
-7080
-32
5782
6364
7158
1177
-7941
-921
2654
4518
9243
-1303
-5404
2819
-3384
3647
-3105
3152
6589
8201
97
-7596
-9322
2527
-6907
-4263
-5101
8039
4020
-1703
1609
-3462
9162
-7625
-8754
7788
3598
-3718
-483
-6541
8838
426
7710
3398
-4950
-6909
6573
1951
7374
-4863
2940
-2827
1282
-9364
899
-2080
-7706
-387
-4882
-7041
8390
2156
-7315
4659
5495
-1167
2375
-4733
-4922
5794
-7687
3726
-8336
-6823
5795
2823
5022
-3845
-6948
8119
-4449
5261
-1982
-7050
-6771
-4322
2351
3101
-7603
8821
-1810
494
-7236
1910
-9903
1566
1817
-6362
1027
-2432
-8652
-5207
4018
1130
4279
-3031
7648
2030
-4128
2909
6336
-5797
1133
-7593
-6428
7135
4473
-969
6530
-8525
-3090
4411
9292
-9413
-6565
-2192
351
-9220
-8222
1510
8652
-7773
-5018
9369
7898
5912
-241
-2823
24
7664
897
763
-9364
1104
3214
-2684
-745
4060
7599
9296
9446
7493
-1241
7609
197
-9808
3765
-5505
-5427
-7249
9418
-7921
-6157
-9497
1571
8984
-4054
4275
2814
2220
-1634
3408
8305
-9618
-6927
-6050
-4065
6135
-4322
-2783
-7712
-2473
7166
7677
-2800
-9538
7183
-801
-2092
-3202
2364
8907
-4868
-8875
-9837
1565
-3916
-6954
8898
-162
-1970
1277
-987
-1966
-2291
-3317
-8045
5276
-8589
-8599
-2810
-9282
539
-5403
7013
2859
7480
562
-5222
-6447
6180
-5859
-3590
1999
-5272
-4484
-2577
3519
-481
-8227
-1494
-7200
-4125
4573
8243
-2870
-6722
7988
7413
-9408
1339
7171
7104
8628
3356
1673
-1186
9058
3081
3461
-9007
-8537
-1511
3981
8003
-5225
-711
-678
4405
-4831
7768
-9783
3715
2772
7988
-6138
2966
-3674
1223
5332
-4369
-8515
-8016
788
597
-3263
-293
2485
-7175
-9014
6846
3178
2456
2700
-4547
-2478
-3622
-3550
-4407
3795
3726
4703
-5113
7124
-7661
-8771
-7605
8267
-2879
4421
4666
7914
2437
-4582
-4763
8627
-4980
5542
-3805
1690
-3266
-9637
8680
2383
-1441
2082
5722
6945
-3762
-4925
8913
1155
-6070
-2601
6569
9709
5829
-8137
3393
4523
3130
6800
4636
-2123
-4994
9106
-9509
9332
8344
-4907
-3947
8780
-2531
-6499
1109
9909
556
-8811
-2976
7242
-9450
9783
-250
-5893
-4692
2098
-1932
9442
1536
4739
6470
4813
4785
6142
9522
-2783
-8946
2540
-3471
8673
-1658
4857
-1172
-5785
5410
4035
-8135
-1334
445
-8555
7953
-1423
6691
-6597
1574
-3077
6758
-4806
1111
9530
786
-729
-6969
7171
5600
749
6
-8909
-1116
4871
-6515
9849
-6047
8740
-2604
2335
-4963
-2116
-5752
-8500
-6988
438
-5374
8103
5608
-4168
-509
3253
-2037
3880
2200
6101
-6404
-1433
-6150
488
9329
4923
7298
8668
-8464
-277
-6098
2810
9176
-5038
9274
-6664
1283
1558
1667
6533
-4436
-8794
4069
-6184
-5006
-7913
3725
-7988
4309
-7593
2394
1910
-5159
-6179
3063
-8194
8677
4874
3085
-9150
7221
-7671
-584
-996
2808
9899
-9995
-2419
-3646
-497
-5765
-1299
-1404
742
6251
-7888
-9864
7903
-1516
4221
9913
-1623
835
9964
6367
-4504
2458
-6122
-2175
-185
8622
-7837
-3843
7888
6237
-1533
-1893
4589
1634
-7641
-90
6267
9889
2736
9754
4816
-6470
-4673
-8006
3982
7080
8315
2838
7220
8519
3514
-2540
748
-4694
-6515
-3209
1337
6390
7849
9555
-2803
6582
6512
985
394
-778
-1519
-7112
-9502
6883
3849
9435
9501
-733
7761
-7434
1728
-7577
-3376
9483
-9979
-2156
-4678
-3101
-5687
3500
3671
8175
4795
-874
4209
7847
-5009
3760
1480
-8498
-2636
8254
8683
-5161
370
-9417
4224
-4208
6186
683
-3792
-6050
-9081
9754
-3197
-4576
5391
-4094
-8711
-7100
-4359
20
809
5216
-5634
1953
3159
2978
-9256
5523
-916
-9462
-7863
-2362
-1494
4835
7100
-245
6207
-7861
-5014
-9157
-6199
-4320
-5948
-4892
-862
-7755
2824
3347
-4120
-6620
1755
-9284
-7171
1228
-991
9047
8947
-82
-1937
3036
-9344
-6057
-1148
-1792
8867
-5514
1874
-9628
1453
-8505
1450
-8543
221
-8656
-8451
-9542
-939
-7102
-4700
5825
-4458
-3026
-7308
-7794
-4747
4332
8767
3280
-501
-8906
-6380
-9312
-838
2110
7851
9983
2587
-5125
-5717
-2482
-3170
4436
3169
6883
1700
625
-938
2183
-9340
-3699
8
9584
8193
4702
-3556
9821
8419
8951
-5093
-7180
2412
8369
5659
781
-3076
-2457
405
-1109
7201
1571
-5360
-7445
416
8480
-890
6025
3222
2910
6846
3026
-9977
2300
1015
1279
-1179
-8986
7531
-3877
-6961
-7084
-9168
6199
7429
9304
3100
8540
1617
7446
4611
-2595
-768
7269
-5999
8069
-3497
2784
8827
7254
7147
9921
-7907
-5772
-9670
821
6666
-6348
1005
-9288
4546
1072
-4555
1480
740
-8764
800
-4499
7623
-3575
6862
-5624
-9296
-8925
2203
-287
-5682
-9834
-1540
3737
535
-7745
1744
2036
7028
-5053
8218
3579
-1338
-8188
7064
-6278
5629
-2238
5709
-4178
-399
4759
-4574
7977
3125
-7609
506
-1811
118
-2563
-7956
-4721
-9414
8279
1538
5869
4433
-4193
-1763
-9380
7370
-7823
8758
-8469
-5798
-7278
-3343
8506
3621
7347
-9768
-7871
4148
7892
5049
-2212
-1247
8455
-6687
-3360
-4630
5607
-4341
-2343
4890
-6864
4251
-3409
-2556
3560
7394
-916
-2828
7006
-5757
-9159
1442
2790
5471
7157
3102
-288
-2220
-1667
-367
-4809
-2449
1920
5725
-6221
5299
3845
3382
-5854
-953
-8583
-2764
2563
-5241
-1363
-367
524
5524
-5504
-1933
6102
-5845
-1413
8332
7139
8727
9021
-6506
1126
-9091
3011
8251
-8576
-2781
-8754
6507
-9481
6334
-9675
-7539
3882
6082
-995
9137
2182
5897
-6019
-4375
9882
7889
-9891
-8418
-7596
-9847
6582
7920
-9552
4416
5021
6607
-4260
-7794
-4858
4171
8467
-7658
-3090
-2057
-6916
-5969
-1040
7039
-6113
9557
6650
8470
-6862
-6474
-4304
1821
-370
6951
8599
-3731
-1866
-1779
-894
1842
-180
7101
-5335
-8375
-9026
-1378
4882
-1650
6451
-2721
8793
-3040
735
2478
-8951
-2138
-4198
-3666
-6317
-1374
-6638
-9655
-9448
-8746
-8502
9628
-6523
9578
-5041
-5523
-7258
-5252
-9855
6247
8448
-4160
-3499
-5524
-3362
7623
4352
-8915
5958
-807
8917
-2916
6147
1549
-7460
-1628
8493
9764
-2721
7704
-1009
2349
640
7827
5334
-8273
-848
5515
-7137
9541
-7303
1120
872
-1440
7602
6276
-6272
1994
8477
-1964
6238
8965
-2225
869
5086
1878
-5249
-3264
-2090
-8965
2236
3606
-9047
9106
-1478
-42
5899
-8686
7124
1461
4409
-5528
-5084
-7258
7148
-1721
492
-3693
-8534
8832
3044
4505
2626
2867
5110
6856
0
117
6785
-8552
7753
5759
9310
6797
3437
-6953
9389
-1687
9352
5438
-1137
8782
9974
854
4551
5327
-5224
-8130
640
-9124
5515
-6141
5532
6126
239
4988
-7654
3606
8744
-5435
4762
2872
607
2194
-346
-8331
627
-5622
-338
-7347
-1466
5570
-5840
9637
-5226
-934
8568
-9706
-9998
3126
-2222
7222
788
-8631
-238
3935
4604
980
-5873
6726
-3274
-5383
-3228
6878
8770
-2049
9602
7658
5787
7113
6458
-4163
2257
-7802
-3639
-605
3896
-2546
8682
-5148
-7880
5055
-6212
2988
2862
9599
9646
-8696
-2145
7922
-9484
224
-3297
3379
9517
1222
5356
-3907
-3450
824
-691
1374
-2622
-4880
-6173
-6935
9334
1014
8083
-3707
7572
-5597
241
5352
-7372
-68
4845
-3950
-4783
-8349
3248
-2616
2521
-8264
-3387
-9713
-1620
2797
-9998
-1438
-5024
-5019
-2241
-766
3174
4179
-7387
2802
6873
-1652
8363
861
-7561
-8958
2420
1455
-1211
-5064
480
-4349
-9779
5057
9817
-1094
5797
9517
-7864
8729
1863
259
-2925
4801
-4241
-3946
-5316
-5979
152
4796
-8742
1167
-9518
-4185
-7602
-8562
1891
3394
-4501
5483
5023
-4815
5242
-3286
-7990
4172
-9065
597
-4468
1049
-6823
4641
-2348
3950
-1339
9571
7526
2149
6878
7020
2732
-6902
-1477
-4041
9287
8220
-3877
4700
198
3946
-886
1780
-5983
9683
5625
-3082
-3773
-7657
3980
2891
-6156
2246
7076
9243
-4719
-5058
-519
6748
9821
2335
-8481
-5177
1804
9873
-118
-4058
7829
-4664
1774
-4087
-4932
-2716
1959
1639
-8650
-5278
-8010
4823
6947
8112
-1684
-6310
-2290
-8676
-9786
-2817
9834
8003
-3497
5754
3256
-8951
8633
-2302
-8081
-5981
7228
-3858
-1142
-323
-4154
-2210
-6720
-2795
2329
-1970
-5387
9471
-6074
1769
-4219
5407
-7739
-4082
-1174
7619
3909
-7805
5261
3742
6430
1599
-8104
5477
1169
8274
1875
-8146
9726
-5691
-2312
2732
339
-7679
7495
-5784
-5967
-8294
-5239
5303
-721
-9893
2096
-3162
-6342
-7128
-2256
988
-8447
-4407
-4650
-3116
-1097
-6434
6797
5898
-752
4794
5800
9842
-3727
-102
3252
-808
5865
6832
-7186
-5627
9196
5145
8430
398
-5878
-2024
-8585
7809
-4296
-7280
-3145
-5598
-206
-2780
2631
6707
-7192
-8015
-3202
3330
-8771
5406
6854
1034
7336
7855
9234
-4673
2494
1121
-5126
-9749
2434
-4404
6445
-9909
110
1997
-4230
-3449
7391
-2644
-1212
-1536
-295
-9683
-7105
-5672
-3278
-6838
-248
-7178
7991
1288
9776
6512
9580
-2201
141
-6523
4129
-5846
2233
-3880
9184
-1445
-6267
3214
-8996
-2395
-1333
1239
-2483
-3919
-2750
5676
-6426
-8672
-2859
9351
9253
415
4260
4666
7659
9723
8139
7994
7992
7211
8297
4614
-5615
-2735
8164
-9523
7205
8150
-4881
592
775
-8706
-7282
-9883
-1685
6301
6137
7019
1589
5513
8551
1833
9707
-368
-3328
9593
-3218
-6022
3527
-3330
-9974
6011
-3235
-2175
-3783
7958
-8713
5395
109
-1806
-5592
2021
7933
-2359
-9705
-6273
-8993
9274
-5482
-6854
7231
-8867
-3799
2717
-5817
6948
4116
4049
2843
-7390
9822
8387
-7640
460
6826
-2850
-960
2429
-8578
7732
397
7137
-1678
-8377
-2994
848
3280
-5767
-3789
-2460
1038
-2163
6611
-3698
-9202
9787
-8037
898
2718
6475
-7956
-5060
-4551
4397
-4430
-6030
7026
1383
9664
-3773
-5938
-7682
-3870
1161
8036
-7024
4109
-1841
-9318
-4341
-8021
-1179
-7482
-4145
-4959
-1281
-2931
9015
9512
526
7607
-3509
-2115
-1933
1967
-5012
-1942
-7348
9709
-9566
7933
-9471
3054
5769
2012
-5728
7071
-996
6420
5957
-4128
9896
4575
-6171
-602
-6584
8308
-7803
9182
-6489
-5382
8463
9702
-5400
8620
2081
8659
6644
2060
5605
-449
4995
4592
8892
8231
4629
6203
8764
8999
8298
-792
-6706
-5276
-2293
4354
-6731
7530
5693
-6183
-983
6087
-24
-5587
3168
-6116
6061
4202
2701
-5972
-5804
5369
-1239
3205
-6091
-327
-7126
-8324
1088
-8834
-7642
-1234
-1473
-1057
1123
5048
-1344
7053
5966
5373
-8084
-3452
1774
-2260
4003
8070
4148
3089
8164
-4706
5404
-4455
-5478
1816
4958
8558
-9699
-2846
-303
-413
-4062
8660
-9772
2560
9209
-673
5156
1287
-6143
-8015
-8163
250
9744
9055
-5957
4367
-6134
-895
-5625
-1898
-9766
7806
-5920
6536
2594
9776
1474
2145
-506
1588
-7058
3544
-3043
-2702
1155
8026
-9054
-1146
9765
3354
9351
5668
2307
4557
5448
2642
179
5606
6320
8788
3936
-7106
2673
6870
6452
-4713
1883
8041
-7810
7181
-3121
6519
-2107
4479
1165
8264
-6888
6479
3730
-4042
652
2376
7552
-253
-9772
-2878
3937
5458
-6352
2547
2605
-9852
7565
-6914
-6237
-7430
3079
-3456
3700
199
9760
5229
1682
1397
8840
-4303
8893
-3936
7144
6246
-2130
2722
-7963
-1203
-6094
-460
8023
9047
8608
8575
-1199
1153
6775
8471
-7228
-531
6606
-8831
-1143
8022
-811
-4739
999
-7967
4712
-5272
-5750
-331
-4350
-456
-3285
-4626
-8211
-6634
-5800
5087
-6542
-8656
9888
-9428
-5313
-8810
-2504
-9297
-8093
-6109
8055
3803
5195
6114
2725
-7480
-3085
-3976
-2981
-7154
1909
2854
4753
-8516
-8356
8078
-598
638
-7967
6674
-4336
-7894
1763
-4908
7694
-9634
-9089
6349
-7935
7243
-6996
9494
6439
-3802
-1504
6416
891
4159
5539
-5870
4824
-6822
4067
-7886
-8882
-5283
1690
-7837
-1889
-7750
6984
487
7976
-6233
6937
5131
-8835
-2010
6532
3818
-4754
4053
801
7917
-3309
-1073
9219
-7189
-8641
-7197
6097
-2596
-3317
-5457
7695
8738
3102
6296
6648
7364
-2204
7201
-9701
-5982
-6590
-5305
-9044
-5588
1203
607
-7881
-9669
-3007
8306
8422
-8293
-5294
2660
-9244
-5379
9221
5522
5215
2074
-820
-4534
-8137
-8929
6688
3331
-3645
9275
8349
-4396
-1032
-1328
-9143
-9824
-282
-1397
-6349
9566
-1167
-8207
5075
-3960
-5597
-7464
-4259
-8563
5846
-1546
4833
8547
9320
9802
9365
1364
-8499
-3418
7145
8758
-4324
8317
3244
-353
-8189
-8025
6514
-4383
9525
8982
-109
-4442
-1638
-1882
-9788
6307
6765
-8366
2638
-6300
-7846
-1036
4978
-886
-9318
9815
8256
-4836
8036
7391
-6628
-9733
-7733
5383
7552
-1929
9278
6188
-6338
-4945
4732
-1249
-5071
-5411
-6513
2457
-7264
3141
-8997
-5010
5752
9508
-1820
4908
9566
4402
8392
8530
9017
8023
-7694
-3028
7905
-5733
-5699
9400
8011
-5494
-9466
538
-6935
6259
2629
-3402
-4042
-5851
-3591
1895
-4360
-4922
2815
1826
7604
9980
-4399
8570
-4415
3402
-2344
-3941
-8890
7090
3314
-9945
8619
4606
9928
-8765
-1098
-3965
525
3845
-5387
7611
-7910
7779
-3195
6245
-4716
8907
-9166
-5437
-709
-3775
666
-7920
534
2109
6707
26
-8989
2649
-3129
4332
2234
-4878
5892
607
4769
5032
-9416
2
-1221
7087
-8806
-4254
253
6123
-6505
-3988
-7827
-5856
2358
4815
-5125
692
-1793
7557
9316
-3750
949
-4745
-7006
-8153
-4520
-8581
4196
-4290
-8223
-1251
5399
-5361
-3761
7126
-9907
4333
3304
-3932
5478
7892
2056
2940
6477
6202
-8987
-9255
2148
-7971
-4435
-1471
-8434
-7888
-2533
605
-9430
9131
4474
7537
756
8071
3974
-262
-5296
-2578
-4989
8570
-415
6136
-2035
-3045
2378
5894
5943
4574
2502
-4780
-6257
9417
8867
4887
-9529
-8659
-643
3644
9929
8703
2209
-9071
4306
-7957
6434
-7334
-1269
4334
7197
-7224
-909
2066
-2006
6614
-4797
-9148
-5493
-5245
-2136
-1063
-3450
7472
-9858
-3867
-6573
-7258
4793
-4042
-832
-1781
-3153
-4976
407
7085
1514
-7226
-3044
-2058
-3662
895
-8878
2143
-1497
9661
-3344
6253
5114
-949
-8282
-4754
9379
9835
4402
-8841
-1893
2282
9824
590
4667
6580
-1940
9041
4828
8145
6678
-9490
-5727
5388
-713
48
-590
-9323
-1857
-9896
4213
-7552
3486
-74
6270
2670
-8758
400
-9208
1550
4338
-4339
6009
-9258
3151
-479
2628
-51
-1248
-6827
-8451
1716
8062
8373
5276
-254
-9947
-704
6875
-5935
3506
4033
9037
-4977
9765
7808
4184
5001
6191
9934
3459
4773
6782
-2679
1598
-3660
5872
-6747
2677
8561
9132
-1926
4951
4568
1282
4584
-9666
4416
9129
-6898
4778
3077
-9695
2661
-5229
-5443
-3756
-8363
682
-1701
-4919
7069
1348
4540
7226
-6596
9030
364
-5918
-2091
1419
88
3415
-1340
6486
3724
2994
-4345
-1898
-9027
6306
9248
1641
-8719
-7513
-4054
7113
-8039
-8866
-7780
630
4413
-6741
7540
-5077
-2240
-7558
8840
-2821
-5552
-8707
-9480
-2906
6152
5587
8280
-9970
8548
5587
-4679
272
-4328
5051
-3097
1595
-273
-9658
-9202
1374
761
5104
5649
-4438
194
678
-2580
1086
-9057
8462
8195
-2515
9980
2182
-4259
-209
5168
-5965
2723
6804
-9975
-1146
1315
-6542
9151
-4964
-7694
-1102
1235
5980
2043
4497
5265
7833
2445
5072
4261
-6820
-8479
-9094
-7963
-6020
7573
-4105
-408
-2678
-8689
-9346
6107
-394
4225
-4
7786
9817
7061
-9099
1329
5031
6087
6674
-2359
453
-3784
6118
-3948
-6228
9826
610
-3339
-9152
-685
-943
3416
4679
6801
-6116
-9981
-2153
-1642
-8837
-2815
9334
9035
-7307
-1483
3474
7540
-1871
969
5214
1223
-9219
-7655
-3093
9904
-7816
-3006
5673
8167
-4161
-8874
8280
7762
1406
9204
6561
44
-4265
580
-1743
-5585
-9202
-2439
-4539
-3393
3980
-4874
1238
162
8115
-5859
1885
-9369
-1373
-4844
-5230
795
-8515
-4806
5138
6275
-2087
4885
-4482
5422
-1998
-5318
3314
-4809
-8746
-1101
9531
8746
556
-5018
5787
1041
-9300
7398
-6017
1641
3795
5012
5372
6387
-1328
3284
6320
2896
8098
-9462
1995
331
7730
2894
-4635
-4934
1198
-3128
-3225
3482
5632
4749
-6648
-9454
6773
4221
3406
-6943
2788
9234
7933
-703
5077
2172
-8335
1242
1970
-4436
1773
-3672
7266
5420
-6996
-871
-8004
-9653
5412
-7095
-3887
1314
-2958
4673
9932
-4560
4502
-5187
-4714
-4159
-8710
-3386
4434
-7570
-3260
-6051
1897
1885
-8706
4408
-6919
-5734
6682
2774
-2234
-1179
8312
-2330
-454
1657
4270
3004
2870
1196
-4439
-2932
708
-8345
-7969
-2828
6563
-9091
-8723
-756
4557
-7902
8582
2235
-5693
-2005
5842
-7351
4209
6937
7071
-6523
-1218
8799
-7177
1819
-5066
7208
3800
7869
-2529
-289
-9601
4738
-5948
7886
4607
6608
-5848
-2037
-7011
4203
-9690
-3138
-3006
-6755
732
-5037
-7992
8293
-351
-1097
-1283
156
-9945
3077
5805
-2382
1373
9577
4106
-6779
3422
-4752
-302
5322
-518
9462
402
8969
-4080
7246
9210
7548
-3674
-4384
6814
74
6969
-320
4173
-4156
-27
4772
6002
-7902
-2353
-2636
1881
2302
6911
5051
-3791
-6103
-6227
9420
2104
7487
9713
9357
-7298
-2861
-4866
-8537
5135
-1012
-7799
-8004
735
2392
-9790
-2595
-7887
-755
-3052
-1956
6973
1607
-8721
-8687
2268
-6916
-986
-5769
5260
5187
3650
5276
-2887
-5236
-9888
-2414
-6680
-578
5417
504
1599
-2847
-2227
9672
1596
-2338
-1211
-3837
-7735
5510
9478
7545
6647
4108
-5616
4383
9080
-5537
7865
7696
5698
564
-92
431
2986
7545
5253
-4652
-1405
-7025
303
-7535
-9797
-5196
1526
-7839
4873
-816
-8973
3570
6148
7083
1978
5216
6473
5720
-7545
-3280
134
-1516
-2304
-5391
669
4306
739
-5501
9154
-1424
-8325
-8753
7863
-3132
1971
498
5388
-5294
-3599
8972
-3316
9975
-8632
-33
7629
4431
-6510
8458
4740
-9468
1521
-7720
-40
-5199
4067
-2366
-7129
4685
1574
2696
-3182
-11
420
-2489
-4186
-6873
-9434
4821
667
6911
-1470
-6854
-7866
1681
-6104
4515
-2482
5525
-5848
-3295
6860
1072
8701
5788
7161
-692
9905
2533
-5027
-9777
9970
-6681
7462
703
-3038
-1457
5506
-2646
9232
-4978
8159
-6015
8405
-3818
9763
-8057
-554
7233
1923
-3877
-2088
3059
-2510
-3570
-7383
-9327
3040
-7888
2216
3526
-7286
-672
5839
3336
-7557
-6458
-446
-295
6969
7794
1335
5601
-6221
-8121
2645
4105
9694
-1388
6430
6510
3018
7462
-2987
5129
-2394
-7849
-8860
-1334
5955
-1714
-2983
-7341
-2380
1229
6089
-8171
9631
-6415
-7095
-7388
921
-1724
7320
-8107
-6794
-9867
-284
-8966
816
-2177
6922
-8606
7588
-7714
2529
9173
1956
-6632
-4387
-6445
9026
4022
9194
-4147
4888
8892
-756
-5555
6675
9530
-2003
-2866
-3821
1173
9072
-9431
-9900
-4988
3986
-2155
-8580
2073
-5538
7921
-4552
3253
-133
-8618
-9052
-6405
-2057
-9577
3183
3446
-9367
3947
9131
-7493
5993
6425
-3551
3898
-8757
6229
8201
3048
-7376
429
-9967
-1776
7907
-7651
-8038
7075
3687
1061
8132
-7147
-66
969
855
9567
-6255
5856
3475
-3065
2700
1296
7026
3096
5461
-5234
9307
792
5578
-8227
-3590
-5844
4681
4497
-9493
-2250
2929
4570
-4159
3471
2935
-9009
-5414
-1639
-5947
1328
-8657
9679
-2124
2817
1050
-9264
-2071
-3434
-9158
7168
5359
9645
-7765
6178
5975
-7775
-7632
-7681
862
-8608
-8078
-8071
5558
-1849
-891
-7527
1119
-2778
-483
-8258
-9704
-2168
-4227
-6304
-4371
6237
-1592
5599
-7783
2002
-2437
5037
9625
-3320
6922
-4521
1588
-4364
6171
7795
2499
-1309
-8970
8375
1219
-9839
6645
581
6307
7883
9802
-5682
-5540
6971
1019
-6680
-9377
-4930
7441
-5447
4331
-6081
-9926
5529
536
9708
2698
7092
5638
-7516
2672
585
3687
-3637
-951
4105
3347
-9657
-1273
-9104
-4053
-8825
-3157
246
8746
-3134
-664
-3855
-6338
-6134
6627
-9232
-5299
7621
8963
-3857
3295
1027
-9324
-1840
-7321
-2731
-710
-9751
7280
-4971
-1408
6288
-109
5969
9369
-7428
-780
5815
5109
5477
-6488
-8753
-2027
7182
1708
-8737
8960
4445
8004
-1060
-1942
6420
-8288
6944
-4998
4571
-7820
6623
9473
-6169
8965
4805
-890
-1862
-1703
-7564
-573
7873
-2106
-2178
-6572
-879
1982
3779
3507
-1572
4615
353
9892
-6639
7090
-9540
9696
6791
6854
7706
-8475
8550
321
2993
9454
8630
3519
3976
-8680
6642
7290
3202
5849
-4417
-4192
-3701
-8765
-156
2063
4423
6916
3668
-1113
-7997
-6140
321
135
-9503
-2743
-8475
7084
7331
-4044
-6057
1119
-2759
-2251
3298
7918
-4645
1244
-1624
-2929
3738
3780
-7431
-6707
-4693
-8031
7273
-5334
5166
-5536
8066
3625
-5818
-700
-2257
6558
75
6562
-8900
-3510
2742
6565
-6955
-2171
9273
-9871
5052
7730
5504
4552
8636
-2621
9338
1355
9768
-7233
-2275
-4926
-5531
-1559
-3766
-3420
4836
2551
-6433
-7767
1517
8060
-9726
6302
4603
-3713
-6990
-6916
1751
-5236
-4421
342
1952
4510
-8870
4158
-8826
3572
-71
935
-9446
6132
-2511
-2221
3406
-4723
2984
8954
7809
-2602
4473
544
-2368
5986
-926
-4117
9808
-9499
-6597
2369
3483
9175
-1062
4755
-6451
-3731
6819
5445
2552
-358
1438
6938
-256
-7648
5422
-4555
113
-7133
-9851
-1335
9898
7336
5390
8690
6916
-5607
-1651
-3909
6774
4699
5409
8303
-6734
-4357
600
-4815
9454
-7017
2269
-8867
8121
2068
1233
-1628
-7551
5129
7083
4751
1135
5960
220
1221
6534
-957
6630
2492
-1405
-364
1970
-1103
-6278
9754
-8725
-2574
1736
4240
-4233
-3576
1983
-604
-5985
-4262
-6696
-8142
-7057
-564
7265
6064
-1607
5748
-5408
-1550
6874
1336
-207
5150
-8996
-654
-3088
-9408
1834
-9485
-3587
5556
-5650
4778
-3757
1659
9436
3109
-288
-4578
-8072
7507
-1511
-3118
5516
-875
6665
3678
8933
4251
-2896
8778
3726
-8748
-2626
4442
3732
-7207
-9568
-5649
7111
-663
2054
3766
-4512
4635
4861
-3889
8891
-1584
-6935
-4470
1772
8422
1746
8375
-4001
9067
5793
-7593
-95
2329
-3544
-8134
-1015
6689
8179
1366
2882
6527
8265
1651
1123
343
2631
8879
5271
9301
-3005
-6667
7763
7706
1006
7278
-7001
6203
78
-9734
7013
-2220
-8305
-4176
-7987
362
7512
6896
-7570
9935
-7783
-5845
6211
-8914
-9941
-8166
1231
-6438
5890
-8603
8633
-6376
6662
-9804
9973
7091
2881
979
6645
-7524
2495
6927
1148
-9404
881
-5674
-4884
6610
-8926
-6330
-6343
-6725
3514
-3678
-5141
-8217
2470
-8594
-1489
-1480
-6431
-5859
7166
-7388
7717
-6134
2950
1182
-4928
4534
7903
-1831
-1107
9614
1779
8886
-5315
9588
-1087
-3523
7141
8842
7358
-5336
3631
-1935
3661
986
1709
1314
2281
3119
-2803
-7951
-7279
8611
6476
-927
5764
-6978
-1281
-4118
-4642
-15
-6261
680
-7373
-575
-9506
-8479
-8906
-8157
-2663
1472
8223
9822
8919
-4129
5174
-3324
-6072
-3435
246
-9564
-8149
-7821
-2569
7273
-3218
4320
8442
-3419
4492
6923
9495
-1449
2469
1438
-7736
-9087
-5852
-7460
-6525
5503
-1430
9554
-3140
7017
1403
8302
-6848
-6883
2730
6696
-8766
6406
5057
5722
9951
7844
-1331
-3739
-7518
-8801
5462
-404
-9123
5880
1509
5727
-1452
-554
-2126
-6454
-1873
-4124
8399
-9683
3055
-3813
5980
3589
8238
-8867
-2343
2920
-9028
8608
7174
-9067
9293
1569
2293
-7391
3863
3654
197
-4568
8497
5562
8166
1930
10
-1377
-7258
2907
-5155
-8696
1984
615
4317
-2575
-6338
-7935
-7035
6794
174
9257
2995
-3465
-1138
-4236
7926
4142
-5142
-2276
7366
-549
-8813
-5463
-7425
9135
-7282
1511
8831
1516
-7558
8642
5388
3219
7421
2625
-573
8588
-886
-1087
8019
12
-3747
3590
9855
-7996
-3255
-4125
-7853
-7142
-6428
7066
-4134
-689
-4680
3667
8199
3737
-2129
8807
-3194
8213
-7816
-1935
2440
-5124
-1859
-1247
-7793
2647
8823
1885
-6523
-546
9851
4771
-9691
-268
-9971
3311
-7557
-4636
1073
-3862
-7045
-6005
8167
-8553
7464
-67
9556
5565
-3647
-310
6557
7291
7354
-2504
3227
-3151
-8120
-443
3568
-7427
-9866
1574
-3598
7570
-2237
-9576
8036
832
1857
4430
2026
5435
-4648
-3404
7024
1119
1255
2245
-1042
4622
-1767
963
6837
-6973
-7663
4057
-6256
6418
-8625
8747
570
-9905
1983
-6997
408
-5914
-9551
5116
714
7885
-4642
3609
272
7203
4362
8051
-6414
829
-1891
-6629
-9310
4623
642
-3269
1539
-460
7516
-8790
-2740
9458
3371
-9842
7615
-3613
104
4894
5806
9419
-8498
3690
-8086
3024
51
5296
859
726
-4933
1185
-8099
-3352
-9707
2825
9003
6780
-9929
-2187
-7912
-8536
-117
-8877
73
3888
5615
1224
-247
-3237
5822
8568
6375
5122
600
-1811
-2312
-2652
3562
-6035
5624
-5799
2990
3401
-2547
2070
9654
-9714
9577
-451
-1774
5545
1891
-8245
744
-9435
-9675
7784
-3917
4017
-5574
4634
-6531
7087
-8137
4173
2574
8766
2950
-1180
-146
1227
-518
-2299
-5889
6201
-94
-7988
9281
2215
-902
-2656
3993
-1927
2503
-9872
-1044
-1955
-2706
-2869
-2908
9592
4772
3629
-6636
-6566
3417
-4231
-8529
-6280
-8938
7109
-1870
-9609
1383
-9673
-7720
-7923
-6752
9522
8255
-8625
6321
-4430
-3433
7380
3861
2075
5089
-1125
-9565
-1027
3779
2907
-2820
5350
-5128
-3941
2475
4602
-9091
2758
-720
-9380
5787
-9938
4435
-4074
-4250
3842
1250
755
-9019
-7044
-5958
-7819
3908
3668
3141
8265
8441
1594
-2865
3260
9440
-955
1759
8934
-4070
2740
8759
-3180
8017
-1306
8654
-4397
-1725
1039
7224
1306
-7201
-1300
1405
5279
5521
2684
1222
7585
1400
-7782
-8034
-6310
1976
6547
-3792
7622
-7492
6721
8043
7168
2048
8456
2066
1805
-2934
7421
-2536
9409
-7035
-9893
2728
-8616
-6819
146
-6098
8836
-2408
3446
-1106
1391
-3458
-1601
5074
7139
-7334
5388
5742
1049
-2903
8006
-6650
-3876
5116
2439
1077
7483
3746
2491
9267
-4515
-8666
5041
1741
-8748
5295
8224
7141
2702
1438
-6878
6118
-5648
1812
-6402
-5542
7691
8706
-4901
-9122
-3122
-558
5946
-4476
-2718
6603
279
-5368
4486
-2888
5234
-3855
6303
-3447
4906
6611
-4196
5966
-9365
-4988
-1274
-9594
-3390
212
-4028
-9102
-2588
9052
2907
7393
-4551
6623
-2335
2153
-4026
6228
-6353
2291
139
-5839
5315
5694
5653
-6065
148
-5154
-9651
7231
-312
-6529
3630
-7042
-7306
-8452
-2334
2980
9218
-7559
4883
4718
2616
3690
3662
-2142
1145
8335
-6995
6359
6802
-5578
-460
-5306
-2947
-9444
-6404
5502
840
3572
6681
6705
3972
8997
-8822
-4321
-3649
-4117
-8048
-7468
-863
-7546
-8556
-6554
-8197
-7801
5398
-2627
3104
5003
9829
-1437
-5420
-7406
-7627
-727
9546
9349
-7809
4015
4782
-8595
1162
-7428
-8732
-7866
3530
5523
1966
6824
-4036
-4733
-2209
1338
5146
-3488
-7202
6436
4130
-26
-4211
-25
5622
5716
1674
7047
-805
-3951
8529
-6815
5048
7521
-4308
-910
1786
7206
6979
-9396
-9811
2467
-2419
-8923
9703
-5723
-4428
9748
8423
728
-9573
3051
6043
-6871
-8366
-4254
474
-6292
-2258
7943
9536
1557
-7184
1703
-4032
-5460
9254
-3082
4026
-1859
3986
-8831
1431
4069
-1281
-9609
-8127
6300
-1624
9029
-6932
5750
3045
-2085
3583
-1313
-3238
8867
-2665
5666
1600
-4184
-7894
-5655
-4518
8231
-9462
8973
1858
2522
6382
-7791
3064
-1068
-4490
9771
696
-7024
-2293
1758
5479
-1519
-9130
-3833
-1147
-6248
-114
9665
4205
1460
7101
5767
-9982
-861
1613
950
2770
-9960
183
-803
-5020
-7424
-127
-4300
5607
1655
-3016
9723
8554
4220
-3510
-6012
-1834
-8764
2126
9196
-297
-5192
2367
-6341
-3635
-9098
740
-576
-4168
-193
-6089
-9283
8783
3483
2034
7491
9180
4140
8273
6044
-4961
4647
7520
5689
-6542
1830
-322
8665
3808
-8908
-2440
-154
4119
1882
-1641
2233
6159
5541
-6391
-3878
1376
-3736
-5441
-177
1672
8551
3775
3872
-3484
5053
7951
5923
6319
-71
1235
2072
4661
-5124
7
-4128
-3326
-5061
2583
813
-9180
2491
-128
-4150
2313
7033
3661
7636
3702
7271
-7392
201
-7099
-9472
-8776
-3483
-2331
-3133
39
-6867
-5282
8641
2482
-8907
-7215
-6235
-1895
-3521
-7634
2281
8586
6432
-7700
7378
3073
-3767
6837
-6013
6555
-9345
-2896
5833
-8211
9333
5514
-7372
-3486
5708
-6826
5364
3467
-2617
-6092
3607
-7294
-9718
-9431
-4739
-637
4619
3814
6301
1019
3910
6134
-3223
2005
-6221
5285
5957
4849
6147
-4221
2610
-6705
-2188
947
9785
-9827
7466
5648
-1215
1142
9700
3613
-958
-6470
3731
-6706
2032
3408
-1779
-5854
-7604
961
-112
-1564
3887
-9832
-6062
8524
2692
571
2166
9146
-8914
-3587
-3101
5086
5524
1947
-2459
1310
-6273
-5058
9165
2007
7421
3356
-5946
-9713
1100
7227
7757
-29
2362
-9769
-7821
-545
5273
5275
-7705
-7610
-3756
5905
-1807
6072
3902
-5880
-9755
9344
-4109
3145
-9883
1462
7654
-5381
-2473
-942
1136
-5521
6922
-9757
8159
5774
3825
-5027
-5314
-2095
6201
9679
-8417
-6915
-6078
-7449
7362
4379
8807
5440
4199
4092
9539
2046
-7724
5826
4020
-5163
1765
-1236
9193
3432
-3242
4758
1212
-9332
-8007
-8648
4951
-6914
-4203
5160
-3952
9813
-3090
-4010
-6609
-3554
-7917
-9392
-3212
9876
5156
-271
-9634
-2727
-4357
-6945
-6554
-751
5874
8973
1089
-5544
-5879
561
-1777
-3531
9943
2420
-570
-9677
7859
-9864
-9196
4810
-4427
8926
8829
-660
3218
-6450
4541
9219
-1454
2521
8478
-6712
-6127
4210
-1450
2019
3872
798
-6771
6287
6462
4146
1413
-7060
130
3226
-4727
332
2573
-2695
8619
5626
-3566
-2412
-1228
-2353
-3855
-5310
-6975
3801
-4975
-9374
-4294
7912
-1479
1108
-7389
3271
-8556
6337
-421
7860
-6582
-6089
9423
9066
6429
6016
-3823
-6320
4262
-6691
-6508
8262
-2809
2213
-4899
-4163
-2504
6917
8865
-741
1305
-2038
-9032
-1079
-1575
-7262
2428
8409
-9821
-9023
9871
8265
1742
-7028
8708
3283
6406
-7569
-230
3196
-6582
-4799
-8478
-4080
-6403
-9768
-209
-67
-1919
-4703
-8267
8061
7511
2173
6981
-8485
-4967
-6829
4315
-2963
-501
-9998
7459
-6199
8134
5387
-9007
-8595
8446
628
-9234
-7932
8675
1577
-7900
2746
-2911
-7229
7573
-3974
892
-3992
-3462
4437
1066
-9108
7533
-6075
-1109
-5003
-9287
7114
-2454
588
1758
-2125
-2850
1591
7263
6005
-8536
8520
9013
7512
6833
2889
962
-997
1126
8791
-7103
-2473
4117
3227
9798
6678
7569
2793
7026
5483
5324
-196
-2805
-294
-1060
7625
-8326
6247
3242
7305
8766
-5669
-7536
-1907
5596
-7460
-5621
-9537
-7493
-6289
2855
132
7123
-7516
1883
3396
2193
8110
-2664
6132
-2979
-3621
8479
3751
6471
639
3445
2345
-1390
9673
8763
773
4379
3140
-2351
6481
-2184
-542
-7541
8860
-5264
-3269
3514
-8792
8563
8090
2775
-5516
2629
-8887
8533
-58
-2943
-5356
9352
-1681
4644
9748
2794
9947
-1527
-7340
8096
-9365
9439
624
-6863
202
5532
1041
8207
147
-3373
-5763
9737
4973
1400
421
2183
9547
-1021
-5454
809
4310
9464
-1608
-9057
7549
15
-5235
-472
8669
4214
653
-6350
-268
-7901
336
-8507
1996
5687
3618
-9304
2882
-6813
-782
6399
6617
-6390
-8946
-3934
-6031
1708
-725
5312
-9035
9662
-4869
4799
2073
-4769
-5204
2513
9551
-5835
-9133
1399
-5385
-5109
2709
-4857
397
-5036
3519
6588
425
3863
4066
-1634
9735
-868
-1920
-5423
-8377
-6215
-8193
-6744
-1909
-890
-6518
-1273
-6646
-5087
-2998
8071
6435
-2377
-6537
-8774
-3957
-9357
4829
-9801
4686
8817
-9352
9342
-9326
3321
7261
5246
7293
5715
5087
-2603
7058
-7608
5895
3277
9687
-4218
-5265
-8858
7897
-5208
5511
-3727
4505
1512
-2316
6383
-3698
4333
1438
-4142
-7266
-4945
5629
2584
-1702
-4187
-8990
8156
7317
-3290
2640
1159
-8318
-9592
5592
-7284
-4249
182
-8038
-4780
7470
-3955
8224
-7211
-4222
5665
-7445
2870
6629
544
3625
-7804
4357
2741
2896
-1290
1932
3074
286
3470
983
795
-5595
9547
1748
-5434
9057
4684
-2262
-4483
6143
2717
3956
2904
-7760
3414
7462
8343
2591
-9643
-8090
-2848
8811
-4735
-5329
9410
4089
-7608
4163
-8600
-7808
-3523
-8797
6494
5243
-1630
6468
7556
-2808
2611
6543
-9815
9276
-7808
-6924
5695
-4585
9357
3824
-7775
-4636
-5347
4203
4330
2570
2606
-4214
-1502
6726
459
-1454
-3977
-722
-7956
-2882
1122
-7236
-4708
8105
-7022
-3930
744
6178
9151
-3194
3391
-6482
-1007
-7697
-2845
3071
7271
-1533
8764
2266
1818
4096
1392
8128
1289
6401
320
93
-9011
-7104
6732
-7212
2064
4276
-7556
-3377
-3213
5860
-3553
-7128
6525
-7585
6932
298
6077
-3154
5883
6804
-69
-4578
-7448
8776
-7224
-2026
-6606
-2565
8615
1837
2871
1031
-2197
5206
7473
2076
-9036
6948
9721
8972
-4474
5155
8101
8481
9769
8205
-4483
5665
-290
1441
-1399
3748
-8807
84
-5899
5196
-9460
4288
669
8100
1265
5999
9029
3529
3044
-5195
-9628
2439
7643
-1235
954
1606
5331
-1114
8321
-373
263
6263
34
-5420
9608
978
-3020
6798
5918
-5082
8501
-1749
-7181
7815
8116
-2893
2652
-2669
8117
9513
6864
7511
4888
7455
9818
-255
-7561
-9852
5428
-1123
2057
-1171
2512
-3217
-1972
9570
7077
8786
-4147
-375
-7211
6887
5247
-2794
-3993
-9217
-8961
9777
-7766
3945
-4671
-6558
4334
-624
1962
-3287
696
-9751
-7922
6075
6486
-2468
4599
1615
-4486
4109
783
5823
846
-4318
9487
-8377
-8025
2112
-9163
-4029
-8832
1795
-9554
-4804
2216
-8502
-5932
3155
-527
6290
-1579
-2191
3476
8331
1152
4360
5255
-9732
-2152
-7419
-6185
3447
7143
8990
416
7031
-4853
8997
6079
100
-1116
-8184
6900
-4706
-2563
-7550
4142
-4291
4259
7672
3265
-2672
-9098
5380
6552
447
6215
-6271
-6950
3324
-9401
7843
2848
4877
1108
-6295
-2105
-5463
-6517
665
1515
6467
3950
-3371
7663
3239
-3707
2396
-1460
-5357
9269
-5350
4887
-6404
302
-9528
554
279
1027
-4467
8674
-6449
-4180
618
-388
-3367
2870
9684
1119
-5512
8473
-7588
-9872
-8525
1121
-7756
-8675
7384
1360
-7777
8342
-7024
5521
9295
5353
-6225
-6481
2725
-9131
-3567
-8432
-3573
4140
-92
-3082
-3812
-7264
5143
4727
9185
-9353
1865
-3112
-9975
-8419
-2811
2554
-3314
6068
2028
-4656
1440
-8255
-1920
-9563
4785
7596
-9636
948
-2550
351
-9435
9295
3543
-2615
-4968
-7086
3267
-5715
1358
-311
-6527
-8985
9084
2979
8257
-1456
8471
6464
-599
705
7820
-7978
6169
-5425
9822
7523
-2276
-7589
747
8459
986
-1255
-9379
-8629
9293
4731
-797
-718
-2987
-4748
-8219
-654
3007
5524
-4016
7945
-3592
3670
101
1911
-444
-6210
8809
2898
-9420
-3027
8246
5639
3570
9742
1001
9040
-6009
-9585
3329
4801
-4878
-2415
-8293
-1031
-1224
-4918
-548
-5933
-9000
-9104
-2900
3063
2006
-5206
-2962
-7204
4390
-3389
653
-3301
-5531
-5859
-6311
-1119
-2360
2769
-7417
-5738
8625
-7729
2330
-8864
-857
1271
-8
1037
2682
1734
2001
-9045
926
5064
-1855
-9691
-3626
12
8763
3466
4284
-4408
-4441
7228
1928
5209
1167
-6553
7426
-9314
8378
5214
-1800
-5601
2186
1754
2465
1484
9728
9001
-7980
7988
3266
8934
4588
-8462
836
-4189
-9434
-3486
1358
-3675
-8613
-9144
-879
1252
-1165
1037
-9624
886
4512
1815
3935
-3968
158
4106
-6461
2370
1301
9130
-7043
916
-9225
-3151
9245
5025
-8648
-2499
-2009
1061
-8136
7408
3814
-2348
4557
-2785
5412
-1847
3225
4587
3992
3958
341
-4190
-2632
6107
2259
7242
4484
4360
-9709
-2611
6410
9541
2646
9659
8178
4414
7806
3330
9883
-4403
227
3495
8606
-6439
-8615
-87
-4483
-2075
5555
1487
-7163
9139
1522
4718
2268
7689
