3015
0
4374
3018
9308
-3237
-3347
3747
-9950
2510
-1200
-7449
-3263
9762
5392
-7233
-9975
-3469
7458
-9056
1062
2926
6303
-6243
-4148
8543
796
-329
-8669
5866
-5096
-7312
-7446
6363
5394
-5008
7856
-1584
981
-3403
2058
1380
-5150
1351
8635
9455
1845
-1929
-1634
-4759
-6105
265
-1383
6597
2533
-6572
-7253
8304
-7564
3901
2975
3527
-5307
8829
8610
4270
-677
8583
3315
3272
-3803
-9968
-1361
9961
1975
8204
-6725
4401
-4750
164
-4670
3669
-5695
3523
-6665
-2078
-227
3886
-7331
-9008
1841
6963
-3705
-2368
8645
-6584
-3132
6312
-3108
-9650
5192
2565
-6562
6321
-2450
3367
-5461
-2218
-1828
-2240
1896
-918
-3740
8391
9345
-9265
-1792
-1278
2451
244
7062
-549
-7727
-9255
-8580
8870
7860
7709
6920
-3940
9037
5984
-2064
-718
-2456
2174
-2698
4290
-6836
-5043
-1949
-8194
-5672
8024
3
387
-3402
-3359
-7952
-2602
2946
-4319
-139
-5292
-4112
8860
-2754
-4544
-2892
394
7165
9093
9439
6007
7969
1444
-6070
4735
259
5801
-8533
-4496
8236
6867
38
4303
3434
-6557
4885
3842
-7074
5468
949
-7792
72
-2966
7824
-3719
-6203
693
3774
-4083
-4046
2612
1898
-860
4468
-9425
6490
-9645
-5682
-2072
4059
6614
5250
-369
-4358
1568
-1158
5236
-7936
4474
-5036
-3222
628
9123
5070
-6748
3062
0
2140
-9602
9951
-1146
2673
-7536
5522
1603
-5783
7014
6140
5657
1623
-2996
-6597
3164
-9416
4548
-7907
1231
7006
3906
-7111
-1552
6176
-7146
4751
-2675
-8318
-3545
-9628
-2593
9305
1776
-9701
3947
1712
6312
-6436
9800
-9060
-2787
-1882
3703
4338
-6365
-3555
8539
-4075
6707
-9568
5704
1955
1254
-6713
3869
-3768
-1889
-2397
-1246
-9241
4439
5460
2506
2098
-5656
-9473
835
-7077
-7523
-7242
-2398
8075
-6475
4590
-4895
-5433
-7059
3326
6825
-2127
-9808
-6558
-5899
5533
2098
2887
-7475
-1690
-3960
5323
6371
9300
-2080
-3120
4618
8323
5636
8783
9175
9221
721
-9191
-3366
235
-1723
-5384
-5673
3483
4174
6081
-9856
-4411
-7147
9536
5827
4931
311
-834
-5509
2731
-6301
9837
7534
9755
-4950
8963
-1207
6421
1963
9901
6987
-1501
-4530
-9776
-9677
-6423
-4373
4130
-9085
-53
-5119
-1175
-1599
4293
-793
3036
8693
-349
-2352
-4965
-9596
-6165
-1694
4989
2485
6503
3245
2468
-6292
-9733
8474
7879
-1750
-4570
5225
-5270
1412
4494
9510
-7827
-1133
6955
2869
6522
-8881
-1683
-2378
5768
-943
-6171
-9909
-477
-7849
9233
-9602
-3707
7420
-7379
3219
1943
2147
6346
6516
-3553
-6980
3653
9260
-3167
6429
870
6052
-1377
-2673
9960
5504
-639
-4954
-8906
2534
1425
-2569
-6665
1112
-6904
-747
-5062
-8826
-611
2395
-6293
5203
-7571
-780
3069
-4464
-1579
4372
5819
-3981
-4073
-3764
5183
-6983
8862
153
-1488
2073
7697
714
6269
4627
-5292
-3460
2776
-1812
-772
-1023
-9845
-197
6062
-6248
792
-9048
8713
-8364
-3184
-9598
-723
1005
1483
9293
-5900
4557
-8690
458
1647
-8682
-7709
-5810
-33
639
-6979
-8055
8445
8910
5889
-6862
3342
-1937
-998
-5571
-6013
-4510
4878
-1427
5799
-5629
-3687
52
7996
-5858
-3055
3386
-4126
-4723
9792
-7877
3948
-1685
142
6956
-2999
7742
6184
-2011
5076
-7564
-8515
-1477
-3508
-6846
6986
23
2065
6021
8461
-9485
-4926
4009
4815
2178
9926
9354
3863
-1438
6203
-1448
9187
3502
2923
2731
-8149
-6134
-3510
8805
6246
2849
7595
2041
-4172
1408
-2704
-9043
7175
1629
-4410
9622
-6979
-3575
3083
2495
-8569
-4892
-3570
7303
1472
-3604
-5450
-8557
1214
-7069
7907
-1820
553
-4078
-1291
9317
5697
3431
7758
3936
9290
4756
6097
5978
9611
6745
186
4753
9736
5382
8772
6505
-2386
-9913
-6615
-9293
-4283
-2680
8000
8876
7358
2632
2468
3308
-293
-1940
-7817
9863
-818
1811
4223
4179
-4406
5121
990
7605
1083
-3675
-4890
6492
-7655
4433
2789
-5001
-6768
-8504
-8718
5754
-7820
-8381
-666
-5374
5191
-6677
-2865
420
9147
2194
-9585
1314
-1845
5409
9367
8153
1023
-7195
3853
5285
-259
-9589
167
-2824
7184
8577
6106
7370
8506
502
2186
-2318
5730
8337
-4000
9643
4259
-3889
9961
1584
8368
9594
1517
6734
-6843
-1281
-5775
9323
-4523
-5457
-247
-9298
1238
-2451
3987
-3722
-5028
-9915
6564
-9410
579
8462
5662
899
-9560
8794
4633
-6305
-829
-9225
-2754
3721
-2319
-4453
4463
-526
6537
3791
5962
5632
-6045
368
1832
-6659
2387
-9582
7999
6049
-8402
-103
-5758
7649
9996
6471
7226
157
4318
4960
-5192
4273
7714
-6833
4070
7219
5657
-2464
4253
9080
-7929
7752
-6412
264
-920
-3559
8467
-7987
4075
-6487
9267
-9119
-417
2478
977
1687
7208
4081
-5914
781
-6817
-4967
-1299
-5981
-1616
-2950
349
2250
219
2936
-5554
5742
-2948
9690
4323
2999
9288
4364
5758
-298
3548
-685
-6545
8109
-6506
3604
2599
-7955
1694
6379
6311
1622
-4555
-5355
2084
5630
792
1081
1554
1439
844
-5054
4028
585
8213
8072
1475
-9750
539
-4450
6421
-1804
1444
3031
6106
-5411
8320
4843
-8878
-7774
9127
-6222
-6548
590
-934
-9402
5975
9783
5240
1736
1093
-4832
2102
-1711
-299
3009
35
-9337
-2134
-8681
5077
-7158
-8279
1661
-8056
-7636
-1901
-3947
5051
-5393
9144
-1886
-8280
9229
-4697
-6845
7266
-5962
1998
-8457
5098
-2744
-7662
5608
-5293
-6295
5764
3307
-7853
-1409
1869
1982
2889
-4640
-7462
-9852
1201
7447
-6382
9556
-6971
-6614
-6219
-5730
-7377
3706
-5882
-676
9982
-6364
6648
6674
7455
-607
-25
744
7495
-3
2564
-7713
5225
7576
-1329
3295
-8980
7608
-841
1375
5364
4911
4546
-8266
7880
-3122
6775
7194
-7314
-9596
327
1694
2146
1943
-4722
9127
4266
343
-7731
-5926
-1976
-1917
-2081
-6197
313
8543
1702
-4923
9453
6480
6686
-3301
-7294
5333
748
5364
355
1331
3765
9291
-2011
-3594
-3994
8318
5881
-3892
1229
-5023
-573
756
-9168
3354
8179
-8889
-6318
-4259
3571
7974
-4778
4672
-4398
8896
-6406
-8113
8950
6062
-2152
1731
2007
8685
5709
-5250
-4990
800
-6178
-6742
-6328
-7634
528
-5594
1716
2385
2440
9489
2328
-1159
9059
-5095
-3805
9397
7838
-8790
-7205
5559
-8522
1931
-6563
8797
-1155
-3591
-6365
1860
-8243
-7515
1886
-7000
-2771
-5545
-3809
-4520
-998
-5592
-3018
479
-4482
-8042
-6440
7354
-5866
-8737
-6067
-1035
-5284
-5109
-3050
9439
-8298
871
-3037
-6185
4964
1725
-5731
-6897
-9572
5675
-918
-1153
-5082
5841
6218
-2544
7179
143
5219
4051
-6894
5780
3926
-7750
-1564
2791
-5454
-3093
-6840
7811
-2395
7779
-7639
1109
-1623
658
2798
-7974
-774
4633
-4329
3878
9375
-2091
5296
-111
-3698
-8779
-7461
-4784
1189
6145
-5148
1596
-4881
3297
-7201
-6919
-9901
959
-6743
7671
7632
8095
-6054
4763
-3954
7521
-7210
9441
6616
5582
-9385
-8600
9712
3325
-639
9402
-1154
1707
-1652
1474
7576
-6795
7946
9533
2895
-7508
-4502
-6898
8617
-1183
-455
-137
-9008
16
-6495
8619
-4484
-3533
3758
-1228
6441
4516
-7294
9823
-1027
-9134
-6001
-1120
-1690
8563
1649
-1176
-6290
-102
-7336
1026
-5635
7938
5064
-613
-6452
-6381
-8539
-6993
-8309
6975
-2688
-1120
9549
-1603
-3956
4017
-7868
3448
1848
-165
-5812
2262
5789
1189
-1677
-1511
-4033
811
5414
3657
-2563
-884
8048
352
9093
-9015
6137
4562
-4939
-2304
8140
-1741
5175
9762
-9269
7161
-4619
-144
2710
4000
588
-4121
-7087
-6813
-5015
-8067
899
4723
-7104
646
9042
-6585
4490
9037
8530
-120
-1450
4553
-5433
-1050
5788
-3217
6372
8154
9225
3692
6560
-7834
-6375
-2202
4015
-4279
-2550
-4763
-6234
7468
-9849
9276
300
-3879
-1067
-7860
-3603
-4545
-6948
2903
-7026
2406
-6199
1375
6983
8973
-5983
-7431
-6863
-5709
8041
6788
-8232
2845
-2502
-3626
-4753
5461
863
-9199
6885
-1985
5971
4243
-548
2411
-2814
4897
-871
-5854
-1566
2093
90
-550
-3778
-1140
4247
7552
-8945
2422
-5462
9353
6039
-6841
3986
-5930
-7555
-7735
-3702
-9298
-87
-4464
-6571
-9076
-8907
8810
2390
-6260
3908
-8790
6911
1078
-8425
-3152
-8041
-3221
-6194
-3242
-1838
3089
3213
5617
-7753
8264
5572
-8092
1904
1086
9578
-2842
-6605
-5660
-6592
-1366
-2774
-5218
6401
-4177
-9807
-6025
6517
-1154
2877
1317
4211
919
6223
-5848
4043
-5238
-3833
-6857
6688
-5021
-8450
-4586
-6927
-8429
9298
9800
-6901
-6292
-9105
-1084
2906
-2459
-9492
-8546
-446
2134
637
8502
2224
2420
8122
6474
-2523
-4265
-1965
4897
-7789
7818
3407
6256
5181
-1977
6500
6242
9130
307
-4832
4884
-4762
4589
1976
2031
-9618
-3698
5065
8128
-2910
-309
5427
9312
-786
-4545
6272
-4213
-3558
3018
-1834
5899
-9406
-394
9352
4913
6114
-959
7921
-8366
-9041
563
-5860
8668
4769
-2951
-1392
3683
1100
8611
316
3918
-7568
3105
-6110
3377
3029
-7658
-7337
-7767
1849
-8334
1262
6555
-4518
-4149
-9667
1181
-3342
-9114
-9159
2909
-5816
5440
-7888
278
3183
7754
1175
1183
-2240
5706
4736
8382
1991
8221
-9384
-6683
1415
-2516
5188
-2918
9118
3888
-1454
-6228
9613
-3260
-1275
-9170
-4827
7967
824
7955
-9612
7955
-9254
-1378
-9690
-129
-4634
-7316
-1323
6091
3957
2007
-5156
5764
3664
7779
8479
-8827
-1222
-3877
-5228
7109
-1462
-5312
-3842
690
6991
-426
-5260
7494
-5985
-6351
-8374
2982
7279
4649
-4687
139
-2552
165
7371
-1550
2553
779
-8128
3061
388
6834
-9494
-8858
3612
-4603
6783
5175
-5681
-1633
6296
-952
-8455
4802
-7986
-7667
-5855
-5886
-3628
-4950
-857
-6024
7273
-4748
-2822
-7805
9962
44
9886
-7677
-5440
-591
1376
-9389
-1021
8520
-6467
9648
-1764
165
-1343
3942
-5202
-2338
-4585
6173
6847
-2589
1288
6352
-2579
-782
-2197
4307
1344
-8919
8366
5788
-7734
-7255
3536
9822
-5910
2529
-3441
7774
-3273
9157
6195
9832
-9067
-3383
9359
-8046
-5513
3421
-3123
8281
-1990
-4185
7832
5561
5324
6669
4719
6942
3135
-7191
4407
-6643
8906
-2210
-6114
6074
1748
703
-6160
-6770
-7482
8688
132
-3000
1824
6258
3005
-8133
599
-6245
-652
8780
472
-9053
-5769
9180
-7495
6616
6196
-3862
4838
2926
-8122
6524
-302
8334
-1389
-7878
3505
-5275
779
-8501
1765
-5705
5856
2779
-6130
1822
-8376
5291
-6138
6981
4750
564
8186
-5765
8820
-6450
-5440
-133
3563
-6521
-4214
-6221
198
-755
7273
353
-444
4553
-7284
-5364
4215
-6464
-5909
-3885
-4525
1627
4996
-9537
-9902
9483
-5959
8191
8900
9972
-3738
-4765
-7489
8518
1919
9110
1246
-4176
-3496
-4596
3446
-7784
5178
-809
-9446
-9865
-5683
-560
-9655
994
-5172
-4942
-9101
1605
-565
-6868
5533
4964
8254
-4490
-5935
4100
-6297
596
-7827
4775
-1284
-7275
3272
-7762
-4056
-2119
682
-2430
-6383
4870
9515
1132
-4012
-1420
665
-3451
-7288
-6159
-241
1288
2090
-326
-4659
9255
9247
2391
-3154
4476
9273
691
6593
4437
-9262
989
2258
3379
-4044
-7271
4813
3396
-1944
5588
-6394
4206
-5933
8107
4605
-5938
-9825
-3255
-467
-6208
4050
-8514
8339
-1080
-3635
-6400
8056
-4365
1267
3123
-2805
-6837
4013
-4953
-9836
1481
385
-4849
5101
7064
3555
268
-9083
-8171
-4010
920
-7532
-3196
-5011
-686
-3385
-7275
6188
8244
-5035
5953
-7114
-795
958
-5547
-1900
-4765
-325
-788
8102
-2155
3174
7330
1046
3363
-3551
468
7245
8624
6656
9110
3760
510
-7938
-786
8925
-175
3592
5968
-7763
9287
-3761
9003
8167
3606
9207
-1233
7049
9940
842
-3832
-2870
-6975
475
-7147
-4068
9565
-257
3327
-5155
6003
-2605
-5780
764
-3111
-9671
-1081
4358
588
2171
3200
1316
-9264
-1485
2012
1098
7767
-4913
-5969
-2962
-9579
-1229
-3242
2057
7608
3732
3483
-5343
2771
-7552
-7709
-2412
5677
-9293
8678
-7665
2001
8884
1463
-7047
-2436
1411
-6012
3483
4822
2432
-3394
9690
7525
-3653
6314
1893
229
-2426
-797
1169
-5700
2323
5858
6733
113
3511
3089
-7001
3209
2919
-5661
-8038
4093
9223
-5955
5677
-2076
1139
-3675
-8064
-3334
1690
-793
-845
-6844
-9881
144
7219
4331
-4897
4742
11
5681
928
-7384
9057
-2658
6281
6577
305
-7612
2623
-3855
-5904
4412
-4950
-8505
-2834
-5347
6862
-9304
-531
-9171
7248
-8119
2489
-3956
-1001
-2929
4593
-8286
3509
4130
8355
7067
-6775
9185
-2446
7751
-5681
7125
6204
-1447
5103
9107
-7501
5705
-8561
-6923
6168
6823
1517
1440
-6417
6126
-335
-5614
391
1229
-1235
-4678
9780
1226
9158
9726
2700
5348
6681
-678
4492
4071
-3044
2125
1623
-5549
-9936
9360
-3957
-5939
-923
5432
1845
-42
-4542
3323
1263
7580
-9191
-7684
-8764
4144
913
5517
261
-1693
4350
9604
6807
1426
-7359
7512
6925
-3005
-6384
-2260
-3087
-4817
6732
3513
-372
-3125
7182
3660
8343
5645
7000
-313
-9534
9501
-2820
3580
-8661
9551
-1195
-4447
-6996
-1141
3218
7892
-6036
2730
4179
-3785
-5083
2607
-1448
-189
-4511
3507
-6504
-9529
3882
-7015
-1444
7904
-6628
441
-153
677
-9128
-1832
-283
2265
9181
-4666
613
-5054
-8486
469
8113
9604
5857
-6131
-5808
-5802
4556
-2354
-4041
-2919
5228
-2266
8830
5627
2266
7405
-2623
9512
2595
-2867
-3038
9905
-6322
3927
-1465
689
7098
8888
881
9822
-4205
7934
-5522
3149
1954
-213
-7092
-3107
2439
-178
5966
5638
5177
-3452
1079
9100
3199
1382
2391
-1032
4763
-4901
4160
-1600
2252
462
7682
-79
4165
9131
3391
4614
-3863
-2108
-6209
31
-5042
-926
-3142
-8970
-1372
9778
7292
3662
-7885
8348
-37
-1723
-7691
3648
-5498
-960
5941
-4736
-2973
-9987
1970
-1112
634
-4098
-937
9237
-7845
-6877
9125
-535
7441
-3531
-1193
7249
-3978
9467
1292
8596
-3616
5885
1762
-5388
-6758
4320
5432
4547
5341
-9035
-3244
6074
7533
-8716
6663
-4475
-6138
-630
-7941
-282
-9909
-2346
-9841
2242
-4665
-9045
-9039
9221
2710
-6067
517
-7071
1916
-746
9248
8494
7677
-6854
-8266
6752
3691
-5239
5861
-2176
-6058
-9835
7576
-4679
-4000
3925
-5194
-4129
-4800
1154
-4957
5460
-6358
5986
-1193
-9218
-5544
6722
748
-7723
-7374
-5856
6101
-9214
9885
-9630
710
1534
3350
-5107
-20
-2425
-6148
3496
-2043
727
-9571
-8683
-3673
2481
5546
-8078
-9464
-3967
4469
7535
-4466
-5671
-660
7253
-1519
865
-3422
-3829
-1072
6047
8258
-9938
8772
5621
-1881
6150
4636
-4575
-4142
319
-4848
9882
-9436
8935
-4626
-6967
-4316
1435
2163
7001
7128
-2710
4914
344
8897
3848
-4463
-1306
7554
6347
5491
-4797
6961
7223
8892
-2627
-2034
1002
-6061
-3262
-3341
1703
6133
8449
-9918
7653
-6585
3564
791
-7112
-7139
-6175
9122
-7644
-2681
5720
-3586
-5662
-5849
9220
-6452
7644
-7798
7889
8603
2578
-9313
9359
9663
-2261
-9954
6553
-7275
7871
-913
76
-1938
-5166
-5806
3566
9948
7640
4381
-1742
-8466
-4589
8686
1176
-5634
5054
8489
4521
-9978
9650
5524
7222
757
-1850
-7551
-598
7948
3920
7910
5976
3865
-6915
-5480
-5228
-8074
-5122
-9930
-9838
-5454
4067
3803
5329
181
-6198
-854
3819
5232
1228
-7122
-9513
6250
7866
4967
4400
-9613
1242
-2614
-5079
8190
3612
8248
-5650
-2422
-639
4472
-3802
9354
-4701
9277
-3738
3505
7085
-6900
-6742
-6796
-779
791
6431
-121
-3611
-3355
9262
9334
-318
574
4110
8036
8611
-5150
3282
-7944
3010
5107
-6304
9063
-3488
5413
-9943
4963
-846
9505
6671
-8914
8344
-7828
9012
1542
-7027
-7347
-6422
360
7244
8159
2027
-6306
-3752
647
-6045
1850
-9932
-1387
-3111
1194
-6735
2182
1950
3764
-8055
1522
-1843
-1170
-3058
1125
-8456
7797
3592
-8302
9547
-69
-809
-2548
7061
5382
-5818
-9324
-4071
-8694
-6589
7065
4838
-3252
-6296
-1111
-6621
5696
2255
524
-5126
-105
-7339
-7791
5672
-1604
-7277
-7192
7065
4903
7533
5721
-8745
8975
-6310
9276
-3607
-362
420
-2908
3907
2086
9691
4773
-7757
-5821
-9557
2221
6118
6015
6741
9772
-7457
4959
7236
8365
-2282
-3784
-8923
6090
-7643
-4693
6395
8743
3137
6004
5617
3099
7503
-4940
-6333
1566
-1045
6118
1734
5720
-3331
-8329
-7865
-5269
9019
5431
6352
2616
-7931
-7294
8646
-6537
-9243
9117
9060
-9426
-1785
7051
-3471
-7550
2679
2373
3033
-6703
3536
-9215
-1312
-6165
3282
4736
-5983
3788
5862
-4678
-6105
-4769
-9895
2366
632
8755
-7780
7454
-8623
7660
2294
-5493
-4594
4709
8656
-7833
3528
-7997
5691
2416
-5482
-2951
-99
-1132
3634
7238
-6749
-1976
-9205
-4190
6115
-563
8004
3420
5005
9508
-3976
795
6954
-2974
-8054
1689
9677
3721
-850
-3743
-2952
-576
4509
-4722
-4100
1122
-7759
776
5090
-9446
-9418
1112
6810
4061
-919
4398
-9596
-1043
4470
1780
5224
9314
8502
-9122
-2530
1603
-7719
-2378
8000
8468
252
1729
4419
1478
-8787
-8833
4096
-2666
6189
6103
-3084
8401
8198
5472
-4819
8248
-9800
-3602
-2092
4625
-7382
-3490
1080
2736
-4855
4605
-139
-2420
-3769
6392
5956
9661
9730
-9823
-7633
2176
-778
1350
-9638
-881
-2646
-451
2285
-6941
2058
-5108
-8186
6214
-5856
-1332
-3356
2198
1697
9059
-8504
8180
-1109
7770
-8815
6215
6644
1809
-7977
486
-2055
1661
6697
2955
9103
7673
8640
6876
5863
5696
-7632
-3995
5191
7910
9790
6918
-662
-141
-8395
7882
7336
-152
1286
2494
-5713
4240
-856
-9245
4393
-7550
4481
6972
2925
-7031
5239
8472
2840
504
-4658
-7384
4802
-7562
-2455
-6437
7470
-917
-9168
-6638
-1720
9307
-4352
-4399
4775
-9527
2657
7416
-835
-6648
-9106
194
-7510
-7021
4623
-2869
-677
1853
-295
-1956
8545
-301
8135
6594
1694
-8905
-9027
-5349
5308
4600
6096
-1285
-4306
4425
-2209
-3664
-9163
-2709
624
-5228
1063
-4082
6990
9972
-7014
-6317
3910
-6962
-921
9781
-7484
-2910
8450
-5512
-5846
-3977
3783
368
4490
-5675
-5828
-5374
2745
-8392
-824
-1050
-5043
6302
7165
3212
5734
-8448
-9285
-3295
4453
6455
-3004
888
-2389
1089
113
-3
-3638
-5272
-1105
-4237
-7144
-7644
7915
1847
-1484
-832
6653
-3756
-4451
6672
953
-3159
-9091
-9533
-1607
1693
-9893
-799
1431
-384
8582
3532
-457
4070
8672
3349
-876
-1472
6731
-6534
399
-2475
9275
-648
7831
8282
-4832
1330
3692
-8778
-486
4817
-4016
5194
-3125
-1426
151
9256
-8549
-8017
-4591
-2794
-9564
-2376
7718
-3085
-6399
-7255
-8142
-1506
5201
4874
3420
9327
-6935
-6915
-9683
4532
-7850
-6988
-5271
-7285
-4625
8780
872
-9287
-2542
3542
-5296
7523
9460
-5946
695
9401
-3005
2537
3271
-5157
-9599
5943
