3785
1
1556
6787
7831
4730
4584
6181
8522
8035
5986
2039
8025
7995
8215
348
8109
2260
6102
9321
2842
5655
2257
6366
944
8833
3130
5664
9986
8332
2873
9672
4048
6163
4825
7533
5821
7959
3368
3480
2881
3159
7706
95
5868
3748
5212
9213
1206
4058
8056
5065
8786
4327
4919
8592
4884
7615
8269
4984
8323
7535
8289
3729
1592
3879
3002
2687
473
306
5639
1715
5048
2393
5108
4113
6125
5828
2086
1450
8730
6337
762
1312
2453
6002
9198
1469
7241
6173
4714
5471
2487
1422
8871
8798
9279
7910
1716
7901
4945
9069
296
6650
4600
789
727
9031
75
4226
1498
4819
7092
1822
9928
534
9700
8946
1513
1625
8546
3267
945
151
2186
3665
9900
8170
6573
2338
121
4468
9995
6167
317
3457
1329
6314
1951
5216
1441
5562
6144
237
3688
5830
5033
1103
5255
6644
3842
980
5162
1608
2684
3901
5284
7345
6614
3447
5780
4218
9249
7888
614
1883
4020
4478
1200
7186
6931
5990
559
1949
7903
6489
3615
1332
6674
360
7760
8087
6826
317
3254
4080
9342
9640
4630
6011
3309
9599
2564
9112
2122
4490
9524
8716
6585
6425
9283
600
2375
9383
5759
986
5214
4044
2832
6160
5677
9989
6216
9361
8486
85
8559
3825
4093
1574
7178
2796
9975
95
6772
2440
8931
9371
9899
6239
1263
7995
1846
3894
906
687
4071
2758
8496
2967
1453
1933
6272
2977
4401
5225
8889
1499
8045
859
9535
5134
2256
5688
2989
8717
6020
2965
658
978
332
8187
4953
3221
6916
5182
1787
8620
5420
7637
7570
1585
3778
2416
6310
7208
6517
762
1371
2283
2389
4568
1731
6389
7270
552
2418
4457
5071
1593
3198
4259
6721
8005
5803
6635
8515
1261
6826
9849
9557
9282
830
5664
7722
6948
6775
83
5814
1620
2056
8221
9556
2161
2511
7385
4566
5688
7655
2570
3218
4323
5989
3982
1286
6991
8716
4864
5211
3614
5892
7253
1071
6277
2783
6067
5501
2833
6024
6311
5273
738
518
9793
1155
3287
4132
6299
8000
3875
7219
8119
5592
7241
354
4258
8750
2118
6461
6085
3031
1707
5881
2553
9804
5089
906
1161
5654
129
8579
8389
7377
8784
2279
8073
9821
4452
6674
1840
946
5114
4323
7079
8779
1142
12
4085
5786
2313
8532
6425
4480
6541
7714
6328
2118
7459
4408
394
5514
8557
3582
7371
1027
2672
3644
2606
1878
9328
471
9368
2774
1464
3608
6527
41
8903
3857
3181
6382
8984
3432
4945
9537
730
2650
5721
5588
2301
2976
4278
6966
8833
8877
5245
4718
3108
6611
4569
1558
7455
9715
1123
6874
9703
1663
1035
5162
3561
8968
2691
9040
6485
9793
243
4470
587
8188
2622
4782
1539
2354
384
5906
5568
68
6464
9503
3312
4140
2805
7807
414
4897
3673
8554
5670
5331
2281
6843
191
6764
7821
1302
8692
4566
8880
6304
8682
749
7121
3582
4474
2185
4632
8302
7296
2787
1725
511
9267
9815
848
55
3444
4754
6583
5316
3646
8030
7791
742
9440
9252
4992
3252
4482
1262
2134
2565
4540
3444
5387
8914
1861
6989
4356
6760
4005
3131
511
4206
7580
3924
822
1711
7460
5870
2416
930
9118
4449
1874
5915
1571
659
9793
8152
9683
2475
4746
3028
328
8260
884
3930
4544
1909
7911
8979
5205
8155
6250
5294
5656
7430
9501
9860
5433
3138
4726
6730
8318
9590
2005
1845
5999
5553
6669
1942
1842
9649
3586
4775
9237
4214
88
8603
1535
3099
3444
8518
6109
7359
8299
7389
1772
8856
3548
3145
6241
8291
7621
1749
2747
3589
2527
6136
8740
5835
2722
1135
6096
4922
3806
6146
5613
6512
5623
4205
5624
8953
485
3300
4444
3531
4716
7158
5901
6924
4070
1231
4325
9788
115
3742
97
1526
4556
1488
3457
5487
1920
4306
3353
9863
5926
3811
222
2515
1866
1873
4202
2432
499
6183
9676
5340
5509
9184
6956
6363
7319
3223
9799
4764
3349
2017
1203
5413
7643
5019
2187
1040
9593
1208
6401
2793
2160
993
163
3052
5040
7872
4075
3517
8042
4207
5939
3427
9915
3157
3465
6857
4562
87
7374
8762
8617
2941
3933
3484
2915
5692
3187
7668
6204
8589
354
1809
5315
181
1134
2859
5894
7908
6703
189
9188
4483
8303
5901
9852
1429
6104
5110
4224
1570
8372
2946
2824
593
1315
1544
4171
8218
2478
9200
5516
5414
7947
2866
6570
8911
9735
5438
5077
1227
200
2171
2701
2772
1288
3057
1501
9561
5829
1890
225
512
7652
1782
2974
9809
356
8841
6388
5930
8903
7244
9181
3336
6621
2699
9209
4687
6971
6757
964
9313
1434
6359
3945
7728
6926
5482
2896
4418
5458
9206
4205
3884
2027
8126
1928
7655
5719
6879
215
6675
5235
8913
1405
196
3850
755
19
5175
1793
4296
4293
9702
7995
9588
1690
8024
24
151
2872
8644
6762
7927
8415
9917
9277
2784
7191
4022
575
963
639
2225
5623
8853
695
1186
1241
1297
6989
8970
8893
6264
715
9604
7018
5626
4537
1747
802
4028
7422
3899
3287
2270
4146
1203
6712
3705
3536
8163
6031
5329
3516
8409
8994
1636
6476
1841
3021
4180
7043
655
3684
2665
7007
6547
6894
9107
8709
1604
4214
6637
513
270
1639
8611
470
8138
5298
2961
4773
3154
6904
9671
8284
7233
258
6312
8223
6087
1106
4358
3184
3406
9986
4064
7055
5007
6745
5335
4991
2621
2911
8960
7055
1200
602
6124
2909
2445
3773
9931
735
4978
4904
798
122
9455
6484
2278
7412
5757
1088
3001
3258
2403
5699
1159
8048
5618
9474
3410
6223
7609
5951
6531
8622
3794
9762
1282
4469
8899
8348
4122
7637
7451
708
336
1597
5224
5918
6778
1288
5318
8967
1405
2853
8053
4655
7904
4560
5578
922
7569
8399
2559
464
6229
531
9954
8535
6741
8644
1449
1071
5354
6104
4965
592
1818
5423
242
5309
8469
2811
6030
2855
2613
1187
4087
4743
6438
3376
4132
8434
8193
7635
7511
6693
2554
8178
5732
443
9073
2919
2955
6112
311
8366
2181
2473
8323
1199
8703
9923
2378
3908
8932
113
2820
5545
8796
6407
7772
3071
8103
7781
9221
3377
3760
6250
3212
4449
5635
3944
4320
9179
4364
9638
4409
6935
1660
8017
230
4895
2673
4954
8642
1126
231
8218
9315
6924
5748
3633
7770
6450
2252
3757
9929
1090
6241
3872
951
601
3715
232
7841
9737
5378
9292
1787
4510
3008
4811
458
3815
6794
8553
9290
4224
9732
6433
2445
2574
6548
5333
9867
8201
8025
1048
3717
6189
2840
4595
5573
8648
3581
6645
5523
2323
4976
2256
8475
1825
8544
9411
3425
6717
915
1673
6479
3192
525
260
4304
9558
620
8020
9167
7413
4705
4599
4625
6072
7579
4529
3291
1142
3190
6196
7175
4856
5124
3932
3330
4491
6067
8712
9584
7796
6649
9432
1399
4143
3093
7832
3782
6350
6273
8198
3713
7891
8243
3846
4537
2343
2144
8190
2998
1227
8761
8006
4185
1218
9162
8437
9931
7769
7498
3244
3574
2370
5799
5518
2725
9328
717
2587
8597
7286
6766
5098
9796
4680
449
4039
5554
1402
2879
6164
4240
2752
4534
206
9665
4777
2793
9768
6831
9303
884
12
7746
1209
8294
9192
3732
6644
1596
9108
9984
6582
1685
4841
7291
3486
3338
1417
286
7336
7942
6607
2502
3927
7659
5659
4899
9818
7152
5317
259
2349
3780
4006
9859
6609
5334
9640
802
1964
3675
5417
2881
6187
8827
6477
8331
7602
7760
7107
462
346
5951
8292
2553
1813
3485
9473
8568
287
444
5555
7618
9092
3381
7609
8027
5076
5458
976
3775
4402
5839
4299
6830
9807
4271
5759
2504
4109
9336
7437
9649
5172
5832
66
1382
8505
7922
795
7637
664
3020
7299
6190
5497
247
7755
6628
3744
7050
4674
7964
215
5208
1092
6924
6342
7605
7346
953
2434
8718
4764
8583
2248
3287
6017
1259
1143
7822
13
7447
8580
3232
591
5675
2922
5563
1569
8384
7131
3107
886
8206
5621
732
8442
5531
7366
586
4619
2592
4744
3688
3701
4723
6784
7407
7164
3515
4912
3536
4004
579
7818
5862
2699
1093
6457
5850
3264
4797
4326
7688
3113
8029
5977
6849
9555
4588
5480
3707
3172
7927
962
2733
4309
9535
6765
4475
7574
4718
7248
5437
2658
8218
4256
3176
7377
8546
3
7503
9520
9905
1445
8359
8911
4191
5965
4800
4394
3166
4192
3709
8927
2373
3235
8983
3551
1862
5066
5016
2789
5420
6949
3495
2353
7195
2406
4950
8091
7152
8997
7196
8596
9361
3530
169
5915
3959
4246
8063
1801
2914
4485
6017
4951
6028
4086
4201
5533
1770
4023
7795
1249
9790
3968
9772
8488
1425
3364
7209
8441
4448
2595
6763
6536
9240
7828
4112
4091
2959
7274
4640
6760
3404
7707
3773
8138
7040
5643
606
8876
7515
4760
1081
5369
1467
7787
1488
5667
9606
5951
5296
2583
412
7706
6352
3147
6592
5501
531
1000
4502
3624
2671
4795
2722
4117
1883
1869
9265
8188
3775
8094
7761
6205
9595
5146
9135
9
6071
6788
7108
9172
8373
2201
4217
902
1877
3804
6540
6404
7267
3199
6794
6332
2124
8534
284
683
6592
6342
4046
3323
261
3215
7196
963
4665
3981
3792
9231
2973
9278
466
8972
7697
927
1958
53
4969
4580
6972
8551
3585
4348
3010
3951
7442
855
8802
2504
822
9609
6809
7311
7092
1479
7189
5626
5186
9785
2439
1007
6884
8881
8742
8956
9384
6239
6833
2497
3861
6861
377
8034
559
9741
4154
6056
7777
9576
7671
4171
1376
1371
2604
2508
352
1078
2851
444
4968
5358
1146
1948
5581
7683
599
808
2780
3463
5006
8753
5994
8403
4983
5921
4320
7248
7943
4303
5015
8874
9805
4372
2351
5090
1206
8798
2265
4885
892
1570
1693
5310
7276
5420
5766
7630
1296
8919
6982
6651
6605
9684
369
687
2227
2700
6067
412
3548
6129
8609
5023
2335
5747
1758
5293
8683
643
570
1978
4561
789
20
5337
801
3550
8859
6906
7071
8443
7916
6327
3413
6741
4097
9835
687
7144
7936
6304
2491
6656
5728
9768
8225
7569
9677
3043
5581
6648
3285
8976
8988
7259
986
1265
9777
3553
347
2157
9534
6148
2973
5090
2230
2889
4327
3762
4073
8386
8990
5232
8069
7853
1636
6468
6995
4164
4107
9880
9744
1555
3230
193
6908
5981
2930
9989
497
7610
8039
636
8949
7631
2534
2672
9728
9268
5815
438
8140
1987
491
4129
5960
5547
1655
2434
7061
8956
2416
2092
3900
6637
9793
2393
3235
2787
571
5827
9259
1850
2363
2509
9223
4258
630
3014
1881
3877
8037
2773
44
8188
8382
1676
544
8462
2847
969
395
7279
1941
2510
1002
6912
2107
969
416
9393
6326
3082
3291
1132
6806
3420
6018
6496
1310
1239
4684
1838
9352
7600
6689
687
8161
791
5590
9472
4198
3092
7126
8359
8585
6072
9601
915
4398
3156
699
9818
6880
5254
2017
4885
361
4836
1286
770
3511
4821
4925
5966
7755
226
7934
9898
8797
9590
5790
6728
6268
1843
9544
3079
6220
8766
9590
3358
8218
4792
4208
3506
4294
83
9501
7555
2871
9232
34
9174
542
7328
8560
3165
4314
2309
5949
9097
4065
4857
6739
3126
5338
2268
5321
7510
1620
7825
8543
4027
3035
3111
1354
5753
1498
257
5821
3794
8326
6478
6616
6935
9082
7043
2985
9424
8245
6813
8832
185
3399
1928
7932
4092
370
1528
1472
6565
9522
9312
5909
4462
2050
1138
6942
4600
3792
3250
2694
9036
4591
6127
1290
2589
2096
9775
8471
2262
6785
5981
8651
30
3947
7222
707
7363
2147
6854
5012
2366
7476
2911
1186
8485
5132
2053
6206
1416
6588
8954
2708
4781
794
2675
5394
3716
4172
8759
8729
9188
4679
8422
7171
114
7924
5179
6271
2353
6450
2146
2314
1143
45
1615
1234
3383
9234
9628
5676
4093
9953
3516
480
715
8723
4058
3447
4326
2819
5446
7954
6542
6024
8916
9690
3240
1259
3972
2956
378
5779
1184
2442
3315
3908
9336
1498
7808
7845
3037
5704
5742
310
8318
2573
3832
3935
1687
5191
7462
6229
9371
9973
224
1507
8736
6731
5583
4879
7448
4147
818
171
3256
7743
1422
3628
6790
9094
9999
3654
8767
1236
3606
5751
8160
4903
2392
1539
9730
8678
9482
5809
2279
5199
4310
2846
2821
8860
7356
4331
779
3684
8735
371
3959
7242
4637
5456
6218
3405
832
8929
9632
2088
2794
249
1465
866
8990
7704
3954
1281
2405
1571
8685
1216
3035
8189
4449
7355
5422
7704
2552
3594
5901
6409
2133
8082
4475
1047
5245
6491
6369
2714
9977
4306
4012
5500
2075
5433
4197
362
5465
9425
5026
7209
1895
8097
5396
1619
4510
6792
2666
6966
3965
4398
4485
7785
4079
9909
6927
2387
5202
435
2702
4790
7146
6175
2513
2982
3789
6425
8435
7962
3323
6893
8622
2089
4466
8633
174
7400
2556
8206
2092
2920
3777
5889
3314
7733
5341
7381
4657
4645
6696
7193
5877
4533
9860
8842
7637
4855
6686
1405
4300
5044
136
9747
1131
7539
2163
2791
5751
2669
4959
4561
8348
8327
2665
5513
9491
7750
6798
2135
9694
2376
8192
3005
9622
7263
6301
3766
737
4844
7947
2851
1337
7281
5421
4889
8242
5484
4343
3861
2732
484
9302
6566
2625
5898
1548
4589
2676
2139
771
4710
3723
5119
8546
3314
4198
9724
4520
5757
2561
6275
9842
7641
137
4236
8816
2335
9297
7166
2239
9741
3459
1057
3244
5168
931
1438
6528
231
8033
2116
5075
7536
3472
3777
720
6951
4912
2200
5486
8927
617
6154
1428
611
3119
3879
1150
2198
7832
7802
7703
6050
9855
2210
6553
2097
5085
8580
556
1344
9795
5314
9280
4142
2809
8300
2300
5132
8470
4877
5516
9611
1861
8155
5074
2264
7729
7556
8946
1165
2539
3317
7893
8783
6007
3250
8703
8951
8334
4858
5137
8083
5650
831
1991
190
131
8864
2872
5681
8821
6673
8769
5293
9055
2535
1207
6049
5190
7147
5766
8527
1697
8186
1017
2104
4349
8595
1334
470
6336
3678
5513
936
9900
6386
8185
5635
807
9890
2828
5782
7778
4558
6240
999
9074
1748
3387
2898
9222
9172
9223
416
505
3978
9419
53
4138
1353
8327
4138
6427
3060
5017
375
4486
6201
9889
1329
4940
6115
4074
8289
3853
5695
8379
507
9410
4134
6910
6094
2089
9840
6991
7901
3245
6769
7781
7096
6485
8614
3049
1093
6374
4782
5661
6722
5982
3072
3561
2495
9951
9304
9121
5011
4675
3829
1178
8421
3278
6861
5366
3710
5933
1886
1469
8142
8971
4887
5066
7362
421
1306
3301
2864
5541
1485
9300
1708
7967
6512
7957
9678
6205
7731
970
3567
8774
2663
3242
1834
187
199
9645
5084
3869
8248
7610
9184
6381
9398
4131
3525
2321
244
1710
1926
4055
343
8278
489
3407
4446
2058
4327
9850
4778
6052
9834
142
3671
2508
133
9741
4437
6445
8167
9727
8543
5447
3890
6596
4813
3947
7537
7341
3918
5438
2221
3721
5005
4364
8121
3308
6545
1068
1973
2400
6322
5766
4987
8978
2717
8214
4023
7125
5680
9502
1806
4073
2730
2771
8905
292
4516
6577
7432
231
8472
7242
5430
6230
7664
7425
1432
250
8084
5388
7384
1731
9116
1748
2495
1673
2014
3392
5876
9966
134
5368
336
5142
3344
7699
3378
8961
8754
6354
5555
7360
2238
7711
3707
4746
9020
7686
2573
6715
2358
4162
8717
8068
7245
671
5499
1689
9951
6008
4612
1950
5340
3235
7252
404
8466
9857
2936
9540
5947
8397
1750
2311
7697
7183
8367
5006
5404
4203
1547
4922
1074
263
1593
7359
4079
7563
4797
2276
619
8215
6037
7409
3052
7971
7589
243
106
5092
8678
7601
6940
5387
2958
2698
4258
1174
6727
7663
5430
2167
7941
1016
463
2432
2413
1334
7379
1824
790
7306
1719
7311
6632
4539
7331
1477
9331
4621
9561
5963
9138
7939
7658
4989
4255
2692
7988
2330
7465
8646
4870
330
848
9438
3168
2955
2883
4400
4970
3434
5766
7964
1794
8037
8630
3137
3867
7790
2543
5574
7569
5273
4946
1476
3302
3178
9810
3877
4576
9249
7305
7761
3576
3563
932
8864
4839
8120
4220
420
5129
9944
2003
6876
8869
4209
8835
4680
7718
1746
3513
3525
8538
4063
2904
3619
6755
4967
2926
5537
9233
7920
5683
9417
3889
4929
7941
8256
4589
8332
7971
167
4990
7879
7969
5940
3353
5399
5717
4456
4913
6256
3845
7103
7638
6586
8697
4433
3201
5477
8117
9316
3639
8592
6019
7039
80
744
1344
770
3419
3919
1162
1019
7113
9101
6730
360
4369
3756
6204
649
1264
9414
2423
1734
51
9727
3012
9032
9936
903
9455
5980
5534
1042
1771
5224
510
3367
978
7013
9574
3393
1503
8702
163
4610
8654
1566
9296
4576
9494
2050
3740
110
4482
5608
569
1232
1775
4356
3005
3405
3526
6334
3841
8544
3668
3050
5582
8576
7939
4916
7343
3791
8593
669
7969
4221
8884
1059
9423
2378
5348
8469
4876
7796
4414
4225
6524
5770
3323
7885
4925
322
4208
1970
5518
6937
106
8426
1776
9342
2426
6937
9248
5395
4355
656
1439
6668
4191
5323
2328
799
5997
3647
7552
4844
7598
5080
5206
4346
2025
9280
7428
6577
7817
889
427
1251
9742
4919
7723
4711
4852
8512
1331
2843
9155
8587
7248
8849
4793
9608
3559
4231
1691
2251
1065
3779
1477
8796
8981
6885
443
3062
1203
8970
7286
306
128
6444
7012
5717
284
933
3734
1308
7010
9148
7446
3949
2638
4605
3932
1023
3774
4387
8450
1561
9603
5068
4118
3045
6406
43
3497
6916
6522
2907
5898
6749
9693
8435
3696
7487
3390
1010
5835
4013
1393
4436
6749
8678
7548
152
7469
2072
8261
6789
3792
8992
9617
2845
7709
4577
9208
4100
3624
2603
3174
5816
9594
2802
552
6638
1320
4889
8177
3241
7381
6395
7800
9897
6548
2220
2848
5870
3773
2069
9082
7851
6412
10
5285
2928
8806
8695
3436
6703
6904
8862
9470
7962
8500
1131
5969
5470
4563
9307
4083
9023
9963
9948
1639
8240
4773
5944
7898
4397
8144
7547
6579
5033
9227
8165
8889
6278
8019
6002
4013
8484
6710
9513
564
9235
3636
8016
5857
5579
9731
1896
4162
7725
4667
8417
9659
6168
5524
2144
3826
7148
1223
426
3524
1432
9347
239
8485
2984
4627
4309
1046
491
9350
1530
3751
5556
1751
6729
9494
1884
9468
3052
1209
2393
5213
79
1931
2046
7383
9075
3840
1298
9360
6852
6901
7894
4129
767
8043
2023
952
877
2732
7681
960
924
8671
4219
3035
6106
9656
5215
5351
3042
7745
8640
2885
4865
2464
740
937
5035
2541
5592
6760
3661
7993
6591
8226
5362
9799
8984
733
9152
7172
8346
7286
4959
4743
7969
4005
1501
9679
8461
8978
1465
9149
373
7805
6996
7117
3991
7845
5738
8126
5203
9921
7438
1523
3859
4528
5116
7178
8537
1862
2770
8652
5656
5131
3130
2432
3817
8366
2492
5695
9653
2611
5613
6847
8115
9274
5897
2425
1344
5520
6779
3553
9476
4236
1902
7169
5337
928
4974
1498
860
2776
8578
1787
1403
5080
1762
1621
1453
5924
6015
1672
1215
1305
5541
3350
3196
1612
7241
2638
9507
6311
9149
5959
5553
4391
3137
9137
7601
6453
3305
1749
2845
941
3933
2984
4603
7033
5285
2050
2060
8837
5219
2150
527
5918
9106
6732
170
1574
2730
6404
3572
7149
294
2895
5541
7394
1171
2114
7193
1639
1875
9603
9147
2413
8206
9080
3936
2406
8791
5779
5683
5861
1022
5683
997
9062
988
1210
5205
3020
9999
5440
7833
5446
2610
8016
4526
5947
3951
2965
1444
6015
6415
7672
786
4084
876
6092
6910
3848
5078
2529
64
9033
8534
7169
292
7568
3246
7915
2442
8059
1726
734
6009
1603
7296
4243
5494
1963
785
629
8850
2156
1917
2351
3224
8272
7521
9858
2637
4800
8571
4612
196
1656
2278
8240
4432
9388
8100
2328
3950
8823
2368
505
1054
2423
9300
8124
2703
2942
1531
2059
4271
9186
9422
4631
4
914
3689
2799
9529
8770
7145
82
713
9
1396
6289
1299
2407
4659
3750
1379
5692
2149
1088
2811
2896
1158
2729
8221
6175
4560
1250
5392
2155
5452
4721
672
1182
7858
1035
8414
5759
536
7742
1750
4959
5408
4715
113
7329
8684
8451
8379
1666
5798
9601
8660
9698
3658
5969
2057
3628
5574
6514
5697
1339
9206
4568
5059
4606
7096
3429
8529
6301
8166
6761
5441
2640
5296
415
7469
537
6019
8449
1624
5414
9851
7606
9370
5237
1074
6078
9643
5039
4488
9371
189
3886
6165
6680
494
6575
8910
8406
5989
9541
6503
8118
7307
4244
7213
5815
3994
2082
9788
4208
9971
8004
7403
561
9084
349
4938
9841
1643
6165
1597
2680
6988
757
2639
6507
2802
4781
830
6288
1051
7383
8422
7848
1558
3631
714
8237
180
7378
351
2519
8495
1093
3373
7333
2232
7153
2586
1106
6988
1510
3747
7179
1898
7423
4084
3995
9351
2844
263
1980
2586
2935
7243
1944
5626
6738
3496
7514
1250
8264
4568
9038
2705
333
2939
7428
5527
6144
3321
1569
457
5795
5981
2800
3203
7408
9544
7743
9711
1989
7333
6131
4368
6632
205
3870
3986
3525
6330
8738
2523
543
5228
9898
8659
3614
6801
4147
4841
7449
4044
8455
4287
1165
6199
9269
7422
7944
7490
4797
7413
5369
4534
2658
9155
6074
3981
2374
4972
3106
4570
5405
5680
3922
3259
1687
5256
9860
6999
1174
5976
7138
7325
608
5506
8972
8697
328
9775
7259
3241
7300
2393
1546
9350
2605
7765
9189
8387
561
3940
7704
4339
6069
6859
4181
8604
538
7606
5281
945
4731
7289
6398
9449
7028
4102
9129
9456
9919
8672
9181
1862
4747
4984
8783
6296
1728
6996
4699
8676
5605
7994
1632
5616
8928
1656
1832
7808
814
6489
7775
6222
7009
3731
616
9901
3012
4426
9022
1256
6193
9597
3090
3214
2344
1109
6822
9178
5867
6362
785
8602
2874
550
9661
9010
8062
7570
7965
1203
4215
8976
5569
1416
2986
4248
2655
6794
2559
3899
7020
5561
2482
8135
6791
5491
3283
6549
2733
5573
9790
4061
1533
2226
9436
9140
5733
8559
3443
2176
1128
7118
6179
8996
9269
4298
4797
5021
1397
8348
4372
8525
5221
9963
7639
7609
6730
768
2372
4643
9076
7559
8061
6305
822
4442
8931
848
2671
6318
9750
958
7333
9158
6104
7813
4795
9062
5138
9417
7631
2370
3074
420
2741
