7832
1
4209
930
7809
1081
465
8732
1664
2399
2326
3287
9291
7201
2760
1726
94
2539
1620
9091
7975
5578
504
771
6379
3355
5318
5226
7545
4053
2977
8397
653
4442
4405
3685
345
673
3600
5855
8840
616
7380
6114
8444
2853
6507
5480
9533
3242
6927
2865
267
5545
6290
9790
315
8405
2323
7005
6490
7755
3642
8808
2322
2316
3962
8903
4826
717
4222
2479
1304
3836
7439
9587
9300
1784
4191
2875
9428
9064
9512
894
2432
165
6085
7311
8662
4040
5957
7102
9572
3056
5015
3043
8943
5135
4131
8367
8848
9384
3216
1184
8313
3080
4128
3689
3258
261
7703
3252
289
2197
4709
880
5278
3988
8495
4288
3858
7880
113
3781
860
7141
4869
5061
1965
7668
4084
8880
4113
4445
504
7289
7515
1293
5055
5642
9103
4711
5315
1276
5361
5343
7119
9365
1164
6567
1957
7309
847
7192
9748
6196
4232
9558
7860
4158
461
9143
4381
2917
5501
2354
6473
2843
9767
5293
1589
9290
2065
4553
8411
8424
6084
2825
3170
1817
5870
410
5787
6941
4714
2431
2805
6845
5627
6114
6665
3534
5086
3606
870
63
5582
3963
6851
7289
1135
8398
1728
8385
6905
856
3354
119
9184
4958
384
7114
3964
8334
1789
5172
1954
7230
2969
3552
8715
4854
7782
7545
3877
7072
9357
1305
210
9593
6420
1781
2940
1004
2247
4310
8517
5604
1087
7569
7356
3607
6660
7538
4267
7990
3852
8590
1518
3354
5712
3006
7542
2683
4875
9455
7450
489
6569
4788
7175
8323
8153
6628
8479
9410
2205
4312
4442
3104
7054
8328
416
1181
7386
1533
9985
5891
9179
2510
97
6342
2943
7870
9811
5892
6558
5969
7574
991
5179
515
1668
7213
2493
1466
347
6379
498
5718
4832
198
2288
4248
9936
5500
7708
2858
627
5001
2620
8050
7746
2628
1940
8024
7549
6711
3928
5820
5216
6607
3380
8239
4405
1372
5229
9673
8502
9494
5087
2184
6562
3412
5535
3220
7416
7736
3754
72
677
9338
5242
5179
1212
3070
3527
4777
8654
6739
1919
5219
5340
3717
4976
6875
5965
6908
9790
1520
9724
3551
6932
2830
9063
6933
7508
6740
796
9208
6318
6662
4260
4395
8508
4685
5903
2353
8029
4694
5275
8130
7607
9493
7220
5480
9100
3379
279
5141
2155
6008
9983
5753
1070
3746
2847
8007
9606
8355
4971
1869
9036
1300
9647
2941
451
5449
5749
7495
93
871
3231
1698
11
2591
6422
9301
5077
8669
161
1175
5160
9657
5934
8980
7722
3588
2382
4438
7225
9552
8484
7639
2848
7397
3925
4560
2471
1692
7667
4448
135
3307
1454
2205
4289
1476
3567
9798
9596
9047
4276
1843
8827
6384
4927
6732
1078
8427
7463
8504
4622
9203
7051
3652
1445
2709
1070
4298
2505
8778
81
5645
6369
3384
4456
7689
8979
8969
2943
8732
3507
6853
9602
9859
7384
9811
5067
399
4209
9300
7861
747
6537
6278
1016
7138
6341
3823
7524
4556
5601
9834
5717
7803
6484
6862
9040
7316
4062
4103
5787
9651
7223
3958
3975
2409
1546
4757
580
341
1392
4133
2489
9269
2318
8927
3161
6636
7526
7438
5458
8253
8715
1226
7896
4110
4298
5632
9287
2240
9120
5523
372
865
7606
1234
2530
5658
6005
278
885
3791
5158
7182
212
6229
3581
9956
5023
8796
9495
8657
2708
3993
6608
2103
3163
2012
2295
457
2839
9123
3623
6271
9767
9618
8181
393
1142
4034
9330
812
2315
8832
6247
201
1599
3430
7640
1470
6387
5322
2726
7866
2891
7099
5543
1043
2506
8962
9844
9112
3581
4118
8957
7599
2379
2695
1494
652
8516
5779
3550
9970
6623
2375
5033
5062
2528
4442
3388
4903
9741
509
8050
7988
2593
7337
7837
5904
9662
141
4622
9815
1045
1678
9109
6857
1966
5773
9280
8304
8423
9130
3089
9148
7659
4228
5111
3679
2736
9079
8252
21
4403
565
5437
2169
4259
6283
7531
6867
5327
3169
2862
9421
1733
660
687
7604
1500
9297
2720
8721
2290
1451
2052
4885
8734
2474
720
4999
5225
4111
6540
6292
2988
5790
995
6929
5497
2183
4378
8866
7328
1523
9582
1015
9351
7812
2723
2704
4960
4662
3956
6838
9175
820
4915
4789
6979
742
2439
6650
1636
3123
564
9234
2277
3391
1076
2039
6211
9717
2045
4805
6743
4502
5710
2583
848
5590
6032
7541
2123
8566
2814
2090
6984
8547
5689
5223
3279
6098
1249
141
2589
1055
2239
601
9953
5867
8784
9939
3108
9158
652
668
6458
3927
6776
908
1030
6746
772
7221
1081
6234
7479
4544
7124
2794
8181
8997
5047
6695
8230
2237
4173
3766
7747
9258
3562
2088
1194
7000
2105
6739
475
1750
1037
500
8398
2038
9472
2801
5178
5776
3407
6807
4611
6914
6931
3515
4847
2158
661
3333
568
6757
7378
1813
9486
6944
4369
3215
5355
8259
9910
553
6613
179
9699
4302
1782
2961
5789
3701
7706
8875
228
4804
8558
3637
8883
220
1235
9564
1269
6176
5392
7358
5547
9739
5067
2270
2855
2230
9289
4658
1198
5144
3221
99
5661
8992
1413
7728
4265
2089
8107
3742
1305
9555
9097
6307
3096
9233
8979
6727
7444
7107
2904
442
6439
4876
6512
3148
5019
660
3645
2451
8446
9493
2582
3356
785
3740
2998
6852
6677
5186
5858
1775
8235
2787
2293
996
9119
8399
46
5451
7800
2942
3165
6012
5622
152
2954
5178
6175
9736
5948
7097
8761
4974
8022
9895
1781
4974
3699
8459
7494
8402
6306
4714
8552
9538
801
7787
7691
7344
5943
9305
4229
2577
4074
2380
7
7266
9467
2101
653
823
1562
2855
6061
7644
7805
7085
5633
6115
5331
8894
4656
2318
9896
5336
2003
3783
8183
3400
9124
9803
7600
7641
5638
7765
1843
4803
2292
8342
7692
6293
4878
169
1080
3738
9428
6814
5809
4305
492
9554
8344
9042
8864
1837
9088
863
9166
2335
882
1373
4310
1212
4126
6868
1184
83
8962
8416
5480
372
3793
4930
2805
7002
185
4981
5006
6364
7305
6978
4634
2348
8836
2819
2565
5805
9974
2696
2116
6000
435
3568
2118
2864
505
744
4381
5920
3294
3846
334
7196
1328
6566
6595
9573
7347
5974
642
4632
885
7748
2813
5264
2792
9173
7998
4949
8305
8923
2865
1068
8395
1656
8916
3562
9585
2416
4522
1468
1811
5395
4297
2911
1131
2145
3409
7063
9083
2796
9047
7470
1446
7370
9514
5018
1612
8232
2294
8740
8389
9508
2262
3256
744
432
6268
5599
6082
5976
2863
6065
3320
386
3002
9429
3751
5719
7569
6286
9654
4221
1155
3399
6899
5293
9420
8293
3223
7249
1218
1930
8263
3526
6289
4028
6917
3807
5140
2838
5714
8629
3995
238
5233
6270
5787
4197
8041
5739
6341
2192
9260
6769
4452
1411
6696
5286
8876
9600
9471
1913
984
5260
8868
5490
9577
6926
6259
5621
1374
6197
692
7663
8245
7930
8503
1763
9934
1522
2285
7671
4734
8966
2230
3709
3109
1531
545
856
4592
9073
1017
5082
8143
7305
4979
6216
8764
3065
5082
9785
7896
6085
4041
7806
5532
1607
5357
5170
8654
699
277
5542
2224
6323
3532
2149
8048
6240
5393
3765
5527
7281
999
6677
4781
4366
6184
7200
3200
2084
3723
2189
8672
7481
8683
3612
1471
3278
202
292
744
4272
2805
5289
4366
6127
8538
419
938
4696
190
5696
2472
5964
2682
3148
4090
3137
4937
2365
3792
7542
4214
4039
3173
7723
2841
2064
3906
2362
6528
1032
9715
2418
1997
735
4851
7073
7610
1044
1989
6427
3188
3352
105
4546
6738
8795
9067
1292
1563
7703
9990
2838
4170
2958
3109
623
7852
1287
3439
3312
1811
776
5705
7689
2033
4877
4377
3454
2593
4819
7537
8984
419
5220
3383
6264
5403
417
7609
7913
6315
7959
1848
7307
9407
6109
3429
4452
5853
3014
9572
4822
7853
5415
9643
677
270
5075
2808
456
1806
4552
6537
9390
697
6084
3550
5549
9821
2272
2350
2672
6292
7797
8514
9736
7496
1564
8607
6689
5652
7450
9240
2017
2785
2699
9756
4376
4586
4535
1368
5236
6665
8043
8836
7814
4060
1271
8527
3513
1647
9334
8641
4747
7902
1904
756
9099
6605
4875
2706
5752
8173
9367
5707
587
4608
791
7704
8265
3299
8915
9798
4273
9478
9426
7904
5924
1913
2169
4713
7811
3245
2723
2308
8599
2578
2526
6905
392
897
333
3756
5757
4149
2348
1392
7441
1438
1739
2842
8008
8413
3253
7929
6987
4231
8996
8117
7503
6097
6299
5782
4310
5371
818
7711
5888
1667
2177
935
4582
731
9263
656
5590
1371
6895
7511
2653
7334
1423
1467
3137
8261
8476
7149
4122
519
7458
255
4360
4980
8535
6473
4828
9896
2843
1311
2322
1018
2282
8708
72
9814
2160
4091
1423
7487
7017
7647
5295
8703
4914
8418
6871
7166
431
6389
3626
4037
1494
559
3581
6277
9684
9235
9046
9687
8589
6869
2317
2589
1438
2383
2406
7046
5830
6343
9415
5430
5444
8757
868
8303
2153
6928
4420
7241
5824
9450
653
2817
450
5463
8548
6937
1694
6141
3523
291
3920
2259
8627
3896
5161
7815
6182
756
9272
1841
3304
7471
9617
8893
7153
3595
2465
8606
4835
5166
8665
613
1102
8349
634
9429
5849
5542
8297
8729
4383
6312
3629
1642
3824
4705
997
4820
1710
8456
5335
1704
8742
7642
5503
9190
7366
5512
4944
6570
6217
9403
2780
9976
3156
9595
6608
6518
9138
2865
2317
9273
4963
9205
4478
1785
5192
4754
5720
9306
6900
303
905
1598
8196
9046
3694
3783
9414
5584
8486
9210
9041
7165
7214
8755
2888
816
8473
9368
9086
4125
8888
2210
2892
3335
9992
5891
3765
2144
8070
8453
489
8022
9143
711
9807
9569
1635
4615
6235
9893
6284
7618
5749
8554
9459
888
3376
7608
8243
6999
3968
4839
7092
3932
9495
6852
5677
9730
4656
5151
7503
2732
9806
7137
2058
2826
375
5558
5491
3914
3957
3340
8125
8546
2680
6273
9489
6500
6239
2380
9020
7198
4135
6380
7060
3628
4731
7275
6712
5712
2617
2635
5165
6387
4837
9324
7317
2907
1741
6847
9087
1330
3357
3106
4707
6241
1987
6944
703
1830
1901
2575
7524
3551
6944
5290
7487
5145
4903
1151
720
223
6487
9685
6875
1646
3261
7529
2502
2328
704
3503
1058
6636
9236
238
9023
9436
9977
7987
1476
8033
9618
7378
1351
7083
2842
5051
1155
8490
9508
9295
4642
956
7512
913
5204
6654
6537
7026
259
6429
7723
1530
7877
8492
9196
8477
2987
9064
9277
5848
9958
8803
4080
9403
9514
727
3368
5794
9340
3741
4826
9289
8031
2009
6405
3061
6316
4429
5407
1419
3264
4017
3545
1307
2137
3648
383
216
2193
9792
4510
1860
2985
2538
7517
6479
1872
3520
3505
3138
2157
5576
5479
6008
5162
9400
2880
8192
3910
390
4217
8759
9281
195
7639
8512
1581
2438
6958
1690
166
1772
6101
7187
2485
1058
535
6948
358
5641
1067
4468
9202
7595
5281
1667
4951
9548
9115
5100
739
3550
9950
9399
3421
9385
3509
5116
5411
4154
8213
2726
6870
7988
8720
9285
7890
3063
2474
9140
8271
9853
5441
2154
2352
173
6668
5063
5296
6872
1646
4443
473
4081
3430
651
8820
6530
4718
126
2366
1853
9901
6014
1922
2525
1785
4016
2423
8177
6907
352
3008
8528
2372
6391
1321
9
4915
1596
8823
4502
1324
9316
7013
4968
5077
6322
6886
187
152
3145
4776
3604
506
4487
1659
2182
1617
888
290
9873
1903
1259
50
1018
61
7094
5841
5803
8167
2716
4131
4521
6484
2809
9003
5853
3122
3043
3587
3003
674
6621
1739
1894
9506
1968
5117
807
1496
850
1279
8787
8737
1369
2357
8838
3576
8422
530
8756
500
880
5132
713
9359
6423
2354
2015
4584
360
4073
6575
9737
9826
4534
8093
8653
5683
4166
5846
1542
2407
2742
1470
6418
359
211
8372
5437
7523
853
9264
7409
2937
9282
2586
1388
5542
9396
6297
1580
9382
5504
9476
4113
5293
4486
8733
5617
3745
7515
7596
71
1823
8091
5542
9455
2788
5915
3807
5686
8078
2390
3811
867
7843
1270
4766
2893
3773
4690
1460
4961
6883
9526
1811
9161
7523
9143
8984
8911
8105
9158
4827
5281
6584
5293
9431
9951
1510
1928
2134
9114
6774
7027
3771
3113
3024
350
389
1331
5360
4861
7685
3112
1338
1471
2520
7475
1641
259
9823
7634
8188
1634
1257
3388
3751
9198
133
1935
7030
7304
9034
3120
4513
2740
4031
9302
5488
1613
8039
1672
9969
7442
7523
1994
7931
6754
1966
1330
3068
3887
4498
4448
5688
4143
7852
5299
810
4721
2838
2671
4943
4667
50
1445
7447
1685
5487
7220
5647
6812
8003
3408
7154
5969
255
1450
3763
7215
5610
2504
6635
4328
4117
8822
6019
9691
2264
1780
3142
5688
7011
739
8780
4445
9717
7211
9964
8640
1435
9503
6891
9324
2395
3322
6843
5702
1498
1226
3802
2484
2495
4827
9575
3095
6141
8441
3192
1654
5187
4560
803
3622
7646
9960
1787
501
245
4428
1610
939
1961
6134
160
5888
6820
9855
5373
6882
5215
4365
833
5698
2628
8091
838
6518
9222
4245
546
718
9302
5730
6134
5692
2640
9728
8885
5732
46
7116
6352
770
6390
6465
8452
9401
6992
2044
3411
5308
1052
3157
2656
4002
888
9550
3487
6867
8306
8377
1783
279
6178
5460
156
4823
1464
4980
5936
3206
6406
9666
1040
9010
39
330
9096
7917
7395
6603
9182
5406
8442
1412
8446
5045
4417
1627
3036
608
8214
1043
6169
6529
4516
2706
1929
1809
5324
3004
4291
2064
879
2721
5919
9963
7754
2383
1476
438
8121
1809
1101
1425
2484
1241
4852
8727
6872
6097
3717
1220
756
1980
3470
2600
2780
6038
3583
2042
4670
7725
2219
2245
6960
1820
9870
3713
6106
5551
480
416
903
7842
8185
7347
818
1089
6960
796
8948
4419
6984
9472
8300
9111
7884
6444
5958
4625
2271
272
8227
574
7424
6248
8091
4371
1581
1102
6234
1456
9297
1369
9503
9432
5275
2745
6843
4013
9149
1947
6090
9737
6650
7190
8504
6065
2628
5574
6226
2560
8721
9091
2310
6605
7594
1751
2229
9596
5159
367
8881
2475
9065
2734
6715
4219
886
5888
6638
12
2704
7744
3517
395
7011
732
2371
6518
324
8561
8525
994
6077
7157
5401
6140
445
6192
1018
3898
2959
1122
1192
8742
2507
9263
6407
3345
587
6037
6720
2487
9782
2946
9183
4673
5003
4285
255
5436
1332
450
1713
6059
811
8886
2658
6662
5676
8054
9465
6139
1484
1419
1148
8988
5119
637
4621
738
6170
4977
4899
5877
1076
9977
6767
113
9142
7134
6808
283
8625
6404
1668
3658
3270
9061
7442
6111
2335
9945
4565
2936
174
8831
7619
3915
671
7840
3194
8484
4226
6133
7066
43
8263
1152
5151
9167
5342
2288
5349
335
8272
7873
1144
1675
4291
5737
9011
3468
3539
5672
5913
8061
4891
4611
8193
7555
4576
3229
7452
1850
7029
3686
7591
65
9500
5704
8128
6608
1720
1206
5917
1356
892
5624
7316
5824
1956
2118
9578
1916
2634
148
8722
6172
3283
5366
4267
7918
4857
2166
9554
5356
2992
4982
1018
5664
4392
1654
4322
1527
955
80
1775
339
7847
3000
7608
7611
1589
7620
39
283
2516
5832
1295
6928
1377
671
5449
2186
7223
7296
5331
3852
2458
4604
6857
7811
6802
4042
9571
8283
8097
7158
9784
4044
6427
8111
7788
2178
9690
9818
6207
7377
540
4000
6357
5547
1067
7532
8122
5688
1120
4657
6512
8416
4623
103
724
3798
7133
4825
8652
4859
4100
7139
396
2923
8466
8189
5434
4223
2808
1491
4158
5533
5393
9531
6104
7874
5552
7983
6344
6969
2285
4730
1014
4244
216
1726
2387
9226
1587
9927
3413
3791
2700
5880
2093
3389
7794
9489
4510
2073
1908
4543
9363
4927
1130
4069
7300
3234
6462
2752
5682
9530
3470
509
2147
1405
2636
3594
3108
6137
5945
6644
2348
2669
9830
1145
6951
266
9496
5762
8867
8042
2034
26
4948
4628
4083
3648
2096
8829
6020
9542
2453
9563
4775
6135
6111
9504
5513
2068
246
8770
3058
6314
2429
338
5727
3891
7899
3656
6747
5061
9016
9440
8836
9446
6210
7131
5482
8170
4599
971
1036
1087
4435
7164
6447
920
2787
6327
1115
5120
5804
7944
2688
5899
8978
3572
4556
4815
1995
7838
6579
1875
1861
4391
3422
6230
9507
3281
3533
547
7347
1517
3267
8050
1955
4255
7628
5574
4511
2082
1648
8437
5051
3325
244
3012
9233
8904
212
7343
3243
3815
6602
6769
744
1946
8929
310
5927
6029
9521
8584
5635
6764
876
4793
486
6134
6932
4563
1017
6103
7942
2508
6663
1399
7129
3610
275
4107
4909
4438
7013
6896
4614
9757
2263
1690
40
5922
8329
9462
4792
4484
7527
7089
8345
8229
7374
5339
1293
6893
570
1652
1247
618
9968
8229
9518
9712
3996
7149
399
2041
2012
4037
3464
2694
5913
2727
528
4302
7795
5679
2075
3812
660
7984
9464
9719
6615
6874
4805
5161
400
5053
9617
8155
6417
7515
9316
1722
5377
2584
4898
4377
1542
6640
2749
1276
7540
5607
2206
1582
2607
2517
984
1892
5095
6380
3938
1898
3574
444
6059
8215
7490
9562
3237
8769
1367
9174
2136
4501
9480
649
9824
8214
2048
9519
2949
1584
2698
4983
9155
6210
639
8114
8220
6531
3985
2863
1706
4367
2559
2874
745
5961
8545
9442
4780
3723
425
4269
7767
6931
9891
5523
3175
2747
8972
9750
9093
4616
6113
7019
8654
1900
1973
3153
1123
3357
8235
1062
3206
7725
9296
3922
3598
3788
5858
6753
9553
3453
9140
944
9520
3373
6681
5045
6476
7374
3818
6988
9635
7984
7246
8766
8176
2497
1836
8279
239
3813
1248
1689
438
7905
5790
377
9380
1229
3430
989
1828
9640
8202
487
450
2476
1666
9691
5866
6225
3541
4680
7369
1534
6615
4254
105
7478
3567
9358
1837
5034
823
1244
2882
7258
9112
8349
1485
2273
5038
5467
4614
7501
4950
8183
2193
1033
6561
2963
2620
7358
2068
4635
2191
1493
8833
3405
3261
8284
7852
4302
2357
656
3665
5484
9101
6180
6946
8083
7213
9792
5198
5985
4648
2977
446
8790
3938
1279
3992
473
5221
3426
7627
9760
5954
6751
1803
1754
3972
354
3614
9197
478
1653
1649
3414
131
1552
3796
1271
8485
6410
3928
1196
9750
8794
9309
4548
1000
3253
9072
1025
2164
6755
5675
2573
6076
4153
7024
9169
6616
9782
4019
2824
7430
4133
8162
586
8097
1336
9221
6201
1091
6563
439
3540
7594
4810
5105
965
366
4593
3085
1934
7606
8070
9510
6122
1205
3671
203
6646
4311
4546
7885
9417
7435
57
1955
5167
6969
7052
7713
3258
5356
9648
808
2492
5484
7933
6330
9224
464
1247
3089
9779
6428
4418
6194
4977
2168
6840
6966
9995
3976
1921
5422
2122
7235
273
3440
1092
8205
6960
6339
246
1940
2111
3316
3973
9322
3895
8178
3473
8165
8187
9955
7929
395
184
4269
1695
1974
5875
9833
8464
173
1151
1271
7163
3824
486
5835
2224
2205
2472
8981
2493
9900
525
3738
5781
9401
5341
3387
1537
9413
3265
3079
4414
1221
8388
3783
9973
8592
8236
1728
8608
2459
3124
3747
2472
4772
244
8569
5414
5795
9267
2240
2083
8023
7545
1312
9321
7366
7937
8057
9504
3165
3733
5199
1510
2402
9111
1446
4226
247
6378
3168
9649
8555
5905
9850
5755
5142
4602
7137
9536
4967
2338
9975
7414
5040
3495
7449
6186
3835
6270
7626
1478
5596
6963
1184
7745
5679
2775
1942
3020
4285
7908
1306
1740
7899
9514
5447
5735
9208
2618
5116
964
7495
2528
1433
510
5154
201
6963
8351
6222
7885
6853
559
1681
6272
4266
3206
127
1792
237
3199
2010
7849
6568
7306
5287
4758
4734
5389
9209
4560
2800
4620
2218
290
6527
6773
4420
6474
1215
6091
4967
8716
4724
5269
4003
2885
5455
7984
7432
7931
2914
7326
5406
5378
3863
4018
8081
2289
5579
6192
8190
5250
4668
4792
9730
4758
3593
2245
7745
3908
3325
6310
3078
8987
3916
110
1999
6425
2917
9338
8812
9892
6164
3356
8001
2416
6003
4669
4821
9430
9216
346
1544
9743
3788
161
8733
2151
9519
8522
8496
4011
9547
2603
7374
7882
2515
1992
1551
9198
3174
597
7254
7092
7514
1988
3914
6078
1445
4852
9374
7347
2944
2910
1408
8063
4767
5742
2884
9252
1451
3960
8696
8745
1800
9413
3649
7059
8277
4943
148
334
3272
2703
3184
5189
3845
98
6957
9283
5916
1262
9081
6214
8004
3099
7468
8299
6794
8958
6308
7451
8573
3454
2269
9406
7797
9566
5054
6150
5660
8782
2798
6327
425
5937
4388
4820
3231
1335
9772
3884
5917
1816
1750
3248
9552
4925
7870
1462
2502
3003
1773
39
5289
6867
8500
8926
213
6278
4264
6867
9070
6499
432
6511
6221
9187
6592
4696
4258
7629
258
459
9607
1924
5893
621
6581
4280
9365
2014
9286
2156
8024
2143
9918
2043
8555
22
7390
7694
1047
6866
3174
9055
9187
61
6268
2101
2311
5681
4575
5667
3599
8803
6147
8784
6590
2070
8584
6801
6064
1842
9336
3532
2305
7542
2560
5304
3193
8253
4942
700
2980
5502
9860
2305
557
2507
794
3123
898
9617
7125
3927
2185
8103
8157
6914
9886
2252
8354
2441
9920
250
5031
4433
3745
2976
2341
8029
2939
6985
6729
3276
6056
5455
3314
690
4059
4792
9208
2511
5549
9393
7828
7643
5980
2460
5576
755
4115
2151
1978
2092
6844
5910
1591
9784
4030
6850
2965
5629
5583
7557
4686
8819
4677
6000
4409
3467
4629
852
92
3152
1537
3558
6567
3014
1007
4855
9467
4374
457
867
783
1691
5612
6798
8392
6831
120
2890
9759
6200
1576
3034
2910
9589
2221
3192
8705
2314
6906
430
9657
4292
3676
364
1120
3692
1864
2037
6311
1521
2736
5163
41
9122
9983
6928
2554
331
7743
7225
2102
4067
8933
4871
8946
7197
1297
1270
731
7443
282
814
9699
7385
5537
9144
4683
2772
9900
5264
1544
8594
5004
3534
6765
1332
2038
7339
9
6815
2670
9521
7930
4954
9686
6460
6908
4029
7312
5706
5501
5793
2206
5644
1110
8715
3947
5340
3407
7445
2299
5316
2688
3080
8109
2029
2799
2265
6521
5884
3099
1524
3877
1957
6458
861
1988
3721
7375
1211
766
895
9385
6664
6778
5581
7442
9739
536
3723
8558
211
7069
6120
4105
2139
113
117
907
4115
6937
7893
3127
8915
769
4966
6856
9714
7036
2928
5768
8673
1666
3706
7538
3734
2633
1715
9578
9931
12
637
8391
4714
7742
1828
2452
8782
202
8907
8254
9983
3919
6286
6717
806
3035
9766
7975
9601
4067
4616
5305
9996
2245
6825
7355
9520
8737
514
9019
3011
7315
5491
2354
1720
4204
3241
6567
4380
9217
9533
4190
6380
8060
6265
9237
8321
5534
9127
1145
4122
7378
6760
3989
9075
6535
1652
5232
3368
7178
4590
9969
3063
9411
2229
3287
5337
1882
8089
4547
7801
9440
740
2131
4611
5276
9833
5334
3913
8617
845
3344
8739
8730
9927
6523
6072
2327
5647
513
5168
8663
4478
9818
7576
6450
7708
7075
5741
2128
1285
5693
5246
7087
275
2323
3406
5169
9759
113
453
2871
3752
6287
6828
7849
491
5151
1006
1210
8903
9964
3675
3063
1655
4719
4349
9907
7907
5279
3264
8440
8617
1204
7132
3782
8370
3364
3920
7528
1603
1882
2104
8961
1282
211
7597
4858
5054
5414
5822
5794
2569
3150
4578
3836
5332
7865
5735
1534
4443
6838
5516
9064
1067
6654
5978
8880
2397
5736
1015
7563
2414
5963
1676
5376
5892
7095
9686
8510
1482
3890
8016
4585
9677
2472
5989
334
1015
6942
1320
6294
8747
9704
8073
3509
3418
3215
4495
8070
2307
1198
2068
7837
5750
9941
6737
8635
226
8680
8107
8403
564
2148
4497
3947
9104
344
2159
981
1038
9181
7046
7289
5655
8619
4612
8967
3656
360
7840
7243
9190
4946
1155
9146
1987
9546
2982
2388
6207
9804
7135
8153
8976
2309
3826
6681
3013
9069
6453
3812
6917
6559
4052
4442
3277
7544
7124
8837
4858
2593
3073
5235
693
699
2900
1473
7698
5373
4791
7767
8252
3512
1296
5803
8018
5652
2354
4814
7210
403
3869
8968
8951
9953
2159
6001
8650
8332
1939
7401
5773
731
9307
2936
8675
7677
8123
6635
9388
6683
975
5042
5617
8533
1102
7249
8415
5459
8592
5612
4460
6312
141
8042
1575
1534
7583
5708
9998
6943
8211
1989
2689
5586
3982
1072
1012
1246
1914
100
1000
9454
2027
3968
3530
7700
5457
7290
6937
6823
7440
9176
6960
3660
1887
4714
8108
907
3489
4877
5246
7594
4543
7431
1820
1780
7024
4150
2759
4336
5233
6213
9476
4151
6983
3600
6673
9364
4549
4898
6852
797
3821
5817
3419
5237
6263
7920
3425
8125
4609
5389
6002
7353
5769
1650
9787
3846
3792
6778
2795
3239
7517
7805
6649
2891
5124
7995
2929
1504
2138
9608
7203
9688
3971
244
8615
4574
8335
6561
474
3558
5528
2957
262
5280
5811
4987
8216
5748
4291
4703
8980
268
7388
1292
7132
2063
3593
1214
18
8395
1116
7069
3640
1256
2285
4743
6596
4581
323
2743
3169
4941
7936
7403
4140
2656
4526
2991
2693
6961
8134
3605
6338
2181
6148
9606
3312
4690
1100
156
1177
5726
600
9655
7024
3657
2568
7674
1651
9176
9848
7452
2271
398
7951
7245
1018
4180
5559
3483
7683
5566
7503
1800
5332
8568
7981
9841
5674
4944
3773
5390
3972
886
3186
2583
5009
9093
1525
5571
1193
1995
5776
1652
9609
4248
5699
6883
6740
3326
5783
2369
2387
9379
81
7758
1039
8699
2859
3445
1947
6246
9026
227
2485
5363
8024
8631
6368
7970
4718
2466
4229
2907
301
7549
9115
9920
51
6152
9394
8406
6552
8879
7765
8939
2825
8736
6718
7896
439
9507
2682
3160
8359
1487
8078
2649
2834
3709
3133
4080
4661
8367
2299
3443
2939
329
4822
2011
7821
8028
9577
2384
3952
2811
3046
6259
2330
54
6575
6540
4861
3338
8801
8014
8176
7232
8447
5160
7859
4355
3696
7155
6711
4231
6329
6896
8784
2200
8476
2260
863
7769
5866
9951
2122
2123
7764
8341
7023
1942
2900
7281
9871
4679
6442
6235
7501
7421
8418
1705
7598
7859
4236
7742
8953
3616
2679
2428
1135
8
4909
3411
1887
2436
1906
5606
1075
5279
4682
793
3736
9372
9835
902
4622
7896
3614
9375
4729
3116
4828
9911
5479
315
3275
3905
4909
8146
4337
2805
9636
9003
9775
4679
7146
5641
7698
118
5124
430
7100
3470
1587
7341
7576
6166
9198
2044
2651
1134
3346
5252
8912
7625
1078
7242
4675
7933
7360
7652
8715
9250
4899
6887
3835
9220
8313
7232
6738
9995
9935
6555
9340
785
5123
9971
7863
5508
7406
130
8753
4739
454
3361
9014
2893
2444
4366
9912
9910
6678
5103
2965
4508
9850
6036
2360
4250
5718
9374
4993
8184
6848
6355
9816
2596
2558
8101
2886
1694
5185
2049
6981
7134
1521
4565
4889
8843
9650
2495
9561
3881
6236
8612
5218
489
3831
7276
8491
8905
9440
6933
8369
4577
8076
6592
6289
6209
9125
5549
4923
3029
2194
1009
4703
8204
6719
6730
2212
795
9431
8349
5805
2360
3139
8536
606
6317
8122
9545
1282
5541
3320
8861
7265
6374
9471
4703
2076
2333
5024
5720
7817
8073
4637
983
2044
1810
8403
5316
4595
6070
1326
3650
2557
2479
5007
9801
7539
5085
5894
3886
6417
3296
3745
7476
7676
3203
7552
1371
7290
7810
491
5600
1153
9728
6080
3085
7338
8311
9233
3047
5372
3358
1265
6104
7720
9837
1587
381
4462
4353
7242
9458
9326
5772
6994
1535
7798
7362
2818
6174
2149
1681
6405
9129
8825
6030
4273
6477
2749
2934
4687
4213
2064
3264
5899
9765
4648
6203
5473
5177
1646
3692
7878
5383
6516
5717
4379
1791
2367
7813
9840
2936
1221
8767
9511
7689
8894
8723
6171
2861
5428
3990
74
4938
4039
3106
2924
8160
4312
7558
7008
9235
191
7165
4112
9037
1925
6703
4518
7390
3052
6690
8484
1200
66
7785
4737
400
1148
3256
3295
343
4629
6068
100
5043
2448
217
9660
8787
5107
7687
8079
8884
8770
20
5306
681
1504
8934
2043
1332
4035
2069
7788
6438
1859
3591
8693
8804
5310
9542
5586
989
2304
6499
6766
2396
6212
5593
7888
4870
6685
915
4517
9210
4105
7041
1848
538
3518
5611
2951
6519
7702
606
3621
4356
3136
1279
3927
4228
5502
1254
3046
6207
3852
2478
7785
3146
9082
7667
8546
56
335
1532
9873
4152
9628
9072
9142
3340
6186
4640
7366
5853
6701
7321
385
6979
1695
990
8599
5894
1404
8028
2019
6342
1666
4564
4408
7739
3688
3531
8687
9069
6191
7911
7156
4313
9507
5046
7891
5580
8183
6306
7014
337
9435
6759
7543
7390
5654
7135
4215
1327
4334
6543
7052
693
2793
9232
3244
7935
1
8747
4415
9892
9753
6954
2971
7804
2626
1397
5261
5764
1663
1107
1033
9173
5304
6567
9143
5486
9555
4076
4496
1527
5806
8555
9887
6129
9138
1258
1015
3065
8217
6809
4621
7493
3390
9502
5442
3275
8712
7042
2454
2885
8014
9398
4567
1333
1945
4756
4681
7538
5947
9486
2201
2616
5564
6596
238
6070
8942
230
2075
8450
5575
5561
9136
1233
3160
9574
7279
4332
8615
9083
3472
2504
4025
191
5567
3424
8158
5481
7763
6441
1281
3180
4232
9786
361
6529
4248
6366
3058
1422
9690
3261
8528
9894
9522
4363
7959
778
366
1070
5927
6021
7810
8568
3560
3749
6963
2956
8227
5259
7197
8545
8988
8146
3281
141
9473
6901
4200
612
9814
6227
2139
8857
2688
64
8369
4350
5353
6680
6671
929
8625
8836
5873
6448
861
944
8062
1463
3684
766
4953
6046
2889
2275
1423
4051
136
5736
5004
7686
3787
930
4386
2495
5047
5552
8730
8074
260
366
6096
4194
1616
5709
7946
6581
170
6542
3834
5738
4129
2989
5209
7305
7439
3644
9823
1137
5141
4617
2714
1580
3176
9791
1400
1689
592
6513
9836
6014
2878
5219
8482
41
632
2502
8035
7741
4502
7188
9330
9918
9347
8326
5234
6963
5763
7359
3985
4334
1550
6132
860
7919
2086
1909
7121
179
808
6453
2508
5987
8249
8464
1002
8500
3151
7306
6699
7454
6132
5521
3552
4830
3933
6364
8000
4524
9295
9126
2086
164
261
2032
1061
2284
4301
6942
2787
2036
6259
6030
2633
5989
6485
8445
7368
4554
121
2206
3359
8521
550
2607
1150
5553
8256
6484
9444
6055
8935
1686
9814
744
1705
3418
3133
1250
3951
2363
2058
543
6467
4438
8380
3351
9326
9049
6520
7858
2886
2854
7778
2537
1496
2898
6253
7464
3320
8435
641
2232
1248
3070
6986
8512
6121
4853
1363
4724
2769
8528
5234
1283
7508
7706
4944
4488
7929
7434
3170
9361
897
1507
891
3804
8594
8165
3142
228
592
1874
2205
3891
2912
5598
1599
2958
4235
5014
5325
382
7686
5458
9757
6806
5242
6829
9418
231
5132
5392
752
2603
7792
94
8235
4737
7232
9017
1169
5778
7958
3724
485
9833
4417
6825
2559
3295
9801
983
4118
5196
7066
7968
6120
1416
6517
7625
7493
1973
2162
3855
781
1383
7969
3343
9861
9429
1645
2782
5292
3092
6655
8712
3496
7334
507
9274
6246
5640
7475
4312
693
6050
3014
5141
1965
3096
9240
9703
4650
9774
8380
7812
8095
2114
3412
2530
2895
8429
470
1581
1695
4132
2112
8763
5925
7937
4805
515
5319
5347
2785
4171
5095
2193
9157
8115
5636
3920
6407
3899
7533
6856
973
1139
3711
5750
4042
5146
487
5791
7347
8696
7849
9963
1010
8925
6589
270
3001
4932
2850
3545
992
3111
8654
3289
6425
8251
5232
8722
1089
2659
8452
2302
1783
9955
9529
1670
2541
8988
1228
432
2772
981
3084
4333
6931
383
3757
4362
8634
730
3990
3389
6025
9392
5478
773
3430
8430
2001
8984
7647
4514
7129
185
4787
9365
7819
1695
6674
4570
9732
5337
5312
3438
7128
4187
5174
1429
1005
7312
9202
5181
9004
3123
5818
1879
2849
2849
6395
4091
3733
219
8949
7692
8253
8406
8962
2611
8258
3512
5737
9419
908
7708
6330
6300
5358
2736
1902
8931
5285
2592
3279
2326
6702
2947
1447
4851
5884
3160
9704
5593
5309
9928
6683
1293
7266
683
3076
8714
3600
1802
9127
1066
1379
7532
4202
4116
2233
2319
7119
1038
768
5673
3067
385
902
9925
3525
8249
82
3016
7302
6024
8237
1783
7658
4746
783
2220
1505
4059
9429
1414
9128
4583
2811
2683
6803
6094
5750
446
7523
8385
2947
4474
3513
9748
2977
2419
1256
1530
9138
1106
7494
4946
2456
9765
7932
5701
4843
5197
619
9330
9834
8724
4462
7651
7803
3027
1555
2359
9731
1809
6115
9845
8641
2000
6271
1653
236
3284
9695
9423
9715
6081
2207
5726
3071
8528
6973
9988
3217
6923
6068
1111
3449
5192
588
9669
8168
8198
4067
4898
7135
8216
9011
7244
4318
453
8480
8835
6745
5848
6180
6761
5814
467
445
9859
8356
3013
9332
8636
7539
8393
9087
5187
6559
6625
7775
8275
5619
9649
534
2001
9320
8683
7238
9164
8167
7678
2438
2643
2389
9244
3492
7347
3776
4702
7662
3334
4349
5826
8555
5655
2996
4425
4302
4430
510
684
5338
3977
8015
1760
4331
4933
9222
6481
4610
5885
1592
737
9607
6763
2521
987
5566
7780
8996
721
1662
6708
7174
5544
2520
5097
7016
8319
8711
8397
486
5063
2741
2590
2728
6312
1161
3857
6139
381
6162
9071
6249
166
3272
4522
8775
5493
245
3108
9416
7578
7170
8615
4638
2369
8809
9739
9875
4043
8249
5454
9308
5114
3220
3249
8223
9442
7352
4504
4496
6827
2735
2475
177
9560
3662
5053
534
252
6585
7843
8401
8890
2686
1628
8082
6800
8172
1416
3901
7195
8454
5207
2267
8989
6294
341
9859
6553
5573
5383
3049
7442
472
5101
1264
4450
6027
8641
4889
5253
7908
2393
340
9106
9944
6233
8686
4219
2247
9050
1311
6226
5598
3143
945
2789
6288
1112
1502
6629
7701
121
3468
8661
7411
9452
116
8445
9750
5554
9469
5512
4404
4808
5423
111
1047
6930
2273
8018
6094
1678
2812
1285
1690
3565
3460
4066
307
5433
8163
386
734
2030
3993
9211
4794
5967
8917
4184
2377
2122
283
9124
9714
3357
1117
6519
3874
2607
7418
2056
9015
7664
9333
5427
7873
8446
2731
5748
6788
1608
5463
8157
2287
4697
3764
6785
7673
5644
5715
7004
1977
6719
6261
7787
478
541
3870
9805
4246
7879
1077
2898
6837
870
7427
8382
1774
8190
250
9469
4957
4114
6260
5453
1637
154
620
9628
2792
9684
7138
97
8642
5216
6734
6821
9371
230
3035
5720
4185
662
887
7993
2753
8059
1107
2328
8505
5682
1309
3124
3438
9705
1664
723
8611
5744
1807
9440
9834
3085
9266
6497
6249
4716
4846
2917
4707
494
8593
3643
2131
2962
522
1337
9005
5070
6268
8313
9092
1015
9547
1702
7012
6396
8006
1294
4479
3803
6567
4682
2600
99
6729
5907
1473
7169
7071
6418
2959
7091
9021
4559
5973
1200
7414
5265
1537
6945
1649
6376
4814
4164
7784
1535
5311
5066
2962
7619
8625
1139
7315
5857
6903
5770
2259
1843
3170
4869
6811
3422
5534
4583
3806
8611
9196
4293
3190
4300
1104
5518
7415
8031
4789
9152
6629
7590
5127
6515
3013
2886
5582
4490
3202
6283
8450
8544
173
5641
7750
484
8277
2891
3727
595
5619
5334
8963
8542
7241
686
8165
5565
8159
912
2996
8426
922
9595
165
3268
7440
7877
6812
2225
3727
4985
1359
5931
7741
8151
6791
6633
6300
358
938
723
7111
6769
8203
3069
6974
6265
7821
9874
9130
4217
3813
1423
7459
6666
7148
4535
2058
9546
6157
3752
2394
2495
5530
6205
8113
139
4491
2329
8237
5650
1758
4671
4420
5867
6179
2784
5359
5316
523
4373
702
4870
2558
6959
6436
9320
832
826
9658
437
9956
100
4243
731
4101
3012
4477
3281
3264
6862
2723
7997
2914
6825
426
9937
3396
4334
4932
7637
1664
5914
3661
2125
771
2568
5441
6600
5886
3978
4372
2034
1197
1575
8582
521
5869
121
6125
2364
4112
5352
8431
5963
1038
4971
7191
3464
1158
9985
7874
1343
9844
8059
780
4977
9786
5269
4739
1182
1945
4224
1416
1730
6292
6070
9922
527
5168
3034
6879
6547
2290
1486
7957
9370
2305
7075
1333
2671
4453
8410
5141
4078
7731
8837
6982
463
2638
4402
1315
9300
5607
1063
287
5343
8762
3871
7346
5809
902
3378
7277
3731
1000
8197
5582
7651
2315
9378
500
3866
5737
6499
3804
2450
4204
6039
8307
4901
9564
7631
38
4481
4299
8230
5315
3945
4797
4736
9891
3246
1787
4853
3537
9645
7519
936
8546
1755
1404
3006
3037
365
1517
6767
1457
6198
1182
1385
9728
5278
6428
133
9521
8358
5086
4957
1729
2268
4756
247
7678
4707
4038
7618
4427
7338
5112
6367
5314
6501
7739
5890
5580
8463
3373
9923
4781
9102
3011
8677
3044
3926
8052
3021
2131
1618
2318
2242
9512
9255
1084
9565
1962
2318
7885
1208
1563
2410
4857
7655
2505
3726
6429
735
277
2359
9965
4611
7325
6788
6286
5861
630
731
8391
5176
5203
670
7483
2079
8814
6858
6666
9841
384
5419
4884
8636
9202
8034
1075
4128
8482
7063
8334
5861
8512
5500
5181
74
9934
6200
8093
7245
4446
8832
9465
9357
8597
3757
4302
5085
9809
5573
6522
8612
5649
4282
5979
1421
1595
8904
1030
5341
3186
2192
2791
406
2430
9993
2481
4421
1548
8758
3690
174
1868
9911
1436
4416
7502
7227
797
6924
7831
8940
3632
4805
5746
4745
1627
7561
7452
8836
9336
1865
5195
5803
6633
7212
572
6282
1386
5672
2008
4603
6588
6281
5596
7829
8427
3432
3567
110
1593
4806
2272
9663
5744
115
9202
8873
7179
1749
4378
7234
857
3295
3295
6314
9112
4749
4270
2416
6221
8221
8905
5426
3999
9483
5097
9156
9032
2668
1574
6534
3984
1819
3382
9383
4388
441
6202
2095
8843
891
3944
8607
2110
4865
1082
3894
2183
5690
8433
4566
9616
3218
2928
5506
8583
680
4751
1606
7036
7503
7471
8672
7230
5006
8855
5731
5030
8287
9041
9203
1796
5519
5322
1687
3005
1761
1986
9230
7994
1647
9755
3030
5068
6640
7894
9030
5115
779
3152
3098
2343
6627
5351
7819
1401
5805
8146
2718
6020
5773
858
4376
7481
9156
9448
6855
7119
4026
776
2154
3648
7158
9439
6165
171
232
6737
8776
5399
6402
5791
2659
2655
9559
4623
7910
2402
9776
8109
9454
8471
8414
2635
650
9547
7969
2803
9874
7022
9727
4981
1231
2004
109
7653
1062
452
9810
1191
2739
7209
7378
5421
9320
8430
7864
1077
3179
7872
8853
5180
9682
2757
1055
406
7944
876
6146
3502
836
9680
8055
1322
9948
2254
4753
7530
8228
8378
7249
2574
7385
5757
3356
9871
704
8551
1530
497
2791
9263
8967
9239
6696
9582
237
1266
6222
7979
4808
7669
6331
4583
4058
7429
7980
9514
1886
4333
8423
1989
5445
6793
4043
3235
6594
9424
2997
5901
9458
4923
5805
949
6986
274
1909
8244
9135
9380
9058
1683
7912
486
5521
3480
4222
5583
7561
7495
8919
309
9155
3489
7656
2497
7424
5990
119
5160
9050
6774
7223
5727
176
3865
2180
8930
5546
8660
9113
8168
7015
8099
6890
3429
1733
4428
1779
947
5258
3365
1182
8416
7586
2367
5808
7867
5082
4946
6289
574
5545
8769
9723
5809
1344
9752
1653
3392
1977
3546
1805
560
395
1912
413
7016
6077
4798
8041
5324
8681
2518
1650
9414
2243
2303
29
69
9991
1547
4016
6854
1048
3448
6159
380
8396
3131
9415
7854
6073
2998
9589
5103
428
2198
5089
1531
7283
7504
6797
6457
754
9977
7348
2261
9993
2078
7268
3291
2700
3643
2279
8961
4577
3878
7880
4870
5574
1342
3012
7105
9449
4009
8782
6729
9129
3166
4642
9243
7436
6597
8998
8350
4764
5808
4326
5384
9098
878
1552
2893
4679
9891
1783
2621
3449
7471
9237
7489
5795
1500
6678
5450
6533
2691
4614
9213
6377
6195
2267
8254
8761
4221
3670
1511
6246
4789
9759
6458
7226
6983
6017
4521
9535
6453
5589
2533
6365
1556
3366
340
8586
2753
8723
9027
413
5569
6403
468
8435
4987
6797
1121
6906
7266
5744
4645
2336
1991
1932
7391
6646
5847
6002
2302
3036
6575
4234
2160
8967
7483
5496
3620
4715
4511
5552
8143
4445
1746
5078
7248
5524
2248
552
1005
1070
4231
7642
539
9078
2722
3206
6607
8707
1587
2548
6794
9080
9425
37
5173
9915
587
8576
6624
1154
504
3474
5412
8854
1665
4412
3281
9415
9735
5244
2948
7357
8502
9134
4482
5952
6871
7366
2531
6447
1446
513
3467
1457
7292
8316
2382
5155
7732
2556
1485
4354
8966
7065
5320
1290
6454
4951
4209
2758
2405
8472
9232
3253
5622
6619
8981
6518
8731
6793
4557
8128
9134
5465
9685
6936
251
9783
4468
775
5534
1954
2502
1621
4825
2949
8044
9181
218
2710
3619
4595
3604
1652
7543
8490
9662
9936
7719
5033
6350
1751
2823
2247
7675
6202
2660
8490
4275
5272
5659
7969
2784
4995
773
7750
3126
8909
5488
3717
9512
8332
816
7654
1467
8537
5304
346
1591
9928
2472
9277
9052
2170
4437
1260
5920
3414
5588
6867
2064
8039
38
3823
8799
3900
4560
9873
5606
667
9744
6922
3891
8195
7021
6133
7456
7966
7070
3987
7441
7720
3657
7617
6267
3216
2277
8789
1226
1482
1284
2017
7529
5700
4900
6547
6646
786
2691
308
1225
8371
6079
3936
8445
6246
6778
7517
3044
1325
3752
9919
7407
3280
4164
7361
5042
9488
4026
6179
1213
8379
5600
3865
2610
5478
8408
4735
9054
1564
8097
5046
6669
6580
6363
9808
1157
2511
9093
5332
5040
1943
9779
8735
6143
463
9731
1638
5661
3719
9790
5982
9132
2142
3185
3047
466
9087
7841
6092
763
5617
2162
6204
6026
7323
6169
1882
2920
6732
5862
3588
363
5154
6374
8890
9963
1533
1376
260
9953
7654
8274
3616
1363
3979
9464
278
175
5136
1199
7781
2773
9187
996
2048
2955
8077
266
8445
6478
5538
5440
7051
8478
2207
7210
6925
8070
8521
5907
9837
9936
5991
3142
6577
1250
9781
4262
2255
3961
150
6524
2288
2558
5795
6114
3006
1794
3582
7058
8429
3262
9106
186
599
9860
5116
6516
2322
1281
1832
3847
2135
5381
8821
3266
7562
9580
4774
5533
61
2231
2908
5912
751
3670
1566
3927
4263
9608
9925
5553
4816
8253
215
2348
9732
3887
8453
8078
1713
7886
5399
9591
1457
672
7612
701
6591
7982
8065
3766
8451
721
4217
4405
5178
1005
5166
183
2742
9170
9277
9672
9353
5300
3541
1778
3780
8752
1479
4991
4306
7060
1512
782
4115
9967
906
5681
8736
9856
2636
7102
8635
1854
7632
5906
3637
7893
8672
8700
2325
2754
7904
3526
631
7611
7455
1742
6338
3583
7126
2449
2243
7631
7566
1615
2979
8282
7177
4903
5460
3261
2954
9119
3989
1850
3706
7576
2324
5476
3060
447
9419
5555
2837
3644
687
7336
8262
5065
4098
8557
8232
7261
7925
7595
6033
5141
4994
5848
9921
3548
5628
2971
2647
4404
2341
166
4986
3826
7535
7659
8142
4707
1404
7749
7377
7722
4370
3467
889
1206
1005
6103
3527
4111
8001
1835
5492
920
1181
9254
9670
6524
2599
4633
8122
9446
313
5666
3165
1820
5311
9635
7020
903
2149
3105
2451
4613
1035
4228
318
4575
3171
2918
3080
4955
459
618
9331
3648
5025
7720
2147
6806
3480
7907
891
4357
4554
7027
3994
6202
127
9388
639
5816
4357
9598
6166
1172
4068
5681
6439
7123
2796
2343
5775
3302
5671
6963
8758
3173
2336
8750
4366
4025
1255
3254
2658
1241
4061
3790
5839
292
8368
83
6051
4633
5610
8220
9937
2146
1194
7220
7427
33
476
9716
193
5307
394
6582
8571
8320
2593
7141
115
3656
6215
5551
9592
879
6691
3182
5593
1714
6356
9078
4388
5999
2030
4068
5648
5053
8229
9757
6728
4540
6710
6953
9735
5852
6695
7546
9029
6039
5593
9687
4486
2459
2447
8719
948
3606
5949
8500
4573
5502
6766
6038
1276
762
9941
4122
7351
5431
3892
7870
1524
7895
6951
5815
648
6198
1177
5347
9674
6964
7812
9749
2256
7298
2496
7974
3216
9351
9885
4352
6001
4408
9418
3471
4872
6917
3310
343
9596
5285
9866
8229
3030
7919
305
430
6897
2356
55
353
6948
9527
2952
3371
6513
933
286
5027
8174
7537
7593
5850
4577
582
991
5320
9674
2568
1509
6014
9744
3961
1866
2765
3753
3163
747
7841
4219
1964
5417
672
6089
7712
9790
8018
2416
6862
1777
432
9135
4445
8009
9215
7736
5067
1582
2577
7807
5715
7377
6253
2999
8656
9114
1149
948
180
3760
6901
3996
360
2814
6577
3936
2131
4572
4546
6963
9639
5883
4549
1530
5541
7925
8757
7424
1645
4808
7826
7998
9486
3478
7813
1752
4706
1099
6572
7278
6701
476
1352
8749
9907
3944
8627
4536
7889
3032
9198
6533
2719
1089
8080
7102
9608
3380
4708
8842
2472
371
2385
9467
3771
6391
4298
3415
123
831
6993
2720
7104
1487
6639
5267
4465
9150
5507
7141
8705
8417
7540
7674
8025
4108
8703
3623
3485
8399
5275
5482
682
3589
4995
149
2495
1480
7759
2691
7810
4762
7800
7921
8932
7530
1233
782
3576
5655
3364
6910
726
6320
7394
4807
9906
1990
5011
3673
5601
5145
7861
5453
2742
8383
3863
9683
8240
1357
4076
8872
1650
4343
1032
8543
2525
9976
5907
7446
2571
5299
3801
8645
6518
6589
799
4321
4273
7751
3948
3781
1381
5435
9263
7195
4550
8095
2016
9649
2364
4654
9011
2662
8101
4293
1564
7803
4905
6639
6482
9793
4621
2437
9534
4134
3502
8289
5575
6877
2135
1953
7723
8084
9011
581
5175
4106
8466
6450
8754
1163
7038
9401
5529
2063
2423
2026
8002
597
3122
8982
1626
1351
2263
3496
4398
6983
5446
8859
7585
2806
2534
5791
3413
9353
7286
2466
9501
3377
9017
272
5912
4921
1402
3951
5506
8792
5685
7773
4710
997
848
6994
6634
5409
6372
7594
8126
8031
8241
3869
3064
5017
8037
990
9872
7103
1236
8720
4315
3024
5898
