6082
0
1013
8816
7408
4368
5040
5360
5973
7428
255
6232
4631
1050
767
7485
4302
3000
6473
574
3512
5429
4817
3242
8349
4450
9090
8272
9537
4943
3433
3762
6204
1815
7506
9152
5783
8876
7180
3430
8522
2044
7969
4263
8296
9108
6991
6857
1035
1015
8390
885
9476
3988
6824
1951
2031
7615
6631
8556
7939
7689
9366
1281
9119
8469
9596
5456
3992
4934
9797
7381
4163
3973
7437
9335
6811
8526
1552
4291
8251
5317
6442
7185
8177
1288
8916
8619
8944
9939
3285
1629
6280
5783
9673
7989
8370
5739
1355
8020
2141
3605
8746
8333
6537
5977
3424
1081
1453
4787
1949
8753
7371
8817
1588
1165
7419
8578
5097
5456
7507
6226
3591
5712
8107
6430
3245
6143
6963
4595
8707
6499
9535
5176
953
3569
5062
3092
1638
78
6245
4893
4012
1733
5980
9587
6182
1275
8206
7815
2941
8691
6744
9544
6939
8299
6256
5541
5642
9340
1509
4559
9157
2535
2233
5717
8490
3534
4576
7399
9379
7876
5790
4951
2468
4882
9785
2833
5223
7113
2343
1545
9531
3538
1072
3219
2215
9003
1806
2959
352
9641
4176
5208
7460
7627
4429
2396
7674
2705
9640
7867
112
9856
9964
2979
9396
210
8027
9221
2599
5638
7648
516
422
4542
8375
7133
1904
8407
2147
2337
4983
1994
4733
534
4292
42
3118
1909
9705
9702
9074
6454
8447
4177
4200
1438
1278
139
9866
7267
5137
3560
881
6643
4224
7837
7195
1093
360
4569
9161
8863
538
6344
2018
9739
9730
1217
2938
747
7429
2249
479
9273
2693
1940
1160
9940
8642
8280
4329
2800
324
3172
1049
3605
3958
124
3518
7065
1471
7693
1880
5765
3006
3783
8324
6042
4675
4621
5243
6677
9757
6492
892
7501
8212
4626
5936
4373
2151
3661
5929
139
4855
730
5848
2974
520
5672
7429
8909
1991
1156
5543
2752
144
5929
2976
2447
5316
1516
1302
1826
4487
610
6729
7009
4348
7776
7029
1114
7126
109
7024
4179
137
8164
9047
6701
1311
5734
9739
8809
9097
2680
6588
2023
1417
7346
7859
286
5659
5463
219
200
6555
7800
9418
527
1595
4324
3788
3962
7229
5747
8383
132
778
2358
2121
3241
2402
1274
8536
4248
2302
3138
8807
5888
5377
9166
9128
1855
6069
4873
2333
2561
2197
9783
2855
8079
1053
9434
319
3968
5747
8525
2132
1969
5221
6115
848
5767
3916
4511
5720
5039
6642
7714
7055
6159
4937
6042
53
2679
2341
2347
8118
2451
723
5387
3718
2452
1597
24
302
9455
2398
9000
4869
3524
7263
8239
605
4232
6194
3999
827
8425
9621
3262
1642
6302
9850
309
489
273
7683
8461
8427
2687
2192
1780
8064
4375
5356
1595
2220
5386
3757
3152
8118
1457
7908
7206
2781
3736
9868
7213
6980
5153
9169
8106
7994
1887
9104
7010
6706
4026
6724
2278
2897
4145
9907
6801
6628
9094
9094
138
3138
2027
2993
2587
9055
2676
7754
6377
1929
4724
1267
2587
3438
1553
5579
1437
6320
2127
2026
6563
8373
1964
8272
2154
1078
8180
7739
5624
8768
2329
108
7163
8584
6675
2054
43
9774
9797
8545
9453
5414
2852
5395
1521
9000
8714
8936
9139
5993
5517
9730
2712
1138
8635
2276
8992
5722
4524
8016
133
6226
8536
5683
3960
6760
9675
3097
3644
8427
8851
2357
5791
450
7018
9937
5039
54
6339
5446
8469
7555
2276
5684
9070
9811
8073
1352
2005
6228
8570
2888
8770
1126
3336
7990
6009
4236
2156
7011
3026
3198
8126
1972
5455
4178
4167
4077
3486
313
4792
8291
7913
684
230
2947
9393
5227
9459
1806
7545
322
8946
9146
1268
235
6729
2133
6737
457
5714
5818
4922
8092
8406
6146
2878
6258
7436
6541
9503
9410
947
8004
7058
7970
6449
6010
414
7652
84
3933
9662
3145
1460
4400
3494
623
5495
7927
4819
2189
870
3668
1673
5511
4582
5092
4825
3456
3131
7952
7876
450
3933
1569
4883
9235
3342
4384
1092
6948
9844
8188
5698
7084
855
8098
3662
2990
2154
6203
9676
9766
5557
5812
291
4564
8458
3580
8148
519
9698
5950
7515
566
4764
3310
5293
2207
4051
4812
2021
8615
6500
9721
7029
6983
2922
6466
4511
6580
1109
4259
8789
7329
674
7865
4638
1457
3900
4530
6730
96
2141
9709
4207
1954
7120
2218
4509
5151
7466
2790
7876
4201
3288
8111
2273
9666
2768
2655
8838
8290
269
3742
6592
7853
5241
5053
1525
5242
7794
4790
2066
6873
6689
9399
373
8689
8176
6331
9978
356
7735
2999
754
115
5120
7724
778
8825
7835
1532
3899
2209
823
5982
8830
7537
6583
316
63
4847
7572
5177
6079
3211
7046
9755
4854
2089
7614
2064
9184
510
345
4025
7261
991
339
6674
577
9887
5056
7622
8305
421
7905
6005
462
5585
683
2496
7440
8492
748
1881
8017
504
1031
527
640
8441
5293
3545
6851
4652
88
8875
7138
8099
9609
825
3450
3983
4694
3253
2543
7008
5613
1525
7712
5494
1457
433
7608
7294
3117
47
16
9026
9122
8447
1628
1490
6735
689
907
4406
6197
8603
5364
5413
5487
3875
9203
2297
6927
4484
6748
735
325
9152
3415
8194
7099
5461
3914
2622
6723
3566
1494
1984
73
9950
6416
9127
713
4370
499
2099
2996
2054
9470
9524
2829
1247
5072
3843
6502
5505
4412
8311
4680
5513
6645
3484
2568
2699
276
1999
9678
1686
4219
9800
298
8652
2478
1627
8609
7036
4810
7567
7305
9494
7079
3942
2172
1300
9086
7319
5946
2404
5651
2419
3935
1059
4301
8334
1028
6579
5901
8150
5878
9029
4988
5636
5761
2985
9727
4890
6618
2380
9255
3714
6736
8813
1861
7787
675
4668
4717
7895
1159
2623
6578
7808
2617
2737
3124
4266
9190
3365
1798
2268
3151
379
9569
1540
774
7215
3523
7506
997
3387
1853
1557
8649
5728
4386
3482
1906
8840
7014
9759
2906
5524
3866
6476
4127
9025
2376
4184
8939
8311
9192
6440
8711
4722
3169
5176
3339
2125
5981
879
6957
752
4900
3942
8420
4161
2175
4942
8710
8657
4193
6957
7395
9549
9442
1256
9442
5387
729
9416
1006
1901
1191
1231
9185
3423
2619
6767
1784
6065
5573
131
8863
6430
4821
4815
8991
5555
9594
866
5848
4632
6801
5605
6206
7699
5116
9542
5421
6622
3862
301
9043
130
9095
4784
5176
4709
7489
1760
1872
6586
8846
5408
7466
6765
7562
7830
6525
3695
6772
5219
3678
3176
427
6909
3213
5501
8182
4176
9163
5015
7612
1542
9323
8600
9887
4229
3556
8749
350
8979
959
61
6611
9306
5925
6612
3717
7133
9737
2290
6499
2502
6594
3150
3619
7771
3677
3186
8938
1215
4424
6943
4411
2501
8416
4885
2119
7190
1942
1117
9184
494
8922
9962
129
3133
5034
6624
5030
4733
1233
5360
6525
5151
6369
7819
9573
8793
1401
533
3261
6796
3805
2462
9335
657
3847
9307
4058
515
979
3287
4934
6519
6930
7364
5587
565
5021
3073
2124
4572
9948
559
2169
9234
9786
6640
537
4958
1177
1116
1845
4385
2926
5818
3488
2232
3665
4714
6364
4693
3108
8905
9128
4292
9606
7597
4942
5442
8200
4375
9081
2347
4627
9686
1867
5865
7304
4397
2583
2249
7176
5897
4473
6981
9695
162
26
7010
2038
404
9425
1768
6811
7135
7980
4854
9109
9702
1352
9277
5343
1999
3013
6771
4347
8836
7785
1617
5028
7442
2897
3533
7258
3997
4883
7389
4979
1697
8292
4206
3450
5374
6732
4944
1740
7752
6985
4947
1091
1352
726
2829
6125
8539
9165
3997
402
2253
7072
2602
4647
5442
1207
9570
373
2688
8393
9506
4593
9531
7607
9315
4380
4449
548
7315
702
7154
5731
2928
5287
1027
645
8192
7471
7107
4627
4266
8291
3184
7510
1631
1915
610
7855
7968
6724
8587
7256
1914
6407
5152
5333
7159
8540
1798
5407
2812
3994
8385
3442
8649
7116
3156
1628
9684
3143
9193
9998
7927
2595
5315
8708
1336
563
6615
9116
7463
4936
1058
8507
4779
7617
6566
1814
9790
2461
882
864
502
3620
8052
6183
7640
4245
365
9797
7967
5747
3761
1239
6704
6146
107
1034
3862
8067
2877
9796
3869
4130
6247
3178
7163
9471
7048
7215
4463
9933
3965
5163
8797
6765
5263
9025
7069
4254
6371
6838
4225
7298
3875
3458
705
2846
9923
3737
6308
6622
9099
471
2617
3155
9276
2665
1733
7138
7723
6161
3637
4341
5965
7551
3746
7685
3745
4869
5529
9746
1338
7629
5663
2363
6105
5673
1205
913
5732
8413
4977
1832
4619
1826
1404
5357
9616
4844
1322
5805
213
2581
9892
6631
8706
4962
1017
1829
5205
6694
6242
9884
68
2589
134
1650
9869
5463
4314
3659
4595
6804
5334
8189
9297
7094
4244
4658
85
5554
82
9291
6181
7605
6734
3459
2002
7818
8287
134
9252
9684
9128
220
830
3411
224
7479
9308
191
7364
7528
4546
7129
9569
4996
1499
3602
2767
4517
2580
1184
4979
6294
7965
8201
7007
3701
8153
377
4836
1389
8056
9940
3857
2648
5537
2279
628
2246
9558
4378
3698
8171
9692
2797
5341
5285
2371
5793
3981
4986
7439
4600
2298
9689
1322
222
3292
3162
3356
9466
6079
1529
2076
3724
607
6338
1461
552
2320
6732
3197
2247
1567
3453
8953
1222
5022
4596
3107
688
6656
9626
1712
7959
2131
3284
6086
3036
7486
8718
7932
1961
7395
6125
162
4575
6265
6695
55
7098
3962
5991
8072
6687
3943
6256
6921
2405
2864
1787
3842
5737
8197
3377
888
7995
1842
6630
7349
4929
8144
9893
72
8921
6727
5
526
2914
7031
8011
2678
4408
3068
8285
1303
8295
3836
1207
3540
2230
88
1019
1952
7119
4625
4204
2082
5218
7096
9492
8394
5329
7519
1309
6740
7224
896
1525
9088
9437
3324
8025
9344
5186
4948
5914
9435
6521
7763
2410
7703
2988
6164
3952
4302
7980
9259
3672
3867
545
7007
2964
3985
1444
3889
9867
1788
1089
1650
7494
8430
7544
2519
8594
5552
9856
6379
898
9411
6350
2699
5603
9527
5304
7042
4579
2867
1007
6102
4442
419
9353
5831
1923
1450
2359
5718
1455
3116
366
1195
5209
2275
5089
1300
3604
3539
4739
1225
1413
2292
8096
4355
3125
186
6273
1267
3787
9091
7305
1553
1300
186
5115
5967
5251
4262
1578
7393
2656
3779
1049
9000
2077
8430
8808
9748
1973
2445
1212
5705
8638
3424
5400
7960
9111
9297
792
7482
5876
1469
9736
7194
6533
2704
1385
4307
1270
445
5698
9373
2239
150
9781
557
9363
4197
3211
6944
5931
742
6796
8796
7887
6544
3630
2132
1855
3250
6863
4406
9954
6639
7737
1937
1513
5663
953
3910
939
9585
8927
6406
2915
476
5401
9084
5430
1739
7446
684
5139
1469
292
3421
1275
4901
8418
6718
9292
7925
4657
5185
7718
2674
3053
6119
1678
3358
9620
2013
9111
2462
7364
9116
5011
6662
3125
2740
4187
2512
4787
9566
6752
2808
4128
3824
4725
5806
6587
6913
8246
5664
160
4919
2314
869
694
7292
3106
9044
7874
4146
6143
595
6061
8904
1716
9112
2212
4822
5062
1902
5905
7536
4429
3319
5609
5338
7844
5519
3459
5889
7167
1897
5594
7314
9293
1027
1830
8522
3358
5807
1930
2560
4243
9636
6740
4607
1349
5475
5438
4306
2620
8560
9109
4819
9058
684
5971
9178
3756
8729
1561
8659
7745
3763
8091
6883
2457
1895
3589
7392
2368
5583
5333
853
2552
9225
6663
8836
1978
8764
3832
903
9732
4427
1153
6429
7488
8153
48
4031
8693
3669
4158
3485
4113
4676
1827
7507
8489
9021
2791
3262
8356
5095
5293
1226
870
47
4921
5970
2615
958
2337
8527
9368
9250
1636
5725
9392
8383
9606
6908
7034
3557
6464
1365
4225
7135
4448
148
1372
9840
6219
7624
4643
9350
5899
7686
5246
3463
2278
4845
1899
608
5024
3112
1915
9915
8904
9616
586
5425
5030
5943
3149
800
9404
2918
4076
1519
9152
2935
7362
1959
5829
9205
2588
3208
6625
3786
4389
8648
3726
717
6474
3472
4246
2557
6219
8180
1275
9013
8403
4151
5643
3241
5795
8786
8799
1691
2855
7441
9971
657
3354
1485
3993
1102
5080
7223
6608
6591
1687
6512
1427
4147
8405
2563
9013
7549
4708
4923
7119
6495
5634
4991
736
9541
672
5406
2324
2790
6305
6095
524
2619
8894
2156
1985
7372
6646
1634
9000
3441
6365
8534
1207
5620
642
8187
4435
4016
6580
2109
591
3419
2009
8132
8214
408
7663
8792
81
4082
8640
4338
5235
2723
9074
5635
7638
4865
7324
2974
6930
4154
6049
7163
583
1011
7064
5958
992
7347
6489
3915
2310
8961
229
3217
2783
7642
2998
2409
3393
9068
3795
4226
5945
5624
9818
1095
9720
6174
8187
4765
2439
64
5463
147
2114
6929
8969
2399
8710
2096
4501
430
7562
6935
9548
6748
3932
6545
4838
6660
2390
170
4111
5691
4322
5799
4733
772
6103
4815
7779
8637
6142
4552
4364
5739
1067
1449
8769
4987
2384
2386
9111
8093
4734
9462
8503
6928
9935
925
9295
4770
8544
8468
2360
7721
7470
7791
526
9180
3616
2576
8871
438
5161
691
3560
4614
3879
4631
6388
6498
6355
9179
4448
6655
5263
8846
8883
7948
9453
9803
7145
7277
6657
8433
7872
7726
6980
6878
2473
662
2909
8793
6525
6397
3515
2714
6600
6063
2797
9747
2377
279
2636
217
9081
846
5218
8856
6418
5867
8274
2438
4163
6082
3693
6695
2049
3039
9271
4431
5075
1051
5999
1605
3766
1529
7993
1988
1729
3076
6208
2199
6638
4076
9059
515
8090
9978
5177
8744
4494
1462
2961
9405
9525
4185
3587
5448
212
5628
4433
4450
53
7492
4129
5158
7833
1299
2822
6540
8780
478
7135
8007
2075
3095
671
8605
1868
9257
7626
3215
5554
2149
8076
7803
518
5832
9870
3245
5213
1433
4071
5925
6176
4583
1846
7054
389
2392
1509
3976
9713
4869
8935
335
5848
2445
8624
255
6282
7684
9931
2804
7164
4067
5509
5089
2192
6947
1694
8127
9151
4248
4929
2397
187
6481
323
5033
486
9261
8444
4203
498
1822
5942
5082
6998
5315
7192
1460
7493
5490
3869
903
2695
9556
1657
2562
5788
5138
1941
4699
7100
5059
2528
6472
8951
4880
9371
1351
210
2889
4535
6663
6249
8543
306
6275
9178
5469
460
9591
3826
7367
9383
9631
730
3642
7498
9079
6403
6629
4828
8559
6260
1599
8783
931
5405
3709
6390
2869
7745
2245
1872
3976
9779
7825
1825
5746
5048
7830
5309
8412
7169
1527
5082
4272
2193
4986
9907
859
2442
1728
2861
3290
6363
2925
6984
7724
4932
7399
6105
4129
6374
5437
3527
1539
2352
2906
6848
5995
8016
1917
4432
8776
7461
6218
6000
9714
5631
9240
4306
9835
4300
3115
3491
3649
4008
7550
1963
9592
9057
3020
6729
8222
1269
5805
1156
5418
183
273
7167
6298
9564
7215
9110
6826
7917
6288
6765
82
5161
7443
8529
8743
1108
963
2474
6128
5483
4597
1321
9460
8323
3848
8791
6163
7199
3574
7639
5480
1579
9253
4543
9959
6165
5214
8547
5395
6705
5585
9274
130
1583
6547
1916
9634
2374
9734
3814
2161
1371
8117
4070
7098
648
6614
6666
1004
2583
4467
4623
7929
9687
1502
5052
5098
5929
56
1736
4056
8296
2504
6853
9620
2705
3481
1783
7901
8426
2012
4543
5342
7968
2983
366
7349
2955
4659
4803
5911
9586
462
8012
658
1964
9705
7346
7815
6078
5495
511
189
3253
4737
1664
6569
5669
4493
7346
5458
184
5600
5423
9224
2892
5596
2590
6
3950
4089
7501
1344
8853
3438
4279
4713
2895
4049
225
4424
8226
208
1894
4982
5432
8130
1073
6470
7730
9674
4683
583
8745
4178
7445
3248
4725
1793
3997
1235
9769
6488
1458
7071
5434
5665
6321
3210
3498
8316
8981
7639
267
3531
2988
8575
4879
6058
2793
3552
2226
1334
893
9880
1000
4579
1303
2564
9763
2066
9456
5960
7879
4334
7742
5134
3235
8645
4010
4533
7083
8421
3768
4315
9780
5216
1389
7938
1905
7126
5365
3365
4216
5369
1306
4965
7574
2123
1689
3118
2173
7057
348
1186
4002
4397
643
3989
8759
1104
8673
9337
1677
9259
7213
7236
4810
6956
3336
363
9141
5219
1457
5887
2270
7799
7182
8738
4849
5576
8005
7998
6943
1847
7952
9526
3599
2985
9762
822
846
4161
1624
2371
9486
9802
1925
1488
1607
9834
2757
4482
8785
1938
6649
9123
7421
153
6972
7019
4460
2897
2300
2458
73
9885
1534
1804
5444
762
7563
1549
9916
1685
974
4788
8420
2070
32
7271
3075
2297
1240
2052
7597
1939
7091
8707
2594
1568
1296
5420
1379
2041
5412
1808
1848
5974
8481
3643
1586
8182
296
5370
844
5018
3065
4910
71
7047
7397
9893
4462
5471
4329
1276
6226
4879
486
3658
8196
1909
5425
2020
239
297
1480
4537
9564
1897
3853
9732
5204
1682
6834
8705
6910
1946
6251
1240
1096
4053
4343
904
5404
6427
3211
8689
8575
2368
4430
7741
7503
3331
128
7576
1982
6308
3684
5941
6593
4503
1364
2041
4115
6509
33
8404
1914
1121
4084
408
2593
8820
1482
9523
1028
3256
8825
4821
9251
5538
1771
5037
9406
6992
1365
281
4845
2089
7617
9956
6717
1853
7825
9262
7508
2572
2665
9648
4146
9743
7317
3179
5519
6708
8967
2653
4336
9010
8867
9403
4376
9702
7670
47
3432
4318
5704
4286
2839
1311
1759
7389
2720
922
709
58
6997
7598
8765
3038
2664
927
6589
9581
2183
8540
817
2046
7974
9974
3242
5494
8885
6107
7604
6598
7746
2010
957
1953
6257
5774
6005
3819
7742
5743
26
1251
9444
3346
723
1410
7925
8617
3021
9015
5307
8858
58
2979
4106
4894
3749
4033
8793
4496
4248
1930
7808
1664
7002
731
3196
2785
3179
6199
6158
4224
8040
9918
2755
2029
1224
2560
1674
3026
5788
3843
7278
7165
1682
1262
8294
2686
8417
3671
2005
7767
8043
1251
6002
2955
239
5816
9935
6108
6972
3892
6735
8555
4995
4849
419
878
9832
4997
2055
1231
2967
99
6722
7998
620
3072
8157
4249
2685
3090
3469
6334
8225
2999
1898
9402
3196
5220
3591
3157
3750
9297
9072
7356
9454
860
766
3171
9644
8358
2414
4689
3211
9325
3691
3469
8298
8913
9131
3091
2055
9888
2215
3748
8876
7834
6205
5108
4979
7606
9928
7498
289
1203
926
883
8488
9750
1831
5022
3025
1397
5697
9971
1364
2648
5072
3372
6138
3989
1662
1572
9978
3421
7866
9803
7948
6062
397
2756
9118
3550
6555
1267
7150
9522
2307
8668
2622
985
331
6074
2938
2621
3603
8119
7268
4329
9818
3363
9097
8028
4858
6749
5558
9471
1484
5054
9028
3333
8048
4920
6899
4471
7983
9861
4373
8098
2946
9181
2368
3658
7766
8072
5152
7813
3514
690
9489
4357
180
9267
5736
6917
1130
8374
7150
8779
391
1255
351
7486
2942
821
9389
9742
9011
2206
5409
9113
6694
6013
1047
5994
2617
4198
8692
885
204
6412
2425
96
2831
6614
6805
3065
6627
3324
7206
1134
9529
2963
7130
4603
1385
4045
1339
3034
1309
2931
4630
4370
7207
3092
1299
7193
3349
512
3820
8687
8432
5569
3244
4824
484
5108
2839
4436
8575
3391
854
6492
5574
6739
2566
9870
9978
5394
8371
9335
6135
8198
3251
9119
3050
4423
9992
7215
9028
1839
8751
5870
2103
6227
4482
9169
92
1165
3973
8815
8866
9371
7099
4446
4230
6957
9247
7005
8536
1369
1549
9976
1357
2680
7717
516
2739
5639
9066
6106
1816
3944
5079
9399
1847
5103
8550
9693
1379
1954
1447
5565
7808
6286
4332
3430
6638
7204
6985
7213
2000
3969
7233
7304
3752
5569
8623
5627
8872
466
4158
7335
7277
531
7206
4612
3764
4646
1083
1858
2287
2030
6358
9144
1926
8121
8616
1485
6562
3363
6121
9881
5897
418
371
9887
4937
9493
2354
2029
8806
6275
3914
800
1812
934
7374
4296
2842
9624
1464
9143
7850
1197
1591
3517
3058
6631
9412
2253
2024
8290
231
4915
934
9817
8166
5623
945
2466
995
617
6776
4766
1892
8281
9770
6016
189
6515
7466
6822
3034
910
3737
9729
9566
7874
3704
236
3683
4269
4165
7639
5062
1362
3282
5505
5005
2918
9502
2729
3963
5885
9836
5479
9500
5739
2184
302
1028
7939
246
2994
2898
9405
224
5088
8060
8626
7762
4701
1226
6197
6955
578
7946
6954
3281
5154
3778
7279
6427
2845
3064
3581
3621
1726
1005
5706
6412
9392
4868
2890
3238
1487
7922
242
5456
1612
3115
9299
3359
8764
7049
3558
9873
8751
8036
7363
3123
380
6815
1504
7297
7850
2281
7984
1822
6509
3869
7865
6105
7837
244
2405
1395
7124
9888
2474
3103
3196
8629
5178
3024
1308
4920
7067
7509
654
6538
761
7350
3617
3871
6204
571
1031
941
1118
4165
5278
3753
458
28
1234
5364
9402
2896
4489
7317
2305
5619
2978
3270
7890
8613
7360
1088
580
1746
4075
9143
5446
4049
6647
4361
2714
6205
4195
1338
4748
7034
2453
5811
3967
9174
1655
5978
8122
8235
1211
6008
7681
6974
738
4394
9131
2931
2432
6899
3882
7416
6882
4428
9984
9112
825
5730
9698
4626
1932
9311
4166
5429
9979
5363
9037
625
24
1027
7052
6328
1665
5342
3158
8392
8987
7348
7758
7712
7581
8258
2392
1098
193
4403
81
923
7292
7382
4662
4238
4749
9959
2529
7989
337
9460
9698
8536
1223
2451
86
3117
8953
6929
6802
8507
5286
2157
4545
4465
7490
5051
407
8297
311
9812
9737
9017
7791
7787
2738
789
399
754
8479
7079
3845
4656
5214
9390
5460
2427
9502
4932
7235
5176
3826
355
8507
8318
4615
3093
3018
6807
1506
6258
7636
1652
9417
2544
7146
8154
7936
727
1385
9634
7260
3341
6444
2270
3933
5497
545
2540
1547
7221
3219
3539
7297
4018
2143
8936
9207
687
52
1732
3488
8735
6288
8662
2566
4948
668
1891
6484
8177
7539
5676
976
5147
5550
4349
1064
3964
148
2701
9538
9536
5553
2611
229
3041
8869
6637
5615
6404
9153
7434
5445
8054
9378
3395
5814
8400
2058
2860
3722
6239
1452
3781
2228
9422
4694
1815
453
9793
5415
6398
7361
5202
983
8562
1589
6668
8435
7253
9291
7482
3654
8516
1102
9942
6498
8066
2069
214
3094
5241
7530
8129
5367
8791
8356
5903
6839
7909
9260
5285
3384
5456
2208
7627
7728
311
1006
1746
4405
6258
7183
4743
9634
6437
564
6788
8026
1747
3993
6465
3909
6303
8944
895
4293
7293
5610
5244
8858
4726
4586
7849
4395
4060
9058
8962
9847
8832
5775
2086
5638
2856
7836
2826
514
5284
6957
7988
5035
9247
9932
713
9455
2098
4482
6232
491
2698
681
8723
5047
6491
9167
1913
4860
9572
1641
884
6799
2990
4091
7519
4102
2934
6699
1906
5289
1569
5665
5934
606
5824
7787
8813
6744
6945
3194
2749
5595
11
6026
7955
3356
7172
852
2015
5870
3211
9739
8470
9870
836
9033
54
951
1320
1048
5892
9099
228
2518
5993
6774
7881
5687
7898
9605
8194
3787
1878
5331
6642
2739
7937
7453
3467
3110
7496
4931
9438
344
6552
1103
7936
3928
40
2325
4309
2697
5260
9619
6799
7856
9868
9583
8451
8069
5142
8161
6121
4168
1783
6209
8414
5896
5490
464
1754
5974
669
1875
4314
3020
4753
7461
1388
7008
453
8669
9928
7927
5635
3638
8298
9683
1028
7988
157
7334
4632
1506
5147
3902
8031
3323
6917
3140
8067
8663
879
5697
1733
6062
7131
1277
5357
461
6442
9552
9317
3973
6485
5381
1286
5250
4239
7958
1136
2060
6576
4484
3556
6284
6673
4017
7430
2762
144
2554
9312
7520
1664
3567
9786
9743
9588
5915
9085
3882
6341
6207
8125
4203
8524
7223
3888
6852
7226
3116
6590
8374
9491
6121
78
567
3175
7705
6133
227
5044
1206
3956
65
5229
2483
8671
9321
28
8849
5517
3298
2416
5452
1666
8929
7717
6718
1783
4404
8380
5474
9755
5097
7846
8121
4488
4209
5967
4885
7282
5980
71
1803
9767
1552
4926
1775
8892
399
5718
4710
8230
9
3892
9295
3398
4603
3138
2925
2154
1806
3678
2805
9665
7941
7849
6520
7984
311
7516
2819
5813
6841
4878
5268
3717
4353
3562
4144
3716
2892
1334
8441
4492
1002
1386
5073
7667
7676
6712
1400
5321
2457
1066
4541
302
643
4330
4863
6558
9149
7906
4764
7299
653
799
2244
7296
8288
6645
543
1869
5158
7372
2302
3664
7755
7039
131
8707
177
7197
6295
7970
2319
5446
9531
6584
6925
6033
1956
6010
4602
333
5912
8934
3202
3088
7072
4553
7490
1769
783
852
1840
34
9458
7980
8968
8679
4202
8616
4108
3994
676
6584
191
8874
134
9872
3863
538
7762
97
4522
6443
5319
1432
2889
705
3990
6102
7767
2045
9276
4488
9155
1479
9863
2543
2511
943
5049
4827
2758
5260
3205
201
4187
3183
1031
4453
2780
1292
7692
1578
4605
5884
2228
3847
3273
2415
9158
9582
4954
3289
9545
2987
3084
2346
2799
855
8172
9177
8406
9340
2109
8441
8064
7524
3014
1382
8836
1401
5313
7268
7511
6494
1219
5488
5827
5636
9331
8278
1884
6599
7227
3725
2502
402
1722
9246
2186
9157
16
2850
1196
1377
3096
1342
6271
1189
4682
893
3375
4909
6098
8282
1731
8872
4236
4017
565
9817
9908
3716
2023
5304
2494
4171
1523
2164
7798
2391
623
4935
4901
7184
6697
3036
2142
9556
6176
4298
9597
7353
9638
8365
8674
2271
5354
1302
5842
8240
8708
1174
1374
8139
1234
6066
6535
9252
5406
1993
1523
5249
2933
1564
9606
3432
2282
208
8634
3735
3011
3512
5561
5431
5577
7170
7870
8544
1005
3220
2987
573
2864
5968
3944
2027
4637
5388
5246
1291
2652
7996
9921
5996
5243
242
1055
336
3681
7624
4965
2560
6626
8106
2894
1531
4289
5647
1551
8780
8252
9175
746
3161
5234
1275
8832
9898
7154
907
165
1890
3808
7342
5984
7515
3375
1356
5913
2400
1815
8458
1327
699
8249
2432
4297
64
4144
1857
9065
8762
2390
3399
8552
7596
5592
4341
5388
199
698
8703
4143
7764
7244
6625
5950
7213
3636
2704
8227
2587
6241
3695
2879
7716
1365
7415
2582
441
3175
7138
1669
1501
776
6419
7233
7943
1604
2393
9250
7022
7759
5989
9661
2413
3783
7232
5505
4360
4841
417
4032
5579
1781
1888
97
708
9089
6372
2758
2421
8325
7132
6050
4143
6974
5027
811
8537
6601
8956
7619
294
3151
7518
6914
6243
1332
3002
9734
1399
478
4237
7011
4312
3834
8757
3455
6913
5981
6094
4120
9447
4361
8780
5979
9702
4583
538
4044
9111
3008
2326
5941
2850
2210
8762
5781
2132
8335
4995
7918
7432
6694
8375
7417
2241
78
185
3538
7133
9238
3598
383
7025
9180
7843
7886
2572
2102
7863
4589
6287
4952
1812
6699
8740
7914
3344
6498
8237
8639
3139
8752
3799
6449
6028
9265
3151
2079
4644
3912
5857
1847
5403
7143
2578
7610
2376
1652
2259
6453
5029
5537
2572
4490
8097
5688
8883
8030
5212
7016
6921
9027
2479
5297
3104
8540
5091
5244
1505
9355
1421
2365
5259
7577
8198
5055
3014
1237
2664
5879
5488
4726
5829
4534
7052
5664
261
4151
9845
6015
4743
3856
1374
6990
92
6365
3403
8289
2143
2997
7790
8197
5023
2856
127
8034
7938
9671
2677
3180
6648
2707
5914
5067
7086
1284
3486
3691
6249
4552
9912
9382
5262
8794
4604
9676
4592
8176
5742
726
1745
2735
2737
6210
9307
2644
9392
3542
8255
8316
1474
2975
2880
6062
9802
4758
698
7431
2204
9613
729
5152
951
4954
626
8339
590
9740
9904
8290
7302
1359
248
594
2775
476
7743
8431
1093
4202
8647
3564
1683
5698
8027
6975
3750
5987
779
6355
6064
2312
4833
39
8693
5983
8129
9480
1902
2213
5569
3688
3723
1480
1436
6055
5161
6536
3743
5513
8260
8091
409
4184
6972
7316
7656
9173
4701
679
78
8304
9701
738
9239
9662
1463
4246
6089
6458
658
1861
4286
9816
6177
3771
5402
48
369
8353
3289
7440
6513
2210
883
1978
7361
3158
7636
177
4694
1896
6665
5463
117
784
462
305
9474
4885
8317
6199
4032
755
680
4864
4083
4176
7241
626
900
6651
3455
8848
1922
4473
9210
9501
3479
3382
1663
1731
7837
4627
7842
3199
9335
5093
7645
3863
7820
4098
3289
1414
9512
4993
1712
3803
8712
4033
188
3657
776
7915
8002
1557
1732
504
6429
140
3664
2315
5297
1739
1036
8020
4403
1338
1712
2291
7694
8608
5005
5958
848
4103
8953
2299
1911
3254
9971
7408
4680
884
8186
1226
4682
1278
595
1142
1140
4683
3074
5640
3982
729
6626
5914
9631
4547
2162
1556
5098
8447
9989
9793
3642
9596
2625
3257
7250
2172
5079
22
8537
5998
4500
781
6042
2524
3157
6688
7994
6182
2112
8763
7984
3445
7281
9240
9765
7078
6798
269
5730
8342
5884
7089
9972
7358
5568
630
7006
4159
9923
65
3798
5485
321
2674
8341
6467
8902
6358
9807
4283
2195
5779
1840
8976
1705
6413
6703
6505
3691
8315
4448
2979
1054
7456
5436
8472
945
4569
1365
2173
6815
5454
6537
679
1707
430
3317
5704
1620
1544
5597
2617
5314
9599
3298
6249
7692
6289
1838
5304
6063
2626
5653
6278
285
8277
7810
4372
4565
5653
5960
296
2016
6732
8935
49
8315
8601
8396
2140
2923
8900
4564
6965
3297
255
3014
6812
9972
3573
4553
5938
8148
9742
275
6983
2860
8238
8795
1223
7209
3843
2716
6763
2613
8671
7278
4853
3491
6203
4007
1137
1899
8816
6664
3142
7771
1021
5798
101
1242
9190
5874
9835
8122
7590
3681
9336
2077
7383
782
6675
8349
7179
2810
5304
1898
6575
8573
6930
6672
4622
3266
1504
515
8310
3698
7583
5390
1186
7120
8943
4926
2392
7559
9350
6148
560
4669
7642
7513
4939
2698
5955
2710
2429
9562
2978
6386
1166
3761
7341
1173
6263
8299
6145
4626
1603
7723
6016
6871
8991
8960
2254
5834
8622
4070
3429
8690
987
4460
6082
2792
3911
7518
6598
7030
3421
5178
2863
2850
744
7935
989
5837
4314
3885
9605
9807
7882
868
977
6847
9858
3717
4981
4736
9523
1144
1112
5690
2193
1990
6148
198
8396
5299
1986
7226
4305
7033
9367
8988
5203
1609
4408
2779
1355
6227
8608
330
7665
925
6515
6132
1716
4848
9691
2844
5343
9719
3976
7929
8623
488
1538
4311
6631
1009
3032
3037
4001
987
2168
2707
2408
9164
9490
7810
712
5515
3182
6249
7445
693
683
5252
6408
7321
6304
8055
8193
4452
658
399
3877
5867
5618
1294
1543
8746
1821
7324
6963
7863
6200
4592
3709
7962
3878
5345
7368
802
6783
9140
480
2795
9180
7535
3821
779
334
3899
6847
2831
3434
842
7123
119
6638
6654
7481
3033
581
206
5899
6569
4282
9149
4706
3139
8979
2618
6127
1190
9953
7791
3259
5963
6758
2034
1365
6747
2826
7786
9075
4200
342
1470
5377
4560
605
6628
596
5564
4048
3564
5215
8145
7956
7105
8513
6892
6307
1074
8214
9936
653
2414
8619
6070
5347
727
9927
3475
8192
8021
6363
6901
9570
8260
5432
7761
6249
1003
7433
6503
4688
6106
9585
6153
2868
9803
7106
8192
5692
5535
6730
5624
6260
7803
1670
4014
8258
8234
6383
5357
3909
714
3570
3259
3018
4012
7972
5687
1820
8818
8885
988
7322
8876
7895
2739
7325
1858
1342
5081
3116
1353
4193
4698
6725
773
4989
9492
1859
9852
4966
4109
9851
5018
1587
9943
6952
5173
7124
3896
6858
1563
2755
8810
6297
9555
4755
6307
9543
2562
1635
3571
2764
2125
5621
3899
8778
2439
7706
7126
7297
8991
6641
8334
7682
1684
6489
8785
4460
5129
9436
9025
1894
6715
8760
5257
296
6633
6050
1042
7425
44
7359
6332
8621
9203
6084
5688
9252
6804
8846
9697
213
9374
2935
254
17
355
9889
445
8785
8594
7791
5995
7325
6019
7641
1604
2762
7439
8099
9493
8725
3203
9877
3212
6885
961
2852
7477
617
932
2366
9811
2721
9428
7812
698
4011
3026
4584
4823
7773
273
4009
2265
6337
1361
8783
3059
8979
3741
6562
2700
656
8375
1330
9922
2470
1642
5804
8582
4924
9404
6362
1885
4197
9300
2563
3681
2901
6398
3578
1574
2346
8268
7961
3959
6486
3139
918
9069
4300
9876
6763
7091
3693
6482
8711
8981
1566
9692
3342
8493
3468
3412
794
8875
5444
3912
9540
7357
5602
8679
4862
8964
4580
994
3897
7372
9345
7910
1140
9665
7234
2500
8654
2742
3313
4595
9072
3444
4924
1289
1505
2403
9643
5903
2212
1989
9202
7490
1462
3632
7149
2385
9939
6976
3051
9955
8918
6165
5327
8116
1931
844
5403
9390
4865
595
9115
2762
276
9784
3597
705
1025
6385
3993
9572
336
7300
9913
9992
7182
825
8635
3899
3506
7407
1713
3326
1811
9512
652
8767
5509
8616
1009
4394
9132
4743
7159
1977
9355
4245
6496
298
1340
8758
9957
1158
7666
6451
3637
452
8831
7084
4478
8577
1998
7611
5171
9503
2619
4685
1135
5264
6001
9789
4059
254
6303
6644
1715
5105
2732
7961
3626
9770
904
9726
8104
9966
9526
7561
8963
4339
2176
148
9718
2416
8332
3597
2320
6426
7901
2731
6488
7464
4895
3
328
350
7717
932
4334
2059
5795
4510
3862
1458
9137
7173
7770
9496
5774
7110
2912
6783
4710
921
5413
8505
5749
492
7837
7206
8860
2913
1580
9095
166
7634
6570
7400
7124
9636
4628
1623
9199
1547
1064
6658
9411
6790
805
9616
9322
2711
4036
1667
187
5801
5235
6361
6198
821
2522
3219
9772
8692
2665
9353
8652
7925
6224
5302
8126
1211
4549
5245
7602
2439
3637
367
6675
2972
6983
8943
5974
9868
111
4695
514
8265
7990
5941
8949
725
2978
5235
1388
5483
8786
3428
5297
8943
3879
5974
9854
5573
155
6310
4322
8377
4836
2504
1884
3691
7753
7828
3854
5480
7553
1644
8514
8623
6308
8729
1038
7090
7005
3847
1993
6267
2770
4765
7713
623
8814
5438
6810
4134
8044
7783
2794
2665
7137
4311
9462
2313
7570
3099
9442
8671
6523
5519
555
1658
7281
2803
1688
5621
9382
5347
7775
1409
6087
6083
313
2486
9632
3341
8141
5703
7204
874
2111
8349
5612
7102
6498
4518
8321
8505
5917
3188
2218
6873
9065
9425
492
6388
7194
4385
9533
6542
846
8182
4058
9738
2368
7648
4431
6761
5184
3744
7850
8025
3044
341
356
1070
8065
4540
1787
1506
6952
7308
4724
49
3342
1561
9636
7858
4443
3109
1137
9338
8103
8186
6613
9767
3551
1980
8159
7828
343
4695
7821
4666
175
2427
2825
8132
9539
3768
7058
2446
3470
8332
9155
1606
4501
8698
3842
7839
4936
1006
905
6357
9447
7128
1204
7219
7838
5049
5925
2547
5726
6904
8988
7607
1303
1860
9435
2221
5522
8726
3221
5850
6373
945
4346
3932
6942
6852
6376
395
7077
8117
6007
5180
812
1090
2575
2044
2047
1989
6830
5030
6204
2456
8564
9642
5548
3286
1098
406
4968
5161
9778
3773
7508
5118
130
3804
934
8212
6380
8127
6996
8779
5795
7685
5257
5738
5571
9634
7281
4917
6522
3318
8438
5993
1628
2753
656
5466
257
7827
7099
9543
5567
1075
8417
1276
1902
4161
6358
1934
4134
7942
7733
2837
2695
874
6522
9225
5056
3620
3005
7491
4418
8431
838
4365
9331
6451
3589
5117
9557
3821
1034
4222
4517
1385
4608
4764
9233
9000
8364
4404
3195
7367
4834
7490
1779
6136
6718
4399
2015
1693
3399
6780
2269
9891
166
9150
3389
2295
9109
6323
6905
1438
7856
1893
9845
7411
9960
6113
7259
353
5806
3359
3291
639
7534
877
2212
4924
5686
9822
218
9054
8068
5404
566
4954
1243
5227
9243
4227
8444
5112
5655
7812
1775
5634
4740
5801
4011
578
316
7473
1486
7158
7557
1493
5139
2264
297
6117
2032
3510
9277
7865
3324
713
3658
8159
5070
3210
4818
2981
