7514
1
-5179
3507
2441
-9640
1935
8761
2425
-5573
-9003
5053
-7658
-3775
-6919
-8545
-89
-3918
-6229
4288
8739
6774
-1939
-1135
-8172
-9487
-210
-3843
3702
-1971
-3546
5062
4778
2229
1063
8767
7093
8642
5500
-7241
3251
6446
6143
-5373
-7708
-256
-9755
4118
-4863
5214
7843
793
4029
-5974
-1188
-3770
-4434
1265
1748
6180
8899
-1382
6226
-3249
6849
7082
-6352
5623
-8827
-4959
-2037
-715
-3825
9909
203
-483
2117
7005
9587
-8093
4018
-8459
9677
9648
8618
964
6333
8389
-4150
-5273
-2953
-6804
-2799
-9818
-1356
-2968
-813
8744
-2926
4687
-510
-1180
-9254
-4251
2382
9528
-8378
8790
2060
8389
-3773
-7932
-5968
-7591
-7900
-6955
-3680
7354
-9840
1401
4587
1592
122
-941
522
450
-9458
7140
2111
2237
-7355
8629
8967
5406
-6651
-657
-5038
-8280
5563
9060
-6642
1639
-7087
7270
-2686
-3960
-5865
2717
6859
427
2466
-6729
-608
4848
1144
-8687
6481
-1525
7509
-6676
3510
7498
-6275
-8557
2305
-8028
-8950
2025
8546
9526
-7256
1830
5346
-4515
7320
2837
72
-5202
-846
2916
-9093
7427
-6561
-163
5048
5654
8223
1552
-4716
-3509
9899
-8913
-2570
-618
9646
-3896
4240
8828
6724
783
-6340
-4640
-6945
-8133
-8607
8658
-6586
-9935
-4648
-7523
7796
-7467
7552
6802
1994
-2462
-5825
-9065
-2263
-3298
-8451
3179
7256
9537
-5766
-8756
-8097
9060
662
-6004
-7811
-7343
-1757
-3305
7304
-9446
-3056
5391
4059
-6333
8932
-9773
3987
-5597
5680
-9410
-8984
2803
7209
-2363
-980
7316
-5625
-5025
-1101
6537
2857
-3858
413
3182
8892
-2688
-1615
4376
-8210
3208
-5780
2423
-9975
-3287
-8317
5189
-9646
5094
-6797
4901
932
-7950
-2910
6006
-3595
-6113
6659
2180
7537
2314
715
-2359
3578
1399
6907
-9802
8548
260
6400
9236
-6117
-4274
-9121
8558
-7217
-2191
-6213
2760
8263
2931
-8987
-2497
-8593
-8367
1401
5795
2779
4149
3683
-1757
-4967
8899
-6143
-7436
-262
-2598
9937
84
5194
1006
9226
-6598
2591
8518
6956
-9612
-3105
-813
-6665
743
-4154
4079
-7411
9245
3130
2167
-1102
3336
8705
475
-9286
229
-7202
-4418
-6670
-9871
-3694
-5262
-6659
-7627
6891
4528
-5035
-7199
-1816
-4581
-6655
-3605
9809
-7155
-4649
8910
643
-84
8249
6961
9310
4799
6627
7080
-5466
6372
-6691
-8049
-345
4931
-3153
5909
9955
-2333
-14
-3556
2605
-6034
-6627
5469
-8003
-146
2034
-4975
-635
5
7610
-3050
-8058
-1286
9735
8019
4030
-4054
-7766
6129
-9636
-9574
-438
5033
6627
-8405
-5202
3544
-8492
7348
-1036
-6453
5909
1162
4856
-6154
-7248
9336
-7656
1210
-6070
-3820
-8300
-5737
1914
-7582
4833
6123
5280
-6280
9857
-832
-1820
3827
-5089
-3176
-7342
3621
-6624
8859
-5246
-874
-7712
-4167
-3007
-5104
3565
-7434
-7096
5463
-3847
-3871
7995
3597
-7067
3345
-911
8731
-5113
-5326
9833
3889
440
-524
5635
6900
-6704
-3380
8038
9003
2303
-9264
-9963
-1923
-2084
8133
9641
-1953
-9310
-4224
1821
5946
4491
-2583
-5839
1495
9094
-9464
3568
110
-6715
3417
-1396
-9570
9032
18
-9717
-6235
1543
-2944
9987
6606
1378
229
-3843
9397
-9513
-734
6799
8554
-5625
7630
-1677
6731
-1695
4382
-7381
4668
6507
-5462
-789
5355
542
2825
8557
-5562
-394
3375
4487
8596
9321
2376
-5497
4255
2023
-3851
-8048
7899
-9174
-3381
-5646
1814
-2364
-4017
-8012
2165
-7998
195
9835
-8175
2135
-8936
9026
-2289
3717
-4324
3868
-31
3431
9067
4500
-139
-3077
6520
6855
9415
-6157
-3424
6882
-2146
8262
-2943
-4727
-4336
-7948
4609
7491
2619
-367
-1420
-7240
3516
6433
5864
-7642
9969
-7259
-5896
-356
-6654
5982
-4862
8762
-485
-6061
1699
7697
-39
-8890
-2215
2975
4810
5002
177
9326
8473
-9303
-1805
5404
696
-8690
4765
-8081
-9773
7088
-6413
5021
258
1846
7767
-4475
8204
-4372
-8869
6997
-7243
9152
571
-390
-5314
1342
646
1989
7326
-9356
6268
-3468
-1074
9344
-4786
8939
6455
-6022
7752
-4348
8522
111
5769
4578
-9254
-4365
940
5648
4959
4783
-3043
-5726
-2300
2876
-1949
7426
1638
821
4923
-8978
7676
-1497
-6192
-2043
2302
9316
-8788
-8163
8505
7441
-4651
-5329
1345
-4876
3092
4119
-7530
7582
-5568
7436
5454
6953
7838
-8717
5319
-3869
-3097
6850
6480
5924
4171
6647
640
3880
7696
5554
5648
4846
-2360
-5068
7088
8905
8248
5426
-5439
-5121
-3355
-4589
-69
-126
-2699
2173
-8367
-3565
-637
-1634
9662
8587
-4752
9014
4876
6503
6460
1860
5626
6317
9632
-8056
-4485
-9785
417
7258
-1827
2082
5624
-1784
-4871
-3503
-5774
5531
-371
8782
-733
9025
433
5534
-7780
-3948
-432
1999
-7620
-7095
-2807
-4437
5303
-4331
5727
-6966
-9482
-4076
6462
3105
-3909
7564
7725
9079
7464
-3550
2924
-8139
7666
2242
5664
8543
-477
-7984
4185
-2953
-9087
-5753
-5853
7517
-8992
-504
3354
-5778
4421
-1782
-7886
8862
-7764
-4372
-840
9917
3043
961
6618
1511
3363
-5077
7794
-5131
-6683
-9449
-5119
-8421
-9614
2883
-1660
3155
-6076
9958
-7087
9563
950
-4800
6042
-9051
8989
-6952
2443
-6777
3687
-8780
8131
-2714
9183
9003
1109
7373
9773
5450
-7911
-4482
9786
8823
4565
4343
-3250
-672
3693
6269
9552
400
1856
7494
-4017
6776
8138
9127
-3568
4806
-2716
-631
-9312
9202
-4503
8959
-4893
1794
-5974
7063
-1188
9770
-1776
1001
4639
-9678
3772
7264
5506
58
6437
-2870
5912
-4656
-3882
1274
-2119
3385
5107
743
1108
-8317
-7907
3577
-9372
7656
8589
3861
7068
6582
9786
-3265
7159
-2249
-9797
3318
-4920
4575
8063
6422
9141
-1630
3401
1131
5246
804
-8741
321
-7317
-1264
-5934
2437
7787
-2393
9883
7930
-1120
-6315
6650
-1753
7824
-2110
348
3470
9071
8858
7420
4371
5730
-7286
9108
-6253
-7883
6846
-5635
-7045
9700
8873
-3052
-9471
8192
-600
-9686
-787
-8354
-8509
-9568
-3107
-2276
-9859
4761
-9910
5381
-7651
-2814
-1161
-7745
45
6110
1397
6568
1458
-9346
8273
822
9332
8014
6431
-6392
502
8913
-1014
-2398
-8328
-6103
5320
8544
-7105
4204
-5933
6065
2621
-9772
-8048
-7020
-2478
3836
8968
-4607
-1182
7334
-5263
4106
5864
-1676
-5019
-2952
5682
1039
1038
-1799
-6503
18
-3552
-3963
-5644
7113
-3987
6405
-4894
6350
-5948
-2037
3006
-427
-1272
-5309
-9034
4642
9381
3723
8053
2475
-6617
3845
-1740
7458
560
4787
9662
-8932
1240
6102
-1467
5143
-7925
-8920
6933
-8871
8002
-8872
2800
6362
-9384
-6378
7501
-1988
-4735
-1696
60
-9103
-8163
6706
-5077
4152
-426
-3020
8227
-5500
-6033
1411
3760
-1333
-9886
-2727
-9680
9128
5850
8256
-775
7561
2184
4523
6404
-9173
-1069
3368
-9326
-2467
209
392
6716
6122
7418
4529
7095
2501
-5415
3987
-7550
-7012
721
8545
850
-63
7036
-8222
-8276
7257
-489
3108
53
-7924
6362
-7465
-747
8270
-8791
9684
-9942
-272
4781
-6340
6568
-7805
-2720
7179
6894
3681
-5717
-3991
-2454
329
3261
-7772
2400
2757
2053
-636
8293
-4387
4316
8035
1582
-8654
-8123
6264
-5234
8612
6348
-5191
6388
-1662
5033
-1503
3159
6531
-5411
-9624
-5661
6029
2578
307
-9721
8128
540
-6699
1023
6449
-9062
3793
1784
-1796
3949
-9432
1692
8360
-5597
-409
-919
-8039
7745
7055
-8707
-4376
-8646
451
-1183
8381
3478
-448
-6545
6420
-5557
1971
2805
-4776
-808
4625
2857
7418
-1639
9349
-656
-117
-7474
-6433
4305
-6431
7391
-9572
-4597
3982
-1095
6281
-3656
-6742
-9428
2694
-1440
-4325
549
-3911
-5505
-4577
2072
9867
-6027
-7936
6743
5153
-2588
-6931
-9639
-9249
8790
7488
-290
-5916
3496
6756
3040
-1540
530
3582
-1995
5562
-3192
-5379
-5769
-7921
9098
8190
-8246
-9709
-8495
-2071
1804
-2853
-2400
-3780
8170
-4251
-4560
-7677
-6928
-3652
9460
3047
-8194
-7842
-5075
3832
605
-1037
-4832
7356
-5124
-2323
8009
-3293
9501
-2334
-6957
-1570
2614
-3479
9413
-1177
-9192
3729
-1202
2500
6829
-8207
-8224
4463
3285
3802
-7921
3448
1923
-2647
-6456
-1279
-7909
-5241
4000
9504
-5626
1766
5582
-1573
-4892
-9159
-8525
3931
676
9742
152
8697
-1071
4711
-8221
-6472
-7095
-9026
3967
6439
2745
9380
-2427
4897
2252
-713
8975
-6476
3145
3172
4318
-6033
5721
8588
8873
-7505
-2743
9362
9408
8792
8998
-100
4991
-5925
-3833
-8537
-6800
-5570
6136
-2964
-9822
-9532
7438
-6984
-805
884
-5674
-7127
-567
8312
-9939
289
7667
-7280
-2737
-2141
-1898
1785
2800
-3361
5902
-2360
-8986
-9838
-8202
8997
-9569
1254
9628
2952
-5595
-3908
7277
-7061
6777
2893
-9898
3704
-5427
-7273
-3525
-2371
-4634
266
6705
-8575
1922
-2676
-3144
-5540
-7571
-7995
-6221
6465
4698
-1538
-6161
8384
-848
7850
-185
6410
709
-601
-8984
9229
-211
4242
-9450
-1250
-881
7359
5219
-211
8732
-8698
7970
-2070
-6322
-5536
-7335
6893
4946
1529
4553
-183
-5865
7100
-1532
-3959
3583
7809
5776
-749
5238
8801
-7977
9951
-5686
-8366
-6017
8312
2775
-141
4366
-9588
-402
-5584
-3239
5069
-9835
722
7315
2564
-4785
9575
5080
8356
-9136
9311
119
-468
-2045
6376
4558
4245
-8816
6170
3246
3943
6428
-5900
-2530
-1550
2717
9033
9295
8626
-2007
-9592
6500
-723
2025
-7350
-2482
-8078
3217
1499
-194
-4792
9774
5355
-8523
-2242
7647
-7911
7116
-6969
-1604
-6908
5560
7481
8523
-7844
787
86
7267
-2048
-2295
2081
2105
6477
-2739
6735
-832
-6563
-5184
-988
2608
-9336
6441
-3683
-4621
-7502
-3548
-4176
-1108
5658
-7899
-1683
3612
-94
5705
3009
5083
1998
-569
-3900
-2182
-7703
3977
-6365
-2585
-9847
1517
4095
116
3514
175
-164
898
-7645
-659
-3112
3
-1677
-9283
-8311
-7142
-3159
5868
3406
1844
8402
-7430
6522
9171
-9294
-4870
3175
1752
-5201
1430
6298
961
-9458
9010
-6892
4374
-2824
-3862
1087
-4581
7188
3099
3486
-9668
6208
-50
3418
5087
2073
5761
-3672
-9874
3047
-325
-7561
-4848
-5060
-8262
2299
-5963
3907
-2707
6215
6010
-6144
-7047
-4049
417
-962
9931
-3700
3682
-4805
2236
-8023
-3181
-7303
1831
2782
522
9018
93
7745
-5429
-6532
-3160
-5424
9349
-8731
400
8999
5154
-8755
5237
7978
7679
-7254
-3554
3269
7905
4957
9781
1971
291
7788
8885
-7153
3316
9950
-8870
-7793
-5493
4170
-2926
-717
-3387
861
5063
-2854
-6759
4544
9096
6685
8431
2542
5117
9226
-163
8667
2372
-3589
4460
993
-8678
4851
-7071
7882
-7095
7350
4709
-9620
5477
-4939
-3462
7453
5743
-3277
-947
-6209
-2838
5326
-4624
3724
5316
-4820
8271
-1824
5003
8639
7636
-3259
265
4520
-6048
-6862
-9071
-5300
2869
3340
2719
-8909
3466
-5260
7208
1773
-3622
5061
-1281
-225
765
9390
-8547
333
-7667
5735
-2095
-1032
8386
7782
-7657
-5945
-9827
4558
4676
3101
5082
616
-6869
-376
-2290
-3527
5597
7652
9352
5168
-6670
-8769
-8840
3082
-3455
5383
2059
-4033
-4139
-8446
6481
-4621
-3295
-3558
957
7152
-6416
-1051
1908
2509
-4604
-3148
5680
5473
3584
955
-7108
8113
109
-8747
6878
-5782
-5284
2580
-5567
7494
-2375
-2625
-9387
8647
1231
5407
9857
340
-8185
-8539
556
7556
4626
293
-7711
7810
-9341
4781
-7603
8420
8711
-8917
6603
-8507
6616
7127
4821
-6714
-7547
-2050
-6202
8912
-3450
4669
-2466
-295
-3939
9883
4198
128
8799
2119
6577
3342
5548
8763
-8872
8525
-1217
-7217
6433
3202
2396
1282
-4499
9122
9051
-5702
3856
4858
-967
5647
-4896
1645
9479
8868
-9872
-8557
-7202
7563
-5183
-3077
-7869
7374
7234
-6277
530
-2715
-8920
-3778
-7940
-7023
-4642
-4965
7715
3914
5329
2178
-5905
-1568
-1223
2017
-6892
2588
-8587
-9507
-9418
2623
-1535
6850
-9583
-5801
-9854
-4496
-3992
4344
6817
4523
7585
-6093
-4594
-7490
1326
4206
-5048
-4766
5522
8455
5862
-2927
-3366
-6463
9618
3462
8193
9328
3816
-4059
-3693
-9102
6876
-7428
8790
7020
2305
5924
5550
1742
-899
6564
-5754
2199
6149
-8337
-4583
5702
4894
-2541
-9572
-2049
-6465
-8601
-4986
1156
7293
1424
2265
6863
-4246
-9521
-6807
-307
-9032
8116
-9972
-1095
-2081
7277
5292
3078
4947
-5634
-3822
-8480
-6353
6889
1037
9273
-703
-4340
3385
-1640
2816
-5626
3843
-7243
4928
-8719
1655
-2310
-9639
4215
9716
-4193
3367
-7289
-7162
2140
705
-4109
-3135
-405
1369
-7557
9636
-4347
-9118
8777
-9065
604
8500
-8078
9181
-4004
7377
-4348
7280
-3844
-7794
-8929
-2733
8240
1970
603
-1936
6284
3237
3055
2654
391
-9013
-263
9742
-3336
-6174
-3421
-670
1193
1691
9227
744
844
1960
-7325
1367
7384
-7494
-9532
3818
6981
9172
-4880
8284
-8178
-4527
809
-6713
-3139
-2259
-4507
1605
1228
-7642
1344
-7019
-2244
8559
-7560
3917
-1315
-9635
-278
9310
-2964
-8761
5910
1310
5322
-5276
61
-982
-97
1144
-7603
-1268
-9218
3406
-3610
-9366
-9769
1667
-8362
-2843
-1754
-7060
-620
-6828
7724
-1257
-9542
7913
-4964
-727
5110
-6028
2578
-2701
7185
-7876
-1351
3223
-5662
-6499
8078
-2862
-1704
-4627
9901
9348
-3361
4999
-8306
6704
-3181
3655
6726
-473
-7893
8980
7758
-1749
-4986
-8622
2106
-5293
5790
345
-9600
-8929
-9906
4507
1913
5579
6023
7545
7612
-5940
-8934
221
2675
9033
-5774
7929
1498
5795
-522
3883
-7521
9704
3897
2136
6988
-1998
2671
-8923
-111
9659
-2141
-6098
7767
-3358
6032
-486
-3716
-9816
-6133
-1096
1799
-4558
4170
-6333
2526
6636
-898
-8785
5381
-2972
-6878
-3154
-4885
-8607
-1612
4480
2014
-8286
5213
8122
2796
-993
-6624
9352
655
9047
1477
-9333
-4468
-5874
5417
-7527
-1289
-9822
-9427
-294
1304
-8345
3194
8226
-1230
-3283
-2863
-7479
5158
1743
-8282
7012
-1517
1282
28
4753
-3957
-3872
5832
4284
7802
1463
3111
-7344
9158
4713
-1869
7200
4152
6893
7225
-453
-5953
-6923
-2622
6294
-3892
-7315
-1086
-5882
-2049
-5718
6275
-461
5842
-5988
-4183
-8114
-8928
-5277
1748
4044
4
-3278
-5086
4257
6031
9796
4919
-6334
-8860
-6259
3827
-3142
3438
8445
-5703
-8629
7126
1983
1454
-5651
-9571
-2223
7112
-2843
2097
-4342
-3950
8054
-2022
-5953
8711
-4689
5987
9367
7051
-4377
-7719
8248
1263
1586
1329
-2808
-2481
443
1575
-7688
5816
6657
-3827
9406
-3156
-7931
3584
4880
4554
5886
-5576
-4100
-754
4203
3412
9788
3332
1452
-7080
2934
-1759
6651
-472
-9187
6172
-7689
5856
-2620
-9209
-3135
3637
-494
2789
-8734
-6182
8598
7917
8026
-2334
-8355
-6667
-2098
8659
-2739
-934
-7978
4037
-4721
5150
1240
-4931
9861
-9384
8353
5335
-5848
-435
5853
8687
8155
-5304
6272
7260
9776
-157
7435
-4198
-5111
-9281
-5502
7709
-1763
9932
7907
1638
4009
-3626
5596
-1076
-5496
5170
-1737
9049
-8114
-5680
9935
7100
-5963
6310
6747
8403
4300
-5991
-4876
-7960
7397
457
-6006
8690
9527
6276
9698
-1281
2844
5239
6025
6714
4021
-2574
-2727
-7087
3589
374
-5388
-4473
-5701
-8431
-2278
9848
-6877
-6122
-4370
1870
4618
6802
-18
7979
1753
-1913
-7699
-985
-1635
8428
9613
211
3613
3127
9871
-3514
-396
-2181
554
2800
441
4513
6348
-8771
6425
5423
4367
4596
5638
5031
-9715
7113
3707
-3148
-2217
2782
-2990
-1773
7927
-2660
-7457
9531
1294
9513
2844
-6029
9912
4667
437
-5459
-617
-6679
7891
8188
-9238
-7718
-8960
6376
-4792
4248
-7446
-6566
-841
-609
-3820
3415
-1604
8289
1451
450
-7521
-9940
-7960
4185
-1556
7458
-8213
1108
-2803
330
8757
4951
8194
-7812
455
3106
3556
-82
-3905
-1836
4715
-2249
8472
-9281
9636
3848
-798
-705
4268
9815
-1012
9286
-7593
-7811
9794
-5409
695
5903
5018
4207
6722
9598
1219
-1907
-3817
-239
5912
5481
2448
-9687
7571
2937
-9204
3014
9124
-1589
-1540
-9530
124
5512
2985
-396
6043
7366
-2533
8385
-7883
498
7202
-3672
-6076
-2600
4397
-2306
-321
316
4457
8669
-8781
-7548
-6347
-8237
9170
-6486
364
-1896
1464
-2352
985
8182
-5388
-991
-1330
-1759
-6752
3451
-4247
1037
9877
-8082
-9674
871
-9468
5298
-1082
-6803
-4540
-1850
-9907
8806
633
4972
7780
-5255
-5419
-4259
3231
-1008
4251
7076
1002
-9523
372
-1580
-95
-1847
9840
6899
1095
-2795
5176
-3906
-3968
9529
7743
-4120
-4875
3565
-7469
-1737
-5723
-8391
3076
6378
6084
7632
2933
9483
-7857
5776
-9237
-2935
9989
-3278
-4005
398
-1122
-6677
6228
4364
-5101
-4787
7521
6329
-5202
6340
4258
-3649
-3987
-1102
-5872
-5727
-4027
875
-9426
-9859
8158
-2421
7023
-9518
-864
-6945
8877
-4105
2659
9267
-5529
6804
-4254
423
-5547
7950
-527
-645
-3782
-9048
-8588
4916
3567
-3100
9860
6983
8714
-5582
-3271
-189
-5072
-5429
1654
4236
-8889
-263
-1712
5678
-4134
-1359
5538
7619
-9927
4186
-2906
-9321
-8775
126
-8039
1275
-2536
3318
-512
-3614
-1319
2851
-2236
9752
9645
-6255
8970
5847
5696
-9834
7284
6033
-3612
-2922
-934
7663
-3848
-5481
-1532
9829
2091
-7730
1459
-6961
8943
-2882
-7058
-6335
3133
4820
-8162
-2806
-8849
4568
-957
3745
-9776
-6525
-5398
3996
2230
-7577
2835
5844
-5046
5401
-4935
9979
2641
8358
-4020
2195
-5838
-7851
1267
6028
-8512
-7860
-7158
9999
8392
-4092
-9777
-8938
5778
-9460
3534
-1016
-6281
-6441
1096
8861
2046
3926
5011
6662
-7947
6532
-4014
-9141
2534
3698
9401
4668
-4171
-8077
9967
3984
9827
2356
8387
-9566
-3378
4975
-6732
5004
-3995
-3989
-5678
-2079
6668
-9939
5341
-8336
-4233
4693
2673
9186
4219
-1939
-8947
-9768
-5250
1582
9888
2110
-7751
9813
-7651
-4701
-9889
4278
-8499
-5491
-6360
6527
2048
8498
-8344
-3771
9095
2619
6997
5704
4893
8945
2846
907
7711
-1572
2975
2637
7898
3224
-3416
8219
-1646
-3332
-7179
3824
931
-9292
5396
-7708
2952
2849
3143
-6750
9047
-4363
1672
-6240
6969
-9189
3697
3694
-200
4104
4823
7530
2120
2504
7651
-8368
-4399
668
-3133
-5718
-4887
2940
-6654
5162
895
595
-9925
-7665
6793
-431
-7126
-822
6239
-9304
1654
5871
-4176
-5380
-9822
2492
-3802
-154
-6775
-9623
1836
-7691
2614
-8752
9541
2656
-7755
-7426
2574
5141
-593
6976
5169
6671
4971
1
9060
-339
7140
-7808
-4135
-8365
5940
4561
5981
-6691
9667
3692
-4853
2141
5564
9469
9814
-8747
-4837
-9530
-6769
7884
836
5220
-2294
5447
-1248
-4804
-8500
-199
-2969
-5003
8401
9945
3788
-3754
-2006
-6348
9496
-5453
741
-1434
5490
-1018
4452
1886
7031
5774
3124
1230
-1651
4822
8840
-4488
-3187
9658
-960
7800
-8758
-8589
-8914
2235
8640
9439
91
-8324
-3423
5627
6062
-5228
1217
5921
-3373
4418
5912
4944
-5338
9221
4709
2041
3374
4729
4514
-2521
2168
-8881
5392
8961
6275
4628
4219
4145
-8999
1872
4900
2647
-6959
-1213
9621
2387
-7322
8614
-1296
-5162
7999
9005
1151
5868
3408
-7561
8152
6336
-4331
9725
-1235
-6162
-1379
1823
-9180
-936
-2197
7411
-369
-4266
-5529
-1949
3302
180
-156
-2405
-6364
5153
296
5513
-2004
1481
-4017
-733
9059
-641
7583
-9355
-9943
8680
-7001
202
9075
6363
-6390
4504
9411
1741
4833
-3225
-3040
4335
-7930
-8576
1008
3218
-6730
6596
-5342
8024
-2959
3462
-9191
6645
-8959
-252
973
-7936
7180
6025
1930
-8643
962
8031
3205
4317
-9563
-6789
-6810
-9544
-3763
-4547
-2971
-2811
-1017
-6761
-8454
-9503
7949
-8774
-6008
2645
8928
1522
9954
-2775
3184
5912
5454
6725
9502
7410
-8364
987
-1812
4866
-4304
7493
700
2162
-4087
4402
4134
-7488
4169
-1530
-4374
-9652
-9947
6483
-195
-4903
-6521
-1294
-7764
5489
-1924
1379
-8122
5552
-3238
3784
-7850
-7182
-2188
-6809
-643
-6841
3009
-9373
-4071
-877
6193
7183
6067
-8079
7256
-706
-9731
5125
-827
6786
-990
7522
9823
-1585
914
6253
9337
-9593
8135
1507
252
2613
5089
-1750
-7475
9809
-1862
7484
7957
-7381
-3566
-14
-1505
-949
-9505
-7548
1753
8994
-5525
8420
-4549
4013
5703
-4271
164
6762
8059
-2109
8813
6002
-648
-9173
-3319
-6278
-6285
331
-7783
-2160
-1886
4736
7482
5873
-4246
-4821
1102
9702
-2809
-1846
-6507
-6014
-7518
1934
-2446
8580
-2792
7063
5083
-9006
-949
7899
6015
129
-7866
4593
4221
-4283
-3841
-6662
6418
5914
2332
-6025
2933
-8396
9487
-492
-6602
6114
-6230
4652
8588
4727
7538
-3876
-3008
6194
3931
80
-5723
1566
-6996
-5821
5912
4988
-9857
-8501
-2773
-2036
-8330
-742
-1322
-1824
-5317
-8850
-3697
-4691
5671
5517
-3375
-5762
2622
7168
4175
8145
4700
2875
-1815
-7337
-3411
5847
1285
-348
8601
-6101
3117
-3385
7260
-7267
9859
-1093
4070
7943
-2653
9734
-933
5149
664
1063
4614
-1190
-9835
-5612
-6908
-5677
-183
-9276
3557
1446
-4391
-4448
7136
-7381
9222
3004
-6339
-2484
2692
733
-8192
9480
4344
-650
3363
3045
-4191
6791
2628
9459
7336
7326
-4996
3248
-930
-743
4347
-5141
6313
-2811
-4921
2082
-5451
9428
-5408
-193
-4671
-3995
2616
-3377
-5609
2346
8828
1063
-8854
-7878
-7245
7541
-8167
7843
-4266
1591
7363
5404
-7092
3517
-6510
-6118
7926
-121
773
-2606
6544
6665
-9669
-1829
1940
-3683
-4776
-2858
8483
9976
7715
-3692
784
-884
-4378
6374
-5729
8604
3342
5205
430
-1908
4910
5961
-7346
7818
7977
-3970
3023
6347
8957
-5072
-6015
6203
-4288
4876
-8633
9455
-6216
-6739
5714
-8745
-8806
-6860
-8502
-2970
6317
-3762
-6552
-2800
-3479
-2548
-8062
2234
4260
-156
4243
1905
2140
-5670
3832
4859
-8138
-4613
-1798
1947
-9071
-6286
-4967
-9294
1815
1930
343
8128
-6080
5856
7230
-5326
8755
6852
8438
4230
-2598
952
4856
9631
-4149
565
-748
9837
141
5935
6943
-184
8331
3789
4775
292
9107
-2840
-9714
8868
-3551
1967
-414
-4887
-6840
-8290
-5383
6704
8452
-2687
7070
-8277
-7163
4047
9945
-2990
-1420
1449
-1397
-1887
-3629
-9063
-9404
-9951
-2105
-8319
-5352
1906
-7513
2421
-5067
2395
-8700
8723
7863
6214
8028
2796
3916
1575
4980
7815
-9267
-7224
6460
9186
9489
8136
7218
-977
-8610
-1866
90
6035
-1706
4887
-4493
-7103
-7561
153
8585
9169
-2836
6756
-7705
-7280
-8188
3554
-9561
4149
-4256
-653
-2103
-174
5378
-4500
1111
4874
-2524
4144
3076
4078
2333
-4228
-6747
2854
-1250
-7981
-598
8358
5743
-745
8649
8679
-5825
-4083
-7149
-9238
-1607
7753
7320
-5441
-2426
4008
-7234
4967
8915
8062
-4885
3332
-9829
-803
-3091
4676
-95
-8120
-4596
3675
-876
5385
-4396
-8708
-9700
5069
-1470
-8193
5023
3067
-1657
1766
5196
-6072
-3620
3800
-2281
6385
7571
-9764
7566
-6834
-1275
-457
7133
-3160
-3313
6820
2320
-3575
6379
2366
5030
-3002
-8181
9175
-6033
9822
5988
-3175
-3546
-9283
7191
761
9008
-8464
-7839
-278
-2330
-3421
-4009
3713
-5852
7289
-7559
2810
-3801
-3399
4711
-9834
7237
-5735
5846
5313
3538
-9078
-5490
382
-609
446
8736
-163
6094
-3160
7360
-1497
4100
-7147
8486
236
-5671
-9644
9964
7910
-9653
-5078
-9703
-6231
7283
-7124
-821
-5691
8063
1476
-455
202
-22
3627
-5338
4605
-2799
-3412
6895
-4630
1972
-3195
4341
8245
-4326
1960
5683
-4885
6811
5550
-180
5475
927
2449
3614
-1024
-9203
3807
-6872
-968
7211
2832
-8005
-3061
-4259
6948
5714
3998
6926
-4798
-5749
1128
-9446
7221
9211
5984
-8187
-2885
-2143
3381
3841
8367
-311
-5449
7414
6451
-4103
3870
7152
3975
1527
-7759
-1779
861
-7575
3386
1133
-8820
8515
-2085
-8023
5405
-508
601
-1835
-7402
6019
-5692
-4815
-5789
-5784
-989
-1423
-5336
-3993
-2725
9472
-7424
-8190
-157
3667
-3190
2061
6570
-2736
-5070
8968
8996
947
9506
5041
-2349
-429
-9392
876
-3464
-705
-2916
-4202
1533
-4617
2944
1544
-5196
7269
4808
4882
-3666
7352
-1561
-2645
3139
-3475
-9069
8514
2653
-8867
3051
-3086
-6907
5812
-9485
-390
-1001
3468
-9039
5474
3588
-5395
-6149
8431
-9668
3912
2677
-9598
-3954
5016
5127
-44
873
6026
5547
-676
-2435
5279
4071
-9063
1255
7862
-7850
9005
1383
-8950
-1596
7735
886
4853
9228
6943
3103
-7818
-7104
3239
-1679
-4782
1949
627
4154
7217
5363
-3191
3399
-9775
667
-6629
9924
-4034
-9505
-6939
1577
-1903
-1949
-6793
-8188
-3757
-3049
-8693
6203
8058
-8692
-8986
-1930
2479
257
-5617
-3195
-9683
7977
-6123
6365
7493
5497
-8441
428
-4472
-4811
-2618
-6480
8463
7322
-2384
9786
1756
-1991
-5733
5543
2557
3085
-4661
5968
6389
-6395
653
4278
9924
3210
7622
-4303
-3989
9069
-3899
1815
7630
-8480
-7817
-6756
4860
-9446
-1173
-7862
-5598
383
8751
-949
-7636
8620
4448
6426
5156
1341
-5180
2995
182
-6794
-9263
-8878
-1753
-3527
-9466
5177
9929
12
-5879
-1442
-207
6349
-3489
9659
1955
-2636
5464
-1998
-4120
2468
1519
-6531
8897
-3448
6954
8427
-2346
-4498
7766
-8319
-4337
-2040
-8821
-105
-6260
5258
6794
8149
-7252
-2893
21
6456
-4248
-5355
-5183
5475
-2008
1441
-9087
-5984
4931
-1258
-5426
-4336
-2742
536
7872
4406
3108
-8828
6555
-958
-1160
1735
8773
5328
-9290
-4962
9174
476
-5307
8650
-1317
-4213
6109
-8794
2877
2246
3354
-7132
2643
9335
-2745
9346
2917
-8300
5370
-2339
6333
6608
-548
-2506
7673
437
-8716
-236
-6990
-6820
-3736
-6538
-1362
-3436
-3600
3455
9058
-5690
-8940
4873
-9979
-251
7686
9255
2464
-2036
-3356
9274
7725
-9476
5695
1668
-5645
-9559
6505
3402
-338
-3474
-770
-9747
3567
3929
3332
-3117
-488
-4254
9379
7965
4591
2968
7550
-607
1452
-2017
-6117
-1008
7505
8842
1353
-2074
-8535
-7917
-4552
-9683
2241
5902
7675
-3100
-4397
7051
9981
-9806
-6352
9173
9003
-8092
7421
-7432
6777
-6325
1255
2584
2272
-223
1835
2189
4029
-9569
-7334
-5339
9049
6436
4749
6034
-7743
7888
2839
4547
-2876
-2124
8809
2497
3674
-4020
-3919
-1057
1718
-9846
3949
-7594
-8995
4743
-4103
766
274
9429
6024
-2114
-8911
-5730
8805
1726
5544
-9129
-474
-558
8902
-5637
6659
-7784
1926
1202
-1360
-3043
-3822
-6161
6210
4614
5561
3499
-4239
-5144
-5006
5953
-9535
3264
-4869
10
-1973
-5017
-6798
10000
6774
-6301
-7083
-7175
-7070
614
-9006
-9333
7592
-2726
8556
3715
-4178
-9783
4504
-2887
-3191
-9383
1777
6507
-1946
3182
-9341
-388
6795
-267
1180
-9822
-9933
6533
794
-7453
1814
-992
2688
-8599
4404
1629
-2409
-1900
7301
6857
4777
3805
5156
-2519
-5370
-8380
-8338
9379
6723
7827
8707
7433
6600
629
-925
-986
3082
2607
3213
9179
1807
7154
7652
584
1495
1312
60
-9503
6957
2448
-9323
2386
4488
5451
-448
-8998
-3842
7210
544
-9814
-6750
8320
3283
5659
2764
-6413
4438
-282
-9657
-8238
-9350
-7083
-60
8541
5079
5411
9634
1835
-1004
6026
9165
-817
9978
-1511
5944
-1390
6452
-6552
-2623
2952
-8715
5921
-7829
-9122
2324
4701
4869
-643
2995
-1556
1912
-9196
-6000
-8300
-9505
4410
8443
4434
9512
-7074
-4413
-717
-2932
-806
-6296
6375
-2952
776
-4852
3385
-2072
-9739
4332
-5359
-5536
-2974
-9151
-5092
-3670
-4995
-8729
9465
-7868
-699
-9940
8782
1169
-3727
-9432
3830
2455
-8494
-8274
3276
-793
-1719
6996
-6361
6852
-764
6557
-6798
8815
-6413
9670
-706
4909
-6887
-8073
9898
1327
5934
-8055
5267
4803
2561
-2734
3483
-9642
7492
-3060
424
3679
-470
8655
-1397
2182
-4515
-6364
-6508
2904
-1190
-3162
-1730
1261
-6349
586
-2456
2457
7137
-3524
8041
6395
-7152
-9047
3706
9787
-75
5982
-5911
-282
9003
-9571
-1219
-1652
2756
8259
-9303
-7769
4256
-7346
-9659
-3313
9779
8361
2298
-8618
-7124
7826
-2914
9980
1410
1684
-3122
-6742
7058
-7488
3035
7570
-236
-3017
7770
4211
-2424
-7207
1291
4153
5420
4015
-6437
-3907
-3398
1336
-1652
5472
-7577
-5588
-1713
-8690
5933
1659
-1585
2578
-2153
-8714
3102
9956
1391
-1115
-8707
9958
9877
-4146
1803
6944
3816
2445
-4631
6979
-2769
-3100
-6716
2991
5861
9622
3846
-5318
-3326
3284
-3148
5656
4513
-926
2151
9704
-1080
8815
5995
2458
-3857
4559
3375
8099
1645
-3803
-139
-6266
-9457
-7647
5879
4323
3190
-9110
-4656
-2967
5612
7540
1269
7024
-6389
883
6026
4118
-4974
8435
-8224
2976
8218
-3230
9976
2709
-2431
7832
-6977
-2957
-3379
-5187
-2934
553
-456
-93
8802
-4255
4581
2538
9032
2174
1950
4382
-813
-8857
-7631
-8331
-4971
6863
1142
-5251
-1662
2848
-5956
-4258
2704
-5614
-7383
547
-8033
5138
-3127
-911
5450
1835
5137
-5100
629
-5673
3132
2671
-1237
6830
-9023
5951
-2071
-3274
-8811
-2570
397
-8701
593
7056
9109
1705
-3937
-5508
-6321
-6803
9113
-2295
-7514
8867
-1417
-4758
7048
-6671
-3320
2623
-747
6402
-125
-7428
-7277
531
7509
6280
3171
547
-7026
-2808
2328
-131
6500
-3183
-6590
-5402
-1975
-2349
2826
8375
2079
-5942
-4970
7176
453
7447
5151
94
-4268
-139
4208
460
1994
-3726
-9478
1676
-8200
5039
-6093
9033
-2549
2042
3372
5679
-8854
-9965
-9390
9187
-1546
-9950
7225
-4748
-8211
-7804
-2627
-4133
-179
4101
1038
-4074
8736
-9502
-3163
3418
4592
6875
7323
7019
-661
-1568
-326
-5214
-3245
3132
1626
6100
9820
4035
3977
-7371
693
-6047
6587
-1414
7293
-6515
9572
-7465
-2900
-6694
-7043
2699
3418
-7582
3764
-790
4290
8317
-4958
4472
-7562
-5709
1552
6053
-7629
8653
-3009
1362
4571
5396
4014
-2054
-9799
9455
-7716
-4270
8734
-7544
-5322
-4839
5939
7712
7836
-9700
2722
4258
3103
4457
6485
8126
9739
-9898
4290
6860
-6936
488
9720
-9861
-6835
-4707
-5796
-7294
-6297
-2582
-5655
9007
-7187
7178
6687
-6910
-9261
-1289
5120
-2168
2017
4847
-8862
-4604
-6817
-4453
666
-6735
-4441
1904
-7929
-7892
8211
8664
2951
-1199
6930
4842
-5431
1110
-8395
4616
-8841
7330
3281
-1531
6376
-8080
5289
-6473
-2233
-2693
9316
4791
-9037
-9421
7302
-6063
-906
-375
-9298
-3168
-3501
-2299
1729
-5893
-2437
5725
-3489
-880
4862
-6264
4267
1621
-4492
8895
7053
6439
778
8617
5207
-8262
-727
299
-7172
5209
7338
2047
-3238
7798
27
-4996
4556
4747
1298
-5542
-3112
4291
-9491
488
843
-6676
7480
-1311
9098
4967
-2410
-8483
8617
-3577
6504
-4300
-1722
-1464
-7598
-1505
-5826
2313
3569
2415
2379
-3851
-9716
9862
8203
4669
9148
-1855
-6275
-4945
3739
-1227
-4024
-6597
9213
-2877
7235
1204
-7332
-2801
-7581
-3812
-8657
4779
9059
6491
-8190
5118
-2914
-2072
-8159
-152
-4223
-3166
1487
4889
7179
3820
-9707
6228
-9657
-1383
-1677
2093
-4404
5007
9948
-6116
5236
-410
2728
-3223
-8921
390
1199
-1414
-4907
-5937
7812
-3429
3157
-3026
6624
2508
8610
8594
6803
9361
3144
6297
1881
6532
-1756
-369
-4199
6193
-1403
-1043
3608
694
2023
1087
9241
-3924
6048
2445
2155
-3696
1029
5253
1416
8599
2476
6800
-8896
4403
-5637
9869
-3254
5419
2459
-8802
163
-8691
8314
-9497
-4309
2870
8938
-4557
-40
3726
8912
-8110
-9760
-9829
-3650
6476
8447
-745
3042
2324
3186
-3184
3985
-7562
8630
1764
-2138
-1870
-9227
-6461
-4353
1615
9960
6437
3389
-9776
3399
-4509
-205
7256
-8857
-1374
-2250
-659
8475
5155
-1731
4765
8749
-7598
-9263
5683
-6700
-9939
884
-9281
9115
3867
-2749
-9897
-5695
7906
-17
8659
8918
6849
-3958
1544
-6278
-473
481
-8335
6317
-9777
8243
9112
-1906
-916
-8161
2494
2925
3247
6674
-4405
8056
-8511
2455
8197
-5052
-5387
1838
273
7361
-2375
6081
32
1983
-3918
-4370
6681
-7709
8412
5951
-995
3493
1375
-5133
6428
-9580
-6809
-8282
2062
3278
-2971
-1467
-2563
-6297
-6328
-1234
-3654
-7556
942
-2011
-6894
9016
5319
1072
1128
4491
9076
789
9501
9591
9547
83
-895
-1103
-7252
-6705
1672
5890
-1124
750
-5332
-295
9340
-5670
6876
-8572
4190
4323
-2977
-4458
5199
8116
8164
-2027
1770
6617
-6246
-3449
9242
-7299
-6116
3546
-704
-2124
-9926
-460
9381
-6879
-5274
716
1844
7310
-5226
-4107
2713
200
6085
-8034
-8917
6464
-353
3392
8784
2814
8207
8132
4400
-1625
3263
-1606
90
-4258
5727
-1393
-7287
9612
4228
7768
1917
9617
-6374
3297
8829
-5210
-8547
-7705
-4050
1095
4216
3328
2383
940
8627
2450
-4645
-4241
-2082
6522
7130
2571
-5760
8674
-1719
-1867
8509
-2782
-7021
-4460
-6644
-2764
4681
-4107
-339
5465
-1464
-5516
5816
7884
-6054
3530
1898
6906
955
-9550
7864
-6273
-6969
-7574
-2641
-264
-2193
9152
8990
-6969
8701
-5095
-9111
-588
-9319
-8479
-1633
7086
-8442
996
3588
-7419
-535
9688
8714
3268
7807
-9949
5115
-3180
7582
7432
1076
2011
-8799
1512
-2246
-2549
-5680
-8609
-203
8831
6212
-527
4699
-9584
1552
1156
7957
-4429
2046
-448
9015
-1355
8873
208
-2456
4977
-8840
-9668
1661
8973
-6131
3104
-9897
-2412
-4816
-6872
402
5335
-6578
-8348
-9881
8713
-9145
423
-8450
-6575
9382
-6713
-5691
7030
7018
2868
6944
-6493
-8420
8637
-1151
1310
-8092
-5524
6395
2536
-8878
-2747
8477
-9642
-138
7306
3436
-3463
-6411
-4980
-1328
-2425
-9309
-6200
-8847
24
-5472
9346
-2500
6056
-7027
9294
1098
5111
7152
-8879
-1472
580
-1856
-8094
3416
1239
1141
-8432
8363
4226
8609
-7885
-5310
-2471
-7224
-934
-7261
8914
8331
-4120
-4524
-7104
-5134
-9717
-3840
2681
-3774
-5245
-2184
-6754
3162
-4594
-6510
-6415
5393
6844
-3505
-1608
-4403
7923
-2243
2861
-4794
-4031
9168
6424
3439
-9583
-5865
5813
-5833
-789
-4798
4658
-1228
-6560
-6019
9286
-1099
-6148
-9780
-9947
-3720
598
4420
-4400
7029
-2299
3657
5805
744
2195
3875
-3660
-2771
1555
8558
873
-4408
8196
2461
6338
-9344
928
-5738
-6929
5246
-5702
-3048
3072
3848
-2178
4313
7164
-1369
-913
6616
-6084
-2506
-1353
-1470
-5036
-1794
-4156
7830
-8510
-2589
-1918
-7457
4850
6388
-5133
651
-5557
-3543
-2985
-3522
-1740
-6320
8498
-7635
-3287
4636
9744
-3456
8734
3822
-9875
9347
1040
7996
-2481
4315
-1102
1092
1998
8881
9248
-9866
2462
1229
-4276
-3728
-3309
-1567
-4157
2469
-3457
7253
3557
-9955
-2348
-4895
7926
-7155
-7576
-2323
1850
9086
-7192
1940
-4695
-6315
-3642
2534
-1067
9273
1354
1888
2011
91
3706
2446
9195
9053
-1854
1998
1597
-9616
9177
-2983
4900
-8598
-9667
-4677
-1659
-958
-9724
-6839
3974
-9055
-7562
-6358
-4834
-484
-931
3814
2098
7842
-8665
-171
-3005
-6736
-9443
-3573
1371
5992
-6605
7570
-6233
-4904
7167
2152
8449
1428
3142
942
2339
7263
9494
-161
1450
1371
-8504
4684
9038
-7438
7384
5819
6970
-8738
-3832
-5408
6560
6725
1854
6869
-4993
2264
7734
3195
8234
7558
-5142
5473
5810
3173
-8404
-3834
4557
-6420
6790
8231
-4819
-9644
-3152
-6829
-5647
-9325
-8898
-2931
701
7074
3415
-2195
3209
-8406
-405
-4685
-737
4
-7429
4693
-2153
5391
-860
-2583
-7137
8504
3917
-5922
365
-9938
4064
-4120
1862
-6228
-461
-1091
346
6242
2127
6101
-3103
7172
-6412
-8511
-6470
-5155
-5944
-8728
921
-7376
-477
-5022
1676
-9807
2412
5782
-7344
-3018
-6402
-6116
2576
205
-2524
-7123
-7910
6346
-8082
-5889
8041
-2682
6419
-4200
9152
-4392
-4858
-8811
-6512
-2557
-1525
-6024
1605
8470
-699
8731
968
8223
3833
-4739
-44
-9735
-5144
8214
6694
6107
9243
-3141
3605
-2621
-2028
4563
3700
2838
-782
-813
6083
2229
-5140
-1443
3343
-3003
-2908
-3867
5976
-3514
-7774
-1955
-3763
443
-6477
-8286
-945
183
5191
1068
1434
-5106
3856
7747
6086
7183
-2389
8391
-3331
2281
9705
8029
1572
593
592
-7077
6171
4828
7814
1751
612
-3002
507
125
9953
-7484
3511
-5961
-1897
-4746
-6884
2652
-8077
-3676
9061
-7710
-4370
1389
6103
4724
1777
6368
2982
-9672
9570
-5448
-6160
1484
-2998
-4863
236
1594
-1409
-6761
5038
-8410
3798
-785
-681
-9917
-7335
-326
7758
3994
6930
-1977
-7394
6253
4385
-6672
-8773
6641
9498
-5529
3375
-5110
739
8200
9323
6782
-2139
-999
7740
7147
7658
8824
332
9926
8139
5978
-8936
3406
-5054
5631
3017
-7096
-5132
4020
-391
-6458
-6225
-2000
-7659
-3957
7875
-5290
4104
-7782
-1232
-6626
5894
-6460
3798
-2115
8546
4982
-4354
-5987
-9189
-2254
8266
8698
-2123
-9440
-5682
2698
-4701
9502
4857
1957
8813
-2563
-8548
-2576
4456
2433
1973
666
-1161
-2080
7037
-8856
-6620
-7045
6248
7109
1250
9938
-7272
3697
143
4279
9719
2677
5434
2260
1244
-625
-7552
2650
9468
-9383
962
-9374
1280
-5275
5165
-9199
-2822
-6352
9509
6044
-5777
-7579
186
-3189
-2786
6229
-3482
-873
8956
-8543
4464
3469
-5286
-9603
-7166
-2560
-7880
-4045
-822
1821
-4588
5869
8627
9711
-7278
8478
-8586
-8913
7049
-5213
-3257
3264
-6638
4431
-1380
8571
-8999
-9594
9343
6225
4273
-5536
-2519
834
-2033
2114
-2880
5485
-3979
-3732
1312
-201
-3696
-3525
755
-1720
-1756
1447
-4874
2795
-9275
-9624
-4719
3565
-5762
8169
9897
6421
7288
5982
-4095
4327
4090
-4663
6729
-1613
9389
1407
-3385
2641
5468
9722
-2897
1664
-2891
3448
3968
-8590
-733
2167
6221
4724
4954
-2187
3107
9654
3473
3466
5730
8069
-4822
9568
-6006
6220
8622
-2135
1239
3591
-707
-7270
-7787
-9103
-8844
-6886
-5966
535
9368
5617
-9805
-5709
9907
6182
-2699
-572
-5509
5338
4913
-649
-8195
-935
-971
-1734
-3422
1380
7281
-9357
-4690
5840
-3960
54
-226
-7768
5293
-4998
6842
2393
6915
8850
304
4801
4612
-3220
2892
-2981
4316
-1288
6994
-6951
8990
-5631
-5017
5408
-3221
-6971
-3797
-5029
-2961
-7488
-9122
2040
1308
2395
-71
-1790
-648
1006
-2436
-7771
-7415
-5686
-9385
-2341
-5060
-729
-9429
4391
6021
3227
-3837
-8778
-462
-2300
3337
-4959
1618
-9434
-2362
7255
4873
2620
698
-1852
6311
-1715
-1988
181
-3776
-5896
-2090
5423
52
4803
-2534
2393
2172
4240
-2691
-2843
-9692
8044
-5899
4248
533
-8740
-907
7410
-8303
2319
-9143
-5678
-6491
3956
2891
-5492
-7147
-515
6869
9952
-7618
-3855
-7541
9038
88
6157
-6639
9294
4962
-6174
-93
7344
8318
-9867
-5282
-2983
-7383
3759
-9708
640
2334
-5770
-7351
-8012
-514
4378
-577
-1556
-6346
-2739
9704
6001
-368
3470
-9385
-505
-1978
-5758
8355
-6225
5378
7030
-3481
6721
8175
-1983
9517
-9651
-1192
-9975
5277
2693
-6291
-7788
3642
6164
3436
-9758
3474
-4282
-8960
-6053
4197
-7967
1407
5151
4428
300
-4947
257
952
6451
-4455
6137
7607
5468
-8081
6684
-1195
-9492
5084
80
-8760
101
-1509
4326
-9815
-8457
7207
-1718
79
7275
8434
-4548
-5885
-8686
-8604
6936
-3913
-1650
-4873
-5384
6050
6845
9803
2766
8452
-6161
9121
1980
5029
7351
455
6690
377
-9096
-1273
4250
-5258
-1059
-3686
-2477
1746
-1336
8108
8108
-1011
2561
-6558
-5118
1380
-2686
9930
-4514
8521
-9266
-7540
-1626
8676
-1571
-4310
-881
4440
-1958
-2284
-5631
4251
-3337
7010
-1999
-5259
7216
-808
4797
-259
-5193
-6045
9899
-249
399
-5220
1206
8011
-916
-4644
-1447
-4994
5427
4702
-6705
-5090
9681
-5114
-6869
6899
-2290
-1831
8682
-3335
5364
4607
-2212
500
-6594
-8326
7431
5028
2099
6460
2030
6464
-5008
-1701
-6854
1880
5476
3722
-9602
1902
-1096
5148
135
6510
9233
-2455
5960
3727
-2929
3854
-6143
-2879
858
-3719
-9790
3585
-8917
5994
100
5373
4508
8522
-3316
4722
7768
5778
-2260
-5335
-4668
-2864
1609
-3979
5990
3753
-8545
-1556
3844
-4347
6907
7654
6129
-4827
-3701
-9115
9654
5143
9578
5714
-1328
1529
9313
-4422
-5892
5107
7970
-9853
-4244
-7158
9617
-1187
130
1625
-5308
-9133
1473
5273
-7533
2577
359
-9632
2234
7492
-5757
4676
3554
-4931
1333
-1004
2214
7661
3543
1875
6087
7909
7399
6857
6828
-4121
3337
5799
6710
5877
-4432
-1652
9125
-8916
1210
8330
9952
-5518
1836
4290
9330
-7216
-3715
4936
-6612
6241
8572
-5406
-4153
4294
-2986
-7038
1194
139
7318
-8973
-5047
2292
-3207
-7806
-1382
-1278
-1354
-609
-6656
-249
1464
-9839
9824
-3548
1290
8624
9359
6329
6699
5073
-3438
156
-3913
-6310
8579
-6408
-4146
9045
-3173
7924
-2889
2003
-2534
1023
4281
2527
-262
-169
-337
-222
-4455
4080
-9815
9102
-8901
8610
8707
8762
-6504
-9025
-3205
794
-3966
8079
-6638
273
-6736
-1858
7026
-8421
-9571
785
-8358
-8192
8380
7348
-2231
-1978
8964
7693
-3705
7761
-5983
397
6476
4862
-3714
-5229
-6494
-962
9793
653
-961
3489
2704
-1780
372
-5116
2261
1086
3848
2419
-6625
-8629
1624
-788
2954
7059
561
2642
-4102
7536
995
7774
7394
9509
-6015
135
-3149
9912
-9156
-7234
-1193
9416
5231
-5590
1839
-2279
-263
-2595
2148
-4714
-9597
-6332
9039
9291
3398
-9138
1811
-4367
6674
-5690
-7511
-3961
6247
-2839
9926
-8464
-6302
-8955
4192
9231
-1123
-801
3396
-4745
9745
3550
427
-802
-1751
203
-8522
-2109
4469
-5664
-5694
-7340
3524
-4650
-1851
552
4025
-9308
1244
-6337
7756
-4200
-3364
7787
4172
8255
-5536
1362
-6905
-7246
-9047
7944
9362
1330
-8726
2684
-6808
1569
-3013
7128
5357
3354
-4677
-9020
-8168
-7803
-7611
-4514
-3128
3061
-3219
-6984
-3282
-3720
-2629
-9999
-5543
548
163
-6607
-463
-6278
-3950
4236
-252
9109
8081
8291
5508
5451
463
67
7509
-5915
204
-6367
-9545
-9514
-2885
-2165
-4518
-2687
9994
3923
8904
2205
-2438
4655
7057
-5463
1945
-2932
5265
-650
-3114
2666
6768
-9321
-4474
6395
4240
-4823
7837
-6885
-886
3697
2132
6617
-6507
-3557
-8685
6954
4272
-6079
7242
-1152
-6902
-2573
-5020
2890
-458
1916
-9172
-9369
-3111
-3962
6386
-6009
2153
2805
-8390
91
-8182
9854
5241
-8147
6395
-8278
9724
3933
-5641
-7962
8792
7096
-8296
-2468
8308
-604
427
2867
8535
-5746
-4333
-896
452
8939
6390
9212
-1246
3783
6552
-2162
-9282
1706
-7543
1966
-9947
4614
2356
-8629
4053
-2039
-413
-3936
2005
-1276
-8229
-6264
-7401
1781
4439
2800
5613
-4370
1014
9243
-8856
4785
9008
1333
-2561
2042
-2866
4545
3045
2452
-2451
945
5370
-9045
7795
-4603
-7925
1542
-7298
-7365
1807
-4410
9998
-5449
-8234
-1994
-8972
7856
40
-9196
5016
4610
6734
2672
2241
-8455
-7179
-8050
3407
-465
1949
2
6286
-170
3384
4879
-1339
808
-3735
-5255
-1853
766
9196
9006
4688
-9321
1312
8006
9755
-4565
-174
7254
-9596
254
4560
9315
5943
-8936
1691
-1394
2184
-2909
-7301
4182
1527
-584
9230
9829
-3123
-2991
-1511
-5640
587
9758
-4145
-8512
-3015
2086
-4899
6563
1105
1317
9921
-6079
6920
-6936
1266
-8461
-7653
-9241
-2185
500
3872
2850
-1103
-2788
-4865
9095
701
9659
-9843
-8312
-2333
6970
-4310
-6696
5327
8436
-4028
2719
-5933
6646
6325
-7345
6533
-8142
9465
5531
-2753
-7156
1295
8223
-6733
445
-5322
-1605
-6285
-4954
3819
9412
1901
-4021
8072
2690
5284
5411
-7258
6163
41
9426
-4858
-1775
-8590
-7335
-461
-5198
-8060
-3027
361
5983
5893
1025
4688
8920
-7163
3076
8004
2083
-6223
-152
4812
6368
-4394
1759
9240
4651
-774
5738
714
9958
8502
95
-5029
5792
-4181
-6167
5547
2978
-7039
8583
1045
4378
2568
2493
6853
3062
-5985
3632
5034
9257
7050
-5886
-8558
8960
-6080
-2430
-4503
3248
-2497
4914
6294
-7187
-980
3822
-7858
-4461
4489
2189
2786
4205
5346
1455
-9055
-696
4003
8109
-8749
2363
-1358
1322
-2604
-4899
9990
-4886
9706
8256
-2120
4074
-7532
8192
3473
-2852
-6327
-9446
-9816
7396
7208
-8808
4030
8174
-8875
-9390
3514
1385
-1917
-8042
-7868
7854
2647
-8588
-2520
7236
-9819
1797
6755
-3762
-5048
2913
-2389
3409
-9960
9876
-1155
-488
5274
4597
3606
-7147
-9062
3865
1674
-4918
-2667
-8813
-2529
5052
9155
6371
-1896
-3616
-6133
6920
-9695
-6645
-5194
-4978
-3706
6356
-2701
8273
2783
-7248
-744
833
-565
-5935
-4771
-1741
-8705
993
1069
7482
4969
-6332
5887
2948
758
5948
7132
4124
4327
-8786
4309
622
2386
-3464
7408
26
-9175
-2428
-371
-7680
-7703
-7752
9323
-9513
-4496
-5731
-2424
-3959
-9074
-26
-6834
471
1699
3531
2965
2349
-6198
7137
-6883
2279
5694
9251
-4478
-4795
1583
7635
3183
5578
-1269
-3881
-4352
2156
-683
-3420
9254
-5945
309
1596
8858
-4462
3479
5414
5269
-9785
-2613
-7994
-4814
-2133
9443
-5516
-2563
6114
-8339
7051
4845
4763
-4879
-2880
-307
-2010
8858
3305
3163
-3249
8516
108
-9421
-2815
-4761
6906
3929
5939
8699
-9341
-6184
4651
2892
7435
-9333
2049
3611
5557
5592
171
-3520
8441
3769
-9589
3610
-5292
-835
-1622
631
5904
-1965
-5366
-1604
3546
3925
6380
-4549
-3420
3008
2283
6153
3925
3697
-4306
2914
-5171
8162
-1908
682
7061
6649
5032
-4925
5822
1746
7431
4521
-9596
2185
-2940
-7330
1154
6594
-8180
4362
-8191
-7534
-5956
-769
4149
9168
-8343
3050
-7519
4401
-6847
-3033
3748
1477
-2070
6440
8136
-7318
-6663
513
1544
9623
-7425
1159
2876
7570
-7607
-3693
132
-476
2481
6067
1933
-2626
2222
8115
7398
4094
-9164
9616
857
-1990
-9383
2875
2565
-6174
-8247
-4073
-5391
1460
-4814
-1815
7780
1224
2293
-4808
-7821
-8891
3038
-1945
532
-2485
-5333
6161
265
3518
5671
8218
6298
7728
2390
5864
7172
-2473
-7121
-8142
1657
2618
-2961
8571
6048
-1133
9451
-8860
-7405
2206
1909
8820
5850
672
5679
-8672
-6902
907
3054
3954
-6545
4321
611
-9049
-6268
867
4695
-9666
-838
8346
-8832
6266
4156
1175
-9414
611
5887
1692
-9433
7020
-4273
-2919
-6246
9852
-1237
4844
3377
9434
3651
9938
-8052
5161
-491
-8647
-5769
9031
-817
3863
1168
-8697
-3602
4356
4976
-4819
5179
1422
-4462
5446
4871
1962
-5272
1892
218
1702
-8113
3176
5718
-5340
-4846
2203
-8205
-4795
3389
2088
-2334
-6682
164
-3210
9816
4241
-3430
9810
-1187
4649
6264
-9723
3701
4837
-8187
6159
-6688
-3147
-3874
1268
5850
6169
318
9022
6165
4944
-2469
8569
2171
0
-4037
3580
8371
3481
-827
1854
-4303
-4754
-4879
337
-506
7029
3411
4920
642
-7324
6643
-6482
4662
-7982
-4855
7524
-947
-4807
-8460
3054
-57
-4255
6641
5547
-7996
3389
3340
