5952
1
3475
1223
4158
2660
9852
2208
5589
7003
5479
4456
7174
1445
1808
7588
1072
9064
6503
101
8428
8748
57
1190
7836
828
6207
6209
8102
6452
2240
469
4705
493
7829
6087
1251
5821
4154
1999
1045
548
8135
1866
1330
3381
6894
1781
1367
4258
2140
8894
6079
6855
6547
6890
104
4287
1827
2621
8085
7059
9553
7538
6913
8178
9937
1347
9168
3361
1694
5303
8270
9433
4723
8186
5048
520
4781
9573
3252
8642
9407
2150
106
323
1710
1856
6686
7801
9319
7004
5248
7871
7283
2983
3953
3991
2256
4446
2712
8756
8736
5589
3145
4243
5138
202
100
7408
1318
1055
663
8170
1251
937
1551
6377
1490
4823
1151
4933
2885
6475
5861
3496
8419
5129
6863
2206
6639
1501
5607
4720
3492
8596
3272
4833
3585
8422
3052
53
5526
340
4542
4257
2204
8537
8488
4006
3438
6825
6497
257
5498
3094
270
7559
4173
1179
4943
4181
7232
5034
6842
7719
2147
5321
2681
2408
7359
3227
4736
1390
9901
4905
7136
1775
7938
5792
8625
808
4473
3323
3903
9143
2126
5701
9555
9068
999
5578
7370
3970
6372
5204
3841
1588
5924
9319
616
5672
7917
3718
575
5241
8077
3613
777
5632
9080
1500
9481
200
3566
4905
6074
5926
4609
600
3395
5400
4352
5077
6112
479
834
555
1813
3613
8356
4160
5006
7120
836
9058
2001
2015
4048
331
2477
4254
6250
7053
8463
5628
3618
7863
824
2957
2013
2198
4642
5873
5474
6857
1268
9545
5358
3874
771
7285
7514
5820
7759
1245
4917
8559
4384
5773
527
4351
7708
7042
643
2259
14
7319
4427
3939
1878
3474
78
6669
4860
637
5038
6613
7847
2354
2471
1023
3342
6510
3379
7623
8032
9853
551
2758
5495
2512
8465
7332
2526
1821
7518
3474
9867
8506
1146
6688
1876
5153
9836
4761
567
8177
1698
484
5876
7080
1468
7357
5045
1214
6574
1296
1168
6950
3542
6345
5245
6544
8684
4809
738
7153
1846
1347
1883
4373
3970
8067
9039
24
5622
2639
3164
1896
4763
5288
5823
5247
8322
8708
1037
7170
57
3024
5289
8245
7328
727
888
2027
2461
5877
5042
1962
8428
8787
8786
7080
6813
6987
1451
3583
3175
7108
3963
9121
7939
6327
7783
8401
5352
2644
3456
1867
1865
1547
7017
2647
9397
9114
7497
3763
5120
9028
2237
5586
7246
9620
733
5118
9244
9425
963
2893
4036
8025
1733
2949
2203
5852
8519
4936
6599
9303
2835
5699
812
1638
27
1302
7689
6246
6521
40
2184
7082
6768
177
8848
2147
9996
8050
9824
3213
3026
3407
9391
1217
8530
167
2514
696
5721
4789
1879
9201
4681
293
325
3026
2855
8804
2465
2420
4246
1936
8970
9335
3408
7323
3056
332
6197
1460
4772
3187
6036
9672
4734
7797
9628
3543
4634
5649
6049
2014
8702
2191
2166
2670
3010
6948
4561
5086
9187
2928
6931
8026
9798
2426
4989
1853
9994
7684
1781
96
1202
1146
9108
5859
9719
409
9086
1925
1326
1165
100
5997
2852
962
4375
7974
4293
3345
4968
9178
2237
428
8364
608
60
116
7683
6950
1291
9618
5475
4334
4149
6846
6390
9285
738
1574
3241
3944
6054
6805
1061
1605
2693
8216
408
4777
3244
8186
9928
8712
8169
6172
5935
5700
5219
2774
1679
7493
2146
6075
8774
7700
6277
7248
9889
206
6252
2134
4578
7228
6360
2699
6361
4017
6147
3644
1966
1808
7828
5459
4229
2838
290
3894
1087
3005
5217
3277
8332
6210
602
312
7654
1168
2022
7821
3949
4397
7621
2632
2448
1538
5176
6683
1300
4436
3855
7295
3775
4868
9049
7208
518
1574
8226
2324
2706
7862
3598
2323
7619
929
4053
6620
6286
9657
5037
8914
9097
1905
403
6433
9406
9864
1737
7705
2492
6474
3962
6994
1536
6733
3861
2488
802
3600
4831
9697
8995
2491
8923
2494
6810
6777
6130
9571
3810
8542
2805
5928
5222
9549
1909
9630
7791
915
3429
9074
9884
6415
7920
5077
4709
4648
9374
7776
8050
4885
1723
7036
6067
9940
247
7482
3478
454
1463
7588
7470
5753
9491
6255
3630
6908
1804
2396
41
2574
258
4459
4817
2045
2088
4738
8988
2966
1530
5041
3065
9972
9739
6002
9845
6108
2331
7642
7354
4012
9377
968
984
9400
1111
8779
3501
8304
6064
4315
1197
89
3260
9988
8307
503
7276
248
1323
1211
1265
2787
2288
6352
7550
9789
9399
6876
1200
4796
911
4513
4552
9617
699
2217
2423
2416
7808
5535
8008
5344
365
9579
4009
1214
8742
6635
5616
5648
7775
9361
2607
2081
1651
5219
8481
6099
2066
9939
7292
6860
7257
4237
5905
1625
9686
7992
1099
3658
6125
9183
1563
2584
1083
8278
6646
5450
5863
6047
5559
9133
8661
2014
3519
6961
499
6231
5847
4176
7408
4483
1507
7133
5306
9385
3647
7191
8395
71
2231
7260
2843
1998
9608
2795
3242
9921
1427
425
2920
159
9494
4133
5875
917
3274
6952
7635
1101
1199
1068
4872
4400
8664
4321
1515
2329
2918
8917
7635
6070
5827
7076
974
4496
1359
749
737
1233
4875
4116
4420
5783
3045
6506
5528
3083
8665
2411
7225
6991
7480
7076
5134
8916
7723
1626
7066
5856
5464
2835
5742
2592
8431
4213
9591
9651
3542
2516
4460
7241
2572
4986
7065
9972
7541
611
6127
718
4819
5390
262
798
4454
9827
3056
7948
7715
5592
4603
1904
738
2601
4660
7939
8931
8685
983
7990
6180
342
6145
7565
9125
8405
1203
9736
140
8087
5459
9448
4035
9370
3065
6628
390
5840
7415
6014
1252
185
4106
3033
4104
1244
7011
8263
854
1253
4847
5097
9726
5270
8524
6286
7023
9653
5748
9696
2571
9046
1222
9124
312
8189
2225
5402
4547
7128
4806
7610
8478
3096
4988
6708
5321
2721
1947
4796
4734
9840
541
2552
1774
1748
921
2443
6370
2998
7189
4552
9308
3981
3127
67
222
7561
988
2091
1222
1530
451
7448
3191
5833
6898
2197
9713
7536
2652
7976
4969
6705
167
1823
425
7170
8029
4937
6679
8428
6078
6048
3137
6067
1496
9670
872
5870
8724
3849
7382
5879
3468
7216
7352
5643
7622
3428
3665
4627
8036
7240
2211
3045
8879
3430
2000
8050
5441
9339
1914
172
3356
2298
808
937
5224
5792
8496
3276
1604
3513
370
6725
8106
1723
171
3902
5147
895
6561
1262
3745
1302
4629
431
6289
4131
3490
6945
9487
1861
6949
1195
2582
4833
3080
6191
980
3592
9614
5511
4474
1937
8602
121
2074
547
7743
8336
3317
44
1353
7516
7439
399
5922
3476
3781
950
6582
4154
8557
6226
993
7567
2717
3535
6900
8112
8934
2548
6184
2912
7955
8739
5571
436
9395
463
7864
1525
7729
7987
364
8739
3495
235
2116
2107
2690
9012
7306
434
5716
7983
2530
5892
9159
3211
6593
7721
380
2001
9888
8487
978
3216
8851
154
9473
1757
8027
7044
7159
5462
4784
3135
8228
4330
9190
3793
7434
6130
8408
3050
2433
4306
7403
1994
5884
6177
4127
958
2294
2336
5853
2337
8070
2009
7226
7664
6019
3024
4890
546
3411
2840
836
9372
9233
7182
4043
6819
9323
9699
9353
7709
3853
6619
286
3204
9827
5905
3329
2159
37
4381
9212
6439
3811
1797
8473
8757
300
1741
4680
8023
1958
3518
8974
1447
442
6718
4359
9464
7599
561
6073
1023
9111
6187
460
7495
4397
579
408
1432
6721
6663
2102
3033
2850
417
8933
9991
6866
4496
7866
5478
1316
6307
4425
58
2734
1779
2069
7396
6731
9748
1611
619
4699
3094
2107
2601
3442
9206
731
948
4191
6640
1442
2309
3694
9394
7786
7301
1800
7124
347
414
6233
2360
111
7359
8926
9268
6139
7562
5342
5304
333
2834
4122
8686
2698
390
4009
3806
6205
959
9687
9503
6265
906
9621
2059
3974
3069
8245
1174
488
3305
9325
4319
2387
9307
1501
2525
7860
7799
8373
3885
4546
1804
7899
8933
9652
6017
7842
7231
1978
3607
1249
3760
2208
3311
8818
1069
6931
6493
7087
9478
7807
3120
4155
1999
4673
6943
2426
4347
9186
3653
826
4063
9241
203
5321
3898
4081
1643
1491
5119
8425
4747
1874
2558
9023
7306
5979
6326
2771
7402
9363
4374
3932
7102
9002
9862
2665
8762
7363
1158
2016
9631
9883
9732
4751
8093
9829
5353
5303
4800
742
3725
6790
5051
7264
8156
4567
5324
4616
351
4180
6794
9431
6752
9840
4142
9293
7896
5775
5978
3049
6333
8749
3825
7205
4670
3781
8852
9577
7057
6962
8576
5969
9320
7741
1918
7996
8163
4803
5862
6523
5217
397
3075
5397
1738
5248
7836
8232
7410
4451
1431
5615
5710
6825
3207
5309
6185
555
3935
5159
723
4745
7680
2787
5068
6933
7394
6915
5329
6805
2957
9110
1191
1373
4218
5026
8154
946
6756
4318
926
6865
9738
2365
9118
9314
9550
6666
5038
8581
1414
6380
8192
7658
7885
8443
4966
1172
7842
2551
6697
1282
3986
1767
3850
348
5527
2902
4370
4890
9736
5180
418
5773
2966
99
2112
3162
3396
8847
7262
8637
3737
204
576
6694
3406
6970
6743
2783
5948
2495
6441
3199
7554
4484
3045
2085
821
9028
2166
9686
6057
5458
6179
7738
4075
3110
4534
9114
9470
6429
8230
5485
6113
3937
7004
5802
3542
8795
4063
153
1769
7465
6079
6072
2083
1652
1402
8831
439
8944
2042
4621
792
9978
8654
2538
6742
77
5873
7150
7416
5077
6984
7085
5019
7143
8038
9241
89
5781
8526
1817
9088
9981
8897
6750
1323
3235
212
5087
5953
1020
8824
3508
6101
8928
4393
6558
7317
6525
7275
5235
2635
8585
2489
8983
4700
7306
3280
9927
969
2794
722
158
6807
5371
8210
9895
1445
9239
4859
578
4485
198
8870
5251
719
4980
6917
5302
975
4506
1191
6145
8607
2150
2431
8554
5352
6978
8373
8736
6935
7861
2111
5917
3356
5083
655
786
6084
2175
9396
3027
5587
4880
2516
9991
2664
8733
1063
1730
3820
7906
8322
5629
4102
5930
1789
2441
5794
2156
9646
5037
1932
8580
2317
7936
9147
2992
4405
5835
263
2637
1277
8277
3356
6796
6572
2604
7756
7185
7348
8822
9643
7819
3529
3070
8431
2253
7250
8291
2713
2231
1291
3764
997
255
9290
7399
1472
9743
4427
8406
5844
2047
3961
4743
517
1265
1708
4032
3929
4870
3681
1453
8892
2586
1861
8057
4499
3387
4185
4946
1868
2293
2213
9215
388
1511
7265
7383
8616
8468
9209
5462
6725
6428
7141
9246
7290
9783
8434
8467
6720
2653
902
7608
5544
8385
2347
7290
1987
1539
4889
9707
6892
8252
6791
8937
2646
7350
566
7588
3171
2000
4766
4202
1847
3843
4452
4373
4717
8869
2002
4295
8869
6525
4706
4757
9745
2867
6987
8844
5754
3080
9589
253
5988
8658
3376
659
3978
842
2972
2204
6646
3321
9403
6722
9142
7448
7166
333
2234
7247
2614
7808
7507
818
4416
8355
9612
4373
5345
1606
4582
5060
6075
521
9643
7760
5080
1739
3156
8514
9204
6426
5352
6792
2658
6611
4230
4986
5728
7018
1832
4734
1735
856
3638
9051
422
43
3657
9613
4673
3025
520
8066
6843
9687
663
2004
3412
1796
3634
5505
5546
1212
1661
3366
5198
2636
5323
6962
320
9006
2288
2454
447
6356
7599
9291
5278
2078
7100
184
3243
8546
5721
4029
8956
1916
4635
4630
7110
7294
3858
9895
3650
5419
8331
4411
3430
3816
1743
4443
3177
261
9971
1605
1834
361
9880
7996
8637
182
8719
8470
3783
7361
6493
3282
2276
7969
1203
1313
8475
648
7143
6448
6177
9415
4101
2440
8396
3580
5810
8465
2349
9978
3879
3839
8459
4957
1633
7565
5958
5791
23
2499
4920
7431
3399
5978
1995
9011
2679
6230
3508
9827
3369
5177
1417
5702
5992
7752
6056
2617
6313
55
9453
9418
2771
3527
9327
7060
6272
3669
5057
8647
7371
2824
4774
3074
7525
1767
8060
5383
1458
6444
2408
7852
3953
1126
7281
7451
8146
8167
6828
3820
8798
9966
6772
3368
7018
3103
3450
7816
4369
6818
18
6278
6787
8770
3870
8634
3622
4995
318
3077
544
377
2080
3416
7676
5406
415
9247
7523
3060
8912
2179
8397
4519
3105
423
4103
9798
2869
9163
6155
9254
3138
4246
1231
3046
4932
588
1435
4655
7087
9392
9863
2201
9021
19
2420
2181
3325
8490
7322
9483
2512
9325
2391
2064
4721
478
2815
877
5150
3429
8824
6656
6084
3771
1123
5356
6008
473
5764
772
9449
3979
9139
8433
8430
9152
804
2184
3502
7860
9027
7133
7163
7448
4699
9364
826
9760
2091
4259
1948
661
363
2350
2433
4326
7455
6026
1511
2372
8339
7625
9354
1997
918
15
6597
5006
7583
1707
7793
7620
8513
6032
1743
5719
699
6749
8404
4257
3134
5981
3798
1253
9286
6584
3257
6497
376
9313
5203
2872
3120
1119
3149
3876
1478
6162
5507
1615
5695
6401
2023
7964
6706
6927
4528
5636
5422
4067
4147
6598
7130
621
2829
879
7058
493
8639
6486
3377
1963
7349
7429
9276
4929
9806
3300
5941
9981
5510
6116
6271
9958
5410
2025
3788
1523
4344
835
4891
5843
7644
44
1645
3292
3243
4855
9064
4029
5933
6995
7302
5899
9057
9784
4795
6946
1490
7726
5928
9939
5200
721
7617
3075
2565
8741
8484
554
5429
5085
442
8381
1739
3390
2595
6782
9943
8791
4113
6579
548
5061
6284
2616
1719
2242
7222
4086
5325
8937
8520
5569
6349
4918
5983
8207
1238
7093
7010
9446
8707
2442
9538
313
8138
6246
7146
3092
5329
6873
8408
1666
7228
7485
1704
3300
706
4117
8303
8142
8239
3121
434
7918
7717
4266
6993
1575
7964
1444
9957
5078
2378
8645
9763
5320
5868
2974
3501
9352
1387
734
579
2006
603
1133
3592
6079
9186
7788
6205
3254
5862
1930
2814
9769
5007
1820
4039
3992
150
8185
1073
4528
4497
4265
3420
2503
1541
4992
5189
6170
4696
8007
3433
886
8188
6212
5751
3790
6003
790
6322
9874
5385
5745
253
3611
4375
3950
7495
5578
1421
2442
1004
90
7474
1343
7928
4527
4830
6356
929
6171
6933
3208
7135
2088
1645
6182
9921
6107
3113
7147
3802
4171
6379
9883
6022
1641
5281
8931
560
8144
3543
8303
2237
7592
9549
2863
6806
5002
8007
5721
5875
7856
6664
3529
1908
7486
1142
1992
1655
4777
4381
7412
535
2726
1904
8391
3619
706
5195
5831
6957
6650
9964
7324
7102
1054
4398
7810
6271
443
5227
2412
8602
7458
2559
4111
4207
5549
2761
4183
6571
5747
9834
2913
433
8120
9539
6099
2283
9205
6389
229
4332
8415
6064
3679
7247
90
4296
4363
8868
9429
8420
2734
3076
4830
9447
4721
3474
8942
8989
2892
9562
9443
4359
3486
4774
4356
1528
7722
9285
1795
8700
3208
297
7862
4959
8795
4608
1467
4874
5238
1442
5253
6109
8842
4781
3484
997
9612
8529
2574
2689
6009
8813
9846
1434
8183
3586
9087
9996
7470
3688
4296
5900
9592
1673
3686
2964
7344
1072
7149
7727
873
8847
9238
1401
7301
785
3950
8645
688
4594
747
2756
7324
5134
9761
461
5899
9258
9772
9538
3268
3050
4627
2399
9502
4978
326
2500
6849
5454
7176
702
3835
2446
2650
4050
1725
5411
5454
9042
1395
7325
739
2155
7722
9762
1144
6199
9691
6363
6906
6663
5122
363
8608
6347
3561
6233
6453
4444
4492
6056
8331
9487
3913
9432
2394
933
2532
7093
7211
6606
816
7673
9404
2632
8444
110
9655
9871
2866
4148
5884
4020
9147
383
8293
714
7858
4725
18
1044
6761
6619
3455
7285
7347
2760
9860
1590
1764
6477
3345
3875
9189
9733
9665
5336
878
7871
1798
9717
606
6017
3157
9945
1089
4819
334
9228
7523
5777
3164
70
9585
2756
1839
3820
7207
9016
2117
3803
4129
7286
5742
8375
1801
6021
9049
6934
4568
9992
7405
346
6704
2848
4933
5185
8535
1781
7420
1914
9068
3893
3465
946
9697
3392
2138
6668
2211
4401
6859
4750
3047
9362
1982
7689
2261
3147
9686
3646
9997
7661
5949
1014
5946
3461
8727
1551
5326
6241
9407
5310
2986
3743
1683
4759
1024
4174
3143
3818
122
4542
4687
9744
7305
8606
6590
9363
9517
4946
2567
3033
2651
5383
3655
3190
2012
7757
2770
1110
4833
3111
4415
426
7586
2366
8721
5848
5855
8955
8546
7171
2171
2270
1528
7468
5554
2460
133
3731
1949
7783
5308
958
4365
8930
4584
5600
4653
9737
3633
83
2388
3649
8614
5592
4230
1467
1050
6865
847
9702
3645
1811
3956
7226
1056
4544
2284
6090
6334
2994
8338
4068
4391
5071
153
5769
2949
4648
4066
5852
5874
4885
8853
7165
2141
3785
343
4367
6931
6056
7721
3318
1453
6559
5203
2519
2755
690
8494
1876
9245
7020
712
4180
5810
13
7197
4460
8250
4103
5943
9901
1898
6178
1650
2680
4664
5831
3297
6519
1095
9847
3740
8566
8641
9653
8512
2049
1115
7325
8487
2740
2498
5300
2570
1305
3501
7701
3815
9627
3613
7494
4625
1379
3598
517
1299
1231
2480
8317
7329
8833
763
6101
6361
5783
4527
4617
4492
1915
7708
9773
3950
4264
8418
2325
5561
5260
249
3830
5097
7017
2154
7388
7748
3911
913
7113
1106
1987
8782
2055
2412
8119
493
7096
599
4431
8913
3663
8817
4010
6745
1214
4087
7928
9981
2991
7480
5868
7048
4100
273
9549
7393
587
6749
1067
7037
8318
9684
7076
5078
8182
661
7190
8508
6551
8415
8671
5073
45
2254
308
2152
1330
8274
132
2277
2559
8160
9768
5166
9546
4812
3149
8209
6331
9179
9751
4538
7488
8980
3504
8470
1044
5193
7614
7144
7294
4330
8067
3641
2061
3114
6809
860
1605
3674
5231
6575
3833
1429
3149
9491
8092
2611
1574
1566
7443
2388
6512
6763
3905
8506
3086
3382
6796
7165
977
927
1234
6344
4558
9769
8725
9480
6593
9946
1631
9133
3195
7658
102
7194
4289
5769
6333
4021
2445
3423
2568
5867
218
1684
9169
6395
3555
7602
7187
5884
2919
2561
6516
7285
3332
4670
5924
4600
4512
1890
9610
7194
1544
4001
9378
3386
4937
8236
469
1382
1567
714
6023
336
6923
9805
6723
5698
6498
8488
6856
5693
7434
6049
5514
9326
913
6360
7937
7495
8880
3658
691
9042
8712
836
4431
9862
5648
6878
1830
2579
1894
2919
2952
7385
4804
3561
9489
7478
6672
9525
5782
1514
4985
2448
4303
7216
293
6388
7945
8878
355
9981
1201
1841
9667
4345
6705
7983
6558
80
9021
3334
7962
515
5588
9929
2560
1360
4371
7566
6307
7352
5285
9017
2348
9928
839
2837
9736
2732
1933
4640
927
7517
8953
2308
9003
8980
8266
4696
72
3236
6049
7004
560
1345
9357
225
6156
3520
909
9889
2551
5783
2278
2208
1338
5526
9564
7000
7032
9487
6068
6309
4666
8994
3884
4791
5755
8303
7700
7743
1668
2435
5409
1168
2529
4021
2825
8329
1551
8641
5669
6526
114
7583
2161
9754
6908
9813
8861
2021
2690
1571
4353
1608
3800
6845
2899
8864
6589
4562
3544
8031
3086
1529
9425
4758
3600
4092
8015
1371
5970
5515
1845
2984
8259
4138
9607
5181
3363
5792
2115
7595
2752
134
2637
7719
5009
8473
5275
8436
5373
6399
4891
5046
6073
2899
8278
258
3529
6678
3138
4772
9615
3887
5930
6477
7001
8061
4833
4073
8906
7843
7764
1515
251
5369
4301
2003
5201
5697
6094
2819
6113
3268
4067
8465
9000
1527
1631
310
621
546
3018
5737
3176
4713
1440
1672
357
9622
6259
4668
6365
7766
8931
9298
4282
3896
8817
9906
4562
4580
2396
5222
9512
6409
7140
3832
3863
7160
6965
3209
3382
6203
7955
3613
786
2574
9895
3282
8743
4460
6321
7556
860
2962
3617
513
9130
777
4748
5288
1197
3848
3161
34
8541
5966
6116
4587
8055
1029
3523
1751
1321
9830
7023
1729
7739
8056
9375
2564
8171
5292
1047
2668
7615
608
6604
5179
8090
1436
3354
3100
7657
3869
4794
2287
5615
8950
8122
3583
305
452
54
9525
8330
4163
6206
178
4412
7680
117
1978
411
3982
1864
2202
4883
4964
9305
7262
4109
4217
3287
893
4288
9824
8712
804
4849
747
250
9392
1582
9057
7827
7638
8064
1352
2099
2199
2487
7545
709
2703
3799
3804
7338
777
8923
2992
9050
6975
4476
917
7354
2052
2426
1594
4936
3278
3601
2057
7600
659
5538
8886
3661
7861
8379
4186
6366
2694
6897
3570
3190
7897
7844
7481
3887
1341
5647
4232
1661
1452
5740
2945
6163
949
5945
2994
6919
3858
7472
9657
1270
2074
3510
226
6526
8013
4137
10000
7999
9096
5295
5801
7267
9460
6872
3100
896
6117
431
120
1852
1167
6454
9595
7768
5361
6030
9439
113
8659
6045
3118
3030
4391
6138
3284
7360
591
8421
6807
3753
8750
9915
3216
7411
2534
2458
2933
7556
7753
7457
2340
3141
9932
2999
576
2632
5193
6801
3700
1472
9897
7545
9557
2155
1786
2057
7594
5359
8405
816
4428
9722
3273
6054
7027
7951
1449
1608
9229
5892
8750
1536
6225
6459
6448
6937
7939
9257
2945
3824
606
7317
878
981
7766
3653
3544
3200
7512
2919
5264
9435
1826
9732
8878
1744
8789
4594
1522
3042
8756
6448
7083
7960
71
7725
1721
7512
623
5486
2217
9377
6237
5895
3779
2731
2991
1517
6276
783
5615
3200
7951
7752
7567
4099
6392
7250
2262
1739
1859
7189
866
4591
5800
141
8342
3898
5427
4726
7104
1668
3771
5773
5914
6921
6906
1795
4846
2202
6696
6814
8605
1269
9866
7055
3994
3604
5891
101
2275
8671
871
3367
1781
1911
4244
8940
4787
3801
4234
6471
8387
5273
1698
6011
3702
1412
7980
6140
3842
149
8163
5169
1184
3981
9410
6226
455
5202
5451
1914
6820
5422
9037
6447
1906
8073
476
4982
7772
4344
8352
9787
2895
9234
7759
2755
6973
5479
2196
7322
299
7811
7293
871
9578
6601
6015
4120
8167
927
9156
9238
4548
4803
3957
3056
4472
701
7419
9141
1104
1164
2307
5914
7738
1312
7090
5596
4535
1784
7816
8783
2058
3983
6999
5387
6260
9567
3264
9582
5576
9552
6021
6201
5807
8398
625
7531
8253
3135
1131
2293
5860
5347
8459
5585
2569
7124
7111
8548
8727
6561
8267
773
5263
8848
3976
9173
8190
6032
6374
1768
372
4687
6293
3738
5417
4972
7057
6144
7410
4913
7631
5036
7519
2908
7397
4509
3264
5618
7265
1216
8048
5663
1523
8255
577
2784
5520
1066
2779
5077
9737
6605
8795
5567
6085
6326
4614
7595
6133
6792
8688
9763
8501
7641
9669
3201
6018
2967
7537
1884
5250
4809
2505
3604
4078
6220
2832
3008
6595
6421
3182
5158
1734
2223
1904
1053
4691
6847
2380
9253
5985
6030
7429
2164
5986
437
7259
2064
8081
7875
4633
5528
9439
6718
2780
6031
5470
3779
3406
2143
8489
2089
8083
9784
6946
1790
3809
3611
3605
3088
4633
4283
6449
830
7686
6952
2836
5138
7142
305
8404
5817
9496
9365
8335
2967
9872
187
4140
9180
7845
8696
4617
6488
4481
6179
1112
6413
5062
1558
4038
5842
5216
6640
7032
2117
9226
3218
3676
5111
264
9835
2623
9117
6067
1389
4077
3021
7143
3007
1759
144
2371
337
3246
6277
529
4601
889
7777
877
6263
9781
9148
4901
6394
3504
9730
1093
2377
1665
1739
2808
4410
4846
9603
7019
1694
2418
2129
236
1912
6000
9087
1932
1305
6785
4494
7349
5606
2489
7801
4465
5823
4913
4421
9640
7069
9274
1806
8665
247
9957
2036
9904
4363
8352
1797
3669
8800
116
5751
6511
7769
3081
1615
9940
1057
9874
3859
508
6442
436
6883
3673
5436
4746
3715
215
887
9329
7035
9857
2699
7057
5436
5314
3562
7955
6674
5449
2798
8606
4796
6156
2064
2868
9401
1260
2669
8209
338
2981
1802
8355
4171
4655
5315
1250
9073
1025
1333
3506
5568
6680
6084
191
6312
6844
2062
8515
3286
7783
960
8819
9754
9911
9187
5512
7637
3326
1617
7262
7457
3826
9762
371
1863
9785
3158
3869
438
9400
4058
7246
2370
6332
4986
5151
2150
133
1195
160
8372
2772
7986
461
4040
6235
9887
2900
6160
6495
2687
4298
6152
4602
935
2633
2987
208
7967
3537
4953
4653
4454
7377
1647
987
4023
750
2803
5460
5315
8682
5847
8974
9506
8460
7580
5655
6308
2517
3085
6714
8352
218
6010
1747
7262
7288
1053
4144
1112
9610
8514
4674
9418
2507
9616
3548
2169
9205
3401
698
5029
5643
2080
1711
5224
47
8390
1188
7246
2904
499
5532
3857
6255
8888
9929
881
3972
9610
2627
9181
2099
2811
5155
3635
6581
9545
7218
600
598
9644
5430
6388
5063
3305
7941
8728
189
371
9671
4777
5174
9315
5062
6439
3513
3744
1037
8339
196
6409
3610
3091
567
1603
5233
6464
6461
5117
8037
5415
3567
3688
460
1996
5573
4909
3801
8069
8147
3040
3691
6935
7926
6421
7299
4800
1563
480
8743
1938
6894
5243
4441
11
1720
3193
8825
2529
6649
9709
7951
887
7200
8016
4842
7017
9732
5694
307
740
2054
4369
6269
6467
602
7171
5624
6220
4020
3465
6573
9211
8627
8211
9534
2834
4243
5548
1664
7827
916
3299
9561
2733
8368
1274
4536
5891
849
8673
6382
5253
2826
3594
193
6018
3100
8661
5239
4483
3548
1972
8743
2780
1230
3902
8054
2937
1926
2145
4973
4951
5157
8527
7369
6066
6228
5976
3060
4556
4303
4585
4384
2428
5173
2445
8736
4490
5479
703
429
8021
3356
3983
8460
6270
669
6672
7942
3371
2879
6438
8145
512
7420
5407
9455
1932
5466
282
5244
5571
9011
6451
6297
7914
5121
1577
4208
1866
8167
5335
5301
4046
2527
2195
7589
6693
7714
1572
902
7633
8635
5543
194
1548
7213
4679
1157
4990
9861
3423
3629
8513
1076
3909
4278
6566
9085
4683
4232
2512
2580
391
5599
7111
536
2121
3185
6825
6462
4946
3059
5201
6088
1305
9286
6550
8146
9860
7868
3648
8648
9738
8768
6923
2127
207
2665
1494
1202
903
5826
7490
9068
1289
9645
4757
806
4686
7551
2979
7516
4862
2346
967
6321
5881
9095
8622
1385
7490
2652
7620
8990
6583
370
9712
7384
8473
6202
8483
809
7939
3895
2333
4441
4853
5887
9677
5326
6124
7234
125
2219
712
7840
6184
9920
6205
7168
5692
8250
1457
4955
3720
796
9935
302
4418
3986
7971
273
2525
789
9188
9197
2667
3831
24
8877
7280
2551
4576
3915
4660
7657
7007
324
3874
2056
8904
2645
2997
8
916
9395
708
6423
6540
8747
128
9323
5869
6587
5453
7041
2504
2087
9807
8773
3615
936
6800
4436
7925
5528
1257
6966
6249
8813
3426
8182
9167
9553
4725
205
164
4328
2091
9248
1093
1234
6925
3685
2029
807
1165
5891
1341
5124
8741
2244
908
3332
5601
2999
6775
7222
7632
2148
1849
8138
9562
9869
797
9405
587
302
50
7744
5808
6927
3179
6633
4083
206
1543
7694
2119
5185
8141
5989
9588
9699
2670
3806
8332
8648
5008
8758
8691
481
1736
6082
4828
3430
1911
7810
2107
3367
4080
7936
8612
6001
9553
9485
6289
9162
1518
452
5459
5899
4586
6864
8066
7906
6494
1760
1200
11
8733
5568
9766
7126
9786
6188
1930
8841
1979
9965
4471
7313
5022
4626
3173
4671
4753
5288
8741
5764
9248
8831
173
3962
2021
1411
3354
9836
1089
9501
7629
9374
5199
1281
4487
6660
6971
9459
5284
5816
711
8221
1283
6231
1735
8128
1456
3508
4586
7059
8039
2091
4582
7695
9821
8954
6668
9331
1333
4414
6856
9944
1275
1517
6883
8284
5233
5303
7358
5093
9272
2825
3353
6346
4356
2858
5670
9630
3913
571
1253
8755
2169
8546
3131
2813
5924
2336
7230
5010
9792
933
8828
8425
3770
9809
5032
9684
2462
2241
6844
3958
5163
545
4262
4958
8606
5039
8358
849
5419
2284
210
6601
2628
4082
9053
8114
4236
5325
9807
9184
1883
7900
5150
1865
4986
3028
2873
9009
7981
1372
611
2502
3490
9558
2844
8898
5657
7856
4523
4512
4689
5703
8232
8569
3973
5907
6278
1147
4743
6965
4680
8144
6757
6451
5683
6750
6279
9893
9785
7063
4590
6592
4446
8130
5931
6127
6736
9526
4402
2347
8683
6970
5855
1939
6557
2549
4157
824
777
4340
9473
7262
9851
4074
8597
9045
9746
7229
5472
3209
4212
3974
3968
780
1549
5799
4160
3022
5667
8125
9599
3111
989
2840
7116
8253
5312
3979
6534
9097
1004
5728
650
6402
5978
2042
9238
5285
4969
7008
8127
4341
550
7743
1092
2090
5110
1623
4240
9173
7133
708
2628
5124
1740
1134
8002
6430
5274
362
825
1889
5183
9976
4804
6559
2351
6321
8045
5947
7135
6816
7055
1181
1991
3232
3724
9923
8251
6064
4229
3259
7145
6574
8195
3354
9935
29
9133
3068
2478
5514
4880
3813
4101
3829
1920
9242
6383
766
8051
2534
5362
3550
9285
4116
1970
4039
6772
6881
2945
4945
3410
4003
3064
9186
675
657
4122
3545
5068
7014
5779
7276
6730
4155
232
500
3613
3786
616
5413
5172
2722
7185
378
1362
2877
6030
7069
9885
2674
4452
5826
8499
4924
5883
4342
6269
7958
6283
127
8633
8916
9561
2819
3769
3276
8152
9918
5321
9391
1022
2537
9603
7668
5788
7527
2736
709
1951
157
9489
696
333
1365
3339
5119
1553
6561
1879
2024
8108
2481
9824
456
7470
3590
7466
8820
1642
8423
8082
2460
5544
9509
1892
9550
1907
6259
9844
4984
3721
3949
9945
8583
149
2901
2356
4562
4920
6362
9485
8635
49
3223
6818
868
3379
2930
3554
9638
505
556
4958
2952
5955
9507
1115
2011
6494
7025
2423
2853
4385
7936
2337
2484
1581
1845
1908
2644
93
8679
1341
3948
4651
8726
7727
2953
8664
5939
6848
4691
7339
512
5902
4736
7434
6864
2091
4070
6896
9227
9753
4070
7205
352
4555
3984
7782
1089
8666
3487
2038
3993
2812
5105
1454
5985
1853
3006
5662
7704
1826
8144
8732
8195
1560
1413
8228
5979
4109
4893
6072
9144
1052
5251
160
4340
9186
5071
5172
8218
7793
275
3485
5886
7759
7856
7826
6860
3348
1909
8312
8857
7123
5015
1510
7642
249
3735
7376
4143
6352
2771
7683
7101
5874
6600
9129
1957
1519
1814
1313
4069
6775
8720
4778
2621
4456
1813
820
1769
5392
3567
2678
5425
7469
5461
9699
6361
7005
4921
9560
1172
5206
5325
5384
4035
5775
3620
1269
3310
6959
8666
4217
7601
1970
6546
1825
8195
7342
4227
8524
7551
3032
8595
9386
1789
4598
5827
2563
254
4413
9726
8003
1960
6541
490
5145
2087
1280
5450
2126
4452
4004
1378
1201
3318
7246
400
3678
7633
8577
4336
1135
3074
654
6895
9116
427
7370
8902
9787
4234
6122
2076
5879
6370
8185
2598
1726
4155
5480
3252
3085
6764
6185
4396
9964
2583
9177
2807
8318
252
3032
2315
4543
2338
1618
9007
9977
7216
7631
7124
5233
3159
3322
2467
405
7943
8619
1350
9066
3576
1713
3404
9516
771
7654
5372
8308
9748
7139
3641
8664
4271
1287
500
9774
1229
5432
8323
2745
1347
9859
9419
4087
8693
5143
9341
1004
9113
9911
6151
3958
9867
1475
930
6374
6217
6658
8986
9815
3456
6396
2595
1101
1734
6573
8017
6656
2028
7453
5737
8167
406
7055
9452
1290
4221
9449
2960
7868
9265
737
5032
8552
1021
7360
4591
9958
7216
2227
9774
9847
2317
1193
3881
7558
2636
224
5442
4525
2889
7335
4903
419
7237
6754
4102
7378
2578
4057
4475
5367
1
5707
7955
2988
7038
4651
3258
4700
1234
9355
3544
706
9077
5802
2419
5854
5171
3889
2241
275
2581
1469
8216
7380
2121
2101
4059
333
4359
1760
1209
6147
8334
6394
7611
62
8628
472
8669
5795
1369
8868
384
5182
5484
4971
9335
4227
379
9843
7404
4818
6820
1969
821
7240
6413
3168
9785
6420
8729
936
8526
9335
8171
6615
596
7110
8274
2415
4913
4832
6656
3919
4739
2679
9137
4312
8441
9937
9403
9996
4473
1715
6018
9651
2242
8733
5790
1634
3854
5559
8225
1035
7944
1378
8989
4967
2567
339
2482
3268
9337
3639
9126
7755
4434
5731
7204
5337
9813
234
5328
4070
6674
5136
8576
1050
412
870
1273
7328
4430
2724
8691
4696
1326
3484
6656
3620
9062
8247
777
6945
9641
165
4923
8505
5055
4672
2116
5282
5746
7822
1233
2574
3774
7693
5150
2417
222
9102
8599
4064
740
6733
5001
3696
8077
8254
1553
414
8857
5897
9492
6079
2686
8598
4675
3608
4555
2853
263
5846
1394
8658
2003
2960
9173
5680
8288
6131
9668
6958
3500
4513
827
2033
6100
9404
4789
9267
590
7226
4269
1188
611
1837
9393
7042
1273
4983
6716
3392
583
406
5971
2282
2977
1315
4315
4682
1326
2719
5260
4281
7502
1470
1211
8639
8841
2449
7755
323
6025
9308
8869
6102
3840
4636
1555
3114
5004
4654
2902
6198
7531
4722
4454
9165
1840
6920
5829
8445
3234
9684
8621
8011
481
867
6790
1052
2330
1253
9024
5573
1566
8002
7489
6433
5710
8113
2282
8971
9121
5714
1125
5049
9388
760
1582
2825
1680
7100
9385
4638
4413
7002
7254
4086
6801
1836
3053
9230
1524
57
710
1677
762
6289
9252
227
2402
2989
4349
1229
4132
6896
5547
8924
639
5792
6636
3854
6031
7428
6954
9309
8369
7509
6775
6727
7147
73
1923
1939
7092
8920
661
7242
1632
7381
6465
8549
376
8882
2778
9271
3138
1759
8004
9162
577
6834
5352
6692
2586
6303
2357
5291
54
5515
1734
7408
5261
8989
4992
7218
3173
5917
4086
4441
6251
7806
7919
8847
9076
2852
7792
9072
728
3786
1820
871
527
8324
7419
9615
5032
9328
2168
1478
5214
5631
4441
8226
7465
5793
8545
7529
5321
1764
3019
3215
4574
2111
9180
4064
1830
794
4076
7691
9045
2481
3542
7876
73
7290
6089
4853
9303
1341
6737
3499
8390
8667
2036
9748
3968
1158
9186
4628
6734
3930
272
9625
8892
7255
4508
3715
3729
6506
7797
6089
1782
1735
2388
47
8534
6808
5356
2488
1295
3281
4037
7748
4269
6887
7690
7419
3903
6444
9612
4324
2474
1417
1305
8359
8214
6885
8482
7171
2896
3930
166
4309
282
2468
4541
2527
3265
7389
2783
2347
7318
7973
4585
7399
8039
1793
9117
5394
9109
5485
2685
6303
9387
3002
4674
4255
3456
1493
4164
7596
7238
6284
3301
8490
6511
6063
3522
7856
6543
5564
8632
3246
9278
7545
6147
8678
6535
782
4670
5945
426
4714
1332
1770
4264
1964
884
9368
998
1585
9033
2154
9819
8263
2082
695
3917
7774
8066
4510
8827
7097
9069
4847
5154
8515
3169
2391
5598
9736
7659
1165
561
3614
3980
5488
9002
7977
3060
3158
4132
9244
4662
2037
1638
4782
9753
4385
1004
8970
909
5803
2920
4613
3465
4618
3791
1286
1552
7413
5265
7979
6893
4272
5740
86
3638
8075
4321
901
6393
234
9447
8372
261
7803
5187
1267
31
5562
5842
621
3123
4996
4135
3835
2762
6205
4286
7104
3067
5383
1605
1899
8231
4545
3691
2885
4282
336
6205
3065
6611
9313
6142
6887
2876
5156
6238
9664
5727
854
3927
5625
769
6356
3192
1436
5360
5805
1162
854
9642
7800
356
7166
5942
4012
3915
4962
