2037
1
9233
-8629
-6562
3913
-4364
-4301
9564
5166
538
6279
-9334
-9565
8476
-9816
992
2077
-6596
-9078
-2375
-4543
-3015
-9951
4733
-3658
-6551
402
5795
778
7464
-6088
-9392
-91
1079
-174
3276
-6785
-4144
-1323
1070
-433
-949
9238
2455
-2842
7235
5699
-3728
-8392
5232
-9996
6677
-7075
9571
-308
-4827
1581
-4516
-1074
3275
-2165
4516
-2816
8899
6959
6166
-4284
5961
-6699
-8345
5979
5919
2598
8154
9200
-5876
8236
-9425
5692
8107
-9018
-6658
-4140
1360
-7219
7940
-1169
-5981
7316
8980
4044
-6430
-347
1486
4065
4801
8292
8668
-1853
-526
-9975
403
-5868
518
-7668
5995
-3105
-3794
-2974
5747
3447
-7695
1690
-5539
4433
-5133
-6576
3797
3477
-6861
4471
-5314
-6656
123
3264
7677
-3593
7458
3206
-8811
4494
-1060
8494
-5958
5561
3730
-9132
-7099
2496
4538
-5227
-9145
7953
-4348
-5328
-8622
1794
4585
-554
9349
-2087
8150
7370
5519
6364
-5330
6683
-2436
26
-7518
-7729
8283
8641
-9781
-580
7488
-6053
-1992
2663
1083
-8740
-8343
467
-3870
-7323
1467
9019
-1199
4079
-247
-7473
6810
8303
1155
-5219
9325
1129
-3741
-8028
1603
-2703
9194
9885
-5578
6176
901
6891
9969
-9742
5969
-4380
-9708
-5955
2141
-3133
6712
3228
8140
-814
4453
-5318
-7271
2596
387
2771
-9272
-6854
9811
-9943
3701
-14
167
9879
-3387
-7439
-9863
9564
-4307
-1892
7283
-9604
-8478
836
1103
4236
-5046
-312
-6773
6750
8409
4634
-4247
-6814
3663
-349
-3316
5939
5454
-6902
-9751
9367
545
-1227
937
9422
1338
5074
4562
-4822
-4431
-3364
8330
-6468
9491
-9682
2549
7436
-3949
1135
-6556
-4454
3803
4987
-7749
2282
4095
484
2121
-2711
5024
9614
-3554
-1038
-2571
7550
-2291
-4810
-2741
-8146
3769
3180
8596
-9843
1033
8950
9065
8913
6164
9421
8249
-2839
-240
8978
-9039
4068
7999
-7498
-4171
-4172
-5063
2584
-5822
7454
1190
-8837
2342
-4889
-6100
-4527
-5140
8355
8931
-4381
-4275
-2055
1794
-7653
336
1475
3542
-4562
-8891
-3051
2589
4946
9050
8185
-6641
-4634
-5685
-7151
-5256
-7447
-8888
1072
-8916
4566
541
9657
8793
6188
-3809
6781
4837
-2120
-4888
6776
-2873
540
-853
-3356
-1836
-3408
-512
4170
-137
-3771
-170
-8877
-2555
-1753
-7853
-6148
-3989
1225
-1832
-5349
5850
8285
4036
6461
8090
-2788
3234
6161
-7151
-1023
8620
-9550
-7107
7343
-8577
1699
-3600
-4108
-4940
6142
-5108
4673
-3402
2052
-9368
3317
6864
-6158
3795
-7775
-9751
2545
-7269
8823
8987
753
-3223
-6758
8214
8646
-9200
7506
-8302
7299
1838
2274
-6168
-4365
-5709
-7745
7097
573
-3637
-9015
4389
-8268
438
5633
-7592
-8434
-2958
3882
-1342
-1972
820
-1358
-2341
-5368
186
-8360
6432
-5330
-4624
6898
-3387
-5878
-7642
308
-3338
8291
-3249
-1632
3887
7965
4198
1610
-5478
-2015
-5858
-6057
5686
1933
1059
-9311
-4174
9762
-8483
8837
9682
-8602
-3442
-9299
-8170
7107
2954
3836
8379
9196
-5869
115
1705
-7909
2258
4488
9230
-6668
-6798
2601
-720
8697
8847
-3685
-6036
-9564
-4253
-8694
5711
9851
5022
-2934
-5622
1270
6491
-6066
-6363
-7504
5160
8791
4150
-9096
-2806
-5582
-6105
-3151
-2563
5481
-5157
8269
-3624
-5381
-3146
-4818
7016
1308
2174
-8286
3025
6302
-5426
2621
7458
829
-7833
-3676
5024
-3534
1073
1279
-2007
-5988
5676
-2048
2477
8342
9392
9019
9601
9000
6616
9457
9701
-3239
-1239
455
-1239
-3440
373
-416
6311
-4892
-3857
-632
2696
2096
1177
1785
5097
2401
8891
8232
2087
-2632
-5528
8065
-8003
8885
3820
9400
2925
-2700
-6422
5034
4769
4106
1054
8131
480
3511
5626
-7897
-643
4170
-1875
-254
-5758
9315
-3462
4407
9100
-5095
2782
8398
8123
-7990
-2704
726
772
7509
-7299
6843
-5165
-5091
-9006
-8664
5591
-5270
-4488
803
1373
594
7721
4625
-1057
8699
8982
-3571
9475
-3274
-7829
1351
-7454
-1871
-5217
4899
5920
4259
3393
2565
6812
-5279
2332
2496
-6187
6553
-4854
-6376
-6472
8835
-646
-3467
-6069
3204
-5718
7580
-4896
8420
-7972
5301
-6505
6956
8777
2952
-3392
3780
1640
3814
-463
3159
-6513
1661
8252
2056
1876
2221
-8626
-2211
-2105
683
-6305
1436
-7993
2894
-3152
-2726
2859
6383
1601
-5294
-7886
-6366
4764
-3022
-4903
-1783
-2991
1427
-2430
5311
8155
4177
1828
2686
-1322
3063
6836
3373
9427
9806
272
2849
3078
-7130
4157
7144
-2845
6048
-8580
9071
-4241
505
-3587
-3308
1333
-2742
6303
-7088
8972
8142
5455
-6204
607
5341
-4896
6652
4666
2806
4377
-3860
4621
-8749
7550
-1402
-691
9943
8226
9002
-3708
-5015
-7501
2013
4553
-9163
-9724
-3732
-875
6563
-5745
158
2824
4035
2982
1206
-6257
-1050
-5848
-1967
5818
-6276
1613
-5399
3132
-857
5483
-3724
-1577
-2015
1442
-6734
5601
-4113
-9586
-5316
245
2881
-7522
6350
-9967
482
-4057
8286
2629
4985
-4985
-2864
4508
-6204
9013
8808
-2552
-6051
-101
-8721
9363
-5554
128
-4838
-5730
1995
5636
9540
-2218
-9593
-8851
8760
8143
7814
9642
1600
-843
-8963
-6478
-2208
2086
6790
781
7346
7906
-2063
-5849
8071
1633
7145
1017
5010
6226
-2096
1956
9898
-8549
-5594
181
4845
-2377
-4855
2217
6654
-6287
8532
-8817
900
742
9821
4051
-8767
3564
576
-37
8431
2071
-8890
-2351
-3944
-732
-6453
-1281
543
4883
-404
7627
5360
5591
6897
7594
3668
1607
3143
6954
7220
-8792
-1296
2835
6504
-131
5482
8815
2057
1733
-3111
1642
-5269
-287
-2393
-7902
-1494
848
6464
1224
-142
-9973
-3085
-878
-2607
-7185
-2307
-8152
-2018
-6701
-2734
-4915
-8259
-8528
9029
-2761
-8777
4576
-9505
-1578
4170
-8641
2485
-8295
-9967
-5394
-2890
2659
3354
6120
-2254
8981
420
9782
-1361
2047
-9010
-2089
5273
3855
9740
-7971
-110
7982
-1731
-5131
3122
-9686
8279
-6938
1918
-9210
-9821
-8480
5547
-9779
-547
4595
9434
304
6087
-8082
2432
595
-1877
7901
-4357
-8732
-3269
-8935
-5108
-184
-311
5109
991
-3469
6690
1989
6601
5519
5262
607
-6344
-6926
6101
-7454
2201
90
-4496
-3943
6540
6541
-8157
5425
3558
8066
-9849
-7341
7534
3500
298
5794
-5135
5193
-3756
1149
-8673
-9557
8537
6788
-4631
-972
-3909
7427
7268
-3570
-2569
2031
-4054
-5257
5389
-8758
6807
-1024
-4580
8606
-9577
-6080
-1784
-9830
-3595
-7443
6706
-107
-2896
9971
9447
8640
9598
2748
-3253
-5602
8406
-2648
-7717
937
4859
5318
9680
6117
3720
-8579
3347
2881
-4325
5663
-9509
-6319
5434
2741
-734
1358
-9701
-8938
2168
9397
9065
-1734
-5531
-5867
2216
8015
-8742
7151
-5477
-6640
5819
9285
-8620
-4582
5044
5048
-5314
-1920
1055
1678
-6485
-3322
-9501
-7639
6758
142
-4820
9080
-7473
6176
-2235
1788
-3673
-7296
-438
-8071
6031
-4764
-2287
4795
-9737
8641
-4166
-8386
205
-8883
-7024
-2799
2867
-4519
9523
-4633
-6193
7451
-7218
192
8169
-8226
-4864
6494
8379
-3030
273
-39
-6303
8608
5113
2926
807
3568
6097
9828
6206
4928
7964
-3672
-6185
3325
-2984
-6951
2548
2421
-6248
-3958
-4863
5916
631
5742
-8114
3998
2687
1299
7266
-5358
-9665
-5763
3204
4948
-3799
-7355
-1902
9590
3062
9442
987
-7555
-4856
3270
-2739
-1509
-9715
-8694
6858
-4018
-1050
-4822
5628
-7232
-1112
-7176
3880
7757
-7772
1944
5248
-6702
-4189
618
479
-6186
2943
8799
14
-1885
-7887
4047
7159
-1262
-6282
4487
-6380
1730
-4177
-8222
9147
-8585
9667
-9162
1259
7459
9453
-4069
6191
2121
8512
-3830
6183
-1614
-9441
1952
-409
7338
4661
5066
8726
-8734
4146
-2459
7226
8048
-467
8800
591
-2600
-3045
-5723
-9222
-4326
-9415
-228
4141
-9184
-4293
-5869
-2569
2824
883
1563
2528
6788
-9187
7118
-7522
-3549
9687
8565
1689
3703
-520
-690
3426
-1333
-975
1206
-1035
-5232
1624
-6132
3658
-2440
2154
-3053
-1869
5571
-668
-4944
8060
9103
-1005
-2252
-1214
6054
769
-7711
710
5276
1961
-4287
-6733
2696
3679
-8751
-9932
-339
-1354
3458
7442
-4034
8335
7990
7217
-4748
6441
-1322
-2842
597
3553
2950
5469
-3532
6972
-2154
-103
3001
810
-3989
2589
-2422
3710
-5924
-3736
-143
25
631
-8591
-8391
5124
-9781
6806
-6181
8326
-3525
6926
3557
-3153
1062
9996
-9712
-8197
7265
-2711
8181
-4570
3996
-6228
8111
4248
-659
7558
-3707
-5521
-9114
4935
-3267
-3405
5604
-2907
-9950
3414
-9505
-4207
-6828
6118
-257
-2286
-102
-3631
4503
8246
6385
5032
6374
-1378
-3296
-2871
4215
2475
4
-4719
-2523
-8692
3770
5687
-2289
-7817
3952
-17
-1232
-8728
8267
-4468
690
4319
-9378
3983
1330
-7692
2169
9789
-9490
-5757
-6327
-511
9879
-4887
-1027
-2127
71
-9260
2005
1054
-990
9723
-7463
1015
1267
5102
-6609
935
-4527
8931
1378
7285
2316
591
3844
8697
3788
-7628
641
6248
5330
6659
-1357
1587
1222
5913
-9871
8057
-843
8478
8606
-4715
262
8381
-6027
9972
-673
7668
9109
-9288
666
-9495
7985
-8720
5229
9079
-7003
-6113
7214
7774
-6233
-3016
6028
-3608
1733
-7747
-557
-1380
749
9768
3862
2835
-2686
9727
-7620
-7042
-8834
-7792
8688
-673
-5246
5099
-9462
-5285
6838
8156
-2465
-1344
5881
8906
2452
-9473
-2713
-3894
1373
-971
4787
9459
-2509
468
9771
5932
9192
-3766
-7005
-8072
-46
-7081
-7540
-7946
9769
-9300
4389
686
-460
1020
-2290
-2836
1581
-1733
915
-1687
1789
1128
7336
3416
1083
-4973
4924
-8584
1888
3427
-3554
-9102
-9688
-8721
2392
9108
6093
-2301
8210
6527
-1924
1413
1073
4275
-7688
4654
6703
-1044
-5865
-8805
2393
4616
9992
7187
226
3952
9861
2745
980
4384
3849
6981
5929
2162
7831
-8161
-3760
5657
8900
-4281
-6448
-6715
-1944
-1012
1277
-3484
4782
536
-5453
-6826
-609
91
8002
7873
7496
6442
-3832
-5928
-8740
7642
3652
1253
7538
-4091
6595
6116
-1734
4906
5689
9044
3082
116
-4398
8575
8792
3235
1715
4827
-8505
-2975
-2303
-2983
-280
4771
9001
4644
-4763
-648
3700
7817
3725
-3717
-8441
305
-8447
418
-6337
8924
-2682
9192
-1692
1444
-686
-9686
-3570
-703
2016
-1832
-4694
-719
8513
-9415
-1186
4349
7783
-4151
-3057
1885
9212
-4986
5025
66
6191
-2338
6842
6005
-4865
-8665
-8943
5149
4411
4571
-1598
3709
-131
536
-3333
5560
-9126
5294
-6146
-8864
9585
-8300
5870
2815
2311
9337
-272
-7906
-2351
6998
-3565
4562
-7774
-6795
8564
-2044
-4100
-8007
-1807
-2341
5316
-689
-583
-4686
7795
-7394
8867
-6779
9243
2636
-5325
-3647
7317
1380
5677
5885
1883
8029
-9472
8181
-5549
5025
-3576
-5027
4073
-9207
5825
3754
-2298
8702
6466
-8867
85
-2445
-2326
9966
-1534
9810
-724
-7063
-7515
-3162
-2252
-5958
-7078
-8489
-8236
-1117
4288
-9106
8906
-5053
-9338
8405
228
-2579
9449
6980
-9639
-4824
-3965
9165
-4617
1582
1133
5219
6965
-3983
2421
2463
-7621
5767
5832
5062
-2837
8545
8155
-7062
5897
-6524
-5184
-2190
-1352
-4012
-3602
1287
7821
1903
-5570
-6814
-161
-5678
-57
-8881
2081
1826
2274
3636
-9709
6888
-5701
5414
-8602
5001
-2142
-5661
-6243
8657
-8379
919
-2725
8095
376
-2583
649
-479
1071
-1707
4093
-5269
-8584
-9062
2243
7297
8469
2709
-5751
8266
-3581
-5566
1520
-4857
8757
-6895
-9357
-8904
2714
1625
6381
-9952
-7009
-9903
6508
3187
-3042
-8654
561
6351
-1901
2418
-8504
1007
9481
3453
7812
-794
7796
3548
-9843
-3560
-9160
-9051
3117
-3201
-7348
3266
6854
5133
-366
5585
-6226
3414
-1380
-6433
1794
8071
8750
7062
-5597
2347
-8220
5168
2608
-3219
-4895
9207
3426
-2112
-1563
3652
3333
-1546
5327
3005
1921
-7126
-3285
-694
-8864
-33
9868
3220
-4270
-449
3163
-8340
-2374
-1855
3310
9692
2272
2079
-6743
-1428
-8974
-4458
-2293
2188
6653
-4057
-259
9741
-3599
-7874
-1879
1190
-1823
-5011
8833
-8725
-5419
-4425
-3475
-2810
-1527
6476
-9115
-3988
1431
-923
7511
2825
-9939
-7762
3221
1679
-910
6832
-2264
-9729
3778
-1891
-6413
6346
-8875
-1216
-3144
-5428
2403
3852
-5220
5137
-3318
-4119
-4426
-4103
-7046
1792
-8362
3650
9041
-7468
3758
-6805
-4696
-9209
8180
-8327
-1787
6031
6507
-2536
5032
-5936
6248
3145
1275
8315
-8080
-7530
4532
-2329
8415
9720
5347
8804
3465
3690
-782
-6803
6896
-7237
-7713
-7671
-8688
-7405
-6646
9989
9793
9591
394
501
2995
8365
427
-2853
7341
6524
8936
4157
6675
6914
-9566
3914
5733
4276
-7767
1984
5123
2977
-9004
-2191
-5346
