6260
1
6570
4069
6334
3519
540
1899
6280
5500
4274
5968
2841
9682
250
3027
5683
4954
1429
8005
8620
2991
965
9098
2762
3953
2352
1288
7335
5050
5541
618
7880
2463
4750
9952
9501
2931
2173
7062
4591
1135
7394
829
6235
6310
976
6238
6552
8952
9653
596
8492
1791
5814
4313
3051
1780
4022
4075
2402
1929
8668
6843
9409
8652
9022
9808
5565
5512
6702
6343
7859
1675
1981
7552
1930
1785
6360
8852
5787
7214
3743
8353
2799
1120
1669
4422
6006
4539
6815
3464
8490
8074
8703
7058
6709
5312
34
1761
795
4950
7083
5342
8917
3078
6173
4663
1512
3951
1733
3246
4558
4212
5808
9834
7283
7036
8456
8290
9679
6972
3660
6668
5169
5300
1131
1330
2485
9259
7752
3782
522
9723
1316
9196
2474
5154
986
2101
323
2720
4151
226
4516
279
8101
1565
8053
8562
630
7008
2598
8462
3069
296
4234
998
3830
5463
4310
9820
7478
7569
8651
2479
8207
7536
2251
8058
1197
8988
6319
6229
516
5202
4882
5858
8368
3657
4314
1585
5892
1816
4459
45
6856
150
279
5505
9838
2309
6368
1998
2971
9258
764
6234
1372
7334
4282
3255
4259
4776
5901
8031
9417
7137
2892
2320
5688
7853
4365
9689
2271
5834
8580
8868
3563
6046
7769
6742
7398
6397
9543
4225
3006
3293
1783
6281
9839
7087
8335
6813
4977
5765
7276
1077
6938
6820
42
5412
8806
6121
2364
7908
9973
1677
1605
1663
7789
8631
1143
5160
948
7090
557
627
8822
5716
2853
4379
3119
9416
9763
4028
6840
6648
6010
5129
1386
6011
6162
397
4133
9901
2686
659
3471
7978
7422
2373
875
1668
8431
613
8384
2659
1931
9116
5817
6173
8376
8174
5064
3174
4422
9208
9165
2688
1205
8968
2302
6574
8955
6724
3383
4982
358
5272
9965
4714
8639
6362
5881
5302
4256
3234
1708
3760
4769
8515
3241
6741
6354
8383
996
2983
537
1480
7186
4625
6924
4375
4289
6407
6734
7974
204
8338
5815
8577
8192
1743
7254
9786
7732
2953
4760
312
9845
7662
7271
956
295
1561
3458
9005
3379
3017
7012
8106
3917
3730
3632
5114
8967
6443
3595
4286
7613
9992
7731
5421
7835
9336
7437
3633
3916
1138
3411
2875
6847
1919
8205
3718
1040
837
1932
3274
2531
2984
2541
7677
9706
8895
7467
9539
9482
7378
2438
5829
8815
3504
5435
5665
4262
3522
809
8941
3341
3311
1280
7274
6779
1752
3059
8211
1186
6944
366
2820
8065
388
7136
5452
6023
4251
6337
1892
9626
1947
9392
8645
6223
3954
1540
9791
7082
6543
5126
7114
5321
8792
6081
4565
7817
3380
8420
7484
3054
9630
2994
4303
3080
5215
2471
5037
2604
8982
4630
1783
3528
2854
6600
5613
1263
3900
253
7818
1064
380
4911
1932
6493
8520
6290
2973
310
1971
7988
7543
9742
4821
3866
4455
8049
1837
4541
3417
3457
259
3288
2404
9298
7220
466
9907
640
5302
9305
6778
6898
991
108
3724
9228
1758
8960
4862
9531
3570
728
3378
5655
1342
1616
6479
5966
6470
5099
3800
6301
2015
2514
9006
9202
9282
7598
5445
7824
3683
1114
8548
7479
4256
9251
2218
8479
4697
9061
2828
4682
9278
5944
2031
3070
9838
8217
591
8801
5763
8178
7239
7738
6633
4935
3682
7322
9486
2803
312
1310
1972
623
7983
5940
7148
6525
6855
20
9956
7915
5668
5990
7822
834
8474
3570
8370
6125
2250
5121
8373
2247
8648
7293
508
8369
6554
7308
9885
437
5797
1629
5090
8408
5483
4722
5379
5357
6893
9506
8880
2552
8964
4680
1854
1412
8275
7109
1723
7793
3931
4544
6660
5119
4901
6605
9816
732
8705
3277
2194
5082
7073
9651
521
3237
2446
2534
455
5138
7058
6453
4601
2984
2654
9737
4717
8386
7783
5309
4476
2629
7430
6233
3526
6862
9316
7496
8877
4479
2570
7932
8024
7993
6160
4766
9713
9801
2310
6521
4022
5434
7967
3319
3825
6926
9671
2240
1505
5142
1904
8084
7876
8048
3392
3922
4749
9505
7056
3898
3178
6400
6948
7257
3489
7051
1739
3575
4944
3781
7191
8389
6127
2653
8870
5028
2576
7656
9403
5150
3573
5218
6667
5410
3054
2750
4583
4684
325
7268
7891
1505
9495
1132
5589
2976
8686
1243
4059
7812
8729
8118
5479
6931
9655
676
7559
9456
3867
313
2121
2994
7733
9198
9846
5718
5631
5276
9957
7885
6481
369
165
5697
247
8519
5187
5390
5310
745
694
3989
5504
2179
931
2707
9320
5119
8399
445
5515
3063
3902
413
7977
2073
5496
9385
1310
6887
4469
5707
274
881
4754
1678
2646
3349
5854
7258
880
2175
1313
4827
2446
5862
6109
6536
5936
8653
7355
9087
1921
3494
8926
2442
8238
7239
950
9333
2392
8590
1227
4556
5691
947
3457
2861
8749
3776
4158
3370
2388
1107
6277
2480
4243
6106
7196
4281
8174
1140
3655
3762
7950
4334
7110
9690
3726
299
6122
4842
5907
1806
3729
1342
5492
6600
4708
5158
8681
8628
9560
1647
2772
1592
5229
239
2092
546
5761
7054
4765
8000
9648
8926
1376
4877
3488
4450
1288
622
210
4715
8820
9803
1591
4820
7013
7665
3177
4111
5655
9124
8910
3346
7340
9436
6435
4316
347
3855
2479
1448
6504
7179
9758
2111
9859
8209
3568
7370
8462
6213
9092
130
9127
6919
4374
5302
7914
778
2609
6234
5681
2324
5123
4054
7792
3767
300
1462
2893
6453
422
1031
8159
4778
4216
6356
3365
8964
8335
7484
7648
6479
182
2630
3010
5546
6153
3533
3516
3939
413
6429
882
1555
8990
2019
2397
3336
6415
8645
6093
2923
805
2487
3645
6719
7125
4961
29
5372
3802
7118
5873
2184
7298
392
5890
3859
6637
4818
527
5592
8561
6710
9112
8576
30
5011
9515
5231
4513
5676
3999
8147
1191
1050
1614
8086
3325
8546
1370
6519
4616
7373
689
300
2408
285
9013
610
5442
7343
7677
3882
7922
2850
780
3316
5631
6029
7484
7090
7972
5984
5001
7912
5254
2410
6284
9250
4779
6316
4090
5695
9556
9244
5058
3454
2809
5905
9338
5656
616
6098
8381
1195
9214
4372
9359
9998
8995
5325
1068
1402
6704
6984
9709
843
3716
2705
6338
1771
4666
3035
3146
558
6336
6960
3530
2655
5142
8031
8262
9410
7401
9986
1932
1271
4111
9665
150
314
650
5066
5346
3866
8235
9873
7298
7881
7474
3186
7822
9826
7570
3457
5195
7944
9631
8270
2021
5338
8734
2962
2424
3198
8808
2722
2794
8652
5738
9158
7670
6175
9332
9508
9757
3309
7756
9743
1227
7712
5073
4578
2735
9850
1356
4477
9294
2896
5768
4338
6453
7194
4221
5831
4734
4420
4679
2057
9819
3402
9870
5077
7097
7520
1154
7114
3842
8613
6815
2616
5562
2049
159
5173
3389
378
5055
5192
1671
756
2576
1667
5563
6445
1735
5459
2696
2016
3650
3138
1809
583
7324
4733
3568
6064
4477
5320
4066
2935
2950
6492
6409
4790
377
2999
4728
4963
553
9810
4248
6454
4948
5895
4286
9912
496
2840
9904
2483
241
9927
7013
7873
6321
5776
5770
9824
4834
2868
1304
2161
2714
5075
6473
4893
2744
8474
5444
1193
7739
6267
5988
8973
7982
1026
5368
3394
1928
7627
3783
6073
4198
1334
9422
7685
9769
6430
6579
1143
6121
2042
7832
1927
6576
4123
6709
6070
1454
6517
689
5518
8302
4291
3601
7088
7897
4492
3937
9268
6435
2086
3602
9510
8910
2514
8421
3519
497
2755
5247
4879
8320
9503
8679
4946
1485
8939
6599
9842
9193
1285
2383
6872
6919
6149
5765
353
6190
6245
2177
8008
7907
5721
4452
1655
913
9893
380
6710
6107
9410
382
9630
1607
8963
4703
7700
6878
8599
4246
4287
2366
4704
98
9796
4887
5186
4708
7811
402
8362
1918
2446
3170
7980
895
5210
5181
5396
8560
6447
1018
6298
8816
8547
664
2540
7257
8805
6678
6042
4762
8394
5166
1836
3355
489
7239
6521
9922
8183
9845
759
5967
5958
9287
2978
5364
6707
3063
5876
2531
9039
4282
9900
6022
1052
2082
1898
6522
9315
9430
8774
5135
8090
7026
2639
4627
8627
1691
9240
9781
4940
5712
2119
6582
7632
5073
7742
8468
918
5347
9524
8890
4529
6447
2298
964
8312
3972
6661
9715
7102
1376
2387
1183
3176
6875
1845
7753
7751
3641
4081
5963
3467
2219
1611
9993
1582
7018
1469
3431
869
7551
8080
9402
6398
3364
8217
1648
4166
7672
2203
6612
9027
3345
3764
7889
3054
5887
9103
9226
7108
568
982
7248
2414
9791
4356
5735
6221
4472
5450
7673
6937
9480
7866
5686
1622
1464
8745
1163
1836
9191
5980
1281
3267
8899
6641
6012
567
71
5563
8023
1412
1316
4585
5419
7569
9007
3715
5994
5832
8580
8841
2761
9343
8338
7166
1967
7981
8812
7355
4682
5215
2087
6232
5347
1022
3744
9527
8354
3315
5235
620
4049
1784
8564
3388
3078
9232
3752
9727
8065
6044
8691
3057
8735
4776
3550
606
952
7268
280
2433
1507
3874
9880
8113
8072
9517
3634
1532
1322
437
7342
3005
4802
129
2552
8559
9863
9176
9577
6608
9069
8744
3262
1260
597
2152
8146
8890
5810
5126
817
1143
2254
5317
1118
5976
3747
9657
9058
7067
9683
3454
5402
9491
2886
5192
2585
4083
1826
5563
8314
2187
6305
8810
8783
1463
3209
4350
4516
6846
8971
9506
3985
4464
4051
7189
8638
686
2331
8350
4352
9153
3425
4570
5936
1700
4553
5515
9258
9115
6820
1267
1276
5982
7917
5489
9948
7722
5334
2391
8966
7318
2671
8391
1639
5814
5353
1749
2580
8229
3912
6423
4657
7268
8899
8281
3994
7544
648
9455
7383
5839
8708
4370
3273
5758
1428
8732
4956
4517
8779
1604
3793
3060
8542
9861
5763
2968
8476
2615
6722
5697
3657
1325
4412
5327
3673
8845
5751
7308
7897
7439
7273
3261
6255
8437
8437
1116
1759
8763
9655
6591
8871
1877
5924
6125
7745
776
2748
8260
2843
5574
229
5105
5269
3037
4005
834
1544
2897
1148
669
7811
9421
5635
6911
5582
1635
1184
5148
9989
5634
7905
70
1537
2993
796
5355
6708
733
6056
6552
3850
6297
7997
2255
7228
3607
7006
8488
9263
5885
9306
7248
4423
9441
8764
4675
1635
6313
8652
8254
347
8583
5715
1032
528
1490
2066
137
6428
138
8766
190
8829
1278
3567
7275
4092
7271
3809
8145
2793
6264
4242
1937
5456
3478
198
198
2775
6958
2257
7235
7213
9058
3655
7254
7833
9681
5972
5282
9303
9656
6529
7367
4380
9703
7326
8707
4848
6451
4046
3546
7956
4880
7448
3841
7294
8153
9956
8931
1510
9798
9278
4155
4586
8234
8546
3887
6398
1928
5235
5467
7418
1086
3068
4044
3629
5408
6462
8377
6779
209
3852
2515
1994
8180
3964
4650
5016
9746
6407
4523
4896
5904
8128
6516
403
2827
6569
6528
7878
8484
9851
4943
2822
5327
8587
7639
3553
7141
7830
5888
2381
8684
3387
965
4973
2798
5770
4755
9569
1603
8712
5150
7002
398
9071
3979
8364
5687
9555
9003
9280
6724
4703
5517
7768
4519
8811
4728
313
1270
260
3946
6040
9
3585
8343
9791
4315
2124
4900
8488
707
4322
2944
1108
2080
8334
6507
2198
3883
5158
5964
537
9331
8891
1168
4139
8641
1106
4720
6405
9367
947
4389
6343
8372
3083
5234
6476
6941
5779
9123
5445
9775
8851
799
5249
9915
3347
9177
4466
9768
5152
7926
8187
8050
7182
9402
3274
676
9261
7311
4371
2739
2614
6753
226
8032
370
8666
9454
721
3921
5802
3770
9923
3923
3446
397
8730
1503
1758
7281
2164
9177
7599
1156
8997
355
6984
97
4309
7831
9973
5493
3879
8429
85
5380
7028
1658
7247
3744
7688
5321
676
1189
9999
2337
2660
7080
4440
4795
7150
7402
6209
2399
1278
1030
6058
9561
3904
8025
114
2031
5435
503
6200
2363
6182
6829
5440
8975
1888
2025
4579
9663
1104
203
3549
8183
3467
1351
9192
7662
4768
1406
1079
6232
4193
8385
7318
6474
4959
6232
5330
7988
5499
2171
594
8524
6563
8563
9975
1414
9345
1438
1253
8104
4251
2750
33
2129
5775
979
1125
1975
4768
6621
373
6799
3658
8093
5184
2372
3645
1452
758
658
6118
6872
6590
1674
2963
6655
9845
4012
3961
3579
850
6219
3546
9456
9931
552
5698
3727
4652
9529
3317
958
4095
2737
6295
9900
2427
2330
2057
5250
90
7208
8726
2607
5064
72
6401
1625
249
5061
3160
9582
4136
1760
681
2701
747
1090
1421
6799
6007
5013
1309
4684
7701
6061
3303
4093
4682
6095
830
4883
2863
9085
9026
3328
3938
4175
4096
3014
7592
6216
4344
8922
2978
3794
7932
8171
558
409
9467
100
9511
6248
8555
941
5604
1096
6770
6746
3541
1500
1119
7206
6843
4776
2779
4682
4949
5118
9116
3214
1263
317
4552
6497
1283
903
3810
6809
5296
8761
130
2732
1117
6340
5368
2793
1617
582
2743
6016
2746
2393
7138
4603
560
4691
1191
6142
9603
9713
9468
8338
2692
4973
6140
1543
6777
3757
1314
8124
87
1194
6860
9200
4396
2571
6406
6797
5046
1993
1333
753
8183
8953
4217
4276
3492
7806
9988
2560
9991
9216
2029
7629
3059
2755
5450
7847
7807
6635
8381
4111
9154
1599
9771
8329
4292
4508
4360
790
5447
1873
718
465
8249
8714
8713
9438
6539
3636
1311
7923
1362
3178
1300
115
7711
8525
7737
5535
270
1189
1438
4125
4147
364
5767
8934
7527
1495
6058
4356
1451
4382
7537
1841
8791
9181
9865
7395
2283
404
6562
2894
9573
8355
3848
3978
4245
3858
3531
3769
4241
1941
2257
8948
1727
598
1454
7667
7840
7737
9493
2837
9468
2595
5592
1869
7442
6499
2933
1484
4047
1742
2884
541
8695
6849
5121
3707
2424
7177
5601
3703
2181
7870
1661
2894
7144
5657
434
2279
8329
9227
894
9700
6689
6639
1481
356
1905
4301
9357
498
7615
9633
5998
1177
1093
4168
8023
1400
5076
4210
1781
4268
1790
7388
9226
2574
1979
5214
634
801
3090
511
89
5728
1150
4205
719
7512
3997
9812
6865
6534
2199
1441
6633
8113
6154
1759
3623
6614
1409
8744
741
5646
4703
2567
8612
7223
9167
4827
1893
430
8670
7614
3086
5460
6001
3841
230
7295
8797
2575
7407
2962
793
2811
8657
4108
9550
547
6012
4518
9885
153
981
2511
7565
559
4832
6289
7880
8165
7255
7507
1791
4437
7894
9519
8773
7544
5796
1371
767
7193
5232
4379
9275
7485
4499
7248
7169
2153
4419
1262
260
9653
9742
5422
8526
2106
4898
1006
4328
4046
7277
5267
9565
4255
3560
702
4135
1888
7153
2441
3300
2979
3636
7382
3340
384
1984
5548
9413
643
2598
4073
5123
2570
9182
965
4637
4428
7255
6238
8154
4845
8903
254
9273
2132
9311
3083
9844
2065
522
3092
363
4760
7739
2622
9389
9039
8793
1150
6212
933
7984
3962
8535
6382
3107
1938
4743
5003
2795
8193
1652
2210
5193
8996
4466
874
3957
2380
8820
8888
9529
4240
1908
9118
2703
9822
3663
1650
3644
9263
2355
5423
8366
6286
8479
4585
4525
324
2283
3165
4968
4757
3997
5666
8893
3102
7683
9368
7579
7337
2941
4017
9634
7062
6420
4617
5320
3831
1583
7784
9465
749
2506
9823
864
2069
546
8233
6844
1544
3662
1949
2457
1095
7143
2988
3850
897
2692
7817
367
555
9192
2120
7815
8108
2245
3665
3773
6790
6310
8989
5549
9105
6069
9395
1445
4491
8482
1766
7483
3062
4169
9172
5802
9529
1531
8603
4775
2564
7321
1263
2198
1150
2665
2368
9211
2919
9735
4591
5741
1825
9565
3709
6165
7463
7835
811
6523
4101
1775
5058
1593
1391
9894
328
6198
5839
4353
4109
7997
5001
4253
5558
316
11
5847
2140
193
9308
9544
5614
2220
8663
2433
9831
5084
3907
6959
6722
6822
6186
6199
8175
9529
1976
888
4778
2435
2745
2045
8628
7478
2892
5940
8915
6115
8210
7883
274
6126
5962
8971
5411
3604
5758
5571
3998
3142
3622
8283
9177
472
2709
3269
7174
3660
1535
8724
2098
243
3062
3274
28
9746
5514
9263
5780
5727
2746
7278
7918
472
2425
7967
813
2116
503
6680
436
729
105
1538
7850
8069
4732
5726
5746
1573
1121
6205
6013
1178
1566
6670
27
8134
8708
764
3734
4714
4745
6482
4149
1735
5241
2361
603
5378
5544
8821
3022
3264
2153
5355
5444
9858
8384
3607
3911
6695
2817
7127
516
4941
7553
4749
1615
349
7653
1515
986
6800
5236
7745
2778
1878
8541
786
5351
9648
23
9378
428
4881
4438
1151
7871
9053
4053
8360
1832
8811
591
4674
7559
8626
9635
2447
1487
5501
9594
8418
9576
7005
4347
5159
9333
9234
6452
9009
8916
3011
9276
7046
3435
5369
2527
7930
2533
6674
8483
1488
3125
1338
3036
9052
6889
8154
6189
5256
4365
8355
5273
8763
1477
1686
3672
1666
2586
7826
1644
8534
1682
5513
4301
1855
1976
5051
4852
1424
8068
7741
538
480
4061
5116
657
9558
9242
3144
2078
5219
7836
9233
405
8191
8201
2669
3388
7549
3308
9812
2939
3103
9127
9759
5693
523
313
3454
1540
6348
4174
4054
1708
9383
5811
9372
6785
3628
6472
8929
9391
1534
120
3269
1677
6712
3415
7602
9324
4603
8248
1249
5820
8485
3134
218
5747
4510
8729
1275
2205
4639
6080
3546
2686
6677
8650
8272
5342
450
1052
6813
9057
9969
4664
9261
2575
1844
2704
4044
7438
169
9456
8386
8624
9867
8171
7850
5577
4533
7068
2893
2103
2759
4749
9388
5693
1547
1271
5716
3767
2974
6898
4973
5526
2241
6516
9183
8473
4322
6602
9173
3485
9181
8454
3306
6849
2454
9957
8867
4114
1950
8449
5931
9360
6196
7690
1070
3272
9313
3902
6440
5502
8336
3341
7146
6973
8925
5470
2991
3774
786
8149
5277
7099
8276
8121
2176
8869
216
3814
1071
6531
4474
5197
2919
1756
8623
3583
2373
8001
7321
1658
7743
6629
6774
7452
785
4245
7873
8607
7176
8910
4459
4659
1859
3115
4232
2951
2701
2517
6285
8660
5765
6382
9651
9703
3203
3061
8779
1295
3365
8064
6379
2843
4312
613
636
775
2871
7571
7073
666
8401
3067
4259
3959
1322
7600
2738
911
8527
5208
89
4695
3441
4449
2679
4874
2100
8972
4481
5357
9614
8616
7006
8323
2340
4882
6004
4102
5270
2109
828
526
591
3196
7806
4810
6383
6321
7802
1304
8294
259
2798
7480
6192
9835
7191
1894
4108
3053
9951
3256
7746
6759
7956
9157
9491
3504
3582
8693
380
245
4087
2851
7006
340
9264
9129
385
7435
4840
8829
1494
5032
5644
791
6970
3815
4471
2462
3010
4404
9444
3822
4124
7047
4462
2931
8315
3729
7240
5633
4161
9977
2953
2535
8155
3297
3388
9430
2876
132
8425
2313
9739
5149
5386
2040
617
8835
6255
8152
4275
6783
729
3174
1430
8477
4180
2640
8226
2750
8029
4938
3886
1235
9623
4889
8511
3827
477
1805
1084
205
5693
7185
9455
1430
5050
354
3559
7477
6668
32
998
5026
1741
7290
9524
2523
8908
5319
7181
2570
1331
383
6938
6845
8886
4975
3604
3775
4245
1950
6601
218
2387
8823
2429
3216
4458
8474
546
5370
5203
8593
4420
5188
8607
7025
5938
5946
5246
4277
5116
3478
3384
6988
5011
6493
9527
3244
3924
633
367
9210
9887
8139
2641
805
6869
3956
4179
6708
7704
8549
251
8452
6288
1990
7116
5582
6368
3563
9170
5423
8504
8658
8319
777
6605
8463
1318
3216
1866
9320
7826
5036
2315
8057
3598
647
8418
2247
1818
8792
6011
6519
4342
5677
2591
1005
136
6988
2441
8753
5598
4910
6766
1517
1517
3570
7709
6880
8703
610
8202
4959
2536
4025
6664
7907
8532
3006
1875
6718
5181
3884
7875
2914
8528
1444
6873
3923
8352
2288
8458
5273
8389
8432
9060
6761
7425
5987
6396
1180
7985
2336
8239
507
9450
5208
3216
699
748
9823
3315
8998
5954
7642
2947
2479
4876
6655
5095
8668
3060
6890
3747
1660
1321
5379
7450
392
8943
9511
6656
7644
8673
8878
6228
2022
8934
7503
3712
8080
1953
4701
3210
4614
4347
2642
6581
7874
4833
7280
1245
6832
6949
4883
2039
2159
7696
3579
9212
9711
672
2746
8158
7190
3359
4546
8006
4088
5763
1241
4049
4456
5785
3351
6605
9779
7348
7366
9775
7659
8680
9012
3104
6190
5552
8907
7697
3135
8035
7074
4931
9267
9508
416
8181
3180
4693
6096
928
105
545
3854
8348
1454
3693
4394
7086
6808
464
9613
807
9114
4592
2827
6607
2311
6531
9211
1408
7154
9701
8108
4356
9041
5438
5282
7066
6510
2545
1382
2829
4274
5685
9747
8425
4006
1267
508
5084
549
2118
3973
24
7729
6814
5719
708
9024
7899
391
5322
3455
4545
8793
3027
7112
254
7557
7576
5802
1823
4221
2775
1349
6847
1940
5029
7452
2643
9215
8045
5785
1939
7616
1065
1110
1821
3419
7145
841
9359
4423
6505
5598
7051
515
2002
3930
4281
5570
9676
7978
653
2135
355
5177
6134
2858
126
9242
1851
9595
7971
135
71
4569
5283
537
6265
4792
481
554
5750
6826
7574
5207
4994
3359
8002
1074
8154
2107
869
5845
5554
9284
3477
4236
4796
3848
7427
6091
5847
578
4526
6194
6245
4548
2262
684
5543
8781
6871
8337
9598
1643
6353
1778
554
4670
9623
9638
3217
1573
7430
2727
5905
4
3574
5087
6089
4107
2225
3219
9187
1633
7177
2071
1668
9694
8472
1627
24
7051
854
7420
9840
5325
9517
5306
869
27
2154
1081
4801
2959
1386
1096
9437
2544
5306
161
1101
3886
6398
6146
8954
4197
9834
1490
9094
2805
8116
6066
7191
6581
7592
6866
1609
4533
427
7497
2303
1801
5964
5904
813
5511
4378
5416
1489
5227
5788
7239
1769
2453
2599
8650
9988
9055
1050
2795
2897
1305
8252
9189
7829
6759
5208
9309
9782
6525
987
1281
418
2738
3103
1555
746
3665
835
7007
7432
8944
8042
8560
4590
1270
5969
4569
8342
7641
1197
1449
3191
2835
1211
7421
320
4000
4853
5529
2848
3113
4894
3605
724
4131
9444
3540
3494
5250
5530
9984
1348
3224
8371
9891
2352
3424
7427
4330
2784
6497
4913
3304
2817
245
291
9475
8295
9373
5008
6014
1038
1636
8889
2668
8039
8672
5368
5748
1745
8228
7493
9695
8661
1953
4275
8764
4243
5239
9618
7267
5541
3803
475
5067
6532
2747
4220
3338
8537
7932
701
4193
9819
9159
7861
3152
7780
8853
5820
7971
8891
476
7309
9039
8836
5020
6046
512
9163
8656
5291
3467
3316
3350
308
4823
3188
4457
8586
9264
2058
1217
7675
4536
4928
3163
9062
3766
5860
8587
6124
6416
4743
7075
711
8606
2471
1174
8188
328
8381
7489
3402
1526
2490
652
7225
1488
4464
6614
1828
4037
101
1675
2102
3254
3274
5900
1410
1748
651
6291
5799
8642
2521
6218
6802
42
12
7035
6793
8275
5438
180
1347
4841
1684
8479
573
1250
1963
8208
1579
9229
4639
3708
8402
4956
6490
3210
7092
5611
7768
5447
6272
1513
5723
17
945
1955
6779
5935
5384
906
3511
4945
1053
9443
8978
4814
8183
6755
934
7959
5731
5091
1823
2830
2446
652
8023
8728
1577
9610
6178
6050
2395
6062
8415
6780
7984
8949
2926
9066
9674
1824
5595
6107
6244
6964
7594
1487
5551
1718
1084
8420
7413
3682
2713
9494
9882
3184
860
7576
5123
9047
470
2467
7674
1732
3869
2368
3743
1357
3794
9962
7309
9899
9903
4621
2094
4636
2205
1887
2470
9609
5666
6584
8450
3884
9516
8966
3328
9905
3576
6759
979
16
6018
6832
6034
9256
4538
9253
2450
4178
8123
6591
7702
1972
6071
1324
5114
661
9860
4080
5626
8840
5666
4816
815
4460
3461
2022
756
7593
4872
8731
5683
5334
4070
1894
1106
4459
9093
7178
1059
3904
9907
1307
2983
3825
4666
9637
8439
5246
5139
5607
4990
7967
8144
9609
4674
2785
6288
1287
6679
4283
8902
3265
1941
4588
8574
7869
5991
2169
7221
6169
1009
4320
6345
1517
5156
8356
477
5590
6878
9188
387
6528
3872
1622
8157
7231
2403
5691
9851
8339
5986
408
1495
8460
6932
5157
7468
6521
9456
8890
3923
6792
9217
330
3586
34
5353
5108
280
7204
4897
498
5906
9243
2771
7498
9194
6351
2732
8418
6300
7963
4967
2200
9644
1819
5526
6344
5563
8353
7834
3058
693
9916
8451
6134
8635
1305
4297
9017
7330
4885
4464
9157
6820
3458
783
4310
5995
8381
8565
2994
3123
5673
1774
5853
4207
7805
5841
2278
4301
3890
8115
2743
4043
681
5014
5490
7441
6533
6714
3741
2856
110
4251
2900
2152
7936
2137
1028
4876
1855
9618
4822
4518
198
363
3343
1266
7989
5181
4476
5889
7475
6468
6674
1082
2733
6682
9358
2546
4579
7396
7266
4112
579
6664
2433
1173
883
9121
4252
1118
660
2361
9515
6201
1848
867
5234
7675
3443
5797
877
7980
2618
7346
289
2571
1810
2415
2647
668
3217
8645
6964
8882
69
5989
6617
6701
3571
9414
6290
9097
420
4588
996
4908
2921
6345
7027
8948
2011
3688
2233
7672
794
9431
8026
5464
4462
6148
3203
7053
2681
9003
61
8625
2261
1536
3922
6355
4799
35
552
211
7489
4702
2401
1831
4920
3960
876
2469
4167
448
8472
3222
3038
2260
2499
1470
7535
5104
9135
5518
2145
43
3930
111
6190
9506
9843
2365
2226
4632
765
3251
1701
1068
9282
1792
1579
8586
7418
840
6272
5942
3921
3410
7317
3462
2489
7027
1840
1398
1815
3936
543
8331
8403
6931
9354
5584
2546
8838
2016
1519
7168
8737
6395
4862
1772
6610
7471
661
2886
1391
1306
2422
4405
3969
9459
7721
9510
3334
9084
5659
7736
2638
1186
1640
7751
9280
2632
7396
5474
5900
5953
6097
6316
7223
7100
8955
9526
285
3418
5757
498
5041
3118
9686
7233
1457
3589
8210
713
354
5090
203
1515
6952
3826
8570
4892
1628
8432
1766
7424
1387
6279
3534
4470
8528
3340
2545
3231
8666
9813
1492
7693
522
4079
1819
717
2126
3326
6981
4569
9473
1919
821
3344
568
9130
7607
76
6539
3346
248
8970
5559
4844
8088
976
2972
6796
8126
694
8198
2191
1902
5787
3491
2682
7551
6498
3173
3826
9637
128
3420
7538
41
5990
8621
1453
6801
779
8871
5896
885
61
7103
5005
3854
6302
2446
83
8195
9201
8058
6818
6315
4894
4071
3691
8974
8966
805
731
4053
8938
1811
583
2827
6514
7965
4345
5438
5371
3739
6470
7538
8919
8982
5731
4332
2279
2326
7901
3649
4546
4926
7816
4273
9393
610
427
8249
84
6283
4236
9086
5511
5641
7229
5383
3842
9398
2427
7925
2024
5158
6085
5208
7784
2148
8145
5500
1925
8406
3732
5293
7342
3840
9303
7137
4317
6528
6227
6498
4054
4176
7571
6962
2105
9300
5125
1409
1398
6236
7628
8351
5413
8377
2380
5331
1196
6963
7263
4868
2723
4922
3454
8316
4131
3
1831
7725
6962
6880
2297
8297
2153
2858
3628
9595
4149
7231
3464
49
4815
1669
792
5589
1341
1132
7818
5768
634
5273
2222
3750
1453
5692
8431
3244
2116
583
6587
6054
9108
6405
9924
9214
1389
6856
8680
3092
6814
8543
9405
8287
4648
4207
1865
484
5982
9412
2336
5926
4227
4905
2398
8203
6795
5758
1884
9236
202
904
8787
4697
4983
5212
3586
9482
9494
802
6708
2176
2755
6772
375
5573
3616
3915
3684
1465
9655
9122
4977
2155
890
3123
3646
1949
8601
4501
9796
2789
5974
8920
5635
3664
7134
8464
3171
7876
1574
6868
1682
4012
3308
4684
6680
7537
9485
6454
4168
1936
7303
4894
4006
9293
2620
4224
9663
7450
9479
85
9784
4784
5934
1005
4197
8523
5352
9099
7322
8171
6891
3212
8963
5112
9623
7775
7015
7330
2234
5549
2997
2561
6765
4699
3291
1625
2075
3531
1474
9497
9621
7330
7613
9516
7354
349
4758
1946
1874
9682
6599
4153
9591
1116
2259
3889
8608
305
9981
2947
438
1897
9493
3020
5110
2118
6384
9685
1140
6101
4869
1872
2059
7200
2644
6592
3585
240
8574
6922
3318
5946
8789
3728
8998
1821
218
1248
9059
2529
9510
8748
8343
6041
8245
6030
7904
9298
3033
981
176
3188
3773
5932
5269
6082
9512
5386
4780
9067
3905
1709
5924
7085
9048
692
2370
9600
8575
1643
8479
7782
1576
89
4846
4809
4117
3644
3884
6311
4534
9651
6984
5212
8556
78
7238
4523
7781
868
3983
7499
4672
9304
453
9576
6777
5869
4103
8630
622
4646
5215
408
6027
9626
415
3863
4997
3159
8048
3040
5250
5494
4635
6399
2547
1832
2391
4498
2059
7178
5910
4171
9601
8601
7573
7241
8334
6058
7018
6322
2655
3564
3345
5899
6042
4231
7458
4522
8755
7675
7859
5748
1751
9510
1798
4855
6479
6035
1793
9539
717
6055
3103
6966
5244
897
8998
6809
6180
3381
2852
5009
8480
8517
8130
1410
6958
8354
7510
7940
1245
8619
2478
75
3754
5393
9127
9971
4881
2784
3907
3551
9625
6549
7875
2586
8378
1824
2098
9717
6831
5179
5992
8260
5830
605
8553
1756
1245
938
7502
541
4474
4594
2828
5665
3633
8989
9825
2808
9718
9659
6043
4019
8263
3615
150
7863
7120
8985
4662
1532
1877
4293
1083
2922
6720
1595
2280
6333
1440
6063
5175
9149
5463
9581
1028
5532
9046
7921
3454
7705
4033
1766
3511
9665
7465
572
6409
255
4414
516
971
9961
8493
2197
1780
6005
4691
1924
5988
4581
8237
1465
4860
7121
4342
5020
4329
3839
6126
6023
7814
7949
8739
2066
9466
392
3125
1913
3404
297
4365
7164
6097
8773
842
836
4764
2254
4520
6973
3981
8584
8011
545
9622
2266
5251
2234
7074
1192
3241
3691
4591
7062
17
2347
6414
650
1480
9998
2031
2058
9861
8979
5703
9852
7606
736
2275
3484
9453
176
1111
360
4650
5167
4017
8116
1238
1559
8341
8110
7370
5378
3760
6309
5880
9117
8309
549
5158
2692
3707
4923
6523
3372
5590
7710
1455
2252
8622
652
9616
8827
8295
9236
1427
5168
9917
5066
6466
4038
6584
5400
3597
6196
9862
7462
8423
7876
8866
390
3459
9741
3625
9998
2105
6030
3142
6402
5020
5703
2826
8248
9446
6035
224
638
9263
7272
1848
3925
7918
2844
8124
1435
8755
1087
9777
1937
827
5060
6804
7464
4339
5750
9294
3183
3940
566
97
6422
6038
9273
9965
3791
6999
8544
2384
8878
3353
7204
7163
36
4208
4524
6830
8975
4642
3920
4098
3003
6107
4190
2470
8737
5326
3581
2602
857
4751
1786
8817
1669
1453
2039
6325
9603
7384
5705
7876
5244
4565
4692
7179
9965
4798
197
4805
2828
4444
6574
1345
9241
8119
4034
8956
8345
9970
1571
840
1218
2793
2134
8154
7765
5221
1608
8752
1564
176
4830
347
2283
2195
9825
4339
963
1485
3587
3108
7580
8330
1100
2744
2305
2949
5390
4791
2023
5919
3279
838
6230
863
1702
6583
5996
5493
8452
3675
9260
5852
6335
9124
2350
6558
887
249
2924
7870
2986
5944
2039
7066
1348
1107
4507
3224
6890
1274
3445
7226
6518
1829
508
6562
1328
2624
8573
9292
8606
6072
3854
5993
3145
6790
6312
7165
2466
4826
9922
6815
2796
8284
7322
9658
5267
7405
5255
4485
9663
8407
9211
947
6021
1219
3821
9238
3061
6952
8562
530
8903
7307
3953
8883
100
2625
1016
2735
4098
5855
3819
1404
8002
4962
4299
6316
5292
2617
8851
1095
9855
4253
4555
2174
5905
6279
1407
1281
9548
3771
2356
1727
8268
7415
7659
9711
6
2829
9477
1845
6835
5505
4240
1943
6113
6451
44
6948
3888
7427
2789
7670
8639
6222
5165
5070
920
2348
6478
764
9969
3611
8823
4939
2886
2309
9502
5542
7591
9025
3320
9506
1379
3497
6551
9969
2835
7761
6685
4589
3421
7706
811
429
5602
2169
4877
4602
7312
3799
2225
5835
4597
2724
7179
8539
2896
9496
3741
9675
7329
5841
4899
6460
6504
182
9245
447
4163
8559
3802
1226
5263
7724
1525
2652
5186
1945
9157
7440
5468
4594
9032
8433
7580
5090
1891
9836
8699
4690
6432
7334
2964
5092
3330
4874
1412
3225
1919
7873
5772
4702
2425
7399
3895
2985
2778
3386
34
5462
9903
7722
9960
9822
6197
831
6704
3022
603
1124
4851
837
4901
2558
2626
2838
443
4439
3678
1135
9382
5628
3794
4851
8457
9425
334
5769
4010
269
3823
2784
9177
8255
4947
112
1900
4436
1776
1507
4945
4558
721
8859
2399
6263
9560
7173
5547
164
2928
3667
2887
449
5229
8336
6112
7432
698
5496
2962
8593
5134
8343
1149
5739
7317
4354
6249
3934
51
5717
3504
788
3136
3202
6757
4310
800
9146
7692
2085
8474
7106
4059
549
5211
3002
6328
1352
8030
2285
9459
4574
854
1594
1779
2759
4775
7475
7597
6845
9334
7817
7652
2904
4278
9218
8430
2650
3839
3996
6387
6079
5707
7412
2190
8847
3863
319
4525
9459
7360
9876
7860
7262
4561
3489
7720
3747
845
4975
6545
7706
9128
6758
5972
7236
5823
4634
2814
1415
3487
2451
9586
8823
4363
6332
9598
6388
2856
9509
9710
8263
1232
6786
4106
1449
9072
5611
1928
8803
1275
6245
5908
7755
2592
318
1991
9530
3236
5305
8267
8845
2370
3250
1467
4692
653
2285
1980
4865
9668
3380
1628
2805
580
1541
2573
5863
3026
6166
7888
718
9704
855
8189
3277
492
4486
5278
8473
2891
2516
9568
8884
8620
6502
2230
464
5394
3282
7527
265
3282
5216
2733
469
5920
9410
2487
1635
2551
7302
892
6104
75
4585
4692
4201
7038
4328
4753
2841
2468
3808
3715
7669
8485
7648
9414
3105
3611
54
1344
8764
4224
9076
2026
984
4468
5760
8597
3952
8331
346
1242
8417
8857
4602
400
1429
9583
7141
5195
4640
4818
7640
6064
2595
7151
3468
2488
1204
2665
6456
6072
9903
3836
8212
2148
7119
6387
8110
5624
3799
6420
4412
8285
2335
7869
3423
8766
1024
186
1857
247
6406
387
840
8363
7481
6458
7358
6645
3746
7920
6796
8279
465
9995
4156
1191
4048
7314
5555
3430
5869
6895
4672
8023
8991
2630
8754
4444
8522
6718
6774
5952
9565
8988
4543
6955
6885
125
6506
7911
2265
5749
3422
4988
1641
7132
4103
7587
9985
1932
8740
7876
679
4567
7860
7916
8733
789
3034
1699
7571
8660
1535
3209
3409
1323
4216
7979
7907
4601
6103
6934
1870
4185
4517
9365
5570
9683
7186
8320
6170
752
3683
5680
6435
2742
2516
1270
3758
9512
9479
6514
1230
3047
6974
3845
7217
5348
1014
4630
2260
2942
3989
4163
7179
2848
8532
8420
7247
9950
103
5537
5892
1442
8399
8083
194
7279
1758
7540
1934
5183
6408
5790
3269
5042
7353
1286
6849
8628
7643
9549
995
5866
5141
2171
161
6535
3352
8771
2085
5379
6894
6832
4802
8221
1422
9972
7875
727
9837
9105
489
4358
9280
923
2599
2576
4429
1721
5630
2857
7670
7801
1251
2018
1383
343
5339
8680
256
6464
4731
5782
4081
8932
5338
2558
1037
215
3437
5250
9344
1977
2726
6099
2647
8722
8559
4945
8410
2781
8895
3103
9692
3889
4295
7006
2655
8651
1831
4540
3577
7705
5934
9580
171
1370
3970
6321
3802
8120
4788
1047
9010
9982
9926
8117
2560
6539
853
6167
6014
2919
7134
6119
5223
5342
5765
6065
1049
924
3993
8160
2401
9319
6204
5861
6394
5279
8481
3320
6254
1241
2746
4103
4256
6095
902
7244
6115
3199
4915
3301
4519
4014
7092
2502
3237
6871
9455
7023
9907
1805
2768
8878
5770
1894
8621
5909
3454
9439
2895
1994
2306
2383
7371
4867
6656
7965
2603
2012
1270
5193
9920
9779
4060
3762
6269
5235
4133
7489
3916
1792
7290
4928
2758
3019
8832
2010
734
1650
3156
4853
7461
4613
9066
768
1231
5966
4207
9319
2294
8776
5839
3796
1820
3104
854
1990
645
8303
9431
1331
8656
4339
5903
1960
7307
6826
8528
5468
9536
8636
4923
3244
6811
1688
3136
8171
4297
3380
3771
1823
170
4303
4721
3294
2459
1913
6706
770
4454
9482
1516
669
9414
6485
9203
8298
1495
4372
7868
5860
259
9254
4082
2
4658
4621
8916
9517
4237
4151
5766
1652
548
567
4421
4384
3858
7828
9941
2937
4887
6918
1443
7276
7792
8661
3983
841
6637
8898
8727
9423
2969
5326
8975
1126
8495
2095
2296
9491
4231
457
1842
4906
2544
2634
8380
7684
5914
9988
5304
4601
6750
5984
4809
2293
2793
9135
593
511
5065
1275
7520
8521
319
402
4415
9013
1286
5459
9371
103
8842
8271
8999
8434
5077
5591
3964
3379
9228
3324
4843
4903
5806
917
7069
1090
6389
9533
3150
1778
1211
4477
741
8258
8559
2658
4367
8754
9330
9650
912
5750
9395
2096
2872
1288
9475
8048
6705
401
6554
5307
4603
7500
5218
7526
369
5959
4382
7602
4686
7663
2350
3774
3826
1189
8297
7172
8488
6220
6687
5200
6175
10000
3783
6475
2572
4507
3116
230
5202
9959
6232
6240
6278
8110
7676
2299
1491
5025
4825
5050
1550
9173
9533
