6608
0
-9257
8389
8000
-8586
-6064
-8705
2648
8653
7351
6007
-2977
5761
9043
-4827
15
7185
-4971
2950
6877
2405
-377
6905
632
2074
-3907
9377
-7603
-840
3152
-6161
-4289
-33
3829
7240
5539
-9808
9384
1475
1885
2133
8488
-1988
-8227
5134
3324
3663
-861
2375
1003
-642
8719
-7568
2497
8139
-2630
-4207
-2694
557
-5494
-8
1512
1320
9907
3158
-8013
-2004
9530
-9132
-9800
-1950
6166
7246
7596
3264
420
5790
9053
-5213
-2385
-7588
-8551
-6641
759
-5580
1329
2687
5469
8952
-8955
-2573
7838
-4070
3446
8825
5698
5387
-2569
-3208
4350
-5906
5954
-240
-9658
-4864
5407
3050
8595
-8648
5350
-2014
2368
1705
-4319
8692
5795
6808
6487
2004
2097
-4981
9164
7113
2551
9746
9556
5607
-4740
1225
5121
7512
-9825
985
-7741
2871
-4259
1860
-5525
744
-4307
-1621
6340
6969
6849
7693
9777
-1500
-1966
8517
1130
761
423
3388
-8774
7519
-3921
-1553
5066
4761
4880
-1533
3567
-6233
-2489
2946
1459
8321
-6058
-4826
-3618
2270
-787
2113
9049
2419
-7851
3569
7753
3793
7284
-8681
2422
-5870
8059
-8756
4321
-9678
2464
-4632
3301
-8615
7414
-4688
247
-5301
8023
-5555
8143
7666
5702
2840
9050
-9753
-557
9814
410
4927
2159
7517
5659
8130
8283
-7154
479
-8291
6738
-3637
-829
2863
-1706
-5268
-9047
6340
8339
-5677
-3872
-2491
-3422
4310
-3411
-7843
-9252
-449
-9992
-7398
9563
-2237
5046
8942
-2735
-4721
4881
2560
-626
-881
5597
9900
8991
-9070
5172
3356
6305
-8219
1955
112
-7418
3881
-3886
3364
6619
9280
5510
-8667
-4731
-7024
7212
-3937
-9793
-1678
3617
-1149
4659
-398
-4483
5583
-1094
-8128
-7379
9563
5800
-4150
3381
9718
-7677
1447
-2906
-1935
3013
-6821
-475
-1377
1131
3634
760
719
7705
-7220
-1259
1059
5424
6579
6177
-6500
7231
-2862
-8865
-3686
9516
2181
-6137
2841
-1470
2889
3364
-3537
4998
-4417
1466
-9141
-9364
-2713
2947
2010
2582
-9123
-4777
8146
2094
451
-7972
8076
8022
8849
-9083
-9536
6841
-9508
685
-5437
-4605
3571
6201
4463
-733
-4576
1221
3656
2387
6827
9597
-114
6170
8751
-3421
-2165
-8474
-59
3693
8890
104
-3783
8820
7836
4930
7402
-1213
4789
3009
5631
-3622
-9052
8139
6821
3968
4227
7193
-2931
-262
6917
8222
-7764
-1424
3699
-784
8871
1521
5057
-9895
-7362
2245
5514
7302
2919
9860
1059
5856
6158
-7866
7576
-3674
1831
-6615
7992
-3322
-2903
-8603
4332
-4331
6259
-3701
-3018
-2991
9346
-6937
-9395
-4367
8027
8232
9784
-9452
2286
5513
8252
-6183
7852
3278
-2102
-5165
-2698
-8228
-8483
7848
-9932
-9988
-6149
-4556
5361
-6453
9147
-1102
4457
-2066
144
-261
-9306
-9062
-524
4288
-9963
-1593
3656
-7452
1293
283
1718
390
-5821
-6276
6756
7171
9553
-7596
-7740
9285
-6814
7821
363
-2711
7644
3716
-1970
3216
5994
-1468
7774
-2090
-2227
-2962
4734
-230
5473
535
-7279
-6519
-2604
-4773
7140
5935
2348
8305
5475
-6555
-9701
3007
-3797
-2842
-1634
-591
-3061
-9041
9150
2257
-976
-9144
7260
130
-2976
-2292
-3156
-5629
8263
5309
8742
742
-10000
-7344
7525
-2242
-2639
3308
-8985
1943
-6666
-8754
389
623
-7020
2120
8375
9895
-4084
9473
8749
-7962
-4876
-8872
-8839
490
-1380
4120
-6775
-2825
6792
6670
7797
-442
3475
2330
9835
7215
-2133
9845
4408
-2263
-4642
7992
-2745
-1256
-7261
-6770
3619
4007
-6288
-6275
4281
837
-7986
-7972
5974
-384
1164
6249
-3027
-9447
3758
3757
3724
-5914
-3687
-1270
6454
-9675
4815
-7956
8096
9185
5615
4311
-3676
2845
7312
3171
8001
-1897
6170
-8032
9585
8767
1567
5969
7679
6382
-1976
-9123
-8378
-360
-6103
-9399
6334
-1134
423
-2114
-7183
-504
-9165
6279
6616
-8177
7106
-266
-5936
-9460
8794
7005
112
60
-3294
-8378
-7559
4605
-9547
5258
522
-354
6486
-2101
4546
726
-8314
9083
524
-2575
4363
-9364
440
9780
3438
-6304
5208
-8516
8548
9783
2838
-8582
-3566
-6874
-4448
485
5895
-9340
-9169
-3177
-4008
1277
-8808
-4582
-2011
-485
-8872
-3354
8715
-5731
-507
1565
-2189
8747
9794
3969
9482
8612
9145
5819
7342
4605
-7452
-6273
-3834
2391
8678
9576
-7089
-5894
-8025
8733
-3561
581
-6885
-1889
-4947
-5273
7782
-9399
4226
-5262
-435
-4238
8243
3985
-1162
-2076
-2414
-2941
1502
2257
5475
-512
7088
3892
-9525
578
-8955
8857
8390
2527
8777
-2973
5168
-2373
9469
-2154
5417
3157
-6090
-6084
6421
-9278
-130
1847
-3536
551
-9857
231
9206
8160
-433
9324
1584
-5464
841
5672
-124
-3827
-8679
6387
-5190
8688
-7573
-7559
-4645
-8931
4207
3763
-6688
-1813
-2633
-6604
8046
1547
-3530
3877
-9666
245
5394
4699
-9797
2723
-1098
-5372
-4776
-5499
6326
-5749
-8754
-6385
8553
-625
-3113
-9450
-7781
9926
-3736
-4442
4517
-6749
7249
3561
-8106
3549
4202
9913
530
9224
4135
-7842
-6413
3970
381
7499
6115
-6812
-6149
735
1393
-7681
4160
6880
6840
9144
-3957
-3980
-7044
1203
-770
3572
3860
-1276
-475
-3565
-5496
4767
-2484
5664
-3473
-5571
-5318
-6561
7214
9247
2597
820
9319
2841
-9233
6221
3208
5013
-3436
9739
-3498
2341
1354
540
-3157
9476
-5561
-8460
1960
2211
-3692
-3805
5830
-1187
-8912
9107
1659
-6127
5241
1180
524
-1667
2647
3976
-5924
-654
-4618
-7890
6664
-6211
-8459
-3133
-6665
-6088
-2322
-197
-4098
7326
-3327
-2451
3590
633
-930
-9190
-8672
-7859
4175
6543
6808
-287
-1933
7510
1901
-1060
5687
9779
-7902
-4834
-8104
-484
7068
6014
5233
-1027
-3899
-516
-2878
5388
-745
6679
4979
-4614
-7392
1590
3582
-8606
1394
7675
-1308
2486
9419
-5224
6440
-1403
5978
8411
8965
-6866
2292
-5551
-1519
6507
-7628
1808
-7377
-183
-9185
-1367
8962
2232
-5014
-1491
9268
8206
-9337
-9742
4382
-3382
-966
-5576
7623
-3903
-414
7446
-2518
5056
-5261
2710
-8524
-9847
-7951
3758
-6256
7644
-2927
-44
2535
7977
-7172
1616
6940
-4789
-6080
7589
-6678
5494
-9704
-8672
-2230
-8661
1677
-3937
283
-4830
7717
2936
-5663
5166
-7254
-1355
-29
-2820
4443
1853
4756
8011
248
7846
-2126
-8105
-1886
1053
-8847
9852
-3387
2962
-7962
394
-4706
-7868
-2360
3484
-7105
8126
3328
1859
-45
9582
9830
8991
469
-3501
-8811
-6299
-9556
-2184
-7863
-8986
-7145
243
-5647
-8957
1164
8254
-8930
8685
7888
6251
-4606
-3402
3039
-488
-216
-5672
-7393
-7292
-125
-7724
-4312
1160
-3248
-3556
1157
-8902
-384
-3420
4426
947
-7119
-9046
-8310
9982
-9170
5171
5220
-5123
2422
-5712
8419
-3446
7498
-2724
-4632
-8447
5211
8315
-657
-1323
354
-5311
-9591
-82
4628
838
3841
8525
-2971
8007
5394
6390
6297
4771
5741
14
1004
-8878
-2201
-6755
1003
-7762
-1401
-830
-5293
1508
2804
5543
-8342
7094
-7875
6695
-8297
-4425
-6829
-3808
-4413
-4203
-6998
-2174
1956
5507
5033
-2594
-6792
6933
5220
-3216
6284
-900
8304
7241
7729
-3219
1560
-7205
-6443
6947
964
5282
3897
6389
-8889
8739
-6589
-9735
4338
3090
1177
-3990
-9776
9214
631
302
3821
4853
-7916
4570
8218
-4392
-5691
-4040
-1876
-7901
-2860
-9771
3946
7186
3149
-4103
1814
9103
-8541
4972
3158
-9824
-3466
1637
8616
6876
6440
3008
3884
9249
-2160
-1534
-5383
7637
-8158
7313
256
8955
5127
6606
-9690
-1980
1934
8453
3174
2780
7213
-6173
-870
-6796
-3179
-5649
8727
-7626
7816
-5897
-6931
3753
927
-3798
4201
-6791
-9031
-326
-8347
7245
-3711
2923
491
-5813
-5583
-1179
9710
9055
-2587
1635
-2019
-3758
-4446
-3574
-9932
-256
3550
-6260
3333
6652
2954
7820
-8690
-2999
9172
8570
9094
-1215
-4121
-3193
-5891
-4105
-5534
-860
7816
3894
2628
7844
2194
9910
2805
-7566
-3884
7806
8097
7960
4420
-133
-7873
1799
6625
4858
-5072
5752
-7663
-5461
1694
6479
3354
-9464
7810
5030
-7170
-3774
1270
-8584
3062
-2493
-2520
3278
1737
6346
-7234
-7095
7286
6089
-7717
767
-6840
2419
-4047
-8975
3088
8179
-8546
-1118
5774
-1069
5100
-5243
-6926
-3245
-2358
-7928
-3279
9750
9652
-6275
-7654
-2186
6690
6692
9521
-4886
9148
-7273
-4141
2748
-4670
-1910
4714
8194
5625
884
-6585
-234
4408
1972
-1488
-6908
-5528
8558
-909
-7561
-9160
6965
5342
597
6864
8284
-8582
9924
6954
874
-155
5554
-3392
-4926
8792
-2438
-4874
7432
6282
-2579
4081
-2237
-2684
-1806
-1164
-2490
2673
-9476
-1492
-7556
-9195
2902
6444
-82
-8780
8511
-9211
9630
6688
4454
-6784
2230
2049
-9164
-1449
3770
-9813
7289
-5314
-3927
-677
-2996
6810
5731
1229
-5697
1175
4640
7442
-4945
9833
-8791
4150
-6916
3264
-8931
8703
7400
-4916
-9615
9382
-9369
-4917
-7692
1893
7382
6255
7303
-1809
6634
-319
1154
-3436
3321
-7459
7328
4366
3202
-6635
1733
9935
-3071
8926
9542
-4823
-6692
7674
3254
9347
-5083
-2446
-9182
-5986
-9766
-7535
-8114
6895
2336
-9901
-2523
2305
4294
8231
1611
-283
3886
5018
7863
3939
-7188
-1232
1656
-7543
7245
-2833
9447
-8276
-5306
3547
2983
9469
-3811
-5387
-1536
6517
454
6720
-3169
-363
6808
106
561
7741
6623
-7523
7262
2746
319
-8696
-2474
4576
-2258
-5713
7544
-7945
-4190
-9707
6878
-7368
-9711
-7501
-9889
826
-8883
9130
-2828
1398
8072
8379
-6537
-6353
1195
2747
5747
4535
8238
4392
1421
-3977
3973
5786
4153
2806
-8665
3083
1096
-3042
-4376
-9164
3598
5324
-3103
-7630
7782
-2880
-8654
18
-6850
8206
9501
6846
-6705
1291
1045
-1017
6707
-268
4394
6091
-9005
9447
-8999
-7556
-7722
5265
-2466
7363
-2055
8577
-1219
-2409
-9057
-1299
-5364
-6726
2819
1661
-815
-4838
240
-634
798
-7241
4461
4745
6486
-7092
7961
-29
-2742
-8550
-5633
-4595
-9775
-2888
9525
2046
-5877
-770
5754
-6798
5980
8008
9984
-1321
-6060
-8781
4081
8510
9788
6487
7371
-228
-4070
9025
-2035
-9380
9910
-1470
3953
3255
7935
-7299
4090
2846
-1784
-5442
7695
5950
-1291
8682
-5827
4289
-4981
-9287
8321
-9659
7542
-6429
-5579
2942
5772
2455
8002
-7351
2650
-1277
-5382
-5938
-3331
3416
-6525
6797
2335
1371
609
6462
5350
2188
1357
-4083
-9487
7943
834
4108
-7641
-958
7619
5242
-1660
2489
-1254
-7911
7100
-5135
4004
-5103
1261
-4676
4356
-4242
3606
7977
-5423
-3137
-8863
640
7612
5212
-7122
-3837
-8793
5417
8838
22
-4609
5487
-9045
2432
-6013
-5633
5295
9243
1582
-2190
-8249
-4819
2236
-8518
3283
9661
4789
9601
1143
-6628
1042
1921
-8122
8085
-5024
-3946
-8199
1916
-3190
6784
3503
6548
-5165
-1634
-393
-7371
-606
8872
8856
7218
5166
-5715
-2409
-287
8789
6554
5432
9301
-8521
1591
9791
7112
7930
-6985
8483
-2271
-7772
-7197
4602
8054
173
6694
-4754
591
-7460
-7939
-86
6922
1036
-8210
-7198
874
-9251
3594
-8344
-6739
6773
-3972
-6622
-819
8832
884
101
-1568
5800
-9875
-7732
-5510
-8437
-6919
-575
-1005
-1351
4085
3759
-8306
5515
-1028
-7007
6019
-582
8257
-7548
5241
584
-220
-6247
3531
2682
-4157
-3731
326
5457
8913
-9884
4491
-4841
8170
-8783
1441
1128
2902
-1329
8602
-2196
-3597
-8184
9785
10
9983
-4385
1614
-4761
1882
477
6628
-9716
-6558
-1883
7177
-5674
-4455
-1366
4034
2234
-5025
6010
-6177
9489
6957
3322
-1983
-7726
-6322
8019
-2173
4135
3341
3742
-2082
9889
6673
7746
3420
-9958
7011
6087
8344
-7504
-2180
-2252
9161
5902
9902
-8739
-5707
-3057
167
5709
3112
8808
5242
-3999
6785
9943
-7666
-2476
2312
2620
909
-1428
3006
-3698
421
2748
-9607
9138
-5776
-8857
322
1361
6304
3314
6841
-3096
-2176
-4184
8451
-9876
8422
1567
-3663
-6700
-1345
-1068
7132
6252
-8056
-5888
-4604
-5459
-7915
3217
-3289
-720
1218
-4390
-162
-39
-3886
-9587
5002
-3114
-5393
-6320
-8603
-6488
6406
6838
-4805
1613
-7783
-9099
8915
-9942
-8463
-26
1950
-3019
-5898
7221
3745
8206
-4190
7193
6899
3626
5910
-6652
-3828
-5057
-3167
-4108
9549
7595
4287
-5640
3881
-2023
3043
4064
6141
2819
8812
3268
-186
412
-8311
-280
5516
5902
-964
8850
-8576
-4151
6033
8323
-7631
-4557
-7682
4003
1428
-6143
772
1245
2629
2559
-3965
-5245
-2642
-8592
3862
9563
789
-3473
-8016
-6920
-8086
4508
6385
-4803
6979
4246
-2049
-1580
1988
6191
-3443
-2845
-7502
-5060
-8693
7510
-5443
4178
852
4770
1592
-8459
8760
753
5272
-9517
6963
-9432
-275
-9032
6973
1516
-9637
-3169
7001
-276
-572
5183
-3265
-1832
7451
-1039
9706
-9705
5125
-7565
-9846
7940
2533
8365
3603
5690
-6582
4546
-6672
-2430
-142
4402
-1550
1865
5988
6238
5493
-1928
1107
-2093
8540
1078
-3138
6597
-2353
-9708
-8168
7331
2629
5731
-7112
9090
-8937
-877
9118
-6409
2753
3220
-9390
5343
-4544
-2535
5164
-9481
4697
-7909
-8105
928
1116
-8395
-3109
5912
-4298
3749
-6242
-3254
8947
8075
6446
-4495
8576
-2841
-9065
3999
-9225
-7174
4746
-3177
-7589
-7329
9886
7560
4954
-101
9166
-3701
3434
-702
5222
-360
-2092
7805
3476
-878
6595
6559
9394
3021
-7955
3958
7735
7461
8140
-1280
-8934
5943
-5205
6708
-5517
-2261
8267
-5440
-1239
-7968
-7947
6379
6816
5737
5873
9024
7847
-6780
5985
6942
7035
-756
2546
7086
-7068
-7948
4316
-3218
-374
-7112
839
3696
5023
3668
7878
-4277
1862
553
-6994
8535
-6544
9101
6254
899
-4145
-2872
-7604
-4382
-3804
-8703
5990
5394
-9591
9784
1046
7817
6469
7446
2704
-865
-6427
7594
-3499
-8714
-6252
-2418
3183
-5435
-667
8444
2729
-1870
9179
-7373
7263
-8575
-7634
-1131
-7832
9410
9686
-3432
7862
2909
6901
7141
1436
7373
-2883
-4772
-8776
-9002
-1135
-8746
-6692
-5529
-9503
1854
-308
-912
-2347
-326
1622
-3233
-1789
8092
-2189
-3343
4657
6826
2897
-1798
7376
-2518
977
4082
6064
5474
7147
3229
1177
-5575
-680
9081
-4557
-9481
-1042
-1424
7413
-8334
9926
-6987
6958
-3691
5797
3617
-1881
7187
-9361
7733
7021
-3112
2840
-1676
-7026
5297
-2530
-7728
-4179
3246
-6516
2637
783
-9466
5550
-3775
6323
-1564
-4316
2658
588
-8165
754
-4438
-445
4857
-8919
-1348
-8751
-8548
-6459
-9723
397
6501
3424
6583
-1620
-780
6745
-6255
5968
9455
9659
225
1994
-9846
5895
2365
-9846
-4962
7987
-6662
6116
-5598
615
7497
-8154
4177
-9954
5436
4022
7988
5573
-7145
3371
8840
5411
3128
1607
959
8971
-1364
-3598
6214
-3649
6117
9207
6871
5568
9012
5896
8570
-4742
-2131
-3583
-2413
-9989
9359
-8233
1531
5005
9368
-794
-3565
-4660
-3228
-9765
2088
-4591
2014
-7262
-4842
8786
4691
5524
3249
-1758
-3791
1351
2808
6173
-1636
-8081
-1205
3902
9265
-2904
-8917
-129
-2981
-6037
-1888
4304
-9349
7890
-7050
-1024
3022
-9093
-8222
-1358
-5589
6528
8650
6818
1
8510
-9562
-745
3535
8452
6203
4741
-6502
2030
3952
-4156
2752
2503
6982
8126
-9638
4770
2427
-2230
8618
218
5905
-193
1932
300
8540
8716
4371
2238
9585
-1988
2839
4386
15
-6394
-383
-3696
-3314
-623
-3642
6085
9217
-5042
1433
7367
-2080
-413
-7141
-6369
-3876
-7198
-5195
-3599
-2005
1113
2781
-3852
-6875
-4853
5531
-153
-2649
-9940
1551
-1387
9676
3654
3897
6123
-6363
-4886
-3469
-8982
323
8634
-6112
9462
-3882
19
-3893
-508
-2716
-3750
-7555
-1547
-4620
9220
-5821
-4249
7938
9138
-1744
3679
8353
126
-4480
-5507
-2233
1048
-2862
4601
-3617
-6888
-2348
3967
4178
1493
-2747
-781
9290
9441
9519
-6494
6875
2098
6071
8439
4018
9629
-4571
6938
-8528
4382
-8694
1722
-5254
-3195
3809
-2060
-2926
-873
2718
-7504
-2190
-1258
5540
1849
-6549
6941
-3134
-8038
5960
-9664
5713
-4075
6344
-1143
-6204
-4863
-2575
9744
4847
242
6996
8496
-2136
-1210
-2990
2726
-6547
-8071
-3999
-9823
-485
2646
-6533
9795
-3052
8038
-8939
8910
-1157
-2157
9760
-8669
120
2252
-1484
4370
1051
-4519
-2176
-2210
-9798
2635
2902
2448
9299
9057
9996
-4684
2417
-4870
6445
6796
-1178
1304
-4222
7334
-456
-1281
-8115
4853
-83
-9204
9688
6143
4895
4043
1753
-1516
-7900
1184
-2772
-477
2566
3130
6125
4981
-3144
193
8294
-6475
-4635
-4453
-6060
7376
-8253
233
-883
-1662
-8523
9539
8991
6142
8098
-1933
3649
-1239
-1908
133
420
6137
-2366
9128
-4137
2921
7480
4757
2967
5487
-4329
-2613
-1458
-5623
-490
7888
-3118
-3562
2066
2445
4677
-5889
5773
3899
-2681
7855
-3157
456
3654
-2279
3600
6821
1505
6062
-233
85
-7735
8763
5981
8592
-8429
-9630
-1465
-6169
-8251
-2567
4527
-4148
6083
-7654
6926
-7055
3932
-5114
8913
-830
7875
812
1160
1872
-3885
-9728
-1500
2133
-4919
4709
-3224
-9411
5621
6102
-4802
-7374
-6356
-3531
-5402
3239
9413
7439
-3791
1548
5785
1354
-6905
-2908
3933
3570
-5874
4113
-8475
2723
7812
1292
-3602
6414
-683
-4134
-9886
-7526
-3578
-957
-4980
781
7402
4565
-7206
-7204
-3596
-5280
5707
-4301
-6781
3203
-7714
4073
2159
3583
-6676
-375
-7046
-7466
9534
8126
-2907
-1577
-157
9909
8699
1572
-2446
-9369
-9308
-8145
8677
3750
-5008
6471
-9788
-5929
-9322
942
-9719
-513
-1728
-8581
-4502
-7591
-6331
7192
-3294
-599
-6386
4795
6830
-2360
-4363
5794
5588
-9387
8855
5901
7747
-2304
864
9927
2886
-2380
4176
-5705
2615
-7740
-8890
7656
3325
-5923
8731
-6855
699
-7487
-7916
4407
-3259
-8400
8102
5055
-2543
1302
9388
-4112
-9470
-4110
7513
-6648
8091
5493
-7076
7645
6069
917
2798
-7351
8288
-9422
1070
-9715
3018
1409
8402
7492
85
7314
9841
3026
-1712
5180
-7166
-1463
1557
990
672
-4948
5082
-8393
-1552
-5274
9512
9123
4831
6772
-8522
235
2235
-1741
671
7084
9163
-9715
2503
4052
-7784
-6365
-5972
1390
-1845
5068
1507
-7177
6719
8543
7166
-1793
-5817
-5556
-8758
-3582
2025
-1987
-5824
7157
-1306
3736
556
-1529
-2873
6989
-4524
4584
-3137
-5481
-8642
4023
3632
-1915
-1605
-4177
8752
2635
8108
-9314
-8548
8544
1977
5467
-3675
-7403
-7917
3678
-3159
-2885
1995
5935
-7768
1095
-3102
-272
-8659
-3788
-1742
1252
-1638
7436
-2300
4327
-1824
-3031
8613
-4121
-2411
-1904
-8421
9523
-7158
9925
-6203
-4298
-2232
-8039
3054
-5050
3416
4955
967
-9534
-9620
-6692
8877
5046
9806
-1387
-6418
-1761
7878
-5773
5627
6668
6617
-1202
7039
-2719
6708
4630
-8767
-8405
2260
1458
3747
2695
-5374
4243
6370
8393
-5204
6526
9662
-6215
422
1554
9945
9290
876
-1245
-7587
1547
9909
-8191
-899
-8503
7876
6576
-622
4801
-6852
-2796
-5943
9508
-2169
6668
8163
6398
9087
-604
3260
8701
1140
-6653
6680
2298
9559
-197
-6311
-5111
-6794
5842
-9052
-8849
-4743
5933
-1432
-3067
-8346
-6020
-9671
-5820
8932
1509
7666
8237
981
1216
-1420
-904
-5782
-3065
-3055
-5973
9850
7024
-1952
-2165
4426
5441
-7869
9393
-8687
-8355
9429
1962
2915
-7761
9446
7617
1362
8767
-2501
-1217
-2778
2843
-1377
-5207
5085
1051
5243
2309
9887
1046
1284
4780
5931
-3823
6617
-7434
6018
7335
-9227
3292
-5701
-1781
926
-3863
3284
1208
9863
-4881
434
-9860
-7876
-7100
-2295
5810
9581
-7222
1202
-884
-962
-1082
-6557
6818
8438
1094
-1596
6972
-4447
2858
-8907
-2579
4721
-736
3685
8448
-654
-5922
7659
-4158
-1378
-3741
2518
1842
6337
8223
-8380
7592
-1689
1345
7601
8957
8639
-8258
5012
1356
-8412
-1355
8530
8964
-3083
-2851
5881
-1389
-748
9476
6989
-2447
-5645
1437
4142
8827
-505
-7380
-9926
-3830
-5622
6595
-4907
-2552
5834
-9109
-4604
-6124
-2594
5164
-3280
-5772
5494
-4850
5693
-6904
6382
-1945
7105
-587
-3501
8801
5920
-8296
-1934
5555
-8868
-7234
-232
335
9220
-6552
340
-2855
7591
-222
4832
-4239
1479
4885
-6534
9566
-9021
7508
-7814
-9811
2206
-3793
1985
-5682
-8604
-3264
8896
4499
1460
-5088
6306
5349
-4808
2021
-754
6043
-3150
2414
-6598
2141
4751
6182
3951
3421
1333
-124
-7878
4873
-9925
2298
-8640
1236
6271
-77
-851
2037
-9876
-1180
-9865
6217
5650
2608
9566
1402
-3180
76
9974
-9305
-1315
-1399
-1700
-2929
8555
-6201
-2741
-8654
9673
-2698
-2599
-1007
4173
-4689
-7870
-9429
5922
6983
-9743
2348
5276
8436
-3319
7828
2692
-689
2958
4765
-1805
-6146
-5830
8981
2475
9560
3863
4022
9371
6330
-5670
-2734
7486
-6468
9896
5343
-6446
1062
-3401
-7926
7761
7196
1543
-7594
-4610
9122
9911
4214
1769
-8724
8280
3602
-121
-7350
-311
-1183
5601
3371
3256
9771
-9260
5886
4216
1750
3788
1047
-2352
4083
1762
-6949
-2263
7751
3777
7959
-9821
2841
-1426
7523
-5716
-9294
-8489
-511
-5364
-4068
6086
-2879
6361
6265
8578
-6340
6248
-5389
7608
-3392
9274
6620
5461
-9992
3356
3142
7824
-6795
7934
5324
7788
-3925
5942
-3694
-4286
8025
974
-8637
1390
708
2888
3350
536
3219
8151
8820
-2271
-9308
9728
4307
72
5229
4687
3150
-266
9372
-6469
-6227
-8728
334
-1302
5646
-9592
-7545
-1848
-7282
-8204
3007
1907
7818
2000
-9287
-8418
4989
5918
-3955
-3308
9634
-5556
7784
-9755
2858
-4660
-3367
8339
-9580
364
6585
-7778
-1739
5832
8896
-3393
-5908
-4487
-1477
1411
-1158
575
-4020
1214
5753
1049
9767
4249
9091
-2547
4274
-8528
486
-1865
2974
-6473
7832
-4844
1966
-9024
6711
4282
-8450
4269
9330
-8628
-2455
1503
9352
6992
-8584
-7110
-9018
5379
-8960
6441
-826
-8743
-5099
3335
6776
-9259
4678
8888
4943
-4406
1111
664
-69
-3521
-1331
-7937
-9577
9675
9900
26
-3856
-3891
-1676
160
4696
7176
-9969
7816
-6219
8838
-8458
-1572
-6238
4810
-7621
-8894
-5069
-956
1891
-1386
916
4203
-9979
-6703
-4930
-9177
-2004
7067
7032
-7510
7758
5156
8715
-1557
-6520
7725
-4153
1996
3022
-2061
7249
7996
-7121
-9636
-7632
-4985
2558
8465
-2859
-3703
-3780
-2467
8589
-8148
9110
-6553
8540
-7268
-6247
-6059
-658
-2669
-6925
-599
-5078
-4057
3338
-5835
5590
9776
-9371
665
-687
-3931
9528
2652
-9802
5796
2284
9361
3348
-1489
-1615
6804
1423
1494
-6402
7960
-5509
-2573
170
5829
861
6928
-5648
-4831
-1037
5130
-1124
716
6828
-3067
6127
6643
-6826
-9169
-6797
6993
-6253
3863
4021
-4722
-7410
2014
-1954
6208
-3864
-7693
992
8909
-1459
457
2655
3622
4766
3021
-7072
-9878
4905
5474
2788
8908
-1325
3529
3204
-6835
7299
2423
-6437
-3723
-7201
-8242
9595
8100
7403
-6346
-4977
-5867
-599
-9084
1642
9824
-4832
-4558
7298
-185
-972
-2239
-5405
-2859
3083
-9465
-2526
976
-8946
-7077
8053
-5679
4035
9274
30
1362
8413
1395
5267
-4405
-748
-9889
9000
8492
-7131
-3169
9275
-2377
-2340
-5340
-6303
8651
5112
-5356
7788
-6786
4209
-4118
-1291
-2164
-2368
4500
3856
-353
-4016
7829
-3088
-3593
-2161
-8109
7971
6546
9948
-3528
-8761
8801
4453
-7218
396
-5147
1344
-9692
8110
2702
-2725
171
-4564
7484
3827
-967
-7057
-8098
-3751
-3503
-4
-9615
-369
3637
-6266
-2871
-2531
-8496
9801
-9086
-483
-6161
8372
-1715
-2718
-9580
2200
-6524
-4131
9308
-7663
127
1106
-5796
4805
8611
7881
-6657
276
-4811
-6582
9078
8970
616
6274
-7074
-6556
-3632
-1635
3755
887
6244
8649
6687
8965
2558
-9505
5031
1020
-5715
-4001
-9298
-1338
1887
-6710
1882
8257
5998
3476
4747
458
1050
4141
5375
7027
4079
760
1116
5209
7393
-8857
1402
4394
1625
-894
-5165
5360
5406
3346
9854
1809
8756
8448
7304
3269
7635
7811
-384
8405
-2962
9404
-9485
1022
3823
5813
-5326
9698
1518
5880
-3763
-9270
-5370
-2462
-7750
6115
-2874
255
-1474
-4562
4859
-5529
4176
8347
6107
2793
-779
-598
-2206
-1471
-8071
4966
8692
4208
7392
5143
-6465
6779
4684
1622
-8549
5602
1884
5561
-5918
-6817
8302
-7495
792
3868
770
8712
-3912
-9041
251
7626
2264
9693
4420
-7709
2742
-3425
-2637
-7361
599
-3244
-7550
-2052
9856
5521
-2035
6187
-8522
963
-5889
5776
8470
3584
4509
-7826
-8122
4294
-291
1263
-5427
7329
4151
8712
-7307
1404
5660
4295
947
1543
-9632
-1069
-5408
4269
5999
-8232
-1999
5428
7153
-1399
-2251
-9468
-9976
-4755
-2000
9100
3251
-6847
-3424
-5962
132
-2811
-5522
-8929
7368
3488
9906
9806
-3012
-7297
3709
7565
4080
9580
3442
6355
4618
2762
-2812
8466
-6132
-7211
9044
7837
-7732
-5566
-9354
-8257
1106
2046
-9528
-9569
99
8659
-4188
-1619
2020
7251
4896
-2666
9130
1815
9218
-9523
-3385
-3420
-1007
-4377
-2884
-8293
7527
5853
2236
3425
4746
-7528
1974
2338
-7394
-9308
-2220
2958
2416
-4915
3611
-8251
-6773
-2297
7866
-1342
1760
6937
-8869
-9182
1113
-588
-8650
7720
-4091
6013
5036
775
-6969
-7360
-7555
8121
-3862
-8092
-7463
-7088
2071
-7918
-577
-1510
-5697
9934
-9723
-8259
-2776
-8236
225
8374
-3480
-2713
-8463
-4742
3849
-6108
466
-8647
-5522
-4335
1924
-1952
7382
-8747
-4786
2207
9725
8829
-4745
-517
-1257
-5764
6119
-5594
6675
-5204
-2145
309
-880
5093
4703
5690
3407
2406
-5728
-8560
2964
7145
-2325
4204
-4597
-4534
-1563
-6899
6290
2098
-38
2864
9056
-6890
7327
-4232
-4032
7782
1983
-79
766
3359
-8464
-6615
-7858
6936
6392
-3844
-5964
5948
-197
2052
7358
-4406
793
5995
394
-9889
9937
158
6393
-7050
5013
9845
-3391
8505
6080
-4331
-3424
-274
-7696
3730
-4399
-5419
-5904
-1515
2408
6533
3851
8047
8024
4132
4284
-1098
-1459
6317
4902
1487
-8879
-3826
-4189
-1578
-6282
2905
5250
-1686
8392
2658
-5486
-4826
-1679
-235
319
4096
5439
3120
2977
-2692
7276
-5220
3458
-823
9309
-1596
2880
-723
5629
8698
9241
7974
7608
-4067
-6398
2800
2842
5491
5340
-2185
-5257
-1587
815
-5198
-8756
9397
6621
3451
6595
-3078
-4940
6545
8922
-6850
-3177
4413
-1250
1058
-8080
-5492
7451
9885
-3153
8088
-5780
-2825
4383
-8130
-2493
6866
4201
8022
-4854
847
3436
-126
-4691
2888
985
5982
9385
-1171
-6358
6693
5384
-4811
1302
3938
-345
-3124
2467
9959
2821
9488
4335
-1053
9442
9580
-1895
-5770
2078
-653
-543
737
-6831
3316
-7322
-268
3013
-7897
-1544
5470
-6369
4751
-2995
5127
4761
-9657
-6352
-9664
4004
-6490
5148
-2191
-3745
-4651
-5482
7598
8667
4520
3836
-7740
-3996
8241
4086
7383
243
-2876
-6355
-8350
-7735
-2062
-3819
439
9219
6143
-9821
4615
-6083
3947
2348
622
0
1831
-2135
8977
-1574
6711
5594
8415
3781
3923
1040
-3220
-9169
2170
9904
4069
2039
-9083
-6437
3905
-5710
7535
2201
-6179
-1873
285
-4967
4869
-1208
9268
-2301
-3241
5953
9461
-6046
-9625
-8530
3012
3669
4298
-1311
4375
4857
-1570
356
629
9892
3397
-1307
-3931
-6482
-500
-7992
-8645
-5265
5767
7377
4704
-9471
-3017
7105
-1851
1112
-9579
4907
9012
-2106
-4522
-7109
4535
2761
-3802
8264
4425
5239
-1157
-5856
-5523
-86
-6278
-2630
2428
5035
-7372
-8881
6922
-5467
-8853
-3210
-8218
-1426
-1055
5783
-7279
4450
-1584
985
4376
-9312
6659
-5299
-1451
6607
-2052
6902
931
-5273
-6227
-5736
1714
8616
-6202
3909
-7102
-2416
1221
-2914
4632
6140
2523
-4624
627
8609
4445
60
-6573
8586
-4800
-8239
-1325
-5124
-9005
4240
-7450
8951
-7389
-9800
8751
3165
-9934
-3407
-8463
6358
5243
-73
-9681
1614
1216
-3570
6479
478
4159
8099
-7079
3898
-8412
4185
5151
7891
-324
-4273
-9364
5119
4125
-4075
-4503
1218
-283
3041
5377
-9846
-5925
-3001
6911
-6874
6408
-8524
-2945
4275
8929
5488
1580
1839
7371
2024
-4771
5307
850
-2956
9923
6668
-8978
-7965
9638
-3527
-6128
9756
993
5357
7267
-6877
3632
-8329
-9110
7631
-5646
946
-8146
-6006
-9463
210
-9561
4608
-9008
-6345
8018
8509
-2820
-3066
5228
-7796
-4528
2036
7710
6374
-5581
1219
9151
-7899
8115
133
-7251
-180
-802
-4895
9339
-6063
-8873
-6016
3990
-2328
4243
-6657
3319
944
-1301
7333
6423
-7408
-5674
4101
3204
-5592
-72
6913
-6023
4561
-8240
4555
-7935
17
8510
-1803
9265
4704
-350
-2035
-4942
6131
2257
8578
-7369
9580
-9027
-7498
-620
8179
7112
-6310
3520
7913
-4175
4253
7195
-9106
-2776
-8465
4199
3519
-5418
7194
-5925
-1246
8527
6218
-1357
5798
5736
-6651
-7004
6599
-4717
-1358
2630
-915
-3785
2306
1744
8252
-4141
3642
6007
-1234
-7869
3257
6721
533
694
7692
-4307
-4900
-7373
-3680
9659
-8774
-1991
-976
-5205
5230
2398
518
2115
2343
-8160
-4965
7944
7445
1865
4328
1843
-4439
-5498
6431
-4726
2064
-9831
-4465
-1354
6821
4706
6481
-8833
3100
1858
6480
8718
-833
9016
9549
-280
-2734
-9131
-4193
-8984
9108
-957
5079
-1600
-7407
4650
-2097
-9975
2567
-5993
-6614
4058
-8301
-8474
5330
4698
-2261
2349
4569
1790
-4943
2477
-6355
6261
4416
2073
2133
3578
-5485
4306
7490
9738
3296
3601
-4272
3688
4817
487
9925
-2900
-8681
-304
-2325
-7911
8567
-8554
3171
7883
-5800
-3201
1122
-8158
802
-1845
-1364
-3043
1677
6577
2092
6862
-9203
-284
2402
-8677
-8225
275
3257
7708
3858
-7761
5238
-351
-9679
74
2760
-7431
-2897
-8625
1321
5086
191
8901
-9414
9219
-2359
-5434
-870
78
-3542
-2056
8237
6306
-7742
5840
-9629
-9149
5992
-8836
5337
-3012
301
-1816
4358
9595
-2453
-8160
720
4569
-6280
-3032
-7538
5166
7544
3105
5892
-2554
-385
-81
8083
1434
-6517
4712
-5334
-305
-8726
-9687
1373
6754
9108
6513
709
-2578
-1376
3812
4634
-7485
-2488
-6231
2141
3959
6079
575
-9948
849
-8821
-6827
8364
9646
1113
-1651
1792
701
-5910
-1179
3450
1370
2261
-8987
-7934
-2122
836
-713
-2294
-9072
4283
-1362
-4978
-7186
-4652
5396
-2338
-5651
-9732
-1316
2457
-8001
-5796
-1292
-9432
843
-9864
-3406
4093
8653
-6130
-2241
-9220
5505
-7602
-4213
9305
-7900
-5699
1928
1326
-2607
-350
151
-3764
293
-362
-7765
3122
3714
2020
1045
-2976
-6322
7523
68
6587
-6557
-9801
-2522
-2934
9335
6793
6890
-6267
-6501
5188
3904
7977
9110
-1724
-5438
-2510
4439
-5448
6957
9689
-6610
-1293
745
1037
391
-1156
6396
5271
-4415
3037
6444
2080
2689
9131
602
7315
-7336
-2882
-8611
9302
3638
-3608
7462
-9776
5757
-2655
6556
-982
-7652
-8155
494
6471
-2100
-6979
-1984
-3266
-3588
198
9812
-9967
-4523
-4664
-5434
2733
-5313
-162
9098
-353
4673
9819
-1319
-9040
-4101
7840
-5240
9011
1364
-2271
-8506
3381
28
-7533
91
-4846
4324
3896
9970
5391
9562
-9487
5590
-5279
-4566
-5330
1195
-7017
9801
-3961
-3967
-3916
2838
1619
7628
-8042
-4193
8941
-6264
-9234
-6671
-7061
1911
-3309
2249
6825
-873
-7977
6344
2127
7573
2307
7238
-8644
8974
-1513
8516
-3982
-7030
9604
4353
-2387
-2149
1068
-4852
4153
6771
3891
-5730
7783
-5584
3582
729
-4947
-834
3364
-3183
2323
2
9394
-1706
-9082
2205
8596
-373
427
-4151
-6742
-4565
-7882
4301
3470
3231
7171
5783
-7967
831
8249
-186
-5726
-8895
2331
5068
-9073
6412
6057
5962
-6405
4787
3201
7550
7399
8860
-7539
8695
8311
-6181
-2623
-3393
-467
7453
7346
-4345
-7603
6098
1622
8814
727
5134
9458
-5704
2141
2528
-1847
-5329
1724
-4870
116
9730
-6457
-1179
-4774
-1946
-1567
506
5188
4952
-5035
-4063
-9959
8713
8665
-8289
-5268
1696
6326
-8489
5229
-1341
-9920
-5902
-7083
-9349
-6757
7121
4763
-5925
-835
54
3629
-1519
-3711
3703
1406
-4324
-6293
-9239
7056
4026
2169
-6460
-2681
9847
-389
3811
8952
-2245
5422
-2440
4900
-5449
-4128
-24
-4982
9644
8253
-1992
3154
-6742
4567
6328
-1769
-2050
-5580
315
-8810
9783
6919
525
7480
1733
745
-7797
6775
-4860
1870
3879
8145
-1574
3664
-8267
8657
5107
-6221
8473
599
-6170
3806
-4671
-406
1629
4041
-8662
-2093
-4143
3348
-4960
3463
2974
-1124
-9237
-1988
6646
-4403
743
-8907
-2433
4976
-9300
-8569
8253
-8955
3777
3019
-9747
9952
-1708
-5465
4387
6694
3766
-5976
-6117
109
8055
7203
9129
1456
-2841
8795
1547
9962
3847
-1960
4922
-1456
2846
4805
5320
-4518
989
-3292
3615
5764
7599
-6255
9777
6228
2143
4052
2732
2115
-1231
-1186
1856
7856
7559
-820
-9873
-2420
9136
-6950
-1079
6393
9623
-9416
-6551
3492
-3747
3486
-2281
-3327
6200
-6658
-6369
-8361
2051
-5277
-9661
520
-1269
8640
-8461
2765
-6226
6253
3822
6809
-3971
-261
-7273
5218
4984
9189
2309
3753
-337
6279
-7951
-9157
-3593
-524
-476
2413
-402
5876
2139
3121
8784
142
-7278
-1336
-9589
-5291
-1742
-4130
965
2209
-6898
1905
1719
7288
-2264
6732
-3423
-6631
-6826
7356
1341
-9423
8420
-3410
805
4624
2206
9937
1216
8270
7250
2028
-1428
4015
-471
-9923
6034
-7309
-6286
6602
-6022
-6062
-9551
5077
-54
-2769
2341
-8350
5446
538
-381
-2383
-4609
1139
-2382
8332
9061
8910
5730
-3137
6909
-5550
-4461
-807
-2699
4510
2979
388
6000
-3165
-5041
-141
7780
-8306
2817
-815
-4665
-1748
-4814
-2533
-4307
8000
-2712
-2451
6617
-7019
424
1921
-1467
3418
-7718
7354
516
-3297
2797
-2159
-4522
-8096
2095
-126
4329
-2200
-3734
6353
5517
-2525
5726
-6866
8601
-5449
-338
-4817
-4163
9179
-6594
-8033
802
-6690
1108
-1637
-5278
-1141
1478
-6029
9850
6586
-796
2630
7990
9109
-83
-5490
1365
3883
4570
3685
-3665
8927
-338
-6501
5004
-219
-8818
4602
-5683
-3590
-4607
6415
2785
-7004
-6526
-4756
-1636
5686
-5374
-9121
4388
-7974
2869
-6210
4794
7383
5395
-3307
-2415
5035
-7359
-9534
-5256
9865
2070
6682
-8903
2727
9014
-1985
2220
-7383
-6400
2990
-3266
-5403
-3213
-8766
-7353
2133
3548
-9655
8758
-8653
276
4501
-6137
4537
529
-5488
9934
7871
-369
3636
-2378
-4619
2859
3697
1906
2580
7578
-3581
-3883
5342
350
1770
-3895
1427
-4696
-7174
6350
43
7090
-1470
7611
6959
-5396
1752
4468
-1104
-8723
3233
-565
-921
-4222
-3722
-6050
2605
9128
-9458
-7052
-1784
-5188
8719
6497
-6078
-4402
6479
8079
7640
-8318
3726
-2200
9931
-2405
1899
6875
9195
-9679
-4201
7092
-9962
-9981
1695
-1908
2260
-1867
-5068
-5377
8320
-4582
-9137
-1422
365
6671
683
3984
1980
3872
-4437
2705
-3521
-8155
4355
413
-9948
3934
3440
-8304
9714
-5070
-9194
1976
4252
8158
3744
722
6062
-3725
-6893
-4315
1765
311
-3612
-2802
9717
7384
-4786
2289
-5027
-946
-7170
-3541
-5307
-4395
9491
5853
-2026
2741
-6613
-2768
-7958
3937
-7286
6627
-3188
3945
8588
-9421
-7902
-7585
1810
210
8117
7299
-16
5590
8869
2423
6822
-3516
-3113
-260
5938
2931
-7176
-610
-4650
7216
4110
662
7558
-3247
6785
4144
8964
-4798
-4117
-4308
7284
2959
-5466
-8873
6833
8684
7722
4915
-8936
6441
9289
-4131
-2721
8144
942
-2334
1266
2259
8081
-978
300
8916
6785
-4781
-396
-2135
3736
259
-7657
-1798
-251
8027
9317
5429
-6914
1346
-1113
-6832
5209
724
-7609
-1345
-7487
-7495
8714
-3768
-7976
-5814
-407
5359
-4683
3740
-8698
1221
499
-1155
8633
-9134
-3932
1972
8082
1991
8713
3103
3145
4810
-8897
4879
7839
8885
-7494
-1388
1772
189
-9434
5497
1280
3369
3080
-635
-3966
3940
622
8070
9078
-842
-2516
-4075
4041
1320
-1054
-7062
6507
2052
-2108
9231
1758
2336
1160
4742
-7752
5799
-3884
4375
2454
8867
4959
7990
-1225
-9085
3823
-6491
5238
-7466
1449
9870
-6929
-2823
-5817
9878
8866
-4783
7758
5016
-8222
7605
7770
-8319
5895
-2787
1613
-8683
8028
4627
-6917
7689
-548
2688
-2861
968
-8610
-44
5293
-1899
-5819
2942
3213
5938
8780
4991
-7680
2015
-1968
9615
-5670
-7773
-8461
2706
-334
-2312
-6161
-3489
-4082
5791
4290
8613
-7745
7969
-5396
6265
-2873
3066
9981
4409
-2836
5991
-4783
-5312
-3179
-2960
-2943
-1195
-2960
396
-9803
4873
3526
-4427
4395
29
9615
-5248
4457
3029
-7077
72
2350
8066
8805
1583
7277
2162
6609
-2491
4478
-7531
-9967
1401
-996
5094
-9687
5569
9266
-3089
-2479
9868
-8848
-5197
-9035
3101
-7853
5908
-8830
-2051
-8494
-7661
-8787
-8851
1002
3662
-828
1172
-7499
1064
3805
-1202
7657
-6561
7450
9135
771
-4616
-5646
-3597
-8290
-9315
-4062
-6386
-7979
-6229
-611
304
7220
-8215
-4566
4859
6596
3422
-153
-1496
9622
8715
2619
4961
8277
-5117
5324
-8967
5871
6106
2742
-5154
4774
9169
3356
372
-2210
3515
-5636
7069
9531
-4409
9851
225
4093
-7410
8859
-1110
-3672
-5357
552
-1381
-7663
6847
-6207
-6705
-6530
-8267
-3123
670
-9583
-6057
5233
-4504
9130
560
6121
3053
-6360
634
-2545
-5256
4145
4151
2198
4067
-4300
-6089
-2589
-1715
3468
-1042
1721
-5063
-2887
1571
-3509
-3236
-5535
1598
-9326
5673
7764
-341
-3051
1038
2179
780
4403
6454
-2252
7235
-3313
6667
5982
-9411
-1678
9777
-4315
-9023
4782
3842
-4810
-9808
-6604
5019
-103
3554
-8434
-5999
-1681
-3142
-9262
3041
4813
2634
7883
-937
-451
-3498
4035
2269
-4063
-2941
9570
402
-5408
-6851
7705
7968
-847
259
-9949
-2941
276
9806
3318
6880
414
-7841
5130
4039
-1061
-453
9377
-1442
2962
243
8974
6114
8346
5697
7037
7259
9440
7503
3865
9608
-7170
6642
-4503
-2028
6417
4992
5204
6145
-1924
1708
8539
-9023
1380
8855
-3719
7014
3813
-9645
7507
-9273
-4647
3870
-1664
4458
3406
-2791
-3725
3649
7276
9161
-4951
4499
5053
-552
6484
4890
-495
5180
5901
-7224
-1806
-6662
2703
-7192
3820
2666
-896
1633
4104
5450
-6237
-5480
5066
-2623
2842
5389
-7401
-4855
-1447
9323
-5085
7305
-1716
9505
4422
884
605
-4343
-3974
-8828
-7465
-374
8731
3166
-890
-9666
7375
-3309
-7441
-7481
9652
860
6940
-1563
-3647
4544
-1717
3745
8028
-3725
-1498
708
-9221
1400
8379
3181
-9871
-2981
-2648
3481
5194
-2829
5513
-9406
2774
5872
-5387
-3003
-475
5363
8358
5722
-5390
-595
-4209
9140
-5667
2623
7881
-7094
5921
3298
-204
-183
-6356
-309
3287
-8826
-2037
8405
3569
-5752
-4180
-1272
5802
7281
-3084
-6680
3320
-9204
-9639
7289
-7211
5267
7532
-3295
-3
2614
4471
-3645
5846
8565
1029
4181
-6066
6494
-3132
5626
2215
2639
3901
2273
8031
1056
1348
7729
-6118
-5647
-701
8155
2060
8686
-9884
6164
-817
5581
-9463
-5951
-5845
-6091
5469
6246
-5151
9405
6703
1117
4459
691
-720
-8265
5683
-8724
-482
8875
7502
2184
-6158
-1652
-8742
-1767
-3112
4888
-893
-2769
4539
9763
-8955
-3926
-4294
-3941
-5281
8065
-7747
-3225
-7438
-9585
1140
2189
-5389
-7893
-1732
-4410
9788
1090
-3889
-9128
-1495
-6062
-4330
-2271
-2795
-5208
2058
1451
5488
2600
9712
1819
7460
9864
-5840
6056
5461
-6588
7512
-4613
-7743
4116
6497
2026
-9421
152
-1291
-8586
-5578
-9875
-6243
3760
-8744
-5936
-955
-4070
1380
-6558
-3356
8953
1968
-3126
1954
9690
8097
1302
4665
4058
4575
4095
-9677
-3327
-5211
-7962
7162
-3480
-3514
5865
3713
-8040
-3036
-7749
-3916
-1403
-818
-4559
4898
9770
9788
-3960
5923
27
5482
9681
8564
644
-1752
-4444
7099
-636
7944
-751
-7927
7249
8169
-3556
5162
-6597
-9027
81
5967
-2425
-162
216
-1293
-6372
5974
5468
3454
5454
-8903
7489
346
8001
-4564
-6257
4197
7818
2798
702
353
-7500
-7175
-1199
7502
-6066
-125
8750
-2071
6047
-7977
1744
1284
-6005
9670
-1843
5693
-4731
4101
-472
5499
-6703
291
4247
4042
1413
-2933
-229
-770
-7614
656
392
3914
1130
8757
4461
-765
9325
-6483
2847
-1772
-5120
975
-127
4354
-2854
4198
3474
-2179
5143
-8117
3168
3940
-5300
8739
-2231
-4975
8522
-6512
-8644
-1661
-2276
-9481
-9409
7552
-9929
274
-4402
8382
9068
-5250
7121
-8290
-3225
-4412
4678
5046
-8289
-8828
7622
3319
2639
-8160
6039
3076
8138
-9842
7321
2035
1418
1980
-4848
-9848
9327
-2122
-9531
-4643
7944
2818
7879
9413
-798
-7663
-8890
3563
-8032
187
1303
-136
-4060
4306
5343
-3002
-8743
-2116
2449
2496
2771
-8772
-8184
5344
9060
-4101
-2206
2399
-7252
-1916
60
-8464
-249
-2210
-4776
8607
-9551
8464
-5171
4276
6253
2750
5917
2640
-9359
7542
2170
-3900
-2645
9748
-323
-3117
-46
-4116
624
-8968
-3933
-8920
2538
7399
7268
-3277
7498
6239
-8582
6514
-9932
9647
4239
5137
9298
-882
1569
-6607
-8623
5999
-2291
6261
3215
-9218
6577
-4448
-2571
9527
4251
9375
8668
4312
7038
3910
-7373
682
-2842
-9609
1466
-8380
-8480
-7897
4875
5188
-9980
-62
8070
3194
-6784
-4287
6742
4577
577
1228
-2872
-2377
6056
-2664
-9031
