4431
1
9833
5790
4840
5459
7808
5497
2917
7821
5070
5777
3327
4102
8764
1382
807
9955
3103
2147
6328
659
5361
5694
4823
8570
7847
8602
729
1196
8230
8507
4076
5205
594
3143
2180
2323
9636
7662
867
676
5973
6933
2045
2138
7530
8218
378
4353
1958
3611
3487
4918
5816
4547
8874
657
9438
1478
1804
7957
7379
9426
8295
9034
2738
4051
803
3545
8840
914
96
5645
2029
9642
3255
2918
6536
2505
2889
2521
3987
6885
6065
1320
8762
7224
6702
1450
9918
1226
1689
5412
3499
4253
3759
5735
9812
7633
3087
5489
1486
2086
8173
5448
3861
4023
9694
7521
2740
7847
4620
363
7397
2831
3526
3750
8010
5820
9685
7840
5814
8506
4179
7998
7686
424
6955
7397
5572
1657
5908
2785
2882
2854
9289
4486
9738
5096
9255
2075
7881
7547
7031
8814
3787
1644
9634
2359
8640
7923
7906
9782
6383
7801
6154
1383
8621
562
7479
2217
8337
8308
2284
7999
641
3395
5125
1101
449
3709
8437
9734
5842
1943
5004
2426
2028
4642
3976
341
2971
8230
2650
2717
8583
8380
7965
5862
6494
4948
5286
6996
8120
129
6162
4010
5656
527
6388
1424
6758
9441
8505
8528
4912
5867
1065
3452
3737
2024
5031
3205
7312
1902
8495
3464
3359
6154
7049
7614
9677
4938
8920
3488
197
9662
9257
6498
8366
5964
2426
647
6905
3574
2174
6805
5498
6159
7338
4009
9015
318
1003
1225
1271
8646
2001
8778
4078
186
2421
299
7340
2692
5131
6693
5270
6905
187
9452
8352
3837
408
9381
1630
7335
3089
9923
5263
8636
8562
2136
8647
1851
9078
7114
3899
6974
5
8815
1918
7517
6497
2112
3240
5976
5898
6046
7371
3145
4456
5465
1174
7890
3556
3924
7682
3303
1230
2071
1634
9095
6821
1733
4192
4216
5936
2441
4084
2145
4777
1039
7043
7420
5763
3568
8218
2385
1041
3691
1022
7250
4144
5858
7082
9543
7746
2753
5821
3245
4143
3444
6411
2888
7014
3056
3323
7361
4240
7441
7426
2556
3453
7813
9774
378
5636
9107
5744
477
588
6207
3853
652
4971
884
40
5247
498
1402
4009
5671
8187
5564
2040
7731
7988
614
9981
8487
5575
3338
5187
4185
8644
7743
4574
868
2041
752
1615
1943
3777
4113
4186
6814
141
8770
5864
7625
3604
5950
1020
7025
2268
3239
4000
7113
9987
4016
7649
7944
1466
6052
6839
5123
3123
2437
6056
9991
4874
6187
6282
4909
3930
329
5011
4887
9467
5116
4001
8029
7226
7019
8441
1881
9547
6435
4679
8533
1815
9466
5264
5070
6292
8075
5401
6197
557
2059
301
565
1008
7554
8004
8341
3698
556
5615
9330
4965
497
2414
8540
9060
7452
2102
9816
6119
2183
1141
8073
932
281
8749
1352
7777
1013
3424
4518
8314
199
9668
8852
5748
3134
520
5364
9935
4724
5913
4455
3638
2693
6275
3659
2140
2325
4874
8065
6494
9702
1230
61
5179
8371
2195
2543
4139
4144
330
5204
1239
6063
8656
9827
181
4889
8839
5459
3214
9550
6251
9634
283
3996
6052
4164
9079
1201
5924
61
7272
3381
2758
7859
9095
9633
6255
4715
751
4470
6271
4226
8807
4853
7347
2271
7538
4135
5409
8041
4384
9847
5675
2242
6280
2136
2893
9021
6580
1663
854
100
8706
1642
4685
695
726
4423
5355
8987
8939
8804
637
3841
5223
9463
1614
4158
3010
447
7408
2046
2582
4976
9112
7222
3470
2812
172
3792
2782
8539
341
834
7586
120
6368
4669
8164
8561
4736
7947
7709
7529
2936
6614
2308
5429
4070
3569
2375
9855
6224
7968
3319
4545
3626
6867
6980
7862
3289
6251
3732
4776
2075
4543
2563
8438
7162
3889
9697
6169
5905
5649
7098
5035
6115
6831
2498
4461
6662
9795
9248
2518
1419
5582
329
540
9144
1566
6764
9736
1640
8999
3697
3037
8658
1984
2959
9632
7241
4347
5817
5638
6755
2349
2463
8919
534
3187
7396
2661
9470
912
7363
4638
8605
1079
214
1418
3297
6037
8972
6335
2111
4448
4439
9650
7466
9031
4029
1408
9069
4313
8320
5184
1960
6161
4703
2366
1178
9291
7762
1372
2686
5703
7547
7832
2393
6498
8430
40
8954
1215
1519
165
9259
5015
462
4705
1854
3471
4607
7417
8540
7835
6213
8754
5223
1419
3550
1560
5566
8593
544
7309
5483
7037
9384
3404
7669
7469
7218
2591
3561
4599
493
9610
9117
2180
2040
2140
7732
159
2263
6761
5153
4960
2063
4921
8502
3861
6957
1938
4988
7055
5935
9577
3571
3762
7829
7504
7090
8919
6478
8285
6968
3788
1988
8318
6126
7118
5347
3142
631
6285
3572
7844
874
8137
4569
6625
653
4525
2518
8396
6719
9100
8040
5703
9599
3631
3186
3030
5198
4954
9774
8863
4053
7713
2719
3205
8959
8967
8335
7838
1535
8858
1818
2956
1618
7510
493
7723
9208
1284
1685
3311
4331
8816
1080
4114
7314
4447
3982
708
827
9504
7542
6612
8147
297
1968
5549
2902
2410
7732
5292
9163
5720
3435
344
3605
8676
7200
4909
7704
419
8711
8079
9558
6433
6609
587
5455
3687
2892
4007
4805
994
7563
8365
5533
4885
7131
1479
7508
7784
3793
691
2333
6002
7186
6505
3872
6642
9411
129
2217
222
4322
2579
1172
5642
2780
6679
991
2319
1042
7121
1632
2186
6941
9148
967
42
8730
6654
9323
19
8910
257
4227
2109
6954
4676
3021
2327
9132
3999
5847
2030
2803
3369
7146
2936
2617
2014
6937
9443
9225
4161
6618
4345
4709
759
8237
2507
1249
4822
1372
4305
9904
5740
3356
4990
8326
54
1610
8137
1330
4662
995
9591
3263
2494
6384
8672
1444
6
3973
4441
19
6939
5136
2131
69
8911
5639
1028
9393
6687
4281
2492
5621
8008
2182
5618
7062
8292
5793
9200
9074
3921
2653
6214
1730
6863
7766
6276
5455
6051
4816
522
2302
7635
1630
6392
1764
7841
7459
9957
6171
6562
4221
1221
1903
661
7101
1480
4186
266
6927
6941
6161
2148
6769
1507
6589
271
3861
2262
1296
7614
1485
3293
3869
8115
8313
1637
3617
2493
4604
7544
5892
8913
3737
5351
9219
842
7362
1018
8692
194
218
5903
8471
2622
9575
4918
7890
2305
257
8576
525
5533
4613
9105
5505
8106
2939
8406
2469
7351
1772
7905
9819
9749
6088
9081
5430
7922
5056
2431
5967
2459
6693
4379
5435
937
4191
2441
7348
7960
7315
6304
5914
6894
4239
8272
6840
4829
7275
4147
5530
6008
1001
913
7602
1072
2948
4159
8508
3040
2064
7400
669
2150
9730
6282
8825
5954
4884
2150
5081
4599
6020
774
1601
8940
2203
1680
1026
2702
7671
4290
3488
2535
8597
7174
4749
7273
9472
3830
441
9728
4098
6379
8258
4997
2025
1666
7102
9276
5302
8575
9564
4388
6601
4563
159
78
4818
3259
4953
3164
2336
5567
2338
2801
4826
6468
5611
4756
4061
9323
3415
8020
2075
7982
9292
9887
8057
4712
8370
5808
220
6997
5703
8045
9802
5288
9095
728
5020
6512
3110
7156
6800
6632
7896
9051
8997
4995
7756
5871
2277
7064
5170
8595
9362
749
3793
1567
2587
3858
449
5396
8246
193
9185
386
94
1556
8489
8563
5572
1144
485
5828
7942
6377
3
3461
2533
5623
9029
360
5797
1454
6578
1156
6244
6938
7061
819
8597
6596
9638
1665
8144
3531
6004
3914
7781
8639
7452
2299
4915
4587
8878
4248
3852
1557
2680
4379
6078
1310
6863
4483
2518
627
2180
9963
2740
997
925
3102
4793
6361
2397
4561
8608
1046
3896
8456
9522
1435
2659
4258
8783
466
2241
7150
8059
21
5643
7738
6392
5481
271
4745
7512
6514
9324
8461
8258
3855
9594
6073
3596
8117
6634
8208
5477
7577
2189
4160
7301
5881
8269
6433
5623
3549
8949
392
5836
8729
2353
9200
5495
4612
4983
7118
11
5596
6304
6840
9428
6044
1987
9900
7393
1035
9070
7369
8185
8491
2751
9881
7334
407
8499
4848
1628
8269
3119
3215
5182
2181
1323
1854
3177
2190
9518
8433
4068
266
7792
8099
1861
1016
7489
4570
2600
6583
681
4453
3842
3593
8419
8491
7585
9920
6823
9409
2138
7032
614
577
4499
8645
4937
5575
2912
5996
9122
502
2651
9638
5737
3933
9186
2317
2025
443
5197
8082
7639
7779
1797
6982
6638
6637
1924
2322
3759
7034
7572
1961
1710
9130
2032
7063
5370
6859
3520
8740
6881
7856
7066
7836
370
7768
3001
9144
841
2030
2718
2544
5132
2030
4970
2167
71
223
9895
3413
7755
5567
8021
5543
487
5462
3236
3461
7095
9662
4921
6450
5666
9779
385
1973
4364
9004
6075
7796
1700
931
1497
5980
7032
9380
2635
445
4082
6568
6646
5218
7986
5182
5055
5444
3936
5950
342
7866
3135
835
3466
6141
160
944
8611
2327
304
5171
7234
9111
3548
7676
5156
3459
597
1900
8368
7452
3839
4334
6159
2010
5638
2605
6249
1897
2694
5622
1041
7847
4514
525
6264
1556
53
3559
4104
6966
6339
8786
8342
3270
9443
1939
9257
1252
8148
4072
6266
7919
7473
1385
2017
6700
4176
9337
6717
9291
5891
8045
2829
668
9909
4268
2113
9832
7951
2174
4334
4486
9224
4739
4853
422
657
8752
6983
1999
7454
5450
9621
3141
8235
8093
7417
9892
1970
8894
6786
4702
4808
6905
6041
7669
2352
9386
5610
9224
486
6477
9793
666
9745
3969
5447
503
8750
4787
3581
7883
9895
2773
5576
8501
535
2549
9915
3712
7510
3195
6125
8029
1271
5982
2072
7127
7641
4244
4965
8264
1600
471
4305
2755
9708
5165
44
4878
5673
5487
487
1808
1585
7853
4445
7891
2476
1746
9083
6900
4935
9954
144
6635
4769
6326
1964
6438
8313
4853
522
5170
7039
6
8657
6415
7041
5636
3870
7797
3567
6579
5076
504
2334
103
8228
177
922
4917
1405
6433
8982
1021
6725
5602
1389
6589
4288
3069
4248
8142
2139
9775
836
6575
4498
3565
2901
5194
7542
5985
4253
4473
4506
4061
6421
9210
784
8423
9228
9568
2735
9845
929
668
7923
7230
698
7397
2126
4170
6126
5009
7716
7720
5685
9401
5595
5500
8823
6946
2971
4592
4186
9038
1316
7773
7198
4931
6011
3585
4280
3800
876
2448
8035
5017
4590
1046
6724
4096
192
761
5006
6500
3513
4531
9805
2807
5170
3402
8837
8324
1260
1956
4031
1402
3811
9191
4441
2206
5407
4283
5272
6800
9214
1222
2398
9735
1789
4751
524
2896
2153
5050
3081
5683
7376
5402
6398
2286
9809
7406
6258
3300
126
2851
6399
1352
2681
5787
5272
9401
1698
3337
1877
5939
6049
6864
1984
3105
2368
6062
816
776
9741
815
1285
6758
4887
1628
8425
9880
4413
9483
3789
3473
1556
7103
228
327
6726
6582
8848
1587
3079
1038
9038
4145
6155
9492
770
7988
4957
4686
4173
550
7019
7451
4982
1434
4743
8130
8763
6366
469
9150
4239
2552
3905
9966
9346
3993
6065
7009
7062
9059
194
1011
3273
9161
3169
6630
4474
858
3144
2693
7084
2017
1283
5767
5690
4691
5221
1751
6728
6018
9830
2796
9723
8633
7369
9897
9221
8984
1514
5680
1841
4589
7019
803
6697
157
6414
7532
1460
2334
2424
8385
1679
200
7663
440
1594
6452
3420
7602
7151
2632
378
8942
3663
4793
247
8043
7934
1706
377
7276
5057
4153
8260
1872
2187
811
6397
4771
2508
1087
1968
5615
7024
5674
5245
9080
8206
1588
3864
5836
2360
9736
1862
135
5181
7539
1789
7048
6994
8017
2958
1392
8784
8194
3401
2569
9837
4660
318
109
1794
6530
1985
9616
3729
1460
9585
28
8541
1381
4826
1706
483
988
2105
3290
6202
5911
9573
8292
2581
7510
1374
261
2331
1276
3189
6943
1342
7948
6461
6514
539
579
2558
1905
5865
8190
5787
3325
3661
5471
447
5383
3985
4627
5266
4700
978
7087
2530
1916
7909
5873
4458
5536
1259
9500
1191
8544
5034
1113
8460
2563
677
5236
6861
8978
8409
1062
5542
9963
2433
1469
1668
7719
7970
774
7337
6761
7457
279
9013
37
6048
2258
8811
1444
7824
8313
433
8560
4841
7525
7933
5414
2726
902
5453
1438
7332
1306
3557
1747
1840
4353
9514
4098
7822
5041
552
2120
5642
7389
1751
2037
6951
6925
2995
9216
5835
6565
1909
173
5180
8498
3067
8018
8100
3212
7798
9868
6706
6671
6254
1338
999
6574
4099
8117
377
683
452
9308
3570
7539
697
2346
1794
7489
5558
1800
9740
9857
7985
4488
3695
8800
8915
8489
2016
9480
5620
9218
1719
9686
8915
650
9920
6854
5044
6335
7646
8685
6105
9306
3937
2298
9697
2868
8546
6638
7467
3562
8935
2202
1900
8961
216
3823
9567
7899
9698
3575
6539
6672
4458
7233
4826
3231
6457
5058
7282
9187
786
504
7386
52
3437
5471
3316
5035
8590
6764
5913
7567
4491
857
7683
1644
8278
8605
2403
7441
9232
8124
9377
7595
1862
8160
5591
4386
8090
3303
1167
9682
4233
8903
1920
7472
1313
3517
1691
8461
8165
8938
1271
4239
6949
7500
9687
8914
1833
1895
8311
3144
7075
8182
9024
9218
6991
4467
4690
4373
4264
4360
7923
8502
255
288
3614
928
6438
446
8993
7824
9790
83
7365
5732
1479
7770
9624
9214
9785
4181
1282
8360
1205
9836
3648
5620
105
549
7981
608
828
7698
3724
8130
4302
3793
5469
4168
6868
1468
5681
8282
6465
805
3464
3230
2137
6293
5631
9926
7078
3854
30
3170
9242
3882
1892
1806
1311
4827
2432
1895
1753
3523
7071
8122
5348
3854
9553
2795
6056
187
7175
6344
6053
1789
1897
4975
9144
1219
5236
8033
3617
6598
8997
1884
3395
3128
7736
3760
4127
834
7209
1474
9275
2757
6749
4363
8209
4778
6381
4592
2059
237
1349
5549
3411
4291
6945
200
6928
482
2478
5690
8204
7042
6304
3429
177
1787
191
2408
5367
9381
8183
1899
2803
487
9485
3108
2394
6279
467
8182
6331
1628
6096
4756
5876
4658
4558
7574
4298
8672
7575
9223
4056
5238
3695
5103
8116
883
1622
1847
8514
4342
94
2560
7630
4343
7487
2408
7860
5047
2370
8974
1458
6164
593
5678
1631
5228
407
6607
8672
7196
5006
9849
5396
8033
143
5965
2238
3010
2875
5174
1771
4846
9115
5384
7501
3911
6796
4296
4346
9002
4353
5525
4749
5999
7220
2517
6237
8193
9554
774
533
5789
6334
9486
7515
4572
8020
39
9750
8204
7663
1464
5057
7815
1863
9257
9983
4306
1894
1237
4163
8105
1385
5728
2801
3971
2408
771
1129
4427
8108
6189
1585
2346
3875
7622
2955
8095
2942
7437
4779
5758
7917
8524
6362
2347
1963
3817
8559
1455
9186
4883
5641
4398
5964
71
9646
4509
4154
7905
3582
6679
1858
2118
217
1188
3915
5609
2671
3762
6547
2309
878
3998
2161
6137
3556
2979
5572
8415
733
1969
9171
1533
350
6083
3482
4557
9859
7271
9274
1136
2570
6473
7689
1754
4735
2651
1762
3974
104
7882
8753
2232
3658
7010
350
1107
6047
4358
9334
6197
7941
3762
6132
4684
390
3695
2148
423
6709
773
4249
5414
9266
3324
4162
5415
4865
1400
4415
701
8673
7714
7188
7638
6319
9518
1237
5403
7974
2989
6663
4573
3475
978
5795
9753
9444
9545
8380
818
5722
5935
4763
5846
1066
2775
2524
620
4793
7149
4805
8353
6980
4875
5650
9623
6741
6599
8727
7580
8545
1803
1781
8170
4566
7645
4140
7035
8037
5616
8275
3557
3699
9399
805
6907
4183
943
5512
5522
9398
3594
274
5886
4336
6282
7433
9867
5653
6143
8394
7730
5971
911
2473
3347
4943
8293
33
1733
2048
9424
3866
532
2170
197
4498
2257
8787
389
5
2731
8964
3550
4046
7333
5462
6030
7179
4675
4346
4311
2473
3576
8149
1025
8222
7061
1417
5720
2019
9136
8296
3011
394
4243
2389
5935
8884
314
6106
9329
9785
2663
4936
6742
5925
9429
6882
7496
8780
4075
1470
4615
3399
4476
6377
5650
2246
4035
2788
3822
7302
4176
8030
2253
2584
3025
8559
2042
5742
6648
3821
194
7162
2724
7816
5288
468
4292
5735
559
4018
5351
4604
4476
1960
7637
23
188
2457
9003
6270
8915
5707
4039
7310
9624
9398
7741
2528
731
8630
2599
4243
7129
1847
9236
244
8036
3710
3279
2978
3830
8666
9575
2010
4486
501
5058
3428
6572
8107
3710
7817
1120
2477
9
7640
1321
8326
1240
9682
6725
8499
6272
185
2652
1870
6814
4563
6948
2736
4728
3334
2149
2802
6785
2379
6764
8028
1298
2808
4932
5255
7172
2958
8896
621
1597
2856
7108
8128
1820
2714
5792
1006
5539
8994
7418
3536
908
4246
1659
1127
9617
2423
721
5225
2934
2052
39
8059
9062
9196
4461
6941
7185
7632
5059
7888
357
3922
9698
8951
7118
7335
5284
5730
627
5491
7980
2467
8594
431
6213
1450
9991
3538
6071
8466
6628
7695
4270
6822
1316
3441
5560
3085
4320
7845
8412
8549
1389
878
2652
5282
3519
1212
5122
1359
5293
6534
3548
5353
9727
9915
9764
9197
2037
3763
9038
699
7203
393
8700
4426
372
7211
6624
3617
4157
5747
917
3354
5079
9887
7008
5218
5904
4395
1420
1455
2762
5865
2908
125
3587
7177
2973
8945
9494
5114
1845
5967
3158
958
3081
4011
452
6437
8441
968
8939
7854
6873
1178
9879
2829
777
6264
518
8634
4549
3767
5135
3642
8007
8594
9204
8616
6387
5996
6563
4241
6928
6807
8166
6692
3611
1293
7076
5133
2207
5590
1866
1195
6879
2119
1775
1884
9982
2414
4339
8297
537
5372
3507
1700
439
9619
6744
5290
6209
5882
9158
1723
7214
5768
7873
2644
4398
2835
7136
3740
5536
4421
1574
4263
2964
2664
5958
4722
5102
4866
7809
343
8666
3137
4514
1479
5209
1406
609
2109
9190
6619
1464
9753
3027
8397
9308
8323
1849
573
6265
3455
5577
2413
4292
2844
4076
3669
7864
6437
4004
5360
5574
2107
8243
3827
6273
849
8081
5029
6617
5400
7372
2419
8004
4862
5466
5686
4038
4292
459
7505
924
6918
4640
1841
7866
7727
7981
9953
1073
9214
7173
3431
1313
6188
4487
1524
113
9587
5085
6765
3771
5450
6776
3859
1064
5871
9415
2837
177
6275
7918
4908
5725
9530
5353
6510
717
6991
8857
6779
5235
6526
4474
1178
8072
2772
248
3912
2858
7252
9126
9648
1384
1480
7127
9724
2838
6777
3274
1684
8397
574
6409
3587
2921
3096
1060
5901
5912
845
1647
1880
2668
539
5667
5556
6865
9521
564
753
655
6137
1346
722
926
7528
7080
2635
7238
2173
1022
837
2806
7432
9833
6086
5417
5126
3904
5935
8582
1852
1064
2237
5339
7002
4984
2810
2525
3305
7468
2605
355
9046
3011
4697
6266
9386
1631
4481
1843
6644
460
5531
4019
28
4263
5101
7348
6395
752
9838
7727
7724
3446
9844
7323
8644
4121
9059
9928
1225
1779
2999
1479
5261
6039
1853
1673
6518
347
3481
4056
5599
5797
6192
1393
112
2385
4431
2982
1535
5055
7928
2967
5042
4064
4020
9027
3958
2366
1892
9695
9531
674
906
6105
7485
2116
7028
621
6498
7925
2698
9465
1035
3605
4456
5973
6175
8097
2046
9091
494
1755
8342
8249
7929
8972
6581
11
3035
4200
8732
6014
8825
8169
3415
6060
2208
3536
7903
9465
7078
9525
9537
2854
5939
940
3137
2926
2469
3827
7158
5833
1748
7277
8216
6424
9432
6636
5727
5021
2976
8118
7003
4129
1493
3335
8878
1848
8197
9243
5238
1755
3943
5327
8344
8215
6526
2697
9111
8572
5330
1509
9277
7570
1246
4975
5235
1696
9796
697
9085
9902
8528
2595
5935
563
9186
2852
6577
2272
6710
2474
2909
2911
54
4649
5908
2902
220
1276
2728
8197
1711
3969
5657
2823
9450
5377
1949
5736
183
8401
7787
7065
4358
3450
7479
5434
7647
9782
3868
2286
5534
1134
4161
4848
8921
293
3239
1322
4087
3398
6491
6578
9469
353
6836
9821
5641
6493
4962
7411
2727
9164
6406
5860
8232
177
7630
7236
7825
6629
1471
768
8757
8809
5463
5044
4199
4730
1867
504
8654
544
5159
3843
9449
7795
5788
9363
1097
6301
4368
8282
364
5796
3032
4973
2523
8760
3932
2082
497
2381
2629
1637
1876
3499
7167
8751
4704
7363
4207
8370
7381
2842
1166
344
3291
4445
8361
1431
5534
5903
9233
9557
2117
5214
9850
279
8727
691
8284
7222
267
3622
7055
9165
3325
5783
3528
4463
3733
4908
1607
2947
4114
1736
6660
3553
3195
3605
5322
3412
3701
8755
4427
9869
689
736
3858
220
6390
3561
9321
2661
7083
9020
5761
9582
4780
1189
5816
2616
7776
528
9326
8625
8566
4314
7316
61
884
9026
6895
6775
9201
1200
4527
2964
4869
9942
5454
5358
786
6040
3118
5608
5457
8347
9388
1555
41
6613
4371
4839
7244
7886
91
1569
7535
590
6025
3117
8482
4740
6312
4549
4029
1469
4063
444
1318
1941
7307
9314
2808
9678
608
7817
9891
9516
9501
9587
8491
7378
8246
8749
5385
8537
5750
61
1970
5465
3776
2345
3587
4324
9786
3667
1495
9521
2224
410
4913
4294
3898
4514
5763
5717
7170
7512
7484
6806
9958
1106
8035
6102
1979
824
8615
8260
631
5473
3892
4135
6504
6691
1218
4885
9469
2456
6098
1656
1695
5065
1668
4597
5138
7031
2962
3136
1235
5352
1363
717
3748
7102
2985
218
6986
4814
9232
679
7158
877
5314
317
2709
3111
9588
8979
7060
347
1715
1654
5721
6354
5245
2680
9236
76
1354
8129
3661
6348
4239
5768
1857
2800
2407
9607
3873
196
5860
3544
2666
6256
1778
8286
9850
2477
9114
5375
8903
4679
9465
5159
196
6279
3296
4039
1318
9775
20
7320
582
2205
977
4316
5114
1122
6691
4734
4885
2282
5784
5289
7483
8975
6389
7938
7731
2584
8799
9492
1403
6815
8895
8451
2009
4617
7293
8628
567
722
40
4037
4164
60
3758
7380
2408
6578
8268
3510
4213
1191
258
3933
6666
4294
8840
2365
1917
1418
545
6028
5803
2297
7704
1360
1895
9275
4688
8752
2608
209
5286
7101
1871
8632
695
3086
5325
969
7823
103
9414
3963
7458
3170
8779
6769
7920
7049
4406
2522
8957
5422
9216
281
500
2306
6574
6386
9909
4018
7950
1676
1174
8590
8632
2749
5705
5044
8409
919
7822
7871
3504
5646
7919
3139
3372
4170
843
7823
4130
988
4895
6083
4573
9421
3355
334
7016
6157
4236
6973
8615
6614
4929
8944
4355
1926
3440
785
991
5926
4788
9533
6347
1841
9125
1235
1696
888
97
6082
2224
706
8281
9371
8570
9386
3728
4979
2409
9264
7263
1462
2766
1311
8251
4923
6025
3516
2096
2130
8753
9420
9315
8079
4653
5376
3665
5252
2965
4569
5811
8572
1644
9375
9116
3331
4254
4337
4158
9040
740
109
587
1607
3980
2840
9285
9674
9209
456
768
2969
9000
1413
2855
1893
7487
3071
5076
7985
5179
8534
966
1794
749
1389
5059
99
4634
8758
1896
7669
2075
703
184
1341
0
9415
6062
7435
5110
2814
8083
2521
231
1553
5187
2728
8909
6798
1470
6320
3414
1133
5708
4429
4016
8781
199
8113
617
1506
381
512
298
9424
5016
7287
2252
9864
1543
1802
4961
8904
5242
3987
5905
2513
145
4180
6336
1036
8071
4448
6481
3179
8889
1386
8326
5574
7992
1557
8340
6638
1360
4318
6297
7921
7861
7127
3896
7481
4166
9933
814
9279
6426
4334
7251
4248
9677
4604
8419
1335
6418
7149
4777
1242
4560
4379
3365
6549
8746
718
1735
2659
4532
968
8856
2530
7863
2590
2841
4461
5315
8696
9301
789
3748
2010
8289
8826
5108
9580
4347
5952
3931
9022
599
5271
4211
1171
8120
9637
6804
3651
8902
4110
2118
2181
9300
5597
8392
1111
8385
8323
8568
2349
9909
4585
827
8684
7420
5075
4863
7069
4427
404
9694
8004
4307
1390
984
2157
5842
1511
7594
7730
6507
8675
4033
5952
9227
6121
8582
3565
2097
9448
1235
7364
5169
7781
8402
8973
6151
9300
3429
822
4169
2794
3195
3163
6634
5398
8394
40
6626
9150
8559
5019
1687
5385
9125
7653
2546
1928
7987
9603
1483
877
1349
5963
1175
6670
5024
6014
3166
9651
8588
9894
9480
6484
3496
6301
5896
4704
2305
8048
989
212
8882
3762
4055
3256
7754
1872
6971
8751
4396
5339
5454
1542
3524
7273
7057
8957
4074
3214
7236
6346
1132
2366
7490
7058
3937
1096
6131
799
9041
2217
2248
6500
7365
3897
883
6473
6116
3552
4702
6848
9818
7341
8561
5988
1757
9763
7812
2484
5263
4259
7094
8597
3583
6618
7973
1612
4624
307
7976
5192
952
7761
9190
3508
2572
3392
8623
8959
9882
107
2263
4832
4819
2208
2417
4072
374
2846
4444
9832
1772
4134
4059
1437
5645
3636
5464
9320
7800
8182
8367
4479
8452
6853
5410
3579
2608
9958
8780
9440
5003
651
2550
6304
5623
3862
8256
4806
5559
5374
7445
3554
379
5250
3183
4243
5167
472
7126
3697
2257
2829
919
7639
3040
7594
8449
9788
3110
251
6378
2991
6353
8012
5404
9612
1898
1308
4467
1609
176
3542
3679
3285
5150
3740
5235
7872
9983
9116
456
9236
1822
9002
4951
3721
4633
4000
3578
2295
6196
6235
7898
3131
905
8608
5608
2494
778
5412
9878
6428
3062
5183
6990
2136
599
8803
392
5736
854
4882
9391
4063
8035
3748
3081
6399
6281
6022
6881
8475
5918
4026
9807
4697
7516
7055
7447
2883
2549
5830
4504
6262
5253
8725
1831
3229
7625
9080
1929
9827
1198
3774
8837
2234
2612
9373
1525
1492
2265
7819
249
3262
3252
8991
3369
6563
9382
3873
9050
4667
4102
2243
1892
3431
4118
9857
6903
7382
6370
783
3318
8533
2975
9310
5494
8043
8280
3413
4394
1758
9135
5018
5216
1346
6489
7587
6946
6967
4907
1668
2375
6995
6240
5844
2743
4927
9378
3609
7413
8827
9778
4322
6652
5496
8983
8732
1907
2897
549
2250
8044
9325
9590
6282
1317
3129
5660
9132
3033
7912
1417
5231
7560
8061
9701
3997
6980
8019
4183
9116
6392
3115
7034
1091
9625
4782
1553
5520
1532
3111
5705
3229
2072
3398
7137
9288
2160
2193
7691
6716
9513
4958
9990
8736
2389
8557
1014
8609
4185
3270
192
5623
5006
8093
1712
9526
4908
6376
1677
4464
2666
2679
6985
